p:4000,20000,6000,600,8000,4000,2000,8000,70
16241,packet,1,0,0,1,55,8000
16279,event,0,0
16293,action,0,0
16782,packet,0,0,1,1
16824,packetAck,1
20806,event,2,1
20820,action,1,1
24362,packet,1,0,0,1,55,8000
24400,event,0,0
24415,action,0,0
24687,packet,0,0,1,1
24729,packetAck,1
28711,event,2,1
28726,action,1,1
29083,packet,1,0,0,1,54,8000
29121,event,0,0
29136,action,0,0
29329,packet,0,0,1,1
29371,packetAck,1
29904,packet,1,0,2,5,54,8000
29920,event,3,1
29934,action,2,1
30316,packet,1,0,2,5,54,8000
30335,event,1,2
30388,packet,1,0,2,5,54,8000
30403,event,1,2
34642,packet,1,0,2,5,54,8000
34658,event,1,2
38714,packet,1,0,2,5,54,8000
38730,event,1,2
42784,packet,1,0,2,5,54,8000
42800,event,1,2
46856,packet,1,0,2,5,54,8000
46872,event,1,2
50923,packet,1,0,2,5,54,8000
50940,event,1,2
54997,packet,1,0,2,5,54,8000
55012,event,1,2
63012,event,4,2
63026,action,1,2
73886,packet,1,0,0,1,56,8000
73924,event,0,0
73938,action,0,0
74122,packet,0,0,1,1
74164,packetAck,1
78145,event,2,1
78163,action,1,1
78460,packet,1,0,0,1,56,8000
78498,event,0,0
78513,action,0,0
78656,packet,0,0,1,1
78698,packetAck,1
79038,packet,1,0,2,5,56,8000
79054,event,3,1
79068,action,2,1
81097,event,4,2
81122,action,1,2
83143,packet,1,0,0,1,56,8000
83181,event,0,0
83195,action,0,0
83379,packet,0,0,1,1
83421,packetAck,1
87404,event,2,1
87418,action,1,1
87804,packet,1,0,0,1,57,8000
87842,event,0,0
87856,action,0,0
88346,packet,0,0,1,1
88388,packetAck,1
92360,event,2,1
92386,action,1,1
92660,packet,1,0,0,1,56,8000
92698,event,0,0
92712,action,0,0
92854,packet,0,0,1,1
92897,packetAck,1
96889,event,2,1
96903,action,1,1
100998,packet,1,0,0,1,56,8000
101035,event,0,0
101051,action,0,0
101382,packet,0,0,1,1
101425,packetAck,1
105428,event,2,1
105443,action,1,1
105655,packet,1,0,0,1,56,8000
105693,event,0,0
105707,action,0,0
105810,packet,0,0,1,1
105670,packetAck,1
109832,event,2,1
109846,action,1,1
110354,packet,1,0,0,1,56,8000
110403,event,0,0
110417,action,0,0
110465,packet,0,0,1,1
110511,packetAck,1
111058,packet,1,0,2,5,55,8000
111074,event,3,1
111088,action,2,1
113118,event,4,2
113132,action,1,2
127320,packet,1,0,0,1,85,8000
186683,packet,1,0,0,1,60,8000
186721,event,0,0
186735,action,0,0
187030,packet,0,0,1,1
187077,packetAck,1
191057,event,2,1
191082,action,1,1
191449,packet,1,0,0,1,60,8000
191487,event,0,0
191501,action,0,0
191860,packet,0,0,1,1
191901,packetAck,1
195883,event,2,1
195912,action,1,1
196306,packet,1,0,0,1,60,8000
196344,event,0,0
196362,action,0,0
196769,packet,0,0,1,1
196810,packetAck,1
197211,packet,1,0,2,5,59,8000
197226,event,3,1
197241,action,2,1
199254,event,4,2
199268,action,1,2
201311,packet,1,0,0,1,59,8000
201349,event,0,0
201363,action,0,0
201437,packet,0,0,1,1
201491,packetAck,1
205477,event,2,1
205491,action,1,1
243470,packet,1,0,0,1,66,8000
243508,event,0,0
243522,action,0,0
243997,packet,0,0,1,1
244040,packetAck,1
248022,event,2,1
248037,action,1,1
300235,packet,1,0,0,1,51,8000
300273,event,0,0
300292,action,0,0
300440,packet,0,0,1,1
300482,packetAck,1
300816,packet,1,0,2,5,54,8000
300831,event,3,1
300846,action,2,1
302861,event,4,2
302876,action,1,2
305103,packet,1,0,0,1,52,8000
305141,event,0,0
305155,action,0,0
305616,packet,0,0,1,1
305658,packetAck,1
309655,event,2,1
309669,action,1,1
310032,packet,1,0,0,1,52,8000
310070,event,0,0
310084,action,0,0
310430,packet,0,0,1,1
310473,packetAck,1
314447,event,2,1
314462,action,1,1
314611,packet,1,0,0,1,52,8000
314649,event,0,0
314668,action,0,0
314961,packet,0,0,1,1
315003,packetAck,1
319011,event,2,1
319026,action,1,1
358990,packet,1,0,0,1,52,8000
359056,event,0,0
359071,action,0,0
359584,packet,0,0,1,1
359626,packetAck,1
363605,event,2,1
363618,action,1,1
363673,packet,1,0,0,1,51,8000
363710,event,0,0
363724,action,0,0
364039,packet,0,0,1,1
363968,packetAck,1
368061,event,2,1
368074,action,1,1
416779,packet,1,0,0,1,60,8000
416816,event,0,0
416830,action,0,0
417010,packet,0,0,1,1
417057,packetAck,1
421048,event,2,1
421062,action,1,1
421548,packet,1,0,0,1,61,8000
421585,event,0,0
421599,action,0,0
421932,packet,0,0,1,1
421974,packetAck,1
425969,event,2,1
425983,action,1,1
429687,packet,1,0,0,1,64,8000
429724,event,0,0
429738,action,0,0
429843,packet,0,0,1,1
429885,packetAck,1
430239,packet,1,0,2,5,63,8000
430271,event,3,1
430286,action,2,1
430344,packet,1,0,2,5,63,8000
430359,event,1,2
430415,packet,1,0,2,5,63,8000
430430,event,1,2
438426,event,4,2
438451,action,1,2
442421,packet,1,0,0,1,56,8000
442463,event,0,0
442479,action,0,0
442508,packet,0,0,1,1
442559,packetAck,1
446541,event,2,1
446555,action,1,1
450544,packet,1,0,0,1,54,8000
450582,event,0,0
450597,action,0,0
450861,packet,0,0,1,1
450904,packetAck,1
451444,packet,1,0,2,5,55,8000
451459,event,3,1
451474,action,2,1
453521,event,4,2
453535,action,1,2
455544,packet,1,0,0,1,55,8000
455582,event,0,0
455597,action,0,0
455803,packet,0,0,1,1
455845,packetAck,1
459828,event,2,1
459842,action,1,1
472337,packet,1,0,0,1,50,8000
472379,event,0,0
472394,action,0,0
472820,packet,0,0,1,1
472347,packetAck,1
476831,event,2,1
476846,action,1,1
476890,packet,1,0,0,1,49,8000
476928,event,0,0
476943,action,0,0
477389,packet,0,0,1,1
477431,packetAck,1
477774,packet,1,0,2,5,50,8000
477807,event,3,1
477823,action,2,1
479837,event,4,2
479851,action,1,2
481885,packet,1,0,0,1,49,8000
481923,event,0,0
481938,action,0,0
482320,packet,0,0,1,1
482363,packetAck,1
486354,event,2,1
486379,action,1,1
490012,packet,1,0,0,1,49,8000
490066,event,0,0
490080,action,0,0
490278,packet,0,0,1,1
490321,packetAck,1
494308,event,2,1
494322,action,1,1
534072,packet,1,0,0,1,48,8000
534110,event,0,0
534125,action,0,0
534420,packet,0,0,1,1
534463,packetAck,1
534808,packet,1,0,2,5,49,8000
534824,event,3,1
534839,action,2,1
535227,packet,1,0,2,5,49,8000
535242,event,1,2
535296,packet,1,0,2,5,49,8000
535313,event,1,2
539371,packet,1,0,2,5,48,8000
539387,event,1,2
543435,packet,1,0,2,5,48,8000
543451,event,1,2
547514,packet,1,0,2,5,48,8000
547546,event,1,2
551586,packet,1,0,2,5,48,8000
551603,event,1,2
555658,packet,1,0,2,5,48,8000
555673,event,1,2
559728,packet,1,0,2,5,48,8000
559744,event,1,2
563800,packet,1,0,2,5,48,8000
563815,event,1,2
568059,packet,1,0,2,5,48,8000
568075,event,1,2
572132,packet,1,0,2,5,49,8000
572148,event,1,2
580153,event,4,2
580168,action,1,2
