DELAY_PING:6000 RSSI_THRESHOLD:50
20089,0,0
20189,0,0
20289,0,0
20389,0,0
20489,0,0
20589,0,0
20689,0,0
20789,0,0
20889,0,0
20989,0,0
21089,0,0
21189,0,0
21289,0,0
21389,0,0
21489,0,0
21589,0,0
21689,0,0
21789,0,0
21889,0,0
21989,0,0
22088,0,0
22188,0,0
22288,0,0
22388,0,0
22488,0,0
22588,0,0
22688,0,0
22788,0,0
22888,0,0
22988,0,0
23088,0,0
23188,0,0
23288,0,0
23388,0,0
23488,0,0
23588,0,0
23688,0,0
23788,0,0
23888,0,0
23988,0,0
24233,0,0
24133,0,0
24233,0,0
24333,0,0
24433,0,0
24533,0,0
24633,0,0
24733,0,0
24833,0,0
24933,0,0
25033,0,0
25133,0,0
25233,0,0
25333,0,0
25433,0,0
25533,0,0
25633,0,0
25733,0,0
25833,0,0
26132,0,0
26232,0,0
26332,0,0
26432,0,0
26532,0,0
26632,0,0
26732,0,0
26832,0,0
26932,0,0
27032,0,0
27132,0,0
27232,0,0
27333,0,0
27433,0,0
27533,0,0
27633,0,0
27733,0,0
27833,0,0
27933,0,0
28033,0,0
28132,0,0
28232,0,0
28332,0,0
28432,0,0
28532,0,0
28632,0,0
28732,0,0
28832,0,0
28932,0,0
29032,0,0
29132,0,0
29232,0,0
29332,0,0
29432,0,0
29532,0,0
29632,0,0
29732,0,0
29832,0,0
29932,0,0
30235,0,0
30133,0,0
30233,0,0
30333,0,0
30433,0,0
30533,0,0
30633,0,0
30733,0,0
30833,0,0
30933,0,0
31033,0,0
31133,0,0
31233,0,0
31333,0,0
31433,0,0
31533,0,0
31633,0,0
31733,0,0
31833,0,0
32131,0,0
32231,0,0
32331,0,0
32431,0,0
32531,0,0
32631,0,0
32731,0,0
32832,0,0
32932,0,0
33032,0,0
33132,0,0
33232,0,0
33332,0,0
33432,0,0
33532,0,0
33632,0,0
33732,0,0
33832,0,0
33932,0,0
34032,0,0
34129,0,0
34229,0,0
34329,0,0
34429,0,0
34529,0,0
34629,0,0
34729,0,0
34829,0,0
34929,0,0
35029,0,0
35129,0,0
35229,0,0
35329,0,0
35429,0,0
35529,0,0
35629,0,0
35730,0,0
35830,0,0
35930,0,0
36231,0,0
36132,0,0
36232,0,0
36332,0,0
36432,0,0
36532,0,0
36632,0,0
36732,0,0
36832,0,0
36932,0,0
37032,0,0
37132,0,0
37232,0,0
37332,0,0
37432,0,0
37532,0,0
37632,0,0
37732,0,0
37832,0,0
38131,0,0
38231,0,0
38331,0,0
38431,0,0
38531,0,0
38631,0,0
38731,0,0
38831,0,0
38931,0,0
39031,0,0
39131,0,0
39231,0,0
39331,0,0
39431,0,0
39531,0,0
39631,0,0
39731,0,0
39831,0,0
39931,0,0
40031,0,0
40130,0,0
40230,0,0
40330,0,0
40430,0,0
40530,0,0
40630,0,0
40730,0,0
40830,0,0
40930,0,0
41030,0,0
41130,0,0
41230,0,0
41330,0,0
41430,0,0
41530,0,0
41630,0,0
41730,0,0
41830,0,0
41930,0,0
42232,0,0
42046,0,0
42146,0,0
42246,0,0
42346,0,0
42446,0,0
42546,0,0
42646,0,0
42746,0,0
42846,0,0
42946,0,0
43046,0,0
43146,0,0
43247,0,0
43347,0,0
43447,0,0
43547,0,0
43647,0,0
43747,0,0
44132,0,0
44232,0,0
44332,0,0
44432,0,0
44532,0,0
44632,0,0
44732,0,0
44832,0,0
44932,0,0
45032,0,0
45132,0,0
45232,0,0
45332,0,0
45432,0,0
45532,0,0
45632,0,0
45732,0,0
45832,0,0
45932,0,0
46032,0,0
46133,0,0
46233,0,0
46333,0,0
46434,0,0
46534,0,0
46634,0,0
46734,0,0
46834,0,0
46934,0,0
47034,0,0
47134,0,0
47234,0,0
47334,0,0
47434,0,0
47534,0,0
47634,0,0
47734,0,0
47834,0,0
47934,0,0
48232,0,0
48133,0,0
48233,0,0
48333,0,0
48433,0,0
48533,0,0
48633,0,0
48733,0,0
48833,0,0
48933,0,0
49033,0,0
49133,0,0
49233,0,0
49333,0,0
49433,0,0
49533,0,0
49633,0,0
49734,0,0
49834,0,0
50130,0,0
50230,0,0
50330,0,0
50430,0,0
50530,0,0
50630,0,0
50730,0,0
50830,0,0
50930,0,0
51030,0,0
51130,0,0
51230,0,0
51330,0,0
51430,0,0
51530,0,0
51630,0,0
51730,0,0
51830,0,0
51930,0,0
52030,0,0
52131,0,0
52231,0,0
52331,0,0
52431,0,0
52531,0,0
52631,0,0
52731,0,0
52832,0,0
52932,0,0
53032,0,0
53132,0,0
53232,0,0
53332,0,0
53432,0,0
53532,0,0
53632,0,0
53732,0,0
53832,0,0
53932,0,0
54032,0,0
54252,0,0
54141,0,0
54241,0,0
54341,0,0
54441,0,0
54541,0,0
54641,0,0
54741,0,0
54841,0,0
54941,0,0
55041,0,0
55141,0,0
55241,0,0
55341,0,0
55441,0,0
55541,0,0
55641,0,0
55741,0,0
55841,0,0
56141,0,0
56241,0,0
56341,0,0
56441,0,0
56541,0,0
56641,0,0
56741,0,0
56841,0,0
56941,0,0
57041,0,0
57141,0,0
57241,0,0
57341,0,0
57441,0,0
57541,0,0
57641,0,0
57741,0,0
57841,0,0
57941,0,0
58041,0,0
58054,0,0
58259,0,0
58472,0,0
58676,0,0
58882,0,0
59087,0,0
59302,0,0
59507,0,0
59712,0,0
60123,0,0
60058,0,0
60263,0,0
60468,0,0
60672,0,0
60877,0,0
61082,0,0
61287,0,0
61493,0,0
62058,0,0
62264,0,0
62470,0,0
62684,0,0
62888,0,0
63093,0,0
63298,0,0
63513,0,0
63716,0,0
63921,0,0
64058,0,0
64263,0,0
64468,0,0
64672,0,0
64877,0,0
65082,0,0
65287,0,0
65492,0,0
65696,0,0
66109,0,0
66059,0,0
66264,0,0
66477,0,0
66681,0,0
66887,0,0
67092,0,0
67306,0,0
67511,0,0
68058,0,0
68263,0,0
68468,0,0
68673,0,0
68879,0,0
69084,0,0
69290,0,0
69495,0,0
69700,0,0
70059,0,0
70265,0,0
70471,0,0
70677,0,0
70891,0,0
71096,0,0
71301,0,0
71507,0,0
71713,0,0
71927,0,0
72341,0,0
72059,0,0
72265,0,0
72471,0,0
72676,0,0
72882,0,0
73088,0,0
73292,0,0
73498,0,0
74059,0,0
74265,0,0
74471,0,0
74676,0,0
74890,0,0
75096,0,0
75301,0,0
75506,0,0
75712,0,0
76059,0,0
76265,0,0
76469,0,0
76675,0,0
76880,0,0
77086,0,0
77291,0,0
77496,0,0
77701,0,0
77907,0,0
78413,0,0
78059,0,0
78264,0,0
78469,0,0
78682,0,0
78888,0,0
79093,0,0
79299,0,0
79505,0,0
79719,0,0
79925,0,0
80130,0,0
80336,0,0
80541,0,0
80747,0,0
80952,0,0
81157,0,0
81363,0,0
81568,0,0
81774,0,0
81980,0,0
82186,0,0
82391,0,0
82596,0,0
82810,0,0
83016,0,0
83222,0,0
83427,0,0
83632,0,0
83846,0,0
84052,0,0
84257,0,0
84463,0,0
84668,0,0
84874,0,0
85079,0,0
85284,0,0
85490,0,0
85695,0,0
85901,0,0
86106,0,0
86312,0,0
86518,0,0
86724,0,0
86938,0,0
87143,0,0
87442,0,0
87648,0,0
87852,0,0
88067,0,0
88273,0,0
88479,0,0
88684,0,0
88890,0,0
89095,0,0
89301,0,0
89506,0,0
89712,0,0
89917,0,0
90123,0,0
90329,0,0
90535,0,0
90740,0,0
90946,0,0
91160,0,0
91365,0,0
91570,0,0
91775,0,0
91981,0,0
92195,0,0
92401,0,0
92606,0,0
92812,0,0
93017,0,0
93223,0,0
93428,0,0
93634,0,0
93840,0,0
94044,0,0
94250,0,0
94456,0,0
94662,0,0
94868,0,0
95073,0,0
95287,0,0
95492,0,0
95698,0,0
95903,0,0
96109,0,0
96324,0,0
96529,0,0
96734,0,0
96939,0,0
97239,0,0
97445,0,0
97650,0,0
97856,0,0
98061,0,0
98266,0,0
98472,0,0
98677,0,0
98883,0,0
99088,0,0
99293,0,0
99507,0,0
99712,0,0
99918,0,0
100124,0,0
100338,0,0
101076,0,0
101282,0,0
101486,0,0
101692,0,0
101898,0,0
102104,0,0
102309,0,0
102514,0,0
102720,0,0
102925,0,0
103338,0,0
103078,0,0
103283,0,0
103489,0,0
103703,0,0
103909,0,0
104114,0,0
104320,0,0
104535,0,0
105079,0,0
105283,0,0
105489,0,0
105694,0,0
105900,0,0
106106,0,0
106310,0,0
106516,0,0
106722,0,0
107078,0,0
107283,0,0
107489,0,0
107695,0,0
107899,0,0
108113,0,0
108318,0,0
108524,0,0
108730,0,0
108935,0,0
109357,0,0
109079,0,0
109285,0,0
109490,0,0
109696,0,0
109902,0,0
110106,0,0
110312,0,0
111079,0,0
111284,0,0
111491,0,0
111697,0,0
111902,0,0
112108,0,0
112321,0,0
112527,0,0
112733,0,0
112939,0,0
113081,0,0
113295,0,0
113500,0,0
113706,0,0
113911,0,0
114117,0,0
114323,0,0
114528,0,0
114733,0,0
114939,0,0
115352,0,0
115079,0,0
115284,0,0
115490,0,0
115790,0,0
116003,0,0
116209,0,0
116415,0,0
117080,0,0
117285,0,0
117500,0,0
117704,0,0
117910,0,0
118116,0,0
118321,0,0
118527,0,0
118732,0,0
118937,0,0
119079,0,0
119285,0,0
119491,0,0
119696,0,0
119901,0,0
120107,0,0
120313,0,0
120527,0,0
120733,0,0
121146,0,0
121079,0,0
121294,0,0
121500,0,0
121705,0,0
121911,0,0
122117,0,0
122321,0,0
122527,0,0
123079,0,0
123284,0,0
123490,0,0
123696,0,0
123901,0,0
124106,0,0
124312,0,0
124519,0,0
124733,0,0
124938,0,0
125079,0,0
125378,0,0
125584,0,0
125799,0,0
126004,0,0
126210,0,0
126415,0,0
126621,0,0
126825,0,0
127237,0,0
127079,0,0
127285,0,0
127489,0,0
127696,0,0
127902,0,0
128108,0,0
128314,0,0
128528,0,0
129079,0,0
129283,0,0
129489,0,0
129694,0,0
129909,0,0
130115,0,0
130320,0,0
130526,0,0
130731,0,0
131079,0,0
131285,0,0
131491,0,0
131696,0,0
131901,0,0
132107,0,0
132312,0,0
132519,0,0
132725,0,0
132930,0,0
133445,0,0
133079,0,0
133284,0,0
133499,0,0
133705,0,0
133911,0,0
134116,0,0
134416,0,0
135079,0,0
135284,0,0
135489,0,0
135695,0,0
135900,0,0
136106,0,0
136310,0,0
136516,0,0
136722,0,0
136927,0,0
137079,0,0
137285,0,0
137491,0,0
137695,0,0
137901,0,0
138115,0,0
138321,0,0
138526,0,0
138732,0,0
139144,0,0
139089,0,0
139295,0,0
139500,0,0
139706,0,0
139911,0,0
140117,0,0
140323,0,0
140529,0,0
141089,0,0
141303,0,0
141509,0,0
141714,0,0
141919,0,0
142124,0,0
142339,0,0
142545,0,0
142750,0,0
142955,0,0
143089,0,0
143294,0,0
143500,0,0
143799,0,0
144005,0,0
144211,0,0
144415,0,0
144621,0,0
144827,0,0
145239,0,0
145089,0,0
145293,0,0
145499,0,0
145704,0,0
145910,0,0
146124,0,0
146330,0,0
146535,0,0
147089,0,0
147295,0,0
147500,0,0
147706,0,0
147912,0,0
148116,0,0
148322,0,0
148528,0,0
148734,0,0
149089,0,0
149295,0,0
149500,0,0
149713,0,0
149919,0,0
150125,0,0
150330,0,0
150536,0,0
150751,0,0
150955,0,0
151368,0,0
151089,0,0
151295,0,0
151501,0,0
151705,0,0
151911,0,0
152116,0,0
152323,0,0
152529,0,0
153089,0,0
153295,0,0
153499,0,0
153712,0,0
153918,0,0
154124,0,0
154330,0,0
154535,0,0
154750,0,0
155089,0,0
155293,0,0
155499,0,0
155705,0,0
155911,0,0
156116,0,0
156321,0,0
156526,0,0
156732,0,0
157145,0,0
157089,0,0
157294,0,0
157501,0,0
157714,0,0
157920,0,0
158126,0,0
158331,0,0
158536,0,0
159089,0,0
159293,0,0
159499,0,0
159704,0,0
159910,0,0
160116,0,0
160320,0,0
160526,0,0
160732,0,0
160937,0,0
161143,0,0
161348,0,0
161554,0,0
161760,0,0
161966,0,0
162180,0,0
162480,0,0
162685,0,0
162891,0,0
163106,0,0
163310,0,0
163516,0,0
163721,0,0
163927,0,0
164132,0,0
164338,0,0
164543,0,0
164748,0,0
164954,0,0
165160,0,0
165366,0,0
165571,0,0
165778,0,0
165984,0,0
166189,0,0
166403,0,0
166609,0,0
166814,0,0
167019,0,0
167234,0,0
167439,0,0
167645,0,0
167851,0,0
168056,0,0
168261,0,0
168467,0,0
168672,0,0
168878,0,0
169083,0,0
169289,0,0
169494,0,0
169700,0,0
169906,0,0
170112,0,0
170318,0,0
170532,0,0
170738,0,0
170942,0,0
171241,0,0
171457,0,0
171662,0,0
171868,0,0
172073,0,0
172279,0,0
172483,0,0
172689,0,0
172894,0,0
173100,0,0
173306,0,0
173512,0,0
173717,0,0
173923,0,0
174129,0,0
174335,0,0
174548,0,0
174754,0,0
174959,0,0
175164,0,0
175370,0,0
175584,0,0
175790,0,0
175996,0,0
176201,0,0
176406,0,0
176611,0,0
176817,0,0
177022,0,0
177228,0,0
177433,0,0
177638,0,0
177844,0,0
178050,0,0
178256,0,0
178462,0,0
178676,0,0
178881,0,0
179086,0,0
179292,0,0
179498,0,0
179712,0,0
179918,0,0
180217,0,0
180423,0,0
180628,0,0
180833,0,0
181039,0,0
181244,0,0
181450,0,0
181654,0,0
181798,0,0
182003,0,0
182209,0,0
182415,0,0
182619,0,0
182834,0,0
183040,0,0
183245,0,0
183451,0,0
183656,0,0
184078,0,0
183809,0,0
184015,0,0
184220,0,0
184426,0,0
184632,0,0
184837,0,0
185042,0,0
185809,0,0
186015,0,0
186220,0,0
186426,0,0
186631,0,0
186837,0,0
187051,0,0
187257,0,0
187463,0,0
187668,0,0
187809,0,0
188024,0,0
188229,0,0
188434,0,0
188640,0,0
188845,0,0
189051,0,0
189350,0,0
189556,0,0
189967,0,0
189819,0,0
190025,0,0
190230,0,0
190435,0,0
190640,0,0
190854,0,0
191059,0,0
191265,0,0
191819,0,0
192024,0,0
192239,0,0
192443,0,0
192649,0,0
192855,0,0
193060,0,0
193266,0,0
193470,0,0
193676,0,0
193819,0,0
194024,0,0
194230,0,0
194436,0,0
194641,0,0
194847,0,0
195053,0,0
195267,0,0
195473,0,0
195884,0,0
195819,0,0
196033,0,0
196239,0,0
196445,0,0
196650,0,0
196856,0,0
197061,0,0
197266,0,0
197819,0,0
198024,0,0
198230,0,0
198530,0,0
198735,0,0
198940,0,0
199145,0,0
199351,0,0
199564,0,0
199819,0,0
200024,0,0
200229,0,0
200444,0,0
200649,0,0
200855,0,0
201060,0,0
201266,0,0
201472,0,0
201676,0,0
202089,0,0
201819,0,0
202024,0,0
202229,0,0
202435,0,0
202641,0,0
202848,0,0
203053,0,0
203267,0,0
203819,0,0
204023,0,0
204229,0,0
204443,0,0
204649,0,0
204854,0,0
205061,0,0
205265,0,0
205471,0,0
205677,0,0
205819,0,0
206025,0,0
206230,0,0
206435,0,0
206641,0,0
206847,0,0
207053,0,0
207258,0,0
207491,0,0
207904,0,0
207823,0,0
208028,0,0
208242,0,0
208448,0,0
208654,0,0
208860,0,0
209066,0,0
209272,0,0
209823,0,0
210029,0,0
210234,0,0
210440,0,0
210646,0,0
210851,0,0
211056,0,0
211262,0,0
211469,0,0
211682,0,0
211823,0,0
212029,0,0
212233,0,0
212439,0,0
212654,0,0
212860,0,0
213065,0,0
213270,0,0
213475,0,0
213888,0,0
213823,0,0
214028,0,0
214233,0,0
214439,0,0
214645,0,0
214851,0,0
215057,0,0
215263,0,0
215823,0,0
216029,0,0
216234,0,0
216440,0,0
216645,0,0
216871,0,0
217078,0,0
217283,0,0
217489,0,0
217695,0,0
217823,0,0
218029,0,0
218234,0,0
218440,0,0
218646,0,0
218851,0,0
219057,0,0
219263,0,0
219469,0,0
219890,0,0
219823,0,0
220028,0,0
220233,0,0
220448,0,0
220653,0,0
220859,0,0
221064,0,0
221270,0,0
221824,0,0
222030,0,0
222235,0,0
222441,0,0
222646,0,0
222851,0,0
223057,0,0
223263,0,0
223468,0,0
223674,0,0
223824,0,0
224038,0,0
224243,0,0
224449,0,0
224654,0,0
224869,0,0
225075,0,0
225280,0,0
225486,0,0
225909,0,0
225825,0,0
226030,0,0
226236,0,0
226441,0,0
226647,0,0
226852,0,0
227058,0,0
227263,0,0
227825,0,0
228031,0,0
228245,0,0
228450,0,0
228655,0,0
228861,0,0
229076,0,0
229281,0,0
229487,0,0
229692,0,0
229825,0,0
230031,0,0
230236,0,0
230442,0,0
230647,0,0
230851,0,0
231057,0,0
231263,0,0
231469,0,0
231882,0,0
231825,0,0
232039,0,0
232244,0,0
232450,0,0
232655,0,0
232870,0,0
233076,0,0
233280,0,0
233825,0,0
234031,0,0
234237,0,0
234442,0,0
234648,0,0
234852,0,0
235152,0,0
235357,0,0
235563,0,0
235825,0,0
236031,0,0
236235,0,0
236441,0,0
236655,0,0
236861,0,0
237067,0,0
237282,0,0
237487,0,0
237693,0,0
238104,0,0
237825,0,0
238031,0,0
238237,0,0
238442,0,0
238647,0,0
238852,0,0
239058,0,0
239265,0,0
239825,0,0
240030,0,0
240236,0,0
240442,0,0
240656,0,0
240862,0,0
241067,0,0
241282,0,0
241487,0,0
241825,0,0
242030,0,0
242236,0,0
242441,0,0
242647,0,0
242851,0,0
243057,0,0
243262,0,0
243468,0,0
243674,0,0
244086,0,0
243825,0,0
244043,0,0
244256,0,0
244462,0,0
244667,0,0
244873,0,0
245088,0,0
245293,0,0
245825,0,0
246030,0,0
246236,0,0
246441,0,0
246647,0,0
246853,0,0
247057,0,0
247263,0,0
247469,0,0
247825,0,0
248031,0,0
248236,0,0
248442,0,0
248648,0,0
248862,0,0
249068,0,0
249274,0,0
249479,0,0
249694,0,0
250106,0,0
249825,0,0
250031,0,0
250236,0,0
250442,0,0
250646,0,0
250852,0,0
251057,0,0
251264,0,0
251826,0,0
252030,0,0
252237,0,0
252443,0,0
252649,0,0
252863,0,0
253069,0,0
253285,0,0
253500,0,0
253825,0,0
254031,0,0
254235,0,0
254441,0,0
254646,0,0
254852,0,0
255058,0,0
255262,0,0
255469,0,0
255674,0,0
256099,0,0
255825,0,0
256031,0,0
256235,0,0
256441,0,0
256654,0,0
256860,0,0
257065,0,0
257280,0,0
257825,0,0
258031,0,0
258235,0,0
258441,0,0
258646,0,0
258852,0,0
259058,0,0
259262,0,0
259467,0,0
259673,0,0
259879,0,0
260085,0,0
260291,0,0
260496,0,0
260702,0,0
260908,0,0
261122,0,0
261328,0,0
261533,0,0
261748,0,0
261952,0,0
262159,0,0
262376,0,0
262581,0,0
262787,0,0
262992,0,0
263198,0,0
263402,0,0
263608,0,0
263814,0,0
264019,0,0
264225,0,0
264430,0,0
264637,0,0
264843,0,0
265048,0,0
265262,0,0
265467,0,0
265682,0,0
265887,0,0
266092,0,0
266297,0,0
266503,0,0
266708,0,0
266914,0,0
267119,0,0
267324,0,0
267529,0,0
267735,0,0
267941,0,0
268147,0,0
268351,0,0
268557,0,0
268763,0,0
268969,0,0
269175,0,0
269388,0,0
269594,0,0
269809,0,0
270013,0,0
270219,0,0
270424,0,0
270631,0,0
270836,0,0
271041,0,0
271259,0,0
271464,0,0
271669,0,0
271875,0,0
272081,0,0
272287,0,0
272491,0,0
272697,0,0
272902,0,0
273108,0,0
273322,0,0
273528,0,0
273733,0,0
273948,0,0
274152,0,0
274357,0,0
274563,0,0
274768,0,0
274973,0,0
275178,0,0
275384,0,0
275589,0,0
275795,0,0
276001,0,0
276207,0,0
276412,0,0
276617,0,0
276823,0,0
277029,0,0
277235,0,0
277449,0,0
277654,0,0
277859,0,0
278074,0,0
278279,0,0
278485,0,0
278690,0,0
278896,0,0
279100,0,0
279316,0,0
279522,0,0
279727,0,0
279944,0,0
280150,0,0
280356,0,0
280560,0,0
280766,0,0
280971,0,0
281384,0,0
281326,0,0
281531,0,0
281745,0,0
281951,0,0
282156,0,0
282361,0,0
282567,0,0
282772,0,0
283326,0,0
283531,0,0
283737,0,0
283943,0,0
284148,0,0
284353,0,0
284559,0,0
284765,0,0
284971,0,0
285177,0,0
285326,0,0
285531,0,0
285745,0,0
285951,0,0
286165,0,0
286371,0,0
286576,0,0
286782,0,0
286987,0,0
287399,0,0
287326,0,0
287531,0,0
287737,0,0
287942,0,0
288148,0,0
288354,0,0
288560,0,0
288766,0,0
289326,0,0
289532,0,0
289737,0,0
289950,0,0
290155,0,0
290370,0,0
290575,0,0
290781,0,0
290987,0,0
291193,0,0
291326,0,0
291532,0,0
291738,0,0
291943,0,0
292148,0,0
292353,0,0
292559,0,0
292765,0,0
292971,0,0
293178,0,0
293590,0,0
293326,0,0
293540,0,0
293745,0,0
293960,0,0
294166,0,0
294371,0,0
294577,0,0
295326,0,0
295532,0,0
295737,0,0
295943,0,0
296149,0,0
296354,0,0
296560,0,0
296766,0,0
296972,0,0
297178,0,0
297326,0,0
297531,0,0
297737,0,0
297943,0,0
298157,0,0
298383,0,0
298588,0,0
298794,0,0
299000,0,0
299411,0,0
299326,0,0
299532,0,0
299737,0,0
299942,0,0
300148,0,0
300353,0,0
300559,0,0
300765,0,0
301326,0,0
301532,0,0
301738,0,0
301943,0,0
302149,0,0
302362,0,0
302577,0,0
302783,0,0
302988,0,0
303194,0,0
303327,0,0
303532,0,0
303737,0,0
303943,0,0
304149,0,0
304354,0,0
304559,0,0
304765,0,0
304971,0,0
305176,0,0
305589,0,0
305326,0,0
305532,0,0
305738,0,0
305951,0,0
306166,0,0
306372,0,0
306578,0,0
307326,0,0
307544,0,0
307749,0,0
307954,0,0
308159,0,0
308365,0,0
308570,0,0
308775,0,0
308980,0,0
309186,0,0
309326,0,0
309532,0,0
309737,0,0
309943,0,0
310148,0,0
310362,0,0
310568,0,0
310782,0,0
310988,0,0
311193,0,0
311605,0,0
311326,0,0
311532,0,0
311738,0,0
311943,0,0
312148,0,0
312354,0,0
312560,0,0
313326,0,0
313532,0,0
313737,0,0
313943,0,0
314149,0,0
314355,0,0
314569,0,0
314774,0,0
314989,0,0
315194,0,0
315326,0,0
315532,0,0
315738,0,0
315943,0,0
316149,0,0
316353,0,0
316571,0,0
316776,0,0
316982,0,0
317187,0,0
317599,0,0
317330,0,0
317536,0,0
317741,0,0
317946,0,0
318160,0,0
318375,0,0
318580,0,0
319330,0,0
319534,0,0
319740,0,0
319945,0,0
320151,0,0
320356,0,0
320561,0,0
320766,0,0
320972,0,0
321178,0,0
321330,0,0
321536,0,0
321740,0,0
321946,0,0
322152,0,0
322358,0,0
322564,0,0
322777,0,0
322993,0,0
323198,0,0
323609,0,0
323330,0,0
323536,0,0
323741,0,0
323945,0,0
324151,0,0
324357,0,0
324562,0,0
324768,0,0
325330,0,0
325536,0,0
325753,0,0
325959,0,0
326164,0,0
326369,0,0
326575,0,0
326789,0,0
327003,0,0
327330,0,0
327535,0,0
327740,0,0
327945,0,0
328151,0,0
328356,0,0
328561,0,0
328767,0,0
328972,0,0
329178,0,0
329592,0,0
329330,0,0
329536,0,0
329742,0,0
329948,0,0
330154,0,0
330359,0,0
330572,0,0
331330,0,0
331535,0,0
331740,0,0
331946,0,0
332151,0,0
332356,0,0
332561,0,0
332766,0,0
332972,0,0
333177,0,0
333330,0,0
333535,0,0
333741,0,0
333947,0,0
334153,0,0
334359,0,0
334565,0,0
334782,0,0
334987,0,0
335211,0,0
335622,0,0
335330,0,0
335536,0,0
335741,0,0
335947,0,0
336151,0,0
336357,0,0
336562,0,0
336768,0,0
337330,0,0
337536,0,0
337742,0,0
337948,0,0
338154,0,0
338359,0,0
338565,0,0
338770,0,0
338976,0,0
339330,0,0
339535,0,0
339740,0,0
339945,0,0
340151,0,0
340356,0,0
340561,0,0
340766,0,0
340971,0,0
341177,0,0
341589,0,0
341330,0,0
341536,0,0
341742,0,0
341947,0,0
342153,0,0
342358,0,0
342564,0,0
342770,0,0
343330,0,0
343536,0,0
343741,0,0
343951,0,0
344156,0,0
344360,0,0
344565,0,0
344770,0,0
344975,0,0
345330,0,0
345534,0,0
345740,0,0
345945,0,0
346151,0,0
346356,0,0
346562,0,0
346766,0,0
346972,0,0
347177,0,0
347607,0,0
347330,0,0
347535,0,0
347739,0,0
347945,0,0
348150,0,0
348355,0,0
348560,0,0
348764,0,0
349330,0,0
349535,0,0
349741,0,0
349946,0,0
350152,0,0
350356,0,0
350562,0,0
350768,0,0
350974,0,0
351330,0,0
351543,0,0
351759,0,0
351963,0,0
352168,0,0
352373,0,0
352578,0,0
352783,0,0
352987,0,0
353196,0,0
353402,0,0
353607,0,0
353812,0,0
354018,0,0
354222,0,0
354428,0,0
354634,0,0
354839,0,0
355044,0,0
355250,0,0
355455,0,0
355668,0,0
355882,0,0
356087,0,0
356292,0,0
356497,0,0
356702,0,0
356906,0,0
357111,0,0
357316,0,0
357521,0,0
357727,0,0
357931,0,0
358136,0,0
358342,0,0
358547,0,0
358754,0,0
358958,0,0
359164,0,0
359369,0,0
359574,0,0
359787,0,0
360002,0,0
360207,0,0
360411,0,0
360616,0,0
360821,0,0
361027,0,0
361233,0,0
361438,0,0
361642,0,0
361851,0,0
362057,0,0
362263,0,0
362469,0,0
362675,0,0
362880,0,0
363086,0,0
363292,0,0
363498,0,0
363704,0,0
363918,0,0
364133,0,0
364339,0,0
364543,0,0
364749,0,0
364955,0,0
365160,0,0
365366,0,0
365570,0,0
365776,0,0
365982,0,0
366188,0,0
366395,0,0
366601,0,0
366806,0,0
367012,0,0
367218,0,0
367424,0,0
367630,0,0
367835,0,0
368050,0,0
368265,0,0
368469,0,0
368675,0,0
368880,0,0
369086,0,0
369292,0,0
369496,0,0
369702,0,0
369908,0,0
370113,0,0
370319,0,0
370525,0,0
370734,0,0
370940,0,0
371147,0,0
371353,0,0
371558,0,0
371765,0,0
371970,0,0
372183,0,0
372398,0,0
372604,0,0
372809,0,0
373015,0,0
373120,0,0
373325,0,0
373530,0,0
373735,0,0
373941,0,0
374147,0,0
374353,0,0
374558,0,0
374763,0,0
374969,0,0
375383,0,0
375130,0,0
375335,0,0
375541,0,0
375754,0,0
375969,0,0
376175,0,0
376381,0,0
377131,0,0
377336,0,0
377541,0,0
377747,0,0
377952,0,0
378158,0,0
378363,0,0
378568,0,0
378774,0,0
378980,0,0
379132,0,0
379338,0,0
379544,0,0
379753,0,0
379958,0,0
380172,0,0
380378,0,0
380593,0,0
380799,0,0
381004,0,0
381416,0,0
381131,0,0
381337,0,0
381542,0,0
381748,0,0
381954,0,0
382158,0,0
382365,0,0
382571,0,0
383131,0,0
383337,0,0
383542,0,0
383748,0,0
383954,0,0
384168,0,0
384374,0,0
384589,0,0
384795,0,0
385131,0,0
385335,0,0
385541,0,0
385747,0,0
385953,0,0
386158,0,0
386365,0,0
386569,0,0
386775,0,0
386981,0,0
387394,0,0
387131,0,0
387337,0,0
387544,0,0
387750,0,0
387964,0,0
388170,0,0
388389,0,0
388594,0,0
389131,0,0
389336,0,0
389541,0,0
389747,0,0
389952,0,0
390158,0,0
390364,0,0
390568,0,0
390774,0,0
391131,0,0
391337,0,0
391543,0,0
391748,0,0
391954,0,0
392161,0,0
392367,0,0
392581,0,0
392787,0,0
393002,0,0
393427,0,0
393131,0,0
393336,0,0
393544,0,0
393749,0,0
393955,0,0
394161,0,0
394366,0,0
394572,0,0
395131,0,0
395338,0,0
395544,0,0
395750,0,0
395956,0,0
396161,0,0
396367,0,0
396581,0,0
396787,0,0
397131,0,0
397337,0,0
397542,0,0
397748,0,0
397965,0,0
398169,0,0
398375,0,0
398580,0,0
398786,0,0
398992,0,0
399404,0,0
399134,0,0
399339,0,0
399545,0,0
399751,0,0
399956,0,0
400162,0,0
400377,0,0
400592,0,0
401135,0,0
401340,0,0
401546,0,0
401751,0,0
401956,0,0
402162,0,0
402367,0,0
402573,0,0
402779,0,0
403134,0,0
403339,0,0
403545,0,0
403751,0,0
403957,0,0
404163,0,0
404368,0,0
404575,0,0
404781,0,0
404994,0,0
405421,0,0
405134,0,0
405340,0,0
405546,0,0
405751,0,0
405957,0,0
406162,0,0
406368,0,0
406574,0,0
407134,0,0
407339,0,0
407545,0,0
407752,0,0
407958,0,0
408164,0,0
408370,0,0
408575,0,0
408788,0,0
409134,0,0
409349,0,0
409554,0,0
409760,0,0
409966,0,0
410171,0,0
410377,0,0
410582,0,0
410788,0,0
410994,0,0
411406,0,0
411147,0,0
411353,0,0
411559,0,0
411765,0,0
411971,0,0
412176,0,0
412382,0,0
412596,0,0
413147,0,0
413362,0,0
413568,0,0
413774,0,0
413979,0,0
414184,0,0
414389,0,0
414595,0,0
414800,0,0
415147,0,0
415352,0,0
415558,0,0
415764,0,0
415970,0,0
416187,0,0
416393,0,0
416599,0,0
416805,0,0
417009,0,0
417429,0,0
417147,0,0
417352,0,0
417559,0,0
417765,0,0
417969,0,0
418175,0,0
418380,0,0
418586,0,0
419147,0,0
419353,0,0
419558,0,0
419764,0,0
419970,0,0
420176,0,0
420382,0,0
420589,0,0
420794,0,0
421147,0,0
421360,0,0
421567,0,0
421781,0,0
421987,0,0
422193,0,0
422398,0,0
422603,0,0
422808,0,0
423014,0,0
423427,0,0
423147,0,0
423354,0,0
423559,0,0
423765,0,0
423971,0,0
424177,0,0
424382,0,0
424587,0,0
425147,0,0
425372,0,0
425587,0,0
425793,0,0
425999,0,0
426204,0,0
426410,0,0
426614,0,0
426820,0,0
427147,0,0
427352,0,0
427559,0,0
427765,0,0
427969,0,0
428175,0,0
428382,0,0
428588,0,0
428794,0,0
428999,0,0
429413,0,0
429147,0,0
429362,0,0
429567,0,0
429773,0,0
429979,0,0
430184,0,0
430389,0,0
430595,0,0
431147,0,0
431353,0,0
431558,0,0
431763,0,0
431969,0,0
432175,0,0
432381,0,0
432587,0,0
432793,0,0
433147,0,0
433353,0,0
433559,0,0
433772,0,0
433987,0,0
434193,0,0
434399,0,0
434608,0,0
434813,0,0
435018,0,0
435224,0,0
435430,0,0
435635,0,0
435840,0,0
436045,0,0
436251,0,0
436458,0,0
436663,0,0
436869,0,0
437074,0,0
437280,0,0
437486,0,0
437692,0,0
437906,0,0
438121,0,0
438327,0,0
438533,0,0
438737,0,0
438943,0,0
439148,0,0
439354,0,0
439559,0,0
439764,0,0
439970,0,0
440176,0,0
440382,0,0
440588,0,0
440794,0,0
440999,0,0
441205,0,0
441411,0,0
441617,0,0
441823,0,0
442036,0,0
442251,0,0
442457,0,0
442661,0,0
442867,0,0
443072,0,0
443282,0,0
443488,0,0
443694,0,0
443899,0,0
444104,0,0
444310,0,0
444516,0,0
444722,0,0
444928,0,0
445134,0,0
445340,0,0
445546,0,0
445752,0,0
445966,0,0
446172,0,0
446387,0,0
446592,0,0
446797,0,0
447002,0,0
447208,0,0
447413,0,0
447619,0,0
447824,0,0
448029,0,0
448235,0,0
448440,0,0
448646,0,0
448851,0,0
449057,0,0
449263,0,0
449469,0,0
449675,0,0
449881,0,0
450095,0,0
450300,0,0
450515,0,0
450720,0,0
450926,0,0
451131,0,0
451337,0,0
451541,0,0
451747,0,0
451953,0,0
452171,0,0
452376,0,0
452582,0,0
452788,0,0
452992,0,0
453198,0,0
453404,0,0
453609,0,0
453815,0,0
454020,0,0
454235,0,0
454440,0,0
454654,0,0
454833,0,0
455039,0,0
455244,0,0
455450,0,0
455655,0,0
455860,0,0
456065,0,0
456271,0,0
456477,0,0
456683,0,0
457095,0,0
456844,0,0
457050,0,0
457256,0,0
457463,0,0
457667,0,0
457881,0,0
458087,0,0
458302,0,0
458844,0,0
459050,0,0
459256,0,0
459462,0,0
459667,0,0
459872,0,0
460078,0,0
460284,0,0
460489,0,0
460694,0,0
460844,0,0
461144,0,0
461350,0,0
461556,0,0
461761,0,0
461967,0,0
462171,0,0
462384,0,0
462591,0,0
463013,0,0
462844,0,0
463050,0,0
463256,0,0
463460,0,0
463666,0,0
463872,0,0
464077,0,0
464844,0,0
465049,0,0
465255,0,0
465461,0,0
465667,0,0
465873,0,0
466079,0,0
466285,0,0
466490,0,0
466704,0,0
466844,0,0
467059,0,0
467264,0,0
467470,0,0
467675,0,0
467880,0,0
468085,0,0
468291,0,0
468497,0,0
468702,0,0
469114,0,0
468845,0,0
469051,0,0
469257,0,0
469463,0,0
469668,0,0
469967,0,0
470174,0,0
470845,0,0
471060,0,0
471265,0,0
471471,0,0
471676,0,0
471882,0,0
472086,0,0
472292,0,0
472497,0,0
472703,0,0
472845,0,0
473050,0,0
473256,0,0
473462,0,0
473668,0,0
473874,0,0
474080,0,0
474285,0,0
474491,0,0
474912,0,0
474845,0,0
475051,0,0
475256,0,0
475462,0,0
475666,0,0
475872,0,0
476078,0,0
476283,0,0
476845,0,0
477050,0,0
477256,0,0
477462,0,0
477668,0,0
477874,0,0
478080,0,0
478285,0,0
478491,0,0
478697,0,0
478845,0,0
479059,0,0
479274,0,0
479573,0,0
479779,0,0
479985,0,0
480190,0,0
480396,0,0
480601,0,0
481014,0,0
480849,0,0
481056,0,0
481262,0,0
481468,0,0
481674,0,0
481881,0,0
482086,0,0
482292,0,0
482849,0,0
483062,0,0
483268,0,0
483483,0,0
483688,0,0
483894,0,0
484098,0,0
484304,0,0
484510,0,0
484849,0,0
485054,0,0
485260,0,0
485465,0,0
485671,0,0
485877,0,0
486083,0,0
486288,0,0
486493,0,0
486699,0,0
487112,0,0
486861,0,0
487067,0,0
487282,0,0
487488,0,0
487692,0,0
487898,0,0
488103,0,0
488309,0,0
488861,0,0
489067,0,0
489273,0,0
489477,0,0
489683,0,0
489889,0,0
490094,0,0
490299,0,0
490504,0,0
490862,0,0
491067,0,0
491274,0,0
491487,0,0
491693,0,0
491908,0,0
492113,0,0
492318,0,0
492523,0,0
492729,0,0
493141,0,0
492861,0,0
493066,0,0
493272,0,0
493477,0,0
493683,0,0
493889,0,0
494094,0,0
494300,0,0
494861,0,0
495067,0,0
495273,0,0
495487,0,0
495693,0,0
495907,0,0
496112,0,0
496317,0,0
496522,0,0
496861,0,0
497068,0,0
497273,0,0
497479,0,0
497684,0,0
497894,0,0
498100,0,0
498306,0,0
498512,0,0
498717,0,0
499130,0,0
498861,0,0
499067,0,0
499281,0,0
499486,0,0
499702,0,0
499906,0,0
500112,0,0
500317,0,0
500861,0,0
501067,0,0
501271,0,0
501477,0,0
501682,0,0
501888,0,0
502094,0,0
502300,0,0
502504,0,0
502861,0,0
503067,0,0
503272,0,0
503478,0,0
503683,0,0
503896,0,0
504102,0,0
504317,0,0
504522,0,0
504728,0,0
505142,0,0
504861,0,0
505067,0,0
505273,0,0
505479,0,0
505684,0,0
505890,0,0
506095,0,0
506301,0,0
506861,0,0
507072,0,0
507277,0,0
507484,0,0
507689,0,0
507902,0,0
508108,0,0
508323,0,0
508528,0,0
508861,0,0
509066,0,0
509272,0,0
509476,0,0
509682,0,0
509888,0,0
510093,0,0
510298,0,0
510503,0,0
510709,0,0
511122,0,0
510861,0,0
511067,0,0
511272,0,0
511478,0,0
511691,0,0
511898,0,0
512113,0,0
512319,0,0
512861,0,0
513066,0,0
513270,0,0
513476,0,0
513681,0,0
513887,0,0
514092,0,0
514297,0,0
514503,0,0
514861,0,0
515068,0,0
515273,0,0
515478,0,0
515684,0,0
515890,0,0
516096,0,0
516314,0,0
516519,0,0
516735,0,0
517152,0,0
516861,0,0
517065,0,0
517271,0,0
517476,0,0
517682,0,0
517888,0,0
518092,0,0
518298,0,0
518861,0,0
519067,0,0
519273,0,0
519479,0,0
519684,0,0
519890,0,0
520104,0,0
520309,0,0
520516,0,0
520861,0,0
521067,0,0
521272,0,0
521478,0,0
521684,0,0
521889,0,0
522095,0,0
522300,0,0
522505,0,0
522710,0,0
523123,0,0
522861,0,0
523067,0,0
523272,0,0
523477,0,0
523683,0,0
523897,0,0
524103,0,0
524308,0,0
524861,0,0
525067,0,0
525275,0,0
525482,0,0
525688,0,0
525893,0,0
526100,0,0
526307,0,0
526511,0,0
526861,0,0
527067,0,0
527273,0,0
527479,0,0
527683,0,0
527889,0,0
528095,0,0
528301,0,0
528515,0,0
528720,0,0
529142,0,0
528861,0,0
529066,0,0
529272,0,0
529477,0,0
529683,0,0
529889,0,0
530093,0,0
530299,0,0
530861,0,0
531067,0,0
531273,0,0
531477,0,0
531684,0,0
531889,0,0
532095,0,0
532302,0,0
532515,0,0
532721,0,0
532861,0,0
533075,0,0
533282,0,0
533487,0,0
533693,0,0
533899,0,0
534104,0,0
534313,0,0
534519,0,0
534724,0,0
534930,0,0
535136,0,0
535342,0,0
535547,0,0
535753,0,0
535959,0,0
536165,0,0
536371,0,0
536584,0,0
536789,0,0
536995,0,0
537209,0,0
537415,0,0
537621,0,0
537826,0,0
538032,0,0
538236,0,0
538442,0,0
538648,0,0
538853,0,0
539060,0,0
539266,0,0
539470,0,0
539676,0,0
539882,0,0
540089,0,0
540295,0,0
540500,0,0
540714,0,0
540919,0,0
541125,0,0
541340,0,0
541545,0,0
541751,0,0
541956,0,0
542161,0,0
542366,0,0
542572,0,0
542778,0,0
542984,0,0
543283,0,0
543488,0,0
543693,0,0
543898,0,0
544104,0,0
544309,0,0
544515,0,0
544728,0,0
544932,0,0
545138,0,0
545344,0,0
545558,0,0
545764,0,0
545969,0,0
546174,0,0
546379,0,0
546585,0,0
546792,0,0
546998,0,0
547203,0,0
547408,0,0
547614,0,0
547820,0,0
548026,0,0
548232,0,0
548437,0,0
548642,0,0
548857,0,0
549063,0,0
549268,0,0
549474,0,0
549688,0,0
549894,0,0
550098,0,0
550304,0,0
550510,0,0
550717,0,0
550923,0,0
551128,0,0
551332,0,0
551538,0,0
551744,0,0
551954,0,0
552160,0,0
552366,0,0
552571,0,0
552777,0,0
552991,0,0
553197,0,0
553402,0,0
553608,0,0
553822,0,0
554027,0,0
554234,0,0
554569,0,0
554775,0,0
554980,0,0
555186,0,0
555390,0,0
555596,0,0
555801,0,0
556007,0,0
556214,0,0
556420,0,0
556832,0,0
556580,0,0
556794,0,0
557000,0,0
557207,0,0
557411,0,0
557627,0,0
557832,0,0
558038,0,0
558580,0,0
558785,0,0
558992,0,0
559196,0,0
559402,0,0
559607,0,0
559813,0,0
560019,0,0
560225,0,0
560580,0,0
560786,0,0
560992,0,0
561202,0,0
561416,0,0
561622,0,0
561827,0,0
562032,0,0
562246,0,0
562452,0,0
562864,0,0
562599,0,0
562805,0,0
563010,0,0
563216,0,0
563422,0,0
563627,0,0
563833,0,0
564038,0,0
564600,0,0
564805,0,0
565012,0,0
565218,0,0
565432,0,0
565637,0,0
565842,0,0
566047,0,0
566262,0,0
566599,0,0
566804,0,0
567010,0,0
567214,0,0
567421,0,0
567626,0,0
567832,0,0
568037,0,0
568243,0,0
568448,0,0
568862,0,0
568599,0,0
568805,0,0
569010,0,0
569224,0,0
569429,0,0
569636,0,0
569841,0,0
570060,0,0
570599,0,0
570804,0,0
571010,0,0
571214,0,0
571420,0,0
571625,0,0
571831,0,0
572036,0,0
572241,0,0
572447,0,0
572599,0,0
572805,0,0
573010,0,0
573216,0,0
573421,0,0
573635,0,0
573840,0,0
574046,0,0
574252,0,0
574673,0,0
574599,0,0
574804,0,0
575009,0,0
575215,0,0
575420,0,0
575626,0,0
575831,0,0
576037,0,0
576599,0,0
576805,0,0
577011,0,0
577217,0,0
577422,0,0
577628,0,0
577842,0,0
578047,0,0
578253,0,0
578458,0,0
578599,0,0
578805,0,0
579010,0,0
579220,0,0
579425,0,0
579631,0,0
579837,0,0
580043,0,0
580248,0,0
580661,0,0
580599,0,0
580805,0,0
581010,0,0
581217,0,0
581431,0,0
581637,0,0
581842,0,0
582048,0,0
582599,0,0
582813,0,0
583019,0,0
583225,0,0
583430,0,0
583636,0,0
583842,0,0
584047,0,0
584252,0,0
584457,0,0
584599,0,0
584805,0,0
585012,0,0
585218,0,0
585423,0,0
585628,0,0
585842,0,0
586048,0,0
586255,0,0
586667,0,0
586599,0,0
586803,0,0
587009,0,0
587215,0,0
587421,0,0
587628,0,0
587832,0,0
588038,0,0
588599,0,0
588804,0,0
589010,0,0
589216,0,0
589421,0,0
589627,0,0
589832,0,0
590046,0,0
590252,0,0
590457,0,0
590599,0,0
590805,0,0
591020,0,0
591225,0,0
591431,0,0
591636,0,0
591842,0,0
592046,0,0
592252,0,0
592665,0,0
592599,0,0
592805,0,0
593010,0,0
593216,0,0
593423,0,0
593628,0,0
593842,0,0
594048,0,0
594599,0,0
594803,0,0
595009,0,0
595224,0,0
595429,0,0
595635,0,0
595840,0,0
596045,0,0
596250,0,0
596456,0,0
596599,0,0
596805,0,0
597010,0,0
597215,0,0
597421,0,0
597632,0,0
597837,0,0
598043,0,0
598258,0,0
598669,0,0
598599,0,0
598805,0,0
599020,0,0
599226,0,0
599434,0,0
599639,0,0
599844,0,0
600049,0,0
600599,0,0
600805,0,0
601011,0,0
601216,0,0
601421,0,0
601627,0,0
601833,0,0
602039,0,0
602245,0,0
602459,0,0
602599,0,0
602804,0,0
603010,0,0
603215,0,0
603430,0,0
603636,0,0
603841,0,0
604046,0,0
604252,0,0
604665,0,0
604599,0,0
604805,0,0
605009,0,0
605215,0,0
605421,0,0
605627,0,0
605833,0,0
606038,0,0
606599,0,0
606809,0,0
607015,0,0
607220,0,0
607426,0,0
607640,0,0
607846,0,0
608051,0,0
608256,0,0
608462,0,0
608599,0,0
608804,0,0
609010,0,0
609214,0,0
609419,0,0
609625,0,0
609831,0,0
610037,0,0
610242,0,0
610663,0,0
610599,0,0
610806,0,0
611011,0,0
611217,0,0
611433,0,0
611637,0,0
611843,0,0
612048,0,0
612599,0,0
612805,0,0
613010,0,0
613214,0,0
613420,0,0
613625,0,0
613831,0,0
614037,0,0
614242,0,0
614447,0,0
614599,0,0
614813,0,0
615018,0,0
615224,0,0
615428,0,0
615635,0,0
615853,0,0
616059,0,0
616264,0,0
616679,0,0
616599,0,0
616804,0,0
617010,0,0
617216,0,0
617421,0,0
617628,0,0
617833,0,0
618038,0,0
618599,0,0
618814,0,0
619019,0,0
619225,0,0
619431,0,0
619636,0,0
619841,0,0
620056,0,0
620261,0,0
620467,0,0
620599,0,0
620805,0,0
621010,0,0
621216,0,0
621421,0,0
621626,0,0
621832,0,0
622036,0,0
622242,0,0
622448,0,0
622869,0,0
622599,0,0
622805,0,0
623009,0,0
623215,0,0
623421,0,0
623636,0,0
623842,0,0
624047,0,0
624253,0,0
624457,0,0
624756,0,0
624963,0,0
625168,0,0
625374,0,0
625579,0,0
625784,0,0
625989,0,0
626195,0,0
626401,0,0
626614,0,0
626820,0,0
627026,0,0
627230,0,0
627435,0,0
627651,0,0
627857,0,0
628063,0,0
628268,0,0
628472,0,0
628678,0,0
628883,0,0
629089,0,0
629294,0,0
629499,0,0
629704,0,0
629910,0,0
630116,0,0
630323,0,0
630528,0,0
630743,0,0
630947,0,0
631153,0,0
631358,0,0
631564,0,0
631779,0,0
631984,0,0
632191,0,0
632395,0,0
632601,0,0
632806,0,0
633012,0,0
633217,0,0
633434,0,0
633640,0,0
633844,0,0
634049,0,0
634254,0,0
634459,0,0
634664,0,0
634877,0,0
635081,0,0
635286,0,0
635492,0,0
635697,0,0
635911,0,0
636116,0,0
636321,0,0
636526,0,0
636732,0,0
636937,0,0
637142,0,0
637346,0,0
637551,0,0
637756,0,0
637962,0,0
638167,0,0
638372,0,0
638577,0,0
638782,0,0
638995,0,0
639201,0,0
639406,0,0
639611,0,0
639816,0,0
640030,0,0
640236,0,0
640441,0,0
640646,0,0
640853,0,0
641057,0,0
641262,0,0
641467,0,0
641672,0,0
641877,0,0
642082,0,0
642299,0,0
642503,0,0
642708,0,0
642914,0,0
643126,0,0
643331,0,0
643536,0,0
643741,0,0
643955,0,0
644160,0,0
644365,0,0
644571,0,0
645211,0,0
645415,0,0
645620,0,0
645825,0,0
646030,0,0
646236,0,0
646440,0,0
646645,0,0
646851,0,0
647056,0,0
647468,0,0
647219,0,0
647423,0,0
647628,0,0
647834,0,0
648048,0,0
648253,0,0
648459,0,0
649220,0,0
649425,0,0
649630,0,0
649835,0,0
650040,0,0
650245,0,0
650450,0,0
650656,0,0
650862,0,0
651067,0,0
651219,0,0
651424,0,0
651629,0,0
651854,0,0
652060,0,0
652265,0,0
652471,0,0
652686,0,0
652891,0,0
653096,0,0
653512,0,0
653219,0,0
653424,0,0
653630,0,0
653836,0,0
654040,0,0
654246,0,0
654452,0,0
655219,0,0
655424,0,0
655630,0,0
655843,0,0
656049,0,0
656255,0,0
656461,0,0
656667,0,0
656882,0,0
657087,0,0
657219,0,0
657424,0,0
657630,0,0
657836,0,0
658042,0,0
658246,0,0
658452,0,0
658658,0,0
658864,0,0
659070,0,0
659482,0,0
659236,0,0
659449,0,0
659656,0,0
659861,0,0
660067,0,0
660273,0,0
660492,0,0
661236,0,0
661442,0,0
661648,0,0
661853,0,0
662059,0,0
662265,0,0
662470,0,0
662676,0,0
662881,0,0
663087,0,0
663236,0,0
663442,0,0
663648,0,0
663854,0,0
664068,0,0
664274,0,0
664479,0,0
664685,0,0
664891,0,0
665106,0,0
665517,0,0
665236,0,0
665442,0,0
665648,0,0
665854,0,0
666058,0,0
666264,0,0
666470,0,0
666676,0,0
667236,0,0
667441,0,0
667648,0,0
667855,0,0
668069,0,0
668274,0,0
668480,0,0
668685,0,0
668890,0,0
669236,0,0
669442,0,0
669648,0,0
669853,0,0
670071,0,0
670276,0,0
670482,0,0
670686,0,0
670892,0,0
671098,0,0
671512,0,0
671237,0,0
671441,0,0
671647,0,0
671861,0,0
672067,0,0
672272,0,0
672478,0,0
673236,0,0
673443,0,0
673648,0,0
673853,0,0
674059,0,0
674266,0,0
674471,0,0
674677,0,0
674881,0,0
675087,0,0
675236,0,0
675442,0,0
675648,0,0
675853,0,0
676060,0,0
676265,0,0
676479,0,0
676685,0,0
676891,0,0
677097,0,0
677518,0,0
677237,0,0
677442,0,0
677648,0,0
677854,0,0
678060,0,0
678264,0,0
678470,0,0
678676,0,0
679236,0,0
679442,0,0
679647,0,0
679854,0,0
680059,0,0
680272,0,0
680478,0,0
680684,0,0
680890,0,0
681236,0,0
681451,0,0
681656,0,0
681862,0,0
682068,0,0
682273,0,0
682479,0,0
682685,0,0
682890,0,0
683096,0,0
683509,0,0
683237,0,0
683442,0,0
683647,0,0
683853,0,0
684067,0,0
684273,0,0
684478,0,0
684684,0,0
685236,0,0
685451,0,0
685656,0,0
685861,0,0
686067,0,0
686272,0,0
686478,0,0
686683,0,0
686888,0,0
687236,0,0
687441,0,0
687648,0,0
687853,0,0
688058,0,0
688276,0,0
688482,0,0
688695,0,0
688901,0,0
689107,0,0
689530,0,0
689236,0,0
689440,0,0
689646,0,0
689851,0,0
690058,0,0
690263,0,0
690469,0,0
690673,0,0
691236,0,0
691442,0,0
691648,0,0
691854,0,0
692060,0,0
692266,0,0
692471,0,0
692685,0,0
692892,0,0
693236,0,0
693442,0,0
693656,0,0
693862,0,0
694066,0,0
694272,0,0
694478,0,0
694684,0,0
694890,0,0
695095,0,0
695507,0,0
695236,0,0
695442,0,0
695648,0,0
695852,0,0
696058,0,0
696265,0,0
696478,0,0
696685,0,0
697236,0,0
697535,0,0
697750,0,0
697956,0,0
698161,0,0
698367,0,0
698573,0,0
698779,0,0
698984,0,0
699236,0,0
699441,0,0
699647,0,0
699853,0,0
700060,0,0
700266,0,0
700471,0,0
700677,0,0
700882,0,0
701303,0,0
701236,0,0
701442,0,0
701657,0,0
701861,0,0
702067,0,0
702272,0,0
702478,0,0
702685,0,0
703237,0,0
703442,0,0
703648,0,0
703853,0,0
704059,0,0
704266,0,0
704472,0,0
704677,0,0
704883,0,0
705089,0,0
705237,0,0
705442,0,0
705648,0,0
705852,0,0
706067,0,0
706273,0,0
706478,0,0
706695,0,0
706901,0,0
707313,0,0
707236,0,0
707441,0,0
707648,0,0
707855,0,0
708060,0,0
708266,0,0
708471,0,0
708678,0,0
709236,0,0
709449,0,0
709655,0,0
709862,0,0
710068,0,0
710282,0,0
710487,0,0
710693,0,0
710898,0,0
711104,0,0
711236,0,0
711443,0,0
711647,0,0
711853,0,0
712059,0,0
712265,0,0
712471,0,0
712676,0,0
712882,0,0
713295,0,0
713236,0,0
713441,0,0
713647,0,0
713852,0,0
714066,0,0
714272,0,0
714477,0,0
714683,0,0
715236,0,0
715441,0,0
715646,0,0
715863,0,0
716068,0,0
716275,0,0
716481,0,0
716687,0,0
716893,0,0
717097,0,0
717236,0,0
717449,0,0
717655,0,0
717860,0,0
718066,0,0
718281,0,0
718485,0,0
718691,0,0
718897,0,0
719310,0,0
719236,0,0
719440,0,0
719647,0,0
719852,0,0
720058,0,0
720264,0,0
720470,0,0
720675,0,0
721236,0,0
721443,0,0
721657,0,0
721862,0,0
722068,0,0
722272,0,0
722489,0,0
722694,0,0
722899,0,0
723105,0,0
723236,0,0
723441,0,0
723647,0,0
723853,0,0
724060,0,0
724265,0,0
724471,0,0
724677,0,0
724895,0,0
725100,0,0
725305,0,0
725511,0,0
725725,0,0
725931,0,0
726137,0,0
726343,0,0
726557,0,0
726762,0,0
726968,0,0
727173,0,0
727379,0,0
727585,0,0
727791,0,0
727995,0,0
728201,0,0
728407,0,0
728613,0,0
728819,0,0
729024,0,0
729231,0,0
729437,0,0
729642,0,0
729856,0,0
730062,0,0
730267,0,0
730472,0,0
730687,0,0
730892,0,0
731098,0,0
731304,0,0
731510,0,0
731716,0,0
731921,0,0
732126,0,0
732332,0,0
732537,0,0
732743,0,0
732949,0,0
733155,0,0
733361,0,0
733567,0,0
733784,0,0
733998,0,0
734203,0,0
734409,0,0
734625,0,0
734831,0,0
735036,0,0
735241,0,0
735447,0,0
735653,0,0
735859,0,0
736063,0,0
736269,0,0
736475,0,0
736680,0,0
736886,0,0
737093,0,0
737298,0,0
737504,0,0
737710,0,0
737916,0,0
738129,0,0
738336,0,0
738541,0,0
738756,0,0
738960,0,0
739166,0,0
739371,0,0
739577,0,0
739782,0,0
739987,0,0
740193,0,0
740399,0,0
740604,0,0
740810,0,0
741016,0,0
741221,0,0
741427,0,0
741633,0,0
741838,0,0
742044,0,0
742258,0,0
742475,0,0
742681,0,0
742897,0,0
743101,0,0
743307,0,0
743513,0,0
743719,0,0
743925,0,0
744132,0,0
744336,0,0
744542,0,0
744749,0,0
745051,0,0
745257,0,0
745463,0,0
745668,0,0
745874,0,0
746081,0,0
746287,0,0
746500,0,0
746706,0,0
746911,0,0
747332,0,0
747063,0,0
747268,0,0
747474,0,0
747680,0,0
747885,0,0
748090,0,0
748296,0,0
748501,0,0
749062,0,0
749268,0,0
749473,0,0
749679,0,0
749885,0,0
750091,0,0
750297,0,0
750510,0,0
750715,0,0
750921,0,0
751062,0,0
751269,0,0
751487,0,0
751692,0,0
751898,0,0
752104,0,0
752310,0,0
752516,0,0
752721,0,0
753134,0,0
753062,0,0
753269,0,0
753474,0,0
753680,0,0
753886,0,0
754101,0,0
754306,0,0
754512,0,0
755062,0,0
755268,0,0
755473,0,0
755679,0,0
755884,0,0
756090,0,0
756295,0,0
756501,0,0
756705,0,0
756911,0,0
757062,0,0
757268,0,0
757474,0,0
757681,0,0
757886,0,0
758092,0,0
758298,0,0
758512,0,0
758718,0,0
759141,0,0
759063,0,0
759267,0,0
759474,0,0
759680,0,0
759885,0,0
760091,0,0
760296,0,0
760514,0,0
761063,0,0
761269,0,0
761474,0,0
761680,0,0
761885,0,0
762089,0,0
762295,0,0
762500,0,0
762714,0,0
762921,0,0
763063,0,0
763278,0,0
763484,0,0
763688,0,0
763894,0,0
764099,0,0
764305,0,0
764511,0,0
764716,0,0
765128,0,0
765063,0,0
765269,0,0
765475,0,0
765680,0,0
765886,0,0
766092,0,0
766299,0,0
766512,0,0
767063,0,0
767269,0,0
767484,0,0
767688,0,0
767894,0,0
768099,0,0
768306,0,0
768512,0,0
768718,0,0
768923,0,0
769063,0,0
769268,0,0
769475,0,0
769692,0,0
769898,0,0
770103,0,0
770308,0,0
770513,0,0
770719,0,0
771139,0,0
771063,0,0
771269,0,0
771474,0,0
771679,0,0
771884,0,0
772090,0,0
772296,0,0
772502,0,0
773063,0,0
773269,0,0
773475,0,0
773681,0,0
773887,0,0
774093,0,0
774298,0,0
774504,0,0
774710,0,0
774916,0,0
775063,0,0
775269,0,0
775484,0,0
775690,0,0
775895,0,0
776100,0,0
776306,0,0
776511,0,0
776717,0,0
777141,0,0
777063,0,0
777269,0,0
777474,0,0
777680,0,0
777886,0,0
778090,0,0
778296,0,0
778502,0,0
779063,0,0
779268,0,0
779483,0,0
779688,0,0
779895,0,0
780101,0,0
780307,0,0
780512,0,0
780717,0,0
780923,0,0
781063,0,0
781269,0,0
781474,0,0
781680,0,0
781886,0,0
782092,0,0
782298,0,0
782504,0,0
782709,0,0
783130,0,0
783063,0,0
783278,0,0
783484,0,0
783690,0,0
783895,0,0
784101,0,0
784307,0,0
784512,0,0
785063,0,0
785269,0,0
785474,0,0
785679,0,0
785885,0,0
786091,0,0
786297,0,0
786503,0,0
786708,0,0
786914,0,0
787063,0,0
787277,0,0
787484,0,0
787698,0,0
787904,0,0
788121,0,0
788326,0,0
788532,0,0
788736,0,0
789149,0,0
789063,0,0
789269,0,0
789475,0,0
789679,0,0
789885,0,0
790091,0,0
790297,0,0
790503,0,0
791063,0,0
791270,0,0
791484,0,0
791689,0,0
791904,0,0
792109,0,0
792315,0,0
792520,0,0
792725,0,0
792931,0,0
793063,0,0
793268,0,0
793475,0,0
793679,0,0
793885,0,0
794091,0,0
794298,0,0
794504,0,0
794710,0,0
795122,0,0
795063,0,0
795277,0,0
795483,0,0
795697,0,0
795903,0,0
796108,0,0
796313,0,0
796518,0,0
797063,0,0
797362,0,0
797568,0,0
797773,0,0
797978,0,0
798183,0,0
798389,0,0
798595,0,0
798800,0,0
799063,0,0
799267,0,0
799473,0,0
799679,0,0
799892,0,0
800108,0,0
800313,0,0
800519,0,0
800723,0,0
800929,0,0
801341,0,0
801067,0,0
801273,0,0
801477,0,0
801683,0,0
801889,0,0
802095,0,0
802301,0,0
802507,0,0
803067,0,0
803273,0,0
803479,0,0
803686,0,0
803900,0,0
804116,0,0
804321,0,0
804527,0,0
804732,0,0
805067,0,0
805273,0,0
805478,0,0
805684,0,0
805889,0,0
806095,0,0
806302,0,0
806520,0,0
806726,0,0
806931,0,0
807344,0,0
807067,0,0
807272,0,0
807478,0,0
807691,0,0
807906,0,0
808111,0,0
808317,0,0
808522,0,0
808727,0,0
808933,0,0
809138,0,0
809344,0,0
809549,0,0
809754,0,0
809960,0,0
810166,0,0
810372,0,0
810577,0,0
810782,0,0
810988,0,0
811194,0,0
811400,0,0
811606,0,0
811820,0,0
812034,0,0
812241,0,0
812445,0,0
812650,0,0
812857,0,0
813063,0,0
813268,0,0
813475,0,0
813680,0,0
813886,0,0
814092,0,0
814298,0,0
814504,0,0
814709,0,0
814916,0,0
815134,0,0
815340,0,0
815545,0,0
815758,0,0
815974,0,0
816180,0,0
816387,0,0
816592,0,0
816797,0,0
817002,0,0
817208,0,0
817413,0,0
817619,0,0
817823,0,0
818029,0,0
818235,0,0
818442,0,0
818648,0,0
818854,0,0
819059,0,0
819265,0,0
819471,0,0
819677,0,0
819891,0,0
820106,0,0
820312,0,0
820517,0,0
820722,0,0
820929,0,0
821134,0,0
821340,0,0
821546,0,0
821751,0,0
821956,0,0
822161,0,0
822367,0,0
822573,0,0
822779,0,0
822984,0,0
823190,0,0
823396,0,0
823602,0,0
823818,0,0
824033,0,0
824248,0,0
824453,0,0
824658,0,0
824865,0,0
825069,0,0
825276,0,0
825481,0,0
825687,0,0
825892,0,0
826097,0,0
826303,0,0
826509,0,0
826714,0,0
826920,0,0
827125,0,0
827331,0,0
827537,0,0
827743,0,0
827949,0,0
828516,0,0
828731,0,0
828937,0,0
829141,0,0
829347,0,0
829553,0,0
829758,0,0
829964,0,0
830169,0,0
830516,0,0
830721,0,0
830927,0,0
831751,1,1
831957,1,1
832163,1,1
832368,1,1
832516,1,1
832731,1,1
832946,1,1
833150,1,1
833356,1,1
833563,1,1
833862,1,1
834069,1,1
834276,1,1
834516,1,1
834721,1,1
834926,1,1
835132,1,1
835337,1,1
835542,1,1
835748,1,1
835952,1,1
836158,1,1
836364,1,1
836516,1,1
836722,1,1
836935,1,1
837563,1,1
837769,1,1
837974,1,1
838179,1,1
838386,1,1
838516,1,1
838723,1,1
838928,1,1
839134,1,1
839342,1,1
839547,1,1
839752,1,1
839959,1,1
840164,1,1
840516,1,1
840722,1,1
840928,1,1
841142,1,1
841357,1,1
841562,1,1
841767,1,1
841972,1,1
842177,1,1
842384,1,1
842516,1,1
842722,1,1
842928,1,1
843640,1,1
843846,1,1
844050,1,1
844256,1,1
844516,1,1
844722,1,1
844927,1,1
845132,1,1
845356,1,1
845561,1,1
845766,1,1
845971,1,1
846176,1,1
846382,1,1
846516,1,1
846721,1,1
846926,1,1
847132,1,1
847337,1,1
847543,1,1
847749,1,1
847954,1,1
848160,1,1
848366,1,1
848516,1,1
848722,1,1
849358,1,1
849563,1,1
849768,1,1
849975,1,1
850181,1,1
850516,1,1
850720,1,1
850926,1,1
851131,1,1
851338,1,1
851543,1,1
851749,1,1
851955,1,1
852160,1,1
852366,1,1
852516,1,1
852727,1,1
852933,1,1
853137,1,1
853351,1,1
853566,1,1
853771,1,1
853977,1,1
854183,1,1
854389,1,1
854516,1,1
854722,1,1
855341,1,1
855547,1,1
855752,1,1
855957,1,1
856163,1,1
856517,1,1
856722,1,1
856928,1,1
857133,1,1
857339,1,1
857552,1,1
857767,1,1
857973,1,1
858178,1,1
858384,1,1
858516,1,1
858721,1,1
858927,1,1
859132,1,1
859339,1,1
859544,1,1
859749,1,1
859954,1,1
860160,1,1
860366,1,1
860516,1,1
860722,1,1
860926,1,1
861553,1,1
861770,1,1
861976,1,1
862182,1,1
862516,1,1
862721,1,1
862926,1,1
863131,1,1
863336,1,1
863542,1,1
863747,1,1
863952,1,1
864157,1,1
864364,1,1
864517,1,1
864722,1,1
864928,1,1
865133,1,1
865339,1,1
865545,1,1
865758,1,1
865973,1,1
866179,1,1
866516,1,1
866722,1,1
866926,1,1
867639,1,1
867844,1,1
868050,1,1
868254,1,1
868460,1,1
868517,1,1
868722,1,1
868927,1,1
869132,1,1
869337,1,1
869543,1,1
869750,1,1
869963,1,1
870178,1,1
870516,1,1
870722,1,1
870927,1,1
871133,1,1
871338,1,1
871544,1,1
871749,1,1
871959,1,1
872163,1,1
872369,1,1
872516,1,1
872722,1,1
872930,1,1
873549,1,1
873754,1,1
873961,1,1
874175,1,1
874391,1,1
874516,1,1
874723,1,1
874928,1,1
875134,1,1
875339,1,1
875545,1,1
875751,1,1
875957,1,1
876161,1,1
876516,1,1
876723,1,1
876928,1,1
877135,1,1
877340,1,1
877545,1,1
877751,1,1
877957,1,1
878164,1,1
878377,1,1
878516,1,1
878723,1,1
878928,1,1
879545,1,1
879750,1,1
879955,1,1
880160,1,1
880366,1,1
880516,1,1
880722,1,1
880928,1,1
881133,1,1
881342,1,1
881548,1,1
881754,1,1
881961,1,1
882175,1,1
882516,1,1
882730,1,1
882937,1,1
883142,1,1
883346,1,1
883552,1,1
883757,1,1
883963,1,1
884168,1,1
884373,1,1
884516,1,1
884722,1,1
884928,1,1
885545,1,1
885752,1,1
885958,1,1
886164,1,1
886378,1,1
886516,1,1
886731,1,1
886937,1,1
887141,1,1
887347,1,1
887552,1,1
887759,1,1
887964,1,1
888169,1,1
888516,1,1
888722,1,1
888928,1,1
889134,1,1
889339,1,1
889544,1,1
889751,1,1
889956,1,1
890162,1,1
890368,1,1
890516,1,1
890815,1,1
891441,1,1
891647,1,1
891853,1,1
892059,1,1
892264,1,1
892516,1,1
892720,1,1
892926,1,1
893132,1,1
893338,1,1
893544,1,1
893748,1,1
893955,1,1
894161,1,1
894366,1,1
894517,1,1
894730,1,1
894936,1,1
895151,1,1
895356,1,1
895561,1,1
895766,1,1
895973,1,1
896178,1,1
896383,1,1
896589,1,1
896794,1,1
896999,1,1
897205,1,1
897411,1,1
897616,1,1
897821,1,1
898027,1,1
898233,1,1
898857,0,0
899062,0,0
899277,0,0
899482,0,0
899688,0,0
899894,0,0
900100,0,0
900306,0,0
900605,0,0
900810,0,0
901016,0,0
901222,0,0
901428,0,0
901634,0,0
901838,0,0
902044,0,0
902249,0,0
902454,0,0
902660,0,0
902865,0,0
903078,0,0
903293,0,0
903498,0,0
903704,0,0
903909,0,0
904115,0,0
904319,0,0
904526,0,0
904731,0,0
904937,0,0
905142,0,0
905348,0,0
905552,0,0
905758,0,0
905964,0,0
906170,0,0
906376,0,0
906581,0,0
906786,0,0
906992,0,0
907205,0,0
907421,0,0
907627,0,0
907833,0,0
908039,0,0
908244,0,0
908450,0,0
908655,0,0
908861,0,0
909067,0,0
909366,0,0
909572,0,0
909777,0,0
909982,0,0
910188,0,0
910393,0,0
910600,0,0
910804,0,0
911009,0,0
911216,0,0
911429,0,0
911644,0,0
911850,0,0
912055,0,0
912261,0,0
912465,0,0
912671,0,0
912876,0,0
913082,0,0
913288,0,0
913492,0,0
913698,0,0
913905,0,0
914111,0,0
914316,0,0
914522,0,0
914727,0,0
914934,0,0
915139,0,0
915345,0,0
915560,0,0
915774,0,0
915980,0,0
916185,0,0
916390,0,0
916596,0,0
916803,0,0
917009,0,0
917214,0,0
917421,0,0
917625,0,0
917831,0,0
918036,0,0
918336,0,0
918541,0,0
918747,0,0
918952,0,0
919158,0,0
919364,0,0
919577,0,0
919782,0,0
919997,0,0
920202,0,0
920408,0,0
920613,0,0
920818,0,0
921024,0,0
921229,0,0
921435,0,0
921639,0,0
921845,0,0
922051,0,0
922256,0,0
922463,0,0
922669,0,0
922874,0,0
923080,0,0
923286,0,0
923492,0,0
923705,0,0
923911,0,0
924125,0,0
924330,0,0
924536,0,0
924742,0,0
924948,0,0
925154,0,0
925361,0,0
925566,0,0
925773,0,0
925978,0,0
926185,0,0
926390,0,0
926596,0,0
926800,0,0
927006,0,0
927305,0,0
927511,0,0
927716,0,0
927929,0,0
928134,0,0
928349,0,0
928553,0,0
928759,0,0
928964,0,0
929170,0,0
929376,0,0
929581,0,0
929785,0,0
929990,0,0
930195,0,0
930401,0,0
