p:4000,20000,6000,600,8000,4000,2000,8000,100
16031,packet,1,0,0,1,52,8000
16045,event,0,0
16059,action,0,0
20038,packet,1,0,0,1,52,8000
20053,event,0,1
24048,packet,1,0,0,1,52,8000
24063,event,0,1
28046,packet,1,0,0,1,53,8000
28061,event,0,1
32050,packet,1,0,0,1,52,8000
32065,event,0,1
36055,packet,1,0,0,1,52,8000
36071,event,0,1
40073,packet,1,0,0,1,53,8000
40087,event,0,1
44072,packet,1,0,0,1,52,8000
44087,event,0,1
48078,packet,1,0,0,1,52,8000
48093,event,0,1
52243,packet,1,0,0,1,52,8000
52262,event,0,1
60277,event,1,1
60292,action,1,1
73607,packet,1,0,0,1,53,8000
73638,event,0,0
73652,action,0,0
77819,packet,1,0,0,1,54,8000
77833,event,0,1
81832,packet,1,0,0,1,54,8000
81847,event,0,1
85831,packet,1,0,0,1,55,8000
85846,event,0,1
89843,packet,1,0,0,1,54,8000
89857,event,0,1
93840,packet,1,0,0,1,53,8000
93855,event,0,1
97847,packet,1,0,0,1,53,8000
97863,event,0,1
101851,packet,1,0,0,1,54,8000
101867,event,0,1
106042,packet,1,0,0,1,53,8000
106058,event,0,1
110043,packet,1,0,0,1,52,8000
110063,event,0,1
118077,event,1,1
118091,action,1,1
126065,packet,1,0,0,1,67,8000
130068,packet,1,0,0,1,73,8000
134071,packet,1,0,0,1,73,8000
138080,packet,1,0,0,1,70,8000
142079,packet,1,0,0,1,71,8000
146085,packet,1,0,0,1,70,8000
150114,packet,1,0,0,1,70,8000
154117,packet,1,0,0,1,70,8000
158112,packet,1,0,0,1,70,8000
162114,packet,1,0,0,1,71,8000
166108,packet,1,0,0,1,71,8000
186123,packet,1,0,0,1,60,8000
186138,event,0,0
186153,action,0,0
190308,packet,1,0,0,1,60,8000
190328,event,0,1
194120,packet,1,0,0,1,61,8000
194135,event,0,1
198125,packet,1,0,0,1,61,8000
198139,event,0,1
202123,packet,1,0,0,1,61,8000
202139,event,0,1
206119,packet,1,0,0,1,60,8000
206135,event,0,1
210135,packet,1,0,0,1,62,8000
210151,event,0,1
214137,packet,1,0,0,1,62,8000
214164,event,0,1
218325,packet,1,0,0,1,60,8000
218340,event,0,1
222139,packet,1,0,0,1,60,8000
222154,event,0,1
230169,event,1,1
230183,action,1,1
242754,packet,1,0,0,1,56,8000
242770,event,0,0
242784,action,0,0
246781,packet,1,0,0,1,57,8000
246796,event,0,1
250785,packet,1,0,0,1,57,8000
250799,event,0,1
254783,packet,1,0,0,1,57,8000
254799,event,0,1
258793,packet,1,0,0,1,57,8000
258809,event,0,1
262795,packet,1,0,0,1,57,8000
262811,event,0,1
266799,packet,1,0,0,1,57,8000
266813,event,0,1
270802,packet,1,0,0,1,57,8000
270817,event,0,1
274811,packet,1,0,0,1,57,8000
274826,event,0,1
278815,packet,1,0,0,1,57,8000
278830,event,0,1
286859,event,1,1
286874,action,1,1
299481,packet,1,0,0,1,53,8000
299501,event,0,0
299515,action,0,0
303489,packet,1,0,0,1,54,8000
303505,event,0,1
307496,packet,1,0,0,1,54,8000
307512,event,0,1
311500,packet,1,0,0,1,53,8000
311516,event,0,1
315500,packet,1,0,0,1,54,8000
315527,event,0,1
319501,packet,1,0,0,1,53,8000
319515,event,0,1
323505,packet,1,0,0,1,53,8000
323519,event,0,1
327509,packet,1,0,0,1,53,8000
327523,event,0,1
331515,packet,1,0,0,1,53,8000
331529,event,0,1
335522,packet,1,0,0,1,54,8000
335537,event,0,1
339515,packet,1,0,0,1,53,8000
339535,event,0,1
347563,event,1,1
347577,action,1,1
355523,packet,1,0,0,1,62,8000
355538,event,0,0
355552,action,0,0
359536,packet,1,0,0,1,59,8000
359551,event,0,1
363540,packet,1,0,0,1,58,8000
363555,event,0,1
367730,packet,1,0,0,1,58,8000
367757,event,0,1
371725,packet,1,0,0,1,58,8000
371739,event,0,1
375734,packet,1,0,0,1,58,8000
375748,event,0,1
379741,packet,1,0,0,1,58,8000
379755,event,0,1
383742,packet,1,0,0,1,58,8000
383757,event,0,1
387758,packet,1,0,0,1,59,8000
387772,event,0,1
391760,packet,1,0,0,1,59,8000
391775,event,0,1
395947,packet,1,0,0,1,58,8000
395961,event,0,1
403974,event,1,1
403987,action,1,1
415982,packet,1,0,0,1,51,8000
415998,event,0,0
416012,action,0,0
419991,packet,1,0,0,1,51,8000
420007,event,0,1
424007,packet,1,0,0,1,51,8000
424032,event,0,1
428012,packet,1,0,0,1,51,8000
428026,event,0,1
432016,packet,1,0,0,1,51,8000
432031,event,0,1
436023,packet,1,0,0,1,51,8000
436039,event,0,1
440032,packet,1,0,0,1,52,8000
440047,event,0,1
444038,packet,1,0,0,1,51,8000
444057,event,0,1
448042,packet,1,0,0,1,52,8000
448057,event,0,1
452047,packet,1,0,0,1,52,8000
452061,event,0,1
456061,packet,1,0,0,1,51,8000
456076,event,0,1
464090,event,1,1
464104,action,1,1
472056,packet,1,0,0,1,48,8000
472071,event,0,0
472085,action,0,0
476055,packet,1,0,0,1,50,8000
476071,event,0,1
480204,packet,1,0,0,1,50,8000
480219,event,0,1
484226,packet,1,0,0,1,48,8000
484240,event,0,1
488229,packet,1,0,0,1,48,8000
488243,event,0,1
492243,packet,1,0,0,1,48,8000
492261,event,0,1
496242,packet,1,0,0,1,48,8000
496257,event,0,1
500247,packet,1,0,0,1,48,8000
500262,event,0,1
504250,packet,1,0,0,1,48,8000
504266,event,0,1
508342,packet,1,0,0,1,48,8000
508357,event,0,1
512349,packet,1,0,0,1,49,8000
512364,event,0,1
520378,event,1,1
520393,action,1,1
533211,packet,1,0,0,1,48,8000
533227,event,0,0
533241,action,0,0
537215,packet,1,0,0,1,48,8000
537231,event,0,1
541235,packet,1,0,0,1,48,8000
541250,event,0,1
545248,packet,1,0,0,1,48,8000
545280,event,0,1
549245,packet,1,0,0,1,48,8000
549261,event,0,1
553264,packet,1,0,0,1,48,8000
553278,event,0,1
557260,packet,1,0,0,1,48,8000
557276,event,0,1
561263,packet,1,0,0,1,48,8000
561279,event,0,1
565272,packet,1,0,0,1,48,8000
565287,event,0,1
569272,packet,1,0,0,1,48,8000
569286,event,0,1
573297,packet,1,0,0,1,48,8000
573312,event,0,1
581326,event,1,1
581340,action,1,1
