p:4000,20000,6000,600,8000,4000,2000,8000,100
16031,packet,1,0,0,1,56,8000
20218,packet,1,0,0,1,56,8000
24032,packet,1,0,0,1,55,8000
28031,packet,1,0,0,1,56,8000
32030,packet,1,0,0,1,55,8000
36033,packet,1,0,0,1,55,8000
40057,packet,1,0,0,1,55,8000
44047,packet,1,0,0,1,55,8000
48048,packet,1,0,0,1,52,8000
48260,event,0,0
48471,action,0,0
52047,packet,1,0,0,1,59,8000
56290,event,1,1
56510,action,1,1
73793,packet,1,0,0,1,57,8000
77768,packet,1,0,0,1,59,8000
81559,packet,1,0,0,1,59,8000
85656,packet,1,0,0,1,59,8000
89761,packet,1,0,0,1,59,8000
93758,packet,1,0,0,1,58,8000
97563,packet,1,0,0,1,59,8000
101578,packet,1,0,0,1,59,8000
105689,packet,1,0,0,1,59,8000
109599,packet,1,0,0,1,59,8000
129504,packet,1,0,0,1,58,8000
133819,packet,1,0,0,1,59,8000
137729,packet,1,0,0,1,59,8000
141515,packet,1,0,0,1,59,8000
145713,packet,1,0,0,1,59,8000
149924,packet,1,0,0,1,59,8000
153504,packet,1,0,0,1,59,8000
157716,packet,1,0,0,1,59,8000
161659,packet,1,0,0,1,59,8000
165872,packet,1,0,0,1,59,8000
186029,packet,1,0,0,1,60,8000
190030,packet,1,0,0,1,59,8000
194026,packet,1,0,0,1,60,8000
198235,packet,1,0,0,1,60,8000
202237,packet,1,0,0,1,60,8000
206241,packet,1,0,0,1,60,8000
210041,packet,1,0,0,1,59,8000
214039,packet,1,0,0,1,60,8000
218028,packet,1,0,0,1,59,8000
222241,packet,1,0,0,1,59,8000
242840,packet,1,0,0,1,59,8000
246840,packet,1,0,0,1,58,8000
250836,packet,1,0,0,1,60,8000
254837,packet,1,0,0,1,60,8000
258837,packet,1,0,0,1,59,8000
262842,packet,1,0,0,1,60,8000
266839,packet,1,0,0,1,59,8000
270840,packet,1,0,0,1,59,8000
275051,packet,1,0,0,1,59,8000
278839,packet,1,0,0,1,59,8000
299562,packet,1,0,0,1,51,8000
299777,event,0,0
299989,action,0,0
303590,packet,1,0,0,1,51,8000
303802,event,0,1
307580,packet,1,0,0,1,51,8000
307804,event,0,1
311576,packet,1,0,0,1,53,8000
311788,event,0,1
315580,packet,1,0,0,1,52,8000
315793,event,0,1
319579,packet,1,0,0,1,51,8000
319793,event,0,1
323579,packet,1,0,0,1,53,8000
323792,event,0,1
327579,packet,1,0,0,1,53,8000
327793,event,0,1
331580,packet,1,0,0,1,51,8000
331786,event,0,1
335580,packet,1,0,0,1,53,8000
335792,event,0,1
339576,packet,1,0,0,1,52,8000
339789,event,0,1
348114,event,1,1
348326,action,1,1
355579,packet,1,0,0,1,75,8000
359578,packet,1,0,0,1,55,8000
363577,packet,1,0,0,1,56,8000
367581,packet,1,0,0,1,56,8000
371594,packet,1,0,0,1,56,8000
375609,packet,1,0,0,1,56,8000
379582,packet,1,0,0,1,56,8000
383791,packet,1,0,0,1,56,8000
387794,packet,1,0,0,1,56,8000
391791,packet,1,0,0,1,56,8000
395582,packet,1,0,0,1,56,8000
415959,packet,1,0,0,1,59,8000
419959,packet,1,0,0,1,59,8000
423960,packet,1,0,0,1,58,8000
427959,packet,1,0,0,1,58,8000
431959,packet,1,0,0,1,58,8000
435960,packet,1,0,0,1,58,8000
439960,packet,1,0,0,1,58,8000
443957,packet,1,0,0,1,57,8000
447971,packet,1,0,0,1,58,8000
451959,packet,1,0,0,1,57,8000
455960,packet,1,0,0,1,58,8000
471960,packet,1,0,0,1,53,8000
472172,event,0,0
472385,action,0,0
475960,packet,1,0,0,1,52,8000
476172,event,0,1
479960,packet,1,0,0,1,52,8000
480189,event,0,1
483960,packet,1,0,0,1,52,8000
484171,event,0,1
487964,packet,1,0,0,1,52,8000
488176,event,0,1
491961,packet,1,0,0,1,52,8000
492175,event,0,1
495963,packet,1,0,0,1,52,8000
496172,event,0,1
499960,packet,1,0,0,1,53,8000
500172,event,0,1
503961,packet,1,0,0,1,51,8000
504173,event,0,1
507966,packet,1,0,0,1,51,8000
508179,event,0,1
511970,packet,1,0,0,1,52,8000
512182,event,0,1
520580,event,1,1
520792,action,1,1
533489,packet,1,0,0,1,44,8000
533702,event,0,0
533915,action,0,0
537501,packet,1,0,0,1,44,8000
537710,event,0,1
541487,packet,1,0,0,1,44,8000
541710,event,0,1
545503,packet,1,0,0,1,44,8000
545715,event,0,1
549502,packet,1,0,0,1,44,8000
549716,event,0,1
553489,packet,1,0,0,1,44,8000
553697,event,0,1
557486,packet,1,0,0,1,44,8000
557695,event,0,1
561485,packet,1,0,0,1,44,8000
561698,event,0,1
565489,packet,1,0,0,1,44,8000
565703,event,0,1
569490,packet,1,0,0,1,44,8000
569702,event,0,1
573492,packet,1,0,0,1,44,8000
573704,event,0,1
582116,event,1,1
582345,action,1,1
