p:4000,20000,6000,600,8000,4000,2000,8000,70
15179,0,0
15279,0,0
15379,0,0
15479,0,0
15579,0,0
15679,0,0
15779,0,0
15879,0,0
15979,0,0
16079,0,0
16179,0,0
16279,0,0
16379,0,0
16479,0,0
16579,0,0
16679,0,0
16779,0,0
16879,0,0
16979,0,0
17079,0,0
17179,0,0
17279,0,0
17379,0,0
17479,0,0
17579,0,0
17679,0,0
17779,0,0
17879,0,0
17979,0,0
18079,0,0
18179,0,0
18279,0,0
18379,0,0
18479,0,0
18579,0,0
18679,0,0
18779,0,0
18879,0,0
18979,0,0
19079,0,0
19171,0,0
19271,0,0
19371,0,0
19471,0,0
19571,0,0
19671,0,0
19771,0,0
19871,0,0
19971,0,0
20071,0,0
20171,0,0
20271,0,0
20371,0,0
20482,0,0
20582,0,0
20682,0,0
20782,0,0
20882,0,0
20982,0,0
21082,0,0
21183,0,0
21283,0,0
21383,0,0
21483,0,0
21583,0,0
21683,0,0
21783,0,0
21883,0,0
21983,0,0
22083,0,0
22183,0,0
22283,0,0
22383,0,0
22483,0,0
22583,0,0
22683,0,0
22783,0,0
22883,0,0
22983,0,0
23083,0,0
23187,0,0
23287,0,0
23387,0,0
23487,0,0
23587,0,0
23687,0,0
23787,0,0
23887,0,0
23987,0,0
24087,0,0
24187,0,0
24287,0,0
24387,0,0
24487,0,0
24587,0,0
24687,0,0
24787,0,0
24887,0,0
24987,0,0
25087,0,0
25187,0,0
25287,0,0
25387,0,0
25487,0,0
25587,0,0
25687,0,0
25787,0,0
25887,0,0
25987,0,0
26087,0,0
26187,0,0
26287,0,0
26387,0,0
26487,0,0
26587,0,0
26687,0,0
26787,0,0
26887,0,0
26987,0,0
27087,0,0
27186,0,0
27286,0,0
27386,0,0
27486,0,0
27586,0,0
27686,0,0
27786,0,0
27886,0,0
27986,0,0
28086,0,0
28186,0,0
28286,0,0
28386,0,0
28486,0,0
28586,0,0
28686,0,0
28786,0,0
28886,0,0
28986,0,0
29086,0,0
29186,0,0
29286,0,0
29386,0,0
29486,0,0
29586,0,0
29686,0,0
29786,0,0
29886,0,0
29986,0,0
30086,0,0
30186,0,0
30286,0,0
30386,0,0
30486,0,0
30586,0,0
30686,0,0
30786,0,0
30886,0,0
30986,0,0
31086,0,0
31182,0,0
31282,0,0
31382,0,0
31482,0,0
31582,0,0
31682,0,0
31782,0,0
31882,0,0
31982,0,0
32082,0,0
32182,0,0
32282,0,0
32382,0,0
32482,0,0
32582,0,0
32682,0,0
32782,0,0
32882,0,0
32982,0,0
33082,0,0
33182,0,0
33282,0,0
33382,0,0
33482,0,0
33582,0,0
33682,0,0
33782,0,0
33882,0,0
33982,0,0
34082,0,0
34182,0,0
34282,0,0
34382,0,0
34482,0,0
34582,0,0
34682,0,0
34782,0,0
34882,0,0
34982,0,0
35082,0,0
35182,0,0
35282,0,0
35382,0,0
35482,0,0
35582,0,0
35682,0,0
35782,0,0
35882,0,0
35982,0,0
36082,0,0
36182,0,0
36282,0,0
36382,0,0
36482,0,0
36582,0,0
36682,0,0
36782,0,0
36882,0,0
36982,0,0
37082,0,0
37182,0,0
37282,0,0
37382,0,0
37482,0,0
37582,0,0
37682,0,0
37782,0,0
37882,0,0
37982,0,0
38082,0,0
38182,0,0
38282,0,0
38382,0,0
38482,0,0
38582,0,0
38682,0,0
38782,0,0
38882,0,0
38982,0,0
39082,0,0
39180,0,0
39280,0,0
39380,0,0
39480,0,0
39580,0,0
39680,0,0
39780,0,0
39880,0,0
39980,0,0
40080,0,0
40180,0,0
40280,0,0
40380,0,0
40480,0,0
40580,0,0
40680,0,0
40780,0,0
40880,0,0
40980,0,0
41080,0,0
41180,0,0
41280,0,0
41380,0,0
41480,0,0
41580,0,0
41680,0,0
41780,0,0
41880,0,0
41980,0,0
42080,0,0
42180,0,0
42280,0,0
42380,0,0
42480,0,0
42580,0,0
42680,0,0
42780,0,0
42880,0,0
42980,0,0
43080,0,0
43180,0,0
43280,0,0
43380,0,0
43480,0,0
43580,0,0
43680,0,0
43780,0,0
43880,0,0
43980,0,0
44080,0,0
44180,0,0
44280,0,0
44380,0,0
44480,0,0
44580,0,0
44680,0,0
44780,0,0
44880,0,0
44980,0,0
45080,0,0
45180,0,0
45280,0,0
45380,0,0
45480,0,0
45580,0,0
45680,0,0
45780,0,0
45880,0,0
45980,0,0
46080,0,0
46180,0,0
46280,0,0
46380,0,0
46480,0,0
46580,0,0
46680,0,0
46780,0,0
46880,0,0
46980,0,0
47080,0,0
47177,0,0
47277,0,0
47377,0,0
47477,0,0
47577,0,0
47677,0,0
47777,0,0
47877,0,0
47977,0,0
48077,0,0
48177,0,0
48277,0,0
48377,0,0
48477,0,0
48577,0,0
48677,0,0
48777,0,0
48877,0,0
48983,0,0
49083,0,0
49183,0,0
49283,0,0
49383,0,0
49483,0,0
49583,0,0
49683,0,0
49783,0,0
49883,0,0
49983,0,0
50083,0,0
50183,0,0
50283,0,0
50383,0,0
50483,0,0
50583,0,0
50683,0,0
50783,0,0
50883,0,0
50983,0,0
51083,0,0
51181,0,0
51281,0,0
51381,0,0
51481,0,0
51581,0,0
51682,0,0
51782,0,0
51882,0,0
51982,0,0
52082,0,0
52182,0,0
52282,0,0
52382,0,0
52482,0,0
52582,0,0
52682,0,0
52782,0,0
52882,0,0
52982,0,0
53082,0,0
53182,0,0
53282,0,0
53382,0,0
53482,0,0
53582,0,0
53682,0,0
53782,0,0
53882,0,0
53982,0,0
54082,0,0
54182,0,0
54282,0,0
54382,0,0
54482,0,0
54583,0,0
54683,0,0
54783,0,0
54883,0,0
54983,0,0
55083,0,0
55183,0,0
55283,0,0
55383,0,0
55483,0,0
55583,0,0
55683,0,0
55783,0,0
55883,0,0
55983,0,0
56083,0,0
56183,0,0
56283,0,0
56383,0,0
56483,0,0
56583,0,0
56683,0,0
56783,0,0
56883,0,0
56983,0,0
57083,0,0
57183,0,0
57283,0,0
57383,0,0
57483,0,0
57583,0,0
57683,0,0
57783,0,0
57883,0,0
57983,0,0
58083,0,0
58183,0,0
58283,0,0
58383,0,0
58483,0,0
58583,0,0
58683,0,0
58783,0,0
58883,0,0
58983,0,0
59083,0,0
59183,0,0
59283,0,0
59383,0,0
59483,0,0
59583,0,0
59683,0,0
59783,0,0
59883,0,0
59983,0,0
60083,0,0
60183,0,0
60283,0,0
60383,0,0
60483,0,0
60583,0,0
60683,0,0
60783,0,0
60883,0,0
60983,0,0
61083,0,0
61183,0,0
61283,0,0
61383,0,0
61483,0,0
61583,0,0
61683,0,0
61783,0,0
61883,0,0
61983,0,0
62083,0,0
62183,0,0
62283,0,0
62383,0,0
62483,0,0
62583,0,0
62683,0,0
62783,0,0
62883,0,0
62983,0,0
63083,0,0
63183,0,0
63283,0,0
63383,0,0
63483,0,0
63583,0,0
63683,0,0
63783,0,0
63883,0,0
63983,0,0
64083,0,0
64183,0,0
64283,0,0
64383,0,0
64483,0,0
64583,0,0
64683,0,0
64783,0,0
64883,0,0
64983,0,0
65083,0,0
65183,0,0
65283,0,0
65383,0,0
65483,0,0
65583,0,0
65683,0,0
65783,0,0
65883,0,0
65983,0,0
66083,0,0
66183,0,0
66283,0,0
66383,0,0
66483,0,0
66583,0,0
66683,0,0
66783,0,0
66883,0,0
66983,0,0
67083,0,0
67183,0,0
67283,0,0
67383,0,0
67483,0,0
67583,0,0
67683,0,0
67783,0,0
67883,0,0
67983,0,0
68083,0,0
68183,0,0
68283,0,0
68383,0,0
68483,0,0
68583,0,0
68683,0,0
68783,0,0
68883,0,0
68983,0,0
69083,0,0
69183,0,0
69283,0,0
69383,0,0
69483,0,0
69583,0,0
69683,0,0
69783,0,0
69883,0,0
69983,0,0
70083,0,0
70183,0,0
70283,0,0
70383,0,0
70483,0,0
70583,0,0
70683,0,0
70783,0,0
70883,0,0
70983,0,0
71083,0,0
71183,0,0
71283,0,0
71383,0,0
71483,0,0
71583,0,0
71683,0,0
71783,0,0
71883,0,0
71983,0,0
72083,0,0
72183,0,0
72283,0,0
72383,0,0
72483,0,0
72583,0,0
72683,0,0
72783,0,0
72883,0,0
72983,0,0
73083,0,0
73183,0,0
73283,0,0
73383,0,0
73483,0,0
73583,0,0
73674,0,0
73774,0,0
73874,0,0
73974,0,0
74074,0,0
74174,0,0
74274,0,0
74374,0,0
74474,0,0
74574,0,0
74674,0,0
74774,0,0
74874,0,0
74974,0,0
75074,0,0
75174,0,0
75274,0,0
75374,0,0
75474,0,0
75574,0,0
75674,0,0
75774,0,0
75874,0,0
75974,0,0
76074,0,0
76174,0,0
76274,0,0
76374,0,0
76474,0,0
76574,0,0
76674,0,0
76774,0,0
76874,0,0
76974,0,0
77074,0,0
77174,0,0
77274,0,0
77374,0,0
77474,0,0
77574,0,0
77673,0,0
77773,0,0
77873,0,0
77973,0,0
78073,0,0
78173,0,0
78273,0,0
78373,0,0
78473,0,0
78573,0,0
78673,0,0
78773,0,0
78873,0,0
78973,0,0
79073,0,0
79173,0,0
79273,0,0
79373,0,0
79473,0,0
79573,0,0
79673,0,0
79773,0,0
79873,0,0
79973,0,0
80073,0,0
80173,0,0
80273,0,0
80373,0,0
80473,0,0
80573,0,0
80673,0,0
80773,0,0
80873,0,0
80973,0,0
81073,0,0
81173,0,0
81273,0,0
81373,0,0
81473,0,0
81573,0,0
81671,0,0
81771,0,0
81871,0,0
81971,0,0
82071,0,0
82171,0,0
82271,0,0
82371,0,0
82471,0,0
82571,0,0
82671,0,0
82771,0,0
82871,0,0
82971,0,0
83488,0,0
83588,0,1
83688,0,1
83788,0,1
83892,0,1
83992,1,2
84092,1,2
84192,1,2
84292,1,2
84392,1,2
84492,1,2
84592,1,2
84692,1,2
84792,1,2
84892,1,2
84993,1,2
85093,1,2
85193,1,2
85293,1,2
85393,1,2
85493,1,2
85593,1,2
85692,1,2
85792,1,2
85919,0,0
86019,0,0
86119,0,0
86219,0,0
86319,0,0
86419,0,0
86519,0,0
86619,0,0
86719,0,0
86819,0,0
86919,0,0
87019,0,0
87119,0,0
87219,0,0
87319,0,0
87419,0,0
87519,0,0
87619,0,0
87719,0,0
87819,0,0
87919,0,0
88492,0,0
88592,0,1
88692,0,1
88792,0,1
88892,0,1
88992,0,1
89092,0,1
89192,0,1
89292,0,1
89392,0,1
89492,0,1
89592,0,1
89690,0,1
89790,0,1
89890,0,1
89990,0,1
90090,0,1
90190,0,1
90290,0,1
90390,0,1
90490,0,1
90590,0,1
90690,0,1
90790,0,1
90890,0,1
90990,0,1
91091,0,1
91191,0,1
91291,0,1
91391,0,1
91491,0,1
91591,0,1
91691,0,1
91791,0,1
91891,0,1
91991,0,1
92091,0,1
92191,0,1
92291,0,1
92391,0,1
92519,0,0
92619,0,0
92719,0,0
92819,0,0
92919,0,0
93019,0,0
93119,0,0
93219,0,0
93319,0,0
93419,0,0
93519,0,0
93619,0,0
93704,0,0
93804,0,0
93904,0,0
94004,0,0
94105,0,0
94205,0,0
94305,0,0
94405,0,0
94505,0,0
94605,0,0
94705,0,0
94805,0,0
94905,0,0
95005,0,0
95105,0,0
95205,0,0
95305,0,0
95405,0,0
95505,0,0
95605,0,0
95705,0,0
95805,0,0
95905,0,0
96005,0,0
96251,0,0
96351,0,1
96452,0,1
96552,0,1
96652,0,1
96752,0,1
96852,0,1
96952,0,1
97052,0,1
97152,0,1
97252,0,1
97352,0,1
97452,0,1
97552,0,1
97660,0,1
97760,0,1
97860,0,1
97960,0,1
98060,0,1
98160,0,1
98260,0,1
98360,0,1
98460,0,1
98560,0,1
98660,0,1
98760,0,1
98860,0,1
98960,0,1
99060,0,1
99160,0,1
99260,0,1
99361,0,1
99461,0,1
99561,0,1
99661,0,1
99761,0,1
99861,0,1
99961,0,1
100061,0,1
100162,0,1
100287,0,0
100387,0,0
100487,0,0
100587,0,0
100687,0,0
100787,0,0
100887,0,0
100987,0,0
101087,0,0
101397,0,0
101497,0,1
101597,0,1
101699,0,1
101799,0,1
101899,0,1
101999,0,1
102099,0,1
102199,0,1
102299,0,1
102399,0,1
102499,0,1
102599,0,1
102699,0,1
102799,0,1
102899,0,1
102999,0,1
103099,0,1
103199,0,1
103299,0,1
103399,0,1
103499,0,1
103599,0,1
103699,0,1
103799,0,1
103899,0,1
103999,0,1
104099,0,1
104199,0,1
104299,0,1
104399,0,1
104499,0,1
104599,0,1
104699,0,1
104799,0,1
104899,0,1
104999,0,1
105099,0,1
105199,0,1
105299,0,1
105399,0,1
105499,0,0
105599,0,0
105697,0,0
105797,0,0
105897,0,0
105997,0,0
106097,0,0
106197,0,0
106297,0,0
106397,0,0
106497,0,0
106597,0,0
106697,0,0
106797,0,0
106897,0,0
106997,0,0
107097,0,0
107197,0,0
107297,0,0
107397,0,0
107497,0,0
107597,0,0
107697,0,0
107797,0,0
107897,0,0
107997,0,0
108097,0,0
108197,0,0
108297,0,0
108397,0,0
108497,0,0
108597,0,0
108697,0,0
108797,0,0
108897,0,0
108997,0,0
109097,0,0
109197,0,0
109552,0,0
109652,0,1
109752,0,1
109852,0,1
109969,0,1
110022,1,2
110122,1,2
110222,1,2
110322,1,2
110422,1,2
110522,1,2
110622,1,2
110722,1,2
110822,1,2
110922,1,2
111022,1,2
111122,1,2
111222,1,2
111322,1,2
111422,1,2
111522,1,2
111622,1,2
111722,1,2
111822,1,2
111951,0,0
112051,0,0
112151,0,0
112251,0,0
112351,0,0
112451,0,0
112551,0,0
112651,0,0
112751,0,0
112851,0,0
112951,0,0
113051,0,0
113151,0,0
113251,0,0
113352,0,0
113452,0,0
113552,0,0
113652,0,0
113752,0,0
113852,0,0
113952,0,0
114052,0,0
114152,0,0
114252,0,0
114352,0,0
114452,0,0
114552,0,0
114652,0,0
114752,0,0
114852,0,0
114952,0,0
115052,0,0
115152,0,0
115252,0,0
115352,0,0
115452,0,0
115552,0,0
115652,0,0
115752,0,0
115852,0,0
115952,0,0
116052,0,0
116152,0,0
116253,0,0
116353,0,0
116453,0,0
116553,0,0
116653,0,0
116753,0,0
116853,0,0
116953,0,0
117053,0,0
117153,0,0
117253,0,0
117353,0,0
117453,0,0
117553,0,0
117653,0,0
117753,0,0
117853,0,0
117953,0,0
118053,0,0
118153,0,0
118253,0,0
118353,0,0
118453,0,0
118553,0,0
118653,0,0
118753,0,0
118853,0,0
118953,0,0
119053,0,0
119154,0,0
119254,0,0
119354,0,0
119454,0,0
119554,0,0
119654,0,0
119754,0,0
119854,0,0
119954,0,0
120054,0,0
120154,0,0
120254,0,0
120354,0,0
120454,0,0
120554,0,0
120654,0,0
120754,0,0
120854,0,0
120954,0,0
121054,0,0
121154,0,0
121254,0,0
121354,0,0
121454,0,0
121554,0,0
121654,0,0
121754,0,0
121854,0,0
121954,0,0
122054,0,0
122154,0,0
122254,0,0
122354,0,0
122454,0,0
122554,0,0
122654,0,0
122754,0,0
122854,0,0
122954,0,0
123054,0,0
123154,0,0
123254,0,0
123354,0,0
123454,0,0
123554,0,0
123654,0,0
123754,0,0
123854,0,0
123954,0,0
124054,0,0
124154,0,0
124254,0,0
124354,0,0
124454,0,0
124554,0,0
124654,0,0
124754,0,0
124854,0,0
124954,0,0
125054,0,0
125154,0,0
125254,0,0
125354,0,0
125454,0,0
125554,0,0
125654,0,0
125754,0,0
125854,0,0
125992,0,0
126092,0,0
126211,0,0
126311,0,0
126411,0,0
126511,0,0
126611,0,0
126711,0,0
126811,0,0
126911,0,0
127011,0,0
127111,0,0
127211,0,0
127311,0,0
127411,0,0
127512,0,0
127612,0,0
127712,0,0
127812,0,0
127912,0,0
128012,0,0
128112,0,0
128212,0,0
128312,0,0
128412,0,0
128512,0,0
128612,0,0
128712,0,0
128812,0,0
128912,0,0
129012,0,0
129112,0,0
129212,0,0
129312,0,0
129412,0,0
129512,0,0
129612,0,0
129712,0,0
129812,0,0
129912,0,0
130011,0,0
130111,0,0
130211,0,0
130311,0,0
130411,0,0
130511,0,0
130611,0,0
130711,0,0
130811,0,0
130911,0,0
131011,0,0
131111,0,0
131211,0,0
131311,0,0
131411,0,0
131511,0,0
131611,0,0
131711,0,0
131811,0,0
131911,0,0
132011,0,0
132111,0,0
132211,0,0
132311,0,0
132411,0,0
132511,0,0
132611,0,0
132711,0,0
132811,0,0
132911,0,0
133011,0,0
133111,0,0
133211,0,0
133311,0,0
133411,0,0
133511,0,0
133611,0,0
133711,0,0
133811,0,0
133911,0,0
134011,0,0
134108,0,0
134208,0,0
134308,0,0
134408,0,0
134508,0,0
134608,0,0
134708,0,0
134808,0,0
134908,0,0
135008,0,0
135108,0,0
135208,0,0
135308,0,0
135408,0,0
135508,0,0
135608,0,0
135708,0,0
135808,0,0
135908,0,0
136008,0,0
136108,0,0
136208,0,0
136308,0,0
136408,0,0
136508,0,0
136608,0,0
136708,0,0
136808,0,0
136908,0,0
137008,0,0
137108,0,0
137208,0,0
137308,0,0
137408,0,0
137508,0,0
137608,0,0
137708,0,0
137808,0,0
137908,0,0
138008,0,0
138107,0,0
138207,0,0
138307,0,0
138407,0,0
138507,0,0
138607,0,0
138707,0,0
138807,0,0
138907,0,0
139007,0,0
139107,0,0
139207,0,0
139307,0,0
139407,0,0
139507,0,0
139607,0,0
139707,0,0
139807,0,0
139907,0,0
140007,0,0
140107,0,0
140207,0,0
140307,0,0
140407,0,0
140507,0,0
140607,0,0
140707,0,0
140807,0,0
140907,0,0
141007,0,0
141107,0,0
141207,0,0
141307,0,0
141407,0,0
141507,0,0
141607,0,0
141707,0,0
141807,0,0
141907,0,0
142007,0,0
142106,0,0
142206,0,0
142306,0,0
142406,0,0
142506,0,0
142606,0,0
142706,0,0
142806,0,0
142906,0,0
143006,0,0
143106,0,0
143206,0,0
143306,0,0
143406,0,0
143506,0,0
143606,0,0
143706,0,0
143806,0,0
143906,0,0
144006,0,0
144106,0,0
144206,0,0
144306,0,0
144406,0,0
144506,0,0
144606,0,0
144706,0,0
144806,0,0
144906,0,0
145006,0,0
145106,0,0
145206,0,0
145306,0,0
145406,0,0
145506,0,0
145606,0,0
145706,0,0
145806,0,0
145906,0,0
146006,0,0
146104,0,0
146204,0,0
146304,0,0
146404,0,0
146504,0,0
146604,0,0
146704,0,0
146804,0,0
146904,0,0
147004,0,0
147104,0,0
147204,0,0
147304,0,0
147404,0,0
147504,0,0
147604,0,0
147704,0,0
147804,0,0
147904,0,0
148004,0,0
148104,0,0
148204,0,0
148304,0,0
148404,0,0
148504,0,0
148604,0,0
148704,0,0
148804,0,0
148904,0,0
149004,0,0
149104,0,0
149204,0,0
149304,0,0
149404,0,0
149504,0,0
149604,0,0
149704,0,0
149804,0,0
149904,0,0
150004,0,0
150102,0,0
150202,0,0
150302,0,0
150402,0,0
150502,0,0
150602,0,0
150702,0,0
150802,0,0
150902,0,0
151002,0,0
151102,0,0
151202,0,0
151302,0,0
151402,0,0
151502,0,0
151602,0,0
151702,0,0
151802,0,0
151902,0,0
152002,0,0
152102,0,0
152202,0,0
152302,0,0
152402,0,0
152502,0,0
152602,0,0
152702,0,0
152802,0,0
152902,0,0
153002,0,0
153102,0,0
153202,0,0
153302,0,0
153402,0,0
153502,0,0
153602,0,0
153702,0,0
153802,0,0
153902,0,0
154002,0,0
154100,0,0
154200,0,0
154300,0,0
154400,0,0
154500,0,0
154600,0,0
154700,0,0
154800,0,0
154900,0,0
155000,0,0
155100,0,0
155200,0,0
155300,0,0
155400,0,0
155500,0,0
155600,0,0
155700,0,0
155800,0,0
155900,0,0
156000,0,0
156100,0,0
156200,0,0
156300,0,0
156400,0,0
156500,0,0
156600,0,0
156700,0,0
156800,0,0
156900,0,0
157000,0,0
157100,0,0
157200,0,0
157300,0,0
157400,0,0
157500,0,0
157600,0,0
157700,0,0
157800,0,0
157900,0,0
158000,0,0
158100,0,0
158200,0,0
158300,0,0
158400,0,0
158500,0,0
158600,0,0
158700,0,0
158800,0,0
158900,0,0
159000,0,0
159100,0,0
159200,0,0
159300,0,0
159400,0,0
159500,0,0
159600,0,0
159700,0,0
159800,0,0
159900,0,0
160000,0,0
160100,0,0
160200,0,0
160300,0,0
160400,0,0
160500,0,0
160600,0,0
160700,0,0
160800,0,0
160900,0,0
161000,0,0
161100,0,0
161200,0,0
161300,0,0
161400,0,0
161500,0,0
161600,0,0
161700,0,0
161800,0,0
161900,0,0
162000,0,0
162097,0,0
162197,0,0
162297,0,0
162397,0,0
162497,0,0
162597,0,0
162697,0,0
162797,0,0
162897,0,0
162997,0,0
163097,0,0
163197,0,0
163297,0,0
163397,0,0
163497,0,0
163597,0,0
163697,0,0
163797,0,0
163897,0,0
163997,0,0
164097,0,0
164197,0,0
164297,0,0
164397,0,0
164497,0,0
164597,0,0
164697,0,0
164797,0,0
164897,0,0
164997,0,0
165097,0,0
165197,0,0
165297,0,0
165397,0,0
165497,0,0
165597,0,0
165697,0,0
165797,0,0
165897,0,0
165997,0,0
166095,0,0
166195,0,0
166295,0,0
166395,0,0
166495,0,0
166595,0,0
166695,0,0
166795,0,0
166895,0,0
166995,0,0
167095,0,0
167195,0,0
167295,0,0
167395,0,0
167495,0,0
167595,0,0
167695,0,0
167795,0,0
167895,0,0
167995,0,0
168095,0,0
168195,0,0
168295,0,0
168395,0,0
168495,0,0
168595,0,0
168695,0,0
168795,0,0
168895,0,0
168995,0,0
169095,0,0
169195,0,0
169295,0,0
169395,0,0
169495,0,0
169595,0,0
169695,0,0
169795,0,0
169895,0,0
169995,0,0
170095,0,0
170195,0,0
170295,0,0
170395,0,0
170495,0,0
170595,0,0
170695,0,0
170795,0,0
170895,0,0
170995,0,0
171095,0,0
171195,0,0
171295,0,0
171395,0,0
171495,0,0
171595,0,0
171695,0,0
171795,0,0
171895,0,0
171995,0,0
172095,0,0
172195,0,0
172295,0,0
172395,0,0
172495,0,0
172595,0,0
172695,0,0
172795,0,0
172895,0,0
172995,0,0
173095,0,0
173195,0,0
173295,0,0
173395,0,0
173495,0,0
173595,0,0
173695,0,0
173795,0,0
173895,0,0
173995,0,0
174095,0,0
174195,0,0
174295,0,0
174395,0,0
174495,0,0
174595,0,0
174695,0,0
174795,0,0
174895,0,0
174995,0,0
175095,0,0
175195,0,0
175295,0,0
175395,0,0
175495,0,0
175595,0,0
175695,0,0
175795,0,0
175895,0,0
175995,0,0
176095,0,0
176195,0,0
176295,0,0
176395,0,0
176495,0,0
176595,0,0
176695,0,0
176795,0,0
176895,0,0
176995,0,0
177095,0,0
177195,0,0
177295,0,0
177395,0,0
177495,0,0
177595,0,0
177695,0,0
177795,0,0
177895,0,0
177995,0,0
178095,0,0
178195,0,0
178295,0,0
178395,0,0
178495,0,0
178595,0,0
178695,0,0
178795,0,0
178895,0,0
178995,0,0
179095,0,0
179195,0,0
179295,0,0
179395,0,0
179495,0,0
179595,0,0
179695,0,0
179795,0,0
179895,0,0
179995,0,0
180095,0,0
180195,0,0
180295,0,0
180395,0,0
180495,0,0
180595,0,0
180695,0,0
180795,0,0
180895,0,0
180995,0,0
181095,0,0
181195,0,0
181295,0,0
181395,0,0
181495,0,0
181595,0,0
181695,0,0
181795,0,0
181895,0,0
181995,0,0
182095,0,0
182195,0,0
182295,0,0
182395,0,0
182495,0,0
182595,0,0
182695,0,0
182795,0,0
182895,0,0
182995,0,0
183095,0,0
183195,0,0
183295,0,0
183395,0,0
183495,0,0
183595,0,0
183695,0,0
183795,0,0
183895,0,0
183995,0,0
184095,0,0
184195,0,0
184295,0,0
184395,0,0
184495,0,0
184595,0,0
184695,0,0
184795,0,0
184895,0,0
184995,0,0
185095,0,0
185195,0,0
185295,0,0
185395,0,0
185495,0,0
185595,0,0
185695,0,0
185795,0,0
185895,0,0
185995,0,0
186095,0,0
186187,0,0
186287,0,0
186387,0,0
186487,0,0
186587,0,0
186687,0,0
186787,0,0
186887,0,0
186987,0,0
187087,0,0
187187,0,0
187287,0,0
187387,0,0
187487,0,0
187587,0,0
187687,0,0
187787,0,0
187887,0,0
187987,0,0
188087,0,0
188187,0,0
188287,0,0
188387,0,0
188487,0,0
188587,0,0
188687,0,0
188787,0,0
188887,0,0
188987,0,0
189087,0,0
189187,0,0
189287,0,0
189387,0,0
189487,0,0
189587,0,0
189687,0,0
189787,0,0
189887,0,0
189987,0,0
190087,0,0
190185,0,0
190285,0,0
190385,0,0
190485,0,0
190585,0,0
190685,0,0
190785,0,0
190885,0,0
190985,0,0
191085,0,0
191185,0,0
191285,0,0
191385,0,0
191485,0,0
191585,0,0
191685,0,0
191785,0,0
191885,0,0
191985,0,0
192085,0,0
192185,0,0
192285,0,0
192385,0,0
192485,0,0
192585,0,0
192685,0,0
192785,0,0
192885,0,0
192985,0,0
193085,0,0
193185,0,0
193285,0,0
193385,0,0
193485,0,0
193585,0,0
193685,0,0
193785,0,0
193885,0,0
193985,0,0
194085,0,0
194184,0,0
194284,0,0
194384,0,0
194484,0,0
194584,0,0
194684,0,0
194784,0,0
194884,0,0
194984,0,0
195084,0,0
195184,0,0
195284,0,0
195384,0,0
195484,0,0
195584,0,0
195684,0,0
195784,0,0
195884,0,0
195984,0,0
196084,0,0
196184,0,0
196284,0,0
196384,0,0
196484,0,0
196584,0,0
196684,0,0
196784,0,0
196884,0,0
196984,0,0
197084,0,0
197184,0,0
197284,0,0
197384,0,0
197484,0,0
197584,0,0
197684,0,0
197784,0,0
197884,0,0
197984,0,0
198084,0,0
198181,0,0
198281,0,0
198381,0,0
198481,0,0
198581,0,0
198681,0,0
198781,0,0
198881,0,0
198981,0,0
199081,0,0
199181,0,0
199281,0,0
199381,0,0
199481,0,0
199581,0,0
199681,0,0
199781,0,0
199881,0,0
199981,0,0
200081,0,0
200181,0,0
200281,0,0
200381,0,0
200481,0,0
200581,0,0
200681,0,0
200781,0,0
200881,0,0
200981,0,0
201081,0,0
201181,0,0
201281,0,0
201381,0,0
201481,0,0
201581,0,0
201681,0,0
201781,0,0
201881,0,0
201981,0,0
202081,0,0
202181,0,0
202281,0,0
202381,0,0
202481,0,0
202581,0,0
202681,0,0
202781,0,0
202881,0,0
202981,0,0
203081,0,0
203181,0,0
203281,0,0
203381,0,0
203481,0,0
203581,0,0
203681,0,0
203781,0,0
203881,0,0
203981,0,0
204081,0,0
204181,0,0
204281,0,0
204381,0,0
204481,0,0
204581,0,0
204681,0,0
204781,0,0
204881,0,0
204981,0,0
205081,0,0
205181,0,0
205281,0,0
205381,0,0
205481,0,0
205581,0,0
205681,0,0
205781,0,0
205881,0,0
205981,0,0
206081,0,0
206178,0,0
206278,0,0
206378,0,0
206478,0,0
206578,0,0
206678,0,0
206778,0,0
206878,0,0
206978,0,0
207078,0,0
207178,0,0
207278,0,0
207378,0,0
207478,0,0
207578,0,0
207678,0,0
207778,0,0
207878,0,0
207978,0,0
208078,0,0
208178,0,0
208278,0,0
208378,0,0
208478,0,0
208578,0,0
208678,0,0
208778,0,0
208878,0,0
208978,0,0
209078,0,0
209178,0,0
209278,0,0
209378,0,0
209478,0,0
209578,0,0
209678,0,0
209778,0,0
209878,0,0
209978,0,0
210078,0,0
210177,0,0
210277,0,0
210377,0,0
210477,0,0
210577,0,0
210677,0,0
210777,0,0
210877,0,0
210977,0,0
211077,0,0
211177,0,0
211277,0,0
211377,0,0
211477,0,0
211577,0,0
211677,0,0
211777,0,0
211877,0,0
211977,0,0
212077,0,0
212177,0,0
212277,0,0
212377,0,0
212477,0,0
212577,0,0
212677,0,0
212777,0,0
212877,0,0
212977,0,0
213077,0,0
213177,0,0
213277,0,0
213377,0,0
213477,0,0
213577,0,0
213677,0,0
213777,0,0
213877,0,0
213977,0,0
214077,0,0
214175,0,0
214275,0,0
214375,0,0
214475,0,0
214575,0,0
214675,0,0
214775,0,0
214875,0,0
214975,0,0
215075,0,0
215175,0,0
215275,0,0
215375,0,0
215475,0,0
215575,0,0
215675,0,0
215775,0,0
215875,0,0
215975,0,0
216075,0,0
216175,0,0
216275,0,0
216375,0,0
216475,0,0
216575,0,0
216675,0,0
216775,0,0
216875,0,0
216975,0,0
217075,0,0
217175,0,0
217275,0,0
217375,0,0
217475,0,0
217575,0,0
217675,0,0
217775,0,0
217875,0,0
217975,0,0
218075,0,0
218173,0,0
218273,0,0
218373,0,0
218473,0,0
218573,0,0
218673,0,0
218773,0,0
218873,0,0
218973,0,0
219073,0,0
219173,0,0
219273,0,0
219373,0,0
219473,0,0
219573,0,0
219673,0,0
219773,0,0
219873,0,0
219973,0,0
220073,0,0
220173,0,0
220273,0,0
220373,0,0
220473,0,0
220573,0,0
220673,0,0
220773,0,0
220873,0,0
220973,0,0
221073,0,0
221173,0,0
221273,0,0
221373,0,0
221473,0,0
221573,0,0
221673,0,0
221773,0,0
221873,0,0
221973,0,0
222073,0,0
222172,0,0
222272,0,0
222372,0,0
222472,0,0
222572,0,0
222672,0,0
222772,0,0
222872,0,0
222972,0,0
223072,0,0
223172,0,0
223272,0,0
223372,0,0
223472,0,0
223572,0,0
223672,0,0
223772,0,0
223872,0,0
223972,0,0
224072,0,0
224172,0,0
224272,0,0
224372,0,0
224472,0,0
224572,0,0
224672,0,0
224772,0,0
224872,0,0
224972,0,0
225072,0,0
225172,0,0
225272,0,0
225372,0,0
225472,0,0
225572,0,0
225672,0,0
225772,0,0
225872,0,0
225972,0,0
226072,0,0
226172,0,0
226272,0,0
226372,0,0
226472,0,0
226572,0,0
226672,0,0
226772,0,0
226872,0,0
226972,0,0
227072,0,0
227172,0,0
227272,0,0
227372,0,0
227472,0,0
227572,0,0
227672,0,0
227772,0,0
227872,0,0
227972,0,0
228072,0,0
228172,0,0
228272,0,0
228372,0,0
228472,0,0
228572,0,0
228672,0,0
228772,0,0
228872,0,0
228972,0,0
229072,0,0
229172,0,0
229272,0,0
229372,0,0
229472,0,0
229572,0,0
229672,0,0
229772,0,0
229872,0,0
229972,0,0
230072,0,0
230172,0,0
230272,0,0
230372,0,0
230472,0,0
230572,0,0
230672,0,0
230772,0,0
230872,0,0
230972,0,0
231072,0,0
231172,0,0
231272,0,0
231372,0,0
231472,0,0
231572,0,0
231672,0,0
231772,0,0
231872,0,0
231972,0,0
232072,0,0
232172,0,0
232272,0,0
232372,0,0
232472,0,0
232572,0,0
232672,0,0
232772,0,0
232872,0,0
232972,0,0
233072,0,0
233172,0,0
233272,0,0
233372,0,0
233472,0,0
233572,0,0
233672,0,0
233772,0,0
233872,0,0
233972,0,0
234072,0,0
234172,0,0
234272,0,0
234372,0,0
234472,0,0
234572,0,0
234672,0,0
234772,0,0
234872,0,0
234972,0,0
235072,0,0
235172,0,0
235272,0,0
235372,0,0
235472,0,0
235572,0,0
235672,0,0
235772,0,0
235872,0,0
235972,0,0
236072,0,0
236172,0,0
236272,0,0
236372,0,0
236472,0,0
236572,0,0
236672,0,0
236772,0,0
236872,0,0
236972,0,0
237072,0,0
237172,0,0
237272,0,0
237372,0,0
237472,0,0
237572,0,0
237672,0,0
237772,0,0
237872,0,0
237972,0,0
238072,0,0
238172,0,0
238272,0,0
238372,0,0
238472,0,0
238572,0,0
238672,0,0
238772,0,0
238872,0,0
238972,0,0
239072,0,0
239172,0,0
239272,0,0
239372,0,0
239472,0,0
239572,0,0
239672,0,0
239772,0,0
239872,0,0
239972,0,0
240072,0,0
240172,0,0
240272,0,0
240372,0,0
240472,0,0
240572,0,0
240672,0,0
240772,0,0
240872,0,0
240972,0,0
241072,0,0
241172,0,0
241272,0,0
241372,0,0
241472,0,0
241572,0,0
241672,0,0
241772,0,0
241872,0,0
241972,0,0
242072,0,0
242172,0,0
242272,0,0
242372,0,0
242472,0,0
242572,0,0
242672,0,0
242772,0,0
242872,0,0
242963,0,0
243063,0,0
243163,0,0
243263,0,0
243374,0,0
243474,0,0
243574,0,0
243674,0,0
243774,0,0
243874,0,0
243974,0,0
244074,0,0
244174,0,0
244274,0,0
244374,0,0
244474,0,0
244574,0,0
244674,0,0
244774,0,0
244874,0,0
244974,0,0
245074,0,0
245174,0,0
245274,0,0
245374,0,0
245474,0,0
245574,0,0
245674,0,0
245774,0,0
245874,0,0
245974,0,0
246074,0,0
246174,0,0
246274,0,0
246375,0,0
246475,0,0
246575,0,0
246675,0,0
246775,0,0
246875,0,0
246965,0,0
247065,0,0
247165,0,0
247265,0,0
247365,0,0
247465,0,0
247565,0,0
247665,0,0
247765,0,0
247865,0,0
247965,0,0
248065,0,0
248165,0,0
248265,0,0
248365,0,0
248465,0,0
248565,0,0
248665,0,0
248765,0,0
248865,0,0
248965,0,0
249065,0,0
249165,0,0
249265,0,0
249365,0,0
249465,0,0
249565,0,0
249665,0,0
249765,0,0
249865,0,0
249965,0,0
250065,0,0
250165,0,0
250265,0,0
250365,0,0
250465,0,0
250565,0,0
250665,0,0
250765,0,0
250865,0,0
250972,0,0
251072,0,0
251172,0,0
251272,0,0
251372,0,0
251472,0,0
251572,0,0
251672,0,0
251772,0,0
251872,0,0
251972,0,0
252072,0,0
252172,0,0
252272,0,0
252372,0,0
252472,0,0
252572,0,0
252672,0,0
252772,0,0
252872,0,0
252972,0,0
253072,0,0
253172,0,0
253272,0,0
253372,0,0
253472,0,0
253572,0,0
253672,0,0
253772,0,0
253872,0,0
253972,0,0
254072,0,0
254172,0,0
254272,0,0
254372,0,0
254472,0,0
254572,0,0
254672,0,0
254772,0,0
254872,0,0
254971,0,0
255071,0,0
255171,0,0
255271,0,0
255371,0,0
255471,0,0
255571,0,0
255671,0,0
255771,0,0
255871,0,0
255971,0,0
256071,0,0
256171,0,0
256271,0,0
256371,0,0
256471,0,0
256571,0,0
256671,0,0
256771,0,0
256871,0,0
256971,0,0
257071,0,0
257171,0,0
257271,0,0
257371,0,0
257471,0,0
257571,0,0
257671,0,0
257771,0,0
257871,0,0
257971,0,0
258071,0,0
258171,0,0
258271,0,0
258371,0,0
258471,0,0
258571,0,0
258671,0,0
258771,0,0
258871,0,0
258968,0,0
259068,0,0
259168,0,0
259268,0,0
259368,0,0
259468,0,0
259568,0,0
259668,0,0
259768,0,0
259868,0,0
259968,0,0
260068,0,0
260168,0,0
260268,0,0
260368,0,0
260468,0,0
260568,0,0
260668,0,0
260768,0,0
260868,0,0
260968,0,0
261068,0,0
261168,0,0
261268,0,0
261368,0,0
261468,0,0
261568,0,0
261668,0,0
261768,0,0
261868,0,0
261968,0,0
262068,0,0
262168,0,0
262268,0,0
262368,0,0
262468,0,0
262568,0,0
262668,0,0
262768,0,0
262868,0,0
262966,0,0
263066,0,0
263166,0,0
263266,0,0
263366,0,0
263466,0,0
263566,0,0
263666,0,0
263766,0,0
263866,0,0
263966,0,0
264066,0,0
264166,0,0
264266,0,0
264366,0,0
264466,0,0
264566,0,0
264666,0,0
264766,0,0
264866,0,0
264966,0,0
265066,0,0
265166,0,0
265266,0,0
265366,0,0
265466,0,0
265566,0,0
265666,0,0
265766,0,0
265866,0,0
265966,0,0
266066,0,0
266166,0,0
266266,0,0
266366,0,0
266466,0,0
266566,0,0
266666,0,0
266766,0,0
266866,0,0
266964,0,0
267064,0,0
267164,0,0
267264,0,0
267364,0,0
267464,0,0
267564,0,0
267664,0,0
267764,0,0
267864,0,0
267964,0,0
268064,0,0
268164,0,0
268264,0,0
268364,0,0
268464,0,0
268564,0,0
268664,0,0
268764,0,0
268864,0,0
268964,0,0
269064,0,0
269164,0,0
269264,0,0
269364,0,0
269464,0,0
269564,0,0
269664,0,0
269764,0,0
269864,0,0
269964,0,0
270064,0,0
270164,0,0
270264,0,0
270364,0,0
270464,0,0
270564,0,0
270664,0,0
270764,0,0
270864,0,0
270963,0,0
271063,0,0
271163,0,0
271263,0,0
271363,0,0
271463,0,0
271563,0,0
271663,0,0
271763,0,0
271863,0,0
271963,0,0
272063,0,0
272163,0,0
272263,0,0
272363,0,0
272463,0,0
272563,0,0
272663,0,0
272763,0,0
272863,0,0
272963,0,0
273063,0,0
273163,0,0
273263,0,0
273363,0,0
273463,0,0
273563,0,0
273663,0,0
273763,0,0
273863,0,0
273963,0,0
274063,0,0
274163,0,0
274263,0,0
274363,0,0
274463,0,0
274563,0,0
274663,0,0
274763,0,0
274863,0,0
274961,0,0
275061,0,0
275161,0,0
275261,0,0
275361,0,0
275461,0,0
275561,0,0
275661,0,0
275761,0,0
275861,0,0
275961,0,0
276061,0,0
276161,0,0
276261,0,0
276361,0,0
276461,0,0
276561,0,0
276661,0,0
276761,0,0
276861,0,0
276961,0,0
277061,0,0
277161,0,0
277261,0,0
277361,0,0
277461,0,0
277561,0,0
277661,0,0
277761,0,0
277861,0,0
277961,0,0
278061,0,0
278161,0,0
278261,0,0
278361,0,0
278461,0,0
278561,0,0
278661,0,0
278761,0,0
278861,0,0
278959,0,0
279059,0,0
279159,0,0
279259,0,0
279359,0,0
279459,0,0
279559,0,0
279659,0,0
279759,0,0
279859,0,0
279959,0,0
280059,0,0
280159,0,0
280259,0,0
280359,0,0
280459,0,0
280559,0,0
280659,0,0
280759,0,0
280859,0,0
280959,0,0
281059,0,0
281159,0,0
281259,0,0
281359,0,0
281459,0,0
281559,0,0
281659,0,0
281759,0,0
281859,0,0
281959,0,0
282059,0,0
282159,0,0
282259,0,0
282359,0,0
282459,0,0
282559,0,0
282659,0,0
282759,0,0
282859,0,0
282959,0,0
283059,0,0
283159,0,0
283259,0,0
283359,0,0
283459,0,0
283559,0,0
283659,0,0
283759,0,0
283859,0,0
283959,0,0
284059,0,0
284159,0,0
284259,0,0
284359,0,0
284459,0,0
284559,0,0
284659,0,0
284759,0,0
284859,0,0
284959,0,0
285059,0,0
285159,0,0
285259,0,0
285359,0,0
285459,0,0
285559,0,0
285659,0,0
285759,0,0
285859,0,0
285959,0,0
286059,0,0
286159,0,0
286259,0,0
286359,0,0
286459,0,0
286559,0,0
286659,0,0
286759,0,0
286859,0,0
286959,0,0
287059,0,0
287159,0,0
287259,0,0
287359,0,0
287459,0,0
287559,0,0
287659,0,0
287759,0,0
287859,0,0
287959,0,0
288059,0,0
288159,0,0
288259,0,0
288359,0,0
288459,0,0
288559,0,0
288659,0,0
288759,0,0
288859,0,0
288959,0,0
289059,0,0
289159,0,0
289259,0,0
289359,0,0
289459,0,0
289559,0,0
289659,0,0
289759,0,0
289859,0,0
289959,0,0
290059,0,0
290159,0,0
290259,0,0
290359,0,0
290459,0,0
290559,0,0
290659,0,0
290759,0,0
290859,0,0
290959,0,0
291059,0,0
291159,0,0
291259,0,0
291359,0,0
291459,0,0
291559,0,0
291659,0,0
291759,0,0
291859,0,0
291959,0,0
292059,0,0
292159,0,0
292259,0,0
292359,0,0
292459,0,0
292559,0,0
292659,0,0
292759,0,0
292859,0,0
292959,0,0
293059,0,0
293159,0,0
293259,0,0
293359,0,0
293459,0,0
293559,0,0
293659,0,0
293759,0,0
293859,0,0
293959,0,0
294059,0,0
294159,0,0
294259,0,0
294359,0,0
294459,0,0
294559,0,0
294659,0,0
294759,0,0
294859,0,0
294959,0,0
295059,0,0
295159,0,0
295259,0,0
295359,0,0
295459,0,0
295559,0,0
295659,0,0
295759,0,0
295859,0,0
295959,0,0
296059,0,0
296159,0,0
296259,0,0
296359,0,0
296459,0,0
296559,0,0
296659,0,0
296759,0,0
296859,0,0
296959,0,0
297059,0,0
297159,0,0
297259,0,0
297359,0,0
297459,0,0
297559,0,0
297659,0,0
297759,0,0
297859,0,0
297959,0,0
298059,0,0
298159,0,0
298259,0,0
298359,0,0
298459,0,0
298559,0,0
298659,0,0
298759,0,0
298859,0,0
298959,0,0
299059,0,0
299159,0,0
299259,0,0
299359,0,0
299459,0,0
299559,0,0
299651,0,0
299751,0,0
299851,0,0
299962,0,0
300061,0,0
300161,0,0
300261,0,0
300361,0,0
300461,0,0
300561,0,0
300661,0,0
300761,0,0
300861,0,0
300961,0,0
301061,0,0
301161,0,0
301261,0,0
301361,0,0
301461,0,0
301562,0,0
301662,0,0
301762,0,0
301862,0,0
301962,0,0
302062,0,0
302162,0,0
302262,0,0
302362,0,0
302462,0,0
302562,0,0
302662,0,0
302762,0,0
302862,0,0
302962,0,0
303062,0,0
303162,0,0
303262,0,0
303362,0,0
303462,0,0
303562,0,0
303660,0,0
303760,0,0
303860,0,0
303960,0,0
304060,0,0
304160,0,0
304260,0,0
304360,0,0
304461,0,0
304561,0,0
304661,0,0
304761,0,0
304861,0,0
304971,0,0
305071,0,0
305171,0,0
305272,0,0
305372,0,0
305472,0,0
305572,0,0
305672,0,0
305772,0,0
305872,0,0
305972,0,0
306072,0,0
306172,0,0
306272,0,0
306372,0,0
306472,0,0
306572,0,0
306672,0,0
306772,0,0
306872,0,0
306972,0,0
307072,0,0
307172,0,0
307272,0,0
307372,0,0
307472,0,0
307572,0,0
307671,0,0
307771,0,0
307871,0,0
307971,0,0
308071,0,0
308172,0,0
308272,0,0
308372,0,0
308472,0,0
308572,0,0
308672,0,0
308772,0,0
308872,0,0
308972,0,0
309072,0,0
309172,0,0
309272,0,0
309372,0,0
309472,0,0
309572,0,0
309672,0,0
309772,0,0
309872,0,0
309972,0,0
310072,0,0
310172,0,0
310272,0,0
310372,0,0
310472,0,0
310572,0,0
310672,0,0
310772,0,0
310872,0,0
310972,0,0
311072,0,0
311172,0,0
311272,0,0
311372,0,0
311472,0,0
311572,0,0
311669,0,0
311769,0,0
311869,0,0
311969,0,0
312069,0,0
312169,0,0
312269,0,0
312369,0,0
312469,0,0
312569,0,0
312669,0,0
312769,0,0
312869,0,0
312969,0,0
313069,0,0
313169,0,0
313269,0,0
313369,0,0
313469,0,0
313569,0,0
313669,0,0
313769,0,0
313869,0,0
313969,0,0
314069,0,0
314169,0,0
314269,0,0
314369,0,0
314469,0,0
314569,0,0
314669,0,0
314769,0,0
314869,0,0
314969,0,0
315069,0,0
315169,0,0
315269,0,0
315369,0,0
315469,0,0
315569,0,0
315669,0,0
315769,0,0
315869,0,0
315969,0,0
316069,0,0
316169,0,0
316269,0,0
316369,0,0
316469,0,0
316569,0,0
316669,0,0
316769,0,0
316869,0,0
316969,0,0
317069,0,0
317180,0,0
317280,0,0
317380,0,0
317480,0,0
317580,0,0
317680,0,0
317780,0,0
317880,0,0
317980,0,0
318080,0,0
318180,0,0
318281,0,0
318381,0,0
318481,0,0
318581,0,0
318681,0,0
318781,0,0
318881,0,0
318981,0,0
319081,0,0
319181,0,0
319281,0,0
319381,0,0
319481,0,0
319581,0,0
319679,0,0
319779,0,0
319879,0,0
319979,0,0
320079,0,0
320179,0,0
320279,0,0
320379,0,0
320479,0,0
320579,0,0
320679,0,0
320779,0,0
320879,0,0
320979,0,0
321079,0,0
321179,0,0
321279,0,0
321379,0,0
321479,0,0
321579,0,0
321679,0,0
321779,0,0
321879,0,0
321979,0,0
322079,0,0
322179,0,0
322279,0,0
322379,0,0
322479,0,0
322579,0,0
322679,0,0
322779,0,0
322879,0,0
322979,0,0
323079,0,0
323179,0,0
323279,0,0
323379,0,0
323479,0,0
323579,0,0
323677,0,0
323777,0,0
323877,0,0
323977,0,0
324077,0,0
324177,0,0
324277,0,0
324377,0,0
324477,0,0
324577,0,0
324677,0,0
324777,0,0
324877,0,0
324977,0,0
325077,0,0
325177,0,0
325277,0,0
325377,0,0
325477,0,0
325577,0,0
325677,0,0
325777,0,0
325877,0,0
325977,0,0
326077,0,0
326177,0,0
326277,0,0
326377,0,0
326477,0,0
326577,0,0
326677,0,0
326777,0,0
326877,0,0
326977,0,0
327077,0,0
327177,0,0
327277,0,0
327377,0,0
327477,0,0
327577,0,0
327675,0,0
327775,0,0
327875,0,0
327975,0,0
328075,0,0
328175,0,0
328275,0,0
328375,0,0
328475,0,0
328575,0,0
328675,0,0
328775,0,0
328875,0,0
328975,0,0
329075,0,0
329175,0,0
329275,0,0
329375,0,0
329475,0,0
329575,0,0
329675,0,0
329775,0,0
329875,0,0
329975,0,0
330079,0,0
330179,0,0
330279,0,0
330379,0,0
330479,0,0
330579,0,0
330679,0,0
330779,0,0
330879,0,0
330979,0,0
331079,0,0
331179,0,0
331279,0,0
331379,0,0
331479,0,0
331579,0,0
331677,0,0
331777,0,0
331877,0,0
331977,0,0
332077,0,0
332177,0,0
332277,0,0
332377,0,0
332477,0,0
332577,0,0
332677,0,0
332777,0,0
332877,0,0
332977,0,0
333077,0,0
333177,0,0
333277,0,0
333377,0,0
333477,0,0
333577,0,0
333677,0,0
333777,0,0
333877,0,0
333977,0,0
334077,0,0
334177,0,0
334277,0,0
334377,0,0
334477,0,0
334577,0,0
334677,0,0
334777,0,0
334877,0,0
334977,0,0
335077,0,0
335177,0,0
335277,0,0
335377,0,0
335477,0,0
335577,0,0
335675,0,0
335775,0,0
335875,0,0
335975,0,0
336075,0,0
336175,0,0
336275,0,0
336375,0,0
336475,0,0
336575,0,0
336675,0,0
336775,0,0
336875,0,0
336975,0,0
337075,0,0
337175,0,0
337275,0,0
337375,0,0
337475,0,0
337575,0,0
337675,0,0
337775,0,0
337875,0,0
337975,0,0
338075,0,0
338175,0,0
338275,0,0
338375,0,0
338475,0,0
338575,0,0
338675,0,0
338775,0,0
338875,0,0
338975,0,0
339075,0,0
339175,0,0
339275,0,0
339375,0,0
339475,0,0
339575,0,0
339674,0,0
339774,0,0
339874,0,0
339974,0,0
340074,0,0
340174,0,0
340274,0,0
340374,0,0
340474,0,0
340574,0,0
340674,0,0
340774,0,0
340874,0,0
340974,0,0
341074,0,0
341174,0,0
341274,0,0
341374,0,0
341474,0,0
341574,0,0
341674,0,0
341774,0,0
341874,0,0
341974,0,0
342074,0,0
342174,0,0
342274,0,0
342374,0,0
342474,0,0
342574,0,0
342674,0,0
342774,0,0
342874,0,0
342974,0,0
343074,0,0
343174,0,0
343274,0,0
343374,0,0
343474,0,0
343574,0,0
343674,0,0
343774,0,0
343874,0,0
343974,0,0
344074,0,0
344174,0,0
344274,0,0
344374,0,0
344474,0,0
344574,0,0
344674,0,0
344774,0,0
344874,0,0
344974,0,0
345074,0,0
345174,0,0
345274,0,0
345374,0,0
345474,0,0
345574,0,0
345674,0,0
345774,0,0
345874,0,0
345974,0,0
346074,0,0
346174,0,0
346274,0,0
346374,0,0
346474,0,0
346574,0,0
346674,0,0
346774,0,0
346874,0,0
346974,0,0
347074,0,0
347174,0,0
347274,0,0
347374,0,0
347474,0,0
347574,0,0
347674,0,0
347774,0,0
347874,0,0
347974,0,0
348074,0,0
348174,0,0
348274,0,0
348374,0,0
348474,0,0
348574,0,0
348674,0,0
348774,0,0
348874,0,0
348974,0,0
349074,0,0
349174,0,0
349274,0,0
349374,0,0
349474,0,0
349574,0,0
349674,0,0
349774,0,0
349874,0,0
349974,0,0
350074,0,0
350174,0,0
350274,0,0
350374,0,0
350474,0,0
350574,0,0
350674,0,0
350774,0,0
350874,0,0
350974,0,0
351074,0,0
351174,0,0
351274,0,0
351374,0,0
351474,0,0
351574,0,0
351674,0,0
351774,0,0
351874,0,0
351974,0,0
352074,0,0
352174,0,0
352274,0,0
352374,0,0
352474,0,0
352574,0,0
352674,0,0
352774,0,0
352874,0,0
352974,0,0
353074,0,0
353174,0,0
353274,0,0
353374,0,0
353474,0,0
353574,0,0
353674,0,0
353774,0,0
353874,0,0
353974,0,0
354074,0,0
354174,0,0
354274,0,0
354374,0,0
354474,0,0
354574,0,0
354674,0,0
354774,0,0
354874,0,0
354974,0,0
355074,0,0
355174,0,0
355274,0,0
355374,0,0
355474,0,0
355574,0,0
355666,0,0
355766,0,0
355866,0,0
355966,0,0
356066,0,0
356166,0,0
356266,0,0
356366,0,0
356466,0,0
356566,0,0
356666,0,0
356766,0,0
356866,0,0
356966,0,0
357066,0,0
357166,0,0
357266,0,0
357366,0,0
357466,0,0
357566,0,0
357666,0,0
357766,0,0
357866,0,0
357966,0,0
358066,0,0
358166,0,0
358266,0,0
358366,0,0
358466,0,0
358566,0,0
358666,0,0
358766,0,0
358866,0,0
358966,0,0
359066,0,0
359166,0,0
359266,0,0
359366,0,0
359466,0,0
359566,0,0
359666,0,0
359766,0,0
359866,0,0
359966,0,0
360066,0,0
360166,0,0
360266,0,0
360366,0,0
360466,0,0
360566,0,0
360666,0,0
360766,0,0
360866,0,0
360966,0,0
361066,0,0
361166,0,0
361266,0,0
361366,0,0
361466,0,0
361566,0,0
361666,0,0
361766,0,0
361866,0,0
361966,0,0
362066,0,0
362166,0,0
362266,0,0
362366,0,0
362466,0,0
362566,0,0
362666,0,0
362766,0,0
362866,0,0
362966,0,0
363066,0,0
363166,0,0
363266,0,0
363366,0,0
363466,0,0
363566,0,0
363665,0,0
363765,0,0
363865,0,0
363965,0,0
364065,0,0
364165,0,0
364265,0,0
364365,0,0
364465,0,0
364565,0,0
364665,0,0
364765,0,0
364865,0,0
364965,0,0
365065,0,0
365165,0,0
365265,0,0
365365,0,0
365465,0,0
365565,0,0
365665,0,0
365765,0,0
365865,0,0
365965,0,0
366065,0,0
366165,0,0
366265,0,0
366365,0,0
366465,0,0
366565,0,0
366665,0,0
366765,0,0
366865,0,0
366965,0,0
367065,0,0
367165,0,0
367265,0,0
367365,0,0
367465,0,0
367565,0,0
367662,0,0
367762,0,0
367862,0,0
367962,0,0
368062,0,0
368162,0,0
368262,0,0
368362,0,0
368462,0,0
368562,0,0
368662,0,0
368762,0,0
368862,0,0
368962,0,0
369062,0,0
369162,0,0
369262,0,0
369362,0,0
369462,0,0
369562,0,0
369662,0,0
369762,0,0
369862,0,0
369962,0,0
370062,0,0
370162,0,0
370262,0,0
370362,0,0
370462,0,0
370562,0,0
370662,0,0
370762,0,0
370862,0,0
370962,0,0
371062,0,0
371162,0,0
371262,0,0
371362,0,0
371462,0,0
371562,0,0
371660,0,0
371760,0,0
371860,0,0
371960,0,0
372060,0,0
372160,0,0
372260,0,0
372360,0,0
372460,0,0
372560,0,0
372660,0,0
372760,0,0
372860,0,0
372960,0,0
373060,0,0
373160,0,0
373260,0,0
373360,0,0
373460,0,0
373560,0,0
373660,0,0
373760,0,0
373860,0,0
373960,0,0
374060,0,0
374160,0,0
374260,0,0
374360,0,0
374460,0,0
374560,0,0
374660,0,0
374760,0,0
374860,0,0
374960,0,0
375060,0,0
375160,0,0
375260,0,0
375360,0,0
375460,0,0
375560,0,0
375658,0,0
375758,0,0
375858,0,0
375958,0,0
376058,0,0
376158,0,0
376258,0,0
376358,0,0
376458,0,0
376558,0,0
376658,0,0
376758,0,0
376858,0,0
376958,0,0
377058,0,0
377158,0,0
377258,0,0
377358,0,0
377458,0,0
377558,0,0
377658,0,0
377758,0,0
377858,0,0
377958,0,0
378058,0,0
378158,0,0
378258,0,0
378358,0,0
378458,0,0
378558,0,0
378658,0,0
378758,0,0
378858,0,0
378958,0,0
379058,0,0
379165,0,0
379265,0,0
379365,0,0
379465,0,0
379566,0,0
379665,0,0
379765,0,0
379865,0,0
379965,0,0
380065,0,0
380165,0,0
380265,0,0
380365,0,0
380465,0,0
380565,0,0
380665,0,0
380765,0,0
380865,0,0
380965,0,0
381065,0,0
381165,0,0
381265,0,0
381365,0,0
381465,0,0
381565,0,0
381665,0,0
381765,0,0
381865,0,0
381965,0,0
382065,0,0
382165,0,0
382265,0,0
382365,0,0
382465,0,0
382565,0,0
382665,0,0
382765,0,0
382865,0,0
382965,0,0
383065,0,0
383165,0,0
383265,0,0
383365,0,0
383465,0,0
383565,0,0
383663,0,0
383763,0,0
383863,0,0
383963,0,0
384063,0,0
384163,0,0
384263,0,0
384363,0,0
384463,0,0
384563,0,0
384663,0,0
384763,0,0
384863,0,0
384963,0,0
385063,0,0
385163,0,0
385263,0,0
385363,0,0
385463,0,0
385563,0,0
385663,0,0
385763,0,0
385863,0,0
385963,0,0
386063,0,0
386163,0,0
386263,0,0
386363,0,0
386463,0,0
386563,0,0
386663,0,0
386763,0,0
386863,0,0
386963,0,0
387063,0,0
387163,0,0
387263,0,0
387363,0,0
387463,0,0
387563,0,0
387662,0,0
387762,0,0
387862,0,0
387962,0,0
388062,0,0
388162,0,0
388262,0,0
388362,0,0
388462,0,0
388562,0,0
388662,0,0
388762,0,0
388862,0,0
388962,0,0
389062,0,0
389162,0,0
389262,0,0
389362,0,0
389462,0,0
389562,0,0
389662,0,0
389762,0,0
389862,0,0
389962,0,0
390062,0,0
390162,0,0
390262,0,0
390362,0,0
390462,0,0
390562,0,0
390662,0,0
390762,0,0
390862,0,0
390962,0,0
391062,0,0
391162,0,0
391262,0,0
391362,0,0
391462,0,0
391572,0,0
391670,0,0
391770,0,0
391870,0,0
391970,0,0
392070,0,0
392170,0,0
392270,0,0
392370,0,0
392470,0,0
392570,0,0
392670,0,0
392770,0,0
392870,0,0
392970,0,0
393070,0,0
393171,0,0
393271,0,0
393371,0,0
393471,0,0
393571,0,0
393671,0,0
393771,0,0
393871,0,0
393971,0,0
394071,0,0
394171,0,0
394271,0,0
394371,0,0
394471,0,0
394571,0,0
394671,0,0
394771,0,0
394871,0,0
394971,0,0
395071,0,0
395171,0,0
395271,0,0
395371,0,0
395471,0,0
395571,0,0
395665,0,0
395765,0,0
395865,0,0
395965,0,0
396066,0,0
396166,0,0
396266,0,0
396366,0,0
396466,0,0
396566,0,0
396666,0,0
396766,0,0
396866,0,0
396966,0,0
397066,0,0
397166,0,0
397266,0,0
397366,0,0
397466,0,0
397566,0,0
397666,0,0
397766,0,0
397866,0,0
397966,0,0
398066,0,0
398166,0,0
398266,0,0
398366,0,0
398466,0,0
398566,0,0
398666,0,0
398766,0,0
398866,0,0
398966,0,0
399066,0,0
399166,0,0
399266,0,0
399366,0,0
399466,0,0
399566,0,0
399666,0,0
399766,0,0
399866,0,0
399966,0,0
400066,0,0
400166,0,0
400266,0,0
400366,0,0
400466,0,0
400566,0,0
400666,0,0
400766,0,0
400866,0,0
400966,0,0
401066,0,0
401166,0,0
401266,0,0
401366,0,0
401466,0,0
401566,0,0
401666,0,0
401766,0,0
401866,0,0
401966,0,0
402066,0,0
402166,0,0
402266,0,0
402366,0,0
402466,0,0
402566,0,0
402666,0,0
402766,0,0
402866,0,0
402966,0,0
403066,0,0
403166,0,0
403266,0,0
403366,0,0
403466,0,0
403566,0,0
403666,0,0
403766,0,0
403866,0,0
403966,0,0
404066,0,0
404166,0,0
404266,0,0
404366,0,0
404466,0,0
404566,0,0
404666,0,0
404766,0,0
404866,0,0
404966,0,0
405066,0,0
405166,0,0
405266,0,0
405366,0,0
405466,0,0
405566,0,0
405666,0,0
405766,0,0
405866,0,0
405966,0,0
406066,0,0
406166,0,0
406266,0,0
406366,0,0
406466,0,0
406566,0,0
406666,0,0
406766,0,0
406866,0,0
406966,0,0
407066,0,0
407166,0,0
407266,0,0
407366,0,0
407466,0,0
407566,0,0
407666,0,0
407766,0,0
407866,0,0
407966,0,0
408066,0,0
408166,0,0
408266,0,0
408366,0,0
408466,0,0
408566,0,0
408666,0,0
408766,0,0
408866,0,0
408966,0,0
409066,0,0
409166,0,0
409266,0,0
409366,0,0
409466,0,0
409566,0,0
409666,0,0
409766,0,0
409866,0,0
409966,0,0
410066,0,0
410166,0,0
410266,0,0
410366,0,0
410466,0,0
410566,0,0
410666,0,0
410766,0,0
410866,0,0
410966,0,0
411066,0,0
411166,0,0
411266,0,0
411366,0,0
411466,0,0
411566,0,0
411666,0,0
411766,0,0
411866,0,0
411966,0,0
412066,0,0
412166,0,0
412266,0,0
412366,0,0
412466,0,0
412566,0,0
412666,0,0
412766,0,0
412866,0,0
412966,0,0
413066,0,0
413166,0,0
413266,0,0
413366,0,0
413466,0,0
413566,0,0
413666,0,0
413766,0,0
413866,0,0
413966,0,0
414066,0,0
414166,0,0
414266,0,0
414366,0,0
414466,0,0
414566,0,0
414666,0,0
414766,0,0
414866,0,0
414966,0,0
415066,0,0
415166,0,0
415266,0,0
415366,0,0
415466,0,0
415566,0,0
415666,0,0
415766,0,0
415866,0,0
415966,0,0
416066,0,0
416166,0,0
416260,0,0
416360,0,0
416460,0,0
416560,0,0
417178,0,0
417278,0,1
417378,0,1
417479,0,1
417579,0,1
417679,0,1
417779,0,1
417879,0,1
417979,0,1
418079,0,1
418179,0,1
418279,0,1
418379,0,1
418479,0,1
418579,0,1
418679,0,1
418779,0,1
418879,0,1
418979,0,1
419079,0,1
419179,0,1
419279,0,1
419379,0,1
419479,0,1
419579,0,1
419679,0,1
419779,0,1
419879,0,1
419979,0,1
420079,0,1
420177,0,1
420277,0,1
420378,0,1
420478,0,1
420578,0,1
420678,0,1
420778,0,1
420878,0,1
420978,0,1
421078,0,1
421205,0,0
421305,0,0
421405,0,0
421549,0,0
421649,0,1
421749,0,1
421849,0,1
421952,0,1
422052,1,2
422152,1,2
422252,1,2
422354,1,2
422454,1,2
422554,1,2
422654,1,2
422754,1,2
422854,1,2
422954,1,2
423054,1,2
423154,1,2
423254,1,2
423354,1,2
423454,1,2
423554,1,2
423654,1,2
423754,1,2
423854,1,2
423954,1,2
424054,1,2
424154,1,2
424255,1,2
424355,1,2
424455,1,2
424555,1,2
424655,1,2
424755,1,2
424855,1,2
424955,1,2
425055,1,2
425155,1,2
425255,1,2
425355,1,2
425455,1,2
425555,1,2
425655,1,2
425755,1,2
425855,1,2
425955,1,2
426055,1,2
426155,1,2
426255,1,2
426355,1,2
426455,1,2
426555,1,2
426682,1,2
426782,1,2
426882,1,2
426982,1,2
427082,1,2
427182,1,2
427282,1,2
427382,1,2
427482,1,2
427582,1,2
427682,1,2
427782,1,2
427882,1,2
427982,1,2
428082,1,2
428182,1,2
428269,1,2
428369,1,2
428469,1,2
428569,1,2
428669,1,2
428769,1,2
428869,1,2
428969,1,2
429070,1,2
429170,1,2
429270,1,2
429370,1,2
429470,1,2
429570,1,2
429670,1,2
429770,1,2
429870,1,2
429970,1,2
430070,1,2
430170,1,2
430270,1,2
430370,1,2
430470,1,2
430570,1,2
430670,1,2
430770,1,2
430870,1,2
430970,1,2
431070,1,2
431170,1,2
431270,1,2
431370,1,2
431470,1,2
431570,1,2
431670,1,2
431770,1,2
431870,1,2
431970,1,2
432070,1,2
432170,1,2
432269,1,2
432369,1,2
432469,1,2
432569,1,2
432669,1,2
432769,1,2
432869,1,2
432969,1,2
433069,1,2
433169,1,2
433269,1,2
433369,1,2
433469,1,2
433569,1,2
433669,1,2
433769,1,2
433869,1,2
433969,1,2
434069,1,2
434169,1,2
434269,1,2
434369,1,2
434469,1,2
434569,1,2
434669,1,2
434769,1,2
434869,1,2
434969,1,2
435069,1,2
435169,1,2
435269,1,2
435369,1,2
435469,1,2
435569,1,2
435669,1,2
435769,1,2
435869,1,2
435969,1,2
436069,1,2
436169,1,2
436270,1,2
436370,1,2
436470,1,2
436570,1,2
436670,1,2
436770,1,2
436870,1,2
436970,1,2
437070,1,2
437170,1,2
437270,1,2
437370,1,2
437470,1,2
437570,1,2
437670,1,2
437770,1,2
437870,1,2
437970,1,2
438070,1,2
438170,1,2
438270,1,2
438370,1,2
438470,1,2
438570,1,2
438670,1,2
438770,1,2
438870,1,2
438970,1,2
439070,1,2
439170,1,2
439270,1,2
439370,1,2
439470,1,2
439570,1,2
439670,1,2
439770,1,2
439870,1,2
439970,1,2
440070,1,2
440170,1,2
440270,1,2
440370,1,2
440470,1,2
440570,1,2
440670,1,2
440770,1,2
440870,1,2
440970,1,2
441070,1,2
441170,1,2
441270,1,2
441370,1,2
441470,1,2
441570,1,2
441670,1,2
441770,1,2
441870,1,2
441970,1,2
442070,1,2
442170,1,2
442270,1,2
442370,1,2
442470,1,2
442570,1,2
442670,1,2
442770,1,2
442870,1,2
442981,1,2
443081,1,2
443181,1,2
443281,1,2
443381,1,2
443481,1,2
443581,1,2
443681,1,2
443781,1,2
443881,1,2
443981,1,2
444081,1,2
444181,1,2
444273,1,2
444373,1,2
444473,1,2
444573,1,2
444673,1,2
444773,1,2
444873,1,2
444973,1,2
445073,1,2
445173,1,2
445273,1,2
445373,1,2
445473,1,2
445574,1,2
445674,1,2
445774,1,2
445874,1,2
445974,1,2
446074,1,2
446174,1,2
446274,1,2
446374,1,2
446474,1,2
446574,1,2
446674,1,2
446774,1,2
446874,1,2
446974,1,2
447074,1,2
447174,1,2
447274,1,2
447374,1,2
447474,1,2
447574,1,2
447674,1,2
447774,1,2
447874,1,2
447974,1,2
448074,1,2
448174,1,2
448272,1,2
448372,1,2
448472,1,2
448572,1,2
448672,1,2
448772,1,2
448872,1,2
448972,1,2
449072,1,2
449172,1,2
449272,1,2
449372,1,2
449472,1,2
449572,1,2
449672,1,2
449772,1,2
449872,1,2
449972,1,2
450072,1,2
450172,1,2
450272,1,2
450372,1,2
450472,1,2
450572,1,2
450672,1,2
450772,1,2
450872,1,2
450972,1,2
451072,1,2
451172,1,2
451272,1,2
451372,1,2
451472,1,2
451572,1,2
451672,1,2
451772,1,2
451872,1,2
451972,1,2
452072,1,2
452172,1,2
452272,1,2
452372,1,2
452472,1,2
452572,1,2
452672,1,2
452772,1,2
452872,1,2
452972,1,2
453072,1,2
453172,1,2
453272,1,2
453372,1,2
453472,1,2
453572,1,2
453672,1,2
453772,1,2
453872,1,2
453972,1,2
454072,1,2
454172,1,2
454272,1,2
454372,1,2
454472,1,2
454572,1,2
454672,1,2
454772,1,2
454872,1,2
454972,1,2
455072,1,2
455189,1,2
455289,1,2
455389,1,2
455489,1,2
455589,1,2
455689,1,2
455789,1,2
455889,1,2
455989,1,2
456089,1,2
456189,1,2
456297,1,2
456397,1,2
456497,1,2
456597,1,2
456697,1,2
456797,1,2
456897,1,2
456997,1,2
457097,1,2
457197,1,2
457297,1,2
457397,1,2
457497,1,2
457597,1,2
457698,1,2
457798,1,2
457898,1,2
457998,1,2
458098,1,2
458198,1,2
458298,1,2
458398,1,2
458498,1,2
458598,1,2
458698,1,2
458798,1,2
458898,1,2
458998,1,2
459098,1,2
459198,1,2
459298,1,2
459398,1,2
459498,1,2
459598,1,2
459698,1,2
459798,1,2
459898,1,2
459998,1,2
460098,1,2
460198,1,2
460298,1,2
460398,1,2
460498,1,2
460599,1,2
460699,1,2
460799,1,2
460899,1,2
460999,1,2
461099,1,2
461199,1,2
461299,1,2
461399,1,2
461499,1,2
461599,1,2
461699,1,2
461799,1,2
461899,1,2
461999,1,2
462099,1,2
462199,1,2
462299,1,2
462399,1,2
462499,1,2
462599,1,2
462699,1,2
462799,1,2
462899,1,2
462999,1,2
463099,1,2
463212,0,0
463312,0,0
463412,0,0
463512,0,0
463612,0,0
463712,0,0
463812,0,0
463912,0,0
464012,0,0
464112,0,0
464212,0,0
464312,0,0
464412,0,0
464512,0,0
464612,0,0
464712,0,0
464812,0,0
464912,0,0
465012,0,0
465112,0,0
465212,0,0
465312,0,0
465412,0,0
465512,0,0
465612,0,0
465712,0,0
465812,0,0
465912,0,0
466012,0,0
466112,0,0
466212,0,0
466312,0,0
466412,0,0
466512,0,0
466612,0,0
466712,0,0
466812,0,0
466912,0,0
467012,0,0
467112,0,0
467212,0,0
467312,0,0
467412,0,0
467512,0,0
467612,0,0
467712,0,0
467812,0,0
467912,0,0
468012,0,0
468112,0,0
468212,0,0
468312,0,0
468412,0,0
468512,0,0
468612,0,0
468712,0,0
468812,0,0
468912,0,0
469012,0,0
469112,0,0
469212,0,0
469312,0,0
469412,0,0
469512,0,0
469612,0,0
469712,0,0
469812,0,0
469912,0,0
470012,0,0
470112,0,0
470212,0,0
470312,0,0
470412,0,0
470512,0,0
470612,0,0
470712,0,0
470812,0,0
470912,0,0
471012,0,0
471112,0,0
471212,0,0
471312,0,0
471412,0,0
471512,0,0
471612,0,0
471712,0,0
471812,0,0
471912,0,0
472012,0,0
472112,0,0
472212,0,0
472307,0,0
472407,0,0
472507,0,0
472607,0,0
472707,0,0
472807,0,0
472907,0,0
473007,0,0
473107,0,0
473207,0,0
473307,0,0
473407,0,0
473507,0,0
473607,0,0
473707,0,0
473807,0,0
473907,0,0
474007,0,0
474107,0,0
474207,0,0
474307,0,0
474407,0,0
474507,0,0
474607,0,0
474707,0,0
474807,0,0
474907,0,0
475007,0,0
475107,0,0
475207,0,0
475307,0,0
475407,0,0
475507,0,0
475607,0,0
475707,0,0
475807,0,0
475907,0,0
476007,0,0
476107,0,0
476207,0,0
476305,0,0
476405,0,0
476505,0,0
476605,0,0
476705,0,0
476805,0,0
476905,0,0
477005,0,0
477105,0,0
477205,0,0
477305,0,0
477405,0,0
477505,0,0
477605,0,0
477705,0,0
477805,0,0
477905,0,0
478005,0,0
478105,0,0
478205,0,0
478305,0,0
478405,0,0
478505,0,0
478605,0,0
478705,0,0
478805,0,0
478905,0,0
479005,0,0
479105,0,0
479205,0,0
479305,0,0
479405,0,0
479505,0,0
479605,0,0
479705,0,0
479805,0,0
479905,0,0
480005,0,0
480105,0,0
480205,0,0
480303,0,0
480403,0,0
480503,0,0
480610,0,0
480710,0,0
480810,0,0
480910,0,0
481010,0,0
481110,0,0
481210,0,0
481310,0,0
481411,0,0
481511,0,0
481611,0,0
481711,0,0
481811,0,0
481911,0,0
482011,0,0
482111,0,0
482211,0,0
482311,0,0
482411,0,0
482511,0,0
482611,0,0
482711,0,0
482811,0,0
482911,0,0
483011,0,0
483111,0,0
483211,0,0
483311,0,0
483411,0,0
483511,0,0
483611,0,0
483711,0,0
483811,0,0
483911,0,0
484011,0,0
484111,0,0
484211,0,0
484310,0,0
484410,0,0
484510,0,0
484610,0,0
484710,0,0
484810,0,0
484910,0,0
485010,0,0
485110,0,0
485210,0,0
485310,0,0
485410,0,0
485510,0,0
485610,0,0
485710,0,0
485810,0,0
485910,0,0
486010,0,0
486110,0,0
486210,0,0
486310,0,0
486410,0,0
486510,0,0
486610,0,0
486710,0,0
486810,0,0
486910,0,0
487010,0,0
487110,0,0
487210,0,0
487310,0,0
487410,0,0
487510,0,0
487610,0,0
487710,0,0
487810,0,0
487910,0,0
488010,0,0
488110,0,0
488210,0,0
488308,0,0
488408,0,0
488508,0,0
488608,0,0
488708,0,0
488808,0,0
488908,0,0
489008,0,0
489108,0,0
489208,0,0
489308,0,0
489408,0,0
489508,0,0
489608,0,0
489708,0,0
489808,0,0
489908,0,0
490008,0,0
490108,0,0
490208,0,0
490308,0,0
490408,0,0
490508,0,0
490608,0,0
490708,0,0
490808,0,0
490908,0,0
491008,0,0
491108,0,0
491208,0,0
491308,0,0
491408,0,0
491508,0,0
491608,0,0
491708,0,0
491808,0,0
491908,0,0
492008,0,0
492108,0,0
492208,0,0
492307,0,0
492407,0,0
492507,0,0
492607,0,0
492707,0,0
492810,0,0
492910,0,0
493010,0,0
493110,0,0
493210,0,0
493311,0,0
493411,0,0
493511,0,0
493611,0,0
493711,0,0
493811,0,0
493911,0,0
494011,0,0
494111,0,0
494211,0,0
494311,0,0
494411,0,0
494511,0,0
494611,0,0
494711,0,0
494811,0,0
494911,0,0
495011,0,0
495111,0,0
495211,0,0
495311,0,0
495411,0,0
495511,0,0
495611,0,0
495711,0,0
495811,0,0
495911,0,0
496011,0,0
496111,0,0
496211,0,0
496311,0,0
496411,0,0
496440,0,0
496540,0,0
496640,0,0
496740,0,0
496840,0,0
496947,0,0
497047,0,0
497147,0,0
497247,0,0
497347,0,0
497447,0,0
497547,0,0
497647,0,0
497747,0,0
497848,0,0
497948,0,0
498048,0,0
498148,0,0
498248,0,0
498348,0,0
498448,0,0
498548,0,0
498648,0,0
498748,0,0
498848,0,0
498948,0,0
499048,0,0
499148,0,0
499248,0,0
499348,0,0
499448,0,0
499548,0,0
499648,0,0
499748,0,0
499848,0,0
499948,0,0
500048,0,0
500148,0,0
500248,0,0
500348,0,0
500508,0,0
500608,0,0
500708,0,0
500808,0,0
500908,0,0
501008,0,0
501108,0,0
501208,0,0
501308,0,0
501408,0,0
501508,0,0
501608,0,0
501708,0,0
501808,0,0
501908,0,0
502008,0,0
502108,0,0
502208,0,0
502308,0,0
502408,0,0
502508,0,0
502608,0,0
502708,0,0
502808,0,0
502908,0,0
503008,0,0
503108,0,0
503208,0,0
503308,0,0
503408,0,0
503508,0,0
503608,0,0
503708,0,0
503808,0,0
503908,0,0
504008,0,0
504108,0,0
504208,0,0
504308,0,0
504408,0,0
504513,0,0
504613,0,0
504713,0,0
504813,0,0
504913,0,0
505013,0,0
505113,0,0
505213,0,0
505313,0,0
505413,0,0
505513,0,0
505613,0,0
505713,0,0
505813,0,0
505913,0,0
506013,0,0
506113,0,0
506213,0,0
506313,0,0
506413,0,0
506513,0,0
506613,0,0
506713,0,0
506813,0,0
506913,0,0
507013,0,0
507113,0,0
507213,0,0
507313,0,0
507413,0,0
507513,0,0
507613,0,0
507713,0,0
507813,0,0
507913,0,0
508013,0,0
508113,0,0
508213,0,0
508313,0,0
508413,0,0
508512,0,0
508612,0,0
508712,0,0
508812,0,0
508912,0,0
509012,0,0
509112,0,0
509212,0,0
509312,0,0
509412,0,0
509512,0,0
509612,0,0
509731,0,0
509831,0,0
509931,0,0
510031,0,0
510131,0,0
510231,0,0
510331,0,0
510431,0,0
510531,0,0
510631,0,0
510731,0,0
510831,0,0
510931,0,0
511031,0,0
511131,0,0
511231,0,0
511331,0,0
511431,0,0
511531,0,0
511631,0,0
511731,0,0
511831,0,0
511931,0,0
512031,0,0
512131,0,0
512231,0,0
512331,0,0
512431,0,0
512524,0,0
512625,0,0
512725,0,0
512825,0,0
512925,0,0
513025,0,0
513125,0,0
513225,0,0
513325,0,0
513425,0,0
513525,0,0
513625,0,0
513725,0,0
513825,0,0
513925,0,0
514025,0,0
514125,0,0
514225,0,0
514325,0,0
514425,0,0
514525,0,0
514625,0,0
514725,0,0
514825,0,0
514925,0,0
515025,0,0
515125,0,0
515225,0,0
515325,0,0
515425,0,0
515525,0,0
515625,0,0
515725,0,0
515825,0,0
515925,0,0
516025,0,0
516125,0,0
516225,0,0
516325,0,0
516425,0,0
516525,0,0
516625,0,0
516725,0,0
516825,0,0
516925,0,0
517025,0,0
517125,0,0
517225,0,0
517325,0,0
517425,0,0
517525,0,0
517625,0,0
517725,0,0
517825,0,0
517925,0,0
518025,0,0
518125,0,0
518225,0,0
518325,0,0
518425,0,0
518525,0,0
518625,0,0
518725,0,0
518825,0,0
518925,0,0
519025,0,0
519125,0,0
519225,0,0
519325,0,0
519425,0,0
519525,0,0
519625,0,0
519725,0,0
519825,0,0
519925,0,0
520025,0,0
520125,0,0
520225,0,0
520325,0,0
520425,0,0
520525,0,0
520625,0,0
520725,0,0
520825,0,0
520925,0,0
521025,0,0
521125,0,0
521225,0,0
521325,0,0
521425,0,0
521525,0,0
521625,0,0
521725,0,0
521825,0,0
521925,0,0
522025,0,0
522125,0,0
522225,0,0
522325,0,0
522425,0,0
522525,0,0
522625,0,0
522725,0,0
522825,0,0
522925,0,0
523025,0,0
523125,0,0
523225,0,0
523325,0,0
523425,0,0
523525,0,0
523625,0,0
523725,0,0
523825,0,0
523925,0,0
524025,0,0
524125,0,0
524225,0,0
524325,0,0
524425,0,0
524525,0,0
524625,0,0
524725,0,0
524825,0,0
524925,0,0
525025,0,0
525125,0,0
525225,0,0
525325,0,0
525425,0,0
525525,0,0
525625,0,0
525725,0,0
525825,0,0
525925,0,0
526025,0,0
526125,0,0
526225,0,0
526325,0,0
526425,0,0
526525,0,0
526625,0,0
526725,0,0
526825,0,0
526925,0,0
527025,0,0
527125,0,0
527225,0,0
527325,0,0
527425,0,0
527525,0,0
527625,0,0
527725,0,0
527825,0,0
527925,0,0
528025,0,0
528125,0,0
528225,0,0
528325,0,0
528425,0,0
528525,0,0
528625,0,0
528725,0,0
528825,0,0
528925,0,0
529025,0,0
529125,0,0
529225,0,0
529325,0,0
529425,0,0
529525,0,0
529625,0,0
529725,0,0
529825,0,0
529925,0,0
530025,0,0
530125,0,0
530225,0,0
530325,0,0
530425,0,0
530525,0,0
530625,0,0
530725,0,0
530825,0,0
530925,0,0
531025,0,0
531125,0,0
531225,0,0
531325,0,0
531425,0,0
531525,0,0
531625,0,0
531725,0,0
531825,0,0
531925,0,0
532025,0,0
532125,0,0
532225,0,0
532325,0,0
532425,0,0
532525,0,0
532625,0,0
532725,0,0
532825,0,0
532925,0,0
533025,0,0
533125,0,0
533225,0,0
533325,0,0
533425,0,0
533525,0,0
533607,0,0
533707,0,0
533807,0,0
533907,0,0
534007,0,0
534107,0,0
534207,0,0
534307,0,0
534407,0,0
534507,0,0
534607,0,0
534707,0,0
534807,0,0
534907,0,0
535007,0,0
535107,0,0
535207,0,0
535307,0,0
535407,0,0
535507,0,0
535607,0,0
535707,0,0
535807,0,0
535907,0,0
536007,0,0
536107,0,0
536207,0,0
536307,0,0
536407,0,0
536507,0,0
536607,0,0
536707,0,0
536807,0,0
536907,0,0
537007,0,0
537107,0,0
537207,0,0
537307,0,0
537407,0,0
537507,0,0
537608,0,0
537708,0,0
537808,0,0
537908,0,0
538008,0,0
538108,0,0
538208,0,0
538308,0,0
538408,0,0
538508,0,0
538608,0,0
538708,0,0
538808,0,0
538908,0,0
539008,0,0
539108,0,0
539208,0,0
539308,0,0
539408,0,0
539508,0,0
539608,0,0
539708,0,0
539808,0,0
539908,0,0
540008,0,0
540108,0,0
540208,0,0
540308,0,0
540408,0,0
540508,0,0
540608,0,0
540708,0,0
540808,0,0
540908,0,0
541008,0,0
541108,0,0
541208,0,0
541308,0,0
541408,0,0
541508,0,0
541608,0,0
541708,0,0
541808,0,0
541908,0,0
542008,0,0
542108,0,0
542208,0,0
542308,0,0
542408,0,0
542508,0,0
542608,0,0
542708,0,0
542808,0,0
542908,0,0
543008,0,0
543108,0,0
543208,0,0
543308,0,0
543408,0,0
543508,0,0
543608,0,0
543708,0,0
543808,0,0
543908,0,0
544008,0,0
544108,0,0
544208,0,0
544308,0,0
544408,0,0
544508,0,0
544608,0,0
544708,0,0
544808,0,0
544908,0,0
545008,0,0
545108,0,0
545208,0,0
545308,0,0
545408,0,0
545508,0,0
545617,0,0
545717,0,0
545817,0,0
545917,0,0
546017,0,0
546117,0,0
546217,0,0
546317,0,0
546417,0,0
546517,0,0
546617,0,0
546717,0,0
546817,0,0
546917,0,0
547017,0,0
547117,0,0
547217,0,0
547317,0,0
547417,0,0
547517,0,0
547617,0,0
547717,0,0
547817,0,0
547917,0,0
548017,0,0
548117,0,0
548217,0,0
548317,0,0
548417,0,0
548517,0,0
548617,0,0
548717,0,0
548817,0,0
548917,0,0
549017,0,0
549117,0,0
549217,0,0
549317,0,0
549417,0,0
549517,0,0
549614,0,0
549714,0,0
549814,0,0
549914,0,0
550014,0,0
550114,0,0
550214,0,0
550314,0,0
550414,0,0
550514,0,0
550614,0,0
550714,0,0
550814,0,0
550914,0,0
551014,0,0
551114,0,0
551214,0,0
551314,0,0
551414,0,0
551514,0,0
551614,0,0
551714,0,0
551814,0,0
551914,0,0
552014,0,0
552114,0,0
552214,0,0
552314,0,0
552414,0,0
552514,0,0
552614,0,0
552714,0,0
552814,0,0
552914,0,0
553014,0,0
553114,0,0
553214,0,0
553314,0,0
553414,0,0
553514,0,0
553613,0,0
553713,0,0
553813,0,0
553913,0,0
554013,0,0
554113,0,0
554213,0,0
554313,0,0
554413,0,0
554513,0,0
554613,0,0
554713,0,0
554813,0,0
554913,0,0
555013,0,0
555113,0,0
555213,0,0
555313,0,0
555413,0,0
555513,0,0
555613,0,0
555713,0,0
555813,0,0
555913,0,0
556013,0,0
556113,0,0
556213,0,0
556313,0,0
556413,0,0
556513,0,0
556613,0,0
556713,0,0
556813,0,0
556913,0,0
557013,0,0
557113,0,0
557213,0,0
557313,0,0
557413,0,0
557513,0,0
557611,0,0
557711,0,0
557811,0,0
557911,0,0
558011,0,0
558111,0,0
558211,0,0
558311,0,0
558411,0,0
558511,0,0
558611,0,0
558711,0,0
558811,0,0
558911,0,0
559011,0,0
559111,0,0
559211,0,0
559311,0,0
559411,0,0
559511,0,0
559611,0,0
559711,0,0
559811,0,0
559911,0,0
560011,0,0
560111,0,0
560211,0,0
560311,0,0
560411,0,0
560511,0,0
560611,0,0
560711,0,0
560811,0,0
560911,0,0
561011,0,0
561111,0,0
561211,0,0
561311,0,0
561411,0,0
561511,0,0
561611,0,0
561711,0,0
561811,0,0
561911,0,0
562011,0,0
562111,0,0
562211,0,0
562311,0,0
562411,0,0
562511,0,0
562611,0,0
562711,0,0
562811,0,0
562911,0,0
563011,0,0
563111,0,0
563211,0,0
563311,0,0
563411,0,0
563511,0,0
563611,0,0
563711,0,0
563811,0,0
563911,0,0
564011,0,0
564111,0,0
564211,0,0
564311,0,0
564411,0,0
564511,0,0
564611,0,0
564711,0,0
564811,0,0
564911,0,0
565011,0,0
565111,0,0
565211,0,0
565311,0,0
565411,0,0
565511,0,0
565609,0,0
565709,0,0
565809,0,0
565909,0,0
566009,0,0
566109,0,0
566209,0,0
566309,0,0
566409,0,0
566509,0,0
566609,0,0
566709,0,0
566809,0,0
566909,0,0
567009,0,0
567109,0,0
567209,0,0
567309,0,0
567409,0,0
567509,0,0
567609,0,0
567709,0,0
567809,0,0
567909,0,0
568009,0,0
568109,0,0
568209,0,0
568309,0,0
568409,0,0
568509,0,0
568609,0,0
568709,0,0
568809,0,0
568909,0,0
569009,0,0
569109,0,0
569209,0,0
569309,0,0
569409,0,0
569509,0,0
569606,0,0
569706,0,0
569806,0,0
569906,0,0
570006,0,0
570106,0,0
570325,0,0
570425,0,0
570525,0,0
570625,0,0
570725,0,0
570825,0,0
570925,0,0
571025,0,0
571125,0,0
571225,0,0
571325,0,0
571425,0,0
571525,0,0
571625,0,0
571725,0,0
571825,0,0
571925,0,0
572025,0,0
572126,0,0
572226,0,0
572326,0,0
572426,0,0
572526,0,0
572626,0,0
572726,0,0
572826,0,0
572926,0,0
573026,0,0
573126,0,0
573226,0,0
573326,0,0
573426,0,0
573526,0,0
573624,0,0
573724,0,0
573824,0,0
573924,0,0
574024,0,0
574124,0,0
574224,0,0
574324,0,0
574424,0,0
574524,0,0
574624,0,0
574724,0,0
574824,0,0
574924,0,0
575024,0,0
575124,0,0
575224,0,0
575324,0,0
575424,0,0
575524,0,0
575624,0,0
575724,0,0
575824,0,0
575924,0,0
576024,0,0
576124,0,0
576224,0,0
576324,0,0
576424,0,0
576524,0,0
576624,0,0
576724,0,0
576824,0,0
576924,0,0
577024,0,0
577124,0,0
577224,0,0
577324,0,0
577424,0,0
577524,0,0
577624,0,0
577724,0,0
577824,0,0
577924,0,0
578024,0,0
578124,0,0
578224,0,0
578324,0,0
578424,0,0
578524,0,0
578624,0,0
578724,0,0
578824,0,0
578924,0,0
579024,0,0
579124,0,0
579224,0,0
579324,0,0
579424,0,0
579524,0,0
579624,0,0
579724,0,0
579824,0,0
579924,0,0
580024,0,0
580124,0,0
580224,0,0
580324,0,0
580424,0,0
580524,0,0
580624,0,0
580724,0,0
580824,0,0
580924,0,0
581024,0,0
581124,0,0
581224,0,0
581324,0,0
581424,0,0
581524,0,0
581624,0,0
581724,0,0
581824,0,0
581924,0,0
582024,0,0
582124,0,0
582224,0,0
582324,0,0
582424,0,0
582524,0,0
582624,0,0
582724,0,0
582824,0,0
582924,0,0
583024,0,0
583124,0,0
583224,0,0
583324,0,0
583424,0,0
583524,0,0
583624,0,0
583724,0,0
583824,0,0
583924,0,0
584024,0,0
584124,0,0
584224,0,0
584324,0,0
584424,0,0
584524,0,0
584624,0,0
584724,0,0
584824,0,0
584924,0,0
585024,0,0
585124,0,0
585224,0,0
585324,0,0
585424,0,0
585524,0,0
585624,0,0
585724,0,0
585824,0,0
585924,0,0
586024,0,0
586124,0,0
586224,0,0
586324,0,0
586424,0,0
586524,0,0
586624,0,0
586724,0,0
586824,0,0
586924,0,0
587024,0,0
587124,0,0
587224,0,0
587324,0,0
587424,0,0
587524,0,0
587624,0,0
587724,0,0
587824,0,0
587924,0,0
588024,0,0
588124,0,0
588224,0,0
588324,0,0
588424,0,0
588524,0,0
588624,0,0
588724,0,0
588824,0,0
588924,0,0
589024,0,0
589124,0,0
589224,0,0
589324,0,0
589424,0,0
589524,0,0
589624,0,0
589724,0,0
589824,0,0
589924,0,0
590024,0,0
590124,0,0
590224,0,0
590324,0,0
590424,0,0
590524,0,0
590624,0,0
590724,0,0
590824,0,0
590924,0,0
591024,0,0
591124,0,0
591224,0,0
591324,0,0
591424,0,0
591524,0,0
591624,0,0
591724,0,0
591824,0,0
591924,0,0
592024,0,0
592124,0,0
592224,0,0
592324,0,0
592424,0,0
592524,0,0
592624,0,0
592724,0,0
592824,0,0
592924,0,0
593024,0,0
593124,0,0
593224,0,0
593324,0,0
593424,0,0
593524,0,0
593624,0,0
593724,0,0
593824,0,0
593924,0,0
594024,0,0
594124,0,0
594224,0,0
594324,0,0
594424,0,0
594524,0,0
594624,0,0
594724,0,0
594824,0,0
594924,0,0
595024,0,0
595124,0,0
595224,0,0
595324,0,0
595424,0,0
595524,0,0
595624,0,0
595724,0,0
595824,0,0
595924,0,0
596024,0,0
596124,0,0
596224,0,0
596324,0,0
596424,0,0
596524,0,0
596624,0,0
596724,0,0
596824,0,0
596924,0,0
597024,0,0
597124,0,0
597224,0,0
597324,0,0
597424,0,0
597524,0,0
597624,0,0
597724,0,0
597824,0,0
597924,0,0
598024,0,0
598124,0,0
598224,0,0
598324,0,0
598424,0,0
598524,0,0
598624,0,0
598724,0,0
598824,0,0
598924,0,0
599024,0,0
599124,0,0
599224,0,0
599324,0,0
599424,0,0
599524,0,0
599624,0,0
599724,0,0
599824,0,0
599924,0,0
600024,0,0
600124,0,0
600224,0,0
600324,0,0
600424,0,0
600524,0,0
600624,0,0
600724,0,0
600824,0,0
600924,0,0
601024,0,0
601124,0,0
601224,0,0
601324,0,0
601424,0,0
601524,0,0
601624,0,0
601724,0,0
601824,0,0
601924,0,0
602024,0,0
602124,0,0
602224,0,0
602324,0,0
602424,0,0
602524,0,0
602624,0,0
602724,0,0
602824,0,0
602924,0,0
603024,0,0
603124,0,0
603224,0,0
603324,0,0
603424,0,0
603524,0,0
603624,0,0
603724,0,0
603824,0,0
603924,0,0
604024,0,0
604124,0,0
604224,0,0
604324,0,0
604424,0,0
604524,0,0
604624,0,0
604724,0,0
604824,0,0
604924,0,0
605024,0,0
605124,0,0
605224,0,0
605324,0,0
605424,0,0
605524,0,0
605624,0,0
605724,0,0
605824,0,0
605924,0,0
606024,0,0
606124,0,0
606224,0,0
606324,0,0
606424,0,0
606524,0,0
606624,0,0
606724,0,0
606824,0,0
606924,0,0
607024,0,0
607124,0,0
607224,0,0
607324,0,0
607424,0,0
607524,0,0
607624,0,0
607724,0,0
607824,0,0
607924,0,0
