p:4000,20000,6000,600,8000,4000,2000,8000,70
16237,packet,1,0,0,1,53,8000
16275,event,0,0
16290,action,0,0
16341,packet,0,0,1,1
16383,packetAck,1
16720,packet,1,0,2,5,54,8000
16736,event,3,1
16750,action,2,1
18764,event,4,2
18779,action,1,2
20805,packet,1,0,0,1,54,8000
20843,event,0,0
20857,action,0,0
21234,packet,0,0,1,1
21287,packetAck,1
25257,event,2,1
25271,action,1,1
73859,packet,1,0,0,1,61,8000
73897,event,0,0
73911,action,0,0
74104,packet,0,0,1,1
74146,packetAck,1
78127,event,2,1
78161,action,1,1
78517,packet,1,0,0,1,61,8000
78555,event,0,0
78569,action,0,0
79049,packet,0,0,1,1
79092,packetAck,1
83073,event,2,1
83087,action,1,1
83291,packet,1,0,0,1,61,8000
83329,event,0,0
83343,action,0,0
83412,packet,0,0,1,1
83454,packetAck,1
83962,packet,1,0,2,5,61,8000
83977,event,3,1
83992,action,2,1
86001,event,4,2
86026,action,1,2
88061,packet,1,0,0,1,60,8000
88099,event,0,0
88129,action,0,0
88500,packet,0,0,1,1
88542,packetAck,1
92522,event,2,1
92536,action,1,1
93036,packet,1,0,0,1,63,8000
93078,event,0,0
93093,action,0,0
93165,packet,0,0,1,1
93218,packetAck,1
97200,event,2,1
97214,action,1,1
101175,packet,1,0,0,1,59,8000
101213,event,0,0
101227,action,0,0
101585,packet,0,0,1,1
101556,packetAck,1
105605,event,2,1
105619,action,1,1
106081,packet,1,0,0,1,60,8000
106119,event,0,0
106133,action,0,0
106586,packet,0,0,1,1
106628,packetAck,1
106980,packet,1,0,2,5,60,8000
106995,event,3,1
107010,action,2,1
109024,event,4,2
109038,action,1,2
129707,packet,1,0,0,1,51,8000
129749,event,0,0
129764,action,0,0
129843,packet,0,0,1,1
129885,packetAck,1
133865,event,2,1
133879,action,1,1
134308,packet,1,0,0,1,51,8000
134346,event,0,0
134361,action,0,0
134523,packet,0,0,1,1
134565,packetAck,1
134909,packet,1,0,2,5,51,8000
134925,event,3,1
134939,action,2,1
135332,packet,1,0,2,5,51,8000
135348,event,1,2
135410,packet,1,0,2,5,51,8000
135425,event,1,2
139484,packet,1,0,2,5,51,8000
139499,event,1,2
143554,packet,1,0,2,5,51,8000
143570,event,1,2
147629,packet,1,0,2,5,51,8000
147644,event,1,2
151702,packet,1,0,2,5,51,8000
151719,event,1,2
155897,packet,1,0,2,5,51,8000
155912,event,1,2
159853,packet,1,0,2,5,51,8000
159868,event,1,2
163931,packet,1,0,2,5,51,8000
163947,event,1,2
171926,event,4,2
171941,action,1,2
186352,packet,1,0,0,1,43,8000
186390,event,0,0
186405,action,0,0
186593,packet,0,0,1,1
186647,packetAck,1
190630,event,2,1
190644,action,1,1
191037,packet,1,0,0,1,43,8000
191075,event,0,0
191090,action,0,0
191348,packet,0,0,1,1
191395,packetAck,1
195378,event,2,1
195392,action,1,1
195824,packet,1,0,0,1,44,8000
195861,event,0,0
195876,action,0,0
195901,packet,0,0,1,1
195956,packetAck,1
196319,packet,1,0,2,5,44,8000
196335,event,3,1
196349,action,2,1
196730,packet,1,0,2,5,44,8000
196745,event,1,2
196805,packet,1,0,2,5,44,8000
196820,event,1,2
200880,packet,1,0,2,5,44,8000
200896,event,1,2
204955,packet,1,0,2,5,44,8000
204970,event,1,2
209026,packet,1,0,2,5,44,8000
209043,event,1,2
213100,packet,1,0,2,5,43,8000
213119,event,1,2
217169,packet,1,0,2,5,43,8000
217185,event,1,2
221260,packet,1,0,2,5,44,8000
221277,event,1,2
229274,event,4,2
229289,action,1,2
243003,packet,1,0,0,1,60,8000
243041,event,0,0
243055,action,0,0
243546,packet,0,0,1,1
243588,packetAck,1
247569,event,2,1
247583,action,1,1
247597,packet,1,0,0,1,58,8000
247634,event,0,0
247650,action,0,0
247908,packet,0,0,1,1
247950,packetAck,1
248298,packet,1,0,2,5,59,8000
248313,event,3,1
248328,action,2,1
248734,packet,1,0,2,5,59,8000
248755,event,1,2
248808,packet,1,0,2,5,59,8000
248823,event,1,2
252880,packet,1,0,2,5,59,8000
252895,event,1,2
256954,packet,1,0,2,5,59,8000
256969,event,1,2
261024,packet,1,0,2,5,59,8000
261040,event,1,2
265105,packet,1,0,2,5,58,8000
265121,event,1,2
269185,packet,1,0,2,5,59,8000
269200,event,1,2
273366,packet,1,0,2,5,59,8000
273381,event,1,2
277442,packet,1,0,2,5,59,8000
277457,event,1,2
285451,event,4,2
285465,action,1,2
299728,packet,1,0,0,1,48,8000
299764,event,0,0
299779,action,0,0
300140,packet,0,0,1,1
300182,packetAck,1
304162,event,2,1
304175,action,1,1
304283,packet,1,0,0,1,49,8000
304320,event,0,0
304334,action,0,0
304447,packet,0,0,1,1
304488,packetAck,1
304836,packet,1,0,2,5,48,8000
304851,event,3,1
304883,action,2,1
306910,event,4,2
306924,action,1,2
308938,packet,1,0,0,1,49,8000
308975,event,0,0
308989,action,0,0
309040,packet,0,0,1,1
309082,packetAck,1
313062,event,2,1
313076,action,1,1
313588,packet,1,0,0,1,50,8000
313625,event,0,0
313639,action,0,0
314127,packet,0,0,1,1
314169,packetAck,1
318146,event,2,1
318160,action,1,1
358472,packet,1,0,0,1,54,8000
358509,event,0,0
358524,action,0,0
358551,packet,0,0,1,1
358607,packetAck,0
362585,event,2,1
362600,action,1,1
363128,packet,1,0,0,1,56,8000
363166,event,0,0
363180,action,0,0
363379,packet,0,0,1,1
363424,packetAck,0
367401,event,2,1
367416,action,1,1
367979,packet,1,0,0,1,56,8000
368017,event,0,0
368031,action,0,0
368474,packet,0,0,1,1
368516,packetAck,1
372496,event,2,1
372514,action,1,1
376110,packet,1,0,0,1,56,8000
376148,event,0,0
376162,action,0,0
376203,packet,0,0,1,1
376245,packetAck,1
376607,packet,1,0,2,5,56,8000
376635,event,1,1
376649,action,1,1
380169,packet,1,0,0,1,56,8000
380207,event,0,0
380233,action,0,0
380698,packet,0,0,1,1
380740,packetAck,1
384667,event,2,1
384681,action,1,1
389124,packet,1,0,0,1,56,8000
389162,event,0,0
389176,action,0,0
389212,packet,0,0,1,1
389256,packetAck,1
393238,event,2,1
393252,action,1,1
394000,packet,1,0,0,1,56,8000
394043,event,0,0
394058,action,0,0
394137,packet,0,0,1,1
394179,packetAck,1
398159,event,2,1
398173,action,1,1
416326,packet,1,0,0,1,44,8000
416363,event,0,0
416379,action,0,0
416625,packet,0,0,1,1
416667,packetAck,1
420640,event,2,1
420654,action,1,1
424469,packet,1,0,0,1,44,8000
424507,event,0,0
424522,action,0,0
424779,packet,0,0,1,1
424821,packetAck,1
425165,packet,1,0,2,5,44,8000
425180,event,1,1
425207,action,1,1
428549,packet,1,0,0,1,44,8000
428587,event,0,0
428601,action,0,0
428820,packet,0,0,1,1
428874,packetAck,1
432854,event,2,1
432868,action,1,1
437312,packet,1,0,0,1,44,8000
437350,event,0,0
437364,action,0,0
437621,packet,0,0,1,1
437664,packetAck,1
441658,event,2,1
441672,action,1,1
441974,packet,1,0,0,1,44,8000
442012,event,0,0
442027,action,0,0
442201,packet,0,0,1,1
442244,packetAck,1
446217,event,2,1
446231,action,1,1
450124,packet,1,0,0,1,44,8000
450162,event,0,0
450178,action,0,0
450390,packet,0,0,1,1
450432,packetAck,1
450992,packet,1,0,2,5,44,8000
451011,event,1,1
451026,action,1,1
454189,packet,1,0,0,1,44,8000
454227,event,0,0
454241,action,0,0
454518,packet,0,0,1,1
454560,packetAck,1
458540,event,2,1
458554,action,1,1
475252,packet,1,0,0,1,63,8000
475290,event,0,0
475304,action,0,0
475340,packet,0,0,1,1
475384,packetAck,1
475723,packet,1,0,2,5,63,8000
475738,event,3,1
475754,action,2,1
477764,event,4,2
477778,action,1,2
479816,packet,1,0,0,1,63,8000
479854,event,0,0
479869,action,0,0
480071,packet,0,0,1,1
480117,packetAck,1
484098,event,2,1
484113,action,1,1
484848,packet,1,0,0,1,64,8000
484886,event,0,0
484900,action,0,0
485396,packet,0,0,1,1
485438,packetAck,1
489417,event,2,1
489432,action,1,1
533626,packet,1,0,0,1,52,8000
533663,event,0,0
533679,action,0,0
534087,packet,0,0,1,1
534129,packetAck,1
538115,event,2,1
538129,action,1,1
538249,packet,1,0,0,1,51,8000
538287,event,0,0
538331,action,0,0
538347,packet,0,0,1,1
538389,packetAck,1
542378,event,2,1
542392,action,1,1
