p:4000,20000,6000,600,8000,4000,2000,8000,70
16232,packet,1,0,0,1,54,8000
16270,event,0,0
16284,action,0,0
16652,packet,0,0,1,1
16697,packetAck,0
20675,event,2,1
20689,action,1,1
20799,packet,1,0,0,1,56,8000
20837,event,0,0
20852,action,0,0
21034,packet,0,0,1,1
21076,packetAck,1
25057,event,2,1
25071,action,1,1
28938,packet,1,0,0,1,54,8000
28976,event,0,0
28990,action,0,0
29130,packet,0,0,1,1
29172,packetAck,1
29710,packet,1,0,2,5,54,8000
29725,event,3,1
29740,action,2,1
31751,event,4,2
31769,action,1,2
33808,packet,1,0,0,1,54,8000
33846,event,0,0
33860,action,0,0
34326,packet,0,0,1,1
34368,packetAck,1
38346,event,2,1
38360,action,1,1
73986,packet,1,0,0,1,59,8000
74024,event,0,0
74055,action,0,0
74492,packet,0,0,1,1
74534,packetAck,1
78538,event,2,1
78552,action,1,1
78680,packet,1,0,0,1,62,8000
78718,event,0,0
78732,action,0,0
78781,packet,0,0,1,1
78823,packetAck,1
79168,packet,1,0,2,5,60,8000
79184,event,3,1
79198,action,2,1
81213,event,4,2
81228,action,1,2
83257,packet,1,0,0,1,60,8000
83299,event,0,0
83313,action,0,0
83504,packet,0,0,1,1
83546,packetAck,1
87541,event,2,1
87555,action,1,1
88281,packet,1,0,0,1,59,8000
88319,event,0,0
88334,action,0,0
88831,packet,0,0,1,1
88873,packetAck,1
92878,event,2,1
92892,action,1,1
93005,packet,1,0,0,1,60,8000
93043,event,0,0
93057,action,0,0
93109,packet,0,0,1,1
93163,packetAck,1
97147,event,2,1
97162,action,1,1
101146,packet,1,0,0,1,60,8000
101184,event,0,0
101198,action,0,0
101386,packet,0,0,1,1
101428,packetAck,1
101787,packet,1,0,2,5,60,8000
101804,event,3,1
101818,action,2,1
103790,event,4,2
103816,action,1,2
105902,packet,1,0,0,1,60,8000
105940,event,0,0
105954,action,0,0
106414,packet,0,0,1,1
106456,packetAck,1
110436,event,2,1
110450,action,1,1
110552,packet,1,0,0,1,59,8000
110590,event,0,0
110604,action,0,0
110842,packet,0,0,1,1
110884,packetAck,1
114869,event,2,1
114883,action,1,1
126095,packet,1,0,0,1,52,8000
126133,event,0,0
126148,action,0,0
126472,packet,0,0,1,1
126514,packetAck,1
130495,event,2,1
130524,action,1,1
130721,packet,1,0,0,1,52,8000
130759,event,0,0
130773,action,0,0
130795,packet,0,0,1,1
130854,packetAck,1
131198,packet,1,0,2,5,52,8000
131214,event,3,1
131228,action,2,1
131616,packet,1,0,2,5,52,8000
131631,event,1,2
131691,packet,1,0,2,5,51,8000
131706,event,1,2
135765,packet,1,0,2,5,52,8000
135781,event,1,2
139853,packet,1,0,2,5,52,8000
139869,event,1,2
144102,packet,1,0,2,5,52,8000
144117,event,1,2
148173,packet,1,0,2,5,52,8000
148189,event,1,2
152247,packet,1,0,2,5,51,8000
152262,event,1,2
156319,packet,1,0,2,5,51,8000
156334,event,1,2
160398,packet,1,0,2,5,52,8000
160414,event,1,2
164475,packet,1,0,2,5,52,8000
164490,event,1,2
172485,event,4,2
172499,action,1,2
186355,packet,1,0,0,1,42,8000
186393,event,0,0
186408,action,0,0
186555,packet,0,0,1,1
186597,packetAck,1
190578,event,2,1
190592,action,1,1
191130,packet,1,0,0,1,42,8000
191168,event,0,0
191184,action,0,0
191435,packet,0,0,1,1
191477,packetAck,1
191824,packet,1,0,2,5,43,8000
191844,event,3,1
191859,action,2,1
192238,packet,1,0,2,5,43,8000
192254,event,1,2
192312,packet,1,0,2,5,43,8000
192328,event,1,2
196398,packet,1,0,2,5,43,8000
196413,event,1,2
200462,packet,1,0,2,5,43,8000
200479,event,1,2
204528,packet,1,0,2,5,42,8000
204543,event,1,2
208610,packet,1,0,2,5,43,8000
208625,event,1,2
212696,packet,1,0,2,5,42,8000
212712,event,1,2
216757,packet,1,0,2,5,42,8000
216773,event,1,2
220828,packet,1,0,2,5,42,8000
220844,event,1,2
228839,event,4,2
228858,action,1,2
243186,packet,1,0,0,1,56,8000
243224,event,0,0
243238,action,0,0
243347,packet,0,0,1,1
243389,packetAck,1
247369,event,2,1
247382,action,1,1
299832,packet,1,0,0,1,47,8000
299869,event,0,0
299883,action,0,0
300395,packet,0,0,1,1
300436,packetAck,1
304417,event,2,1
304430,action,1,1
304604,packet,1,0,0,1,47,8000
304641,event,0,0
304655,action,0,0
304715,packet,0,0,1,1
304755,packetAck,1
305104,packet,1,0,2,5,47,8000
305119,event,3,1
305133,action,2,1
307148,event,4,2
307165,action,1,2
309201,packet,1,0,0,1,47,8000
309238,event,0,0
309252,action,0,0
309540,packet,0,0,1,1
309598,packetAck,1
313577,event,2,1
313591,action,1,1
358427,packet,1,0,0,1,67,8000
358464,event,0,0
358478,action,0,0
358604,packet,0,0,1,1
358645,packetAck,1
358984,packet,1,0,2,5,62,8000
358999,event,3,1
359014,action,2,1
359978,packet,1,0,2,5,60,8000
359993,event,1,2
360243,packet,1,0,2,5,57,8000
360259,event,1,2
368248,event,4,2
368262,action,1,2
370639,packet,1,0,0,1,64,8000
370681,event,0,0
370696,action,0,0
371042,packet,0,0,1,1
371084,packetAck,1
375065,event,2,1
375079,action,1,1
416239,packet,1,0,0,1,49,8000
416276,event,0,0
416291,action,0,0
416754,packet,0,0,1,1
416797,packetAck,1
420789,event,2,1
420803,action,1,1
424573,packet,1,0,0,1,49,8000
424611,event,0,0
424626,action,0,0
424899,packet,0,0,1,1
424941,packetAck,1
428935,event,2,1
428949,action,1,1
432709,packet,1,0,0,1,50,8000
432747,event,0,0
432761,action,0,0
432976,packet,0,0,1,1
433033,packetAck,1
437019,event,2,1
437033,action,1,1
437424,packet,1,0,0,1,50,8000
437462,event,0,0
437478,action,0,0
437846,packet,0,0,1,1
437888,packetAck,1
438246,packet,1,0,2,5,50,8000
438261,event,3,1
438275,action,2,1
440301,event,4,2
440315,action,1,2
442339,packet,1,0,0,1,50,8000
442376,event,0,0
442391,action,0,0
442429,packet,0,0,1,1
442472,packetAck,1
446452,event,2,1
446466,action,1,1
450603,packet,1,0,0,1,50,8000
450641,event,0,0
450655,action,0,0
450723,packet,0,0,1,1
450781,packetAck,1
454756,event,2,1
454770,action,1,1
454832,packet,1,0,0,1,50,8000
454870,event,0,0
454885,action,0,0
455085,packet,0,0,1,1
455127,packetAck,1
459109,event,2,1
459123,action,1,1
471795,packet,1,0,0,1,60,8000
471833,event,0,0
471849,action,0,0
471873,packet,0,0,1,1
471929,packetAck,1
472255,packet,1,0,2,5,60,8000
472271,event,3,1
472285,action,2,1
472914,packet,1,0,2,5,60,8000
472929,event,1,2
472985,packet,1,0,2,5,60,8000
473000,event,1,2
480991,event,4,2
481005,action,1,2
483996,packet,1,0,0,1,60,8000
484034,event,0,0
484049,action,0,0
484112,packet,0,0,1,1
484012,packetAck,1
488149,event,2,1
488163,action,1,1
533558,packet,1,0,0,1,55,8000
533596,event,0,0
533610,action,0,0
533843,packet,0,0,1,1
533886,packetAck,1
537864,event,2,1
537890,action,1,1
