p:4000,20000,6000,600,8000,4000,2000,8000,70
594,0
694,0
794,0
894,0
994,0
1094,0
1195,0
1295,0
1395,0
1495,0
1595,0
1695,0
1795,0
1895,0
1995,0
2095,0
2195,0
2295,0
2395,0
2495,0
2595,0
2695,0
2795,0
2895,0
2995,0
3095,0
3195,0
3295,0
3395,0
3495,0
3595,0
3695,0
3795,0
3895,0
3995,0
4096,0
4196,0
4296,0
4396,0
4496,0
4596,0
4696,0
4796,0
4896,0
4996,0
5096,0
5196,0
5296,0
5396,0
5496,0
5596,0
5696,0
5796,0
5896,0
5996,0
6205,0
6305,0
6405,0
6505,0
6605,0
6705,0
6805,0
6905,0
7005,0
7105,0
7205,0
7305,0
7405,0
7505,0
7605,0
7705,0
7805,0
7905,0
8005,0
8118,0
8218,0
8318,0
8418,0
8518,0
8619,0
8719,0
8819,0
8919,0
9019,0
9119,0
9219,0
9319,0
9419,0
9519,0
9619,0
9719,0
9819,0
9919,0
10019,0
10119,0
10219,0
10319,0
10419,0
10519,0
10619,0
10719,0
10819,0
10919,0
11019,0
11119,0
11219,0
11319,0
11419,0
11520,0
11620,0
11720,0
11820,0
11920,0
12190,0
12290,0
12390,0
12490,0
12590,0
12690,0
12790,0
12890,0
12990,0
13090,0
13190,0
13290,0
13390,0
13490,0
13590,0
13690,0
13790,0
13890,0
13990,0
14090,0
14190,0
14290,0
14390,0
14490,0
14590,0
14690,0
14790,0
14891,0
14991,0
15091,0
15191,0
15291,0
15391,0
15491,0
15591,0
15691,0
15791,0
15891,0
15991,0
16091,0
16258,0
16358,0
16734,0
16834,0
17063,0
17163,117
17263,122
17363,127
17463,122
17563,117
17664,117
17764,122
17864,117
17964,122
18064,122
18164,122
18264,122
18364,122
18464,122
18564,122
18664,122
18764,122
18864,0
18964,0
19079,0
19179,0
19279,0
19379,0
19479,0
19579,0
19679,0
19779,0
19879,0
19979,0
20079,0
20179,0
20279,0
20379,0
20480,0
20580,0
20680,0
20819,0
20919,0
21019,0
21120,0
21487,0
21587,0
21687,0
21787,0
21992,0
22178,2991
22278,2996
22378,2956
22478,2986
22578,2991
22678,2996
22778,2859
22878,2937
22978,2854
23078,2996
23178,2986
23278,3005
23378,2981
23478,2864
23578,2952
23678,2947
23778,2961
23878,2908
23979,2942
24079,2839
24179,2854
24279,2971
24379,2981
24479,2932
24579,2952
24679,2883
24779,2971
24879,2927
24979,2952
25079,2937
25179,2991
25279,3030
25379,2971
25479,2859
25579,2932
25679,2966
25779,2996
25879,2961
25979,2834
26079,2903
26235,2986
26335,2991
26435,2903
26535,2986
26635,2937
26735,2986
26835,3015
27056,3015
27140,2961
27240,2981
27340,2893
27440,3005
27540,2898
27640,2908
27740,2976
27840,2986
27940,2947
28040,2859
28140,2893
28240,2991
28340,2956
28440,3025
28540,2883
28640,2991
28740,3015
28840,2873
28940,2952
29040,2991
29140,3005
29240,2893
29340,3025
29440,2961
29540,2981
29640,2981
29740,2986
29840,2966
29940,3005
30040,2991
30140,3000
30308,2986
30408,2981
30508,2976
30608,2966
30708,2961
30808,3000
30908,2927
31008,2966
31108,3000
31208,2873
31308,3015
31408,3010
31508,2952
31608,2971
31708,2961
31808,2961
31908,3015
32008,2981
32108,2976
32208,2966
32308,2903
32408,2981
32508,2991
32712,2991
32812,3005
32912,2883
33012,2898
33112,3005
33212,2996
33312,3000
33412,2956
33512,2996
33612,2864
33712,2917
33812,2986
33912,3005
34012,2966
34112,2961
34212,2898
34378,2966
34478,3020
34578,2976
34678,2922
34778,2981
34878,2873
34978,2947
35084,2981
35184,3030
35284,3030
35384,2981
35484,2961
35584,3010
35684,2986
35784,2947
35884,2986
35984,2922
36084,2981
36184,2991
36284,2961
36384,2971
36484,2932
36584,2913
36684,3010
36784,2971
36884,2986
36984,2971
37084,2971
37184,2917
37284,2878
37384,2991
37484,3000
37584,2991
37684,2898
37784,2981
37884,2883
37984,2947
38084,2991
38184,2976
38458,2976
38558,2878
38658,2971
38758,2976
38858,2971
38958,2927
39058,3005
39158,2986
39258,2996
39358,2932
39458,2893
39558,2869
39658,3000
39758,2956
39858,3005
39958,2937
40058,2854
40158,2981
40258,2976
40358,3000
40458,2981
40558,2961
40658,2956
40758,2893
40858,2961
40958,2844
41058,2996
41158,3005
41259,2966
41359,3005
41459,2937
41559,2956
41659,2927
41759,2986
41859,2971
41959,2903
42059,2996
42159,2913
42259,2986
42359,3010
42524,3005
42624,2976
42724,2893
42824,2991
42924,2956
43024,2996
43124,2986
43224,2927
43324,2991
43424,2986
43524,3000
43727,3005
43827,2947
43927,2991
44027,2952
44127,2844
44227,2976
44327,2991
44427,2991
44527,2903
44627,2996
44727,2829
44827,2991
44928,2986
45028,2991
45128,2913
45228,3015
45328,2878
45428,3035
45528,2878
45628,3010
45728,2932
45828,2986
45928,2981
46028,2956
46128,3010
46228,2996
46328,3005
46428,2961
46601,2947
46701,3020
46801,3010
46901,2991
47001,3025
47101,2942
47201,2986
47301,3049
47401,3040
47501,2947
47601,3044
47702,2966
47802,3040
47902,3015
48002,2996
48102,3064
48202,2961
48302,3025
48402,2878
48502,2966
48602,2917
48702,2859
48802,2956
48902,2913
49002,2903
49102,2815
49202,2971
49302,2996
49507,2996
49607,3040
49707,3054
49807,3025
49907,3015
50007,2986
50107,2898
50207,2903
50307,2996
50407,3010
50507,3020
50674,2981
50774,2942
50874,2981
50974,2996
51085,2908
51185,2966
51286,2834
51386,2766
51486,2937
51586,3005
51686,3005
51786,3059
51886,2966
51986,3010
52086,2991
52186,2888
52286,2976
52386,2976
52486,2956
52586,2991
52686,2986
52786,3069
52886,3044
52986,2917
53086,2927
53186,2922
53286,2790
53386,2834
53486,2913
53586,2956
53686,2976
53786,2927
53886,2864
53986,2869
54086,2903
54187,2771
54287,2932
54387,2888
54487,2996
54587,3000
54745,2986
54971,3005
57546,2976
57864,0
58112,0
58212,0
58312,0
58412,0
58512,0
58612,0
58712,0
58812,0
58912,0
59012,0
59112,0
59212,0
59312,0
59412,0
59512,0
59612,0
59712,0
59812,0
59912,0
60012,0
60112,0
60212,0
60312,0
60412,0
60512,0
60612,0
60712,0
60812,0
60912,0
61012,0
61112,0
61212,0
61312,0
61412,0
61512,0
61612,0
61712,0
61812,0
61912,0
62012,0
62112,0
62212,0
62312,0
62412,0
62512,0
62612,0
62816,0
62916,0
63016,0
63116,0
63216,0
63316,0
63416,0
63516,0
63616,0
63716,0
63816,0
63916,0
64016,0
64116,0
64216,0
64316,0
64416,0
64516,0
64616,0
64716,0
64816,0
64916,0
65016,0
65116,0
65216,0
65316,0
65416,0
65516,0
65616,0
65746,0
65846,0
65946,0
66046,0
66146,0
66246,0
66347,0
66447,0
66547,0
66647,0
66747,0
66847,0
66947,0
67047,0
67147,0
67247,0
67347,0
67447,0
67547,0
67647,0
67747,0
67847,0
67947,0
68047,0
68147,0
68247,0
68347,0
68447,0
68547,0
68750,0
68850,0
68950,0
69050,0
69150,0
69250,0
69350,0
69450,0
69550,0
69650,0
69811,0
69911,0
70011,0
70111,0
70211,0
70311,0
70411,0
70511,0
70611,0
70711,0
70811,0
70912,0
71012,0
71112,0
71212,0
71312,0
71412,0
71512,0
71612,0
71712,0
71812,0
71912,0
72012,0
72112,0
72212,0
72312,0
72412,0
72512,0
72612,0
72712,0
72812,0
72912,0
73012,0
73112,0
73212,0
73312,0
73412,0
73512,0
73612,0
73712,0
73878,0
74101,0
74431,0
74531,0
74631,0
74731,0
74831,97
74931,117
75031,107
75131,117
75231,117
75331,112
75431,112
75531,117
75631,112
75731,112
75831,107
75931,112
76032,112
76132,117
76232,112
76332,117
76432,117
76532,117
76632,0
76732,0
76832,0
76932,0
77032,0
77132,0
77232,0
77332,0
77432,0
77532,0
77632,0
77732,0
77832,0
77932,0
78032,0
78132,0
78232,0
78332,0
78449,0
78565,0
78665,0
79205,0
79305,0
79405,0
79505,0
79605,4
79705,4
79805,4
79905,4
80005,4
80105,4
80205,4
80305,4
80405,4
80505,4
80605,4
80705,4
80805,4
80905,4
81005,4
81105,4
81205,4
81305,0
81405,0
81505,0
81605,0
81705,0
81805,0
81905,0
82006,0
82106,0
82206,0
82306,0
82406,0
82506,0
82606,0
82706,0
82806,0
82906,0
83006,0
83106,0
83223,0
83336,0
83436,0
83972,0
84072,0
84172,0
84272,0
84372,141
84472,166
84572,166
84672,171
84772,171
84872,166
84972,166
85072,166
85172,175
85272,171
85372,175
85472,175
85572,171
85672,166
85772,166
85872,161
85972,161
86072,166
86172,0
86272,0
86372,0
86472,0
86572,0
86672,0
86772,0
86872,0
86972,0
87072,0
87172,0
87272,0
87372,0
87472,0
87572,0
87672,0
87772,0
87872,0
87972,0
88077,0
88177,0
88278,0
88378,0
88953,0
89053,0
89153,0
89253,0
89353,347
89453,376
89566,376
89666,366
89766,366
89866,361
89966,371
90066,366
90166,361
90266,356
90366,366
90466,361
90566,351
90667,366
90767,351
90867,356
90967,361
91067,14
91167,0
91267,0
91367,0
91467,0
91567,0
91667,0
91767,0
91867,0
91967,0
92067,0
92167,0
92267,0
92367,0
92467,0
92567,0
92667,0
92767,0
92867,0
92971,0
93078,0
93178,0
93278,0
93378,0
93478,0
93593,0
93815,0
93915,0
94015,0
94115,0
94215,0
94315,0
94586,0
94686,0
94786,0
94886,0
94986,0
95086,0
95186,0
95286,0
95386,0
95486,0
95586,0
95686,0
95787,0
95887,0
95987,0
96087,0
96187,0
96287,0
96387,0
96487,0
96587,0
96687,0
96787,0
96887,0
96987,0
97118,0
97218,0
97318,0
97418,0
97518,0
97618,0
97718,0
97818,0
97918,0
98018,0
98118,0
98219,0
98319,0
98419,0
98519,0
98619,0
98719,0
98819,0
98919,0
99019,0
99119,0
99556,0
99656,0
99756,0
99856,0
99956,0
100056,0
100156,0
100256,0
100356,0
100456,0
100556,0
100656,0
100756,0
100856,0
100956,0
101056,0
101192,0
101292,0
101392,0
101492,0
101601,0
102012,0
102112,0
102212,0
102312,0
102412,219
102512,263
102612,259
102712,249
102812,263
102912,254
103012,244
103112,263
103212,268
103312,268
103412,234
103512,244
103612,244
103712,254
103967,254
104067,234
104167,0
104267,0
104367,0
104571,0
104671,0
104771,0
104871,0
104971,0
105071,0
105171,0
105271,0
105371,0
105472,0
105572,0
105672,0
105772,0
105872,0
105972,0
106099,0
106199,0
106311,0
106411,0
106511,0
106611,0
106992,0
107092,0
107192,0
107292,0
107392,151
107492,166
107592,166
107692,166
107792,166
107892,166
107992,166
108092,175
108192,171
108292,166
108392,161
108492,156
108592,151
108692,161
108949,156
109049,131
109149,0
109249,0
109349,0
109554,0
109654,0
109754,0
109854,0
109954,0
110054,0
110154,0
110254,0
110354,0
110454,0
110554,0
110654,0
110754,0
113292,0
113394,0
113494,0
113594,0
113694,0
113794,0
113894,0
113994,0
114094,0
114194,0
114294,0
114394,0
114494,0
114594,0
114694,0
114794,0
114894,0
114994,0
115094,0
115194,0
115294,0
115394,0
115494,0
115594,0
115694,0
115794,0
115894,0
115994,0
116094,0
116194,0
116294,0
116395,0
116495,0
116595,0
116695,0
116795,0
116895,0
116995,0
117095,0
117195,0
117295,0
117548,0
117648,0
117748,0
117848,0
117948,0
118048,0
118148,0
118248,0
118348,0
118448,0
118548,0
118648,0
118748,0
118848,0
118948,0
119048,0
119148,0
119248,0
119348,0
119448,0
119548,0
119648,0
119748,0
119848,0
119948,0
120048,0
120148,0
120248,0
120348,0
120448,0
120548,0
120648,0
120748,0
120848,0
120948,0
121048,0
121148,0
121248,0
121348,0
121448,0
121602,0
121702,0
121802,0
121902,0
122156,0
122256,0
122356,0
122456,0
122556,0
122656,0
122756,0
122856,0
122956,0
123159,0
123259,0
123359,0
123459,0
123559,0
123659,0
123759,0
123859,0
123959,0
124059,0
124160,0
124260,0
124360,0
124460,0
124560,0
124660,0
124760,0
124860,0
124960,0
125060,0
125160,0
125260,0
125360,0
125460,0
125560,0
125660,0
125760,0
125860,0
125960,0
126060,0
126160,0
126260,0
126360,0
126460,0
126560,0
126660,0
126760,0
126860,0
126960,0
127060,0
127160,0
127260,0
127360,0
127460,0
127560,0
127660,0
127760,0
127860,0
127960,0
128060,0
128160,0
128260,0
128360,0
128460,0
128560,0
128660,0
128760,0
128965,0
129065,0
129165,0
129265,0
129366,0
129466,0
129566,0
129726,0
129826,0
130219,0
130324,0
130424,0
130524,0
130624,146
130724,156
130824,156
130924,151
131024,161
131124,156
131224,156
131324,156
131424,156
131524,151
131624,156
131724,151
131824,156
131924,161
132024,161
132124,156
132224,146
132324,34
132424,0
132524,0
132624,0
132724,0
132824,0
132924,0
133024,0
133124,0
133224,0
133324,0
133424,0
133524,0
133624,0
133724,0
133824,0
134027,0
134127,0
134237,0
134344,0
134444,0
134544,0
134923,0
135023,0
135123,0
135223,0
135441,503
135541,855
135641,821
135741,850
135841,830
135941,835
136041,845
136141,860
136241,845
136341,830
136441,821
136541,850
136641,865
136741,835
136841,845
136941,855
137041,860
137141,855
137241,845
137341,860
137441,840
137541,816
137646,806
137746,835
137846,855
137946,845
138046,816
138146,845
138351,845
138450,835
138550,850
138650,801
138750,850
138850,850
138950,830
139051,850
139151,816
139251,850
139351,850
139496,855
139596,850
139696,835
139796,850
139896,855
139996,845
140096,860
140196,840
140296,835
140396,826
140496,850
140596,845
140696,821
140796,850
140896,845
140996,845
141096,840
141196,796
141296,850
141396,821
141496,840
141596,826
141696,830
141796,811
141896,850
141996,830
142096,806
142196,840
142296,830
142396,816
142496,865
142596,845
142696,835
142796,835
142896,850
142996,830
143096,806
143196,840
143296,845
143396,806
143567,791
143790,840
143890,835
143990,855
144090,811
144190,835
144290,840
144390,850
144490,811
144590,845
144690,855
144790,821
144890,855
144990,816
145090,826
145190,845
145290,826
145390,821
145490,830
145590,845
145690,821
145790,821
145890,845
145990,811
146091,826
146191,835
146291,835
146391,840
146491,840
146591,845
146691,845
146791,811
146891,830
146991,835
147091,816
147191,826
147291,796
147391,821
147491,801
147641,811
147741,850
147841,826
147941,840
148041,811
148141,850
148241,806
148341,840
148441,801
148541,835
148641,830
148741,840
148841,830
148941,845
149041,840
149141,830
149241,845
149341,821
149545,801
149658,835
149758,840
149858,835
149958,821
150059,840
150159,826
150259,855
150359,855
150459,835
150559,855
150659,826
150759,806
150859,840
150959,840
151059,811
151159,821
151259,835
151359,840
151459,850
151559,806
151714,845
151814,811
151914,830
152014,811
152114,845
152214,806
152314,826
152414,821
152514,850
152614,840
152714,821
152814,830
152914,811
153014,840
153114,826
153214,830
153314,850
153414,840
153515,796
153629,840
153729,845
153829,835
153929,821
154029,821
154129,840
154229,840
154329,835
154429,821
154529,830
154629,806
154729,806
154829,796
154929,801
155029,791
155234,791
155334,772
155435,767
155535,762
155635,747
155794,752
155893,801
155993,791
156093,845
156193,777
156293,772
156393,772
156493,777
156593,821
156693,845
156793,840
156893,782
156993,777
157093,742
157193,767
157293,777
157393,835
157493,874
157593,860
157693,835
157793,826
157893,816
157993,811
158093,782
158193,826
158294,835
158394,840
158494,860
158594,816
158694,811
158794,835
158894,835
158994,821
159094,821
159194,826
159294,821
159394,801
159494,835
159594,821
159694,835
159863,835
159963,850
160063,840
160163,801
160263,767
160363,821
160463,806
160667,811
160768,801
160868,811
160968,811
161068,811
161168,806
161268,811
161368,782
161468,821
161568,777
161668,821
161768,796
161868,816
161968,816
162068,791
162168,816
162268,801
162368,777
162468,821
162568,811
162668,811
162768,806
162868,826
162968,806
163068,786
163168,835
163268,791
163368,816
163468,826
163568,826
163668,821
163768,826
163936,821
164036,806
164136,821
164236,772
164336,782
164436,811
164536,821
164636,811
164736,816
164836,821
164936,811
165036,816
165136,821
165236,821
165336,821
165436,782
165536,816
165636,791
165736,801
165836,786
165936,811
166036,811
166240,811
166340,811
166440,816
166540,801
166640,806
166740,796
166840,767
166940,772
167040,816
167140,806
167240,821
169817,806
170186,0
170437,0
170537,0
170637,0
170737,0
170838,0
170938,0
171038,0
171138,0
171238,0
171338,0
171438,0
171538,0
171638,0
171738,0
171838,0
171938,0
172038,0
172138,0
172238,0
172338,0
172438,0
172538,0
172638,0
172738,0
172838,0
172938,0
173038,0
173138,0
173238,0
173338,0
173438,0
173538,0
173638,0
173739,0
173839,0
173939,0
174198,0
174298,0
174398,0
174498,0
174598,0
174698,0
174798,0
174898,0
174998,0
175098,0
175198,0
175298,0
175398,0
175498,0
175598,0
175698,0
175798,0
175898,0
175998,0
176098,0
176198,0
176299,0
176399,0
176499,0
176599,0
176699,0
176799,0
176899,0
176999,0
177099,0
177199,0
177299,0
177399,0
177499,0
177599,0
177699,0
177799,0
177899,0
177999,0
178099,0
178253,0
178353,0
178453,0
178553,0
178653,0
178753,0
178853,0
178953,0
179053,0
179153,0
179253,0
179353,0
179453,0
179553,0
179653,0
179856,0
179956,0
180056,0
180156,0
180256,0
180356,0
180456,0
180556,0
180656,0
180756,0
180856,0
180956,0
181056,0
181156,0
181256,0
181356,0
181456,0
181556,0
181656,0
181756,0
181856,0
181956,0
182056,0
182156,0
182308,0
182408,0
182508,0
182608,0
182708,0
182808,0
182908,0
183008,0
183108,0
183208,0
183308,0
183408,0
183508,0
183608,0
183708,0
183808,0
183908,0
184008,0
184108,0
184208,0
184308,0
184408,0
184508,0
184608,0
184708,0
184808,0
184908,0
185008,0
185108,0
185208,0
185308,0
185408,0
185508,0
185712,0
185812,0
185912,0
186012,0
186112,0
186212,0
186372,0
186472,0
186572,0
186954,0
187054,0
187154,0
187254,0
187354,29
187454,34
187554,29
187654,29
187754,29
187854,29
187954,29
188054,29
188154,29
188254,29
188354,29
188454,29
188554,29
188654,29
188754,29
188854,29
188954,29
189054,0
189154,0
189254,0
189355,0
189455,0
189555,0
189655,0
189755,0
189855,0
189955,0
190055,0
190155,0
190255,0
190355,0
190455,0
190555,0
190759,0
190859,0
190972,0
191086,0
191186,0
191286,0
191628,0
191728,0
191828,0
191928,0
192028,273
192128,312
192228,317
192328,317
192428,307
192528,303
192628,312
192728,303
192828,317
192928,307
193028,307
193128,307
193228,312
193328,312
193428,307
193528,312
193628,312
193728,312
193828,0
193928,0
194028,0
194128,0
194228,0
194328,0
194428,0
194528,0
194628,0
194728,0
194828,0
194928,0
195028,0
195128,0
195228,0
195328,0
195428,0
195528,0
195753,0
195868,0
195968,0
196329,0
196429,0
196529,0
196629,0
196834,527
196934,3093
197035,3059
197135,3103
197235,2942
197335,3128
197435,3064
197535,3074
197635,3084
197735,3074
197835,3025
197935,3142
198035,3103
198135,3054
198235,3030
198335,3098
198435,3108
198535,3088
198635,3054
198735,3074
198835,2947
198935,3074
199035,2981
199135,2942
199235,3025
199335,3118
199435,3152
199535,2908
199635,3040
199735,2927
199938,2947
200038,3132
200138,2947
200238,3103
200338,2952
200438,3103
200538,2913
200638,2971
200738,2913
200889,3098
200989,3044
201089,2971
201189,3088
201289,3074
201389,3015
201489,3035
201589,2908
201689,3113
201789,2917
201900,2937
202000,3074
202100,3098
202200,3064
202300,3049
202400,2952
202500,3093
202600,3079
202700,3113
202800,3084
202900,3059
203000,3113
203100,3113
203200,3113
203300,3059
203400,3010
203500,3103
203600,3059
203700,3059
203800,3113
203900,3093
204000,2956
204100,3030
204200,3044
204300,3088
204400,2971
204500,3088
204600,3005
204700,3030
204800,3093
204967,3079
205067,3035
205167,3074
205372,3079
205472,3064
205572,3084
205672,3098
205772,2942
205872,2893
205972,3098
206072,3108
206172,3098
206272,3005
206372,3098
206472,3113
206572,3113
206672,3000
206772,3084
206872,2942
206972,2961
207072,2932
207172,3079
207272,3079
207372,2913
207472,3118
207572,3049
207672,3030
207772,3118
207872,2971
207972,3088
208072,3015
208172,3088
208272,2986
208372,3093
208472,3054
208572,3093
208672,3084
208772,3074
208872,3069
209037,3098
209137,2908
209238,3098
209338,3015
209438,3137
209538,3093
209638,3098
209738,3069
209838,3093
209938,3118
210038,3064
210138,3103
210238,3113
210338,3113
210438,3128
210538,3093
210638,3040
210738,3103
210838,3059
211043,3064
211143,3098
211243,3088
211343,2922
211443,3020
211543,3103
211643,3054
211743,3108
211843,3132
211943,3093
212043,3113
212143,2956
212243,3069
212343,3108
212443,3088
212543,3113
212643,3079
212743,3088
212843,3132
212943,3015
213110,3025
213210,3103
213310,3113
213410,3093
213510,3010
213610,3142
213710,3103
213810,3103
213910,2956
214010,3118
214110,3103
214210,3093
214310,3084
214410,3113
214510,3098
214610,3040
214710,3103
214810,3088
214910,3074
215010,3147
215110,3118
215211,2971
215311,3093
215411,3118
215511,3010
215611,2927
215711,3088
215811,3113
215911,3093
216011,3118
216111,3118
216211,3098
216311,3084
216411,2859
216511,3128
216714,3128
216814,3084
216914,3010
217014,3064
217180,3059
217280,3113
217380,3123
217480,3015
217580,2888
217680,3010
217780,3098
217880,3035
217980,2991
218080,2937
218180,3108
218280,3137
218380,3123
218480,3074
218580,3103
218680,3025
218780,3128
218880,3132
218980,3123
219080,3132
219180,3030
219280,2917
219380,3093
219480,3108
219580,3064
219680,3098
219780,3088
219880,3084
219980,3137
220080,2966
220180,2937
220280,3113
220380,3137
220480,3103
220580,3044
220680,2898
220780,2903
220880,3108
220980,3108
221080,3054
221180,3020
221280,3049
221380,3147
221480,3113
221580,3103
221680,3113
221780,3113
221880,2991
222102,3000
222202,3044
222302,3118
222402,2956
222502,3059
222602,3103
222702,2898
222802,3030
222902,3147
223002,3054
223102,3108
223202,3103
223302,3118
223403,3113
223503,3118
223603,3040
223703,2927
223803,3123
223903,3049
224003,3103
224103,3084
226641,3084
227032,0
227291,0
227542,0
227642,0
227742,0
227842,0
227942,0
228042,0
228142,0
228242,0
228342,0
228442,0
228542,0
228642,0
228742,0
228842,0
228942,0
229042,0
229142,0
229242,0
229342,0
229442,0
229542,0
229642,0
229846,0
229946,0
230046,0
230146,0
230246,0
230346,0
230446,0
230546,0
230646,0
230746,0
230850,0
230950,0
231050,0
231150,0
231250,0
231350,0
231450,0
231550,0
231650,0
231750,0
231851,0
231951,0
232051,0
232151,0
232251,0
232351,0
232451,0
232551,0
232651,0
232751,0
232851,0
232951,0
233051,0
233151,0
233251,0
233351,0
233451,0
233551,0
233651,0
233751,0
233851,0
233951,0
234051,0
234151,0
234251,0
234351,0
234451,0
234551,0
234651,0
234752,0
234904,0
235004,0
235104,0
235204,0
235304,0
235507,0
235607,0
235707,0
235807,0
235907,0
236007,0
236107,0
236207,0
236307,0
236407,0
236507,0
236607,0
236707,0
236807,0
236907,0
237007,0
237107,0
237207,0
237307,0
237407,0
237507,0
237607,0
237707,0
237807,0
237907,0
238007,0
238107,0
238208,0
238308,0
238408,0
238508,0
238608,0
238708,0
238808,0
238955,0
239055,0
239158,0
239258,0
239358,0
239458,0
239558,0
239659,0
239759,0
239859,0
239959,0
240059,0
240159,0
240259,0
240359,0
240459,0
240559,0
240659,0
240759,0
240859,0
240959,0
241059,0
241159,0
241363,0
241463,0
241563,0
241664,0
241764,0
241864,0
241964,0
242064,0
242164,0
242264,0
242364,0
242464,0
242564,0
242664,0
242764,0
242864,0
243021,0
243121,0
243485,0
243585,0
243685,0
243785,0
243885,97
243985,112
244085,102
244185,102
244285,97
244385,107
244485,102
244585,107
244685,107
244785,107
244885,102
244985,97
245085,97
245185,102
245285,102
245385,97
245485,102
245585,24
245685,0
245785,0
245885,0
245985,0
246085,0
246185,0
246285,0
246487,0
246587,0
246687,0
246787,0
246887,0
246987,0
247087,0
247187,0
247287,0
247387,0
247503,0
247616,0
247716,0
247816,0
247927,0
248309,0
248409,0
248509,0
248609,0
248838,503
248938,1339
249038,1334
249138,1304
249238,1334
249338,1339
249438,1339
249538,1295
249638,1300
249738,1348
249838,1348
249938,1353
250038,1339
250138,1329
250238,1290
250338,1319
250438,1304
250539,1319
250639,1344
250889,1344
250989,1344
251089,1270
251189,1309
251289,1314
251389,1324
251489,1314
251589,1348
251689,1329
251789,1339
251889,1309
251990,1339
252090,1329
252190,1344
252290,1334
252390,1334
252490,1339
252590,1314
252690,1329
252790,1295
252892,1300
252992,1265
253092,1270
253192,1309
253292,1334
253392,1358
253492,1348
253592,1344
253692,1339
253792,1344
253892,1324
253992,1280
254092,1329
254192,1280
254292,1339
254392,1363
254492,1260
254592,1334
254701,1334
254801,1300
254901,1339
255001,1295
255101,1314
255201,1295
255301,1339
255401,1329
255501,1314
255601,1339
255702,1334
255802,1324
255902,1295
256002,1339
256102,1344
256202,1314
256302,1260
256512,1265
256612,1304
256712,1319
256812,1314
256966,1280
257067,1324
257167,1329
257267,1329
257367,1358
257467,1290
257567,1304
257667,1329
257767,1329
257867,1339
257967,1329
258067,1329
258167,1339
258267,1329
258367,1339
258467,1348
258567,1339
258672,1353
258772,1270
258872,1324
258972,1324
259072,1319
259172,1334
259272,1334
259372,1319
259472,1280
259572,1334
259672,1256
259772,1275
259872,1329
259972,1339
260072,1329
260172,1344
260272,1334
260372,1304
260472,1265
260572,1329
260672,1285
260772,1344
260872,1334
261036,1329
261136,1300
261236,1334
261336,1304
261436,1329
261536,1260
261636,1348
261736,1334
261937,1334
262037,1329
262137,1256
262237,1334
262337,1344
262437,1280
262537,1329
262637,1324
262737,1300
262837,1324
262937,1344
263037,1324
263137,1314
263237,1285
263337,1329
263437,1314
263537,1319
263638,1280
263738,1329
263838,1324
263938,1304
264038,1329
264138,1256
264238,1290
264338,1339
264438,1329
264538,1344
264638,1319
264738,1334
264838,1339
264938,1285
265115,1319
265216,1304
265316,1309
265416,1300
265516,1329
265616,1231
265716,1295
265816,1270
265916,1319
266016,1295
266116,1260
266216,1290
266316,1251
266416,1309
266516,1290
266616,1295
266716,1304
266816,1314
266916,1236
267016,1295
267116,1300
267216,1295
267316,1300
267416,1290
267621,1290
267721,1285
267821,1314
267921,1290
268021,1280
268121,1304
268221,1295
268321,1256
268421,1290
268521,1304
268621,1251
268721,1270
268821,1236
268921,1300
269021,1304
269185,1314
269285,1300
269385,1314
269485,1290
269585,1324
269685,1251
269785,1295
269885,1251
269985,1309
270085,1314
270185,1270
270285,1275
270385,1280
270485,1270
270585,1314
270700,1300
270800,1300
270900,1295
271000,1290
271100,1270
271200,1300
271300,1309
271400,1300
271500,1300
271600,1285
271700,1290
271800,1314
271900,1290
272000,1246
272100,1309
272200,1314
272300,1265
272400,1309
272500,1304
272600,1304
272700,1300
272800,1295
272900,1260
273000,1309
273100,1256
273377,1260
273477,1314
273577,1246
273677,1304
273777,1221
273878,1275
273978,1290
274078,1304
274178,1295
274278,1314
274378,1290
274478,1246
274578,1260
274678,1300
274778,1275
274878,1236
274978,1270
275078,1309
275178,1295
275278,1300
275378,1295
275478,1300
275578,1265
275678,1246
275778,1270
275878,1280
275978,1304
276078,1300
276178,1256
276278,1300
276378,1300
276478,1329
276578,1314
276678,1304
276779,1280
276879,1304
276979,1251
277079,1300
277179,1270
277279,1290
277451,1300
277551,1236
277651,1260
277751,1270
277851,1275
277951,1304
278051,1290
278151,1260
278251,1295
278351,1285
278451,1285
278551,1270
278771,1241
278856,1300
278956,1285
279056,1251
279156,1300
279256,1290
279356,1280
279456,1280
279556,1275
279656,1280
279756,1304
279856,1290
279956,1295
280056,1290
280156,1300
280256,1265
280356,1290
280456,1246
280556,1290
280656,1270
280756,1290
283362,1275
283747,0
283998,0
284098,0
284198,0
284298,0
284398,0
284498,0
284598,0
284698,0
284798,0
284898,0
284998,0
285099,0
285199,0
285299,0
285399,0
285499,0
285599,0
285699,0
285799,0
285899,0
285999,0
286099,0
286199,0
286299,0
286399,0
286602,0
286702,0
286802,0
286902,0
287002,0
287102,0
287202,0
287302,0
287403,0
287503,0
287603,0
287703,0
287803,0
287903,0
288003,0
288103,0
288203,0
288303,0
288403,0
288503,0
288603,0
288703,0
288803,0
288903,0
289003,0
289103,0
289203,0
289303,0
289403,0
289503,0
289603,0
289703,0
289803,0
289903,0
290003,0
290103,0
290203,0
290304,0
290404,0
290504,0
290604,0
290704,0
290804,0
290904,0
291004,0
291104,0
291204,0
291304,0
291404,0
291504,0
291624,0
291724,0
291824,0
291924,0
292024,0
292227,0
292327,0
292427,0
292527,0
292627,0
292727,0
292827,0
292927,0
293027,0
293127,0
293227,0
293327,0
293427,0
293527,0
293627,0
293727,0
293827,0
293927,0
294027,0
294127,0
294227,0
294327,0
294427,0
294528,0
294628,0
294728,0
294828,0
294928,0
295028,0
295128,0
295228,0
295328,0
295428,0
295528,0
295678,0
295778,0
295879,0
295979,0
296079,0
296179,0
296279,0
296379,0
296479,0
296579,0
296679,0
296779,0
296879,0
296979,0
297079,0
297179,0
297279,0
297379,0
297479,0
297579,0
297679,0
297779,0
297879,0
298083,0
298183,0
298283,0
298383,0
298483,0
298583,0
298683,0
298783,0
298883,0
298983,0
299083,0
299183,0
299283,0
299383,0
299483,0
299583,0
299745,0
299845,0
300208,0
300308,0
300408,0
300508,0
300608,43
300708,43
300808,43
300908,43
301008,39
301108,43
301208,43
301308,43
301408,43
301508,43
301608,43
301708,39
301808,39
301908,43
302008,43
302108,43
302208,43
302308,4
302408,0
302508,0
302608,0
302708,0
302808,0
302908,0
303112,0
303212,0
303312,0
303412,0
303512,0
303612,0
303712,0
303812,0
303912,0
304012,0
304112,0
304227,0
304343,0
304443,0
304862,0
304962,0
305062,0
305162,0
305262,249
305362,273
305462,268
305562,283
305662,288
305762,239
305862,288
305963,259
306063,288
306163,317
306263,288
306363,263
306463,293
306563,327
306663,322
306763,303
306863,283
306963,288
307063,0
307163,0
307263,0
307378,0
307478,0
307578,0
307678,0
307778,0
307878,0
308082,0
308182,0
308282,0
308382,0
308482,0
308582,0
308682,0
308782,0
308955,0
309055,0
309155,0
309502,0
309602,0
309702,0
309803,0
309903,14
310003,19
310103,19
310203,19
310303,19
310403,19
310503,19
310603,19
310703,19
310803,19
310903,19
311003,19
311103,19
311203,19
311303,19
311406,19
311506,19
311606,0
311706,0
311806,0
311906,0
312006,0
312107,0
312207,0
312307,0
312407,0
312507,0
312607,0
312707,0
312807,0
312907,0
313111,0
313211,0
313311,0
313411,0
313520,0
313633,0
313733,0
314112,0
314224,0
314324,0
314424,0
314609,532
314710,2746
314810,2785
314910,2815
315010,2834
315110,2820
315210,2805
315310,2781
315410,2761
315510,2658
315610,2785
315710,2761
315810,2805
315910,2776
316010,2785
316110,2761
316210,2761
316310,2683
316410,2771
316510,2688
316610,2785
316710,2693
316810,2790
316910,2785
317010,2795
317110,2800
317313,2800
317413,2741
317513,2712
317613,2751
317713,2766
317813,2702
317913,2707
318013,2751
318113,2600
318213,2776
318313,2746
318413,2776
318513,2785
318658,2766
318758,2629
318858,2795
318958,2776
319058,2732
319158,2781
319258,2737
319358,2722
319458,2697
319558,2727
319659,2746
319759,2766
319859,2737
319959,2697
320059,2766
320159,2761
320259,2756
320359,2653
320459,2761
320559,2693
320659,2776
320759,2678
320859,2649
320959,2737
321059,2751
321159,2565
321259,2653
321359,2585
321459,2746
321559,2761
321659,2693
321759,2771
321859,2727
321959,2653
322059,2668
322159,2741
322259,2575
322359,2756
322459,2746
322560,2614
322727,2722
322952,2785
323052,2702
323152,2693
323252,2761
323352,2658
323452,2570
323552,2717
323652,2751
323752,2746
323852,2722
323952,2590
324052,2693
324152,2746
324252,2751
324352,2751
324452,2751
324552,2580
324652,2751
324752,2800
324852,2653
324952,2722
325052,2741
325152,2614
325252,2746
325352,2678
325452,2663
325552,2751
325652,2751
325752,2619
325852,2605
325952,2727
326052,2761
326152,2781
326252,2756
326352,2746
326452,2741
326552,2561
326652,2761
326805,2653
326905,2761
327005,2595
327105,2771
327205,2761
327305,2766
327421,2776
327521,2746
327621,2741
327721,2756
327821,2766
327921,2781
328022,2756
328122,2575
328222,2751
328428,2751
328528,2712
328628,2707
328728,2727
328828,2688
328928,2781
329028,2810
329128,2727
329228,2619
329328,2781
329428,2688
329528,2776
329628,2595
329728,2702
329828,2761
329928,2751
330028,2712
330128,2683
330228,2751
330328,2702
330428,2761
330528,2712
330628,2741
330728,2634
330877,2771
330977,2737
331077,2771
331177,2697
331277,2678
331392,2605
331492,2756
331592,2776
331692,2751
331792,2653
331892,2761
331992,2639
332092,2761
332192,2658
332292,2727
332392,2590
332492,2634
332592,2771
332692,2619
332792,2785
332892,2722
332992,2619
333092,2756
333192,2785
333292,2712
333392,2732
333492,2776
333592,2600
333692,2766
333792,2771
333892,2785
333992,2766
334198,2766
334298,2722
334398,2737
334498,2727
334598,2771
334698,2766
334798,2771
334947,2697
335047,2771
335147,2776
335247,2766
335347,2619
335447,2741
335547,2771
335647,2766
335747,2771
335847,2732
335947,2732
336047,2653
336147,2795
336247,2785
336347,2737
336447,2717
336547,2795
336647,2702
336747,2776
336847,2683
336947,2776
337047,2649
337147,2751
337247,2751
337347,2702
337447,2781
337547,2761
337647,2771
337747,2781
337847,2781
337947,2683
338048,2673
338148,2771
338248,2761
338348,2619
338448,2644
338548,2727
338648,2629
338748,2732
338848,2805
339016,2756
339116,2737
339216,2800
339316,2776
339606,2781
342144,2781
342478,0
342746,0
343005,0
343256,0
343356,0
343456,0
343556,0
343656,0
343756,0
343856,0
343956,0
344056,0
344156,0
344256,0
344356,0
344456,0
344556,0
344656,0
344756,0
344856,0
344956,0
345056,0
345156,0
345256,0
345356,0
345456,0
345556,0
345656,0
345756,0
345856,0
345956,0
346056,0
346156,0
346289,0
346389,0
346489,0
346589,0
346689,0
346789,0
346889,0
346989,0
347089,0
347297,0
347397,0
347497,0
347597,0
347697,0
347797,0
347897,0
347997,0
348097,0
348197,0
348297,0
348397,0
348497,0
348597,0
348697,0
348797,0
348897,0
348997,0
349097,0
349197,0
349297,0
349398,0
349498,0
349598,0
349698,0
349798,0
349898,0
349998,0
350098,0
350198,0
350344,0
350444,0
350544,0
350644,0
350744,0
350844,0
350944,0
351044,0
351144,0
351244,0
351344,0
351444,0
351544,0
351644,0
351744,0
351844,0
351944,0
352044,0
352144,0
352244,0
352344,0
352444,0
352544,0
352644,0
352744,0
352844,0
352944,0
353044,0
353248,0
353348,0
353448,0
353548,0
353648,0
353748,0
353848,0
353948,0
354048,0
354148,0
354248,0
354400,0
354500,0
354600,0
354700,0
354800,0
354900,0
355000,0
355100,0
355200,0
355300,0
355400,0
355500,0
355600,0
355700,0
355800,0
355900,0
356000,0
356100,0
356200,0
356300,0
356400,0
356500,0
356600,0
356700,0
356800,0
356900,0
357000,0
357100,0
357200,0
357300,0
357400,0
357500,0
357600,0
357700,0
357800,0
357900,0
358000,0
358100,0
358200,0
358300,0
358400,0
358701,0
359036,0
359136,0
359236,0
359336,0
359436,322
359536,386
359636,395
359736,400
359836,376
359936,391
360036,391
360136,395
360236,386
360336,376
360436,347
360536,342
360636,332
360736,342
360836,395
360936,210
361036,175
361136,151
361236,0
361336,0
361436,0
361536,0
361636,0
361736,0
361836,0
361936,0
362036,0
362136,0
362236,0
362336,0
362436,0
362536,0
362636,0
362736,0
362836,0
362936,0
363036,0
363139,0
363238,0
363338,0
363876,0
363967,0
364067,0
364167,0
364267,239
364367,278
364467,307
364567,312
364667,342
364767,356
364867,366
364967,366
365067,376
365167,395
365267,391
365367,391
365467,395
365568,400
365668,395
365768,386
365868,395
365968,43
366068,0
366168,0
366268,0
366368,0
366468,0
366568,0
366668,0
366768,0
366868,0
366968,0
367068,0
367168,0
367268,0
367368,0
367468,0
367568,0
367668,0
367768,0
367911,0
368024,0
368124,0
368224,0
368342,0
368875,0
368975,0
369075,0
369175,0
369381,508
369481,718
369581,757
369681,752
369781,738
369881,738
369981,733
370081,728
370181,718
370281,659
370381,615
370481,493
370581,508
370681,508
370781,508
370881,498
370981,478
371081,493
371181,493
371281,488
371381,503
371481,522
371581,527
371681,547
371781,542
371881,547
371981,566
372094,537
372194,552
372294,566
372395,586
372495,591
372595,601
372695,576
372795,586
372895,586
372995,606
373197,606
373297,606
373397,606
373497,601
373597,606
373697,586
373797,576
373897,610
373997,610
374097,601
374197,606
374297,601
374397,601
374497,606
374597,586
374697,591
374797,601
374897,591
374998,586
375098,566
375198,576
375298,576
375398,547
375498,571
375598,566
375698,586
375798,576
375903,576
376003,581
376127,571
376227,581
376620,581
376795,581
376895,562
376995,571
377095,552
377195,581
377295,586
377395,552
377631,493
377731,0
377831,0
377931,0
378031,0
378131,0
378231,0
378331,0
378431,0
378531,0
378631,0
378731,0
378831,0
378931,0
379196,0
379296,0
379396,0
379496,0
379596,0
379696,0
379796,0
379905,0
380005,0
380105,0
380205,0
380305,0
380405,0
380505,0
380605,0
380705,0
380812,0
380912,0
381012,0
381112,0
381212,0
381312,0
381412,0
381512,0
381612,0
381712,0
381812,0
381912,0
382012,0
382112,0
382212,0
382312,0
382412,0
382512,0
382612,0
382712,0
382812,0
382912,0
383117,0
383217,0
383318,0
383418,0
383518,0
383618,0
383718,0
384097,0
384134,0
384268,0
384368,0
384468,0
384568,0
384916,0
385016,0
385116,0
385216,0
385316,215
385416,244
385516,244
385616,239
385716,259
385816,244
385916,229
386016,234
386116,244
386216,234
386316,234
386416,229
386516,229
386616,234
386716,219
386816,224
386916,229
387016,48
387116,0
387216,0
387316,0
387416,0
387516,0
387616,0
387716,0
387816,0
387916,0
388029,0
388129,0
388333,0
388433,0
388533,0
388633,0
388733,0
389049,0
389149,0
389249,0
389349,0
389449,0
389549,0
389908,0
390008,0
390108,0
390208,0
390308,312
390408,386
390508,386
390608,381
390708,381
390808,376
390908,366
391008,386
391108,371
391208,381
391308,381
391408,371
391508,371
391608,376
391708,381
391808,386
391908,381
392008,376
392108,0
392208,0
392308,0
392408,0
392508,0
392608,0
392708,0
392808,0
392908,0
393008,0
393211,0
393311,0
393411,0
393511,0
393611,0
393711,0
393811,0
393926,0
394025,0
394125,0
394234,0
394334,0
394434,0
394804,0
394904,0
395004,0
395104,0
395313,503
395413,689
395513,698
395613,698
395713,679
395813,674
395913,703
396013,708
396113,674
396213,684
396313,689
396413,684
396513,689
396613,689
396713,698
396813,664
396913,689
397014,694
397114,698
397214,698
399979,679
400363,0
400463,0
400563,0
400663,0
400763,0
400863,0
400963,0
401063,0
401163,0
401263,0
401363,0
401463,0
401563,0
401664,0
401764,0
401864,0
401964,0
402064,0
402164,0
402264,0
402364,0
402464,0
402564,0
402664,0
402764,0
402864,0
402964,0
403064,0
403164,0
403264,0
403364,0
403464,0
403564,0
403664,0
403764,0
403864,0
403964,0
404064,0
404175,0
404275,0
404375,0
404475,0
404575,0
404675,0
404775,0
405253,0
405353,0
405453,0
405553,0
405653,0
405753,0
405853,0
405953,0
406053,0
406153,0
406253,0
406353,0
406453,0
406553,0
406653,0
406753,0
406853,0
406953,0
407053,0
407153,0
407254,0
407354,0
407454,0
407554,0
407654,0
407754,0
407854,0
407954,0
408054,0
408154,0
408254,0
408354,0
408454,0
408554,0
408654,0
408754,0
408854,0
408954,0
409054,0
409154,0
409254,0
409354,0
409454,0
409554,0
409654,0
409754,0
410049,0
410149,0
410249,0
410349,0
410449,0
410549,0
410649,0
410749,0
410849,0
410949,0
411049,0
411255,0
411355,0
411455,0
411555,0
411655,0
411755,0
411855,0
411955,0
412055,0
412155,0
412286,0
412386,0
412496,0
412596,0
412696,0
412796,0
412896,0
412996,0
413096,0
413196,0
413296,0
413396,0
413496,0
413596,0
413696,0
413796,0
413896,0
413996,0
414096,0
414196,0
414296,0
414396,0
414496,0
414596,0
414696,0
414796,0
414896,0
414996,0
415096,0
415196,0
415296,0
415396,0
415496,0
415596,0
415696,0
415796,0
415896,0
415996,0
416096,0
416196,0
416353,0
416453,0
416970,0
417070,0
417170,0
417270,0
417370,498
417549,522
417649,498
417750,469
417850,493
417950,498
418050,503
418150,503
418250,488
418350,474
418450,493
418550,503
418650,503
418750,488
418850,498
418950,498
419050,498
419150,498
419250,503
419350,498
419450,503
419550,503
419650,483
419750,493
419850,493
419950,503
420050,488
420150,503
420250,498
420350,498
420464,469
420564,469
420664,503
420868,503
420968,474
421068,488
421168,498
421268,498
421368,498
421468,483
421568,474
421668,469
421768,508
421868,503
421968,503
422068,503
422168,503
422268,488
422368,498
422468,503
422568,483
422668,493
422768,469
422868,474
422968,493
423068,503
423168,503
423268,493
423368,493
423468,503
423568,498
423668,503
423768,498
423868,493
423968,498
424068,503
424168,503
424268,478
424368,503
424499,488
424599,498
424699,478
424799,508
425189,503
425364,503
425620,483
425720,0
425820,0
425920,0
426020,0
426120,0
426220,0
426320,0
426420,0
426520,0
426620,0
426720,0
426820,0
426920,0
427020,0
427120,0
427220,0
427320,0
427420,0
427520,0
427620,0
427720,0
427820,0
427920,0
428020,0
428129,0
428229,0
428329,0
428429,0
428566,0
428666,0
428766,0
428866,0
428966,0
429066,0
429166,0
429266,0
429366,0
429466,0
429566,0
429666,0
429766,0
429867,0
429967,0
430067,0
430167,0
430267,0
430367,0
430467,0
430567,0
430667,0
430871,0
430971,0
431071,0
431171,0
431271,0
431371,0
431471,0
431571,0
431671,0
431771,0
431872,0
431972,0
432072,0
432172,0
432272,0
432372,0
432472,0
432641,0
432741,0
432841,0
433226,0
433326,0
433426,0
433526,0
433626,239
433726,278
433826,288
433926,278
434026,268
434126,273
434226,278
434326,273
434426,273
434526,268
434626,278
434726,273
434826,278
434926,278
435026,268
435126,278
435226,273
435326,229
435426,0
435526,0
435627,0
435727,0
435827,0
435927,0
436027,0
436247,0
436332,0
436432,0
436532,0
436632,0
436732,0
436832,0
437122,0
437222,0
437328,0
437428,0
437528,0
437888,0
437990,0
438090,0
438190,0
438290,102
438390,102
438490,102
438590,97
438690,92
438790,102
438890,102
438990,97
439090,97
439190,97
439290,97
439390,102
439490,102
439590,102
439690,102
439790,97
439890,102
439990,29
440090,0
440190,0
440290,0
440390,0
440491,0
440591,0
440691,0
440791,0
440993,0
441093,0
441193,0
441293,0
441393,0
441493,0
441593,0
441693,0
441793,0
441907,0
442020,0
442120,0
442220,0
442640,0
442740,0
442840,0
442940,0
443164,503
443264,508
443364,508
443464,508
443564,503
443664,483
443764,508
443864,508
443964,503
444064,488
444164,508
444276,498
444376,503
444476,474
444576,498
444676,503
444776,498
444876,503
444976,498
445076,474
445521,474
445621,508
445721,503
445821,493
445921,508
446056,513
446156,503
446256,498
446356,503
446456,503
446556,503
446656,474
446756,508
446856,503
446956,508
447056,503
447156,483
447256,503
447356,498
447456,503
447556,498
447656,498
447756,483
447856,483
447956,498
448056,508
448156,508
448256,474
448356,474
448456,498
448556,483
448656,503
448756,503
448856,498
448956,503
449056,503
449156,503
449256,503
449356,493
449456,498
449556,474
449656,508
449756,503
449856,503
449956,508
450056,498
450169,488
450269,483
450369,493
450644,503
451002,503
451189,503
451289,0
451389,0
451489,0
451589,0
451689,0
451789,0
451889,0
451989,0
452089,0
452189,0
452289,0
452389,0
452489,0
452589,0
452689,0
452789,0
452889,0
452989,0
453089,0
453384,0
453484,0
453584,0
453684,0
453784,0
453884,0
453984,0
454084,0
454205,0
454305,0
454405,0
454505,0
454612,0
454712,0
454917,0
455017,0
455117,0
455217,0
455317,0
455417,0
455517,0
455617,0
455717,0
455817,0
455917,0
456017,0
456117,0
456217,0
458827,0
459142,0
459242,0
459342,0
459442,0
459542,0
459642,0
459742,0
459842,0
459942,0
460042,0
460142,0
460242,0
460342,0
460442,0
460542,0
460642,0
460742,0
460843,0
460943,0
461043,0
461143,0
461243,0
461343,0
461443,0
461543,0
461643,0
461743,0
461843,0
461943,0
462043,0
462143,0
462243,0
462343,0
462443,0
462543,0
462794,0
463052,0
463152,0
463252,0
463352,0
463452,0
463552,0
463652,0
463752,0
463852,0
463952,0
464052,0
464152,0
464252,0
464352,0
464452,0
464552,0
464652,0
464752,0
464852,0
464952,0
465052,0
465152,0
465252,0
465352,0
465452,0
465552,0
465652,0
465752,0
465852,0
465952,0
466052,0
466152,0
466252,0
466352,0
466452,0
466552,0
466652,0
466752,0
466852,0
466952,0
467052,0
467152,0
467252,0
467352,0
467452,0
467552,0
467652,0
467752,0
467852,0
467952,0
468052,0
468152,0
468252,0
468352,0
468452,0
468552,0
468757,0
468857,0
468957,0
469057,0
469157,0
469257,0
469357,0
469457,0
469557,0
469657,0
469757,0
469857,0
469957,0
470057,0
470157,0
470257,0
470358,0
470458,0
470558,0
470658,0
470758,0
470858,0
471133,0
471233,0
471345,0
471445,0
471545,0
471645,0
471745,0
471845,0
471945,0
472045,0
472145,0
472256,0
472356,0
472456,0
472556,0
472656,0
472756,0
472856,0
472956,0
473056,0
473156,0
473256,0
473356,0
473456,0
473556,0
473656,0
473756,0
473856,0
473956,0
474056,0
474156,0
474256,0
474461,0
474561,0
474661,0
474761,0
474861,0
474961,0
475061,0
475161,0
475267,0
475367,0
475732,0
475832,0
475932,0
476032,0
476132,395
476232,439
476332,439
476432,420
476532,420
476632,420
476732,439
476832,449
476932,444
477032,439
477132,439
477232,439
477332,420
477432,444
477532,434
477632,439
477732,415
477832,166
477932,0
478032,0
478132,0
478232,0
478332,0
478432,0
478532,0
478632,0
478732,0
478832,0
478932,0
479032,0
479132,0
479232,0
479434,0
479534,0
479634,0
479750,0
479858,0
479958,0
480058,0
480168,0
480268,0
480368,0
480779,0
480879,0
480979,0
481079,0
481179,171
481280,185
481380,190
481480,185
481580,190
481680,185
481780,180
481880,185
481980,185
482080,180
482180,180
482280,180
482380,180
482480,185
482580,185
482680,185
482780,180
482880,53
482980,0
483080,0
483180,0
483280,0
483380,0
483480,0
483580,0
483680,0
483780,0
483880,0
483980,0
484080,0
484180,0
484295,0
484395,0
484495,0
484700,0
484862,0
484962,0
485062,0
485163,0
485512,0
485612,0
485712,0
485812,0
486025,522
486125,2849
486225,2512
486325,2795
486425,2878
486525,3108
486625,3030
486725,3191
486825,2849
486925,3000
487025,2922
487126,3284
487226,3196
487326,3279
487426,2399
487526,3299
487626,2893
487726,3025
487826,3118
487926,2473
488026,3255
488126,3181
488226,3040
488326,2800
488426,2385
488526,3059
488626,2663
488726,3035
488930,3113
489030,2888
489131,2893
489231,2629
489331,2693
489431,3176
489531,2996
489631,3167
489731,2458
489831,3274
489931,2448
490078,2561
490178,3260
490278,3299
490378,3084
490478,3328
490578,2766
490678,3142
490778,2873
490878,3220
490978,3235
491078,3196
491179,3000
491279,2595
491379,3318
491479,3069
491579,2903
491679,3064
491779,2869
491879,3079
491979,2844
492079,2531
492179,3059
492295,2981
492395,2829
492495,2815
492595,3260
492695,2438
492795,3240
492895,3225
492995,2961
493095,3279
493195,2492
493295,3000
493395,2668
493495,2453
493595,2903
493696,3093
493796,3113
493896,3044
493996,3162
494156,3250
494377,2478
494477,3201
494577,2668
494678,3289
494778,2815
494878,2917
494978,2663
495078,2658
495178,2487
495278,3074
495378,2624
495478,2991
495578,2663
495678,3299
495778,3167
495878,2443
495978,3098
496078,3074
496178,2512
496294,2815
496394,2854
496494,3142
496594,2712
496694,2443
496794,2942
496894,2966
496994,3103
497094,3103
497195,2346
497295,2468
497395,2355
497495,2707
497595,3181
497695,3108
497795,2639
497895,2922
497995,3230
498095,2341
498228,3132
498328,2668
498428,2468
498528,2722
498628,3137
498728,2795
498828,2922
498928,2751
499028,3196
499128,3044
499228,2355
499328,2360
499428,2565
499528,3191
499628,2737
499728,2551
499828,2434
500031,2565
500131,3147
500231,3196
500331,2668
500431,3308
500531,3152
500631,3030
500731,3196
500831,2556
500931,2741
501031,3025
501131,2619
501231,3030
501331,2546
501431,3069
501531,2839
501632,3132
501732,3118
501832,2575
501932,3216
502032,2668
502132,2473
502300,3152
502400,2629
502500,2986
502600,2908
502700,3030
502800,2399
502900,3103
503000,2644
503100,2854
503200,2580
503300,2609
503400,3025
503500,2663
503600,2605
503700,2756
503800,2785
503900,2360
504000,2820
504100,2971
504200,2996
504300,3318
504400,2839
504500,3035
504600,2903
504700,3176
504800,2336
504900,3181
505000,2541
505100,3128
505200,3225
505300,3245
505400,2702
505500,2991
505702,2981
505802,2512
505902,2707
506002,2996
506102,2790
506202,2346
506372,2917
506472,3299
506572,3137
506672,2712
506772,2937
506872,3250
506972,3054
507072,3269
507172,2521
507272,3093
507372,2883
507472,2771
507572,3084
507672,3216
507772,2903
507872,3035
507972,2693
508072,2590
508172,3025
508272,2737
508372,3216
508472,2971
508572,2673
508672,2741
508772,3318
508872,3088
508972,2693
509072,2722
509172,3318
509272,3000
509372,2781
509472,3142
509572,3049
509672,3132
509772,3108
509872,3279
509972,3118
510072,3216
510172,2952
510272,3264
510441,2903
510541,3220
510641,2829
510741,2864
510841,3015
510941,2864
511144,2825
511244,2971
511344,3157
511444,3093
511544,2482
511644,2898
511744,2546
511844,2590
511944,3264
512044,2507
512144,3040
512244,2678
512344,3269
512444,3191
512544,3040
512644,2404
512744,2932
512844,2869
512944,3079
513044,2986
513144,2478
513244,3049
513344,3113
513444,2952
513544,2404
513644,2458
513744,3132
513844,2497
513944,2517
514044,3069
514144,3328
514244,2996
514344,3132
514519,3279
514619,2346
514719,3338
517315,2697
517646,0
517905,0
518156,0
518256,0
518356,0
518456,0
518556,0
518656,0
518860,0
518960,0
519060,0
519160,0
519260,0
519360,0
519460,0
519560,0
519660,0
519760,0
519860,0
519960,0
520060,0
520160,0
520260,0
520360,0
520460,0
520560,0
520660,0
520760,0
520860,0
520960,0
521060,0
521160,0
521260,0
521360,0
521463,0
521563,0
521663,0
521763,0
521863,0
521963,0
522063,0
522163,0
522263,0
522363,0
522463,0
522563,0
522663,0
522763,0
522863,0
522963,0
523063,0
523163,0
523264,0
523364,0
523464,0
523564,0
523664,0
523764,0
523864,0
523964,0
524064,0
524164,0
524264,0
524364,0
524464,0
524564,0
524768,0
524868,0
524968,0
525068,0
525168,0
525268,0
525368,0
525517,0
525617,0
525717,0
525817,0
525917,0
526017,0
526117,0
526217,0
526317,0
526417,0
526517,0
526617,0
526717,0
526817,0
526917,0
527017,0
527117,0
527217,0
527318,0
527418,0
527518,0
527618,0
527718,0
527818,0
527918,0
528018,0
528118,0
528218,0
528318,0
528418,0
528518,0
528618,0
528718,0
528818,0
528918,0
529018,0
529118,0
529218,0
529318,0
529418,0
529571,0
529671,0
529771,0
529871,0
529971,0
530071,0
530171,0
530375,0
530475,0
530575,0
530675,0
530775,0
530875,0
530975,0
531075,0
531175,0
531275,0
531375,0
531475,0
531575,0
531675,0
531775,0
531875,0
531975,0
532075,0
532175,0
532275,0
532375,0
532475,0
532575,0
532675,0
532775,0
532875,0
532975,0
533075,0
533175,0
533275,0
533376,0
533476,0
533644,0
533744,0
533844,0
534174,0
534274,0
534374,0
534474,0
534574,444
534674,439
534774,444
534874,459
534974,464
535074,459
535174,425
535376,425
535476,434
535576,449
535676,459
535776,454
535876,459
535976,459
536076,439
536176,449
536276,146
536376,0
536476,0
536576,0
536676,0
536776,0
536876,0
536976,0
537076,0
537176,0
537276,0
537376,0
537476,0
537576,0
537676,0
537776,0
537876,0
537976,0
538076,0
538191,0
538310,0
538411,0
538749,0
538849,0
538949,0
539049,0
539256,503
539356,1099
539456,1060
539660,1065
539760,1089
539860,1085
539960,1075
540060,1060
540160,1075
540260,1089
540360,1045
540460,1085
540560,1045
540660,1065
540760,1055
540860,1094
540960,1094
541060,1085
541160,1080
541260,1075
541360,1050
541460,1080
541560,1085
541660,1080
541760,1080
541860,1085
541960,1104
542060,1099
542160,1075
542260,1094
542360,1050
542460,1089
542560,1075
542660,1085
542760,1085
542860,1085
542960,1085
543060,1075
543160,1089
543308,1060
543408,1080
543508,1094
543608,1080
543708,1065
543808,1094
543908,1094
544008,1080
544108,1085
544208,1080
544308,1089
544408,1065
544508,1060
544608,1055
544708,1085
544808,1089
544908,1065
545008,1055
545108,1085
545208,1094
545428,1094
545513,1085
545613,1099
545713,1080
545813,1055
545913,1085
546013,1094
546113,1089
546213,1089
546313,1094
546413,1085
546513,1085
546613,1080
546713,1094
546813,1109
546913,1080
547013,1085
547113,1089
547213,1089
547378,1109
547478,1060
547578,1085
547678,1085
547778,1075
547878,1055
547978,1075
548078,1085
548178,1089
548278,1060
548378,1055
548478,1099
548578,1050
548678,1050
548779,1085
548879,1085
548979,1065
549079,1060
549179,1085
549279,1085
549379,1080
549479,1085
549579,1089
549679,1075
549779,1085
549879,1075
549979,1089
550079,1099
550179,1094
550279,1055
550379,1080
550479,1099
550579,1089
550679,1099
550779,1055
550879,1085
551084,1085
551184,1089
551284,1065
551456,1085
551556,1099
551656,1094
551756,1104
551856,1055
551956,1045
552056,1055
552156,1085
552256,1085
552356,1065
552456,1080
552556,1085
552656,1065
552756,1094
552856,1055
552956,1094
553056,1065
553156,1089
553256,1089
553356,1104
553457,1089
553558,1085
553658,1055
553758,1089
553858,1055
553958,1089
554058,1080
554158,1080
554258,1099
554358,1099
554458,1094
554558,1085
554658,1050
554758,1065
554858,1089
554958,1080
555058,1055
555158,1070
555258,1089
555358,1085
555524,1080
555624,1094
555724,1070
555824,1085
555924,1104
556024,1099
556124,1099
556224,1089
556429,1089
556529,1089
556630,1094
556730,1085
556830,1060
556930,1085
557030,1099
557130,1104
557230,1089
557330,1070
557430,1094
557530,1089
557630,1094
557730,1099
557830,1060
557930,1099
558030,1099
558130,1094
558230,1080
558330,1089
558430,1070
558530,1094
558630,1094
558730,1099
558830,1050
558930,1050
559030,1099
559130,1104
559230,1085
559330,1089
559430,1099
559595,1099
559695,1075
559795,1094
559895,1094
559995,1075
560095,1099
560195,1075
560295,1089
560395,1045
560495,1065
560595,1099
560695,1099
560795,1045
560896,1075
560996,1094
561096,1089
561196,1085
561296,1109
561396,1099
561496,1089
561596,1065
561696,1075
561796,1070
561896,1089
562101,1094
562201,1099
562301,1065
562401,1075
562501,1080
562601,1104
562701,1085
562801,1094
562902,1085
563002,1099
563102,1085
563202,1104
563302,1060
563402,1094
563502,1080
563665,1089
563765,1109
563865,1109
563965,1060
564065,1065
564165,1099
564265,1099
564365,1080
564465,1104
564566,1114
564666,1060
564766,1089
564866,1055
564966,1089
565066,1065
565166,1099
565266,1065
565366,1060
565466,1065
565566,1094
565666,1085
565766,1070
565866,1094
565966,1089
566066,1075
566166,1060
566266,1099
566366,1075
566466,1094
566566,1099
566666,1075
566766,1089
566866,1080
566966,1094
567066,1055
567166,1099
567266,1075
567366,1085
567467,1085
567567,1099
567843,1099
567943,1085
568043,1099
568143,1099
568243,1094
568343,1099
568443,1104
568543,1085
568643,1099
568743,1065
568843,1099
568943,1104
569043,1075
569143,1104
569243,1099
569344,1094
569458,1045
569558,1089
569658,1085
569758,1104
569858,1060
569958,1099
570058,1104
570158,1085
570258,1094
570358,1094
570458,1104
570558,1085
570658,1104
570758,1099
570858,1114
570958,1089
571058,1109
571158,1065
571258,1075
571358,1099
571458,1094
571558,1089
571658,1085
571758,1075
571919,1094
572019,1114
572119,1099
572219,1060
572319,1094
572419,1075
572519,1099
572619,1085
572719,1094
572819,1099
572919,1085
573019,1080
573222,1080
573322,1060
573429,1109
573529,1109
573629,1099
573729,1060
576302,1070
576679,0
576930,0
577030,0
577130,0
577230,0
577330,0
577430,0
577530,0
577630,0
577730,0
577830,0
577930,0
578030,0
578130,0
578230,0
578330,0
578430,0
578530,0
578630,0
578731,0
578831,0
578931,0
579031,0
579131,0
579231,0
579331,0
579431,0
579531,0
579631,0
579731,0
579831,0
579931,0
580031,0
580131,0
580231,0
580331,0
580431,0
580531,0
580734,0
580834,0
580934,0
581035,0
581135,0
581235,0
581335,0
581435,0
581535,0
581635,0
581735,0
581835,0
581935,0
582035,0
582135,0
582235,0
582335,0
582435,0
582535,0
582635,0
582735,0
582835,0
582935,0
583035,0
583135,0
583235,0
583335,0
583435,0
583535,0
583635,0
583735,0
583835,0
583936,0
584036,0
584136,0
584236,0
584336,0
584436,0
584557,0
584657,0
584757,0
584857,0
584957,0
585057,0
585157,0
585257,0
585357,0
585457,0
585558,0
585658,0
585758,0
585858,0
585958,0
586058,0
586158,0
586258,0
586358,0
586458,0
586661,0
586761,0
586861,0
586961,0
587061,0
587161,0
587261,0
587361,0
587461,0
587561,0
587661,0
587761,0
587862,0
587962,0
588062,0
588162,0
588262,0
588362,0
588462,0
588610,0
588710,0
