p:4000,20000,6000,600,8000,4000,2000,8000,55
100,0
200,0
300,0
400,0
500,0
600,0
700,0
800,0
900,0
1000,0
1100,0
1200,0
1300,0
1400,0
1500,0
1600,0
1700,0
1800,0
1900,0
2000,0
2100,0
2200,0
2300,0
2400,0
2500,0
2600,0
2700,0
2800,0
2900,0
3000,0
3100,0
3200,0
3300,0
3400,0
3500,0
3600,0
3700,0
3800,0
3900,0
4000,0
4100,0
4302,0
4402,0
4502,0
4602,0
4702,0
4802,0
4902,0
5002,0
5102,0
5202,0
5302,0
5402,0
5502,0
5602,0
5702,0
5803,0
5903,0
6003,0
6103,0
6203,0
6303,0
6403,0
6503,0
6603,0
6703,0
6803,0
6903,0
7003,0
7103,0
7203,0
7303,0
7403,0
7503,0
7603,0
7703,0
7803,0
7903,0
8003,0
8103,0
8203,0
8303,0
8403,0
8503,0
8603,0
8704,0
8804,0
8904,0
9004,0
9104,0
9204,0
9304,0
9404,0
9504,0
9604,0
9704,0
9804,0
9904,0
10004,0
10104,0
10307,0
10407,0
10507,0
10607,0
10707,0
10807,0
10907,0
11008,0
11108,0
11208,0
11308,0
11408,0
11508,0
11608,0
11708,0
11808,0
11908,0
12008,0
12108,0
12208,0
12308,0
12408,0
12508,0
12608,0
12708,0
12808,0
12908,0
13008,0
13108,0
13208,0
13308,0
13408,0
13508,0
13608,0
13708,0
13808,0
13908,0
14008,0
14108,0
14208,0
14308,0
14408,0
14508,0
14608,0
14708,0
14808,0
14908,0
15035,0
15120,0
15220,0
15320,0
15420,0
15520,0
15620,0
15720,0
15820,0
15920,0
16176,0
16276,0
16376,0
16476,0
16576,381
16676,376
16776,371
16876,366
16976,361
17076,361
17176,361
17276,366
17376,361
17476,356
17576,351
17676,351
17776,356
17876,356
17976,351
18076,356
18176,361
18276,347
18376,347
18476,351
18576,342
18676,351
18776,347
18876,356
18976,342
19076,347
19176,337
19276,361
19376,361
19476,361
19576,361
19676,347
19776,342
19876,361
19976,366
20076,356
20176,356
20276,356
20376,361
20476,351
20576,371
20676,371
20776,356
20876,361
20976,356
21076,356
21176,342
21276,347
21376,351
21476,361
21683,361
21783,356
21883,342
21983,347
22083,337
22183,351
22283,351
22383,347
22483,361
22583,361
22683,361
22784,342
22884,356
22984,356
23084,356
23184,361
23284,351
23384,356
23484,366
23584,351
23684,356
23784,361
23884,337
23984,351
24084,361
24184,356
24284,361
24384,347
24484,351
24584,351
24684,351
24784,361
24884,351
24984,356
25084,361
25184,366
25284,347
25384,361
25484,356
25584,356
25684,351
25784,347
25884,351
25984,356
26084,356
26184,356
26284,361
26384,347
26484,361
26584,342
26684,356
26784,347
26884,356
26984,337
27084,361
27184,356
27284,347
27493,347
27593,347
27693,366
27793,351
27893,361
27993,351
28093,366
28201,356
28301,356
28401,351
28502,342
28602,347
28702,361
28802,361
28902,356
29002,356
29102,351
29202,351
29302,347
29402,361
29502,366
29602,351
29702,356
29802,361
29902,356
30002,342
30102,356
30202,361
30302,347
30402,366
30502,371
30602,351
30702,351
30802,351
30902,347
31002,356
31102,361
31202,361
31302,351
31403,351
31503,361
31603,361
31703,342
31803,347
31903,356
32003,356
32103,366
32203,351
32303,366
32403,366
32503,371
32603,366
32703,366
32906,366
33006,351
33106,366
33206,356
33306,361
33406,351
33506,366
33606,351
33707,351
33807,347
33907,361
34007,342
34107,366
34207,371
34307,371
34407,351
34507,366
34607,366
34707,347
34807,366
34907,361
35007,356
35107,351
35207,361
35307,366
35407,361
35507,361
35607,356
35707,366
35807,366
35907,347
36007,366
36107,366
36207,361
36307,376
36407,361
36507,361
36608,366
36708,356
36808,366
36908,356
37008,356
37108,371
37208,366
37308,366
37408,356
37508,361
37608,371
37708,371
37808,366
37908,361
38008,361
38108,356
38208,366
38308,366
38408,361
38508,361
38712,361
38812,361
38912,366
39012,356
39112,366
39212,356
39312,361
39412,347
39512,361
39612,361
39712,361
39812,361
39912,356
40012,366
40112,347
40212,366
40312,366
40412,361
40512,371
40612,366
40712,356
40812,356
40912,356
41012,356
41112,361
41212,361
41312,366
41412,347
41512,347
41612,356
41712,361
41812,356
41912,356
42012,356
42112,361
42212,356
42312,361
42412,361
42512,366
42612,361
42712,356
42812,347
42912,351
43012,351
43112,356
43212,347
43312,361
43412,371
43512,366
43612,356
43712,356
43812,361
43912,361
44012,361
44112,361
44365,366
44465,366
44565,361
44665,351
44765,361
44865,361
44965,366
45065,347
45165,366
45265,361
45365,356
45465,361
45565,366
45665,366
45765,351
45865,366
45965,366
46065,371
46166,361
46266,351
46366,366
46466,356
46566,361
46666,361
46766,366
46866,361
46966,347
47075,361
47175,356
47275,351
47375,361
47475,371
47575,356
47675,361
47775,356
47875,342
47975,366
48075,371
48180,371
48280,356
48380,351
48480,361
48580,351
48680,342
48780,351
48880,371
48980,361
49080,347
49180,351
49280,361
49380,361
49480,361
49580,361
49680,356
49780,366
49985,366
50085,361
50185,361
50285,356
50385,366
50485,351
50585,356
50685,361
50785,361
50885,366
50985,347
51085,366
51185,351
51286,361
51386,356
51486,342
51586,361
51686,366
51786,366
51886,347
51986,356
52086,366
52186,356
52286,366
52386,356
52486,366
52586,366
52686,366
52786,366
52886,361
52986,356
53086,347
53186,366
53286,361
53386,351
53486,366
53586,371
53686,351
53786,366
53886,361
53986,361
54086,351
54187,371
54287,356
54387,366
54487,347
54587,361
54687,347
54787,366
54887,371
54987,351
57539,366
57639,0
57739,0
57943,0
58043,0
58143,0
58243,0
58343,0
58443,0
58543,0
58643,0
58743,0
58843,0
58943,0
59043,0
59143,0
59243,0
59343,0
59443,0
59543,0
59643,0
59743,0
59843,0
59943,0
60043,0
60143,0
60243,0
60343,0
60443,0
60544,0
60644,0
60744,0
60844,0
60944,0
61044,0
61144,0
61244,0
61344,0
61444,0
61544,0
61644,0
61744,0
61844,0
61944,0
62044,0
62144,0
62244,0
62344,0
62444,0
62544,0
62644,0
62744,0
62844,0
62944,0
63044,0
63144,0
63244,0
63344,0
63444,0
63544,0
63644,0
63744,0
63946,0
64046,0
64146,0
64246,0
64346,0
64446,0
64546,0
64646,0
64746,0
64846,0
64946,0
65046,0
65146,0
65246,0
65346,0
65446,0
65546,0
65646,0
65746,0
65846,0
65946,0
66046,0
66146,0
66246,0
66347,0
66447,0
66547,0
66647,0
66747,0
66847,0
66947,0
67047,0
67147,0
67247,0
67347,0
67447,0
67547,0
67647,0
67747,0
67847,0
67947,0
68047,0
68147,0
68247,0
68347,0
68447,0
68547,0
68647,0
68747,0
68847,0
68947,0
69047,0
69147,0
69248,0
69348,0
69448,0
69548,0
69797,0
69897,0
69997,0
70097,0
70197,0
70297,0
70397,0
70497,0
70597,0
70697,0
70797,0
70897,0
70998,0
71098,0
71198,0
71298,0
71398,0
71498,0
71598,0
71698,0
71798,0
71898,0
71998,0
72098,0
72198,0
72298,0
72398,0
72498,0
72598,0
72698,0
72798,0
72898,0
72998,0
73098,0
73198,0
73298,0
73398,0
73498,0
73631,0
73730,0
73830,0
73930,0
74030,263
74130,312
74230,317
74330,303
74430,307
74530,288
74630,278
74730,288
74830,288
74930,288
75030,283
75130,283
75230,283
75330,283
75537,283
75637,293
75737,273
75837,288
75937,298
76037,278
76137,293
76237,288
76337,293
76437,293
76537,288
76637,288
76737,278
76837,278
76937,288
77037,288
77137,283
77237,288
77337,268
77437,288
77537,283
77648,278
77748,278
77848,283
77948,288
78048,283
78148,278
78248,293
78348,278
78448,288
78548,283
78648,288
78748,283
78848,263
78948,288
79048,288
79148,288
79248,283
79348,278
79448,293
79548,278
79648,293
79748,293
79848,288
79948,283
80048,273
80148,288
80248,288
80348,288
80448,288
80548,278
80648,293
80748,283
80848,283
80948,283
81048,283
81250,283
81350,293
81451,283
81551,283
81660,283
81760,288
81860,278
81960,288
82060,268
82160,288
82260,283
82360,288
82460,298
82560,288
82660,293
82760,283
82860,303
82960,283
83060,288
83160,288
83260,293
83360,298
83460,298
83560,283
83660,288
83760,303
83860,303
83960,293
84060,283
84160,298
84260,283
84360,293
84460,293
84560,283
84660,298
84760,293
84860,303
84960,293
85060,288
85160,288
85260,293
85360,288
85460,298
85560,293
85677,278
85777,288
85877,298
85977,293
86077,298
86177,298
86277,283
86377,303
86477,273
86680,278
86780,298
86880,283
86980,278
87080,288
87180,293
87280,293
87380,278
87480,293
87580,293
87680,283
87780,278
87880,293
87980,293
88080,278
88180,293
88280,293
88380,298
88480,298
88580,293
88680,288
88780,288
88880,298
88980,293
89080,298
89180,288
89280,293
89380,293
89480,303
89592,298
89701,298
89801,298
89901,278
90001,283
90101,293
90201,293
90301,293
90401,293
90501,288
90601,288
90701,283
90801,283
90901,288
91001,303
91101,288
91201,288
91301,293
91401,283
91501,288
91601,293
91701,273
91801,298
91901,293
92001,303
92101,278
92201,288
92301,288
92505,288
92605,288
92705,278
92805,283
92905,293
93005,288
93105,303
93205,298
93305,283
93405,298
93505,298
93621,293
93721,293
93821,293
93921,288
94021,288
94121,547
94221,483
94321,508
94422,488
94522,488
94622,503
94722,503
94822,493
94922,503
95022,493
95122,483
95222,493
95322,478
95422,508
95522,503
95622,503
95722,493
95822,498
95922,503
96022,503
96122,488
96222,488
96322,488
96422,503
96522,498
96622,498
96722,508
96822,503
96922,478
97022,503
97122,503
97222,493
97323,498
97423,503
97523,498
97623,488
97723,478
97928,498
98028,483
98128,493
98228,488
98328,493
98428,498
98528,508
98628,483
98728,508
98828,503
98928,493
99028,503
99128,493
99228,508
99328,493
99428,478
99528,503
99628,503
99728,508
99828,503
99928,503
100028,493
100128,493
100228,503
100328,503
100428,478
100528,493
100628,503
100728,498
100828,503
100928,503
101028,493
101128,503
101228,498
101328,498
101428,498
101528,498
101628,508
101728,508
101828,488
101928,493
102028,503
102128,503
102228,493
102328,503
102428,503
102528,508
102628,503
102728,493
102828,493
102928,503
103028,488
103128,493
103228,503
103328,498
103428,483
103528,483
103734,483
103834,493
103934,503
104034,478
104134,493
104235,493
104335,488
104435,503
104535,488
104635,503
104735,503
104835,498
104935,478
105035,503
105135,498
105235,503
105335,498
105435,498
105535,469
105635,498
105735,498
105835,493
105935,474
106035,493
106135,503
106235,508
106335,498
106435,474
106535,503
106635,493
106735,483
106835,478
106935,493
107035,483
107136,503
107236,493
107336,493
107436,478
107536,503
107636,503
107736,488
107836,498
107936,493
108036,503
108136,488
108236,508
108336,474
108436,493
108536,503
108636,503
108736,508
108836,488
108936,508
109036,478
109136,493
109236,493
109440,498
109540,498
109640,498
109740,498
109840,288
109940,278
110040,283
110140,278
110240,278
110340,283
110440,273
110540,278
110640,278
110740,278
113275,278
113375,0
113475,0
113575,0
113691,0
113792,0
113892,0
113992,0
114092,0
114192,0
114292,0
114392,0
114492,0
114592,0
114692,0
114792,0
114892,0
114992,0
115092,0
115192,0
115292,0
115392,0
115492,0
115592,0
115692,0
115792,0
115892,0
115992,0
116092,0
116192,0
116292,0
116392,0
116492,0
116592,0
116692,0
116792,0
116892,0
116992,0
117092,0
117192,0
117395,0
117495,0
117595,0
117695,0
117795,0
117895,0
117995,0
118095,0
118195,0
118295,0
118395,0
118495,0
118595,0
118695,0
118795,0
118895,0
118995,0
119095,0
119195,0
119296,0
119396,0
119496,0
119596,0
119696,0
119796,0
119896,0
119996,0
120096,0
120196,0
120296,0
120396,0
120496,0
120596,0
120696,0
120796,0
120896,0
120996,0
121096,0
121196,0
121296,0
121396,0
121496,0
121596,0
121696,0
121796,0
121896,0
121996,0
122096,0
122196,0
122296,0
122396,0
122496,0
122596,0
122696,0
122796,0
122896,0
122996,0
123201,0
123301,0
123401,0
123501,0
123601,0
123701,0
123801,0
123901,0
124001,0
124101,0
124201,0
124301,0
124401,0
124502,0
124602,0
124702,0
124802,0
124902,0
125002,0
125102,0
125202,0
125302,0
125402,0
125502,0
125602,0
125702,0
125802,0
125902,0
126002,0
126102,0
126202,0
126302,0
126402,0
126502,0
126602,0
126702,0
126802,0
126902,0
127002,0
127102,0
127202,0
127302,0
127403,0
127503,0
127603,0
127703,0
127803,0
127903,0
128003,0
128103,0
128203,0
128303,0
128403,0
128503,0
128603,0
128703,0
128803,0
128903,0
129107,0
129207,0
129307,0
129408,0
129508,0
129608,0
129712,0
129812,0
129912,0
130012,0
130112,83
130212,78
130312,78
130412,78
130512,78
130612,78
130712,78
130812,78
130912,73
131012,78
131112,73
131212,73
131312,73
131412,73
131512,73
131612,78
131712,78
131812,78
131912,73
132012,73
132112,73
132212,73
132312,73
132412,78
132512,73
132612,78
132712,73
132812,78
132912,78
133012,78
133112,78
133212,73
133312,78
133412,78
133512,78
133612,78
133712,78
133812,78
133912,78
134012,73
134112,73
134212,78
134312,78
134516,78
134616,78
134716,73
134816,73
134916,78
135016,78
135116,73
135216,73
135316,78
135416,73
135516,73
135616,73
135716,78
135816,73
135916,78
136016,73
136116,73
136216,73
136316,78
136416,78
136516,73
136616,78
136716,73
136816,78
136916,73
137016,78
137116,78
137216,78
137316,73
137416,73
137516,73
137616,73
137735,73
137834,73
137934,73
138034,73
138134,73
138234,73
138334,73
138434,73
138534,73
138634,73
138734,78
138834,73
138934,73
139034,73
139134,73
139234,73
139334,73
139435,73
139535,78
139635,73
139735,73
139835,73
139935,73
140035,78
140135,73
140340,73
140440,78
140540,78
140640,78
140740,78
140840,73
140940,73
141040,78
141140,73
141240,78
141340,78
141440,73
141540,73
141640,73
141740,73
141840,78
141940,78
142040,78
142140,73
142240,78
142340,78
142440,78
142540,78
142640,78
142740,78
142840,78
142940,83
143040,78
143140,78
143240,78
143340,73
143440,78
143540,78
143640,78
143740,78
143840,78
143940,83
144040,83
144140,78
144240,78
144340,83
144440,78
144540,78
144640,83
144740,83
144840,78
144940,78
145040,83
145140,78
145240,78
145340,78
145440,78
145540,78
145640,83
145900,83
146000,83
146100,83
146200,78
146300,78
146400,83
146500,83
146600,78
146700,83
146800,78
146900,78
147000,83
147100,78
147200,78
147300,78
147400,78
147500,78
147600,78
147700,78
147800,73
147900,78
148000,78
148100,78
148200,83
148300,78
148400,78
148500,78
148600,78
148700,78
148800,78
148900,78
149000,78
149100,78
149200,78
149300,83
149400,78
149500,83
149607,78
149713,83
149813,78
149913,78
150013,78
150113,73
150213,78
150313,78
150413,78
150513,78
150614,83
150714,78
150814,78
150914,78
151014,78
151114,78
151214,78
151314,83
151524,78
151624,78
151724,78
151824,78
151924,78
152024,73
152124,78
152224,78
152324,73
152424,78
152524,83
152624,78
152724,78
152824,78
152924,78
153024,83
153124,78
153224,78
153324,73
153424,78
153524,78
153636,78
153740,78
153840,78
153940,78
154040,83
154140,78
154240,78
154340,78
154440,78
154540,78
154640,78
154740,78
154840,78
154940,83
155040,73
155140,78
155240,78
155340,78
155440,78
155540,78
155640,78
155740,78
155840,78
155940,78
156040,78
156140,78
156240,78
156340,78
156440,78
156540,78
156640,78
156740,83
156840,78
156940,78
157040,78
157140,78
157345,78
157445,78
157545,78
157645,78
157747,78
157847,78
157947,78
158047,78
158147,78
158247,78
158347,83
158447,78
158547,78
158647,78
158747,83
158848,78
158948,78
159048,78
159148,78
159248,78
159348,78
159448,83
159548,83
159648,83
159748,78
159848,78
159948,78
160048,78
160148,78
160248,78
160348,78
160448,78
160548,78
160648,78
160748,78
160848,78
160948,78
161048,78
161148,73
161248,78
161348,78
161448,78
161548,78
161648,78
161748,78
161848,73
161948,73
162048,78
162148,78
162248,78
162348,78
162448,78
162548,78
162751,78
162851,78
162951,78
163051,78
163151,78
163251,78
163351,78
163451,78
163551,73
163651,73
163751,73
163851,83
163951,83
164051,83
164151,78
164251,78
164352,83
164452,83
164552,78
164652,78
164752,73
164852,73
164952,68
165052,68
165152,63
165252,68
165352,63
165452,68
165552,68
165652,73
165752,68
165852,73
165952,73
166052,73
166152,73
166252,73
166352,73
166452,68
166552,73
166652,73
166752,73
166852,73
166952,73
167052,73
167152,73
167252,68
169801,73
169901,0
170001,0
170101,0
170201,0
170301,0
170401,0
170501,0
170704,0
170804,0
170904,0
171004,0
171104,0
171204,0
171304,0
171404,0
171504,0
171604,0
171704,0
171804,0
171904,0
172004,0
172104,0
172204,0
172304,0
172404,0
172504,0
172604,0
172704,0
172804,0
172904,0
173004,0
173104,0
173204,0
173304,0
173404,0
173504,0
173604,0
173704,0
173804,0
173904,0
174004,0
174104,0
174204,0
174304,0
174404,0
174504,0
174604,0
174704,0
174804,0
174904,0
175004,0
175104,0
175204,0
175304,0
175404,0
175504,0
175604,0
175704,0
175804,0
175904,0
176004,0
176104,0
176204,0
176304,0
176404,0
176504,0
176709,0
176809,0
176909,0
177009,0
177110,0
177210,0
177310,0
177410,0
177510,0
177610,0
177710,0
177810,0
177910,0
178010,0
178110,0
178210,0
178310,0
178410,0
178510,0
178610,0
178710,0
178810,0
178910,0
179010,0
179110,0
179210,0
179310,0
179410,0
179510,0
179610,0
179710,0
179810,0
179910,0
180011,0
180111,0
180211,0
180311,0
180411,0
180511,0
180611,0
180711,0
180811,0
180911,0
181011,0
181111,0
181211,0
181311,0
181411,0
181511,0
181611,0
181711,0
181811,0
181911,0
182011,0
182111,0
182211,0
182509,0
182609,0
182709,0
182809,0
182909,0
183009,0
183109,0
183209,0
183309,0
183409,0
183510,0
183610,0
183710,0
183810,0
183910,0
184010,0
184110,0
184210,0
184310,0
184410,0
184510,0
184610,0
184710,0
184810,0
184910,0
185010,0
185110,0
185210,0
185310,0
185410,0
185510,0
185610,0
185710,0
185817,0
185925,0
186025,0
186125,0
186225,0
186326,3064
186426,3142
186526,3240
186626,3308
186726,3211
186826,3294
186926,2878
187026,2771
187126,3318
187226,2653
187326,3035
187426,3015
187526,3308
187626,3308
187726,3186
187826,3274
187926,3318
188026,3304
188126,3289
188328,3289
188428,3201
188528,3313
188628,3015
188728,3299
188828,3255
188928,3191
189028,3284
189128,3255
189228,3157
189328,2761
189428,3279
189528,3304
189628,3294
189728,3274
189844,2991
189944,2517
190044,3186
190144,3294
190244,3279
190344,3250
190444,3064
190544,3255
190644,3304
190744,3299
190844,3103
190944,3299
191044,3299
191144,3304
191244,2678
191344,3225
191444,3255
191544,3313
191644,3289
191744,3264
191844,3069
191944,3308
192044,3250
192144,3049
192244,2883
192344,3274
192444,3279
192544,3260
192644,3260
192744,3299
192844,3152
192944,3191
193044,3299
193144,3260
193244,3264
193344,2463
193444,3172
193544,3064
193644,3284
193744,2741
193844,3294
194100,3294
194200,3299
194300,3294
194400,2658
194500,3084
194600,3313
194700,3093
194800,3294
194900,3093
195000,3054
195100,2956
195200,3186
195300,3274
195400,3084
195500,3245
195600,3108
195700,3289
195800,2311
195900,3059
196000,3279
196100,3181
196200,3299
196300,3230
196400,2551
196500,3279
196600,2521
196700,3284
196800,3142
196900,3181
197000,2394
197100,3088
197200,3230
197300,3313
197400,3230
197500,3289
197600,3079
197700,3308
197800,3230
197900,3255
198000,3157
198100,3289
198200,3289
198300,2414
198400,2702
198500,3181
198600,3201
198700,3269
198800,3289
198900,3284
199000,3098
199100,3269
199200,3308
199300,3181
199503,3196
199603,3264
199703,3304
199803,3260
199903,3054
200003,3299
200103,3186
200203,2517
200303,3264
200403,2952
200503,2321
200603,3289
200704,3137
200804,3245
200904,3289
201004,3274
201104,3211
201204,3299
201304,3230
201404,3191
201504,3098
201604,3294
201704,3279
201804,3269
201904,2966
202004,3176
202104,3206
202204,3299
202304,2316
202404,3279
202504,3260
202604,3074
202704,3255
202804,3308
202904,3128
203004,3069
203104,3313
203204,3294
203304,3059
203404,3118
203504,2849
203604,2956
203704,3206
203804,3157
203904,3225
204004,2394
204104,3274
204204,3152
204304,3084
204404,3304
204504,2942
204604,3289
204704,3167
204804,3304
204904,3181
205004,3064
205104,3093
205306,3084
205406,3294
205506,3299
205606,3294
205706,3220
205806,3304
205906,3289
206006,3274
206106,3015
206206,3206
206306,2746
206406,2693
206507,3269
206607,3289
206707,3142
206807,3294
206907,3304
207007,3264
207107,3240
207207,3123
207307,2922
207407,3191
207507,2908
207607,3274
207707,3064
207807,2741
207907,2825
208007,2629
208107,3308
208207,3093
208307,3186
208407,3299
208507,3147
208607,3313
208707,2908
208807,3240
208907,3230
209007,3304
209107,2570
209207,3304
209307,3260
209408,3279
209508,3088
209608,3250
209708,3299
209808,3294
209908,3304
210008,3313
210108,3289
210208,3103
210308,3020
210408,2390
210508,3264
210713,3269
210813,3245
210913,3274
211013,3230
211113,2756
211213,3025
211313,3308
211414,3123
211514,3289
211614,3240
211714,3255
211814,3255
211914,3137
212014,3230
212114,3279
212214,3044
212314,3220
212414,3147
212514,3274
212614,3289
212714,3260
212814,3240
212914,3049
213014,3181
213114,3181
213214,3157
213314,3294
213414,3255
213514,3225
213614,3176
213714,2854
213814,3304
213914,3294
214014,3284
214126,3216
214226,3157
214326,3157
214426,3264
214526,3299
214626,3289
214726,3313
214827,3304
214927,3299
215027,3299
215127,3260
215227,3299
215327,3299
215427,3255
215527,3225
215627,3299
215727,3103
215827,3201
215927,2834
216027,3240
216127,3250
216227,3201
216327,3176
216530,3191
216630,3264
216730,3250
216830,3250
216930,3318
217030,3294
217131,3113
217231,3255
217331,3064
217431,3304
217531,3304
217631,3274
217731,3118
217846,2272
217931,3318
218031,3260
218131,3279
218231,3235
218331,3201
218431,3274
218531,2448
218631,3250
218731,3211
218831,3220
218931,3299
219031,3299
219131,3084
219231,3147
219331,3294
219431,3113
219531,3308
219631,3181
219731,2932
219831,3299
219931,3069
220032,3304
220132,3274
220232,3304
220332,3240
220432,3289
220532,3211
220632,3284
220732,3245
220832,3260
220932,3289
221032,2424
221132,3137
221232,3313
221332,3289
221432,2619
221532,3240
221632,3308
221732,3308
221846,3260
221946,3294
222199,3294
222299,3284
222399,3269
222499,3240
222599,2942
222699,2434
222799,3294
222899,3289
222999,2869
223099,3299
223199,3059
223299,3308
223399,3103
223499,3079
223599,3304
223699,3279
223799,3245
223899,2624
224000,3308
224100,3289
224200,3274
226803,3206
226903,0
227003,0
227103,0
227203,0
227303,0
227403,0
227503,0
227603,0
227703,0
227803,0
227903,0
228003,0
228103,0
228203,0
228303,0
228403,0
228503,0
228603,0
228703,0
228803,0
228903,0
229003,0
229103,0
229203,0
229303,0
229403,0
229504,0
229604,0
229704,0
229804,0
229904,0
230004,0
230104,0
230308,0
230408,0
230508,0
230608,0
230708,0
230808,0
230908,0
231008,0
231108,0
231208,0
231308,0
231408,0
231508,0
231608,0
231708,0
231808,0
231908,0
232008,0
232108,0
232208,0
232308,0
232408,0
232508,0
232608,0
232708,0
232808,0
232908,0
233008,0
233108,0
233208,0
233308,0
233408,0
233508,0
233608,0
233708,0
233808,0
233908,0
234008,0
234108,0
234208,0
234308,0
234408,0
234508,0
234608,0
234708,0
234808,0
234908,0
235008,0
235108,0
235208,0
235308,0
235408,0
235508,0
235608,0
235708,0
235808,0
235908,0
236115,0
236215,0
236315,0
236416,0
236516,0
236616,0
236716,0
236816,0
236916,0
237016,0
237116,0
237216,0
237316,0
237416,0
237516,0
237616,0
237716,0
237816,0
237916,0
238016,0
238116,0
238216,0
238316,0
238416,0
238516,0
238616,0
238716,0
238816,0
238916,0
239016,0
239116,0
239216,0
239321,0
239421,0
239521,0
239621,0
239721,0
239821,0
239921,0
240021,0
240121,0
240221,0
240321,0
240421,0
240521,0
240621,0
240721,0
240821,0
240921,0
241021,0
241121,0
241221,0
241321,0
241421,0
241521,0
241622,0
241722,0
241822,0
242027,0
242127,0
242227,0
242327,0
242427,0
242527,0
242627,0
242727,0
242827,0
242931,0
243031,0
243131,0
243231,694
243331,1300
243431,1285
243531,1260
243631,1275
243731,1280
243831,1285
243931,1260
244031,1290
244131,1270
244231,1270
244331,1295
244431,1275
244531,1290
244631,1295
244731,1290
244831,1280
244931,1270
245031,1246
245131,1275
245231,1256
245331,1290
245431,1300
245531,1275
245632,1275
245732,1280
245832,1290
245932,1285
246032,1236
246132,1260
246232,1290
246332,1270
246432,1290
246532,1304
246632,1270
246732,1275
246848,1221
246948,1295
247048,1295
247148,1280
247248,1280
247453,1280
247553,1236
247653,1265
247753,1270
247853,1290
247953,1295
248053,1290
248153,1290
248253,1221
248353,1256
248453,1246
248553,1290
248653,1285
248753,1236
248853,1241
248953,1260
249053,1260
249153,1270
249253,1285
249353,1290
249453,1221
249553,1260
249653,1285
249753,1280
249853,1256
249953,1231
250053,1290
250153,1280
250253,1290
250353,1231
250454,1285
250554,1260
250654,1280
250754,1270
250854,1260
250956,1290
251056,1290
251156,1280
251256,1251
251356,1241
251456,1290
251556,1295
251656,1241
251756,1280
251856,1285
251956,1265
252056,1256
252156,1256
252256,1290
252356,1280
252456,1285
252556,1256
252656,1265
252756,1251
252856,1231
252956,1300
253056,1265
253261,1270
253361,1275
253461,1265
253561,1260
253661,1280
253761,1270
253861,1231
253961,1275
254061,1256
254161,1236
254261,1275
254361,1251
254461,1265
254561,1270
254661,1265
254761,1304
254861,1251
254961,1260
255062,1295
255162,1280
255262,1231
255362,1226
255462,1290
255562,1304
255662,1280
255762,1285
255862,1290
255962,1246
256062,1275
256162,1270
256262,1275
256362,1285
256462,1270
256562,1221
256662,1236
256762,1221
256862,1285
256962,1226
257062,1246
257162,1260
257262,1260
257362,1280
257462,1280
257562,1280
257662,1290
257762,1260
257862,1260
257963,1275
258063,1265
258163,1260
258263,1275
258363,1275
258463,1290
258563,1285
258663,1265
258763,1280
259031,1280
259115,1221
259215,1231
259315,1241
259415,1246
259515,1251
259615,1275
259715,1217
259815,1231
259915,1275
260015,1241
260115,1231
260215,1221
260315,1280
260415,1290
260515,1256
260615,1275
260715,1241
260815,1246
260915,1251
261015,1285
261115,1260
261215,1221
261315,1290
261415,1256
261515,1290
261615,1231
261715,1280
261815,1251
261915,1275
262016,1280
262116,1280
262216,1260
262316,1265
262416,1231
262516,1236
262616,1241
262716,1270
262816,1295
262916,1280
263049,1241
263149,1217
263249,1260
263349,1226
263449,1275
263549,1226
263649,1280
263749,1275
263849,1295
263949,1295
264049,1246
264150,1246
264250,1285
264456,1285
264556,1260
264656,1265
264756,1275
264856,1285
264956,1270
265056,1236
265156,1285
265256,1270
265356,1285
265456,1280
265556,1260
265656,1226
265756,1256
265856,1285
265956,1251
266056,1280
266156,1251
266256,1236
266356,1275
266456,1217
266556,1280
266656,1285
266756,1275
266856,1246
266956,1275
267060,1260
267160,1265
267260,1236
267360,1265
267460,1275
267560,1275
267660,1226
267760,1285
267860,1236
267960,1256
268060,1270
268160,1226
268260,1280
268360,1275
268460,1280
268560,1285
268660,1265
268760,1270
268860,1290
268960,1275
269060,1260
269160,1260
269260,1217
269360,1270
269460,1217
269560,1270
269660,1300
269760,1285
269860,1265
269960,1280
270060,1275
270265,1275
270365,1217
270465,1275
270565,1290
270665,1290
270765,1236
270865,1300
270965,1280
271066,1260
271166,1212
271266,1290
271366,1217
271466,1275
271566,1260
271666,1290
271766,1285
271866,1260
271966,1246
272066,1256
272166,1265
272266,1270
272366,1236
272466,1280
272566,1265
272666,1256
272766,1275
272866,1290
272966,1285
273067,1275
273167,1231
273267,1270
273367,1280
273467,1251
273567,1212
273667,1270
273767,1270
273867,1290
273967,1295
274067,1260
274167,1275
274267,1221
274367,1280
274467,1280
274567,1246
274667,1207
274767,1280
274867,1251
274967,1260
275069,1270
275169,1265
275269,1241
275369,1236
275469,1251
275674,1256
275774,1285
275874,1231
275974,1280
276074,1280
276174,1265
276274,1260
276374,1260
276474,1280
276574,1256
276674,1280
276774,1270
276874,1270
276974,1270
277074,1246
277174,1226
277274,1270
277374,1251
277474,1265
277574,1275
277675,1280
277775,1226
277875,1285
277975,1246
278075,1295
278175,1246
278275,1280
278375,1265
278475,1280
278575,1226
278675,1241
278775,1275
278875,1241
278975,1275
279080,1280
279180,1285
279280,1256
279380,1241
279480,1265
279580,1256
279680,1275
279780,1270
279880,1221
279980,1221
280080,1285
280180,1275
280280,1260
280380,1251
280480,1260
280580,1265
280680,1265
280780,1285
280880,1275
280980,1275
283525,1251
283765,0
283865,0
283965,0
284065,0
284165,0
284265,0
284365,0
284465,0
284565,0
284665,0
284765,0
284865,0
284965,0
285065,0
285165,0
285265,0
285365,0
285465,0
285565,0
285665,0
285765,0
285865,0
285965,0
286065,0
286166,0
286266,0
286366,0
286466,0
286566,0
286666,0
286766,0
286866,0
286966,0
287066,0
287166,0
287266,0
287366,0
287466,0
287566,0
287666,0
287766,0
287866,0
287966,0
288066,0
288166,0
288266,0
288366,0
288466,0
288566,0
288666,0
288766,0
288866,0
288966,0
289067,0
289167,0
289267,0
289367,0
289572,0
289672,0
289772,0
289872,0
289972,0
290072,0
290172,0
290272,0
290372,0
290472,0
290572,0
290672,0
290772,0
290872,0
290972,0
291072,0
291172,0
291272,0
291372,0
291472,0
291572,0
291672,0
291772,0
291872,0
291972,0
292072,0
292172,0
292272,0
292372,0
292472,0
292572,0
292672,0
292772,0
292872,0
292972,0
293072,0
293172,0
293272,0
293372,0
293472,0
293572,0
293672,0
293772,0
293872,0
293972,0
294072,0
294172,0
294272,0
294372,0
294472,0
294572,0
294672,0
294772,0
294872,0
294972,0
295072,0
295172,0
295272,0
295372,0
295576,0
295676,0
295776,0
295876,0
295976,0
296076,0
296176,0
296276,0
296376,0
296476,0
296576,0
296676,0
296776,0
296876,0
296976,0
297076,0
297176,0
297276,0
297376,0
297476,0
297576,0
297676,0
297776,0
297876,0
297976,0
298076,0
298176,0
298276,0
298376,0
298476,0
298576,0
298676,0
298776,0
298876,0
298976,0
299076,0
299176,0
299276,0
299376,0
299476,0
299591,0
299676,0
299778,0
299878,0
299978,0
300078,0
300178,454
300278,498
300378,508
300478,488
300578,493
300678,483
300778,469
300878,503
301082,503
301182,478
301282,483
301382,478
301483,483
301583,478
301683,469
301783,474
301883,478
301983,469
302083,478
302183,464
302283,483
302383,483
302483,493
302583,498
302683,498
302783,478
302883,464
302983,478
303083,478
303183,478
303283,478
303383,483
303483,464
303591,474
303691,474
303807,483
303907,483
304007,483
304107,464
304207,483
304307,488
304407,469
304507,488
304607,483
304707,493
304807,474
304907,469
305007,488
305107,478
305207,493
305307,469
305408,488
305508,478
305608,474
305708,488
305808,478
305908,478
306008,488
306108,478
306208,478
306308,464
306408,474
306508,478
306608,469
306708,478
306914,478
307014,488
307115,469
307215,464
307315,478
307415,488
307515,483
307620,459
307720,478
307820,474
307920,498
308020,464
308120,474
308220,483
308320,449
308420,493
308520,469
308620,488
308720,483
308820,483
308920,469
309020,474
309120,474
309220,478
309320,488
309420,474
309520,474
309620,469
309720,478
309820,488
309920,469
310020,493
310120,478
310220,474
310320,488
310420,488
310520,478
310620,478
310720,478
310820,488
310920,474
311020,493
311120,493
311220,478
311320,483
311420,493
311520,488
311621,478
311721,498
311824,478
311924,474
312024,483
312124,478
312328,478
312428,483
312528,478
312628,454
312728,469
312828,474
312928,483
313028,469
313128,478
313228,469
313328,478
313428,474
313528,474
313628,478
313728,483
313828,493
313928,469
314028,469
314128,488
314228,483
314328,474
314428,464
314528,474
314628,493
314728,488
314828,464
314928,478
315028,498
315128,474
315228,469
315328,464
315428,483
315528,478
315628,488
315728,488
315828,488
315928,493
316028,488
316128,474
316228,474
316328,464
316428,488
316528,474
316628,478
316728,474
316828,464
316928,469
317028,469
317128,474
317228,483
317328,493
317428,488
317528,469
317628,483
317728,469
317828,478
317928,493
318134,488
318234,439
318334,493
318434,478
318534,474
318635,478
318735,483
318835,483
318935,483
319035,469
319135,483
319235,478
319335,493
319435,478
319535,478
319635,478
319735,483
319835,493
319935,483
320035,469
320135,464
320235,464
320335,478
320435,493
320535,493
320635,459
320735,464
320835,464
320935,459
321035,483
321135,478
321235,478
321335,474
321435,474
321536,449
321636,469
321736,478
321836,469
321936,474
322036,478
322136,454
322236,478
322336,469
322436,454
322536,474
322636,449
322736,469
322836,454
322936,478
323036,464
323136,469
323236,469
323336,469
323436,488
323536,474
323636,449
323889,449
323989,449
324089,464
324189,464
324289,464
324389,469
324489,454
324589,459
324689,469
324789,469
324889,459
324989,483
325089,464
325189,474
325289,478
325389,478
325489,449
325590,474
325690,459
325790,488
325890,449
325990,488
326090,449
326190,483
326290,469
326390,493
326490,469
326590,444
326690,469
326790,469
326890,464
326990,469
327090,474
327190,478
327290,478
327390,474
327490,469
327591,464
327691,459
327791,469
327891,483
327991,469
328091,459
328192,474
328292,474
328392,464
328492,478
328592,469
328692,469
328792,459
328892,469
328992,469
329092,478
329192,478
329395,474
329495,464
329595,454
329695,469
329795,449
329895,464
329995,483
330095,474
330195,478
330295,464
330395,464
330496,459
330596,478
330696,478
330796,474
330896,464
330996,478
331096,478
331196,478
331296,459
331396,454
331496,474
331596,469
331696,474
331796,483
331896,464
331996,488
332096,483
332196,464
332296,464
332396,464
332496,459
332596,469
332696,478
332796,488
332896,464
332996,459
333096,449
333196,459
333296,478
333396,464
333496,454
333596,469
333696,478
333796,469
333896,478
333996,464
334096,474
334196,493
334296,483
334396,459
334496,478
334596,493
334696,493
334796,488
334896,488
334996,498
335208,498
335308,483
335408,493
335508,488
335620,488
335720,503
335820,498
335923,488
336023,488
336123,488
336223,493
336323,493
336423,488
336523,474
336623,478
336723,474
336823,469
336923,483
337024,469
337124,474
337224,474
337324,483
337424,488
337524,478
337624,483
337724,483
337824,493
337924,459
338024,469
338124,483
338224,474
338324,483
338424,478
338524,474
338624,483
338724,478
338824,488
338924,483
339024,488
339124,474
339224,474
339324,483
339424,488
339524,493
339624,483
339724,488
342269,483
342369,0
342469,0
342569,0
342669,0
342769,0
342870,0
343076,0
343176,0
343276,0
343376,0
343476,0
343576,0
343676,0
343776,0
343876,0
343976,0
344076,0
344176,0
344276,0
344376,0
344476,0
344576,0
344676,0
344776,0
344876,0
344976,0
345076,0
345176,0
345276,0
345376,0
345476,0
345576,0
345676,0
345776,0
345876,0
345976,0
346076,0
346176,0
346276,0
346376,0
346476,0
346576,0
346676,0
346776,0
346876,0
346976,0
347076,0
347176,0
347276,0
347376,0
347476,0
347576,0
347676,0
347776,0
347876,0
347976,0
348076,0
348176,0
348276,0
348376,0
348476,0
348576,0
348676,0
348776,0
348876,0
349081,0
349181,0
349281,0
349381,0
349481,0
349581,0
349681,0
349782,0
349882,0
349982,0
350082,0
350182,0
350282,0
350382,0
350482,0
350582,0
350682,0
350782,0
350882,0
350982,0
351082,0
351182,0
351282,0
351382,0
351482,0
351582,0
351682,0
351782,0
351882,0
351982,0
352082,0
352182,0
352282,0
352382,0
352482,0
352582,0
352683,0
352783,0
352883,0
352983,0
353083,0
353183,0
353283,0
353383,0
353483,0
353583,0
353683,0
353783,0
353883,0
353983,0
354083,0
354183,0
354283,0
354383,0
354483,0
354583,0
354683,0
354907,0
355007,0
355107,0
355207,0
355307,0
355407,0
355507,0
355620,0
355720,0
355820,0
355920,0
356020,0
356120,0
356220,0
356320,0
356420,0
356520,0
356620,0
356720,0
356820,0
356920,0
357020,0
357120,0
357220,0
357320,0
357420,0
357520,0
357620,0
357720,0
357820,0
357920,0
358020,0
358120,0
358220,0
358348,0
358448,0
358548,0
358648,0
358748,0
358848,0
358948,0
359048,0
359148,0
359248,0
359348,0
359448,0
359548,0
359648,0
359748,0
359848,0
359948,0
360048,0
360148,0
360248,0
360348,0
360555,0
360655,0
360755,0
360855,0
360955,0
361055,0
361155,0
361255,0
361355,0
361455,0
361555,0
361655,0
361755,0
361856,0
361956,0
362056,0
362156,0
362256,0
362356,0
362456,0
362556,0
362656,0
362756,307
362856,322
362956,312
363056,322
363156,312
363256,317
363356,303
363456,307
363556,312
363656,303
363756,317
363856,312
363956,317
364056,312
364156,317
364256,312
364356,317
364456,307
364556,322
364656,312
364756,303
364856,317
364956,312
365056,327
365156,322
365256,322
365356,317
365456,312
365556,303
365656,312
365756,317
365856,312
365956,307
366056,307
366156,317
366410,317
366510,312
366610,322
366710,312
366810,312
366910,317
367010,298
367110,312
367210,322
367310,317
367410,322
367510,303
367625,317
367725,303
367825,317
367925,298
368025,317
368125,312
368225,312
368325,322
368425,307
368525,303
368625,298
368726,327
368826,322
368926,312
369026,327
369126,312
369226,317
369326,322
369426,303
369526,312
369626,327
369726,307
369826,303
369926,312
370026,322
370126,307
370226,307
370326,317
370443,317
370543,303
370643,303
370743,307
370843,317
370944,288
371044,317
371144,307
371244,312
371344,312
371444,298
371544,322
371815,307
371915,317
372015,322
372115,317
372215,317
372315,317
372415,307
372515,312
372615,322
372715,312
372815,317
372915,312
373015,327
373115,322
373215,317
373315,298
373415,312
373515,317
373615,322
373715,312
373815,307
373915,322
374016,303
374116,322
374216,317
374316,312
374416,307
374516,327
374616,303
374716,317
374816,312
374916,312
375016,317
375116,317
375216,317
375316,317
375416,317
375516,322
375625,322
375725,303
375825,312
375925,312
376025,322
376125,312
376225,307
376325,312
376425,317
376525,307
376625,307
376725,312
376825,312
376925,322
377025,312
377125,303
377225,307
377325,298
377425,322
377628,322
377728,307
377828,322
377928,298
378028,317
378128,312
378228,317
378328,312
378435,298
378535,307
378635,317
378735,298
378835,298
378935,298
379035,322
379136,298
379236,322
379336,303
379436,303
379536,327
379636,312
379736,307
379836,317
379936,322
380036,303
380136,312
380236,312
380336,317
380436,307
380536,307
380636,312
380736,298
380836,312
380936,293
381036,312
381136,312
381236,293
381336,317
381436,307
381536,317
381636,317
381736,307
381836,312
381936,317
382036,317
382136,298
382236,303
382336,317
382438,298
382538,312
382638,307
382738,317
382838,307
382938,322
383142,322
383242,307
383342,317
383442,307
383542,317
383642,312
383742,327
383842,298
383942,312
384043,307
384143,317
384243,317
384343,293
384443,307
384543,303
384643,317
384743,317
384843,298
384943,307
385043,303
385143,312
385243,312
385343,317
385443,317
385543,312
385643,298
385743,317
385843,307
385943,298
386043,298
386143,303
386243,298
386343,293
386443,307
386543,283
386643,303
386743,307
386843,307
386944,303
387044,288
387144,298
387244,298
387344,298
387444,288
387544,303
387644,298
387744,298
387844,293
387944,293
388044,298
388144,293
388244,288
388344,303
388444,298
388544,298
388644,298
388850,298
388950,288
389050,288
389150,293
389250,283
389350,307
389450,298
389550,303
389650,293
389750,298
389850,288
389950,278
390050,307
390150,298
390250,303
390350,303
390450,293
390550,298
390650,298
390750,283
390850,303
390950,303
391050,273
391150,303
391250,298
391350,298
391450,298
391550,298
391650,312
391750,298
391851,293
391951,298
392051,303
392151,298
392251,298
392351,303
392451,298
392551,303
392651,303
392751,303
392851,288
392951,293
393051,303
393151,293
393251,288
393351,293
393451,288
393551,303
393651,303
393751,293
393851,303
393951,298
394051,293
394151,283
394251,303
394351,293
394605,298
394705,283
394805,288
394905,283
395005,293
395105,288
395205,303
395305,298
395405,273
395505,293
395606,288
395706,298
395806,288
395906,303
396006,303
396106,283
396206,278
396306,283
396406,288
396506,307
396606,293
396706,288
396806,298
396906,293
397006,298
397106,293
397206,288
397306,303
397406,288
397506,298
400044,298
400144,0
400244,0
400344,0
400444,0
400544,0
400644,0
400744,0
400844,0
400944,0
401044,0
401144,0
401244,0
401344,0
401444,0
401544,0
401644,0
401744,0
401844,0
401944,0
402044,0
402144,0
402244,0
402344,0
402548,0
402648,0
402748,0
402848,0
402948,0
403048,0
403148,0
403248,0
403348,0
403448,0
403548,0
403648,0
403748,0
403848,0
403948,0
404048,0
404148,0
404248,0
404348,0
404448,0
404548,0
404648,0
404748,0
404848,0
404948,0
405048,0
405148,0
405248,0
405348,0
405448,0
405548,0
405648,0
405748,0
405848,0
405948,0
406048,0
406148,0
406248,0
406348,0
406448,0
406548,0
406648,0
406748,0
406848,0
406948,0
407048,0
407148,0
407248,0
407348,0
407448,0
407548,0
407648,0
407748,0
407848,0
407948,0
408048,0
408148,0
408354,0
408454,0
408554,0
408654,0
408754,0
408854,0
408954,0
409054,0
409154,0
409254,0
409354,0
409454,0
409554,0
409654,0
409754,0
409854,0
409954,0
410054,0
410155,0
410255,0
410355,0
410455,0
410555,0
410655,0
410755,0
410855,0
410955,0
411055,0
411155,0
411255,0
411355,0
411455,0
411555,0
411655,0
411755,0
411855,0
411955,0
412055,0
412155,0
412255,0
412355,0
412455,0
412562,0
412662,0
412762,0
412862,0
412962,0
413062,0
413162,0
413262,0
413362,0
413462,0
413562,0
413662,0
413762,0
413862,0
413962,0
414062,0
414268,0
414368,0
414468,0
414568,0
414668,0
414768,0
414868,0
414968,0
415068,0
415168,0
415268,0
415368,0
415468,0
415568,0
415668,0
415768,0
415868,0
415968,0
416068,0
416172,0
416272,0
416372,0
416472,68
416572,879
416672,869
416772,855
416872,869
416972,874
417072,874
417172,879
417272,865
417372,869
417472,865
417572,879
417672,879
417772,865
417872,865
417972,860
418072,865
418172,869
418272,850
418372,835
418472,855
418572,874
418672,884
418772,865
418872,869
418972,855
419072,865
419172,879
419272,879
419372,884
419472,879
419572,874
419672,850
419772,889
419872,879
420093,879
420180,865
420280,874
420380,869
420480,835
420580,845
420680,826
420780,874
420880,874
420980,860
421080,855
421180,826
421280,869
421380,860
421480,850
421580,840
421680,845
421780,855
421880,840
421980,879
422080,860
422180,879
422280,889
422380,855
422480,874
422580,869
422680,879
422780,874
422880,850
422980,850
423080,879
423180,850
423280,869
423380,889
423480,855
423580,869
423680,869
423780,884
423880,860
423980,869
424093,889
424196,860
424296,845
424396,874
424496,879
424596,860
424696,845
424796,850
424896,796
424996,821
425096,806
425196,830
425402,830
425502,821
425602,835
425702,821
425802,845
425902,796
426002,806
426102,811
426202,830
426302,830
426402,830
426502,811
426602,816
426702,830
426802,806
426902,821
427002,801
427102,796
427202,826
427302,840
427402,806
427502,811
427602,840
427702,811
427802,855
427902,830
428002,860
428102,845
428206,860
428306,869
428406,835
428506,865
428606,816
428706,801
428806,772
428906,757
429006,747
429106,742
429206,777
429306,801
429406,830
429506,855
429606,860
429706,865
429806,860
429906,860
430006,845
430106,840
430206,860
430306,869
430406,865
430507,835
430607,865
430707,855
430807,865
430907,865
431007,845
431210,845
431310,835
431410,865
431510,840
431610,826
431710,835
431810,874
431910,850
432010,865
432122,869
432225,869
432325,826
432425,869
432525,855
432625,860
432726,869
432826,869
432926,879
433026,860
433126,874
433226,884
433326,869
433426,874
433526,865
433626,865
433726,860
433826,879
433926,874
434026,850
434126,874
434226,855
434326,874
434426,874
434526,874
434626,860
434726,855
434826,855
434926,855
435026,874
435126,855
435226,879
435326,860
435426,855
435526,874
435627,850
435727,879
435827,869
435927,865
436027,879
436127,869
436227,860
436327,889
436427,865
436632,865
436732,840
436832,869
436932,865
437032,845
437132,845
437232,874
437332,865
437432,879
437532,879
437632,850
437732,850
437832,840
437932,884
438032,874
438132,879
438232,865
438332,869
438432,845
438532,860
438632,874
438732,845
438832,869
438932,865
439032,860
439132,865
439232,850
439332,869
439432,874
439532,860
439632,879
439732,869
439832,879
439932,869
440032,845
440132,835
440232,869
440332,869
440432,874
440532,850
440632,860
440732,869
440832,869
440932,845
441032,835
441132,869
441232,840
441332,835
441432,855
441532,884
441632,840
441732,860
441832,865
441932,845
442032,874
442132,865
442337,865
442437,874
442537,855
442637,874
442737,855
442838,874
442938,869
443038,860
443138,869
443238,845
443338,874
443438,865
443538,865
443638,865
443738,869
443838,879
443938,840
444038,869
444138,865
444238,860
444338,869
444438,845
444538,869
444638,865
444738,840
444838,855
444938,860
445038,869
445138,869
445238,865
445338,826
445438,869
445538,869
445638,835
445739,865
445839,850
445939,855
446039,884
446139,860
446239,869
446339,860
446439,840
446539,869
446639,830
446739,874
446839,865
446939,869
447039,850
447139,845
447239,874
447339,855
447439,855
447539,874
447639,860
447739,874
447839,869
447939,874
448161,874
448264,860
448364,884
448464,874
448564,855
448664,884
448764,869
448864,840
448964,860
449064,865
449164,855
449264,860
449364,850
449464,860
449564,879
449664,850
449764,850
449864,850
449964,860
450064,835
450164,874
450264,874
450364,865
450464,860
450564,826
450664,879
450764,874
450864,874
450964,879
451064,860
451164,874
451264,889
451364,879
451464,879
451564,840
451664,869
451764,869
451864,850
451964,889
452064,855
452164,835
452271,855
452371,845
452471,889
452571,855
452671,874
452771,884
452871,840
452971,850
453071,884
453171,860
453271,869
453371,879
453574,879
453675,865
453775,869
453875,869
453975,855
454075,869
454175,889
454275,855
454375,879
454475,865
454575,879
454675,845
454775,865
454875,869
454975,874
455075,884
455175,840
455275,884
455375,869
455475,860
455575,869
455675,869
455775,869
455875,845
455975,865
456075,855
456190,869
456290,865
458898,889
458998,0
459098,0
459198,0
459298,0
459398,0
459498,0
459598,0
459698,0
459798,0
459898,0
459998,0
460098,0
460198,0
460298,0
460398,0
460498,0
460598,0
460698,0
460798,0
460898,0
460998,0
461099,0
461199,0
461299,0
461399,0
461603,0
461703,0
461803,0
461903,0
462003,0
462103,0
462203,0
462303,0
462403,0
462503,0
462603,0
462703,0
462803,0
462903,0
463003,0
463104,0
463204,0
463304,0
463404,0
463504,0
463604,0
463704,0
463804,0
463904,0
464004,0
464104,0
464204,0
464304,0
464404,0
464504,0
464604,0
464704,0
464804,0
464904,0
465004,0
465104,0
465204,0
465304,0
465404,0
465504,0
465604,0
465704,0
465804,0
465904,0
466004,0
466104,0
466204,0
466304,0
466404,0
466504,0
466604,0
466704,0
466804,0
466904,0
467004,0
467104,0
467204,0
467304,0
467404,0
467610,0
467710,0
467810,0
467910,0
468011,0
468111,0
468211,0
468311,0
468411,0
468511,0
468611,0
468711,0
468811,0
468911,0
469011,0
469111,0
469211,0
469311,0
469411,0
469511,0
469611,0
469711,0
469811,0
469911,0
470011,0
470111,0
470211,0
470311,0
470411,0
470511,0
470611,0
470711,0
470811,0
470912,0
471012,0
471112,0
471212,0
471312,0
471415,0
471515,0
471615,0
471715,0
471815,0
471915,0
472015,0
472115,0
472215,0
472316,0
472416,0
472516,0
472616,0
472716,3128
472816,2614
472916,3318
473124,2712
473224,3010
473324,2541
473424,3289
473524,2565
473624,2478
473724,2937
473824,3318
473924,3352
474024,2414
474124,3323
474224,2844
474324,2834
474424,3132
474524,3176
474624,3030
474724,2727
474824,3357
474924,2649
475024,3181
475124,3064
475224,3250
475324,3167
475424,2849
475524,3132
475624,3304
475724,2761
475824,3084
475924,3191
476024,2683
476124,3323
476224,3093
476324,3289
476424,3289
476524,2864
476624,2697
476724,2976
476824,3079
476924,2766
477024,3308
477124,3343
477224,2507
477324,3230
477424,2678
477524,2825
477624,2370
477724,2849
477824,3157
477924,3264
478024,3235
478124,3260
478224,2287
478324,2624
478424,3010
478524,3079
478624,3308
478830,3079
478930,2800
479030,2737
479130,2839
479230,3264
479330,2771
479430,3230
479531,3005
479631,3343
479731,3220
479831,2956
479931,2590
480031,3196
480131,2893
480231,3093
480331,3308
480431,3260
480531,3186
480631,2590
480731,3152
480831,2468
480931,3064
481031,3230
481131,3132
481231,3264
481331,2658
481431,2590
481531,3181
481631,2996
481731,3318
481831,2375
481931,3176
482031,3255
482131,3274
482231,3269
482331,2448
482432,2781
482532,2497
482632,2981
482732,2776
482832,2815
482932,2619
483032,2878
483132,2888
483232,3294
483332,2551
483432,3284
483532,3079
483632,2873
483732,2751
483832,2800
483932,3000
484032,3059
484132,3269
484232,2619
484485,2712
484585,2976
484685,3225
484785,3235
484885,2854
484985,2697
485085,3128
485185,3064
485285,2952
485385,2702
485485,2517
485585,2859
485685,3230
485785,2888
485885,3157
485985,2966
486085,2478
486185,3123
486285,2800
486385,3323
486486,2971
486586,2859
486686,2932
486786,3313
486886,2658
486986,2404
487086,2771
487186,3274
487286,3010
487386,3015
487486,2678
487586,3079
487686,3035
487786,3088
487886,2873
487986,2541
488086,2825
488195,2805
488299,3294
488399,2800
488499,2688
488599,3015
488699,2991
488799,2942
488899,2829
488999,2741
489099,3172
489199,3313
489299,3294
489399,2991
489499,3167
489600,2834
489700,2825
489800,2385
489900,3196
490104,3235
490204,2883
490304,3299
490404,2453
490504,2346
490604,3211
490704,3005
490804,3299
490904,2487
491004,2820
491104,2492
491204,3000
491304,2526
491404,2526
491504,2888
491604,2624
491704,2883
491804,3294
491904,3318
492004,2688
492104,3274
492204,3323
492304,3304
492404,2336
492504,3284
492604,3308
492704,2536
492804,2487
492904,3318
493004,3269
493104,3030
493204,2864
493304,2790
493404,2673
493504,3206
493604,2996
493704,3269
493804,2844
493904,2966
494004,2746
494104,3152
494204,3098
494304,3323
494404,3230
494504,2795
494604,2771
494704,3318
494804,2590
494904,2526
495004,2844
495104,3191
495204,3035
495304,2507
495404,3093
495504,2414
495604,2922
495704,2903
495909,2956
496009,2927
496109,3142
496209,3279
496309,3128
496409,3269
496509,3279
496609,3142
496709,3255
496809,3211
496909,3279
497009,3284
497110,2394
497210,3084
497310,2947
497410,2991
497510,3255
497610,2385
497710,2991
497810,2487
497910,3176
498010,2370
498110,3084
498210,2624
498310,3074
498410,3157
498510,3191
498610,2585
498710,3274
498810,3181
498910,3113
499010,2370
499110,3132
499210,2521
499310,3225
499410,3289
499510,2981
499610,2732
499710,3269
499810,2795
499910,2629
500011,2653
500111,3294
500211,3318
500329,3318
500429,3260
500529,3269
500629,3118
500729,2864
500829,3098
500929,3225
501029,2717
501241,2790
501341,3074
501441,3245
501541,3093
501641,2766
501741,2839
501841,2590
501941,3308
502041,3225
502141,2878
502241,3308
502341,3108
502441,2272
502541,2321
502641,2653
502742,2570
502842,3132
502942,2473
503042,2888
503142,3000
503242,3318
503342,2971
503442,2350
503542,2952
503642,3108
503742,3323
503842,2678
503942,3167
504042,3025
504142,3191
504242,3123
504342,2404
504442,3113
504542,2658
504642,2697
504742,2624
504842,3064
504942,3049
505042,3284
505142,3040
505242,3059
505342,2942
505442,3118
505542,3074
505643,2346
505743,3206
505843,2380
505943,3123
506043,3088
506143,3206
506243,2971
506343,2859
506443,3318
506543,2883
506643,3132
506743,3294
506843,3225
507046,3255
507146,2614
507246,3299
507346,2717
507446,3225
507546,3044
507646,3172
507746,3118
507846,2741
507947,3264
508047,3235
508147,3142
508247,2717
508347,2624
508447,2795
508547,2678
508647,3191
508747,3167
508847,3137
508947,2595
509047,3269
509147,2732
509247,3216
509347,2761
509447,3274
509547,3294
509647,3128
509747,3308
509847,3245
509947,2776
510047,3093
510147,3313
510247,3264
510347,3299
510447,3108
510547,3181
510647,2727
510747,2761
510848,3049
510948,3240
511048,2482
511148,3289
511248,3044
511348,3064
511448,3308
511548,2634
511648,2820
511748,3284
511848,2595
511948,2766
512048,3069
512148,2761
512248,2947
512535,2521
512635,2649
512735,2649
512835,2316
512935,2629
513035,2737
513135,3176
513235,3167
513335,3250
513435,3308
513536,3040
513636,2986
513736,3201
513836,3113
513936,2658
514036,2399
514136,2956
514236,3093
514336,2424
514436,2893
514536,2644
514636,2878
514736,3108
514836,3074
517385,2922
517484,0
517584,0
517684,0
517784,0
517884,0
517984,0
518084,0
518184,0
518284,0
518384,0
518484,0
518584,0
518684,0
518784,0
518884,0
518984,0
519084,0
519184,0
519284,0
519384,0
519484,0
519584,0
519684,0
519784,0
519884,0
519984,0
520084,0
520184,0
520284,0
520384,0
520484,0
520584,0
520787,0
520887,0
520987,0
521088,0
521188,0
521288,0
521388,0
521488,0
521588,0
521688,0
521788,0
521888,0
521988,0
522088,0
522188,0
522288,0
522388,0
522488,0
522588,0
522688,0
522788,0
522888,0
522988,0
523088,0
523188,0
523288,0
523388,0
523488,0
523588,0
523688,0
523788,0
523888,0
523988,0
524088,0
524188,0
524288,0
524388,0
524488,0
524588,0
524688,0
524788,0
524888,0
524988,0
525088,0
525188,0
525288,0
525388,0
525488,0
525588,0
525688,0
525788,0
525888,0
525988,0
526088,0
526188,0
526288,0
526388,0
526596,0
526696,0
526796,0
526896,0
526996,0
527096,0
527196,0
527296,0
527396,0
527496,0
527596,0
527696,0
527796,0
527896,0
527996,0
528096,0
528196,0
528296,0
528396,0
528496,0
528596,0
528696,0
528796,0
528896,0
528996,0
529096,0
529196,0
529296,0
529396,0
529496,0
529596,0
529696,0
529796,0
529902,0
530002,0
530102,0
530202,0
530302,0
530402,0
530502,0
530603,0
530703,0
530803,0
530903,0
531003,0
531103,0
531203,0
531303,0
531403,0
531503,0
531603,0
531703,0
531803,0
531903,0
532003,0
532103,0
532203,0
532303,0
532509,0
532609,0
532709,0
532809,0
532909,0
533009,0
533109,0
533209,0
533309,0
533409,0
533509,0
533609,0
533709,0
533809,464
533909,1290
534009,1314
534109,1285
534209,1275
534309,1275
534409,1256
534509,1251
534609,1265
534709,1270
534809,1285
534909,1304
535009,1285
535109,1265
535209,1260
535309,1270
535409,1285
535510,1285
535610,1231
535710,1275
535810,1295
535910,1285
536010,1270
536110,1275
536210,1260
536310,1280
536410,1309
536510,1285
536610,1280
536710,1319
536810,1260
536910,1285
537010,1280
537110,1275
537210,1251
537310,1251
537410,1260
537510,1290
537610,1285
537710,1290
537913,1260
538013,1260
538113,1275
538213,1300
538313,1290
538413,1290
538513,1256
538613,1265
538713,1265
538813,1260
538913,1246
539013,1285
539113,1285
539213,1251
539313,1280
539413,1270
539513,1256
539613,1260
539713,1270
539813,1280
539913,1285
540013,1251
540113,1285
540213,1265
540313,1290
540413,1260
540513,1280
540613,1270
540713,1270
540813,1295
540913,1285
541014,1295
541114,1300
541214,1285
541314,1270
541428,1280
541528,1251
541628,1290
541728,1275
541828,1295
541928,1295
542028,1304
542128,1309
542228,1300
542328,1260
542428,1290
542528,1270
542628,1251
542728,1256
542828,1270
542928,1295
543028,1309
543128,1260
543228,1290
543328,1251
543428,1290
543528,1275
543740,1275
543840,1251
543940,1285
544040,1265
544140,1285
544240,1285
544340,1270
544440,1256
544540,1295
544640,1290
544740,1280
544840,1246
544940,1280
545040,1241
545140,1270
545240,1295
545340,1265
545440,1270
545540,1295
545640,1256
545740,1256
545840,1251
545940,1260
546040,1275
546140,1290
546240,1290
546340,1275
546440,1280
546540,1275
546640,1275
546740,1270
546840,1280
546940,1256
547040,1246
547140,1256
547240,1285
547340,1285
547440,1241
547540,1260
547640,1251
547740,1290
547840,1285
547940,1275
548040,1285
548140,1275
548240,1270
548340,1265
548440,1290
548540,1241
548640,1246
548740,1256
548840,1270
548940,1285
549040,1251
549140,1241
549240,1300
549340,1265
549608,1265
549693,1256
549793,1290
549893,1280
549993,1256
550093,1285
550193,1280
550293,1280
550393,1280
550493,1265
550593,1251
550693,1265
550793,1256
550893,1295
550993,1251
551093,1290
551193,1295
551293,1280
551393,1256
551493,1290
551593,1275
551693,1246
551793,1246
551894,1290
551994,1270
552094,1270
552194,1236
552294,1265
552394,1256
552494,1275
552594,1285
552694,1251
552794,1290
552894,1300
552994,1290
553094,1270
553194,1270
553294,1280
553394,1251
553494,1270
553627,1265
553728,1260
553828,1275
553928,1295
554028,1256
554128,1270
554228,1270
554328,1270
554428,1275
554528,1270
554628,1285
554728,1260
554828,1280
555033,1280
555133,1275
555233,1290
555333,1280
555433,1236
555533,1290
555633,1265
555734,1251
555834,1251
555934,1265
556034,1251
556134,1256
556234,1285
556334,1270
556434,1236
556534,1300
556634,1295
556734,1265
556834,1260
556934,1295
557034,1290
557134,1270
557234,1270
557334,1280
557434,1295
557534,1280
557651,1285
557751,1295
557851,1256
557952,1256
558052,1295
558152,1275
558252,1246
558352,1241
558452,1285
558552,1246
558652,1265
558752,1246
558852,1251
558952,1265
559052,1270
559152,1275
559252,1295
559352,1295
559452,1260
559552,1251
559652,1270
559752,1260
559852,1236
559952,1280
560052,1280
560152,1285
560252,1260
560352,1285
560452,1260
560552,1260
560756,1251
560856,1290
560956,1265
561056,1275
561156,1260
561256,1251
561356,1241
561456,1241
561614,1275
561699,1290
561799,1275
561899,1280
561999,1275
562099,1285
562199,1280
562299,1251
562399,1270
562499,1265
562599,1280
562699,1300
562799,1295
562899,1280
562999,1265
563099,1270
563200,1265
563300,1256
563400,1256
563500,1280
563600,1285
563700,1260
563800,1275
563900,1280
564000,1241
564100,1265
564200,1280
564300,1241
564400,1275
564500,1280
564600,1251
564700,1251
564800,1275
564900,1241
565000,1280
565100,1285
565200,1256
565300,1265
565400,1246
565500,1265
565633,1256
565733,1295
565833,1256
565933,1256
566033,1275
566237,1270
566337,1265
566437,1275
566537,1265
566637,1270
566737,1270
566837,1270
566937,1280
567037,1251
567137,1251
567237,1270
567337,1265
567437,1280
567537,1256
567638,1265
567738,1246
567838,1256
567938,1251
568038,1275
568138,1251
568238,1265
568338,1246
568438,1275
568538,1275
568638,1260
568738,1256
568838,1226
568938,1246
569038,1275
569138,1241
569238,1280
569338,1246
569438,1285
569538,1280
569641,1260
569741,1251
569841,1246
569942,1290
570042,1256
570142,1256
570242,1265
570342,1270
570442,1241
570542,1270
570642,1251
570742,1280
570842,1270
570942,1246
571042,1265
571142,1280
571242,1270
571342,1231
571442,1226
571542,1260
571642,1290
571742,1275
571842,1270
572053,1270
572153,1270
572253,1270
572353,1280
572453,1241
572553,1285
572653,1231
572753,1265
572853,1275
572953,1280
573053,1290
573153,1265
573253,1265
573353,1295
573453,1246
573553,1275
573671,1251
573771,1295
576372,1285
576472,0
576572,0
576672,0
576772,0
576872,0
576972,0
577072,0
577172,0
577272,0
577372,0
577472,0
577611,0
577711,0
577811,0
577911,0
578011,0
578111,0
578211,0
578311,0
578411,0
578511,0
578611,0
578711,0
578811,0
578911,0
579011,0
579111,0
579211,0
579311,0
579411,0
579511,0
579611,0
579712,0
579812,0
580017,0
580117,0
580217,0
580317,0
580417,0
580517,0
580617,0
580717,0
580817,0
580917,0
581017,0
581117,0
581217,0
581317,0
581417,0
581517,0
581617,0
581718,0
581818,0
581918,0
582018,0
582118,0
582218,0
582318,0
582418,0
582518,0
582618,0
582718,0
582818,0
582918,0
583018,0
583118,0
583218,0
583318,0
583418,0
583518,0
583618,0
583718,0
583818,0
583918,0
584018,0
584118,0
584218,0
584318,0
584418,0
584518,0
584619,0
584719,0
584819,0
584919,0
585019,0
585119,0
585219,0
585319,0
585419,0
585519,0
585619,0
585825,0
585925,0
586025,0
586125,0
586225,0
586326,0
586426,0
586526,0
586626,0
586726,0
586826,0
586926,0
587026,0
587126,0
587226,0
587326,0
587426,0
587526,0
587626,0
587726,0
587826,0
587926,0
588026,0
588126,0
588226,0
588326,0
588426,0
588526,0
588626,0
588726,0
588826,0
