p:4000,20000,6000,600,8000,4000,2000,8000,70
16238,packet,1,0,0,1,52,8000
16276,event,0,0
16290,action,0,0
16673,packet,0,0,1,1
16718,packetAck,0
20701,event,2,1
20716,action,1,1
20801,packet,1,0,0,1,52,8000
20839,event,0,0
20853,action,0,0
21347,packet,0,0,1,1
21389,packetAck,1
25389,event,2,1
25403,action,1,1
73859,packet,1,0,0,1,51,8000
73897,event,0,0
73911,action,0,0
74113,packet,0,0,1,1
74155,packetAck,1
78135,event,2,1
78149,action,1,1
78510,packet,1,0,0,1,51,8000
78548,event,0,0
78568,action,0,0
78610,packet,0,0,1,1
78652,packetAck,1
79184,packet,1,0,2,5,51,8000
79201,event,3,1
79215,action,2,1
81229,event,4,2
81243,action,1,2
83289,packet,1,0,0,1,51,8000
83327,event,0,0
83342,action,0,0
83664,packet,0,0,1,1
83706,packetAck,1
87706,event,2,1
87720,action,1,1
88058,packet,1,0,0,1,51,8000
88096,event,0,0
88111,action,0,0
88396,packet,0,0,1,1
88438,packetAck,1
92422,event,2,1
92452,action,1,1
93033,packet,1,0,0,1,51,8000
93070,event,0,0
93085,action,0,0
93128,packet,0,0,1,1
93174,packetAck,1
97160,event,2,1
97175,action,1,1
101170,packet,1,0,0,1,50,8000
101220,event,0,0
101235,action,0,0
101636,packet,0,0,1,1
101557,packetAck,1
105679,event,2,1
105693,action,1,1
106080,packet,1,0,0,1,50,8000
106117,event,0,0
106133,action,0,0
106614,packet,0,0,1,1
106672,packetAck,1
110672,event,2,1
110686,action,1,1
129707,packet,1,0,0,1,50,8000
129745,event,0,0
129759,action,0,0
129908,packet,0,0,1,1
129950,packetAck,1
133934,event,2,1
133949,action,1,1
134298,packet,1,0,0,1,49,8000
134336,event,0,0
134350,action,0,0
134525,packet,0,0,1,1
134567,packetAck,1
138569,event,2,1
138583,action,1,1
186366,packet,1,0,0,1,59,8000
186404,event,0,0
186418,action,0,0
186909,packet,0,0,1,1
186952,packetAck,1
190937,event,2,1
190952,action,1,1
191040,packet,1,0,0,1,59,8000
191078,event,0,0
191093,action,0,0
191470,packet,0,0,1,1
191528,packetAck,1
195510,event,2,1
195525,action,1,1
195822,packet,1,0,0,1,59,8000
195860,event,0,0
195874,action,0,0
196255,packet,0,0,1,1
196297,packetAck,1
200283,event,2,1
200298,action,1,1
243002,packet,1,0,0,1,53,8000
243039,event,0,0
243055,action,0,0
243141,packet,0,0,1,1
243195,packetAck,1
247168,event,2,1
247183,action,1,1
247569,packet,1,0,0,1,53,8000
247606,event,0,0
247622,action,0,0
247989,packet,0,0,1,1
248031,packetAck,1
252016,event,2,1
252030,action,1,1
299726,packet,1,0,0,1,59,8000
299764,event,0,0
299779,action,0,0
300045,packet,0,0,1,1
300086,packetAck,1
304072,event,2,1
304086,action,1,1
304296,packet,1,0,0,1,59,8000
304334,event,0,0
304348,action,0,0
304771,packet,0,0,1,1
304825,packetAck,1
308797,event,2,1
308811,action,1,1
308939,packet,1,0,0,1,59,8000
308977,event,0,0
308991,action,0,0
309267,packet,0,0,1,1
309309,packetAck,1
313307,event,2,1
313322,action,1,1
313586,packet,1,0,0,1,59,8000
313624,event,0,0
313638,action,0,0
313695,packet,0,0,1,1
313738,packetAck,1
314098,packet,1,0,2,5,61,8000
314113,event,3,1
314128,action,2,1
314505,packet,1,0,2,5,60,8000
314542,event,1,2
314576,packet,1,0,2,5,61,8000
314591,event,1,2
318633,packet,1,0,2,5,58,8000
318649,event,1,2
322700,packet,1,0,2,5,58,8000
322716,event,1,2
326792,packet,1,0,2,5,57,8000
326808,event,1,2
330864,packet,1,0,2,5,55,8000
330879,event,1,2
334933,packet,1,0,2,5,55,8000
334949,event,1,2
339011,packet,1,0,2,5,55,8000
339026,event,1,2
347026,event,4,2
347040,action,1,2
358470,packet,1,0,0,1,56,8000
358508,event,0,0
358522,action,0,0
358763,packet,0,0,1,1
358806,packetAck,1
362803,event,2,1
362818,action,1,1
363120,packet,1,0,0,1,53,8000
363157,event,0,0
363171,action,0,0
363469,packet,0,0,1,1
363511,packetAck,1
367495,event,2,1
367509,action,1,1
367977,packet,1,0,0,1,54,8000
368014,event,0,0
368028,action,0,0
368283,packet,0,0,1,1
368325,packetAck,1
368860,packet,1,0,2,5,54,8000
368876,event,3,1
368890,action,2,1
369277,packet,1,0,2,5,54,8000
369293,event,1,2
369348,packet,1,0,2,5,54,8000
369363,event,1,2
377364,event,4,2
377378,action,1,2
380182,packet,1,0,0,1,54,8000
380224,event,0,0
380238,action,0,0
380431,packet,0,0,1,1
380473,packetAck,1
384381,event,2,1
384395,action,1,1
389121,packet,1,0,0,1,54,8000
389159,event,0,0
389173,action,0,0
389506,packet,0,0,1,1
389548,packetAck,1
393534,event,2,1
393547,action,1,1
393998,packet,1,0,0,1,54,8000
394035,event,0,0
394050,action,0,0
394384,packet,0,0,1,1
394444,packetAck,1
394790,packet,1,0,2,5,54,8000
394805,event,3,1
394820,action,2,1
395209,packet,1,0,2,5,53,8000
395224,event,1,2
395281,packet,1,0,2,5,53,8000
395297,event,1,2
403297,event,4,2
403311,action,1,2
416333,packet,1,0,0,1,51,8000
416372,event,0,0
416386,action,0,0
416721,packet,0,0,1,1
416764,packetAck,1
420749,event,2,1
420763,action,1,1
424485,packet,1,0,0,1,51,8000
424523,event,0,0
424539,action,0,0
424951,packet,0,0,1,1
424993,packetAck,1
428987,event,2,1
429001,action,1,1
432621,packet,1,0,0,1,51,8000
432660,event,0,0
432674,action,0,0
432874,packet,0,0,1,1
432917,packetAck,1
436902,event,2,1
436921,action,1,1
437311,packet,1,0,0,1,51,8000
437349,event,0,0
437374,action,0,0
437481,packet,0,0,1,1
437523,packetAck,1
437875,packet,1,0,2,5,51,8000
437891,event,3,1
437906,action,2,1
439920,event,4,2
439934,action,1,2
441973,packet,1,0,0,1,53,8000
442011,event,0,0
442045,action,0,0
442268,packet,0,0,1,1
442311,packetAck,1
446311,event,2,1
446325,action,1,1
450122,packet,1,0,0,1,52,8000
450161,event,0,0
450175,action,0,0
450362,packet,0,0,1,1
450408,packetAck,1
454403,event,2,1
454422,action,1,1
475248,packet,1,0,0,1,58,8000
475287,event,0,0
475301,action,0,0
475465,packet,0,0,1,1
475507,packetAck,1
479493,event,2,1
479508,action,1,1
479812,packet,1,0,0,1,58,8000
479850,event,0,0
479865,action,0,0
480259,packet,0,0,1,1
480254,packetAck,0
484286,event,2,1
484300,action,1,1
484843,packet,1,0,0,1,59,8000
484881,event,0,0
484896,action,0,0
485255,packet,0,0,1,1
485298,packetAck,1
489298,event,2,1
489313,action,1,1
533626,packet,1,0,0,1,56,8000
533664,event,0,0
533683,action,0,0
533753,packet,0,0,1,1
533815,packetAck,1
534160,packet,1,0,2,5,56,8000
534176,event,3,1
534190,action,2,1
536205,event,4,2
536219,action,1,2
538258,packet,1,0,0,1,56,8000
538296,event,0,0
538311,action,0,0
538664,packet,0,0,1,1
538707,packetAck,1
542693,event,2,1
542707,action,1,1
