p:4000,20000,6000,600,8000,4000,2000,8000,100
15057,0,0
15157,0,0
15257,0,0
15357,0,0
15457,0,0
15557,0,0
15657,0,0
15757,0,0
15857,0,0
15957,0,0
16074,0,0
16174,1,1
16274,1,1
16374,1,1
16474,1,1
16574,1,1
16674,1,1
16774,1,1
16874,1,1
16974,1,1
17074,1,1
17174,1,1
17274,1,1
17374,1,1
17474,1,1
17574,1,1
17675,1,1
17775,1,1
17875,1,1
17975,1,1
18088,1,1
18188,1,1
18288,1,1
18388,1,1
18488,1,1
18588,1,1
18688,1,1
18788,1,1
18888,1,1
18988,1,1
19084,1,1
19184,1,1
19284,1,1
19384,1,1
19484,1,1
19584,1,1
19684,1,1
19784,1,1
19884,1,1
19984,1,1
20084,1,1
20184,1,1
20284,1,1
20384,1,1
20484,1,1
20584,1,1
20684,1,1
20785,1,1
20885,1,1
20985,1,1
21085,1,1
21185,1,1
21285,1,1
21385,1,1
21485,1,1
21585,1,1
21685,1,1
21785,1,1
21885,1,1
21985,1,1
22085,1,1
22185,1,1
22285,1,1
22385,1,1
22485,1,1
22585,1,1
22685,1,1
22785,1,1
22885,1,1
22985,1,1
23081,1,1
23181,1,1
23281,1,1
23381,1,1
23481,1,1
23581,1,1
23681,1,1
23781,1,1
23881,1,1
23981,1,1
24081,1,1
24181,1,1
24281,1,1
24381,1,1
24481,1,1
24581,1,1
24681,1,1
24781,1,1
24881,1,1
24981,1,1
25081,1,1
25181,1,1
25281,1,1
25381,1,1
25481,1,1
25581,1,1
25681,1,1
25781,1,1
25881,1,1
25981,1,1
26081,1,1
26181,1,1
26281,1,1
26381,1,1
26481,1,1
26581,1,1
26681,1,1
26781,1,1
26881,1,1
26981,1,1
27077,1,1
27177,1,1
27277,1,1
27377,1,1
27477,1,1
27577,1,1
27677,1,1
27777,1,1
27877,1,1
27977,1,1
28077,1,1
28177,1,1
28277,1,1
28377,1,1
28477,1,1
28577,1,1
28677,1,1
28777,1,1
28877,1,1
28977,1,1
29077,1,1
29177,1,1
29277,1,1
29377,1,1
29477,1,1
29577,1,1
29677,1,1
29777,1,1
29877,1,1
29977,1,1
30077,1,1
30177,1,1
30277,1,1
30377,1,1
30477,1,1
30577,1,1
30677,1,1
30777,1,1
30877,1,1
30977,1,1
31073,1,1
31173,1,1
31273,1,1
31373,1,1
31473,1,1
31573,1,1
31673,1,1
31773,1,1
31873,1,1
31973,1,1
32076,1,1
32176,1,1
32276,1,1
32376,1,1
32476,1,1
32576,1,1
32677,1,1
32777,1,1
32877,1,1
32977,1,1
33077,1,1
33177,1,1
33277,1,1
33377,1,1
33477,1,1
33577,1,1
33677,1,1
33777,1,1
33877,1,1
33977,1,1
34077,1,1
34177,1,1
34277,1,1
34377,1,1
34477,1,1
34577,1,1
34677,1,1
34777,1,1
34877,1,1
34977,1,1
35077,1,1
35171,1,1
35271,1,1
35371,1,1
35471,1,1
35571,1,1
35671,1,1
35771,1,1
35871,1,1
35971,1,1
36081,1,1
36181,1,1
36281,1,1
36381,1,1
36481,1,1
36581,1,1
36682,1,1
36782,1,1
36882,1,1
36982,1,1
37082,1,1
37182,1,1
37282,1,1
37382,1,1
37482,1,1
37582,1,1
37682,1,1
37782,1,1
37882,1,1
37982,1,1
38082,1,1
38182,1,1
38282,1,1
38382,1,1
38482,1,1
38582,1,1
38682,1,1
38782,1,1
38882,1,1
38982,1,1
39082,1,1
39180,1,1
39280,1,1
39380,1,1
39480,1,1
39581,1,1
39681,1,1
39781,1,1
39881,1,1
39981,1,1
40099,1,1
40199,1,1
40299,1,1
40399,1,1
40499,1,1
40599,1,1
40699,1,1
40799,1,1
40899,1,1
40999,1,1
41099,1,1
41199,1,1
41299,1,1
41399,1,1
41499,1,1
41599,1,1
41699,1,1
41800,1,1
41900,1,1
42000,1,1
42100,1,1
42200,1,1
42300,1,1
42400,1,1
42500,1,1
42600,1,1
42700,1,1
42800,1,1
42900,1,1
43000,1,1
43100,1,1
43191,1,1
43291,1,1
43391,1,1
43491,1,1
43591,1,1
43691,1,1
43791,1,1
43891,1,1
43991,1,1
44124,1,1
44224,1,1
44324,1,1
44424,1,1
44524,1,1
44624,1,1
44724,1,1
44824,1,1
44924,1,1
45024,1,1
45124,1,1
45224,1,1
45324,1,1
45424,1,1
45524,1,1
45624,1,1
45724,1,1
45824,1,1
45924,1,1
46024,1,1
46124,1,1
46224,1,1
46324,1,1
46424,1,1
46524,1,1
46624,1,1
46724,1,1
46824,1,1
46924,1,1
47024,1,1
47126,1,1
47226,1,1
47326,1,1
47426,1,1
47526,1,1
47626,1,1
47726,1,1
47826,1,1
47926,1,1
48026,1,1
48126,1,1
48226,1,1
48326,1,1
48426,1,1
48526,1,1
48626,1,1
48726,1,1
48826,1,1
48926,1,1
49026,1,1
49126,1,1
49226,1,1
49326,1,1
49426,1,1
49526,1,1
49626,1,1
49726,1,1
49826,1,1
49926,1,1
50026,1,1
50126,1,1
50226,1,1
50326,1,1
50426,1,1
50526,1,1
50626,1,1
50726,1,1
50826,1,1
50926,1,1
51026,1,1
51120,1,1
51220,1,1
51320,1,1
51420,1,1
51520,1,1
51620,1,1
51720,1,1
51820,1,1
51920,1,1
52020,1,1
52120,1,1
52220,1,1
52320,1,1
52420,1,1
52520,1,1
52620,1,1
52720,1,1
52820,1,1
52920,1,1
53020,1,1
53120,1,1
53220,1,1
53320,1,1
53420,1,1
53520,1,1
53620,1,1
53720,1,1
53820,1,1
53920,1,1
54020,1,1
54120,1,1
54220,1,1
54320,1,1
54420,1,1
54520,1,1
54620,1,1
54720,1,1
54820,1,1
54920,1,1
55020,1,1
55120,1,1
55220,1,1
55320,1,1
55420,1,1
55520,1,1
55620,1,1
55720,1,1
55820,1,1
55920,1,1
56020,1,1
56120,1,1
56220,1,1
56320,1,1
56420,1,1
56520,1,1
56620,1,1
56720,1,1
56820,1,1
56920,1,1
57020,1,1
57120,1,1
57220,1,1
57320,1,1
57420,1,1
57520,1,1
57620,1,1
57720,1,1
57820,1,1
57920,1,1
58020,1,1
58120,1,1
58220,1,1
58320,1,1
58420,1,1
58520,1,1
58620,1,1
58720,1,1
58820,1,1
58920,1,1
59020,1,1
59120,1,1
59220,1,1
59320,1,1
59420,1,1
59520,1,1
59620,1,1
59720,1,1
59820,1,1
59920,1,1
60020,1,1
60120,1,1
60224,0,0
60324,0,0
60424,0,0
60524,0,0
60624,0,0
60724,0,0
60824,0,0
60924,0,0
61024,0,0
61124,0,0
61224,0,0
61324,0,0
61424,0,0
61524,0,0
61624,0,0
61724,0,0
61824,0,0
61924,0,0
62024,0,0
62124,0,0
62224,0,0
62324,0,0
62424,0,0
62524,0,0
62624,0,0
62724,0,0
62824,0,0
62924,0,0
63024,0,0
63124,0,0
63224,0,0
63324,0,0
63424,0,0
63524,0,0
63624,0,0
63724,0,0
63824,0,0
63924,0,0
64024,0,0
64124,0,0
64224,0,0
64324,0,0
64424,0,0
64524,0,0
64624,0,0
64724,0,0
64824,0,0
64924,0,0
65024,0,0
65124,0,0
65224,0,0
65324,0,0
65424,0,0
65524,0,0
65624,0,0
65724,0,0
65824,0,0
65924,0,0
66024,0,0
66124,0,0
66224,0,0
66324,0,0
66424,0,0
66524,0,0
66624,0,0
66724,0,0
66824,0,0
66924,0,0
67024,0,0
67124,0,0
67224,0,0
67324,0,0
67424,0,0
67524,0,0
67624,0,0
67724,0,0
67824,0,0
67924,0,0
68024,0,0
68124,0,0
68224,0,0
68324,0,0
68424,0,0
68524,0,0
68624,0,0
68724,0,0
68824,0,0
68924,0,0
69024,0,0
69124,0,0
69224,0,0
69324,0,0
69424,0,0
69524,0,0
69624,0,0
69724,0,0
69824,0,0
69924,0,0
70024,0,0
70124,0,0
70224,0,0
70324,0,0
70424,0,0
70524,0,0
70624,0,0
70724,0,0
70824,0,0
70924,0,0
71024,0,0
71124,0,0
71224,0,0
71324,0,0
71424,0,0
71524,0,0
71624,0,0
71724,0,0
71824,0,0
71924,0,0
72024,0,0
72124,0,0
72224,0,0
72324,0,0
72424,0,0
72524,0,0
72624,0,0
72724,0,0
72824,0,0
72924,0,0
73024,0,0
73124,0,0
73224,0,0
73324,0,0
73424,0,0
73524,0,0
73603,0,0
73703,1,1
73803,1,1
73903,1,1
74003,1,1
74103,1,1
74203,1,1
74303,1,1
74403,1,1
74503,1,1
74603,1,1
74703,1,1
74803,1,1
74903,1,1
75003,1,1
75103,1,1
75203,1,1
75303,1,1
75403,1,1
75503,1,1
75603,1,1
75703,1,1
75803,1,1
75903,1,1
76003,1,1
76103,1,1
76203,1,1
76303,1,1
76403,1,1
76503,1,1
76603,1,1
76703,1,1
76803,1,1
76903,1,1
77003,1,1
77103,1,1
77203,1,1
77303,1,1
77403,1,1
77503,1,1
77603,1,1
77703,1,1
77774,1,1
77874,1,1
77974,1,1
78074,1,1
78174,1,1
78274,1,1
78374,1,1
78474,1,1
78574,1,1
78674,1,1
78774,1,1
78874,1,1
78974,1,1
79074,1,1
79174,1,1
79274,1,1
79374,1,1
79474,1,1
79574,1,1
79674,1,1
79774,1,1
79874,1,1
79974,1,1
80074,1,1
80174,1,1
80274,1,1
80374,1,1
80474,1,1
80574,1,1
80674,1,1
80774,1,1
80874,1,1
80974,1,1
81074,1,1
81174,1,1
81274,1,1
81374,1,1
81474,1,1
81574,1,1
81674,1,1
81763,1,1
81863,1,1
81963,1,1
82063,1,1
82163,1,1
82263,1,1
82363,1,1
82463,1,1
82563,1,1
82663,1,1
82763,1,1
82863,1,1
82963,1,1
83063,1,1
83163,1,1
83263,1,1
83363,1,1
83463,1,1
83563,1,1
83663,1,1
83763,1,1
83863,1,1
83963,1,1
84063,1,1
84163,1,1
84263,1,1
84363,1,1
84463,1,1
84563,1,1
84663,1,1
84763,1,1
84863,1,1
84963,1,1
85063,1,1
85163,1,1
85263,1,1
85363,1,1
85463,1,1
85563,1,1
85663,1,1
85781,1,1
85881,1,1
85981,1,1
86081,1,1
86181,1,1
86281,1,1
86381,1,1
86481,1,1
86581,1,1
86681,1,1
86781,1,1
86881,1,1
86981,1,1
87081,1,1
87181,1,1
87281,1,1
87381,1,1
87481,1,1
87581,1,1
87681,1,1
87781,1,1
87881,1,1
87981,1,1
88081,1,1
88181,1,1
88281,1,1
88381,1,1
88481,1,1
88581,1,1
88681,1,1
88781,1,1
88881,1,1
88981,1,1
89081,1,1
89181,1,1
89281,1,1
89381,1,1
89481,1,1
89581,1,1
89681,1,1
89776,1,1
89876,1,1
89976,1,1
90076,1,1
90176,1,1
90276,1,1
90376,1,1
90476,1,1
90576,1,1
90676,1,1
90776,1,1
90876,1,1
90976,1,1
91076,1,1
91176,1,1
91276,1,1
91376,1,1
91476,1,1
91576,1,1
91676,1,1
91776,1,1
91876,1,1
91976,1,1
92076,1,1
92176,1,1
92276,1,1
92376,1,1
92476,1,1
92576,1,1
92676,1,1
92776,1,1
92876,1,1
92976,1,1
93076,1,1
93176,1,1
93276,1,1
93376,1,1
93476,1,1
93576,1,1
93676,1,1
93771,1,1
93871,1,1
93971,1,1
94071,1,1
94171,1,1
94271,1,1
94371,1,1
94471,1,1
94571,1,1
94671,1,1
94771,1,1
94871,1,1
94971,1,1
95071,1,1
95171,1,1
95271,1,1
95371,1,1
95471,1,1
95571,1,1
95671,1,1
95771,1,1
95871,1,1
95971,1,1
96071,1,1
96171,1,1
96271,1,1
96371,1,1
96471,1,1
96571,1,1
96671,1,1
96771,1,1
96871,1,1
96971,1,1
97071,1,1
97171,1,1
97271,1,1
97371,1,1
97471,1,1
97571,1,1
97671,1,1
97766,1,1
97866,1,1
97966,1,1
98066,1,1
98166,1,1
98266,1,1
98366,1,1
98466,1,1
98566,1,1
98666,1,1
98766,1,1
98866,1,1
98966,1,1
99066,1,1
99166,1,1
99266,1,1
99366,1,1
99466,1,1
99566,1,1
99666,1,1
99766,1,1
99866,1,1
99966,1,1
100066,1,1
100166,1,1
100266,1,1
100366,1,1
100466,1,1
100566,1,1
100666,1,1
100766,1,1
100866,1,1
100966,1,1
101066,1,1
101166,1,1
101266,1,1
101366,1,1
101466,1,1
101566,1,1
101666,1,1
101777,1,1
101860,1,1
101960,1,1
102060,1,1
102160,1,1
102260,1,1
102360,1,1
102460,1,1
102560,1,1
102660,1,1
102760,1,1
102860,1,1
102960,1,1
103060,1,1
103160,1,1
103260,1,1
103360,1,1
103460,1,1
103560,1,1
103660,1,1
103760,1,1
103860,1,1
103960,1,1
104060,1,1
104160,1,1
104261,1,1
104361,1,1
104461,1,1
104561,1,1
104661,1,1
104761,1,1
104861,1,1
104961,1,1
105061,1,1
105161,1,1
105261,1,1
105361,1,1
105461,1,1
105561,1,1
105661,1,1
105761,1,1
105861,1,1
105968,1,1
106063,1,1
106163,1,1
106263,1,1
106363,1,1
106463,1,1
106563,1,1
106663,1,1
106763,1,1
106863,1,1
106963,1,1
107063,1,1
107163,1,1
107263,1,1
107363,1,1
107463,1,1
107563,1,1
107663,1,1
107763,1,1
107863,1,1
107963,1,1
108063,1,1
108163,1,1
108263,1,1
108363,1,1
108463,1,1
108563,1,1
108663,1,1
108763,1,1
108864,1,1
108964,1,1
109064,1,1
109164,1,1
109264,1,1
109364,1,1
109464,1,1
109564,1,1
109664,1,1
109764,1,1
109864,1,1
109971,1,1
110062,1,1
110162,1,1
110263,1,1
110363,1,1
110463,1,1
110563,1,1
110663,1,1
110763,1,1
110863,1,1
110963,1,1
111063,1,1
111163,1,1
111263,1,1
111363,1,1
111463,1,1
111563,1,1
111663,1,1
111763,1,1
111863,1,1
111963,1,1
112063,1,1
112163,1,1
112263,1,1
112363,1,1
112463,1,1
112563,1,1
112663,1,1
112763,1,1
112863,1,1
112963,1,1
113063,1,1
113163,1,1
113263,1,1
113363,1,1
113463,1,1
113563,1,1
113663,1,1
113763,1,1
113863,1,1
113963,1,1
114063,1,1
114163,1,1
114263,1,1
114363,1,1
114463,1,1
114563,1,1
114663,1,1
114763,1,1
114863,1,1
114963,1,1
115063,1,1
115163,1,1
115263,1,1
115363,1,1
115463,1,1
115563,1,1
115663,1,1
115763,1,1
115863,1,1
115963,1,1
116063,1,1
116163,1,1
116263,1,1
116363,1,1
116463,1,1
116563,1,1
116663,1,1
116763,1,1
116863,1,1
116963,1,1
117063,1,1
117163,1,1
117263,1,1
117363,1,1
117463,1,1
117563,1,1
117663,1,1
117763,1,1
117863,1,1
117991,0,0
118091,0,0
118191,0,0
118291,0,0
118391,0,0
118491,0,0
118591,0,0
118691,0,0
118791,0,0
118891,0,0
118991,0,0
119091,0,0
119191,0,0
119291,0,0
119391,0,0
119491,0,0
119591,0,0
119691,0,0
119791,0,0
119891,0,0
119991,0,0
120091,0,0
120191,0,0
120291,0,0
120391,0,0
120491,0,0
120591,0,0
120691,0,0
120791,0,0
120891,0,0
120991,0,0
121091,0,0
121191,0,0
121291,0,0
121391,0,0
121491,0,0
121591,0,0
121691,0,0
121791,0,0
121891,0,0
121991,0,0
122091,0,0
122191,0,0
122291,0,0
122391,0,0
122491,0,0
122591,0,0
122691,0,0
122791,0,0
122891,0,0
122991,0,0
123091,0,0
123191,0,0
123291,0,0
123391,0,0
123491,0,0
123591,0,0
123691,0,0
123791,0,0
123891,0,0
123991,0,0
124091,0,0
124191,0,0
124291,0,0
124391,0,0
124491,0,0
124591,0,0
124691,0,0
124791,0,0
124891,0,0
124991,0,0
125091,0,0
125191,0,0
125291,0,0
125391,0,0
125491,0,0
125591,0,0
125691,0,0
125791,0,0
125891,0,0
125980,1,1
126080,1,1
126180,1,1
126280,1,1
126380,1,1
126480,1,1
126580,1,1
126680,1,1
126780,1,1
126880,1,1
126980,1,1
127080,1,1
127180,1,1
127280,1,1
127380,1,1
127480,1,1
127580,1,1
127680,1,1
127780,1,1
127880,1,1
127980,1,1
128080,1,1
128180,1,1
128280,1,1
128380,1,1
128480,1,1
128580,1,1
128680,1,1
128780,1,1
128880,1,1
128980,1,1
129080,1,1
129180,1,1
129280,1,1
129380,1,1
129480,1,1
129580,1,1
129680,1,1
129780,1,1
129880,1,1
129990,1,1
130090,1,1
130190,1,1
130290,1,1
130390,1,1
130490,1,1
130590,1,1
130690,1,1
130790,1,1
130890,1,1
130990,1,1
131090,1,1
131190,1,1
131290,1,1
131390,1,1
131490,1,1
131590,1,1
131690,1,1
131790,1,1
131890,1,1
131990,1,1
132090,1,1
132190,1,1
132290,1,1
132390,1,1
132490,1,1
132590,1,1
132690,1,1
132790,1,1
132890,1,1
132990,1,1
133090,1,1
133190,1,1
133290,1,1
133390,1,1
133490,1,1
133590,1,1
133690,1,1
133790,1,1
133890,1,1
133996,1,1
134078,1,1
134178,1,1
134278,1,1
134378,1,1
134479,1,1
134579,1,1
134679,1,1
134779,1,1
134879,1,1
134979,1,1
135079,1,1
135179,1,1
135279,1,1
135379,1,1
135479,1,1
135579,1,1
135679,1,1
135779,1,1
135879,1,1
135979,1,1
136079,1,1
136179,1,1
136279,1,1
136379,1,1
136479,1,1
136579,1,1
136679,1,1
136779,1,1
136879,1,1
136979,1,1
137079,1,1
137179,1,1
137279,1,1
137380,1,1
137480,1,1
137580,1,1
137680,1,1
137780,1,1
137880,1,1
137995,1,1
138064,1,1
138164,1,1
138264,1,1
138364,1,1
138464,1,1
138564,1,1
138664,1,1
138764,1,1
138864,1,1
138964,1,1
139064,1,1
139164,1,1
139264,1,1
139364,1,1
139464,1,1
139564,1,1
139664,1,1
139764,1,1
139864,1,1
139964,1,1
140064,1,1
140165,1,1
140265,1,1
140365,1,1
140465,1,1
140565,1,1
140665,1,1
140765,1,1
140865,1,1
140965,1,1
141065,1,1
141165,1,1
141265,1,1
141365,1,1
141465,1,1
141565,1,1
141665,1,1
141765,1,1
141865,1,1
142003,1,1
142103,1,1
142203,1,1
142303,1,1
142403,1,1
142503,1,1
142603,1,1
142703,1,1
142803,1,1
142903,1,1
143003,1,1
143103,1,1
143203,1,1
143303,1,1
143403,1,1
143503,1,1
143603,1,1
143703,1,1
143803,1,1
143903,1,1
144003,1,1
144103,1,1
144203,1,1
144303,1,1
144403,1,1
144503,1,1
144603,1,1
144703,1,1
144803,1,1
144903,1,1
145003,1,1
145103,1,1
145203,1,1
145303,1,1
145403,1,1
145503,1,1
145603,1,1
145703,1,1
145803,1,1
145903,1,1
146003,1,1
146108,1,1
146208,1,1
146308,1,1
146408,1,1
146508,1,1
146608,1,1
146708,1,1
146808,1,1
146908,1,1
147008,1,1
147108,1,1
147208,1,1
147308,1,1
147408,1,1
147508,1,1
147608,1,1
147708,1,1
147808,1,1
147908,1,1
148008,1,1
148108,1,1
148208,1,1
148308,1,1
148408,1,1
148508,1,1
148608,1,1
148708,1,1
148808,1,1
148908,1,1
149008,1,1
149108,1,1
149208,1,1
149308,1,1
149408,1,1
149508,1,1
149608,1,1
149708,1,1
149808,1,1
149908,1,1
150008,1,1
150104,1,1
150204,1,1
150304,1,1
150404,1,1
150504,1,1
150604,1,1
150704,1,1
150804,1,1
150904,1,1
151004,1,1
151104,1,1
151204,1,1
151304,1,1
151404,1,1
151504,1,1
151604,1,1
151704,1,1
151804,1,1
151904,1,1
152004,1,1
152104,1,1
152204,1,1
152304,1,1
152404,1,1
152504,1,1
152604,1,1
152704,1,1
152804,1,1
152904,1,1
153004,1,1
153104,1,1
153204,1,1
153304,1,1
153404,1,1
153504,1,1
153604,1,1
153704,1,1
153804,1,1
153904,1,1
154007,1,1
154104,1,1
154204,1,1
154304,1,1
154404,1,1
154504,1,1
154604,1,1
154704,1,1
154804,1,1
154904,1,1
155004,1,1
155104,1,1
155204,1,1
155305,1,1
155405,1,1
155505,1,1
155605,1,1
155705,1,1
155805,1,1
155905,1,1
156005,1,1
156105,1,1
156205,1,1
156305,1,1
156405,1,1
156505,1,1
156605,1,1
156705,1,1
156805,1,1
156905,1,1
157005,1,1
157105,1,1
157205,1,1
157305,1,1
157405,1,1
157505,1,1
157605,1,1
157705,1,1
157805,1,1
157905,1,1
158012,1,1
158107,1,1
158207,1,1
158307,1,1
158407,1,1
158507,1,1
158607,1,1
158707,1,1
158807,1,1
158907,1,1
159007,1,1
159107,1,1
159207,1,1
159307,1,1
159407,1,1
159507,1,1
159607,1,1
159707,1,1
159807,1,1
159908,1,1
160008,1,1
160108,1,1
160208,1,1
160308,1,1
160408,1,1
160508,1,1
160608,1,1
160708,1,1
160808,1,1
160908,1,1
161008,1,1
161108,1,1
161208,1,1
161308,1,1
161408,1,1
161508,1,1
161608,1,1
161708,1,1
161808,1,1
161908,1,1
162009,1,1
162105,1,1
162205,1,1
162305,1,1
162405,1,1
162505,1,1
162605,1,1
162705,1,1
162806,1,1
162906,1,1
163006,1,1
163106,1,1
163206,1,1
163306,1,1
163406,1,1
163506,1,1
163606,1,1
163706,1,1
163806,1,1
163906,1,1
164006,1,1
164106,1,1
164206,1,1
164306,1,1
164406,1,1
164506,1,1
164606,1,1
164706,1,1
164806,1,1
164906,1,1
165006,1,1
165106,1,1
165206,1,1
165306,1,1
165406,1,1
165506,1,1
165606,1,1
165707,1,1
165807,1,1
165907,1,1
166012,1,1
166106,1,1
166206,1,1
166306,1,1
166406,1,1
166506,1,1
166606,1,1
166706,1,1
166806,1,1
166906,1,1
167006,1,1
167106,1,1
167206,1,1
167306,1,1
167406,1,1
167506,1,1
167606,1,1
167706,1,1
167806,1,1
167906,1,1
168006,1,1
168106,1,1
168206,1,1
168306,1,1
168406,1,1
168506,1,1
168606,1,1
168706,1,1
168806,1,1
168906,1,1
169006,1,1
169106,1,1
169206,1,1
169306,1,1
169406,1,1
169506,1,1
169606,1,1
169706,1,1
169806,1,1
169906,1,1
170006,1,1
170106,1,1
170206,1,1
170306,1,1
170406,1,1
170506,1,1
170606,1,1
170706,1,1
170806,1,1
170906,1,1
171006,1,1
171106,1,1
171206,1,1
171306,1,1
171406,1,1
171506,1,1
171606,1,1
171706,1,1
171806,1,1
171906,1,1
172006,1,1
172106,1,1
172206,1,1
172306,1,1
172406,1,1
172506,1,1
172606,1,1
172706,1,1
172806,1,1
172906,1,1
173006,1,1
173106,1,1
173206,1,1
173306,1,1
173406,1,1
173506,1,1
173606,1,1
173706,1,1
173806,1,1
173906,1,1
174006,1,1
174106,0,0
174206,0,0
174306,0,0
174406,0,0
174506,0,0
174606,0,0
174706,0,0
174806,0,0
174906,0,0
175006,0,0
175106,0,0
175206,0,0
175306,0,0
175406,0,0
175506,0,0
175606,0,0
175706,0,0
175806,0,0
175906,0,0
176006,0,0
176106,0,0
176206,0,0
176306,0,0
176406,0,0
176506,0,0
176606,0,0
176706,0,0
176806,0,0
176906,0,0
177006,0,0
177106,0,0
177206,0,0
177306,0,0
177406,0,0
177506,0,0
177606,0,0
177706,0,0
177806,0,0
177906,0,0
178006,0,0
178106,0,0
178206,0,0
178306,0,0
178406,0,0
178506,0,0
178606,0,0
178706,0,0
178806,0,0
178906,0,0
179006,0,0
179106,0,0
179206,0,0
179306,0,0
179406,0,0
179506,0,0
179606,0,0
179706,0,0
179806,0,0
179906,0,0
180006,0,0
180106,0,0
180206,0,0
180306,0,0
180406,0,0
180506,0,0
180606,0,0
180706,0,0
180806,0,0
180906,0,0
181006,0,0
181106,0,0
181206,0,0
181306,0,0
181406,0,0
181506,0,0
181606,0,0
181706,0,0
181806,0,0
181906,0,0
182006,0,0
182106,0,0
182206,0,0
182306,0,0
182406,0,0
182506,0,0
182606,0,0
182706,0,0
182806,0,0
182906,0,0
183006,0,0
183106,0,0
183206,0,0
183306,0,0
183406,0,0
183506,0,0
183606,0,0
183706,0,0
183806,0,0
183906,0,0
184006,0,0
184106,0,0
184206,0,0
184306,0,0
184406,0,0
184506,0,0
184606,0,0
184706,0,0
184806,0,0
184906,0,0
185006,0,0
185106,0,0
185206,0,0
185306,0,0
185406,0,0
185506,0,0
185606,0,0
185706,0,0
185806,0,0
185906,0,0
186038,0,0
186119,1,1
186219,1,1
186319,1,1
186419,1,1
186519,1,1
186619,1,1
186719,1,1
186819,1,1
186919,1,1
187019,1,1
187119,1,1
187219,1,1
187319,1,1
187419,1,1
187519,1,1
187619,1,1
187719,1,1
187819,1,1
187919,1,1
188019,1,1
188119,1,1
188219,1,1
188319,1,1
188419,1,1
188519,1,1
188619,1,1
188719,1,1
188819,1,1
188919,1,1
189019,1,1
189119,1,1
189219,1,1
189319,1,1
189419,1,1
189519,1,1
189619,1,1
189719,1,1
189819,1,1
189919,1,1
190019,1,1
190119,1,1
190204,1,1
190304,1,1
190404,1,1
190504,1,1
190604,1,1
190704,1,1
190804,1,1
190904,1,1
191004,1,1
191104,1,1
191204,1,1
191304,1,1
191404,1,1
191504,1,1
191604,1,1
191704,1,1
191804,1,1
191904,1,1
192004,1,1
192104,1,1
192204,1,1
192304,1,1
192404,1,1
192504,1,1
192604,1,1
192704,1,1
192804,1,1
192904,1,1
193004,1,1
193104,1,1
193204,1,1
193304,1,1
193404,1,1
193504,1,1
193604,1,1
193704,1,1
193804,1,1
193904,1,1
194004,1,1
194104,1,1
194209,1,1
194309,1,1
194409,1,1
194509,1,1
194609,1,1
194709,1,1
194809,1,1
194909,1,1
195009,1,1
195109,1,1
195209,1,1
195309,1,1
195409,1,1
195509,1,1
195609,1,1
195709,1,1
195809,1,1
195909,1,1
196009,1,1
196109,1,1
196209,1,1
196309,1,1
196409,1,1
196509,1,1
196609,1,1
196709,1,1
196809,1,1
196909,1,1
197009,1,1
197109,1,1
197209,1,1
197309,1,1
197409,1,1
197509,1,1
197609,1,1
197709,1,1
197809,1,1
197909,1,1
198009,1,1
198109,1,1
198206,1,1
198306,1,1
198406,1,1
198506,1,1
198606,1,1
198706,1,1
198806,1,1
198906,1,1
199006,1,1
199106,1,1
199206,1,1
199306,1,1
199406,1,1
199506,1,1
199606,1,1
199706,1,1
199806,1,1
199906,1,1
200006,1,1
200106,1,1
200206,1,1
200306,1,1
200406,1,1
200506,1,1
200606,1,1
200706,1,1
200806,1,1
200906,1,1
201006,1,1
201106,1,1
201206,1,1
201306,1,1
201406,1,1
201506,1,1
201606,1,1
201706,1,1
201806,1,1
201906,1,1
202012,1,1
202112,1,1
202208,1,1
202308,1,1
202408,1,1
202508,1,1
202608,1,1
202708,1,1
202808,1,1
202908,1,1
203008,1,1
203108,1,1
203208,1,1
203308,1,1
203408,1,1
203508,1,1
203608,1,1
203708,1,1
203809,1,1
203909,1,1
204009,1,1
204109,1,1
204209,1,1
204309,1,1
204409,1,1
204509,1,1
204609,1,1
204709,1,1
204809,1,1
204909,1,1
205009,1,1
205109,1,1
205209,1,1
205309,1,1
205409,1,1
205509,1,1
205609,1,1
205709,1,1
205809,1,1
205909,1,1
206012,1,1
206113,1,1
206209,1,1
206309,1,1
206409,1,1
206509,1,1
206609,1,1
206709,1,1
206809,1,1
206909,1,1
207009,1,1
207109,1,1
207209,1,1
207309,1,1
207409,1,1
207509,1,1
207609,1,1
207709,1,1
207809,1,1
207909,1,1
208009,1,1
208109,1,1
208209,1,1
208309,1,1
208409,1,1
208509,1,1
208609,1,1
208709,1,1
208809,1,1
208909,1,1
209010,1,1
209110,1,1
209210,1,1
209310,1,1
209410,1,1
209510,1,1
209610,1,1
209710,1,1
209810,1,1
209910,1,1
210043,1,1
210143,1,1
210239,1,1
210339,1,1
210439,1,1
210539,1,1
210639,1,1
210739,1,1
210839,1,1
210939,1,1
211039,1,1
211140,1,1
211240,1,1
211340,1,1
211440,1,1
211540,1,1
211640,1,1
211740,1,1
211840,1,1
211940,1,1
212040,1,1
212140,1,1
212240,1,1
212340,1,1
212440,1,1
212540,1,1
212640,1,1
212740,1,1
212840,1,1
212940,1,1
213040,1,1
213140,1,1
213240,1,1
213340,1,1
213440,1,1
213540,1,1
213640,1,1
213740,1,1
213840,1,1
213940,1,1
214041,1,1
214141,1,1
214236,1,1
214336,1,1
214436,1,1
214536,1,1
214636,1,1
214736,1,1
214836,1,1
214936,1,1
215036,1,1
215136,1,1
215236,1,1
215336,1,1
215436,1,1
215536,1,1
215636,1,1
215736,1,1
215836,1,1
215936,1,1
216036,1,1
216136,1,1
216236,1,1
216336,1,1
216436,1,1
216536,1,1
216636,1,1
216736,1,1
216836,1,1
216937,1,1
217037,1,1
217137,1,1
217237,1,1
217337,1,1
217437,1,1
217537,1,1
217637,1,1
217737,1,1
217837,1,1
217937,1,1
218037,1,1
218137,1,1
218237,1,1
218333,1,1
218433,1,1
218533,1,1
218633,1,1
218733,1,1
218833,1,1
218933,1,1
219033,1,1
219133,1,1
219233,1,1
219333,1,1
219433,1,1
219533,1,1
219633,1,1
219733,1,1
219833,1,1
219933,1,1
220033,1,1
220133,1,1
220233,1,1
220333,1,1
220433,1,1
220533,1,1
220633,1,1
220733,1,1
220833,1,1
220933,1,1
221033,1,1
221133,1,1
221233,1,1
221333,1,1
221433,1,1
221533,1,1
221633,1,1
221733,1,1
221833,1,1
221933,1,1
222035,1,1
222135,1,1
222235,1,1
222331,1,1
222431,1,1
222531,1,1
222631,1,1
222732,1,1
222832,1,1
222932,1,1
223032,1,1
223132,1,1
223232,1,1
223332,1,1
223432,1,1
223532,1,1
223632,1,1
223732,1,1
223832,1,1
223932,1,1
224032,1,1
224132,1,1
224232,1,1
224332,1,1
224432,1,1
224532,1,1
224632,1,1
224732,1,1
224832,1,1
224932,1,1
225032,1,1
225132,1,1
225232,1,1
225332,1,1
225432,1,1
225532,1,1
225633,1,1
225733,1,1
225833,1,1
225933,1,1
226033,1,1
226133,1,1
226233,1,1
226333,1,1
226433,1,1
226533,1,1
226633,1,1
226733,1,1
226833,1,1
226933,1,1
227033,1,1
227133,1,1
227233,1,1
227333,1,1
227433,1,1
227533,1,1
227633,1,1
227733,1,1
227833,1,1
227933,1,1
228033,1,1
228133,1,1
228233,1,1
228333,1,1
228433,1,1
228533,1,1
228633,1,1
228733,1,1
228833,1,1
228933,1,1
229033,1,1
229133,1,1
229233,1,1
229333,1,1
229433,1,1
229533,1,1
229633,1,1
229733,1,1
229833,1,1
229933,1,1
230059,0,0
230159,0,0
230259,0,0
230359,0,0
230459,0,0
230559,0,0
230659,0,0
230759,0,0
230859,0,0
230959,0,0
231059,0,0
231159,0,0
231259,0,0
231359,0,0
231459,0,0
231559,0,0
231659,0,0
231759,0,0
231859,0,0
231959,0,0
232059,0,0
232159,0,0
232259,0,0
232359,0,0
232460,0,0
232560,0,0
232660,0,0
232760,0,0
232860,0,0
232960,0,0
233060,0,0
233160,0,0
233260,0,0
233360,0,0
233460,0,0
233560,0,0
233660,0,0
233760,0,0
233860,0,0
233960,0,0
234060,0,0
234160,0,0
234260,0,0
234360,0,0
234460,0,0
234560,0,0
234660,0,0
234760,0,0
234860,0,0
234960,0,0
235060,0,0
235160,0,0
235260,0,0
235361,0,0
235461,0,0
235561,0,0
235661,0,0
235761,0,0
235861,0,0
235961,0,0
236061,0,0
236161,0,0
236261,0,0
236361,0,0
236461,0,0
236561,0,0
236661,0,0
236761,0,0
236861,0,0
236961,0,0
237061,0,0
237161,0,0
237261,0,0
237361,0,0
237461,0,0
237561,0,0
237661,0,0
237761,0,0
237861,0,0
237961,0,0
238061,0,0
238161,0,0
238261,0,0
238361,0,0
238461,0,0
238561,0,0
238661,0,0
238761,0,0
238861,0,0
238961,0,0
239061,0,0
239161,0,0
239261,0,0
239361,0,0
239461,0,0
239561,0,0
239661,0,0
239761,0,0
239861,0,0
239961,0,0
240061,0,0
240161,0,0
240261,0,0
240361,0,0
240461,0,0
240561,0,0
240661,0,0
240761,0,0
240861,0,0
240961,0,0
241061,0,0
241161,0,0
241261,0,0
241361,0,0
241461,0,0
241561,0,0
241661,0,0
241761,0,0
241861,0,0
241961,0,0
242061,0,0
242161,0,0
242261,0,0
242361,0,0
242461,0,0
242561,0,0
242640,0,0
242740,1,1
242840,1,1
242940,1,1
243040,1,1
243140,1,1
243240,1,1
243340,1,1
243440,1,1
243540,1,1
243640,1,1
243740,1,1
243840,1,1
243940,1,1
244040,1,1
244140,1,1
244240,1,1
244340,1,1
244440,1,1
244540,1,1
244640,1,1
244740,1,1
244840,1,1
244940,1,1
245040,1,1
245140,1,1
245240,1,1
245340,1,1
245440,1,1
245540,1,1
245640,1,1
245740,1,1
245840,1,1
245940,1,1
246040,1,1
246140,1,1
246240,1,1
246340,1,1
246440,1,1
246540,1,1
246636,1,1
246748,1,1
246848,1,1
246948,1,1
247048,1,1
247148,1,1
247248,1,1
247348,1,1
247448,1,1
247548,1,1
247648,1,1
247748,1,1
247848,1,1
247948,1,1
248048,1,1
248148,1,1
248248,1,1
248348,1,1
248448,1,1
248548,1,1
248648,1,1
248748,1,1
248848,1,1
248948,1,1
249048,1,1
249148,1,1
249248,1,1
249348,1,1
249448,1,1
249548,1,1
249648,1,1
249748,1,1
249848,1,1
249948,1,1
250048,1,1
250148,1,1
250248,1,1
250348,1,1
250448,1,1
250548,1,1
250642,1,1
250745,1,1
250845,1,1
250946,1,1
251046,1,1
251146,1,1
251246,1,1
251346,1,1
251446,1,1
251546,1,1
251646,1,1
251746,1,1
251846,1,1
251946,1,1
252046,1,1
252146,1,1
252246,1,1
252346,1,1
252446,1,1
252546,1,1
252646,1,1
252746,1,1
252846,1,1
252946,1,1
253046,1,1
253146,1,1
253246,1,1
253346,1,1
253446,1,1
253546,1,1
253646,1,1
253746,1,1
253846,1,1
253946,1,1
254046,1,1
254146,1,1
254246,1,1
254346,1,1
254446,1,1
254546,1,1
254642,1,1
254742,1,1
254842,1,1
254942,1,1
255042,1,1
255142,1,1
255242,1,1
255342,1,1
255442,1,1
255542,1,1
255642,1,1
255742,1,1
255842,1,1
255942,1,1
256042,1,1
256142,1,1
256242,1,1
256342,1,1
256442,1,1
256542,1,1
256642,1,1
256742,1,1
256842,1,1
256942,1,1
257042,1,1
257142,1,1
257242,1,1
257342,1,1
257442,1,1
257542,1,1
257642,1,1
257742,1,1
257842,1,1
257942,1,1
258042,1,1
258142,1,1
258242,1,1
258342,1,1
258442,1,1
258542,1,1
258639,1,1
258755,1,1
258855,1,1
258955,1,1
259055,1,1
259155,1,1
259255,1,1
259355,1,1
259455,1,1
259555,1,1
259655,1,1
259755,1,1
259855,1,1
259955,1,1
260055,1,1
260155,1,1
260255,1,1
260355,1,1
260455,1,1
260555,1,1
260655,1,1
260755,1,1
260855,1,1
260955,1,1
261055,1,1
261155,1,1
261255,1,1
261355,1,1
261455,1,1
261555,1,1
261655,1,1
261755,1,1
261855,1,1
261955,1,1
262055,1,1
262155,1,1
262255,1,1
262355,1,1
262455,1,1
262555,1,1
262651,1,1
262751,1,1
262851,1,1
262951,1,1
263051,1,1
263151,1,1
263251,1,1
263351,1,1
263451,1,1
263551,1,1
263651,1,1
263751,1,1
263851,1,1
263951,1,1
264051,1,1
264151,1,1
264251,1,1
264351,1,1
264451,1,1
264551,1,1
264651,1,1
264751,1,1
264851,1,1
264951,1,1
265051,1,1
265151,1,1
265251,1,1
265351,1,1
265451,1,1
265551,1,1
265651,1,1
265751,1,1
265851,1,1
265951,1,1
266051,1,1
266151,1,1
266251,1,1
266351,1,1
266451,1,1
266551,1,1
266644,1,1
266754,1,1
266854,1,1
266954,1,1
267054,1,1
267154,1,1
267254,1,1
267355,1,1
267455,1,1
267555,1,1
267655,1,1
267755,1,1
267855,1,1
267955,1,1
268055,1,1
268155,1,1
268255,1,1
268355,1,1
268455,1,1
268555,1,1
268655,1,1
268755,1,1
268855,1,1
268955,1,1
269055,1,1
269155,1,1
269255,1,1
269355,1,1
269455,1,1
269555,1,1
269655,1,1
269755,1,1
269855,1,1
269955,1,1
270055,1,1
270155,1,1
270256,1,1
270356,1,1
270456,1,1
270556,1,1
270654,1,1
270754,1,1
270854,1,1
270954,1,1
271054,1,1
271154,1,1
271254,1,1
271354,1,1
271454,1,1
271554,1,1
271654,1,1
271754,1,1
271854,1,1
271954,1,1
272054,1,1
272154,1,1
272254,1,1
272354,1,1
272454,1,1
272554,1,1
272654,1,1
272754,1,1
272854,1,1
272954,1,1
273054,1,1
273154,1,1
273254,1,1
273354,1,1
273454,1,1
273554,1,1
273654,1,1
273754,1,1
273854,1,1
273954,1,1
274054,1,1
274154,1,1
274254,1,1
274354,1,1
274454,1,1
274554,1,1
274648,1,1
274765,1,1
274865,1,1
274965,1,1
275065,1,1
275165,1,1
275265,1,1
275365,1,1
275465,1,1
275565,1,1
275665,1,1
275765,1,1
275865,1,1
275966,1,1
276066,1,1
276166,1,1
276266,1,1
276366,1,1
276466,1,1
276566,1,1
276666,1,1
276766,1,1
276866,1,1
276966,1,1
277066,1,1
277166,1,1
277266,1,1
277366,1,1
277466,1,1
277566,1,1
277666,1,1
277766,1,1
277866,1,1
277966,1,1
278066,1,1
278166,1,1
278266,1,1
278366,1,1
278466,1,1
278566,1,1
278663,1,1
278767,1,1
278867,1,1
278967,1,1
279067,1,1
279167,1,1
279267,1,1
279367,1,1
279467,1,1
279567,1,1
279667,1,1
279767,1,1
279867,1,1
279967,1,1
280067,1,1
280167,1,1
280267,1,1
280367,1,1
280467,1,1
280567,1,1
280667,1,1
280767,1,1
280867,1,1
280967,1,1
281067,1,1
281168,1,1
281268,1,1
281368,1,1
281468,1,1
281568,1,1
281668,1,1
281768,1,1
281868,1,1
281968,1,1
282068,1,1
282168,1,1
282268,1,1
282368,1,1
282468,1,1
282568,1,1
282668,1,1
282768,1,1
282868,1,1
282968,1,1
283068,1,1
283168,1,1
283268,1,1
283368,1,1
283468,1,1
283568,1,1
283668,1,1
283768,1,1
283868,1,1
283968,1,1
284069,1,1
284169,1,1
284269,1,1
284369,1,1
284469,1,1
284569,1,1
284669,1,1
284769,1,1
284869,1,1
284969,1,1
285069,1,1
285169,1,1
285269,1,1
285369,1,1
285469,1,1
285569,1,1
285669,1,1
285769,1,1
285869,1,1
285969,1,1
286069,1,1
286169,1,1
286269,1,1
286369,1,1
286469,1,1
286569,1,1
286669,1,1
286795,0,0
286895,0,0
286995,0,0
287095,0,0
287195,0,0
287295,0,0
287395,0,0
287495,0,0
287595,0,0
287696,0,0
287796,0,0
287896,0,0
287996,0,0
288096,0,0
288196,0,0
288296,0,0
288396,0,0
288496,0,0
288596,0,0
288696,0,0
288796,0,0
288896,0,0
288996,0,0
289096,0,0
289196,0,0
289296,0,0
289396,0,0
289496,0,0
289596,0,0
289696,0,0
289796,0,0
289896,0,0
289996,0,0
290096,0,0
290196,0,0
290296,0,0
290396,0,0
290496,0,0
290597,0,0
290697,0,0
290797,0,0
290897,0,0
290997,0,0
291097,0,0
291197,0,0
291297,0,0
291397,0,0
291497,0,0
291597,0,0
291697,0,0
291797,0,0
291897,0,0
291997,0,0
292097,0,0
292197,0,0
292297,0,0
292397,0,0
292497,0,0
292597,0,0
292697,0,0
292797,0,0
292897,0,0
292997,0,0
293097,0,0
293197,0,0
293297,0,0
293397,0,0
293497,0,0
293597,0,0
293697,0,0
293797,0,0
293897,0,0
293997,0,0
294097,0,0
294197,0,0
294297,0,0
294397,0,0
294497,0,0
294597,0,0
294697,0,0
294797,0,0
294897,0,0
294997,0,0
295097,0,0
295197,0,0
295297,0,0
295397,0,0
295497,0,0
295597,0,0
295697,0,0
295797,0,0
295897,0,0
295997,0,0
296097,0,0
296197,0,0
296297,0,0
296397,0,0
296497,0,0
296597,0,0
296697,0,0
296797,0,0
296897,0,0
296997,0,0
297097,0,0
297197,0,0
297297,0,0
297397,0,0
297497,0,0
297597,0,0
297697,0,0
297797,0,0
297897,0,0
297997,0,0
298097,0,0
298197,0,0
298297,0,0
298397,0,0
298497,0,0
298597,0,0
298697,0,0
298797,0,0
298897,0,0
298997,0,0
299097,0,0
299197,0,0
299297,0,0
299375,0,0
299475,0,0
299575,0,0
299675,1,1
299775,1,1
299875,1,1
299975,1,1
300075,1,1
300175,1,1
300275,1,1
300375,1,1
300475,1,1
300575,1,1
300675,1,1
300775,1,1
300875,1,1
300975,1,1
301075,1,1
301175,1,1
301275,1,1
301375,1,1
301475,1,1
301575,1,1
301675,1,1
301775,1,1
301875,1,1
301975,1,1
302075,1,1
302175,1,1
302275,1,1
302375,1,1
302475,1,1
302575,1,1
302675,1,1
302775,1,1
302875,1,1
302975,1,1
303075,1,1
303175,1,1
303275,1,1
303371,1,1
303471,1,1
303571,1,1
303671,1,1
303771,1,1
303871,1,1
303971,1,1
304071,1,1
304171,1,1
304271,1,1
304371,1,1
304471,1,1
304571,1,1
304671,1,1
304771,1,1
304871,1,1
304971,1,1
305071,1,1
305171,1,1
305271,1,1
305371,1,1
305471,1,1
305571,1,1
305671,1,1
305771,1,1
305871,1,1
305971,1,1
306071,1,1
306171,1,1
306271,1,1
306371,1,1
306471,1,1
306571,1,1
306671,1,1
306771,1,1
306871,1,1
306971,1,1
307071,1,1
307171,1,1
307271,1,1
307367,1,1
307467,1,1
307567,1,1
307667,1,1
307767,1,1
307867,1,1
307967,1,1
308067,1,1
308167,1,1
308267,1,1
308367,1,1
308467,1,1
308567,1,1
308667,1,1
308767,1,1
308867,1,1
308967,1,1
309067,1,1
309167,1,1
309267,1,1
309367,1,1
309467,1,1
309567,1,1
309667,1,1
309767,1,1
309867,1,1
309967,1,1
310067,1,1
310167,1,1
310267,1,1
310367,1,1
310467,1,1
310567,1,1
310667,1,1
310767,1,1
310867,1,1
310967,1,1
311067,1,1
311167,1,1
311267,1,1
311363,1,1
311463,1,1
311563,1,1
311663,1,1
311763,1,1
311863,1,1
311963,1,1
312063,1,1
312163,1,1
312263,1,1
312363,1,1
312463,1,1
312563,1,1
312663,1,1
312763,1,1
312863,1,1
312963,1,1
313063,1,1
313163,1,1
313263,1,1
313363,1,1
313463,1,1
313563,1,1
313663,1,1
313763,1,1
313863,1,1
313963,1,1
314063,1,1
314163,1,1
314263,1,1
314363,1,1
314463,1,1
314563,1,1
314663,1,1
314763,1,1
314863,1,1
314963,1,1
315063,1,1
315163,1,1
315263,1,1
315358,1,1
315458,1,1
315558,1,1
315658,1,1
315758,1,1
315858,1,1
315958,1,1
316058,1,1
316158,1,1
316258,1,1
316358,1,1
316458,1,1
316558,1,1
316658,1,1
316758,1,1
316858,1,1
316958,1,1
317058,1,1
317158,1,1
317258,1,1
317358,1,1
317458,1,1
317558,1,1
317658,1,1
317758,1,1
317858,1,1
317958,1,1
318058,1,1
318158,1,1
318258,1,1
318358,1,1
318458,1,1
318558,1,1
318658,1,1
318758,1,1
318858,1,1
318958,1,1
319058,1,1
319158,1,1
319258,1,1
319354,1,1
319454,1,1
319554,1,1
319654,1,1
319754,1,1
319854,1,1
319954,1,1
320054,1,1
320154,1,1
320254,1,1
320354,1,1
320454,1,1
320554,1,1
320654,1,1
320754,1,1
320854,1,1
320954,1,1
321054,1,1
321154,1,1
321254,1,1
321354,1,1
321454,1,1
321554,1,1
321654,1,1
321754,1,1
321854,1,1
321954,1,1
322054,1,1
322154,1,1
322254,1,1
322354,1,1
322454,1,1
322554,1,1
322654,1,1
322754,1,1
322854,1,1
322954,1,1
323054,1,1
323154,1,1
323254,1,1
323354,1,1
323435,1,1
323535,1,1
323635,1,1
323735,1,1
323835,1,1
323935,1,1
324035,1,1
324135,1,1
324235,1,1
324335,1,1
324435,1,1
324535,1,1
324635,1,1
324735,1,1
324835,1,1
324935,1,1
325035,1,1
325135,1,1
325235,1,1
325335,1,1
325435,1,1
325535,1,1
325635,1,1
325735,1,1
325835,1,1
325935,1,1
326035,1,1
326135,1,1
326235,1,1
326335,1,1
326435,1,1
326535,1,1
326635,1,1
326735,1,1
326835,1,1
326935,1,1
327035,1,1
327135,1,1
327235,1,1
327335,1,1
327436,1,1
327536,1,1
327636,1,1
327736,1,1
327836,1,1
327936,1,1
328036,1,1
328136,1,1
328236,1,1
328336,1,1
328436,1,1
328536,1,1
328636,1,1
328736,1,1
328836,1,1
328936,1,1
329036,1,1
329136,1,1
329236,1,1
329336,1,1
329436,1,1
329536,1,1
329636,1,1
329736,1,1
329836,1,1
329936,1,1
330036,1,1
330136,1,1
330236,1,1
330336,1,1
330436,1,1
330536,1,1
330636,1,1
330736,1,1
330836,1,1
330936,1,1
331036,1,1
331136,1,1
331236,1,1
331336,1,1
331436,1,1
331536,1,1
331636,1,1
331736,1,1
331836,1,1
331936,1,1
332036,1,1
332136,1,1
332236,1,1
332336,1,1
332436,1,1
332536,1,1
332636,1,1
332736,1,1
332836,1,1
332936,1,1
333036,1,1
333136,1,1
333236,1,1
333336,1,1
333436,1,1
333536,1,1
333636,1,1
333736,1,1
333836,1,1
333936,1,1
334036,1,1
334136,1,1
334236,1,1
334336,1,1
334436,1,1
334536,1,1
334636,1,1
334736,1,1
334836,1,1
334936,1,1
335036,1,1
335136,1,1
335236,1,1
335336,1,1
335436,1,1
335536,1,1
335636,1,1
335736,1,1
335836,1,1
335936,1,1
336036,1,1
336136,1,1
336236,1,1
336336,1,1
336436,1,1
336536,1,1
336636,1,1
336736,1,1
336836,1,1
336936,1,1
337036,1,1
337136,1,1
337236,1,1
337336,1,1
337436,1,1
337536,1,1
337636,1,1
337736,1,1
337836,1,1
337936,1,1
338036,1,1
338136,1,1
338236,1,1
338336,1,1
338436,1,1
338536,1,1
338636,1,1
338736,1,1
338836,1,1
338936,1,1
339036,1,1
339136,1,1
339236,1,1
339336,1,1
339432,1,1
339532,1,1
339632,1,1
339732,1,1
339832,1,1
339932,1,1
340032,1,1
340132,1,1
340232,1,1
340332,1,1
340432,1,1
340532,1,1
340632,1,1
340732,1,1
340832,1,1
340932,1,1
341032,1,1
341132,1,1
341232,1,1
341332,1,1
341432,1,1
341532,1,1
341632,1,1
341732,1,1
341832,1,1
341932,1,1
342032,1,1
342132,1,1
342232,1,1
342332,1,1
342432,1,1
342532,1,1
342632,1,1
342732,1,1
342832,1,1
342932,1,1
343032,1,1
343132,1,1
343232,1,1
343332,1,1
343432,1,1
343532,1,1
343632,1,1
343732,1,1
343832,1,1
343932,1,1
344032,1,1
344132,1,1
344232,1,1
344332,1,1
344432,1,1
344532,1,1
344632,1,1
344732,1,1
344832,1,1
344932,1,1
345032,1,1
345132,1,1
345232,1,1
345332,1,1
345432,1,1
345532,1,1
345632,1,1
345732,1,1
345832,1,1
345932,1,1
346032,1,1
346132,1,1
346232,1,1
346332,1,1
346432,1,1
346532,1,1
346632,1,1
346732,1,1
346832,1,1
346932,1,1
347032,1,1
347132,1,1
347232,1,1
347332,1,1
347432,1,1
347532,1,1
347658,0,0
347758,0,0
347858,0,0
347958,0,0
348058,0,0
348158,0,0
348258,0,0
348358,0,0
348458,0,0
348559,0,0
348659,0,0
348759,0,0
348859,0,0
348959,0,0
349059,0,0
349159,0,0
349259,0,0
349359,0,0
349459,0,0
349559,0,0
349659,0,0
349759,0,0
349859,0,0
349959,0,0
350059,0,0
350159,0,0
350259,0,0
350359,0,0
350459,0,0
350559,0,0
350659,0,0
350759,0,0
350859,0,0
350959,0,0
351059,0,0
351159,0,0
351259,0,0
351359,0,0
351460,0,0
351560,0,0
351660,0,0
351760,0,0
351860,0,0
351960,0,0
352060,0,0
352160,0,0
352260,0,0
352360,0,0
352460,0,0
352560,0,0
352660,0,0
352760,0,0
352860,0,0
352960,0,0
353060,0,0
353160,0,0
353260,0,0
353360,0,0
353460,0,0
353560,0,0
353660,0,0
353760,0,0
353860,0,0
353960,0,0
354060,0,0
354160,0,0
354260,0,0
354360,0,0
354460,0,0
354560,0,0
354660,0,0
354760,0,0
354860,0,0
354960,0,0
355060,0,0
355160,0,0
355260,0,0
355360,0,0
355443,0,0
355543,0,0
355665,0,0
355765,1,1
355865,1,1
355966,1,1
356066,1,1
356166,1,1
356266,1,1
356366,1,1
356466,1,1
356566,1,1
356666,1,1
356766,1,1
356866,1,1
356966,1,1
357066,1,1
357166,1,1
357266,1,1
357366,1,1
357466,1,1
357566,1,1
357666,1,1
357766,1,1
357866,1,1
357966,1,1
358066,1,1
358166,1,1
358266,1,1
358366,1,1
358466,1,1
358566,1,1
358666,1,1
358766,1,1
358867,1,1
358967,1,1
359067,1,1
359167,1,1
359267,1,1
359367,1,1
359463,1,1
359563,1,1
359663,1,1
359763,1,1
359863,1,1
359963,1,1
360063,1,1
360163,1,1
360263,1,1
360363,1,1
360463,1,1
360563,1,1
360663,1,1
360763,1,1
360863,1,1
360963,1,1
361063,1,1
361163,1,1
361263,1,1
361363,1,1
361463,1,1
361563,1,1
361663,1,1
361763,1,1
361863,1,1
361963,1,1
362063,1,1
362163,1,1
362263,1,1
362363,1,1
362463,1,1
362563,1,1
362663,1,1
362763,1,1
362863,1,1
362963,1,1
363063,1,1
363163,1,1
363263,1,1
363363,1,1
363458,1,1
363558,1,1
363658,1,1
363758,1,1
363858,1,1
363958,1,1
364058,1,1
364158,1,1
364258,1,1
364358,1,1
364458,1,1
364558,1,1
364658,1,1
364758,1,1
364858,1,1
364958,1,1
365058,1,1
365158,1,1
365258,1,1
365358,1,1
365458,1,1
365558,1,1
365658,1,1
365758,1,1
365858,1,1
365958,1,1
366058,1,1
366158,1,1
366258,1,1
366358,1,1
366458,1,1
366558,1,1
366658,1,1
366758,1,1
366858,1,1
366958,1,1
367058,1,1
367158,1,1
367258,1,1
367358,1,1
367453,1,1
367553,1,1
367653,1,1
367753,1,1
367853,1,1
367953,1,1
368053,1,1
368153,1,1
368253,1,1
368353,1,1
368453,1,1
368553,1,1
368653,1,1
368753,1,1
368853,1,1
368953,1,1
369053,1,1
369153,1,1
369253,1,1
369353,1,1
369453,1,1
369553,1,1
369653,1,1
369753,1,1
369853,1,1
369953,1,1
370053,1,1
370153,1,1
370253,1,1
370353,1,1
370453,1,1
370553,1,1
370653,1,1
370753,1,1
370853,1,1
370953,1,1
371053,1,1
371153,1,1
371253,1,1
371353,1,1
371451,1,1
371551,1,1
371651,1,1
371751,1,1
371851,1,1
371951,1,1
372051,1,1
372151,1,1
372251,1,1
372351,1,1
372451,1,1
372551,1,1
372651,1,1
372751,1,1
372851,1,1
372951,1,1
373051,1,1
373151,1,1
373251,1,1
373351,1,1
373451,1,1
373551,1,1
373651,1,1
373751,1,1
373851,1,1
373951,1,1
374051,1,1
374151,1,1
374251,1,1
374351,1,1
374451,1,1
374551,1,1
374651,1,1
374751,1,1
374851,1,1
374951,1,1
375051,1,1
375151,1,1
375251,1,1
375351,1,1
375446,1,1
375546,1,1
375646,1,1
375746,1,1
375846,1,1
375946,1,1
376046,1,1
376146,1,1
376246,1,1
376346,1,1
376446,1,1
376546,1,1
376646,1,1
376746,1,1
376846,1,1
376946,1,1
377046,1,1
377146,1,1
377246,1,1
377346,1,1
377446,1,1
377546,1,1
377646,1,1
377746,1,1
377846,1,1
377946,1,1
378046,1,1
378146,1,1
378246,1,1
378346,1,1
378446,1,1
378546,1,1
378646,1,1
378746,1,1
378846,1,1
378946,1,1
379046,1,1
379146,1,1
379246,1,1
379346,1,1
379441,1,1
379541,1,1
379641,1,1
379741,1,1
379841,1,1
379941,1,1
380041,1,1
380141,1,1
380241,1,1
380341,1,1
380441,1,1
380541,1,1
380641,1,1
380741,1,1
380841,1,1
380941,1,1
381041,1,1
381141,1,1
381241,1,1
381341,1,1
381441,1,1
381541,1,1
381641,1,1
381741,1,1
381841,1,1
381941,1,1
382041,1,1
382141,1,1
382241,1,1
382341,1,1
382441,1,1
382541,1,1
382641,1,1
382741,1,1
382841,1,1
382941,1,1
383041,1,1
383141,1,1
383241,1,1
383341,1,1
383437,1,1
383537,1,1
383637,1,1
383737,1,1
383837,1,1
383937,1,1
384037,1,1
384137,1,1
384237,1,1
384337,1,1
384437,1,1
384537,1,1
384637,1,1
384737,1,1
384837,1,1
384937,1,1
385037,1,1
385137,1,1
385237,1,1
385337,1,1
385437,1,1
385537,1,1
385637,1,1
385737,1,1
385837,1,1
385937,1,1
386037,1,1
386137,1,1
386237,1,1
386337,1,1
386437,1,1
386537,1,1
386637,1,1
386737,1,1
386837,1,1
386937,1,1
387037,1,1
387137,1,1
387237,1,1
387337,1,1
387433,1,1
387533,1,1
387633,1,1
387738,1,1
387838,1,1
387938,1,1
388038,1,1
388138,1,1
388238,1,1
388338,1,1
388438,1,1
388538,1,1
388638,1,1
388738,1,1
388838,1,1
388938,1,1
389038,1,1
389138,1,1
389238,1,1
389338,1,1
389438,1,1
389538,1,1
389639,1,1
389739,1,1
389839,1,1
389939,1,1
390039,1,1
390139,1,1
390239,1,1
390339,1,1
390439,1,1
390539,1,1
390639,1,1
390739,1,1
390839,1,1
390939,1,1
391039,1,1
391139,1,1
391239,1,1
391339,1,1
391434,1,1
391534,1,1
391634,1,1
391744,1,1
391844,1,1
391944,1,1
392044,1,1
392144,1,1
392244,1,1
392344,1,1
392444,1,1
392544,1,1
392644,1,1
392744,1,1
392844,1,1
392944,1,1
393044,1,1
393144,1,1
393244,1,1
393344,1,1
393444,1,1
393544,1,1
393644,1,1
393744,1,1
393844,1,1
393944,1,1
394044,1,1
394144,1,1
394244,1,1
394344,1,1
394444,1,1
394544,1,1
394644,1,1
394744,1,1
394844,1,1
394944,1,1
395044,1,1
395144,1,1
395244,1,1
395344,1,1
395437,1,1
395537,1,1
395637,1,1
395737,1,1
395837,1,1
395937,1,1
396037,1,1
396137,1,1
396237,1,1
396337,1,1
396437,1,1
396537,1,1
396637,1,1
396737,1,1
396837,1,1
396937,1,1
397037,1,1
397137,1,1
397237,1,1
397337,1,1
397437,1,1
397537,1,1
397637,1,1
397737,1,1
397837,1,1
397937,1,1
398037,1,1
398137,1,1
398237,1,1
398337,1,1
398437,1,1
398537,1,1
398637,1,1
398737,1,1
398837,1,1
398937,1,1
399037,1,1
399137,1,1
399237,1,1
399337,1,1
399437,1,1
399537,1,1
399637,1,1
399737,1,1
399837,1,1
399937,1,1
400037,1,1
400137,1,1
400237,1,1
400337,1,1
400437,1,1
400537,1,1
400637,1,1
400737,1,1
400837,1,1
400937,1,1
401037,1,1
401137,1,1
401237,1,1
401337,1,1
401437,1,1
401537,1,1
401637,1,1
401737,1,1
401837,1,1
401937,1,1
402037,1,1
402137,1,1
402237,1,1
402337,1,1
402437,1,1
402537,1,1
402637,1,1
402737,1,1
402837,1,1
402937,1,1
403037,1,1
403137,1,1
403237,1,1
403337,1,1
403437,1,1
403537,1,1
403637,1,1
403737,1,1
403856,0,0
403956,0,0
404056,0,0
404156,0,0
404256,0,0
404356,0,0
404456,0,0
404556,0,0
404656,0,0
404756,0,0
404856,0,0
404956,0,0
405056,0,0
405157,0,0
405257,0,0
405357,0,0
405457,0,0
405557,0,0
405657,0,0
405757,0,0
405857,0,0
405957,0,0
406057,0,0
406157,0,0
406257,0,0
406357,0,0
406457,0,0
406557,0,0
406657,0,0
406757,0,0
406857,0,0
406957,0,0
407057,0,0
407157,0,0
407257,0,0
407357,0,0
407457,0,0
407557,0,0
407657,0,0
407757,0,0
407857,0,0
407957,0,0
408057,0,0
408157,0,0
408257,0,0
408357,0,0
408457,0,0
408557,0,0
408657,0,0
408757,0,0
408857,0,0
408957,0,0
409057,0,0
409157,0,0
409257,0,0
409357,0,0
409457,0,0
409557,0,0
409657,0,0
409757,0,0
409857,0,0
409957,0,0
410057,0,0
410157,0,0
410257,0,0
410357,0,0
410457,0,0
410557,0,0
410657,0,0
410757,0,0
410857,0,0
410957,0,0
411057,0,0
411157,0,0
411257,0,0
411357,0,0
411457,0,0
411557,0,0
411657,0,0
411757,0,0
411857,0,0
411957,0,0
412057,0,0
412157,0,0
412257,0,0
412357,0,0
412457,0,0
412557,0,0
412657,0,0
412757,0,0
412857,0,0
412957,0,0
413057,0,0
413157,0,0
413257,0,0
413357,0,0
413457,0,0
413557,0,0
413657,0,0
413757,0,0
413857,0,0
413957,0,0
414057,0,0
414157,0,0
414257,0,0
414357,0,0
414457,0,0
414557,0,0
414657,0,0
414757,0,0
414857,0,0
414957,0,0
415057,0,0
415157,0,0
415257,0,0
415357,0,0
415457,0,0
415557,0,0
415657,0,0
415757,0,0
415857,0,0
415976,0,0
416019,1,1
416119,1,1
416219,1,1
416319,1,1
416419,1,1
416519,1,1
416620,1,1
416720,1,1
416820,1,1
416920,1,1
417020,1,1
417120,1,1
417220,1,1
417320,1,1
417420,1,1
417520,1,1
417620,1,1
417720,1,1
417820,1,1
417920,1,1
418020,1,1
418120,1,1
418220,1,1
418320,1,1
418420,1,1
418520,1,1
418620,1,1
418720,1,1
418820,1,1
418920,1,1
419020,1,1
419120,1,1
419220,1,1
419320,1,1
419420,1,1
419520,1,1
419620,1,1
419720,1,1
419820,1,1
419943,1,1
420043,1,1
420143,1,1
420243,1,1
420343,1,1
420443,1,1
420543,1,1
420643,1,1
420743,1,1
420843,1,1
420943,1,1
421043,1,1
421143,1,1
421243,1,1
421343,1,1
421443,1,1
421543,1,1
421643,1,1
421743,1,1
421843,1,1
421943,1,1
422043,1,1
422143,1,1
422243,1,1
422343,1,1
422443,1,1
422543,1,1
422643,1,1
422743,1,1
422843,1,1
422943,1,1
423043,1,1
423143,1,1
423243,1,1
423343,1,1
423443,1,1
423543,1,1
423643,1,1
423743,1,1
423843,1,1
424350,1,1
424031,1,1
424131,1,1
424231,1,1
424331,1,1
424431,1,1
424531,1,1
424631,1,1
424731,1,1
424831,1,1
424931,1,1
425031,1,1
425131,1,1
425231,1,1
425331,1,1
425431,1,1
425531,1,1
425631,1,1
425731,1,1
425831,1,1
425931,1,1
426031,1,1
426131,1,1
426231,1,1
426331,1,1
426431,1,1
426531,1,1
426631,1,1
426731,1,1
426831,1,1
426931,1,1
427031,1,1
427131,1,1
427231,1,1
427331,1,1
427431,1,1
427926,1,1
428037,1,1
428138,1,1
428238,1,1
428338,1,1
428438,1,1
428538,1,1
428638,1,1
428738,1,1
428838,1,1
428938,1,1
429038,1,1
429138,1,1
429238,1,1
429338,1,1
429438,1,1
429538,1,1
429638,1,1
429738,1,1
429838,1,1
429938,1,1
430038,1,1
430138,1,1
430238,1,1
430338,1,1
430438,1,1
430538,1,1
430638,1,1
430738,1,1
430838,1,1
430938,1,1
431038,1,1
431138,1,1
431238,1,1
431338,1,1
431438,1,1
431538,1,1
431970,1,1
432056,1,1
432156,1,1
432256,1,1
432356,1,1
432456,1,1
432556,1,1
432656,1,1
432756,1,1
432856,1,1
432956,1,1
433056,1,1
433156,1,1
433256,1,1
433356,1,1
433456,1,1
433556,1,1
433656,1,1
433756,1,1
433856,1,1
433956,1,1
434056,1,1
434156,1,1
434256,1,1
434356,1,1
434456,1,1
434556,1,1
434656,1,1
434756,1,1
434856,1,1
434956,1,1
435056,1,1
435156,1,1
435256,1,1
435356,1,1
435456,1,1
435954,1,1
436060,1,1
436160,1,1
436260,1,1
436360,1,1
436460,1,1
436560,1,1
436660,1,1
436760,1,1
436860,1,1
436960,1,1
437060,1,1
437160,1,1
437261,1,1
437361,1,1
437461,1,1
437561,1,1
437661,1,1
437761,1,1
437861,1,1
437961,1,1
438061,1,1
438161,1,1
438261,1,1
438361,1,1
438461,1,1
438561,1,1
438661,1,1
438761,1,1
438861,1,1
438961,1,1
439061,1,1
439161,1,1
439261,1,1
439361,1,1
439461,1,1
439965,1,1
440060,1,1
440160,1,1
440260,1,1
440360,1,1
440460,1,1
440560,1,1
440660,1,1
440760,1,1
440860,1,1
440960,1,1
441060,1,1
441160,1,1
441260,1,1
441360,1,1
441460,1,1
441560,1,1
441660,1,1
441760,1,1
441860,1,1
441960,1,1
442060,1,1
442160,1,1
442260,1,1
442360,1,1
442461,1,1
442561,1,1
442661,1,1
442761,1,1
442861,1,1
442961,1,1
443061,1,1
443161,1,1
443261,1,1
443361,1,1
443461,1,1
443973,1,1
444065,1,1
444165,1,1
444265,1,1
444365,1,1
444465,1,1
444565,1,1
444665,1,1
444765,1,1
444865,1,1
444965,1,1
445065,1,1
445165,1,1
445265,1,1
445365,1,1
445465,1,1
445565,1,1
445665,1,1
445765,1,1
445865,1,1
445965,1,1
446065,1,1
446165,1,1
446265,1,1
446365,1,1
446465,1,1
446565,1,1
446665,1,1
446765,1,1
446865,1,1
446965,1,1
447065,1,1
447165,1,1
447265,1,1
447365,1,1
447465,1,1
447970,1,1
448066,1,1
448167,1,1
448267,1,1
448367,1,1
448467,1,1
448567,1,1
448667,1,1
448767,1,1
448867,1,1
448967,1,1
449067,1,1
449167,1,1
449267,1,1
449367,1,1
449467,1,1
449567,1,1
449667,1,1
449767,1,1
449867,1,1
449967,1,1
450067,1,1
450167,1,1
450267,1,1
450367,1,1
450467,1,1
450567,1,1
450667,1,1
450767,1,1
450867,1,1
450967,1,1
451068,1,1
451168,1,1
451268,1,1
451368,1,1
451468,1,1
451970,1,1
452056,1,1
452156,1,1
452256,1,1
452356,1,1
452456,1,1
452556,1,1
452656,1,1
452756,1,1
452856,1,1
452956,1,1
453056,1,1
453156,1,1
453256,1,1
453356,1,1
453456,1,1
453556,1,1
453657,1,1
453757,1,1
453857,1,1
453957,1,1
454057,1,1
454157,1,1
454257,1,1
454357,1,1
454457,1,1
454557,1,1
454657,1,1
454757,1,1
454857,1,1
454957,1,1
455057,1,1
455157,1,1
455257,1,1
455357,1,1
455457,1,1
455963,1,1
456068,1,1
456168,1,1
456268,1,1
456368,1,1
456468,1,1
456568,1,1
456668,1,1
456768,1,1
456868,1,1
456968,1,1
457068,1,1
457168,1,1
457268,1,1
457368,1,1
457468,1,1
457568,1,1
457668,1,1
457768,1,1
457868,1,1
457968,1,1
458068,1,1
458168,1,1
458268,1,1
458368,1,1
458468,1,1
458568,1,1
458668,1,1
458768,1,1
458868,1,1
458968,1,1
459068,1,1
459168,1,1
459268,1,1
459368,1,1
459468,1,1
459568,1,1
459668,1,1
459768,1,1
459868,1,1
459968,1,1
460068,1,1
460168,1,1
460268,1,1
460368,1,1
460468,1,1
460568,1,1
460668,1,1
460768,1,1
460868,1,1
460968,1,1
461068,1,1
461168,1,1
461268,1,1
461368,1,1
461468,1,1
461568,1,1
461668,1,1
461768,1,1
461868,1,1
461968,1,1
462068,1,1
462168,1,1
462268,1,1
462368,1,1
462468,1,1
462568,1,1
462668,1,1
462768,1,1
462868,1,1
462968,1,1
463068,1,1
463168,1,1
463268,1,1
463368,1,1
463468,1,1
463568,1,1
463668,1,1
463768,1,1
463868,1,1
464383,0,0
464483,0,0
464584,0,0
464684,0,0
464784,0,0
464884,0,0
464984,0,0
465084,0,0
465184,0,0
465284,0,0
465384,0,0
465484,0,0
465584,0,0
465684,0,0
465784,0,0
465884,0,0
465984,0,0
466084,0,0
466184,0,0
466284,0,0
466384,0,0
466484,0,0
466584,0,0
466684,0,0
466784,0,0
466884,0,0
466984,0,0
467084,0,0
467184,0,0
467284,0,0
467384,0,0
467484,0,0
467584,0,0
467684,0,0
467784,0,0
467884,0,0
467984,0,0
468084,0,0
468184,0,0
468284,0,0
468384,0,0
468484,0,0
468584,0,0
468684,0,0
468784,0,0
468884,0,0
468984,0,0
469084,0,0
469184,0,0
469284,0,0
469384,0,0
469484,0,0
469584,0,0
469684,0,0
469784,0,0
469884,0,0
469984,0,0
470084,0,0
470184,0,0
470284,0,0
470384,0,0
470484,0,0
470584,0,0
470684,0,0
470784,0,0
470884,0,0
470984,0,0
471084,0,0
471184,0,0
471284,0,0
471384,0,0
471484,0,0
471584,0,0
472224,0,0
472096,1,1
472196,1,1
472296,1,1
472396,1,1
472496,1,1
472596,1,1
472696,1,1
472796,1,1
472896,1,1
472996,1,1
473096,1,1
473196,1,1
473296,1,1
473396,1,1
473496,1,1
473596,1,1
473696,1,1
473796,1,1
473896,1,1
473996,1,1
474096,1,1
474196,1,1
474296,1,1
474396,1,1
474496,1,1
474596,1,1
474696,1,1
474796,1,1
474896,1,1
474996,1,1
475096,1,1
475196,1,1
475296,1,1
475799,1,1
476103,1,1
476203,1,1
476303,1,1
476403,1,1
476503,1,1
476603,1,1
476703,1,1
476803,1,1
476903,1,1
477003,1,1
477104,1,1
477204,1,1
477304,1,1
477404,1,1
477504,1,1
477604,1,1
477704,1,1
477804,1,1
477904,1,1
478004,1,1
478104,1,1
478204,1,1
478304,1,1
478404,1,1
478504,1,1
478604,1,1
478704,1,1
478804,1,1
478904,1,1
479004,1,1
479104,1,1
479204,1,1
479304,1,1
479404,1,1
479504,1,1
480020,1,1
480117,1,1
480217,1,1
480317,1,1
480417,1,1
480517,1,1
480617,1,1
480717,1,1
480817,1,1
480917,1,1
481017,1,1
481117,1,1
481217,1,1
481317,1,1
481417,1,1
481517,1,1
481617,1,1
481717,1,1
481817,1,1
481917,1,1
482017,1,1
482117,1,1
482217,1,1
482317,1,1
482417,1,1
482517,1,1
482617,1,1
482717,1,1
482817,1,1
482917,1,1
483017,1,1
483117,1,1
483217,1,1
483317,1,1
483417,1,1
483517,1,1
484022,1,1
484119,1,1
484219,1,1
484319,1,1
484419,1,1
484519,1,1
484619,1,1
484719,1,1
484819,1,1
484919,1,1
485019,1,1
485120,1,1
485220,1,1
485320,1,1
485420,1,1
485520,1,1
485620,1,1
485720,1,1
485820,1,1
485920,1,1
486020,1,1
486120,1,1
486220,1,1
486320,1,1
486420,1,1
486520,1,1
486620,1,1
486720,1,1
486820,1,1
486920,1,1
487020,1,1
487120,1,1
487220,1,1
487320,1,1
487420,1,1
487520,1,1
488032,1,1
488127,1,1
488227,1,1
488327,1,1
488427,1,1
488528,1,1
488628,1,1
488728,1,1
488828,1,1
488928,1,1
489028,1,1
489128,1,1
489228,1,1
489328,1,1
489428,1,1
489528,1,1
489628,1,1
489728,1,1
489828,1,1
489928,1,1
490028,1,1
490128,1,1
490228,1,1
490328,1,1
490428,1,1
490528,1,1
490628,1,1
490728,1,1
490828,1,1
490928,1,1
491028,1,1
491128,1,1
491228,1,1
491328,1,1
491429,1,1
491529,1,1
492039,1,1
492133,1,1
492234,1,1
492334,1,1
492434,1,1
492534,1,1
492634,1,1
492734,1,1
492834,1,1
492934,1,1
493034,1,1
493134,1,1
493234,1,1
493334,1,1
493434,1,1
493534,1,1
493634,1,1
493734,1,1
493834,1,1
493934,1,1
494034,1,1
494134,1,1
494234,1,1
494334,1,1
494434,1,1
494534,1,1
494634,1,1
494734,1,1
494834,1,1
494934,1,1
495034,1,1
495135,1,1
495235,1,1
495335,1,1
495435,1,1
495535,1,1
496039,1,1
496135,1,1
496235,1,1
496335,1,1
496435,1,1
496535,1,1
496635,1,1
496735,1,1
496835,1,1
496935,1,1
497035,1,1
497135,1,1
497235,1,1
497335,1,1
497435,1,1
497535,1,1
497635,1,1
497735,1,1
497835,1,1
497935,1,1
498035,1,1
498135,1,1
498235,1,1
498335,1,1
498435,1,1
498535,1,1
498635,1,1
498735,1,1
498835,1,1
498935,1,1
499035,1,1
499135,1,1
499235,1,1
499335,1,1
499435,1,1
499535,1,1
500046,1,1
500058,1,1
500158,1,1
500258,1,1
500358,1,1
500458,1,1
500558,1,1
500658,1,1
500759,1,1
500859,1,1
500959,1,1
501059,1,1
501159,1,1
501259,1,1
501359,1,1
501459,1,1
501559,1,1
501659,1,1
501759,1,1
501859,1,1
501959,1,1
502059,1,1
502159,1,1
502259,1,1
502359,1,1
502459,1,1
502559,1,1
502659,1,1
502759,1,1
502859,1,1
502959,1,1
503059,1,1
503159,1,1
503259,1,1
503359,1,1
503459,1,1
503961,1,1
504143,1,1
504243,1,1
504343,1,1
504443,1,1
504543,1,1
504643,1,1
504743,1,1
504843,1,1
504943,1,1
505043,1,1
505143,1,1
505243,1,1
505343,1,1
505443,1,1
505543,1,1
505643,1,1
505743,1,1
505843,1,1
505943,1,1
506043,1,1
506143,1,1
506243,1,1
506343,1,1
506443,1,1
506543,1,1
506643,1,1
506743,1,1
506843,1,1
506943,1,1
507043,1,1
507143,1,1
507243,1,1
507343,1,1
507443,1,1
507543,1,1
508046,1,1
508143,1,1
508243,1,1
508343,1,1
508443,1,1
508543,1,1
508643,1,1
508743,1,1
508843,1,1
508944,1,1
509044,1,1
509144,1,1
509244,1,1
509344,1,1
509444,1,1
509544,1,1
509644,1,1
509744,1,1
509844,1,1
509944,1,1
510044,1,1
510144,1,1
510244,1,1
510344,1,1
510444,1,1
510544,1,1
510644,1,1
510744,1,1
510844,1,1
510944,1,1
511044,1,1
511144,1,1
511244,1,1
511344,1,1
511444,1,1
511544,1,1
512057,1,1
512143,1,1
512243,1,1
512344,1,1
512444,1,1
512544,1,1
512644,1,1
512744,1,1
512844,1,1
512944,1,1
513044,1,1
513144,1,1
513244,1,1
513344,1,1
513444,1,1
513544,1,1
513644,1,1
513744,1,1
513844,1,1
513944,1,1
514044,1,1
514144,1,1
514244,1,1
514344,1,1
514444,1,1
514544,1,1
514644,1,1
514744,1,1
514844,1,1
514944,1,1
515044,1,1
515144,1,1
515245,1,1
515345,1,1
515445,1,1
515545,1,1
515645,1,1
515745,1,1
515845,1,1
515945,1,1
516045,1,1
516145,1,1
516245,1,1
516345,1,1
516445,1,1
516545,1,1
516645,1,1
516745,1,1
516845,1,1
516945,1,1
517045,1,1
517145,1,1
517245,1,1
517345,1,1
517445,1,1
517545,1,1
517645,1,1
517745,1,1
517845,1,1
517945,1,1
518045,1,1
518146,1,1
518246,1,1
518346,1,1
518446,1,1
518546,1,1
518646,1,1
518746,1,1
518846,1,1
518946,1,1
519046,1,1
519146,1,1
519246,1,1
519346,1,1
519446,1,1
519546,1,1
519646,1,1
519746,1,1
519846,1,1
519946,1,1
520462,0,0
520562,0,0
520662,0,0
520762,0,0
520862,0,0
520962,0,0
521062,0,0
521162,0,0
521262,0,0
521362,0,0
521462,0,0
521562,0,0
521662,0,0
521762,0,0
521862,0,0
521962,0,0
522062,0,0
522162,0,0
522262,0,0
522362,0,0
522462,0,0
522562,0,0
522662,0,0
522762,0,0
522862,0,0
522962,0,0
523062,0,0
523162,0,0
523262,0,0
523362,0,0
523462,0,0
523562,0,0
523662,0,0
523762,0,0
523862,0,0
523962,0,0
524062,0,0
524162,0,0
524262,0,0
524362,0,0
524462,0,0
524562,0,0
524662,0,0
524762,0,0
524862,0,0
524962,0,0
525062,0,0
525162,0,0
525262,0,0
525362,0,0
525462,0,0
525562,0,0
525662,0,0
525762,0,0
525862,0,0
525962,0,0
526062,0,0
526162,0,0
526262,0,0
526362,0,0
526462,0,0
526562,0,0
526662,0,0
526762,0,0
526862,0,0
526962,0,0
527062,0,0
527162,0,0
527262,0,0
527362,0,0
527462,0,0
527562,0,0
527662,0,0
527762,0,0
527862,0,0
527962,0,0
528062,0,0
528162,0,0
528262,0,0
528362,0,0
528462,0,0
528562,0,0
528662,0,0
528762,0,0
528862,0,0
528962,0,0
529062,0,0
529162,0,0
529262,0,0
529362,0,0
529462,0,0
529562,0,0
529662,0,0
529762,0,0
529862,0,0
529962,0,0
530062,0,0
530162,0,0
530262,0,0
530362,0,0
530462,0,0
530562,0,0
530662,0,0
530762,0,0
530862,0,0
530962,0,0
531062,0,0
531162,0,0
531262,0,0
531362,0,0
531462,0,0
531562,0,0
531662,0,0
531762,0,0
531862,0,0
531962,0,0
532062,0,0
532162,0,0
532262,0,0
532362,0,0
532462,0,0
532562,0,0
532662,0,0
533162,0,0
533812,0,0
533912,1,1
534012,1,1
534112,1,1
534212,1,1
534312,1,1
534412,1,1
534512,1,1
534612,1,1
534712,1,1
534812,1,1
534912,1,1
535012,1,1
535112,1,1
535212,1,1
535312,1,1
535412,1,1
535512,1,1
535613,1,1
535713,1,1
535813,1,1
535913,1,1
536013,1,1
536113,1,1
536213,1,1
536313,1,1
536413,1,1
536513,1,1
536613,1,1
536713,1,1
536813,1,1
536913,1,1
537013,1,1
537113,1,1
537202,1,1
537634,1,1
537735,1,1
537835,1,1
537935,1,1
538035,1,1
538135,1,1
538235,1,1
538335,1,1
538435,1,1
538535,1,1
538635,1,1
538735,1,1
538835,1,1
538935,1,1
539035,1,1
539135,1,1
539235,1,1
539335,1,1
539435,1,1
539535,1,1
539635,1,1
539735,1,1
539835,1,1
539935,1,1
540035,1,1
540135,1,1
540235,1,1
540335,1,1
540435,1,1
540535,1,1
540635,1,1
540735,1,1
540835,1,1
540935,1,1
541035,1,1
541137,1,1
541647,1,1
541748,1,1
541848,1,1
541948,1,1
542048,1,1
542148,1,1
542248,1,1
542348,1,1
542448,1,1
542548,1,1
542648,1,1
542748,1,1
542848,1,1
542948,1,1
543048,1,1
543148,1,1
543248,1,1
543348,1,1
543448,1,1
543548,1,1
543648,1,1
543748,1,1
543848,1,1
543948,1,1
544048,1,1
544148,1,1
544248,1,1
544348,1,1
544448,1,1
544548,1,1
544649,1,1
544749,1,1
544849,1,1
544949,1,1
545049,1,1
545145,1,1
545245,1,1
545345,1,1
545821,1,1
545921,1,1
546021,1,1
546121,1,1
546221,1,1
546321,1,1
546421,1,1
546521,1,1
546621,1,1
546721,1,1
546821,1,1
546921,1,1
547021,1,1
547121,1,1
547221,1,1
547321,1,1
547421,1,1
547521,1,1
547621,1,1
547721,1,1
547821,1,1
547921,1,1
548021,1,1
548121,1,1
548221,1,1
548321,1,1
548421,1,1
548521,1,1
548621,1,1
548721,1,1
548821,1,1
548921,1,1
549021,1,1
549117,1,1
549217,1,1
549317,1,1
549824,1,1
549924,1,1
550024,1,1
550124,1,1
550224,1,1
550324,1,1
550424,1,1
550524,1,1
550624,1,1
550724,1,1
550824,1,1
550924,1,1
551024,1,1
551124,1,1
551224,1,1
551324,1,1
551425,1,1
551525,1,1
551625,1,1
551725,1,1
551825,1,1
551925,1,1
552025,1,1
552125,1,1
552225,1,1
552325,1,1
552425,1,1
552525,1,1
552625,1,1
552725,1,1
552825,1,1
552925,1,1
553025,1,1
553120,1,1
553220,1,1
553320,1,1
553823,1,1
553925,1,1
554025,1,1
554125,1,1
554225,1,1
554325,1,1
554425,1,1
554525,1,1
554625,1,1
554725,1,1
554825,1,1
554925,1,1
555025,1,1
555125,1,1
555225,1,1
555325,1,1
555425,1,1
555525,1,1
555625,1,1
555725,1,1
555825,1,1
555925,1,1
556025,1,1
556125,1,1
556225,1,1
556325,1,1
556425,1,1
556525,1,1
556626,1,1
556726,1,1
556826,1,1
556926,1,1
557026,1,1
557122,1,1
557222,1,1
557322,1,1
557829,1,1
557929,1,1
558030,1,1
558130,1,1
558230,1,1
558330,1,1
558430,1,1
558530,1,1
558630,1,1
558730,1,1
558830,1,1
558930,1,1
559030,1,1
559130,1,1
559230,1,1
559330,1,1
559430,1,1
559530,1,1
559630,1,1
559730,1,1
559830,1,1
559930,1,1
560030,1,1
560130,1,1
560230,1,1
560330,1,1
560430,1,1
560530,1,1
560630,1,1
560730,1,1
560830,1,1
560931,1,1
561031,1,1
561127,1,1
561227,1,1
561327,1,1
561830,1,1
561930,1,1
562030,1,1
562130,1,1
562230,1,1
562330,1,1
562430,1,1
562530,1,1
562630,1,1
562730,1,1
562830,1,1
562930,1,1
563030,1,1
563130,1,1
563231,1,1
563331,1,1
563431,1,1
563531,1,1
563631,1,1
563731,1,1
563831,1,1
563931,1,1
564031,1,1
564131,1,1
564231,1,1
564331,1,1
564431,1,1
564531,1,1
564631,1,1
564731,1,1
564831,1,1
564931,1,1
565031,1,1
565125,1,1
565225,1,1
565325,1,1
565838,1,1
565938,1,1
566038,1,1
566138,1,1
566238,1,1
566338,1,1
566438,1,1
566538,1,1
566638,1,1
566738,1,1
566838,1,1
566938,1,1
567038,1,1
567138,1,1
567238,1,1
567338,1,1
567438,1,1
567538,1,1
567638,1,1
567738,1,1
567838,1,1
567938,1,1
568038,1,1
568138,1,1
568238,1,1
568338,1,1
568438,1,1
568538,1,1
568638,1,1
568738,1,1
568838,1,1
568938,1,1
569038,1,1
569134,1,1
569234,1,1
569334,1,1
569851,1,1
569951,1,1
570051,1,1
570151,1,1
570251,1,1
570351,1,1
570451,1,1
570551,1,1
570651,1,1
570751,1,1
570851,1,1
570951,1,1
571051,1,1
571151,1,1
571251,1,1
571351,1,1
571451,1,1
571551,1,1
571651,1,1
571751,1,1
571851,1,1
571951,1,1
572051,1,1
572151,1,1
572251,1,1
572352,1,1
572452,1,1
572552,1,1
572652,1,1
572752,1,1
572852,1,1
572952,1,1
573052,1,1
573148,1,1
573248,1,1
573348,1,1
573448,1,1
573937,1,1
574037,1,1
574137,1,1
574237,1,1
574337,1,1
574438,1,1
574538,1,1
574638,1,1
574738,1,1
574838,1,1
574938,1,1
575038,1,1
575138,1,1
575238,1,1
575338,1,1
575438,1,1
575538,1,1
575638,1,1
575738,1,1
575838,1,1
575938,1,1
576038,1,1
576138,1,1
576238,1,1
576338,1,1
576438,1,1
576538,1,1
576638,1,1
576738,1,1
576838,1,1
576938,1,1
577038,1,1
577138,1,1
577238,1,1
577338,1,1
577438,1,1
577538,1,1
577638,1,1
577738,1,1
577838,1,1
577938,1,1
578038,1,1
578138,1,1
578238,1,1
578338,1,1
578438,1,1
578538,1,1
578638,1,1
578738,1,1
578838,1,1
578938,1,1
579038,1,1
579138,1,1
579238,1,1
579338,1,1
579438,1,1
579538,1,1
579638,1,1
579738,1,1
579838,1,1
579938,1,1
580038,1,1
580138,1,1
580238,1,1
580338,1,1
580438,1,1
580538,1,1
580638,1,1
580738,1,1
580838,1,1
580938,1,1
581038,1,1
581138,1,1
581238,1,1
581338,1,1
581770,1,1
582398,0,0
582607,0,0
582816,0,0
583024,0,0
583233,0,0
583441,0,0
583648,0,0
583856,0,0
584066,0,0
584286,0,0
584494,0,0
584704,0,0
584912,0,0
585120,0,0
585329,0,0
585537,0,0
585758,0,0
585967,0,0
586176,0,0
586383,0,0
586593,0,0
586800,0,0
587008,0,0
587216,0,0
587424,0,0
587634,0,0
587842,0,0
588052,0,0
588260,0,0
588482,0,0
588690,0,0
588897,0,0
589105,0,0
589314,0,0
589522,0,0
589731,0,0
589953,0,0
590162,0,0
590370,0,0
590578,0,0
590786,0,0
591086,0,0
591295,0,0
591503,0,0
591712,0,0
591922,0,0
592130,0,0
592339,0,0
592559,0,0
592768,0,0
592975,0,0
593184,0,0
593393,0,0
593601,0,0
593810,0,0
594032,0,0
594240,0,0
594447,0,0
594656,0,0
594866,0,0
595075,0,0
595284,0,0
595493,0,0
595703,0,0
595911,0,0
596119,0,0
596329,0,0
596536,0,0
596757,0,0
596964,0,0
597173,0,0
597383,0,0
597592,0,0
597802,0,0
598010,0,0
598231,0,0
598439,0,0
598648,0,0
598857,0,0
599066,0,0
599275,0,0
599484,0,0
599692,0,0
599900,0,0
600127,0,0
600334,0,0
600543,0,0
600753,0,0
600973,0,0
601182,0,0
601392,0,0
601600,0,0
601807,0,0
602017,0,0
602224,0,0
602444,0,0
602654,0,0
602863,0,0
603071,0,0
603279,0,0
603488,0,0
603696,0,0
603904,0,0
604111,0,0
604320,0,0
604528,0,0
604737,0,0
604946,0,0
605166,0,0
605375,0,0
605582,0,0
605792,0,0
606000,0,0
606209,0,0
606420,0,0
606642,0,0
606851,0,0
607061,0,0
607269,0,0
607478,0,0
607686,0,0
607894,0,0
608103,0,0
608310,0,0
608519,0,0
608728,0,0
608937,0,0
609237,0,0
609455,0,0
609665,0,0
609872,0,0
610080,0,0
610289,0,0
610499,0,0
610708,0,0
610931,0,0
611138,0,0
611346,0,0
611553,0,0
611760,0,0
611968,0,0
612177,0,0
612386,0,0
612594,0,0
612803,0,0
613011,0,0
613220,0,0
613428,0,0
613647,0,0
613856,0,0
614064,0,0
614275,0,0
614484,0,0
614693,0,0
614902,0,0
615122,0,0
615332,0,0
615539,0,0
615747,0,0
615956,0,0
616163,0,0
616372,0,0
616581,0,0
616791,0,0
616997,0,0
617206,0,0
617413,0,0
617622,0,0
617842,0,0
618144,0,0
618353,0,0
618562,0,0
618771,0,0
618978,0,0
619200,0,0
619406,0,0
619615,0,0
619824,0,0
620032,0,0
620242,0,0
620451,0,0
620658,0,0
620866,0,0
621074,0,0
621280,0,0
621488,0,0
621697,0,0
621905,0,0
622125,0,0
622334,0,0
622544,0,0
622752,0,0
622959,0,0
623167,0,0
623388,0,0
623596,0,0
623805,0,0
624013,0,0
624223,0,0
624432,0,0
624640,0,0
624849,0,0
625056,0,0
625266,0,0
625475,0,0
625684,0,0
625894,0,0
626102,0,0
626324,0,0
626531,0,0
626739,0,0
626946,0,0
627246,0,0
627453,0,0
627676,0,0
627885,0,0
628094,0,0
628303,0,0
628511,0,0
628719,0,0
628927,0,0
629135,0,0
629342,0,0
629550,0,0
629759,0,0
629968,0,0
630177,0,0
630396,0,0
630603,0,0
630812,0,0
631020,0,0
631229,0,0
631438,0,0
631646,0,0
631866,0,0
632075,0,0
632283,0,0
632491,0,0
632699,0,0
632908,0,0
633115,0,0
633324,0,0
633532,0,0
633741,0,0
633949,0,0
634157,0,0
634365,0,0
634584,0,0
634793,0,0
635001,0,0
635212,0,0
635420,0,0
635629,0,0
635839,0,0
636059,0,0
636358,0,0
636566,0,0
636775,0,0
636982,0,0
637190,0,0
637399,0,0
637609,0,0
637818,0,0
638026,0,0
638234,0,0
638444,0,0
638650,0,0
638869,0,0
639076,0,0
639286,0,0
639495,0,0
639704,0,0
639912,0,0
640119,0,0
640340,0,0
640549,0,0
640758,0,0
640966,0,0
641176,0,0
641385,0,0
641594,0,0
641801,0,0
642010,0,0
642220,0,0
642427,0,0
642637,0,0
642845,0,0
643066,0,0
643275,0,0
643485,0,0
643693,0,0
643901,0,0
644109,0,0
644316,0,0
644538,0,0
644747,0,0
644956,0,0
645181,0,0
645389,0,0
645596,0,0
645804,0,0
646013,0,0
646221,0,0
646429,0,0
646637,0,0
646840,0,0
647049,0,0
647270,0,0
647477,0,0
647685,0,0
647892,0,0
648101,0,0
648310,0,0
648530,0,0
648738,0,0
648946,0,0
649155,0,0
649363,0,0
649570,0,0
649779,0,0
649988,0,0
650197,0,0
650405,0,0
650613,0,0
650821,0,0
651030,0,0
651238,0,0
651457,0,0
651665,0,0
651872,0,0
652080,0,0
652289,0,0
652497,0,0
652718,0,0
652926,0,0
653135,0,0
653343,0,0
653550,0,0
653758,0,0
653966,0,0
654266,0,0
654474,0,0
654682,0,0
654890,0,0
655099,0,0
655307,0,0
655515,0,0
655735,0,0
655944,0,0
656153,0,0
656361,0,0
656568,0,0
656777,0,0
656999,0,0
657205,0,0
657414,0,0
657621,0,0
657830,0,0
658038,0,0
658247,0,0
658456,0,0
658664,0,0
658871,0,0
659077,0,0
659286,0,0
659494,0,0
659702,0,0
659923,0,0
660131,0,0
660340,0,0
660548,0,0
660756,0,0
660962,0,0
661184,0,0
661391,0,0
661601,0,0
661810,0,0
662018,0,0
662227,0,0
662435,0,0
662643,0,0
662850,0,0
663058,0,0
663282,0,0
663491,0,0
663700,0,0
663921,0,0
664130,0,0
664340,0,0
664547,0,0
664755,0,0
664960,0,0
665169,0,0
665391,0,0
665600,0,0
665809,0,0
666017,0,0
666226,0,0
666433,0,0
666641,0,0
666849,0,0
667057,0,0
667265,0,0
667475,0,0
667683,0,0
667893,0,0
668112,0,0
668321,0,0
668529,0,0
668737,0,0
668947,0,0
669154,0,0
669363,0,0
669583,0,0
669793,0,0
670002,0,0
670211,0,0
670418,0,0
670627,0,0
670836,0,0
671046,0,0
671256,0,0
671465,0,0
671673,0,0
671882,0,0
672183,0,0
672403,0,0
672610,0,0
672820,0,0
673028,0,0
673237,0,0
673446,0,0
673666,0,0
673875,0,0
674082,0,0
674290,0,0
674499,0,0
674706,0,0
674916,0,0
675125,0,0
675332,0,0
675541,0,0
675750,0,0
675958,0,0
676166,0,0
676374,0,0
676595,0,0
676804,0,0
677012,0,0
677222,0,0
677429,0,0
677638,0,0
677859,0,0
678066,0,0
678275,0,0
678484,0,0
678693,0,0
678902,0,0
679111,0,0
679320,0,0
679528,0,0
679737,0,0
679943,0,0
680152,0,0
680362,0,0
680571,0,0
680791,0,0
681000,0,0
681301,0,0
681510,0,0
681719,0,0
681925,0,0
682147,0,0
682356,0,0
682566,0,0
682773,0,0
682983,0,0
683190,0,0
683400,0,0
683608,0,0
683815,0,0
684024,0,0
684232,0,0
684442,0,0
684650,0,0
684860,0,0
685080,0,0
685290,0,0
685497,0,0
685704,0,0
685914,0,0
686122,0,0
686343,0,0
686552,0,0
686761,0,0
686970,0,0
687180,0,0
687388,0,0
687595,0,0
687804,0,0
688013,0,0
688222,0,0
688430,0,0
688640,0,0
688849,0,0
689058,0,0
689277,0,0
689485,0,0
689695,0,0
689904,0,0
690114,0,0
690414,0,0
690636,0,0
690846,0,0
691055,0,0
691263,0,0
691470,0,0
691679,0,0
691889,0,0
692099,0,0
692308,0,0
692518,0,0
692726,0,0
692935,0,0
693143,0,0
693352,0,0
693572,0,0
693781,0,0
693988,0,0
694198,0,0
694408,0,0
694617,0,0
694837,0,0
695045,0,0
695254,0,0
695462,0,0
695670,0,0
695879,0,0
696088,0,0
696297,0,0
696504,0,0
696712,0,0
696921,0,0
697130,0,0
697338,0,0
697548,0,0
697767,0,0
697977,0,0
698187,0,0
698395,0,0
698604,0,0
698813,0,0
699033,0,0
699247,0,0
699457,0,0
699665,0,0
699874,0,0
700083,0,0
700292,0,0
700499,0,0
700708,0,0
700917,0,0
701125,0,0
701335,0,0
701544,0,0
701764,0,0
701974,0,0
702183,0,0
702391,0,0
702600,0,0
702808,0,0
703018,0,0
703239,0,0
703448,0,0
703658,0,0
703868,0,0
704076,0,0
704284,0,0
704494,0,0
704702,0,0
704910,0,0
705118,0,0
705327,0,0
705536,0,0
705746,0,0
705965,0,0
706174,0,0
706383,0,0
706591,0,0
706800,0,0
707008,0,0
707217,0,0
707439,0,0
707648,0,0
707857,0,0
708064,0,0
708277,0,0
708486,0,0
708694,0,0
708903,0,0
709113,0,0
709322,0,0
709531,0,0
709739,0,0
709946,0,0
710167,0,0
710375,0,0
710583,0,0
710791,0,0
711001,0,0
711210,0,0
711418,0,0
711639,0,0
711846,0,0
712055,0,0
712264,0,0
712472,0,0
712682,0,0
712892,0,0
713099,0,0
713309,0,0
713517,0,0
713725,0,0
713934,0,0
714142,0,0
714362,0,0
714571,0,0
714780,0,0
714989,0,0
715198,0,0
715407,0,0
715615,0,0
715838,0,0
716046,0,0
716255,0,0
716464,0,0
716675,0,0
716883,0,0
717093,0,0
717395,0,0
717602,0,0
717810,0,0
718019,0,0
718227,0,0
718436,0,0
718658,0,0
718867,0,0
719075,0,0
719284,0,0
719491,0,0
719700,0,0
719909,0,0
720130,0,0
720340,0,0
720549,0,0
720758,0,0
720968,0,0
721177,0,0
721385,0,0
721592,0,0
721801,0,0
722009,0,0
722217,0,0
722427,0,0
722637,0,0
722857,0,0
723066,0,0
723272,0,0
723480,0,0
723689,0,0
723897,0,0
724106,0,0
724329,0,0
724537,0,0
724746,0,0
724956,0,0
725163,0,0
725372,0,0
725580,0,0
725789,0,0
725998,0,0
726223,0,0
726431,0,0
726640,0,0
726849,0,0
727067,0,0
727275,0,0
727481,0,0
727691,0,0
727897,0,0
728106,0,0
728327,0,0
728537,0,0
728746,0,0
728955,0,0
729163,0,0
729371,0,0
729581,0,0
729790,0,0
729998,0,0
730207,0,0
730416,0,0
730625,0,0
730833,0,0
731042,0,0
731261,0,0
731470,0,0
731680,0,0
731889,0,0
732099,0,0
732307,0,0
732529,0,0
732735,0,0
732943,0,0
733151,0,0
733360,0,0
733571,0,0
733780,0,0
733989,0,0
734198,0,0
734406,0,0
734614,0,0
734823,0,0
735030,0,0
735343,0,0
735553,0,0
735763,0,0
735971,0,0
736180,0,0
736387,0,0
736596,0,0
736814,0,0
737022,0,0
737231,0,0
737439,0,0
737649,0,0
737858,0,0
738068,0,0
738274,0,0
738482,0,0
738689,0,0
738898,0,0
739107,0,0
739316,0,0
739536,0,0
739744,0,0
