p:4000,20000,6000,600,8000,4000,2000,8000,70
15058,0,0
15158,0,0
15258,0,0
15358,0,0
15458,0,0
15558,0,0
15658,0,0
15758,0,0
15858,0,0
15958,0,0
16058,0,0
16158,0,0
16258,0,0
16358,0,0
16458,0,0
16558,0,0
16658,0,0
16758,0,0
16858,0,0
16958,0,0
17058,0,0
17158,0,0
17258,0,0
17358,0,0
17458,0,0
17558,0,0
17658,0,0
17758,0,0
17858,0,0
17958,0,0
18058,0,0
18158,0,0
18258,0,0
18358,0,0
18458,0,0
18558,0,0
18658,0,0
18758,0,0
18858,0,0
18958,0,0
19056,0,0
19156,0,0
19256,0,0
19356,0,0
19456,0,0
19556,0,0
19656,0,0
19756,0,0
19856,0,0
19956,0,0
20056,0,0
20156,0,0
20256,0,0
20356,0,0
20456,0,0
20556,0,0
20656,0,0
20756,0,0
20856,0,0
20956,0,0
21056,0,0
21156,0,0
21256,0,0
21356,0,0
21456,0,0
21556,0,0
21656,0,0
21756,0,0
21856,0,0
21956,0,0
22056,0,0
22156,0,0
22256,0,0
22356,0,0
22456,0,0
22556,0,0
22656,0,0
22756,0,0
22856,0,0
22956,0,0
23053,0,0
23153,0,0
23253,0,0
23353,0,0
23453,0,0
23553,0,0
23653,0,0
23753,0,0
23853,0,0
23953,0,0
24053,0,0
24153,0,0
24253,0,0
24353,0,0
24453,0,0
24553,0,0
24653,0,0
24753,0,0
24853,0,0
24953,0,0
25053,0,0
25153,0,0
25253,0,0
25353,0,0
25453,0,0
25553,0,0
25653,0,0
25753,0,0
25853,0,0
25953,0,0
26053,0,0
26153,0,0
26253,0,0
26353,0,0
26453,0,0
26553,0,0
26653,0,0
26753,0,0
26853,0,0
26953,0,0
27054,0,0
27154,0,0
27254,0,0
27354,0,0
27454,0,0
27554,0,0
27654,0,0
27754,0,0
27854,0,0
27954,0,0
28054,0,0
28154,0,0
28254,0,0
28354,0,0
28454,0,0
28554,0,0
28654,0,0
28754,0,0
28854,0,0
28954,0,0
29054,0,0
29154,0,0
29254,0,0
29354,0,0
29454,0,0
29554,0,0
29654,0,0
29754,0,0
29854,0,0
29954,0,0
30082,0,0
30182,0,0
30282,0,0
30382,0,0
30482,0,0
30582,0,0
30682,0,0
30782,0,0
30882,0,0
30982,0,0
31080,0,0
31180,0,0
31280,0,0
31380,0,0
31480,0,0
31580,0,0
31680,0,0
31780,0,0
31880,0,0
31980,0,0
32080,0,0
32180,0,0
32280,0,0
32380,0,0
32480,0,0
32580,0,0
32680,0,0
32780,0,0
32880,0,0
32980,0,0
33080,0,0
33180,0,0
33280,0,0
33380,0,0
33480,0,0
33580,0,0
33680,0,0
33780,0,0
33880,0,0
33980,0,0
34080,0,0
34180,0,0
34280,0,0
34380,0,0
34480,0,0
34580,0,0
34680,0,0
34780,0,0
34880,0,0
34980,0,0
35078,0,0
35178,0,0
35278,0,0
35378,0,0
35478,0,0
35578,0,0
35678,0,0
35778,0,0
35878,0,0
35978,0,0
36078,0,0
36178,0,0
36278,0,0
36378,0,0
36478,0,0
36578,0,0
36678,0,0
36778,0,0
36878,0,0
36978,0,0
37078,0,0
37178,0,0
37278,0,0
37378,0,0
37478,0,0
37578,0,0
37678,0,0
37778,0,0
37878,0,0
37978,0,0
38078,0,0
38178,0,0
38278,0,0
38378,0,0
38478,0,0
38578,0,0
38678,0,0
38778,0,0
38878,0,0
38978,0,0
39076,0,0
39176,0,0
39276,0,0
39376,0,0
39476,0,0
39576,0,0
39676,0,0
39776,0,0
39876,0,0
39976,0,0
40076,0,0
40176,0,0
40276,0,0
40376,0,0
40476,0,0
40576,0,0
40676,0,0
40776,0,0
40876,0,0
40976,0,0
41076,0,0
41176,0,0
41276,0,0
41376,0,0
41476,0,0
41576,0,0
41676,0,0
41776,0,0
41876,0,0
41976,0,0
42076,0,0
42176,0,0
42276,0,0
42376,0,0
42476,0,0
42576,0,0
42676,0,0
42776,0,0
42876,0,0
42976,0,0
43075,0,0
43175,0,0
43275,0,0
43375,0,0
43475,0,0
43575,0,0
43675,0,0
43775,0,0
43875,0,0
43975,0,0
44075,0,0
44175,0,0
44275,0,0
44375,0,0
44475,0,0
44575,0,0
44675,0,0
44775,0,0
44875,0,0
44975,0,0
45075,0,0
45175,0,0
45275,0,0
45375,0,0
45475,0,0
45575,0,0
45675,0,0
45775,0,0
45875,0,0
45975,0,0
46075,0,0
46175,0,0
46275,0,0
46375,0,0
46475,0,0
46575,0,0
46675,0,0
46775,0,0
46875,0,0
46975,0,0
47074,0,0
47174,0,0
47274,0,0
47374,0,0
47474,0,0
47574,0,0
47674,0,0
47774,0,0
47874,0,0
47974,0,0
48074,0,0
48174,0,0
48274,0,0
48374,0,0
48474,0,0
48574,0,0
48674,0,0
48774,0,0
48874,0,0
48974,0,0
49074,0,0
49174,0,0
49274,0,0
49374,0,0
49474,0,0
49574,0,0
49674,0,0
49774,0,0
49874,0,0
49974,0,0
50074,0,0
50174,0,0
50274,0,0
50374,0,0
50474,0,0
50574,0,0
50674,0,0
50774,0,0
50874,0,0
50974,0,0
51071,0,0
51171,0,0
51271,0,0
51371,0,0
51471,0,0
51571,0,0
51671,0,0
51771,0,0
51871,0,0
51971,0,0
52071,0,0
52171,0,0
52271,0,0
52371,0,0
52471,0,0
52571,0,0
52671,0,0
52771,0,0
52871,0,0
52971,0,0
53071,0,0
53171,0,0
53271,0,0
53371,0,0
53471,0,0
53571,0,0
53671,0,0
53771,0,0
53871,0,0
53971,0,0
54071,0,0
54171,0,0
54271,0,0
54371,0,0
54471,0,0
54571,0,0
54671,0,0
54771,0,0
54871,0,0
54971,0,0
55071,0,0
55171,0,0
55271,0,0
55371,0,0
55471,0,0
55571,0,0
55671,0,0
55771,0,0
55871,0,0
55971,0,0
56071,0,0
56171,0,0
56271,0,0
56371,0,0
56471,0,0
56571,0,0
56671,0,0
56771,0,0
56871,0,0
56971,0,0
57071,0,0
57171,0,0
57271,0,0
57371,0,0
57471,0,0
57571,0,0
57671,0,0
57771,0,0
57871,0,0
57971,0,0
58071,0,0
58171,0,0
58271,0,0
58371,0,0
58471,0,0
58571,0,0
58671,0,0
58771,0,0
58871,0,0
58971,0,0
59071,0,0
59171,0,0
59271,0,0
59371,0,0
59471,0,0
59571,0,0
59671,0,0
59771,0,0
59871,0,0
59971,0,0
60071,0,0
60171,0,0
60271,0,0
60371,0,0
60471,0,0
60571,0,0
60671,0,0
60771,0,0
60871,0,0
60971,0,0
61071,0,0
61171,0,0
61271,0,0
61371,0,0
61471,0,0
61571,0,0
61671,0,0
61771,0,0
61871,0,0
61971,0,0
62071,0,0
62171,0,0
62271,0,0
62371,0,0
62471,0,0
62571,0,0
62671,0,0
62771,0,0
62871,0,0
62971,0,0
63071,0,0
63171,0,0
63271,0,0
63371,0,0
63471,0,0
63571,0,0
63671,0,0
63771,0,0
63871,0,0
63971,0,0
64071,0,0
64171,0,0
64271,0,0
64371,0,0
64471,0,0
64571,0,0
64671,0,0
64771,0,0
64871,0,0
64971,0,0
65071,0,0
65171,0,0
65271,0,0
65371,0,0
65471,0,0
65571,0,0
65671,0,0
65771,0,0
65871,0,0
65971,0,0
66071,0,0
66171,0,0
66271,0,0
66371,0,0
66471,0,0
66571,0,0
66671,0,0
66771,0,0
66871,0,0
66971,0,0
67071,0,0
67171,0,0
67271,0,0
67371,0,0
67471,0,0
67571,0,0
67671,0,0
67771,0,0
67871,0,0
67971,0,0
68071,0,0
68171,0,0
68271,0,0
68371,0,0
68471,0,0
68571,0,0
68671,0,0
68771,0,0
68871,0,0
68971,0,0
69071,0,0
69171,0,0
69271,0,0
69371,0,0
69471,0,0
69571,0,0
69671,0,0
69771,0,0
69871,0,0
69971,0,0
70071,0,0
70171,0,0
70271,0,0
70371,0,0
70471,0,0
70571,0,0
70671,0,0
70771,0,0
70871,0,0
70971,0,0
71071,0,0
71171,0,0
71271,0,0
71371,0,0
71471,0,0
71571,0,0
71671,0,0
71771,0,0
71871,0,0
71971,0,0
72071,0,0
72171,0,0
72271,0,0
72371,0,0
72471,0,0
72571,0,0
72671,0,0
72771,0,0
72871,0,0
72971,0,0
73071,0,0
73171,0,0
73271,0,0
73371,0,0
73471,0,0
73563,0,0
73663,0,0
73763,0,0
73863,0,0
73963,0,0
74063,0,0
74328,0,0
74428,0,1
74528,0,1
74628,0,1
74728,1,2
74828,1,2
74928,1,2
75028,1,2
75128,1,2
75228,1,2
75328,1,2
75428,1,2
75528,1,2
75628,1,2
75729,1,2
75829,1,2
75929,1,2
76029,1,2
76129,1,2
76229,1,2
76329,1,2
76429,1,2
76529,1,2
76629,1,2
76747,0,0
76847,0,0
76947,0,0
77047,0,0
77147,0,0
77247,0,0
77347,0,0
77447,0,0
77545,0,0
77645,0,0
77745,0,0
77845,0,0
77945,0,0
78045,0,0
78145,0,0
78245,0,0
78345,0,0
78445,0,0
78545,0,0
78645,0,0
78745,0,0
79360,0,0
79460,0,1
79560,0,1
79660,0,1
79760,0,1
79860,0,1
79960,0,1
80060,0,1
80160,0,1
80260,0,1
80360,0,1
80460,0,1
80560,0,1
80660,0,1
80761,0,1
80861,0,1
80961,0,1
81061,0,1
81161,0,1
81261,0,1
81361,0,1
81461,0,1
81560,0,1
81660,0,1
81760,0,1
81860,0,1
81960,0,1
82060,0,1
82160,0,1
82260,0,1
82360,0,1
82460,0,1
82560,0,1
82660,0,1
82760,0,1
82860,0,1
82960,0,1
83060,0,1
83160,0,1
83260,0,1
83392,0,0
83492,0,0
83592,0,0
83692,0,0
83792,0,0
83892,0,0
83992,0,0
84092,0,0
84192,0,0
84292,0,0
84392,0,0
84492,0,0
84592,0,0
84692,0,0
84792,0,0
84892,0,0
84992,0,0
85092,0,0
85192,0,0
85292,0,0
85392,0,0
85492,0,0
85589,0,0
85689,0,0
85789,0,0
85889,0,0
85989,0,0
86089,0,0
86189,0,0
86289,0,0
86389,0,0
86489,0,0
86589,0,0
86689,0,0
86789,0,0
86889,0,0
87343,0,0
87443,0,1
87543,0,1
87643,0,1
87743,0,1
87843,0,1
87943,0,1
88043,0,1
88143,0,1
88243,0,1
88343,0,1
88443,0,1
88543,0,1
88643,0,1
88743,0,1
88843,0,1
88943,0,1
89043,0,1
89143,0,1
89243,0,1
89343,0,1
89443,0,1
89543,0,1
89643,0,1
89743,0,1
89843,0,1
89943,0,1
90043,0,1
90144,0,1
90244,0,1
90344,0,1
90444,0,1
90544,0,1
90644,0,1
90744,0,1
90844,0,1
90944,0,1
91044,0,1
91144,0,1
91244,0,1
91371,0,0
91471,0,0
91571,0,0
91671,0,0
91771,0,0
92068,0,0
92168,0,1
92268,0,1
92368,0,1
92468,0,1
92568,0,1
92668,0,1
92768,0,1
92868,0,1
92968,0,1
93068,0,1
93168,0,1
93268,0,1
93368,0,1
93468,0,1
93566,0,1
93666,0,1
93766,0,1
93866,0,1
93966,0,1
94067,0,1
94167,0,1
94267,0,1
94367,0,1
94467,0,1
94567,0,1
94667,0,1
94767,0,1
94867,0,1
94967,0,1
95067,0,1
95167,0,1
95267,0,1
95367,0,1
95467,0,1
95567,0,1
95667,0,1
95767,0,1
95867,0,1
95967,0,1
96095,0,0
96195,0,0
96295,0,0
96395,0,0
96495,0,0
96595,0,0
96695,0,0
96795,0,0
97302,0,0
97402,0,1
97502,0,1
97602,0,1
97720,0,1
97772,1,2
97872,1,2
97972,1,2
98073,1,2
98173,1,2
98273,1,2
98373,1,2
98473,1,2
98573,1,2
98673,1,2
98773,1,2
98873,1,2
98973,1,2
99073,1,2
99173,1,2
99273,1,2
99373,1,2
99473,1,2
99573,1,2
99701,0,0
99801,0,0
99901,0,0
100001,0,0
100101,0,0
100201,0,0
100301,0,0
100401,0,0
100501,0,0
100601,0,0
100701,0,0
100801,0,0
100901,0,0
101001,0,0
101102,0,0
101202,0,0
101302,0,0
101402,0,0
101502,0,0
101602,0,0
101747,0,0
102240,0,0
102340,0,1
102440,0,1
102540,0,1
102640,0,1
102740,0,1
102840,0,1
102940,0,1
103040,0,1
103140,0,1
103240,0,1
103340,0,1
103440,0,1
103540,0,1
103640,0,1
103740,0,1
103840,0,1
103940,0,1
104040,0,1
104140,0,1
104240,0,1
104340,0,1
104440,0,1
104540,0,1
104640,0,1
104740,0,1
104840,0,1
104940,0,1
105040,0,1
105140,0,1
105240,0,1
105340,0,1
105440,0,1
105540,0,1
105640,0,1
105738,0,1
105838,0,1
105938,0,1
106038,0,1
106138,0,1
106238,0,1
106338,0,0
106438,0,0
106538,0,0
106638,0,0
106738,0,0
106838,0,0
106938,0,0
107038,0,0
107138,0,0
107238,0,0
107338,0,0
107438,0,0
107538,0,0
107638,0,0
107738,0,0
107838,0,0
107938,0,0
108038,0,0
108138,0,0
108238,0,0
108338,0,0
108438,0,0
108538,0,0
108638,0,0
108738,0,0
108838,0,0
108938,0,0
109038,0,0
109138,0,0
109238,0,0
109338,0,0
109438,0,0
109538,0,0
109638,0,0
109736,0,0
109836,0,0
109936,0,0
110417,0,0
110517,0,1
110617,0,1
110717,0,1
110817,0,1
110917,0,1
111017,0,1
111117,0,1
111217,0,1
111317,0,1
111417,0,1
111517,0,1
111617,0,1
111717,0,1
111817,0,1
111917,0,1
112017,0,1
112117,0,1
112217,0,1
112317,0,1
112417,0,1
112517,0,1
112617,0,1
112717,0,1
112817,0,1
112917,0,1
113017,0,1
113117,0,1
113218,0,1
113318,0,1
113418,0,1
113518,0,1
113618,0,1
113718,0,1
113818,0,1
113918,0,1
114018,0,1
114118,0,1
114218,0,1
114318,0,1
114445,0,0
114545,0,0
114645,0,0
114745,0,0
114845,0,0
114945,0,0
115045,0,0
115145,0,0
115245,0,0
115345,0,0
115445,0,0
115545,0,0
115645,0,0
115745,0,0
115845,0,0
115945,0,0
116045,0,0
116145,0,0
116245,0,0
116345,0,0
116445,0,0
116546,0,0
116646,0,0
116746,0,0
116846,0,0
116946,0,0
117046,0,0
117146,0,0
117246,0,0
117346,0,0
117446,0,0
117546,0,0
117646,0,0
117746,0,0
117846,0,0
117946,0,0
118046,0,0
118146,0,0
118246,0,0
118346,0,0
118446,0,0
118546,0,0
118646,0,0
118746,0,0
118846,0,0
118946,0,0
119046,0,0
119146,0,0
119246,0,0
119346,0,0
119447,0,0
119547,0,0
119647,0,0
119747,0,0
119847,0,0
119947,0,0
120047,0,0
120147,0,0
120247,0,0
120347,0,0
120447,0,0
120547,0,0
120647,0,0
120747,0,0
120847,0,0
120947,0,0
121047,0,0
121147,0,0
121247,0,0
121347,0,0
121447,0,0
121547,0,0
121647,0,0
121747,0,0
121847,0,0
121947,0,0
122047,0,0
122147,0,0
122247,0,0
122348,0,0
122448,0,0
122548,0,0
122648,0,0
122748,0,0
122848,0,0
122948,0,0
123048,0,0
123148,0,0
123248,0,0
123348,0,0
123448,0,0
123548,0,0
123648,0,0
123748,0,0
123848,0,0
123948,0,0
124048,0,0
124148,0,0
124248,0,0
124348,0,0
124448,0,0
124548,0,0
124648,0,0
124748,0,0
124848,0,0
124948,0,0
125048,0,0
125148,0,0
125248,0,0
125348,0,0
125448,0,0
125548,0,0
125648,0,0
125748,0,0
125848,0,0
125948,0,0
126048,0,0
126148,0,0
126248,0,0
126348,0,0
126448,0,0
126548,0,0
126648,0,0
126748,0,0
126848,0,0
126948,0,0
127048,0,0
127148,0,0
127248,0,0
127348,0,0
127448,0,0
127548,0,0
127648,0,0
127748,0,0
127848,0,0
127948,0,0
128048,0,0
128148,0,0
128248,0,0
128348,0,0
128448,0,0
128548,0,0
128648,0,0
128748,0,0
128848,0,0
128948,0,0
129048,0,0
129148,0,0
129248,0,0
129348,0,0
129448,0,0
129548,0,0
129648,0,0
129748,0,0
129848,0,0
129935,0,0
130035,0,0
130135,0,0
130235,0,0
130335,0,0
130435,0,0
130535,0,0
130635,0,0
130735,0,0
130835,0,0
130935,0,0
131035,0,0
131135,0,0
131235,0,0
131335,0,0
131435,0,0
131535,0,0
131635,0,0
131735,0,0
131835,0,0
131935,0,0
132035,0,0
132135,0,0
132235,0,0
132335,0,0
132435,0,0
132535,0,0
132635,0,0
132735,0,0
132835,0,0
132935,0,0
133035,0,0
133135,0,0
133235,0,0
133335,0,0
133435,0,0
133535,0,0
133635,0,0
133735,0,0
133835,0,0
133936,0,0
134036,0,0
134136,0,0
134236,0,0
134336,0,0
134436,0,0
134536,0,0
134636,0,0
134736,0,0
134836,0,0
134936,0,0
135036,0,0
135136,0,0
135236,0,0
135336,0,0
135436,0,0
135536,0,0
135636,0,0
135736,0,0
135836,0,0
135936,0,0
136036,0,0
136136,0,0
136236,0,0
136336,0,0
136436,0,0
136536,0,0
136636,0,0
136736,0,0
136836,0,0
136936,0,0
137036,0,0
137136,0,0
137236,0,0
137336,0,0
137436,0,0
137536,0,0
137636,0,0
137736,0,0
137836,0,0
137936,0,0
138036,0,0
138136,0,0
138236,0,0
138336,0,0
138436,0,0
138536,0,0
138636,0,0
138736,0,0
138836,0,0
138936,0,0
139036,0,0
139136,0,0
139236,0,0
139336,0,0
139436,0,0
139536,0,0
139636,0,0
139736,0,0
139836,0,0
139936,0,0
140043,0,0
140143,0,0
140243,0,0
140343,0,0
140443,0,0
140543,0,0
140643,0,0
140743,0,0
140843,0,0
140943,0,0
141043,0,0
141143,0,0
141243,0,0
141343,0,0
141443,0,0
141543,0,0
141643,0,0
141743,0,0
141843,0,0
141936,0,0
142036,0,0
142136,0,0
142236,0,0
142336,0,0
142436,0,0
142536,0,0
142636,0,0
142736,0,0
142836,0,0
142937,0,0
143037,0,0
143137,0,0
143237,0,0
143337,0,0
143437,0,0
143537,0,0
143637,0,0
143737,0,0
143837,0,0
143937,0,0
144037,0,0
144137,0,0
144237,0,0
144337,0,0
144437,0,0
144537,0,0
144637,0,0
144737,0,0
144837,0,0
144937,0,0
145037,0,0
145137,0,0
145237,0,0
145337,0,0
145437,0,0
145537,0,0
145637,0,0
145737,0,0
145837,0,0
145942,0,0
146042,0,0
146142,0,0
146242,0,0
146342,0,0
146442,0,0
146542,0,0
146642,0,0
146742,0,0
146842,0,0
146942,0,0
147042,0,0
147142,0,0
147242,0,0
147342,0,0
147442,0,0
147542,0,0
147642,0,0
147742,0,0
147842,0,0
147942,0,0
148042,0,0
148142,0,0
148242,0,0
148342,0,0
148442,0,0
148542,0,0
148642,0,0
148742,0,0
148842,0,0
148942,0,0
149042,0,0
149142,0,0
149242,0,0
149342,0,0
149442,0,0
149542,0,0
149642,0,0
149742,0,0
149842,0,0
149940,0,0
150040,0,0
150140,0,0
150240,0,0
150340,0,0
150440,0,0
150540,0,0
150640,0,0
150740,0,0
150840,0,0
150940,0,0
151040,0,0
151140,0,0
151240,0,0
151340,0,0
151440,0,0
151540,0,0
151640,0,0
151740,0,0
151840,0,0
151940,0,0
152040,0,0
152140,0,0
152240,0,0
152340,0,0
152440,0,0
152540,0,0
152640,0,0
152740,0,0
152840,0,0
152940,0,0
153040,0,0
153140,0,0
153240,0,0
153340,0,0
153440,0,0
153540,0,0
153640,0,0
153740,0,0
153840,0,0
153938,0,0
154038,0,0
154138,0,0
154238,0,0
154338,0,0
154438,0,0
154538,0,0
154638,0,0
154738,0,0
154838,0,0
154938,0,0
155038,0,0
155138,0,0
155238,0,0
155338,0,0
155438,0,0
155538,0,0
155638,0,0
155738,0,0
155838,0,0
155938,0,0
156038,0,0
156138,0,0
156238,0,0
156338,0,0
156438,0,0
156538,0,0
156638,0,0
156738,0,0
156838,0,0
156938,0,0
157038,0,0
157138,0,0
157244,0,0
157344,0,0
157445,0,0
157545,0,0
157645,0,0
157745,0,0
157845,0,0
157945,0,0
158045,0,0
158145,0,0
158245,0,0
158345,0,0
158445,0,0
158545,0,0
158645,0,0
158745,0,0
158845,0,0
158945,0,0
159045,0,0
159145,0,0
159245,0,0
159345,0,0
159445,0,0
159545,0,0
159645,0,0
159745,0,0
159845,0,0
159945,0,0
160045,0,0
160145,0,0
160245,0,0
160346,0,0
160446,0,0
160546,0,0
160646,0,0
160746,0,0
160846,0,0
160946,0,0
161046,0,0
161146,0,0
161246,0,0
161346,0,0
161446,0,0
161546,0,0
161646,0,0
161746,0,0
161846,0,0
161946,0,0
162046,0,0
162146,0,0
162246,0,0
162346,0,0
162446,0,0
162546,0,0
162646,0,0
162746,0,0
162846,0,0
162946,0,0
163046,0,0
163146,0,0
163246,0,0
163346,0,0
163446,0,0
163546,0,0
163646,0,0
163746,0,0
163846,0,0
163946,0,0
164046,0,0
164146,0,0
164246,0,0
164346,0,0
164446,0,0
164546,0,0
164646,0,0
164746,0,0
164846,0,0
164946,0,0
165046,0,0
165146,0,0
165246,0,0
165346,0,0
165446,0,0
165546,0,0
165646,0,0
165746,0,0
165846,0,0
165946,0,0
166046,0,0
166142,0,0
166242,0,0
166342,0,0
166442,0,0
166542,0,0
166642,0,0
166742,0,0
166842,0,0
166942,0,0
167042,0,0
167142,0,0
167242,0,0
167342,0,0
167442,0,0
167542,0,0
167642,0,0
167742,0,0
167842,0,0
167942,0,0
168042,0,0
168142,0,0
168242,0,0
168342,0,0
168442,0,0
168542,0,0
168642,0,0
168742,0,0
168842,0,0
168942,0,0
169042,0,0
169142,0,0
169242,0,0
169342,0,0
169442,0,0
169542,0,0
169642,0,0
169742,0,0
169842,0,0
169942,0,0
170042,0,0
170142,0,0
170242,0,0
170342,0,0
170442,0,0
170542,0,0
170642,0,0
170742,0,0
170842,0,0
170942,0,0
171042,0,0
171142,0,0
171242,0,0
171342,0,0
171442,0,0
171542,0,0
171642,0,0
171742,0,0
171842,0,0
171942,0,0
172042,0,0
172142,0,0
172242,0,0
172342,0,0
172442,0,0
172542,0,0
172642,0,0
172742,0,0
172842,0,0
172942,0,0
173042,0,0
173142,0,0
173242,0,0
173342,0,0
173442,0,0
173542,0,0
173642,0,0
173742,0,0
173842,0,0
173942,0,0
174042,0,0
174142,0,0
174242,0,0
174342,0,0
174442,0,0
174542,0,0
174642,0,0
174742,0,0
174842,0,0
174942,0,0
175042,0,0
175142,0,0
175242,0,0
175342,0,0
175442,0,0
175542,0,0
175642,0,0
175742,0,0
175842,0,0
175942,0,0
176042,0,0
176142,0,0
176242,0,0
176342,0,0
176442,0,0
176542,0,0
176642,0,0
176742,0,0
176842,0,0
176942,0,0
177042,0,0
177142,0,0
177242,0,0
177342,0,0
177442,0,0
177542,0,0
177642,0,0
177742,0,0
177842,0,0
177942,0,0
178042,0,0
178142,0,0
178242,0,0
178342,0,0
178442,0,0
178542,0,0
178642,0,0
178742,0,0
178842,0,0
178942,0,0
179042,0,0
179142,0,0
179242,0,0
179342,0,0
179442,0,0
179542,0,0
179642,0,0
179742,0,0
179842,0,0
179942,0,0
180042,0,0
180142,0,0
180242,0,0
180342,0,0
180442,0,0
180542,0,0
180642,0,0
180742,0,0
180842,0,0
180942,0,0
181042,0,0
181142,0,0
181242,0,0
181342,0,0
181442,0,0
181542,0,0
181642,0,0
181742,0,0
181842,0,0
181942,0,0
182042,0,0
182142,0,0
182242,0,0
182342,0,0
182442,0,0
182542,0,0
182642,0,0
182742,0,0
182842,0,0
182942,0,0
183042,0,0
183142,0,0
183242,0,0
183342,0,0
183442,0,0
183542,0,0
183642,0,0
183742,0,0
183842,0,0
183942,0,0
184042,0,0
184142,0,0
184242,0,0
184342,0,0
184442,0,0
184542,0,0
184642,0,0
184742,0,0
184842,0,0
184942,0,0
185042,0,0
185142,0,0
185242,0,0
185342,0,0
185442,0,0
185542,0,0
185642,0,0
185742,0,0
185842,0,0
185942,0,0
186042,0,0
186142,0,0
186234,0,0
186334,0,0
186434,0,0
186773,0,0
186873,0,1
186973,0,1
187073,0,1
187173,0,1
187273,0,1
187373,1,2
187473,1,2
187573,1,2
187673,1,2
187773,1,2
187873,1,2
187973,1,2
188073,1,2
188173,1,2
188273,1,2
188373,1,2
188473,1,2
188573,1,2
188673,1,2
188773,1,2
188873,1,2
188973,1,2
189073,1,2
189173,1,2
189273,1,2
189380,0,0
189480,0,0
189580,0,0
189680,0,0
189780,0,0
189880,0,0
189980,0,0
190080,0,0
190180,0,0
190278,0,0
190378,0,0
190478,0,0
190578,0,0
190678,0,0
190778,0,0
190878,0,0
190978,0,0
191078,0,0
191178,0,0
191278,0,0
191378,0,0
191569,0,0
191669,0,1
191769,0,1
191869,0,1
191969,0,1
192069,0,1
192169,0,1
192269,0,1
192369,0,1
192469,0,1
192569,0,1
192669,0,1
192769,0,1
192869,0,1
192969,0,1
193069,0,1
193169,0,1
193269,0,1
193369,0,1
193469,0,1
193570,0,1
193670,0,1
193770,0,1
193870,0,1
193970,0,1
194070,0,1
194170,0,1
194269,0,1
194369,0,1
194469,0,1
194569,0,1
194669,0,1
194769,0,1
194869,0,1
194969,0,1
195069,0,1
195169,0,1
195269,0,1
195369,0,1
195469,0,1
195597,0,0
195697,0,0
195797,0,0
195897,0,0
195997,0,0
196097,0,0
196197,0,0
196297,0,0
196397,0,0
196497,0,0
196598,0,0
196698,0,0
196798,0,0
196898,0,0
196998,0,0
197098,0,0
197198,0,0
197298,0,0
197398,0,0
197498,0,0
197598,0,0
197698,0,0
197798,0,0
197898,0,0
197998,0,0
198098,0,0
198198,0,0
198296,0,0
198396,0,0
198496,0,0
198596,0,0
198696,0,0
198796,0,0
198896,0,0
198996,0,0
199096,0,0
199196,0,0
199296,0,0
199396,0,0
199497,0,0
199597,0,0
199697,0,0
199797,0,0
199897,0,0
199997,0,0
200097,0,0
200197,0,0
200297,0,0
200397,0,0
200497,0,0
200597,0,0
200697,0,0
200797,0,0
200897,0,0
200997,0,0
201097,0,0
201197,0,0
201297,0,0
201397,0,0
201497,0,0
201597,0,0
201697,0,0
201797,0,0
201897,0,0
201997,0,0
202097,0,0
202197,0,0
202294,0,0
202394,0,0
202494,0,0
202594,0,0
202694,0,0
202794,0,0
202894,0,0
202994,0,0
203094,0,0
203194,0,0
203294,0,0
203394,0,0
203494,0,0
203594,0,0
203694,0,0
203794,0,0
203894,0,0
203994,0,0
204094,0,0
204194,0,0
204294,0,0
204394,0,0
204494,0,0
204594,0,0
204694,0,0
204794,0,0
204894,0,0
204994,0,0
205094,0,0
205194,0,0
205294,0,0
205394,0,0
205494,0,0
205594,0,0
205694,0,0
205794,0,0
205894,0,0
205994,0,0
206094,0,0
206194,0,0
206293,0,0
206393,0,0
206493,0,0
206593,0,0
206693,0,0
206793,0,0
206893,0,0
206993,0,0
207093,0,0
207193,0,0
207293,0,0
207393,0,0
207493,0,0
207593,0,0
207693,0,0
207793,0,0
207893,0,0
207993,0,0
208093,0,0
208193,0,0
208293,0,0
208393,0,0
208493,0,0
208593,0,0
208693,0,0
208793,0,0
208893,0,0
208993,0,0
209093,0,0
209193,0,0
209293,0,0
209393,0,0
209493,0,0
209593,0,0
209693,0,0
209793,0,0
209893,0,0
209993,0,0
210093,0,0
210193,0,0
210292,0,0
210392,0,0
210492,0,0
210592,0,0
210692,0,0
210792,0,0
210892,0,0
210992,0,0
211092,0,0
211192,0,0
211292,0,0
211392,0,0
211492,0,0
211592,0,0
211692,0,0
211792,0,0
211892,0,0
211992,0,0
212092,0,0
212192,0,0
212292,0,0
212392,0,0
212492,0,0
212592,0,0
212692,0,0
212792,0,0
212892,0,0
212992,0,0
213092,0,0
213192,0,0
213292,0,0
213392,0,0
213492,0,0
213592,0,0
213692,0,0
213792,0,0
213892,0,0
213992,0,0
214092,0,0
214192,0,0
214290,0,0
214390,0,0
214490,0,0
214590,0,0
214690,0,0
214790,0,0
214890,0,0
214990,0,0
215090,0,0
215190,0,0
215290,0,0
215390,0,0
215490,0,0
215590,0,0
215690,0,0
215790,0,0
215890,0,0
215990,0,0
216090,0,0
216190,0,0
216290,0,0
216390,0,0
216490,0,0
216590,0,0
216690,0,0
216790,0,0
216890,0,0
216990,0,0
217090,0,0
217190,0,0
217290,0,0
217390,0,0
217490,0,0
217590,0,0
217690,0,0
217790,0,0
217890,0,0
217990,0,0
218090,0,0
218190,0,0
218289,0,0
218389,0,0
218489,0,0
218589,0,0
218689,0,0
218789,0,0
218889,0,0
218989,0,0
219089,0,0
219189,0,0
219289,0,0
219389,0,0
219489,0,0
219589,0,0
219689,0,0
219789,0,0
219889,0,0
219989,0,0
220089,0,0
220189,0,0
220289,0,0
220389,0,0
220489,0,0
220589,0,0
220689,0,0
220789,0,0
220889,0,0
220989,0,0
221089,0,0
221189,0,0
221289,0,0
221389,0,0
221489,0,0
221589,0,0
221689,0,0
221789,0,0
221889,0,0
221989,0,0
222089,0,0
222189,0,0
222286,0,0
222386,0,0
222486,0,0
222586,0,0
222686,0,0
222786,0,0
222886,0,0
222986,0,0
223086,0,0
223186,0,0
223286,0,0
223386,0,0
223486,0,0
223586,0,0
223686,0,0
223786,0,0
223886,0,0
223986,0,0
224086,0,0
224186,0,0
224286,0,0
224386,0,0
224486,0,0
224586,0,0
224686,0,0
224786,0,0
224886,0,0
224986,0,0
225086,0,0
225186,0,0
225286,0,0
225386,0,0
225486,0,0
225586,0,0
225686,0,0
225786,0,0
225886,0,0
225986,0,0
226086,0,0
226186,0,0
226286,0,0
226386,0,0
226486,0,0
226586,0,0
226686,0,0
226786,0,0
226886,0,0
226986,0,0
227086,0,0
227186,0,0
227286,0,0
227386,0,0
227486,0,0
227586,0,0
227686,0,0
227786,0,0
227886,0,0
227986,0,0
228086,0,0
228186,0,0
228286,0,0
228386,0,0
228486,0,0
228586,0,0
228686,0,0
228786,0,0
228886,0,0
228986,0,0
229086,0,0
229186,0,0
229286,0,0
229386,0,0
229486,0,0
229586,0,0
229686,0,0
229786,0,0
229886,0,0
229986,0,0
230086,0,0
230186,0,0
230286,0,0
230386,0,0
230486,0,0
230586,0,0
230686,0,0
230786,0,0
230886,0,0
230986,0,0
231086,0,0
231186,0,0
231286,0,0
231386,0,0
231486,0,0
231586,0,0
231686,0,0
231786,0,0
231886,0,0
231986,0,0
232086,0,0
232186,0,0
232286,0,0
232386,0,0
232486,0,0
232586,0,0
232686,0,0
232786,0,0
232886,0,0
232986,0,0
233086,0,0
233186,0,0
233286,0,0
233386,0,0
233486,0,0
233586,0,0
233686,0,0
233786,0,0
233886,0,0
233986,0,0
234086,0,0
234186,0,0
234286,0,0
234386,0,0
234486,0,0
234586,0,0
234686,0,0
234786,0,0
234886,0,0
234986,0,0
235086,0,0
235186,0,0
235286,0,0
235386,0,0
235486,0,0
235586,0,0
235686,0,0
235786,0,0
235886,0,0
235986,0,0
236086,0,0
236186,0,0
236286,0,0
236386,0,0
236486,0,0
236586,0,0
236686,0,0
236786,0,0
236886,0,0
236986,0,0
237086,0,0
237186,0,0
237286,0,0
237386,0,0
237486,0,0
237586,0,0
237686,0,0
237786,0,0
237886,0,0
237986,0,0
238086,0,0
238186,0,0
238286,0,0
238386,0,0
238486,0,0
238586,0,0
238686,0,0
238786,0,0
238886,0,0
238986,0,0
239086,0,0
239186,0,0
239286,0,0
239386,0,0
239486,0,0
239586,0,0
239686,0,0
239786,0,0
239886,0,0
239986,0,0
240086,0,0
240186,0,0
240286,0,0
240386,0,0
240486,0,0
240586,0,0
240686,0,0
240786,0,0
240886,0,0
240986,0,0
241086,0,0
241186,0,0
241286,0,0
241386,0,0
241486,0,0
241586,0,0
241686,0,0
241786,0,0
241886,0,0
241986,0,0
242086,0,0
242186,0,0
242286,0,0
242386,0,0
242486,0,0
242586,0,0
242686,0,0
242786,0,0
242886,0,0
242986,0,0
243078,0,0
243178,0,0
243278,0,0
243378,0,0
243478,0,0
243578,0,0
243925,0,0
244025,0,1
244125,0,1
244225,0,1
244325,0,1
244425,0,1
244525,0,1
244625,0,1
244725,0,1
244825,0,1
244925,0,1
245025,0,1
245125,0,1
245225,0,1
245325,0,1
245425,0,1
245525,0,1
245625,0,1
245725,0,1
245825,0,1
245925,0,1
246025,0,1
246125,0,1
246225,0,1
246326,0,1
246426,0,1
246526,0,1
246626,0,1
246726,0,1
246826,0,1
246926,0,1
247026,0,1
247113,0,1
247213,0,1
247313,0,1
247413,0,1
247513,0,1
247613,0,1
247713,0,1
247813,0,1
247941,0,0
248041,0,0
248141,0,0
248241,0,0
248341,0,0
248441,0,0
248541,0,0
248641,0,0
248741,0,0
248841,0,0
248941,0,0
249041,0,0
249141,0,0
249241,0,0
249341,0,0
249441,0,0
249541,0,0
249641,0,0
249741,0,0
249841,0,0
249941,0,0
250041,0,0
250141,0,0
250241,0,0
250341,0,0
250441,0,0
250541,0,0
250641,0,0
250741,0,0
250841,0,0
250941,0,0
251051,0,0
251151,0,0
251251,0,0
251351,0,0
251451,0,0
251551,0,0
251651,0,0
251751,0,0
251851,0,0
251951,0,0
252051,0,0
252151,0,0
252251,0,0
252351,0,0
252451,0,0
252551,0,0
252651,0,0
252751,0,0
252851,0,0
252951,0,0
253051,0,0
253151,0,0
253251,0,0
253351,0,0
253451,0,0
253551,0,0
253651,0,0
253751,0,0
253851,0,0
253951,0,0
254051,0,0
254151,0,0
254251,0,0
254351,0,0
254451,0,0
254551,0,0
254651,0,0
254751,0,0
254851,0,0
254951,0,0
255049,0,0
255149,0,0
255249,0,0
255349,0,0
255449,0,0
255549,0,0
255649,0,0
255749,0,0
255849,0,0
255949,0,0
256049,0,0
256149,0,0
256249,0,0
256349,0,0
256449,0,0
256549,0,0
256649,0,0
256749,0,0
256849,0,0
256949,0,0
257049,0,0
257149,0,0
257249,0,0
257349,0,0
257449,0,0
257549,0,0
257649,0,0
257749,0,0
257849,0,0
257949,0,0
258049,0,0
258149,0,0
258249,0,0
258349,0,0
258449,0,0
258549,0,0
258649,0,0
258749,0,0
258849,0,0
258949,0,0
259048,0,0
259148,0,0
259248,0,0
259348,0,0
259448,0,0
259548,0,0
259648,0,0
259748,0,0
259848,0,0
259948,0,0
260048,0,0
260148,0,0
260248,0,0
260348,0,0
260448,0,0
260548,0,0
260648,0,0
260748,0,0
260848,0,0
260948,0,0
261048,0,0
261148,0,0
261248,0,0
261348,0,0
261448,0,0
261548,0,0
261648,0,0
261748,0,0
261848,0,0
261948,0,0
262048,0,0
262148,0,0
262248,0,0
262348,0,0
262448,0,0
262548,0,0
262648,0,0
262748,0,0
262848,0,0
262948,0,0
263044,0,0
263144,0,0
263244,0,0
263344,0,0
263444,0,0
263544,0,0
263644,0,0
263744,0,0
263844,0,0
263944,0,0
264044,0,0
264144,0,0
264244,0,0
264344,0,0
264444,0,0
264544,0,0
264644,0,0
264744,0,0
264844,0,0
264944,0,0
265044,0,0
265144,0,0
265244,0,0
265344,0,0
265444,0,0
265544,0,0
265644,0,0
265744,0,0
265844,0,0
265944,0,0
266044,0,0
266144,0,0
266244,0,0
266344,0,0
266444,0,0
266544,0,0
266644,0,0
266744,0,0
266844,0,0
266944,0,0
267042,0,0
267142,0,0
267242,0,0
267342,0,0
267442,0,0
267542,0,0
267642,0,0
267742,0,0
267842,0,0
267942,0,0
268042,0,0
268142,0,0
268242,0,0
268342,0,0
268442,0,0
268542,0,0
268642,0,0
268742,0,0
268842,0,0
268942,0,0
269042,0,0
269142,0,0
269242,0,0
269342,0,0
269442,0,0
269542,0,0
269642,0,0
269742,0,0
269842,0,0
269942,0,0
270042,0,0
270142,0,0
270242,0,0
270342,0,0
270442,0,0
270542,0,0
270642,0,0
270742,0,0
270842,0,0
270942,0,0
271042,0,0
271142,0,0
271242,0,0
271342,0,0
271442,0,0
271542,0,0
271642,0,0
271742,0,0
271842,0,0
271942,0,0
272042,0,0
272142,0,0
272242,0,0
272342,0,0
272442,0,0
272542,0,0
272642,0,0
272742,0,0
272842,0,0
272942,0,0
273042,0,0
273142,0,0
273242,0,0
273342,0,0
273442,0,0
273542,0,0
273642,0,0
273742,0,0
273842,0,0
273942,0,0
274042,0,0
274142,0,0
274242,0,0
274342,0,0
274442,0,0
274542,0,0
274642,0,0
274742,0,0
274842,0,0
274942,0,0
275042,0,0
275133,0,0
275233,0,0
275333,0,0
275433,0,0
275533,0,0
275633,0,0
275733,0,0
275833,0,0
275933,0,0
276033,0,0
276133,0,0
276233,0,0
276333,0,0
276433,0,0
276533,0,0
276633,0,0
276733,0,0
276833,0,0
276933,0,0
277033,0,0
277133,0,0
277233,0,0
277333,0,0
277433,0,0
277533,0,0
277633,0,0
277733,0,0
277833,0,0
277933,0,0
278033,0,0
278133,0,0
278233,0,0
278333,0,0
278433,0,0
278533,0,0
278633,0,0
278733,0,0
278833,0,0
278933,0,0
279033,0,0
279119,0,0
279219,0,0
279319,0,0
279419,0,0
279519,0,0
279619,0,0
279719,0,0
279819,0,0
279919,0,0
280019,0,0
280119,0,0
280219,0,0
280319,0,0
280419,0,0
280519,0,0
280619,0,0
280719,0,0
280819,0,0
280919,0,0
281019,0,0
281119,0,0
281219,0,0
281319,0,0
281419,0,0
281519,0,0
281619,0,0
281719,0,0
281819,0,0
281919,0,0
282019,0,0
282119,0,0
282219,0,0
282319,0,0
282419,0,0
282519,0,0
282619,0,0
282719,0,0
282819,0,0
282919,0,0
283019,0,0
283119,0,0
283219,0,0
283319,0,0
283419,0,0
283519,0,0
283619,0,0
283719,0,0
283819,0,0
283919,0,0
284019,0,0
284119,0,0
284219,0,0
284319,0,0
284419,0,0
284519,0,0
284619,0,0
284719,0,0
284819,0,0
284919,0,0
285019,0,0
285119,0,0
285219,0,0
285319,0,0
285419,0,0
285519,0,0
285619,0,0
285719,0,0
285819,0,0
285919,0,0
286019,0,0
286119,0,0
286219,0,0
286319,0,0
286419,0,0
286519,0,0
286619,0,0
286719,0,0
286819,0,0
286919,0,0
287019,0,0
287119,0,0
287219,0,0
287319,0,0
287419,0,0
287519,0,0
287619,0,0
287719,0,0
287819,0,0
287919,0,0
288019,0,0
288119,0,0
288219,0,0
288319,0,0
288419,0,0
288519,0,0
288619,0,0
288719,0,0
288819,0,0
288919,0,0
289019,0,0
289119,0,0
289219,0,0
289319,0,0
289419,0,0
289519,0,0
289619,0,0
289719,0,0
289819,0,0
289919,0,0
290019,0,0
290119,0,0
290219,0,0
290319,0,0
290419,0,0
290519,0,0
290619,0,0
290719,0,0
290819,0,0
290919,0,0
291019,0,0
291119,0,0
291219,0,0
291319,0,0
291419,0,0
291519,0,0
291619,0,0
291719,0,0
291819,0,0
291919,0,0
292019,0,0
292119,0,0
292219,0,0
292319,0,0
292419,0,0
292519,0,0
292619,0,0
292719,0,0
292819,0,0
292919,0,0
293019,0,0
293119,0,0
293219,0,0
293319,0,0
293419,0,0
293519,0,0
293619,0,0
293719,0,0
293819,0,0
293919,0,0
294019,0,0
294119,0,0
294219,0,0
294319,0,0
294419,0,0
294519,0,0
294619,0,0
294719,0,0
294819,0,0
294919,0,0
295019,0,0
295119,0,0
295219,0,0
295319,0,0
295419,0,0
295519,0,0
295619,0,0
295719,0,0
295819,0,0
295919,0,0
296019,0,0
296119,0,0
296219,0,0
296319,0,0
296419,0,0
296519,0,0
296619,0,0
296719,0,0
296819,0,0
296919,0,0
297019,0,0
297119,0,0
297219,0,0
297319,0,0
297419,0,0
297519,0,0
297619,0,0
297719,0,0
297819,0,0
297919,0,0
298019,0,0
298119,0,0
298219,0,0
298319,0,0
298419,0,0
298519,0,0
298619,0,0
298719,0,0
298819,0,0
298919,0,0
299019,0,0
299119,0,0
299219,0,0
299319,0,0
299419,0,0
299519,0,0
299619,0,0
299719,0,0
299830,0,0
299930,0,0
300030,0,0
300130,0,0
300230,0,0
300455,0,0
300555,0,1
300655,0,1
300755,0,1
300868,0,1
300968,1,2
301068,1,2
301168,1,2
301268,1,2
301368,1,2
301468,1,2
301568,1,2
301668,1,2
301769,1,2
301869,1,2
301969,1,2
302069,1,2
302169,1,2
302269,1,2
302369,1,2
302469,1,2
302569,1,2
302669,1,2
302769,1,2
302897,0,0
302997,0,0
303097,0,0
303197,0,0
303297,0,0
303397,0,0
303497,0,0
303597,0,0
303697,0,0
303797,0,0
303897,0,0
303997,0,0
304097,0,0
304197,0,0
304297,0,0
304397,0,0
304497,0,0
304597,0,0
304697,0,0
304798,0,0
304898,0,0
305118,0,0
305218,0,1
305318,0,1
305418,0,1
305518,0,1
305618,0,1
305718,0,1
305818,0,1
305918,0,1
306018,0,1
306118,0,1
306218,0,1
306318,0,1
306418,0,1
306518,0,1
306618,0,1
306718,0,1
306818,0,1
306918,0,1
307018,0,1
307118,0,1
307218,0,1
307318,0,1
307418,0,1
307518,0,1
307618,0,1
307718,0,1
307816,0,1
307916,0,1
308016,0,1
308116,0,1
308216,0,1
308316,0,1
308416,0,1
308516,0,1
308616,0,1
308716,0,1
308816,0,1
308916,0,1
309016,0,1
309116,0,1
309216,0,0
309316,0,0
309416,0,0
309516,0,0
309996,0,0
310096,0,1
310196,0,1
310296,0,1
310396,0,1
310496,0,1
310596,0,1
310696,0,1
310796,0,1
310896,0,1
310996,0,1
311096,0,1
311196,0,1
311296,0,1
311396,0,1
311496,0,1
311596,0,1
311696,0,1
311794,0,1
311894,0,1
311994,0,1
312094,0,1
312194,0,1
312294,0,1
312394,0,1
312494,0,1
312594,0,1
312694,0,1
312794,0,1
312894,0,1
312994,0,1
313094,0,1
313194,0,1
313294,0,1
313394,0,1
313494,0,1
313594,0,1
313694,0,1
313794,0,1
313894,0,1
314023,0,0
314123,0,0
314224,0,0
314324,0,0
314424,0,0
314524,0,0
315061,0,0
315162,0,1
315262,0,1
315362,0,1
315462,0,1
315562,0,1
315662,0,1
315762,0,1
315860,0,1
315960,0,1
316060,0,1
316160,0,1
316260,0,1
316360,0,1
316460,0,1
316560,0,1
316660,0,1
316760,0,1
316860,0,1
316960,0,1
317060,0,1
317160,0,1
317260,0,1
317360,0,1
317460,0,1
317560,0,1
317660,0,1
317760,0,1
317860,0,1
317960,0,1
318060,0,1
318160,0,1
318260,0,1
318360,0,1
318460,0,1
318560,0,1
318660,0,1
318760,0,1
318860,0,1
318960,0,1
319088,0,0
319188,0,0
319288,0,0
319388,0,0
319488,0,0
319588,0,0
319688,0,0
319786,0,0
319886,0,0
319986,0,0
320086,0,0
320186,0,0
320286,0,0
320386,0,0
320486,0,0
320586,0,0
320686,0,0
320786,0,0
320886,0,0
320986,0,0
321086,0,0
321186,0,0
321286,0,0
321386,0,0
321486,0,0
321586,0,0
321686,0,0
321786,0,0
321886,0,0
321986,0,0
322086,0,0
322186,0,0
322286,0,0
322386,0,0
322486,0,0
322586,0,0
322686,0,0
323116,0,0
323216,0,1
323316,0,1
323416,0,1
323529,0,1
323629,1,2
323729,1,2
323827,1,2
323927,1,2
324027,1,2
324127,1,2
324227,1,2
324327,1,2
324427,1,2
324527,1,2
324628,1,2
324728,1,2
324828,1,2
324928,1,2
325028,1,2
325128,1,2
325228,1,2
325328,1,2
325428,1,2
325555,0,0
325655,0,0
325755,0,0
325855,0,0
325955,0,0
326055,0,0
326155,0,0
326255,0,0
326355,0,0
326455,0,0
326555,0,0
326655,0,0
326755,0,0
326855,0,0
326955,0,0
327055,0,0
327155,0,0
327255,0,0
327355,0,0
327455,0,0
327555,0,0
327655,0,0
327949,0,0
327867,0,1
327967,0,1
328067,0,1
328167,0,1
328267,0,1
328367,0,1
328467,0,1
328567,0,1
328667,0,1
328767,0,1
328867,0,1
328967,0,1
329067,0,1
329167,0,1
329267,0,1
329367,0,1
329467,0,1
329567,0,1
329667,0,1
329767,0,1
329867,0,1
329967,0,1
330067,0,1
330167,0,1
330267,0,1
330367,0,1
330467,0,1
330567,0,1
330667,0,1
330767,0,1
330867,0,1
330967,0,1
331067,0,1
331167,0,1
331267,0,1
331367,0,1
331467,0,1
331567,0,1
331846,0,1
331946,0,1
332046,0,0
332146,0,0
332246,0,0
332346,0,0
332446,0,0
332546,0,0
332646,0,0
333153,0,0
333253,0,1
333353,0,1
333453,0,1
333553,0,1
333653,0,1
333753,0,1
333853,0,1
333953,0,1
334053,0,1
334153,0,1
334253,0,1
334354,0,1
334454,0,1
334554,0,1
334654,0,1
334754,0,1
334854,0,1
334954,0,1
335054,0,1
335154,0,1
335254,0,1
335354,0,1
335454,0,1
335554,0,1
335654,0,1
335754,0,1
335851,0,1
335951,0,1
336051,0,1
336151,0,1
336251,0,1
336351,0,1
336451,0,1
336551,0,1
336651,0,1
336751,0,1
336851,0,1
336951,0,1
337051,0,1
337179,0,0
337279,0,0
337379,0,0
337479,0,0
337579,0,0
338201,0,0
338301,0,1
338401,0,1
338501,0,1
338601,0,1
338701,0,1
338801,0,1
338901,0,1
339002,0,1
339102,0,1
339202,0,1
339302,0,1
339402,0,1
339502,0,1
339602,0,1
339702,0,1
339800,0,1
339900,0,1
340000,0,1
340100,0,1
340200,0,1
340300,0,1
340400,0,1
340500,0,1
340600,0,1
340700,0,1
340800,0,1
340900,0,1
341000,0,1
341100,0,1
341200,0,1
341300,0,1
341400,0,1
341500,0,1
341600,0,1
341700,0,1
341800,0,1
341901,0,1
342001,0,1
342101,0,1
342244,0,0
342344,0,0
342444,0,0
342544,0,0
342644,0,0
342744,0,0
342844,0,0
342944,0,0
343044,0,0
343144,0,0
343244,0,0
343344,0,0
343444,0,0
343544,0,0
343644,0,0
343744,0,0
343844,0,0
343944,0,0
344044,0,0
344144,0,0
344244,0,0
344344,0,0
344444,0,0
344544,0,0
344644,0,0
344744,0,0
344845,0,0
344945,0,0
345045,0,0
345145,0,0
345245,0,0
345345,0,0
345445,0,0
345545,0,0
345645,0,0
345745,0,0
345845,0,0
345945,0,0
346045,0,0
346145,0,0
346245,0,0
346345,0,0
346445,0,0
346545,0,0
346645,0,0
346745,0,0
346845,0,0
346945,0,0
347045,0,0
347145,0,0
347245,0,0
347345,0,0
347445,0,0
347545,0,0
347645,0,0
347745,0,0
347845,0,0
347945,0,0
348045,0,0
348145,0,0
348245,0,0
348345,0,0
348445,0,0
348545,0,0
348645,0,0
348745,0,0
348845,0,0
348945,0,0
349045,0,0
349145,0,0
349245,0,0
349345,0,0
349445,0,0
349545,0,0
349645,0,0
349745,0,0
349845,0,0
349945,0,0
350045,0,0
350145,0,0
350245,0,0
350345,0,0
350445,0,0
350545,0,0
350645,0,0
350745,0,0
350845,0,0
350945,0,0
351045,0,0
351145,0,0
351245,0,0
351345,0,0
351445,0,0
351545,0,0
351645,0,0
351745,0,0
351845,0,0
351945,0,0
352045,0,0
352145,0,0
352245,0,0
352345,0,0
352445,0,0
352545,0,0
352645,0,0
352745,0,0
352845,0,0
352945,0,0
353045,0,0
353145,0,0
353245,0,0
353345,0,0
353445,0,0
353545,0,0
353645,0,0
353745,0,0
353845,0,0
353945,0,0
354045,0,0
354145,0,0
354245,0,0
354345,0,0
354445,0,0
354545,0,0
354645,0,0
354745,0,0
354845,0,0
354945,0,0
355045,0,0
355145,0,0
355245,0,0
355345,0,0
355445,0,0
355545,0,0
355645,0,0
355745,0,0
355839,0,0
355939,0,0
356039,0,0
356139,0,0
356239,0,0
356339,0,0
356439,0,0
356539,0,0
356639,0,0
356739,0,0
356839,0,0
356939,0,0
357039,0,0
357139,0,0
357239,0,0
357339,0,0
357439,0,0
357539,0,0
357639,0,0
357739,0,0
357839,0,0
357939,0,0
358039,0,0
358139,0,0
358239,0,0
358339,0,0
358439,0,0
358539,0,0
358639,0,0
358739,0,0
358839,0,0
358939,0,0
359041,0,0
359141,0,0
359241,0,0
359341,0,0
359441,0,0
359541,0,0
359641,0,0
359741,0,0
359837,0,0
359937,0,0
360037,0,0
360137,0,0
360238,0,0
360338,0,0
360438,0,0
360538,0,0
360638,0,0
360738,0,0
360838,0,0
360938,0,0
361038,0,0
361138,0,0
361238,0,0
361338,0,0
361438,0,0
361538,0,0
361638,0,0
361738,0,0
361838,0,0
361938,0,0
362038,0,0
362138,0,0
362238,0,0
362338,0,0
362438,0,0
362538,0,0
362638,0,0
362738,0,0
362838,0,0
362938,0,0
363038,0,0
363139,0,0
363239,0,0
363339,0,0
363439,0,0
363539,0,0
363639,0,0
363739,0,0
363839,0,0
363939,0,0
364039,0,0
364139,0,0
364239,0,0
364339,0,0
364439,0,0
364539,0,0
364639,0,0
364739,0,0
364839,0,0
364939,0,0
365039,0,0
365139,0,0
365239,0,0
365339,0,0
365439,0,0
365539,0,0
365639,0,0
365739,0,0
365839,0,0
365939,0,0
366039,0,0
366139,0,0
366239,0,0
366339,0,0
366439,0,0
366539,0,0
366639,0,0
366739,0,0
366839,0,0
366939,0,0
367039,0,0
367139,0,0
367239,0,0
367339,0,0
367439,0,0
367539,0,0
367639,0,0
367739,0,0
367838,0,0
367938,0,0
368038,0,0
368138,0,0
368238,0,0
368338,0,0
368438,0,0
368538,0,0
368638,0,0
368738,0,0
368838,0,0
368938,0,0
369038,0,0
369138,0,0
369238,0,0
369338,0,0
369438,0,0
369538,0,0
369638,0,0
369738,0,0
369838,0,0
369938,0,0
370038,0,0
370138,0,0
370238,0,0
370338,0,0
370438,0,0
370538,0,0
370638,0,0
370738,0,0
370838,0,0
370938,0,0
371038,0,0
371138,0,0
371238,0,0
371338,0,0
371438,0,0
371538,0,0
371638,0,0
371738,0,0
371838,0,0
371916,0,0
372016,0,0
372116,0,0
372216,0,0
372316,0,0
372416,0,0
372516,0,0
372616,0,0
372716,0,0
372816,0,0
372916,0,0
373016,0,0
373116,0,0
373216,0,0
373316,0,0
373416,0,0
373516,0,0
373616,0,0
373716,0,0
373816,0,0
373916,0,0
374016,0,0
374116,0,0
374216,0,0
374316,0,0
374416,0,0
374516,0,0
374616,0,0
374716,0,0
374816,0,0
374916,0,0
375016,0,0
375116,0,0
375216,0,0
375316,0,0
375416,0,0
375516,0,0
375616,0,0
375716,0,0
375816,0,0
375916,0,0
376016,0,0
376118,0,0
376218,0,0
376318,0,0
376418,0,0
376518,0,0
376618,0,0
376718,0,0
376818,0,0
376918,0,0
377018,0,0
377118,0,0
377218,0,0
377318,0,0
377418,0,0
377518,0,0
377618,0,0
377718,0,0
377818,0,0
377918,0,0
378018,0,0
378118,0,0
378218,0,0
378318,0,0
378418,0,0
378518,0,0
378618,0,0
378718,0,0
378818,0,0
378918,0,0
379018,0,0
379118,0,0
379218,0,0
379318,0,0
379418,0,0
379518,0,0
379618,0,0
379718,0,0
379818,0,0
379918,0,0
380018,0,0
380265,0,0
380365,0,1
380465,0,1
380565,0,1
380676,0,1
380776,1,2
380876,1,2
380976,1,2
381076,1,2
381176,1,2
381276,1,2
381376,1,2
381476,1,2
381576,1,2
381676,1,2
381776,1,2
381876,1,2
381976,1,2
382077,1,2
382177,1,2
382277,1,2
382377,1,2
382477,1,2
382577,1,2
382703,0,0
382803,0,0
382903,0,0
383003,0,0
383103,0,0
383203,0,0
383303,0,0
383403,0,0
383503,0,0
383603,0,0
383703,0,0
383803,0,0
383903,0,0
384003,0,0
384101,0,0
384201,0,0
384301,0,0
384401,0,0
384501,0,0
384601,0,0
384701,0,0
385050,0,0
385150,0,1
385250,0,1
385350,0,1
385450,0,1
385550,0,1
385650,0,1
385750,0,1
385850,0,1
385950,0,1
386050,0,1
386150,0,1
386250,0,1
386350,0,1
386450,0,1
386550,0,1
386650,0,1
386750,0,1
386850,0,1
386950,0,1
387050,0,1
387150,0,1
387250,0,1
387350,0,1
387451,0,1
387551,0,1
387651,0,1
387751,0,1
387851,0,1
387951,0,1
388051,0,1
388126,0,1
388226,0,1
388326,0,1
388426,0,1
388526,0,1
388626,0,1
388726,0,1
388826,0,1
388926,0,1
389053,0,0
389153,0,0
389253,0,0
389353,0,0
389646,0,0
389746,0,1
389846,0,1
389946,0,1
390046,0,1
390146,0,1
390246,0,1
390346,0,1
390446,0,1
390546,0,1
390646,0,1
390746,0,1
390846,0,1
390946,0,1
391046,0,1
391146,0,1
391246,0,1
391346,0,1
391446,0,1
391546,0,1
391646,0,1
391746,0,1
391846,0,1
391946,0,1
392067,0,1
392167,0,1
392267,0,1
392367,0,1
392467,0,1
392567,0,1
392667,0,1
392767,0,1
392867,0,1
392967,0,1
393067,0,1
393167,0,1
393267,0,1
393367,0,1
393467,0,1
393567,0,1
393695,0,0
393795,0,0
393895,0,0
393995,0,0
394095,0,0
394195,0,0
394295,0,0
394395,0,0
394495,0,0
394595,0,0
394695,0,0
394795,0,0
394895,0,0
394995,0,0
395095,0,0
395195,0,0
395295,0,0
395395,0,0
395495,0,0
395595,0,0
395695,0,0
395795,0,0
395895,0,0
395995,0,0
396093,0,0
396193,0,0
396293,0,0
396393,0,0
396493,0,0
396593,0,0
396693,0,0
396793,0,0
396893,0,0
396993,0,0
397093,0,0
397193,0,0
397293,0,0
397393,0,0
397493,0,0
398053,0,0
398153,0,1
398253,0,1
398353,0,1
398453,0,1
398553,0,1
398653,0,1
398753,0,1
398853,0,1
398953,0,1
399053,0,1
399153,0,1
399253,0,1
399353,0,1
399453,0,1
399553,0,1
399653,0,1
399753,0,1
399853,0,1
399953,0,1
400053,0,1
400153,0,1
400253,0,1
400353,0,1
400453,0,1
400553,0,1
400653,0,1
400753,0,1
400853,0,1
400953,0,1
401053,0,1
401153,0,1
401253,0,1
401353,0,1
401453,0,1
401553,0,1
401653,0,1
401753,0,1
401853,0,1
401953,0,1
402053,0,1
402153,0,0
402253,0,0
402353,0,0
402453,0,0
402553,0,0
402653,0,0
402753,0,0
402853,0,0
402953,0,0
403053,0,0
403153,0,0
403253,0,0
403353,0,0
403453,0,0
403553,0,0
403653,0,0
403753,0,0
403853,0,0
403953,0,0
404053,0,0
404153,0,0
404253,0,0
404353,0,0
404453,0,0
404553,0,0
404653,0,0
404753,0,0
404853,0,0
404953,0,0
405053,0,0
405153,0,0
405253,0,0
405353,0,0
405453,0,0
405553,0,0
405653,0,0
405753,0,0
405853,0,0
405953,0,0
406053,0,0
406153,0,0
406253,0,0
406353,0,0
406453,0,0
406553,0,0
406653,0,0
406753,0,0
406853,0,0
406953,0,0
407053,0,0
407153,0,0
407253,0,0
407353,0,0
407453,0,0
407553,0,0
407653,0,0
407753,0,0
407853,0,0
407953,0,0
408053,0,0
408153,0,0
408253,0,0
408353,0,0
408453,0,0
408553,0,0
408653,0,0
408753,0,0
408853,0,0
408953,0,0
409053,0,0
409153,0,0
409253,0,0
409353,0,0
409453,0,0
409553,0,0
409653,0,0
409753,0,0
409853,0,0
409953,0,0
410053,0,0
410153,0,0
410253,0,0
410353,0,0
410453,0,0
410553,0,0
410653,0,0
410753,0,0
410853,0,0
410953,0,0
411053,0,0
411153,0,0
411253,0,0
411353,0,0
411453,0,0
411553,0,0
411653,0,0
411753,0,0
411853,0,0
411953,0,0
412053,0,0
412153,0,0
412253,0,0
412353,0,0
412453,0,0
412553,0,0
412653,0,0
412753,0,0
412853,0,0
412953,0,0
413053,0,0
413153,0,0
413253,0,0
413353,0,0
413453,0,0
413553,0,0
413653,0,0
413753,0,0
413853,0,0
413953,0,0
414053,0,0
414153,0,0
414253,0,0
414353,0,0
414453,0,0
414553,0,0
414653,0,0
414753,0,0
414853,0,0
414953,0,0
415053,0,0
415153,0,0
415253,0,0
415353,0,0
415453,0,0
415553,0,0
415653,0,0
415753,0,0
415853,0,0
415953,0,0
416053,0,0
416153,0,0
416246,0,0
416346,0,0
416446,0,0
416546,0,0
416646,0,0
416746,0,0
417061,0,0
417161,0,1
417262,0,1
417362,0,1
417462,0,1
417562,0,1
417662,0,1
417762,0,1
417862,0,1
417962,0,1
418062,0,1
418162,0,1
418262,0,1
418362,0,1
418462,0,1
418562,0,1
418662,0,1
418762,0,1
418862,0,1
418962,0,1
419062,0,1
419162,0,1
419262,0,1
419362,0,1
419462,0,1
419562,0,1
419662,0,1
419762,0,1
419862,0,1
419962,0,1
420062,0,1
420162,0,1
420260,0,1
420360,0,1
420460,0,1
420560,0,1
420660,0,1
420760,0,1
420860,0,1
420960,0,1
421086,0,0
421186,0,0
421286,0,0
421386,0,0
421632,0,0
421732,0,1
421832,0,1
421932,0,1
422032,0,1
422132,1,2
422232,1,2
422332,1,2
422441,1,2
422541,1,2
422641,1,2
422741,1,2
422841,1,2
422941,1,2
423041,1,2
423141,1,2
423241,1,2
423341,1,2
423441,1,2
423541,1,2
423641,1,2
423741,1,2
423841,1,2
423941,1,2
424041,1,2
424141,1,2
424240,1,2
424340,1,2
424440,1,2
424540,1,2
424641,1,2
424741,1,2
424841,1,2
424941,1,2
425041,1,2
425141,1,2
425241,1,2
425341,1,2
425441,1,2
425541,1,2
425641,1,2
425741,1,2
425841,1,2
425941,1,2
426041,1,2
426141,1,2
426241,1,2
426341,1,2
426441,1,2
426541,1,2
426641,1,2
426741,1,2
426841,1,2
426941,1,2
427041,1,2
427141,1,2
427241,1,2
427341,1,2
427441,1,2
427542,1,2
427642,1,2
427742,1,2
427842,1,2
427942,1,2
428042,1,2
428142,1,2
428241,1,2
428341,1,2
428441,1,2
428541,1,2
428641,1,2
428741,1,2
428841,1,2
428941,1,2
429041,1,2
429141,1,2
429241,1,2
429341,1,2
429441,1,2
429541,1,2
429641,1,2
429741,1,2
429841,1,2
429941,1,2
430041,1,2
430141,1,2
430241,1,2
430341,1,2
430442,1,2
430542,1,2
430657,1,2
430757,1,2
430857,1,2
430957,1,2
431057,1,2
431157,1,2
431257,1,2
431357,1,2
431457,1,2
431557,1,2
431657,1,2
431757,1,2
431857,1,2
431957,1,2
432057,1,2
432157,1,2
432253,1,2
432353,1,2
432453,1,2
432553,1,2
432653,1,2
432753,1,2
432853,1,2
432953,1,2
433053,1,2
433153,1,2
433254,1,2
433354,1,2
433454,1,2
433554,1,2
433654,1,2
433754,1,2
433854,1,2
433954,1,2
434054,1,2
434154,1,2
434254,1,2
434354,1,2
434454,1,2
434554,1,2
434654,1,2
434754,1,2
434854,1,2
434954,1,2
435054,1,2
435154,1,2
435254,1,2
435354,1,2
435454,1,2
435554,1,2
435654,1,2
435754,1,2
435854,1,2
435954,1,2
436054,1,2
436154,1,2
436253,1,2
436353,1,2
436453,1,2
436553,1,2
436653,1,2
436753,1,2
436853,1,2
436953,1,2
437053,1,2
437153,1,2
437253,1,2
437353,1,2
437453,1,2
437553,1,2
437653,1,2
437753,1,2
437853,1,2
437953,1,2
438053,1,2
438153,1,2
438253,1,2
438353,1,2
438453,1,2
438553,1,2
438653,1,2
438753,1,2
438853,1,2
438953,1,2
439053,1,2
439153,1,2
439253,1,2
439353,1,2
439453,1,2
439553,1,2
439653,1,2
439753,1,2
439853,1,2
439953,1,2
440053,1,2
440153,1,2
440253,1,2
440353,1,2
440453,1,2
440553,1,2
440653,1,2
440753,1,2
440853,1,2
440953,1,2
441053,1,2
441153,1,2
441253,1,2
441353,1,2
441453,1,2
441553,1,2
441653,1,2
441753,1,2
441853,1,2
441953,1,2
442053,1,2
442153,1,2
442253,1,2
442353,1,2
442453,1,2
442553,1,2
442653,1,2
442753,1,2
442863,1,2
442963,1,2
443063,1,2
443163,1,2
443263,1,2
443363,1,2
443463,1,2
443563,1,2
443664,1,2
443764,1,2
443864,1,2
443964,1,2
444064,1,2
444164,1,2
444262,1,2
444362,1,2
444462,1,2
444562,1,2
444662,1,2
444762,1,2
444862,1,2
444962,1,2
445062,1,2
445162,1,2
445262,1,2
445362,1,2
445462,1,2
445562,1,2
445662,1,2
445762,1,2
445862,1,2
445962,1,2
446062,1,2
446162,1,2
446262,1,2
446362,1,2
446462,1,2
446563,1,2
446663,1,2
446763,1,2
446863,1,2
446963,1,2
447063,1,2
447163,1,2
447263,1,2
447363,1,2
447463,1,2
447563,1,2
447663,1,2
447763,1,2
447863,1,2
447963,1,2
448063,1,2
448163,1,2
448261,1,2
448361,1,2
448461,1,2
448561,1,2
448661,1,2
448761,1,2
448861,1,2
448961,1,2
449061,1,2
449161,1,2
449261,1,2
449361,1,2
449461,1,2
449561,1,2
449661,1,2
449761,1,2
449861,1,2
449961,1,2
450061,1,2
450161,1,2
450261,1,2
450361,1,2
450461,1,2
450561,1,2
450661,1,2
450761,1,2
450861,1,2
450961,1,2
451061,1,2
451161,1,2
451261,1,2
451361,1,2
451461,1,2
451561,1,2
451661,1,2
451761,1,2
451861,1,2
451961,1,2
452061,1,2
452161,1,2
452261,1,2
452359,1,2
452459,1,2
452559,1,2
452659,1,2
452759,1,2
452859,1,2
452959,1,2
453059,1,2
453159,1,2
453259,1,2
453359,1,2
453459,1,2
453559,1,2
453659,1,2
453759,1,2
453859,1,2
453959,1,2
454059,1,2
454159,1,2
454259,1,2
454359,1,2
454459,1,2
454559,1,2
454659,1,2
454759,1,2
454859,1,2
454959,1,2
455088,1,2
455188,1,2
455288,1,2
455388,1,2
455488,1,2
455588,1,2
455688,1,2
455788,1,2
455888,1,2
455989,1,2
456089,1,2
456189,1,2
456289,1,2
456374,1,2
456474,1,2
456574,1,2
456674,1,2
456774,1,2
456874,1,2
456974,1,2
457074,1,2
457174,1,2
457274,1,2
457374,1,2
457474,1,2
457574,1,2
457674,1,2
457774,1,2
457874,1,2
457974,1,2
458074,1,2
458174,1,2
458274,1,2
458374,1,2
458474,1,2
458574,1,2
458674,1,2
458774,1,2
458875,1,2
458975,1,2
459075,1,2
459175,1,2
459275,1,2
459375,1,2
459475,1,2
459575,1,2
459675,1,2
459775,1,2
459875,1,2
459975,1,2
460075,1,2
460175,1,2
460275,1,2
460375,1,2
460475,1,2
460575,1,2
460675,1,2
460775,1,2
460875,1,2
460975,1,2
461075,1,2
461175,1,2
461275,1,2
461375,1,2
461475,1,2
461575,1,2
461675,1,2
461776,1,2
461876,1,2
461976,1,2
462076,1,2
462176,1,2
462276,1,2
462376,1,2
462476,1,2
462576,1,2
462676,1,2
462776,1,2
462876,1,2
462976,1,2
463087,0,0
463187,0,0
463287,0,0
463387,0,0
463487,0,0
463587,0,0
463687,0,0
463787,0,0
463887,0,0
463987,0,0
464087,0,0
464187,0,0
464287,0,0
464387,0,0
464487,0,0
464587,0,0
464687,0,0
464787,0,0
464887,0,0
464987,0,0
465087,0,0
465187,0,0
465287,0,0
465387,0,0
465488,0,0
465588,0,0
465688,0,0
465788,0,0
465888,0,0
465988,0,0
466088,0,0
466188,0,0
466288,0,0
466388,0,0
466488,0,0
466588,0,0
466688,0,0
466788,0,0
466888,0,0
466988,0,0
467088,0,0
467188,0,0
467288,0,0
467388,0,0
467488,0,0
467588,0,0
467688,0,0
467788,0,0
467888,0,0
467988,0,0
468088,0,0
468188,0,0
468288,0,0
468388,0,0
468488,0,0
468588,0,0
468688,0,0
468788,0,0
468888,0,0
468988,0,0
469088,0,0
469188,0,0
469288,0,0
469388,0,0
469488,0,0
469588,0,0
469688,0,0
469788,0,0
469888,0,0
469988,0,0
470088,0,0
470188,0,0
470288,0,0
470388,0,0
470488,0,0
470588,0,0
470688,0,0
470788,0,0
470888,0,0
470988,0,0
471088,0,0
471188,0,0
471288,0,0
471388,0,0
471488,0,0
471588,0,0
471688,0,0
471788,0,0
471888,0,0
471988,0,0
472088,0,0
472188,0,0
472288,0,0
472390,0,0
472490,0,0
472590,0,0
472690,0,0
472790,0,0
472890,0,0
472990,0,0
473090,0,0
473190,0,0
473290,0,0
473390,0,0
473490,0,0
473590,0,0
473690,0,0
473790,0,0
473890,0,0
473990,0,0
474090,0,0
474190,0,0
474290,0,0
474390,0,0
474490,0,0
474590,0,0
474690,0,0
474790,0,0
474890,0,0
474990,0,0
475090,0,0
475190,0,0
475290,0,0
475390,0,0
475490,0,0
475590,0,0
475723,0,0
475823,0,1
475923,0,1
476023,0,1
476123,1,2
476223,1,2
476327,1,2
476427,1,2
476527,1,2
476645,1,2
476745,1,2
476845,1,2
476945,1,2
477045,1,2
477145,1,2
477245,1,2
477345,1,2
477445,1,2
477545,1,2
477645,1,2
477745,1,2
477845,1,2
477945,1,2
478045,1,2
478145,1,2
478245,1,2
478345,1,2
478445,1,2
478545,1,2
478645,1,2
478745,1,2
478845,1,2
478945,1,2
479045,1,2
479145,1,2
479245,1,2
479345,1,2
479446,1,2
479546,1,2
479646,1,2
479746,1,2
479846,1,2
479946,1,2
480046,1,2
480146,1,2
480246,1,2
480344,1,2
480444,1,2
480544,1,2
480644,1,2
480744,1,2
480844,1,2
480944,1,2
481044,1,2
481144,1,2
481244,1,2
481344,1,2
481444,1,2
481544,1,2
481644,1,2
481744,1,2
481844,1,2
481944,1,2
482044,1,2
482144,1,2
482244,1,2
482344,1,2
482444,1,2
482544,1,2
482644,1,2
482744,1,2
482844,1,2
482944,1,2
483044,1,2
483144,1,2
483244,1,2
483344,1,2
483444,1,2
483544,1,2
483644,1,2
483744,1,2
483844,1,2
483944,1,2
484044,1,2
484144,1,2
484244,1,2
484343,1,2
484443,1,2
484543,1,2
484643,1,2
484743,1,2
484857,1,2
484957,1,2
485057,1,2
485157,1,2
485257,1,2
485357,1,2
485457,1,2
485557,1,2
485657,1,2
485758,1,2
485858,1,2
485958,1,2
486058,1,2
486158,1,2
486258,1,2
486358,1,2
486458,1,2
486558,1,2
486658,1,2
486758,1,2
486858,1,2
486958,1,2
487058,1,2
487158,1,2
487258,1,2
487358,1,2
487458,1,2
487558,1,2
487658,1,2
487758,1,2
487858,1,2
487958,1,2
488058,1,2
488158,1,2
488258,1,2
488355,1,2
488455,1,2
488555,1,2
488656,1,2
488756,1,2
488856,1,2
488956,1,2
489056,1,2
489156,1,2
489256,1,2
489356,1,2
489456,1,2
489556,1,2
489656,1,2
489756,1,2
489856,1,2
489956,1,2
490056,1,2
490156,1,2
490256,1,2
490356,1,2
490456,1,2
490556,1,2
490656,1,2
490756,1,2
490856,1,2
490956,1,2
491056,1,2
491156,1,2
491256,1,2
491356,1,2
491456,1,2
491556,1,2
491656,1,2
491756,1,2
491856,1,2
491956,1,2
492056,1,2
492156,1,2
492256,1,2
492353,1,2
492453,1,2
492553,1,2
492653,1,2
492753,1,2
492853,1,2
492953,1,2
493053,1,2
493153,1,2
493253,1,2
493353,1,2
493453,1,2
493553,1,2
493653,1,2
493753,1,2
493853,1,2
493953,1,2
494053,1,2
494153,1,2
494253,1,2
494353,1,2
494453,1,2
494553,1,2
494653,1,2
494753,1,2
494853,1,2
494953,1,2
495053,1,2
495153,1,2
495253,1,2
495353,1,2
495453,1,2
495553,1,2
495653,1,2
495753,1,2
495853,1,2
495953,1,2
496053,1,2
496153,1,2
496253,1,2
496353,1,2
496453,1,2
496553,1,2
496653,1,2
496753,1,2
496853,1,2
496953,1,2
497053,1,2
497153,1,2
497253,1,2
497353,1,2
497453,1,2
497553,1,2
497653,1,2
497753,1,2
497853,1,2
497953,1,2
498053,1,2
498153,1,2
498253,1,2
498353,1,2
498453,1,2
498553,1,2
498653,1,2
498753,1,2
498853,1,2
498953,1,2
499053,1,2
499153,1,2
499253,1,2
499353,1,2
499453,1,2
499553,1,2
499653,1,2
499753,1,2
499853,1,2
499953,1,2
500053,1,2
500153,1,2
500253,1,2
500351,1,2
500451,1,2
500551,1,2
500651,1,2
500751,1,2
500851,1,2
500951,1,2
501051,1,2
501151,1,2
501267,1,2
501367,1,2
501467,1,2
501567,1,2
501667,1,2
501767,1,2
501867,1,2
501967,1,2
502067,1,2
502167,1,2
502267,1,2
502367,1,2
502467,1,2
502567,1,2
502667,1,2
502767,1,2
502867,1,2
502967,1,2
503067,1,2
503167,1,2
503267,1,2
503367,1,2
503467,1,2
503567,1,2
503667,1,2
503767,1,2
503867,1,2
503967,1,2
504067,1,2
504167,1,2
504267,1,2
504367,1,2
504467,1,2
504567,1,2
504667,1,2
504767,1,2
504867,1,2
504967,1,2
505067,1,2
505167,1,2
505267,1,2
505367,1,2
505467,1,2
505567,1,2
505667,1,2
505767,1,2
505867,1,2
505967,1,2
506067,1,2
506167,1,2
506267,1,2
506367,1,2
506467,1,2
506567,1,2
506667,1,2
506767,1,2
506867,1,2
506967,1,2
507067,1,2
507167,1,2
507267,1,2
507367,1,2
507467,1,2
507567,1,2
507667,1,2
507767,1,2
507867,1,2
507967,1,2
508067,1,2
508167,1,2
508267,1,2
508365,1,2
508465,1,2
508565,1,2
508665,1,2
508765,1,2
508865,1,2
508965,1,2
509065,1,2
509165,1,2
509265,1,2
509365,1,2
509465,1,2
509565,1,2
509665,1,2
509765,1,2
509865,1,2
509965,1,2
510065,1,2
510165,1,2
510265,1,2
510365,1,2
510465,1,2
510565,1,2
510665,1,2
510765,1,2
510865,1,2
510965,1,2
511065,1,2
511165,1,2
511265,1,2
511365,1,2
511465,1,2
511565,1,2
511665,1,2
511765,1,2
511865,1,2
511965,1,2
512065,1,2
512165,1,2
512265,1,2
512364,1,2
512464,1,2
512564,1,2
512664,1,2
512764,1,2
512864,1,2
512964,1,2
513064,1,2
513164,1,2
513264,1,2
513364,1,2
513483,1,2
513583,1,2
513683,1,2
513783,1,2
513883,1,2
513983,1,2
514083,1,2
514183,1,2
514283,1,2
514383,1,2
514483,1,2
514583,1,2
514683,1,2
514783,1,2
514883,1,2
514983,1,2
515083,1,2
515183,1,2
515283,1,2
515383,1,2
515483,1,2
515583,1,2
515683,1,2
515784,1,2
515884,1,2
515984,1,2
516084,1,2
516184,1,2
516284,1,2
516384,1,2
516484,1,2
516584,1,2
516684,1,2
516784,1,2
516884,1,2
516984,1,2
517084,1,2
517184,1,2
517284,1,2
517384,1,2
517484,1,2
517584,1,2
517684,1,2
517784,1,2
517884,1,2
517984,1,2
518084,1,2
518184,1,2
518284,1,2
518384,1,2
518484,1,2
518584,1,2
518684,1,2
518784,1,2
518884,1,2
518984,1,2
519084,1,2
519184,1,2
519284,1,2
519384,1,2
519484,1,2
519584,1,2
519684,1,2
519784,1,2
519884,1,2
519984,1,2
520084,1,2
520184,1,2
520284,1,2
520384,1,2
520484,1,2
520584,1,2
520684,1,2
520784,1,2
520884,1,2
520984,1,2
521084,1,2
521184,1,2
521284,1,2
521384,1,2
521504,0,0
521604,0,0
521704,0,0
521804,0,0
521904,0,0
522004,0,0
522104,0,0
522204,0,0
522304,0,0
522404,0,0
522504,0,0
522604,0,0
522704,0,0
522804,0,0
522904,0,0
523004,0,0
523104,0,0
523204,0,0
523304,0,0
523404,0,0
523504,0,0
523604,0,0
523704,0,0
523804,0,0
523904,0,0
524004,0,0
524104,0,0
524204,0,0
524304,0,0
524404,0,0
524504,0,0
524604,0,0
524704,0,0
524804,0,0
524904,0,0
525004,0,0
525104,0,0
525204,0,0
525304,0,0
525404,0,0
525504,0,0
525604,0,0
525704,0,0
525804,0,0
525904,0,0
526004,0,0
526104,0,0
526204,0,0
526304,0,0
526404,0,0
526504,0,0
526604,0,0
526704,0,0
526804,0,0
526904,0,0
527004,0,0
527104,0,0
527204,0,0
527304,0,0
527404,0,0
527504,0,0
527604,0,0
527704,0,0
527804,0,0
527904,0,0
528004,0,0
528104,0,0
528204,0,0
528304,0,0
528404,0,0
528504,0,0
528604,0,0
528704,0,0
528804,0,0
528904,0,0
529004,0,0
529104,0,0
529204,0,0
529304,0,0
529404,0,0
529504,0,0
529604,0,0
529704,0,0
529804,0,0
529904,0,0
530004,0,0
530104,0,0
530204,0,0
530304,0,0
530404,0,0
530504,0,0
530604,0,0
530704,0,0
530804,0,0
530904,0,0
531004,0,0
531104,0,0
531204,0,0
531304,0,0
531404,0,0
531504,0,0
531604,0,0
531704,0,0
531804,0,0
531904,0,0
532004,0,0
532104,0,0
532204,0,0
532304,0,0
532404,0,0
532504,0,0
532604,0,0
532704,0,0
532804,0,0
532904,0,0
533004,0,0
533104,0,0
533204,0,0
533304,0,0
533404,0,0
533504,0,0
533604,0,0
533695,0,0
533795,0,0
533895,0,0
533995,0,0
534095,0,0
534195,0,0
534295,0,0
534395,0,0
534495,0,0
534595,0,0
534695,0,0
534795,0,0
534895,0,0
534995,0,0
535095,0,0
535195,0,0
535295,0,0
535395,0,0
535495,0,0
535595,0,0
535695,0,0
535795,0,0
535895,0,0
535995,0,0
536095,0,0
536195,0,0
536295,0,0
536395,0,0
536495,0,0
536595,0,0
536695,0,0
536795,0,0
536895,0,0
536995,0,0
537095,0,0
537195,0,0
537295,0,0
537395,0,0
537495,0,0
537595,0,0
537694,0,0
537794,0,0
537894,0,0
537994,0,0
538094,0,0
538194,0,0
538294,0,0
538394,0,0
538494,0,0
538594,0,0
538694,0,0
538794,0,0
538894,0,0
538994,0,0
539094,0,0
539194,0,0
539294,0,0
539394,0,0
539494,0,0
539594,0,0
539694,0,0
539794,0,0
539894,0,0
539994,0,0
540094,0,0
540194,0,0
540294,0,0
540394,0,0
540494,0,0
540594,0,0
540694,0,0
540794,0,0
540894,0,0
540994,0,0
541094,0,0
541194,0,0
541294,0,0
541394,0,0
541494,0,0
541594,0,0
541694,0,0
541788,0,0
541888,0,0
541988,0,0
542088,0,0
542188,0,0
542288,0,0
542388,0,0
542488,0,0
542588,0,0
542688,0,0
542788,0,0
542888,0,0
542988,0,0
543088,0,0
543188,0,0
543288,0,0
543388,0,0
543488,0,0
543588,0,0
543688,0,0
543788,0,0
543888,0,0
543988,0,0
544088,0,0
544188,0,0
544288,0,0
544388,0,0
544488,0,0
544588,0,0
544688,0,0
544788,0,0
544888,0,0
544988,0,0
545088,0,0
545188,0,0
545288,0,0
545388,0,0
545488,0,0
545588,0,0
545688,0,0
545789,0,0
545889,0,0
545989,0,0
546089,0,0
546189,0,0
546289,0,0
546389,0,0
546489,0,0
546589,0,0
546689,0,0
546789,0,0
546889,0,0
546989,0,0
547089,0,0
547189,0,0
547289,0,0
547389,0,0
547489,0,0
547589,0,0
547689,0,0
547789,0,0
547889,0,0
547989,0,0
548089,0,0
548189,0,0
548289,0,0
548389,0,0
548489,0,0
548589,0,0
548689,0,0
548789,0,0
548889,0,0
548989,0,0
549089,0,0
549189,0,0
549289,0,0
549389,0,0
549489,0,0
549589,0,0
549689,0,0
549788,0,0
549888,0,0
549988,0,0
550088,0,0
550188,0,0
550288,0,0
550388,0,0
550488,0,0
550588,0,0
550688,0,0
550788,0,0
550888,0,0
550988,0,0
551088,0,0
551188,0,0
551288,0,0
551388,0,0
551488,0,0
551588,0,0
551688,0,0
551788,0,0
551888,0,0
551988,0,0
552088,0,0
552188,0,0
552288,0,0
552388,0,0
552488,0,0
552588,0,0
552688,0,0
552788,0,0
552888,0,0
552988,0,0
553088,0,0
553188,0,0
553288,0,0
553388,0,0
553488,0,0
553588,0,0
553688,0,0
553786,0,0
553886,0,0
553986,0,0
554086,0,0
554186,0,0
554286,0,0
554386,0,0
554486,0,0
554586,0,0
554686,0,0
554786,0,0
554886,0,0
554986,0,0
555086,0,0
555186,0,0
555286,0,0
555386,0,0
555486,0,0
555586,0,0
555686,0,0
555786,0,0
555886,0,0
555986,0,0
556086,0,0
556186,0,0
556286,0,0
556386,0,0
556486,0,0
556586,0,0
556686,0,0
556786,0,0
556886,0,0
556986,0,0
557086,0,0
557186,0,0
557286,0,0
557386,0,0
557486,0,0
557586,0,0
557686,0,0
557785,0,0
557885,0,0
557985,0,0
558085,0,0
558185,0,0
558285,0,0
558385,0,0
558485,0,0
558585,0,0
558685,0,0
558785,0,0
558885,0,0
558985,0,0
559085,0,0
559185,0,0
559285,0,0
559385,0,0
559485,0,0
559585,0,0
559685,0,0
559785,0,0
559885,0,0
559985,0,0
560085,0,0
560185,0,0
560285,0,0
560385,0,0
560485,0,0
560585,0,0
560685,0,0
560785,0,0
560885,0,0
560985,0,0
561085,0,0
561185,0,0
561285,0,0
561385,0,0
561485,0,0
561585,0,0
561685,0,0
561783,0,0
561883,0,0
561983,0,0
562083,0,0
562183,0,0
562283,0,0
562383,0,0
562483,0,0
562583,0,0
562683,0,0
562783,0,0
562883,0,0
562983,0,0
563083,0,0
563183,0,0
563283,0,0
563383,0,0
563483,0,0
563583,0,0
563683,0,0
563783,0,0
563883,0,0
563983,0,0
564083,0,0
564183,0,0
564283,0,0
564383,0,0
564483,0,0
564583,0,0
564683,0,0
564783,0,0
564883,0,0
564983,0,0
565083,0,0
565183,0,0
565283,0,0
565383,0,0
565483,0,0
565583,0,0
565683,0,0
565781,0,0
565881,0,0
565981,0,0
566081,0,0
566181,0,0
566281,0,0
566381,0,0
566481,0,0
566581,0,0
566681,0,0
566781,0,0
566881,0,0
566981,0,0
567081,0,0
567181,0,0
567281,0,0
567381,0,0
567481,0,0
567581,0,0
567681,0,0
567781,0,0
567881,0,0
567981,0,0
568081,0,0
568181,0,0
568281,0,0
568381,0,0
568481,0,0
568581,0,0
568681,0,0
568781,0,0
568881,0,0
568981,0,0
569081,0,0
569181,0,0
569281,0,0
569381,0,0
569481,0,0
569581,0,0
569681,0,0
569779,0,0
569879,0,0
569979,0,0
570079,0,0
570179,0,0
570279,0,0
570379,0,0
570479,0,0
570579,0,0
570679,0,0
570779,0,0
570879,0,0
570979,0,0
571079,0,0
571179,0,0
571279,0,0
571379,0,0
571479,0,0
571579,0,0
571679,0,0
571779,0,0
571879,0,0
571979,0,0
572079,0,0
572179,0,0
572279,0,0
572379,0,0
572479,0,0
572579,0,0
572679,0,0
572779,0,0
572879,0,0
572979,0,0
573079,0,0
573179,0,0
573279,0,0
573379,0,0
573479,0,0
573579,0,0
573679,0,0
573778,0,0
573878,0,0
573978,0,0
574078,0,0
574178,0,0
574278,0,0
574378,0,0
574478,0,0
574578,0,0
574678,0,0
574778,0,0
574878,0,0
574978,0,0
575078,0,0
575178,0,0
575396,0,0
575496,0,0
575596,0,0
575696,0,0
575796,0,0
575896,0,0
575996,0,0
576096,0,0
576196,0,0
576296,0,0
576396,0,0
576496,0,0
576596,0,0
576696,0,0
576796,0,0
576896,0,0
576996,0,0
577096,0,0
577196,0,0
577296,0,0
577396,0,0
577497,0,0
577597,0,0
577697,0,0
577797,0,0
577897,0,0
577997,0,0
578097,0,0
578197,0,0
578297,0,0
578397,0,0
578497,0,0
578597,0,0
578697,0,0
578797,0,0
578897,0,0
578997,0,0
579097,0,0
579197,0,0
579297,0,0
579397,0,0
579497,0,0
579597,0,0
579697,0,0
579797,0,0
579897,0,0
579997,0,0
580097,0,0
580197,0,0
580297,0,0
580398,0,0
580498,0,0
580598,0,0
580698,0,0
580798,0,0
580898,0,0
580998,0,0
581098,0,0
581198,0,0
581298,0,0
581398,0,0
581498,0,0
581598,0,0
581698,0,0
581798,0,0
581898,0,0
581998,0,0
582098,0,0
582198,0,0
582298,0,0
582398,0,0
582498,0,0
582598,0,0
582698,0,0
582798,0,0
582898,0,0
582998,0,0
583098,0,0
583198,0,0
583298,0,0
583398,0,0
583498,0,0
583598,0,0
583698,0,0
583798,0,0
583898,0,0
583998,0,0
584098,0,0
584198,0,0
584298,0,0
584398,0,0
584498,0,0
584598,0,0
584698,0,0
584798,0,0
584898,0,0
584998,0,0
585098,0,0
585198,0,0
585298,0,0
585398,0,0
585498,0,0
585598,0,0
585698,0,0
585798,0,0
585898,0,0
585998,0,0
586098,0,0
586198,0,0
586298,0,0
586398,0,0
586498,0,0
586598,0,0
586698,0,0
586798,0,0
586898,0,0
586998,0,0
587098,0,0
587198,0,0
587298,0,0
587398,0,0
587498,0,0
587598,0,0
587698,0,0
587798,0,0
587898,0,0
587998,0,0
588098,0,0
588198,0,0
588298,0,0
588398,0,0
588498,0,0
588598,0,0
588698,0,0
588798,0,0
588898,0,0
588998,0,0
589098,0,0
589198,0,0
589298,0,0
589398,0,0
589498,0,0
589598,0,0
589698,0,0
589798,0,0
589898,0,0
589998,0,0
590098,0,0
590198,0,0
590298,0,0
590398,0,0
590498,0,0
590598,0,0
590698,0,0
590798,0,0
590898,0,0
590998,0,0
591098,0,0
591198,0,0
591298,0,0
591398,0,0
591498,0,0
591598,0,0
591698,0,0
591798,0,0
591898,0,0
591998,0,0
592098,0,0
592198,0,0
592298,0,0
592398,0,0
592498,0,0
592598,0,0
592698,0,0
592798,0,0
592898,0,0
592998,0,0
593098,0,0
593198,0,0
593298,0,0
593398,0,0
593498,0,0
593598,0,0
593698,0,0
593798,0,0
593898,0,0
593998,0,0
594098,0,0
594198,0,0
594298,0,0
594398,0,0
594498,0,0
594598,0,0
594698,0,0
594798,0,0
594898,0,0
594998,0,0
595098,0,0
595198,0,0
595298,0,0
595398,0,0
595498,0,0
595598,0,0
595698,0,0
595798,0,0
595898,0,0
595998,0,0
596098,0,0
596198,0,0
596298,0,0
596398,0,0
596498,0,0
596598,0,0
596698,0,0
596798,0,0
596898,0,0
596998,0,0
597098,0,0
597198,0,0
597298,0,0
597398,0,0
597498,0,0
597598,0,0
597698,0,0
597798,0,0
597898,0,0
597998,0,0
598098,0,0
598198,0,0
598298,0,0
598398,0,0
598498,0,0
598598,0,0
598698,0,0
598798,0,0
598898,0,0
598998,0,0
599098,0,0
599198,0,0
599298,0,0
599398,0,0
599498,0,0
599598,0,0
599698,0,0
599798,0,0
599898,0,0
599998,0,0
600098,0,0
600198,0,0
600298,0,0
600398,0,0
600498,0,0
600598,0,0
600698,0,0
600798,0,0
600898,0,0
600998,0,0
601098,0,0
601198,0,0
601298,0,0
601398,0,0
601498,0,0
601598,0,0
601698,0,0
601798,0,0
601898,0,0
601998,0,0
602098,0,0
602198,0,0
602298,0,0
602398,0,0
602498,0,0
602598,0,0
602698,0,0
602798,0,0
602898,0,0
602998,0,0
603098,0,0
603198,0,0
603298,0,0
603398,0,0
603498,0,0
603598,0,0
603698,0,0
603798,0,0
603898,0,0
603998,0,0
604098,0,0
604198,0,0
604298,0,0
604398,0,0
604498,0,0
604598,0,0
604698,0,0
604798,0,0
604898,0,0
604998,0,0
605098,0,0
605198,0,0
605298,0,0
605398,0,0
605498,0,0
605598,0,0
605698,0,0
605798,0,0
605898,0,0
605998,0,0
606098,0,0
606198,0,0
606298,0,0
606398,0,0
606498,0,0
606598,0,0
606698,0,0
606798,0,0
606898,0,0
606998,0,0
607098,0,0
607198,0,0
607298,0,0
607398,0,0
607498,0,0
607598,0,0
607698,0,0
607798,0,0
607898,0,0
607998,0,0
608098,0,0
608198,0,0
608298,0,0
608398,0,0
608498,0,0
608598,0,0
608698,0,0
608798,0,0
608898,0,0
608998,0,0
609098,0,0
609198,0,0
609298,0,0
609398,0,0
609498,0,0
609598,0,0
609698,0,0
609798,0,0
609898,0,0
609998,0,0
610098,0,0
610198,0,0
610298,0,0
610398,0,0
610498,0,0
610598,0,0
610698,0,0
610798,0,0
610898,0,0
610998,0,0
611098,0,0
611198,0,0
611298,0,0
611398,0,0
611498,0,0
611598,0,0
611698,0,0
611798,0,0
611898,0,0
611998,0,0
612098,0,0
612198,0,0
612298,0,0
612398,0,0
612498,0,0
612598,0,0
612698,0,0
612798,0,0
612898,0,0
612998,0,0
613098,0,0
613198,0,0
613298,0,0
613398,0,0
613498,0,0
613598,0,0
613698,0,0
613798,0,0
613898,0,0
613998,0,0
614098,0,0
614198,0,0
614298,0,0
614398,0,0
614498,0,0
614598,0,0
614698,0,0
614798,0,0
614898,0,0
614998,0,0
615098,0,0
615198,0,0
615298,0,0
615398,0,0
615498,0,0
615598,0,0
615698,0,0
615798,0,0
615898,0,0
615998,0,0
616098,0,0
616198,0,0
616298,0,0
616398,0,0
616498,0,0
616598,0,0
616698,0,0
616798,0,0
616898,0,0
616998,0,0
617098,0,0
617198,0,0
617298,0,0
617398,0,0
617498,0,0
617598,0,0
617698,0,0
617798,0,0
617898,0,0
617998,0,0
618098,0,0
618198,0,0
618298,0,0
618398,0,0
618498,0,0
618598,0,0
618698,0,0
618798,0,0
618898,0,0
618998,0,0
619098,0,0
619198,0,0
619298,0,0
