p:4000,20000,6000,600,8000,4000,2000,8000,70
16256,packet,1,0,0,1,52,8000
16270,event,0,0
16285,action,0,0
20253,packet,1,0,0,1,52,8000
20268,event,0,1
24255,packet,1,0,0,1,52,8000
24270,event,0,1
28255,packet,1,0,0,1,52,8000
28270,event,0,1
32255,packet,1,0,0,1,52,8000
32270,event,0,1
36257,packet,1,0,0,1,52,8000
36271,event,0,1
40251,packet,1,0,0,1,52,8000
40265,event,0,1
44440,packet,1,0,0,1,52,8000
44455,event,0,1
48441,packet,1,0,0,1,52,8000
48455,event,0,1
52441,packet,1,0,0,1,53,8000
52461,event,0,1
60475,event,1,1
60489,action,1,1
73612,packet,1,0,0,1,46,8000
73627,event,0,0
73642,action,0,0
77628,packet,1,0,0,1,46,8000
77644,event,0,1
81639,packet,1,0,0,1,46,8000
81653,event,0,1
85656,packet,1,0,0,1,46,8000
85682,event,0,1
89663,packet,1,0,0,1,47,8000
89678,event,0,1
93674,packet,1,0,0,1,47,8000
93688,event,0,1
97677,packet,1,0,0,1,47,8000
97692,event,0,1
101682,packet,1,0,0,1,48,8000
101698,event,0,1
105690,packet,1,0,0,1,46,8000
105706,event,0,1
109705,packet,1,0,0,1,46,8000
109725,event,0,1
117739,event,1,1
117753,action,1,1
129753,packet,1,0,0,1,47,8000
129769,event,0,0
129783,action,0,0
133750,packet,1,0,0,1,47,8000
133764,event,0,1
137754,packet,1,0,0,1,47,8000
137768,event,0,1
141763,packet,1,0,0,1,47,8000
141778,event,0,1
145954,packet,1,0,0,1,47,8000
145969,event,0,1
149767,packet,1,0,0,1,47,8000
149782,event,0,1
153767,packet,1,0,0,1,47,8000
153781,event,0,1
157772,packet,1,0,0,1,47,8000
157786,event,0,1
161766,packet,1,0,0,1,47,8000
161786,event,0,1
165766,packet,1,0,0,1,47,8000
165782,event,0,1
173796,event,1,1
173811,action,1,1
185863,packet,1,0,0,1,58,8000
185879,event,0,0
185893,action,0,0
189896,packet,1,0,0,1,57,8000
189911,event,0,1
194077,packet,1,0,0,1,62,8000
194092,event,0,1
198092,packet,1,0,0,1,59,8000
198107,event,0,1
202101,packet,1,0,0,1,59,8000
202115,event,0,1
206110,packet,1,0,0,1,60,8000
206125,event,0,1
210114,packet,1,0,0,1,61,8000
210128,event,0,1
214110,packet,1,0,0,1,74,8000
218113,packet,1,0,0,1,62,8000
218133,event,0,1
222206,packet,1,0,0,1,62,8000
222220,event,0,1
230236,event,1,1
230251,action,1,1
242892,packet,1,0,0,1,55,8000
242907,event,0,0
242922,action,0,0
246893,packet,1,0,0,1,54,8000
246908,event,0,1
250906,packet,1,0,0,1,54,8000
250932,event,0,1
254908,packet,1,0,0,1,54,8000
254923,event,0,1
258929,packet,1,0,0,1,55,8000
258943,event,0,1
262929,packet,1,0,0,1,54,8000
262943,event,0,1
266927,packet,1,0,0,1,54,8000
266943,event,0,1
270936,packet,1,0,0,1,54,8000
270972,event,0,1
274956,packet,1,0,0,1,55,8000
274972,event,0,1
278965,packet,1,0,0,1,55,8000
278980,event,0,1
287008,event,1,1
287022,action,1,1
299777,packet,1,0,0,1,60,8000
299820,event,0,0
299835,action,0,0
303805,packet,1,0,0,1,59,8000
303819,event,0,1
307812,packet,1,0,0,1,60,8000
307827,event,0,1
311822,packet,1,0,0,1,59,8000
311836,event,0,1
315819,packet,1,0,0,1,60,8000
315834,event,0,1
319829,packet,1,0,0,1,59,8000
319845,event,0,1
323848,packet,1,0,0,1,59,8000
323864,event,0,1
327839,packet,1,0,0,1,60,8000
327855,event,0,1
331886,packet,1,0,0,1,58,8000
331900,event,0,1
335887,packet,1,0,0,1,59,8000
335901,event,0,1
339884,packet,1,0,0,1,60,8000
339899,event,0,1
347913,event,1,1
347928,action,1,1
355886,packet,1,0,0,1,60,8000
355901,event,0,0
355927,action,0,0
360071,packet,1,0,0,1,62,8000
360087,event,0,1
363888,packet,1,0,0,1,62,8000
363903,event,0,1
367893,packet,1,0,0,1,64,8000
367908,event,0,1
371885,packet,1,0,0,1,67,8000
375885,packet,1,0,0,1,56,8000
375903,event,0,1
379887,packet,1,0,0,1,60,8000
379901,event,0,1
383899,packet,1,0,0,1,59,8000
383914,event,0,1
387901,packet,1,0,0,1,60,8000
387915,event,0,1
391913,packet,1,0,0,1,60,8000
391927,event,0,1
395917,packet,1,0,0,1,60,8000
395931,event,0,1
403945,event,1,1
403959,action,1,1
416206,packet,1,0,0,1,54,8000
416220,event,0,0
416235,action,0,0
420196,packet,1,0,0,1,54,8000
420210,event,0,1
424196,packet,1,0,0,1,52,8000
424211,event,0,1
428206,packet,1,0,0,1,52,8000
428222,event,0,1
432208,packet,1,0,0,1,52,8000
432222,event,0,1
436397,packet,1,0,0,1,52,8000
436412,event,0,1
440397,packet,1,0,0,1,52,8000
440411,event,0,1
444397,packet,1,0,0,1,53,8000
444412,event,0,1
448406,packet,1,0,0,1,53,8000
448420,event,0,1
452408,packet,1,0,0,1,52,8000
452422,event,0,1
456413,packet,1,0,0,1,53,8000
456428,event,0,1
464442,event,1,1
464467,action,1,1
472420,packet,1,0,0,1,51,8000
472434,event,0,0
472449,action,0,0
476420,packet,1,0,0,1,51,8000
476434,event,0,1
480417,packet,1,0,0,1,52,8000
480437,event,0,1
484437,packet,1,0,0,1,51,8000
484453,event,0,1
488452,packet,1,0,0,1,51,8000
488468,event,0,1
492463,packet,1,0,0,1,51,8000
492478,event,0,1
496461,packet,1,0,0,1,51,8000
496476,event,0,1
500466,packet,1,0,0,1,51,8000
500481,event,0,1
504449,packet,1,0,0,1,51,8000
504463,event,0,1
508466,packet,1,0,0,1,51,8000
508481,event,0,1
512554,packet,1,0,0,1,52,8000
512570,event,0,1
520584,event,1,1
520598,action,1,1
533515,packet,1,0,0,1,56,8000
533530,event,0,0
533548,action,0,0
537725,packet,1,0,0,1,56,8000
537741,event,0,1
541536,packet,1,0,0,1,56,8000
541551,event,0,1
545535,packet,1,0,0,1,57,8000
545551,event,0,1
549539,packet,1,0,0,1,56,8000
549555,event,0,1
553540,packet,1,0,0,1,56,8000
553555,event,0,1
557545,packet,1,0,0,1,56,8000
557560,event,0,1
561557,packet,1,0,0,1,56,8000
561571,event,0,1
565557,packet,1,0,0,1,56,8000
565572,event,0,1
569563,packet,1,0,0,1,56,8000
569579,event,0,1
573579,packet,1,0,0,1,56,8000
573594,event,0,1
581612,event,1,1
581626,action,1,1
