p:4000,20000,6000,600,8000,4000,2000,8000,100
16159,packet,1,0,0,0,44,8000
16174,event,0,0
16187,action,0,0
16219,packet,0,0,1,1
16258,packetAck,1
16588,packet,1,0,2,7,44,8000
16602,event,3,1
16615,action,2,1
18628,event,4,2
18640,action,1,2
20661,packet,1,0,0,0,44,8000
20675,event,0,0
20689,action,0,0
21096,packet,0,0,1,1
21135,packetAck,1
25113,event,2,1
25125,action,1,1
25261,packet,1,0,0,0,43,8000
25289,event,0,0
25302,action,0,0
25451,packet,0,0,1,1
25490,packetAck,1
29480,event,2,1
29496,action,1,1
29822,packet,1,0,0,0,43,8000
29836,event,0,0
29849,action,0,0
30172,packet,0,0,1,1
30211,packetAck,1
34207,event,2,1
34220,action,1,1
61309,packet,1,0,0,0,44,8000
61324,event,0,0
61337,action,0,0
61525,packet,0,0,1,1
61565,packetAck,1
65532,event,2,1
65544,action,1,1
65925,packet,1,0,0,0,44,8000
65939,event,0,0
65951,action,0,0
66012,packet,0,0,1,1
66051,packetAck,1
66392,packet,1,0,2,7,43,8000
66406,event,3,1
66419,action,2,1
68429,event,4,2
68441,action,1,2
70470,packet,1,0,0,0,44,8000
70489,event,0,0
70501,action,0,0
70570,packet,0,0,1,1
70616,packetAck,1
74598,event,2,1
74611,action,1,1
74995,packet,1,0,0,0,44,8000
75009,event,0,0
75021,action,0,0
75060,packet,0,0,1,1
75034,packetAck,1
79092,event,2,1
79104,action,1,1
107867,packet,1,0,0,0,43,8000
107881,event,0,0
107895,action,0,0
108198,packet,0,0,1,1
108238,packetAck,1
112220,event,2,1
112248,action,1,1
153588,packet,1,0,0,0,44,8000
153603,event,0,0
153616,action,0,0
154098,packet,0,0,1,1
154142,packetAck,1
158121,event,2,1
158134,action,1,1
198851,packet,1,0,0,0,44,8000
198865,event,0,0
198879,action,0,0
198999,packet,0,0,1,1
199039,packetAck,1
199388,packet,1,0,2,7,44,8000
199402,event,3,1
199414,action,2,1
201375,event,4,2
201388,action,1,2
203463,packet,1,0,0,0,44,8000
203476,event,0,0
203489,action,0,0
203556,packet,0,0,1,1
203595,packetAck,1
207578,event,2,1
207592,action,1,1
245531,packet,1,0,0,0,42,8000
245545,event,0,0
245558,action,0,0
245874,packet,0,0,1,1
245917,packetAck,1
249882,event,2,1
249895,action,1,1
250135,packet,1,0,0,0,42,8000
250148,event,0,0
250162,action,0,0
250631,packet,0,0,1,1
250671,packetAck,1
254662,event,2,1
254674,action,1,1
291260,packet,1,0,0,0,44,8000
291275,event,0,0
291287,action,0,0
291645,packet,0,0,1,1
291684,packetAck,1
295652,event,2,1
295665,action,1,1
295885,packet,1,0,0,0,43,8000
295899,event,0,0
295912,action,0,0
296336,packet,0,0,1,1
296376,packetAck,1
300369,event,2,1
300383,action,1,1
338472,packet,1,0,0,0,43,8000
338489,event,0,0
338503,action,0,0
338862,packet,0,0,1,1
338901,packetAck,1
339234,packet,1,0,2,7,43,8000
339248,event,3,1
339260,action,2,1
341255,event,4,2
341267,action,1,2
343293,packet,1,0,0,0,43,8000
343307,event,0,0
343320,action,0,0
343385,packet,0,0,1,1
343425,packetAck,1
347406,event,2,1
347418,action,1,1
347785,packet,1,0,0,0,43,8000
347799,event,0,0
347812,action,0,0
348232,packet,0,0,1,1
347851,packetAck,1
352255,event,2,1
352268,action,1,1
386894,packet,1,0,0,0,41,8000
386912,event,0,0
386925,action,0,0
387174,packet,0,0,1,1
387212,packetAck,1
387544,packet,1,0,2,7,42,8000
387559,event,3,1
387572,action,2,1
389565,event,4,2
389578,action,1,2
391612,packet,1,0,0,0,43,8000
391626,event,0,0
391640,action,0,0
391936,packet,0,0,1,1
391873,packetAck,1
395952,event,2,1
395964,action,1,1
396274,packet,1,0,0,0,42,8000
396288,event,0,0
396300,action,0,0
396745,packet,0,0,1,1
396783,packetAck,1
400771,event,2,1
400785,action,1,1
434564,packet,1,0,0,0,43,8000
434582,event,0,0
434595,action,0,0
434746,packet,0,0,1,1
434785,packetAck,1
438751,event,2,1
438790,action,1,1
481831,packet,1,0,0,0,43,8000
481846,event,0,0
481858,action,0,0
481951,packet,0,0,1,1
481990,packetAck,1
482322,packet,1,0,2,7,43,8000
482336,event,3,1
482349,action,2,1
484342,event,4,2
484354,action,1,2
486389,packet,1,0,0,0,44,8000
486403,event,0,0
486415,action,0,0
486704,packet,0,0,1,1
486743,packetAck,1
490726,event,2,1
490738,action,1,1
528626,packet,1,0,0,0,44,8000
528656,event,0,0
528670,action,0,0
529051,packet,0,0,1,1
529099,packetAck,1
533085,event,2,1
533099,action,1,1
533318,packet,1,0,0,0,44,8000
533331,event,0,0
533344,action,0,0
533553,packet,0,0,1,1
533593,packetAck,1
537576,event,2,1
537588,action,1,1
575540,packet,1,0,0,0,43,8000
575553,event,0,0
575566,action,0,0
576020,packet,0,0,1,1
576059,packetAck,1
580038,event,2,1
580050,action,1,1
580270,packet,1,0,0,0,43,8000
580284,event,0,0
580296,action,0,0
580650,packet,0,0,1,1
580692,packetAck,1
584676,event,2,1
584689,action,1,1
584827,packet,1,0,0,0,43,8000
584842,event,0,0
584855,action,0,0
585140,packet,0,0,1,1
585179,packetAck,1
589161,event,2,1
589174,action,1,1
621585,packet,1,0,0,0,43,8000
621599,event,0,0
621612,action,0,0
621862,packet,0,0,1,1
621901,packetAck,1
625867,event,2,1
625881,action,1,1
669603,packet,1,0,0,0,44,8000
669617,event,0,0
669631,action,0,0
669987,packet,0,0,1,1
670030,packetAck,1
673993,event,2,1
674007,action,1,1
714951,packet,1,0,0,0,44,8000
714965,event,0,0
714979,action,0,0
715473,packet,0,0,1,1
715513,packetAck,1
719480,event,2,1
719493,action,1,1
760399,packet,1,0,0,0,44,8000
760414,event,0,0
760427,action,0,0
760503,packet,0,0,1,1
760433,packetAck,1
760765,packet,1,0,2,7,44,8000
760780,event,3,1
760793,action,2,1
762806,event,4,2
762820,action,1,2
764929,packet,1,0,0,0,44,8000
764943,event,0,0
764967,action,0,0
765268,packet,0,0,1,1
765308,packetAck,1
769297,event,2,1
769311,action,1,1
769495,packet,1,0,0,0,43,8000
769509,event,0,0
769523,action,0,0
770005,packet,0,0,1,1
770045,packetAck,1
774020,event,2,1
774034,action,1,1
808916,packet,1,0,0,0,46,8000
808930,event,0,0
808944,action,0,0
809039,packet,0,0,1,1
809078,packetAck,1
809426,packet,1,0,2,7,46,8000
809440,event,3,1
809454,action,2,1
811479,event,4,2
811492,action,1,2
813512,packet,1,0,0,0,46,8000
813526,event,0,0
813538,action,0,0
813880,packet,0,0,1,1
813936,packetAck,1
817918,event,2,1
817931,action,1,1
818075,packet,1,0,0,0,46,8000
818089,event,0,0
818102,action,0,0
818348,packet,0,0,1,1
818387,packetAck,1
822371,event,2,1
822384,action,1,1
856695,packet,1,0,0,0,44,8000
856709,event,0,0
856722,action,0,0
856749,packet,0,0,1,1
856739,packetAck,1
857070,packet,1,0,2,7,44,8000
857085,event,3,1
857098,action,2,1
859111,event,4,2
859125,action,1,2
861180,packet,1,0,0,0,45,8000
861193,event,0,0
861207,action,0,0
861318,packet,0,0,1,1
861358,packetAck,1
865340,event,2,1
865353,action,1,1
865777,packet,1,0,0,0,43,8000
865791,event,0,0
865805,action,0,0
865919,packet,0,0,1,1
865958,packetAck,1
869952,event,2,1
869965,action,1,1
902310,packet,1,0,0,0,43,8000
902324,event,0,0
902337,action,0,0
902485,packet,0,0,1,1
902524,packetAck,1
902868,packet,1,0,2,7,43,8000
902882,event,3,1
902895,action,2,1
904900,event,4,2
904913,action,1,2
906917,packet,1,0,0,0,45,8000
906932,event,0,0
906944,action,0,0
907412,packet,0,0,1,1
907451,packetAck,1
911434,event,2,1
911447,action,1,1
947606,packet,1,0,0,0,43,8000
947631,event,0,0
947644,action,0,0
948065,packet,0,0,1,1
948105,packetAck,1
952071,event,2,1
952084,action,1,1
994566,packet,1,0,0,0,44,8000
994581,event,0,0
994593,action,0,0
994861,packet,0,0,1,1
994901,packetAck,1
998869,event,2,1
998882,action,1,1
1041041,packet,1,0,0,0,42,8000
1041055,event,0,0
1041068,action,0,0
1041496,packet,0,0,1,1
1041078,packetAck,1
1045510,event,2,1
1045523,action,1,1
1088526,packet,1,0,0,0,46,8000
1088539,event,0,0
1088552,action,0,0
1088921,packet,0,0,1,1
1088961,packetAck,1
1092929,event,2,1
1092943,action,1,1
1093082,packet,1,0,0,0,44,8000
1093096,event,0,0
1093110,action,0,0
1093410,packet,0,0,1,1
1093097,packetAck,1
1097428,event,2,1
1097441,action,1,1
1134938,packet,1,0,0,0,44,8000
1134952,event,0,0
1134965,action,0,0
1135241,packet,0,0,1,1
1135280,packetAck,1
1139245,event,2,1
1139258,action,1,1
1139498,packet,1,0,0,0,44,8000
1139512,event,0,0
1139526,action,0,0
1139563,packet,0,0,1,1
1139602,packetAck,1
1139947,packet,1,0,2,7,44,8000
1139961,event,3,1
1139974,action,2,1
1141983,event,4,2
1141997,action,1,2
1144023,packet,1,0,0,0,46,8000
1144037,event,0,0
1144051,action,0,0
1144112,packet,0,0,1,1
1144161,packetAck,1
1148156,event,2,1
1148169,action,1,1
1148969,packet,1,0,0,0,43,8000
1148984,event,0,0
1148997,action,0,0
1149193,packet,0,0,1,1
1149103,packetAck,1
1153211,event,2,1
1153224,action,1,1
