p:4000,20000,6000,600,8000,4000,2000,8000,100
16201,packet,1,0,0,0,45,8000
16215,event,0,0
16227,action,0,0
16277,packet,0,0,1,1
16316,packetAck,1
16647,packet,1,0,2,7,45,8000
16660,event,3,1
16674,action,2,1
18687,event,4,2
18699,action,1,2
20715,packet,1,0,0,0,46,8000
20729,event,0,0
20742,action,0,0
21117,packet,0,0,1,1
21157,packetAck,1
25159,event,2,1
25172,action,1,1
25325,packet,1,0,0,0,47,8000
25353,event,0,0
25367,action,0,0
25557,packet,0,0,1,1
25596,packetAck,1
29580,event,2,1
29596,action,1,1
30028,packet,1,0,0,0,47,8000
30041,event,0,0
30055,action,0,0
30533,packet,0,0,1,1
30572,packetAck,1
34553,event,2,1
34566,action,1,1
35016,packet,1,0,0,0,48,8000
35030,event,0,0
35044,action,0,0
35110,packet,0,0,1,1
35034,packetAck,1
39119,event,2,1
39131,action,1,1
43162,packet,1,0,0,0,48,8000
43177,event,0,0
43189,action,0,0
43560,packet,0,0,1,1
43598,packetAck,1
47585,event,2,1
47597,action,1,1
63970,packet,1,0,0,0,46,8000
63985,event,0,0
63998,action,0,0
64069,packet,0,0,1,1
64112,packetAck,1
64443,packet,1,0,2,7,46,8000
64457,event,3,1
64469,action,2,1
66482,event,4,2
66495,action,1,2
68517,packet,1,0,0,0,47,8000
68531,event,0,0
68545,action,0,0
68901,packet,0,0,1,1
68940,packetAck,1
72921,event,2,1
72934,action,1,1
73035,packet,1,0,0,0,47,8000
73049,event,0,0
73063,action,0,0
73514,packet,0,0,1,1
73553,packetAck,1
77549,event,2,1
77562,action,1,1
77632,packet,1,0,0,0,48,8000
77645,event,0,0
77659,action,0,0
77735,packet,0,0,1,1
77789,packetAck,1
81758,event,2,1
81770,action,1,1
109391,packet,1,0,0,0,49,8000
109405,event,0,0
109428,action,0,0
109578,packet,0,0,1,1
109617,packetAck,1
109950,packet,1,0,2,7,50,8000
109964,event,3,1
109977,action,2,1
111969,event,4,2
111981,action,1,2
114007,packet,1,0,0,0,48,8000
114021,event,0,0
114034,action,0,0
114220,packet,0,0,1,1
114260,packetAck,1
118245,event,2,1
118257,action,1,1
118593,packet,1,0,0,0,47,8000
118606,event,0,0
118620,action,0,0
118877,packet,0,0,1,1
118917,packetAck,1
122896,event,2,1
122910,action,1,1
157690,packet,1,0,0,0,48,8000
157704,event,0,0
157716,action,0,0
157741,packet,0,0,1,1
157790,packetAck,1
158130,packet,1,0,2,7,48,8000
158143,event,3,1
158157,action,2,1
160150,event,4,2
160162,action,1,2
162204,packet,1,0,0,0,48,8000
162218,event,0,0
162231,action,0,0
162721,packet,0,0,1,1
162760,packetAck,1
166741,event,2,1
166753,action,1,1
203400,packet,1,0,0,0,47,8000
203415,event,0,0
203427,action,0,0
203685,packet,0,0,1,1
203446,packetAck,1
207686,event,2,1
207699,action,1,1
249818,packet,1,0,0,0,47,8000
249833,event,0,0
249846,action,0,0
250201,packet,0,0,1,1
250241,packetAck,1
254208,event,2,1
254221,action,1,1
297693,packet,1,0,0,0,47,8000
297707,event,0,0
297719,action,0,0
297831,packet,0,0,1,1
297870,packetAck,1
301847,event,2,1
301871,action,1,1
302204,packet,1,0,0,0,47,8000
302218,event,0,0
302247,action,0,0
302297,packet,0,0,1,1
302337,packetAck,1
302678,packet,1,0,2,7,47,8000
302692,event,3,1
302705,action,2,1
304719,event,4,2
304731,action,1,2
306760,packet,1,0,0,0,47,8000
306773,event,0,0
306786,action,0,0
307270,packet,0,0,1,1
307309,packetAck,1
311291,event,2,1
311303,action,1,1
311450,packet,1,0,0,0,47,8000
311464,event,0,0
311477,action,0,0
311503,packet,0,0,1,1
311464,packetAck,1
315520,event,2,1
315533,action,1,1
343526,packet,1,0,0,0,48,8000
343539,event,0,0
343553,action,0,0
343749,packet,0,0,1,1
343588,packetAck,1
347750,event,2,1
347773,action,1,1
348127,packet,1,0,0,0,48,8000
348159,event,0,0
348172,action,0,0
348594,packet,0,0,1,1
348633,packetAck,1
352617,event,2,1
352629,action,1,1
390988,packet,1,0,0,0,47,8000
391003,event,0,0
391015,action,0,0
391054,packet,0,0,1,1
391102,packetAck,1
391425,packet,1,0,2,7,47,8000
391439,event,3,1
391469,action,2,1
393459,event,4,2
393471,action,1,2
395462,packet,1,0,0,0,46,8000
395475,event,0,0
395487,action,0,0
395950,packet,0,0,1,1
395612,packetAck,1
399969,event,2,1
399981,action,1,1
400015,packet,1,0,0,0,48,8000
400032,event,0,0
400044,action,0,0
400078,packet,0,0,1,1
400117,packetAck,1
404097,event,2,1
404109,action,1,1
436805,packet,1,0,0,0,48,8000
436818,event,0,0
436831,action,0,0
436908,packet,0,0,1,1
436947,packetAck,1
440930,event,2,1
440942,action,1,1
441337,packet,1,0,0,0,48,8000
441350,event,0,0
441363,action,0,0
441589,packet,0,0,1,1
441628,packetAck,1
441969,packet,1,0,2,7,48,8000
441982,event,3,1
441996,action,2,1
444003,event,4,2
444015,action,1,2
446041,packet,1,0,0,0,48,8000
446058,event,0,0
446071,action,0,0
446327,packet,0,0,1,1
446366,packetAck,1
450349,event,2,1
450362,action,1,1
450829,packet,1,0,0,0,48,8000
450843,event,0,0
450855,action,0,0
451077,packet,0,0,1,1
451116,packetAck,1
455097,event,2,1
455110,action,1,1
484245,packet,1,0,0,0,47,8000
484258,event,0,0
484272,action,0,0
484528,packet,0,0,1,1
484566,packetAck,1
488539,event,2,1
488552,action,1,1
531185,packet,1,0,0,0,47,8000
531199,event,0,0
531223,action,0,0
531396,packet,0,0,1,1
531439,packetAck,1
535413,event,2,1
535427,action,1,1
579318,packet,1,0,0,0,49,8000
579332,event,0,0
579346,action,0,0
579557,packet,0,0,1,1
579597,packetAck,1
583562,event,2,1
583575,action,1,1
626047,packet,1,0,0,0,46,8000
626062,event,0,0
626075,action,0,0
626339,packet,0,0,1,1
626378,packetAck,1
630345,event,2,1
630358,action,1,1
630640,packet,1,0,0,0,48,8000
630654,event,0,0
630667,action,0,0
630702,packet,0,0,1,1
630741,packetAck,1
634724,event,2,1
634738,action,1,1
671786,packet,1,0,0,0,46,8000
671804,event,0,0
671816,action,0,0
672017,packet,0,0,1,1
671826,packetAck,1
675997,event,2,1
676011,action,1,1
676312,packet,1,0,0,0,46,8000
676326,event,0,0
676339,action,0,0
676833,packet,0,0,1,1
676872,packetAck,1
680876,event,2,1
680890,action,1,1
680962,packet,1,0,0,0,47,8000
680977,event,0,0
681000,action,0,0
681407,packet,0,0,1,1
681447,packetAck,1
681798,packet,1,0,2,7,47,8000
681812,event,3,1
681826,action,2,1
683835,event,4,2
683848,action,1,2
685875,packet,1,0,0,0,47,8000
685893,event,0,0
685906,action,0,0
685920,packet,0,0,1,1
685975,packetAck,1
689956,event,2,1
689970,action,1,1
719222,packet,1,0,0,0,46,8000
719236,event,0,0
719249,action,0,0
719399,packet,0,0,1,1
719454,packetAck,1
723418,event,2,1
723432,action,1,1
723813,packet,1,0,0,0,45,8000
723827,event,0,0
723840,action,0,0
724338,packet,0,0,1,1
723831,packetAck,1
728358,event,2,1
728372,action,1,1
764642,packet,1,0,0,0,48,8000
764655,event,0,0
764668,action,0,0
764986,packet,0,0,1,1
765029,packetAck,1
769024,event,2,1
769038,action,1,1
810546,packet,1,0,0,0,47,8000
810561,event,0,0
810574,action,0,0
810796,packet,0,0,1,1
810840,packetAck,0
814816,event,2,1
814829,action,1,1
855659,packet,1,0,0,0,48,8000
855673,event,0,0
855686,action,0,0
855857,packet,0,0,1,1
855913,packetAck,1
859879,event,2,1
859892,action,1,1
900740,packet,1,0,0,0,47,8000
900754,event,0,0
900767,action,0,0
901078,packet,0,0,1,1
901117,packetAck,1
905101,event,2,1
905114,action,1,1
948062,packet,1,0,0,0,47,8000
948076,event,0,0
948089,action,0,0
948281,packet,0,0,1,1
948093,packetAck,1
952278,event,2,1
952291,action,1,1
952629,packet,1,0,0,0,47,8000
952644,event,0,0
952657,action,0,0
953157,packet,0,0,1,1
953196,packetAck,1
957178,event,2,1
957191,action,1,1
957475,packet,1,0,0,0,47,8000
957489,event,0,0
957526,action,0,0
957905,packet,0,0,1,1
957945,packetAck,1
961945,event,2,1
961958,action,1,1
996245,packet,1,0,0,0,47,8000
996259,event,0,0
996273,action,0,0
996562,packet,0,0,1,1
996283,packetAck,1
1000563,event,2,1
1000576,action,1,1
1000722,packet,1,0,0,0,47,8000
1000736,event,0,0
1000766,action,0,0
1000882,packet,0,0,1,1
1000922,packetAck,1
1004916,event,2,1
1004929,action,1,1
1043664,packet,1,0,0,0,47,8000
1043678,event,0,0
1043691,action,0,0
1044158,packet,0,0,1,1
1044198,packetAck,1
1048170,event,2,1
1048183,action,1,1
1089823,packet,1,0,0,0,48,8000
1089837,event,0,0
1089851,action,0,0
1090345,packet,0,0,1,1
1090385,packetAck,1
1094358,event,2,1
1094371,action,1,1
1094558,packet,1,0,0,0,47,8000
1094573,event,0,0
1094586,action,0,0
1094903,packet,0,0,1,1
1094943,packetAck,1
1098926,event,2,1
1098939,action,1,1
1099166,packet,1,0,0,0,47,8000
1099181,event,0,0
1099194,action,0,0
1099582,packet,0,0,1,1
1099631,packetAck,1
1099975,packet,1,0,2,7,47,8000
1099990,event,3,1
1100003,action,2,1
1102012,event,4,2
1102025,action,1,2
1104052,packet,1,0,0,0,47,8000
1104065,event,0,0
1104079,action,0,0
1104200,packet,0,0,1,1
1104244,packetAck,1
1108238,event,2,1
1108251,action,1,1
1136052,packet,1,0,0,0,47,8000
1136067,event,0,0
1136080,action,0,0
1136128,packet,0,0,1,1
1136168,packetAck,1
1136503,packet,1,0,2,7,47,8000
1136517,event,3,1
1136531,action,2,1
1138494,event,4,2
1138507,action,1,2
1140580,packet,1,0,0,0,49,8000
1140594,event,0,0
1140608,action,0,0
1140689,packet,0,0,1,1
1140729,packetAck,1
1144711,event,2,1
1144724,action,1,1
1145198,packet,1,0,0,0,47,8000
1145213,event,0,0
1145226,action,0,0
1145430,packet,0,0,1,1
1145470,packetAck,1
1149450,event,2,1
1149464,action,1,1
1149934,packet,1,0,0,0,47,8000
1149948,event,0,0
1149961,action,0,0
1150020,packet,0,0,1,1
1150058,packetAck,1
1154041,event,2,1
1154054,action,1,1
