p:4000,20000,6000,600,8000,4000,2000,8000,100
16030,packet,1,0,0,1,56,8000
20029,packet,1,0,0,1,56,8000
24029,packet,1,0,0,1,56,8000
28033,packet,1,0,0,1,56,8000
32039,packet,1,0,0,1,56,8000
36043,packet,1,0,0,1,56,8000
40042,packet,1,0,0,1,56,8000
44047,packet,1,0,0,1,55,8000
48057,packet,1,0,0,1,55,8000
52241,packet,1,0,0,1,55,8000
73606,packet,1,0,0,1,61,8000
77796,packet,1,0,0,1,61,8000
81619,packet,1,0,0,1,60,8000
85648,packet,1,0,0,1,60,8000
89645,packet,1,0,0,1,59,8000
93655,packet,1,0,0,1,60,8000
97665,packet,1,0,0,1,60,8000
101668,packet,1,0,0,1,61,8000
105668,packet,1,0,0,1,61,8000
109667,packet,1,0,0,1,61,8000
129677,packet,1,0,0,1,59,8000
133668,packet,1,0,0,1,57,8000
137668,packet,1,0,0,1,58,8000
141668,packet,1,0,0,1,59,8000
145675,packet,1,0,0,1,58,8000
149680,packet,1,0,0,1,58,8000
153678,packet,1,0,0,1,59,8000
157702,packet,1,0,0,1,58,8000
161678,packet,1,0,0,1,59,8000
165681,packet,1,0,0,1,58,8000
185950,packet,1,0,0,1,44,8000
185966,event,0,0
185980,action,0,0
189976,packet,1,0,0,1,45,8000
189990,event,0,1
193982,packet,1,0,0,1,45,8000
193997,event,0,1
197988,packet,1,0,0,1,45,8000
198002,event,0,1
202076,packet,1,0,0,1,45,8000
202091,event,0,1
206066,packet,1,0,0,1,46,8000
206081,event,0,1
210068,packet,1,0,0,1,46,8000
210084,event,0,1
214039,packet,1,0,0,1,46,8000
214053,event,0,1
218074,packet,1,0,0,1,46,8000
218088,event,0,1
222068,packet,1,0,0,1,45,8000
222083,event,0,1
230099,event,1,1
230113,action,1,1
242904,packet,1,0,0,1,56,8000
246891,packet,1,0,0,1,56,8000
250901,packet,1,0,0,1,56,8000
254888,packet,1,0,0,1,55,8000
258888,packet,1,0,0,1,56,8000
262900,packet,1,0,0,1,56,8000
267087,packet,1,0,0,1,56,8000
270909,packet,1,0,0,1,56,8000
274914,packet,1,0,0,1,56,8000
278938,packet,1,0,0,1,56,8000
299512,packet,1,0,0,1,46,8000
299526,event,0,0
299540,action,0,0
303709,packet,1,0,0,1,46,8000
303724,event,0,1
307719,packet,1,0,0,1,46,8000
307734,event,0,1
311717,packet,1,0,0,1,46,8000
311733,event,0,1
315709,packet,1,0,0,1,46,8000
315740,event,0,1
319719,packet,1,0,0,1,46,8000
319734,event,0,1
323724,packet,1,0,0,1,46,8000
323738,event,0,1
327728,packet,1,0,0,1,46,8000
327742,event,0,1
331918,packet,1,0,0,1,46,8000
331932,event,0,1
335917,packet,1,0,0,1,46,8000
335931,event,0,1
343933,event,1,1
343948,action,1,1
358223,packet,1,0,0,1,57,8000
362233,packet,1,0,0,1,54,8000
366232,packet,1,0,0,1,55,8000
370235,packet,1,0,0,1,54,8000
374294,packet,1,0,0,1,55,8000
378295,packet,1,0,0,1,57,8000
382295,packet,1,0,0,1,55,8000
386303,packet,1,0,0,1,54,8000
390304,packet,1,0,0,1,54,8000
394307,packet,1,0,0,1,55,8000
415909,packet,1,0,0,1,47,8000
415923,event,0,0
415938,action,0,0
419919,packet,1,0,0,1,47,8000
419934,event,0,1
423918,packet,1,0,0,1,47,8000
423933,event,0,1
428012,packet,1,0,0,1,47,8000
428026,event,0,1
432003,packet,1,0,0,1,47,8000
432017,event,0,1
435983,packet,1,0,0,1,47,8000
435999,event,0,1
440012,packet,1,0,0,1,47,8000
440027,event,0,1
444010,packet,1,0,0,1,47,8000
444026,event,0,1
448005,packet,1,0,0,1,47,8000
448021,event,0,1
452016,packet,1,0,0,1,47,8000
452031,event,0,1
456207,packet,1,0,0,1,47,8000
456222,event,0,1
464236,event,1,1
464250,action,1,1
472038,packet,1,0,0,1,63,8000
476019,packet,1,0,0,1,63,8000
480018,packet,1,0,0,1,66,8000
484020,packet,1,0,0,1,66,8000
488019,packet,1,0,0,1,66,8000
492041,packet,1,0,0,1,62,8000
496037,packet,1,0,0,1,64,8000
500034,packet,1,0,0,1,64,8000
504191,packet,1,0,0,1,63,8000
508190,packet,1,0,0,1,63,8000
512192,packet,1,0,0,1,62,8000
533304,packet,1,0,0,1,55,8000
537320,packet,1,0,0,1,55,8000
541327,packet,1,0,0,1,55,8000
545343,packet,1,0,0,1,54,8000
549347,packet,1,0,0,1,55,8000
553359,packet,1,0,0,1,56,8000
557353,packet,1,0,0,1,55,8000
561361,packet,1,0,0,1,55,8000
565362,packet,1,0,0,1,55,8000
569370,packet,1,0,0,1,57,8000
573371,packet,1,0,0,1,57,8000
