p:4000,20000,6000,600,8000,4000,2000,8000,70
16215,packet,1,0,0,1,56,8000
21070,packet,1,0,0,1,56,8000
25980,packet,1,0,0,1,56,8000
30047,packet,1,0,0,1,55,8000
74093,packet,1,0,0,1,54,8000
74131,event,0,0
74146,action,0,0
74301,packet,0,0,1,1
74343,packetAck,1
74674,packet,1,0,2,5,54,8000
74689,event,3,1
74705,action,2,1
76719,event,4,2
76733,action,1,2
78781,packet,1,0,0,1,54,8000
78819,event,0,0
78833,action,0,0
79332,packet,0,0,1,1
79374,packetAck,1
83359,event,2,1
83374,action,1,1
86912,packet,1,0,0,1,54,8000
86950,event,0,0
86965,action,0,0
87315,packet,0,0,1,1
87358,packetAck,1
91343,event,2,1
91357,action,1,1
91799,packet,1,0,0,1,54,8000
91837,event,0,0
91852,action,0,0
92041,packet,0,0,1,1
92083,packetAck,1
96066,event,2,1
96081,action,1,1
96827,packet,1,0,0,1,54,8000
96865,event,0,0
96879,action,0,0
97275,packet,0,0,1,1
97317,packetAck,1
97675,packet,1,0,2,5,54,8000
97691,event,3,1
97706,action,2,1
99672,event,4,2
99686,action,1,2
101812,packet,1,0,0,1,54,8000
101855,event,0,0
101869,action,0,0
102214,packet,0,0,1,1
102256,packetAck,1
106252,event,2,1
106267,action,1,1
109950,packet,1,0,0,1,54,8000
109988,event,0,0
110002,action,0,0
110377,packet,0,0,1,1
110432,packetAck,1
114417,event,2,1
114431,action,1,1
127285,packet,1,0,0,1,62,8000
131876,packet,1,0,0,1,56,8000
135951,packet,1,0,0,1,73,8000
140020,packet,1,0,0,1,76,8000
144083,packet,1,0,0,1,79,8000
148159,packet,1,0,0,1,76,8000
153154,packet,1,0,0,1,71,8000
157217,packet,1,0,0,1,76,8000
161286,packet,1,0,0,1,75,8000
186509,packet,1,0,0,1,53,8000
186547,event,0,0
186562,action,0,0
186746,packet,0,0,1,1
186788,packetAck,1
187308,packet,1,0,2,5,53,8000
187323,event,3,1
187337,action,2,1
189352,event,4,2
189366,action,1,2
191405,packet,1,0,0,1,53,8000
191443,event,0,0
191457,action,0,0
191541,packet,0,0,1,1
191583,packetAck,1
195568,event,2,1
195583,action,1,1
243592,packet,1,0,0,1,52,8000
243630,event,0,0
243646,action,0,0
243898,packet,0,0,1,1
243940,packetAck,1
247912,event,2,1
247926,action,1,1
300313,packet,1,0,0,1,53,8000
300351,event,0,0
300367,action,0,0
300428,packet,0,0,1,1
300478,packetAck,1
300810,packet,1,0,2,5,53,8000
300840,event,3,1
300854,action,2,1
302868,event,4,2
302883,action,1,2
304913,packet,1,0,0,1,54,8000
304951,event,0,0
304965,action,0,0
305090,packet,0,0,1,1
305132,packetAck,1
309130,event,2,1
309144,action,1,1
309566,packet,1,0,0,1,53,8000
309604,event,0,0
309619,action,0,0
309969,packet,0,0,1,1
310012,packetAck,1
313994,event,2,1
314008,action,1,1
314617,packet,1,0,0,1,53,8000
314655,event,0,0
314670,action,0,0
315035,packet,0,0,1,1
315077,packetAck,1
319059,event,2,1
319073,action,1,1
322751,packet,1,0,0,1,53,8000
322789,event,0,0
322804,action,0,0
323089,packet,0,0,1,1
323131,packetAck,1
323484,packet,1,0,2,5,54,8000
323499,event,3,1
323514,action,2,1
325527,event,4,2
325541,action,1,2
327720,packet,1,0,0,1,53,8000
327757,event,0,0
327772,action,0,0
327922,packet,0,0,1,1
327783,packetAck,1
331960,event,2,1
331975,action,1,1
332674,packet,1,0,0,1,54,8000
332712,event,0,0
332727,action,0,0
333126,packet,0,0,1,1
333176,packetAck,1
337150,event,2,1
337164,action,1,1
337614,packet,1,0,0,1,54,8000
337652,event,0,0
337667,action,0,0
338173,packet,0,0,1,1
338215,packetAck,1
342200,event,2,1
342214,action,1,1
359019,packet,1,0,0,1,56,8000
363654,packet,1,0,0,1,60,8000
367716,packet,1,0,0,1,58,8000
371786,packet,1,0,0,1,55,8000
376030,packet,1,0,0,1,55,8000
380121,packet,1,0,0,1,54,8000
380163,event,0,0
380177,action,0,0
380238,packet,0,0,1,1
380280,packetAck,1
380633,packet,1,0,2,5,55,8000
380647,event,3,1
380661,action,2,1
382676,event,4,2
382690,action,1,2
384715,packet,1,0,0,1,53,8000
384753,event,0,0
384768,action,0,0
385024,packet,0,0,1,1
385066,packetAck,1
389025,event,2,1
389038,action,1,1
389392,packet,1,0,0,1,52,8000
389428,event,0,0
389443,action,0,0
389619,packet,0,0,1,1
389660,packetAck,1
393667,event,2,1
393681,action,1,1
397546,packet,1,0,0,1,54,8000
397596,event,0,0
397611,action,0,0
398027,packet,0,0,1,1
398067,packetAck,1
402067,event,2,1
402082,action,1,1
416761,packet,1,0,0,1,50,8000
416799,event,0,0
416813,action,0,0
417025,packet,0,0,1,1
417080,packetAck,1
421059,event,2,1
421072,action,1,1
421401,packet,1,0,0,1,50,8000
421437,event,0,0
421452,action,0,0
421605,packet,0,0,1,1
421647,packetAck,1
421988,packet,1,0,2,5,50,8000
422004,event,3,1
422018,action,2,1
422412,packet,1,0,2,5,50,8000
422428,event,1,2
422482,packet,1,0,2,5,50,8000
422502,event,1,2
426555,packet,1,0,2,5,50,8000
426572,event,1,2
430626,packet,1,0,2,5,50,8000
430641,event,1,2
434692,packet,1,0,2,5,51,8000
434708,event,1,2
438768,packet,1,0,2,5,50,8000
438784,event,1,2
442832,packet,1,0,2,5,50,8000
442848,event,1,2
446917,packet,1,0,2,5,51,8000
446933,event,1,2
450987,packet,1,0,2,5,51,8000
451004,event,1,2
455059,packet,1,0,2,5,51,8000
455074,event,1,2
463059,event,4,2
463073,action,1,2
475605,packet,1,0,0,1,51,8000
475642,event,0,0
475661,action,0,0
475696,packet,0,0,1,1
475739,packetAck,1
476070,packet,1,0,2,5,51,8000
476086,event,3,1
476101,action,2,1
476614,packet,1,0,2,5,50,8000
476630,event,1,2
476686,packet,1,0,2,5,51,8000
476701,event,1,2
480758,packet,1,0,2,5,51,8000
480775,event,1,2
484827,packet,1,0,2,5,51,8000
484843,event,1,2
488893,packet,1,0,2,5,51,8000
488909,event,1,2
493089,packet,1,0,2,5,51,8000
493106,event,1,2
497167,packet,1,0,2,5,51,8000
497183,event,1,2
501232,packet,1,0,2,5,51,8000
501248,event,1,2
505305,packet,1,0,2,5,51,8000
505320,event,1,2
509379,packet,1,0,2,5,51,8000
509396,event,1,2
513452,packet,1,0,2,5,51,8000
513467,event,1,2
521467,event,4,2
521489,action,1,2
534041,packet,1,0,0,1,58,8000
