p:4000,20000,6000,600,8000,4000,2000,8000,70
16244,packet,1,0,0,1,56,8000
16282,event,0,0
16297,action,0,0
16408,packet,0,0,1,1
16450,packetAck,1
16783,packet,1,0,2,5,56,8000
16799,event,3,1
16814,action,2,1
17203,packet,1,0,2,5,56,8000
17219,event,1,2
17274,packet,1,0,2,5,56,8000
17290,event,1,2
21351,packet,1,0,2,5,56,8000
21366,event,1,2
25417,packet,1,0,2,5,56,8000
25434,event,1,2
29479,packet,1,0,2,5,57,8000
29494,event,1,2
33555,packet,1,0,2,5,57,8000
33571,event,1,2
37631,packet,1,0,2,5,56,8000
37650,event,1,2
41709,packet,1,0,2,5,56,8000
41725,event,1,2
45785,packet,1,0,2,5,57,8000
45800,event,1,2
50035,packet,1,0,2,5,58,8000
50051,event,1,2
54108,packet,1,0,2,5,57,8000
54123,event,1,2
62123,event,4,2
62137,action,1,2
74047,packet,1,0,0,1,50,8000
74084,event,0,0
74100,action,0,0
74426,packet,0,0,1,1
74468,packetAck,1
74967,packet,1,0,2,5,50,8000
74982,event,3,1
74998,action,2,1
77012,event,4,2
77026,action,1,2
79052,packet,1,0,0,1,50,8000
79090,event,0,0
79104,action,0,0
79322,packet,0,0,1,1
79364,packetAck,1
83359,event,2,1
83373,action,1,1
83747,packet,1,0,0,1,51,8000
83785,event,0,0
83799,action,0,0
83979,packet,0,0,1,1
84022,packetAck,1
88006,event,2,1
88020,action,1,1
88649,packet,1,0,0,1,51,8000
88687,event,0,0
88701,action,0,0
89003,packet,0,0,1,1
89046,packetAck,1
93044,event,2,1
93058,action,1,1
96771,packet,1,0,0,1,51,8000
96809,event,0,0
96824,action,0,0
97309,packet,0,0,1,1
97365,packetAck,1
97699,packet,1,0,2,5,51,8000
97715,event,3,1
97733,action,2,1
99712,event,4,2
99726,action,1,2
101831,packet,1,0,0,1,51,8000
101869,event,0,0
101883,action,0,0
102388,packet,0,0,1,1
102430,packetAck,1
106428,event,2,1
106442,action,1,1
106513,packet,1,0,0,1,50,8000
106551,event,0,0
106566,action,0,0
106726,packet,0,0,1,1
106768,packetAck,1
110750,event,2,1
110765,action,1,1
129809,packet,1,0,0,1,59,8000
129847,event,0,0
129876,action,0,0
130230,packet,0,0,1,1
129900,packetAck,1
134255,event,2,1
134270,action,1,1
186383,packet,1,0,0,1,59,8000
186417,event,0,0
186432,action,0,0
186705,packet,0,0,1,1
186747,packetAck,1
187082,packet,1,0,2,5,59,8000
187097,event,3,1
187112,action,2,1
189127,event,4,2
189141,action,1,2
191182,packet,1,0,0,1,59,8000
191220,event,0,0
191234,action,0,0
191529,packet,0,0,1,1
191571,packetAck,1
195567,event,2,1
195582,action,1,1
243215,packet,1,0,0,1,51,8000
243253,event,0,0
243267,action,0,0
243629,packet,0,0,1,1
243671,packetAck,1
247657,event,2,1
247672,action,1,1
299787,packet,1,0,0,1,52,8000
299821,event,0,0
299837,action,0,0
300106,packet,0,0,1,1
300148,packetAck,1
304149,event,2,1
304163,action,1,1
304449,packet,1,0,0,1,52,8000
304487,event,0,0
304501,action,0,0
304946,packet,0,0,1,1
304988,packetAck,1
308963,event,2,1
308977,action,1,1
309173,packet,1,0,0,1,52,8000
309211,event,0,0
309225,action,0,0
309442,packet,0,0,1,1
309484,packetAck,1
313478,event,2,1
313492,action,1,1
358692,packet,1,0,0,1,52,8000
358730,event,0,0
358745,action,0,0
359070,packet,0,0,1,1
359108,packetAck,1
363104,event,2,1
363119,action,1,1
366823,packet,1,0,0,1,53,8000
366861,event,0,0
366877,action,0,0
366956,packet,0,0,1,1
366997,packetAck,1
367341,packet,1,0,2,5,53,8000
367356,event,1,1
367371,action,1,1
370907,packet,1,0,0,1,53,8000
370945,event,0,0
370960,action,0,0
371408,packet,0,0,1,1
371450,packetAck,1
375433,event,2,1
375448,action,1,1
379755,packet,1,0,0,1,53,8000
379802,event,0,0
379816,action,0,0
380011,packet,0,0,1,1
379772,packetAck,1
384034,event,2,1
384048,action,1,1
416338,packet,1,0,0,1,49,8000
416375,event,0,0
416390,action,0,0
416600,packet,0,0,1,1
416640,packetAck,1
420624,event,2,1
420638,action,1,1
420904,packet,1,0,0,1,49,8000
420942,event,0,0
420957,action,0,0
421371,packet,0,0,1,1
421430,packetAck,1
425397,event,2,1
425411,action,1,1
425797,packet,1,0,0,1,50,8000
425835,event,0,0
425849,action,0,0
425991,packet,0,0,1,1
426033,packetAck,1
426385,packet,1,0,2,5,50,8000
426400,event,3,1
426415,action,2,1
426831,packet,1,0,2,5,50,8000
426847,event,1,2
427095,packet,1,0,2,5,50,8000
427110,event,1,2
435107,event,4,2
435122,action,1,2
437992,packet,1,0,0,1,50,8000
438047,event,0,0
438061,action,0,0
438294,packet,0,0,1,1
438336,packetAck,1
442329,event,2,1
442342,action,1,1
447223,packet,1,0,0,1,50,8000
447260,event,0,0
447274,action,0,0
447350,packet,0,0,1,1
447396,packetAck,1
447744,packet,1,0,2,5,50,8000
447767,event,3,1
447782,action,2,1
448193,packet,1,0,2,5,50,8000
448209,event,1,2
448266,packet,1,0,2,5,50,8000
448281,event,1,2
456277,event,4,2
456291,action,1,2
475679,packet,1,0,0,1,46,8000
475717,event,0,0
475731,action,0,0
476000,packet,0,0,1,1
476059,packetAck,1
476389,packet,1,0,2,5,46,8000
476405,event,3,1
476420,action,2,1
476795,packet,1,0,2,5,46,8000
476811,event,1,2
476866,packet,1,0,2,5,46,8000
476882,event,1,2
480946,packet,1,0,2,5,46,8000
480962,event,1,2
485008,packet,1,0,2,5,46,8000
485023,event,1,2
489073,packet,1,0,2,5,46,8000
489098,event,1,2
493147,packet,1,0,2,5,46,8000
493162,event,1,2
497200,packet,1,0,2,5,46,8000
497215,event,1,2
501283,packet,1,0,2,5,46,8000
501299,event,1,2
505347,packet,1,0,2,5,46,8000
505363,event,1,2
509429,packet,1,0,2,5,46,8000
509445,event,1,2
513603,packet,1,0,2,5,46,8000
513620,event,1,2
521620,event,4,2
521635,action,1,2
534007,packet,1,0,0,1,56,8000
534045,event,0,0
534060,action,0,0
534561,packet,0,0,1,1
534604,packetAck,1
538577,event,2,1
538591,action,1,1
