x
983,0,0
1083,0,0
1183,0,0
1283,0,0
1383,0,0
1483,0,0
1583,0,0
1683,0,0
1783,0,0
1883,0,0
1983,0,0
2083,0,0
2183,0,0
2283,0,0
2383,0,0
2483,0,0
2583,0,0
2683,0,0
2783,0,0
2883,0,0
2983,0,0
3083,0,0
3183,0,0
3283,0,0
3383,0,0
3483,0,0
3583,0,0
3683,0,0
3783,0,0
3883,0,0
3983,0,0
4118,0,0
4218,0,1
4339,0,1
4439,1,2
4539,1,2
4639,1,2
4739,1,2
4839,1,2
4939,1,2
5033,0,2
5133,0,2
5233,0,2
5333,0,2
5433,0,2
5533,0,2
5633,0,2
5733,0,2
5833,0,2
5933,0,2
6033,0,2
6133,0,2
6233,0,2
6333,0,2
6433,0,0
6533,0,0
6633,0,0
6733,0,0
6833,0,0
6933,0,0
7033,0,0
7133,0,0
7233,0,0
7333,0,0
7433,0,0
7533,0,0
7633,0,0
7733,0,0
7833,0,0
7933,0,0
8033,0,0
8133,0,0
8233,0,0
8333,0,0
8433,0,1
8533,0,1
8633,0,1
8733,0,1
8833,0,1
8933,0,1
9032,0,1
9132,0,1
9232,0,1
9332,0,1
9432,0,1
9532,0,1
9632,0,1
9732,0,1
9832,0,1
9932,0,1
10032,0,1
10132,0,1
10232,0,1
10332,0,1
10432,0,1
10532,0,1
10632,0,1
10732,0,1
10832,0,1
10932,0,1
11032,0,1
11132,0,1
11232,0,1
11332,0,1
11432,0,1
11532,0,1
11632,0,1
11732,0,1
11832,0,1
11932,0,1
12032,0,1
12132,0,1
12232,0,1
12332,0,1
12442,0,0
12542,0,0
12642,0,0
12742,0,0
12842,0,0
12942,0,0
13039,0,0
13139,0,0
13239,0,0
13339,0,0
13439,0,0
13539,0,0
13639,0,0
13739,0,0
13839,0,0
13939,0,0
14039,0,0
14139,0,0
14239,0,0
14339,0,0
14439,0,0
14539,0,0
14639,0,0
14739,0,0
14839,0,0
14939,0,0
15039,0,0
15139,0,0
15239,0,0
15339,0,0
15439,0,0
15540,0,0
15640,0,0
15740,0,0
15840,0,0
15940,0,0
16040,0,0
16140,0,0
16240,0,0
16340,0,0
16440,0,0
16540,0,1
16640,0,1
16740,0,1
16840,0,1
16940,0,1
17035,0,1
17135,0,1
17235,0,1
17335,0,1
17435,0,1
17535,0,1
17635,0,1
17735,0,1
17835,0,1
17935,0,1
18035,0,1
18135,0,1
18235,0,1
18335,0,1
18436,0,1
18536,0,1
18636,0,1
18736,0,1
18836,0,1
18936,0,1
19036,0,1
19136,0,1
19236,0,1
19336,0,1
19436,0,1
19536,0,1
19636,0,1
19736,0,1
19836,0,1
19936,0,1
20036,0,1
20136,0,1
20236,0,1
20336,0,1
20436,0,1
20550,0,0
20650,0,0
20750,0,0
20850,0,0
20950,0,0
21046,0,0
21146,0,0
21246,0,0
21346,0,0
21446,0,0
21547,0,0
21647,0,0
21747,0,0
21847,0,0
21947,0,0
22047,0,0
22147,0,0
22247,0,0
22347,0,0
22447,0,0
22547,0,0
22647,0,0
22747,0,0
22847,0,0
22947,0,0
23047,0,0
23147,0,0
23247,0,0
23347,0,0
23447,0,0
23547,0,0
23647,0,0
23747,0,0
23847,0,0
23947,0,0
24047,0,0
24147,0,0
24247,0,0
24347,0,0
24448,0,0
24548,0,0
24648,0,0
24748,0,0
24848,0,0
24948,0,0
25044,0,0
25144,0,0
25244,0,0
25344,0,0
25444,0,0
25544,0,0
25644,0,0
25744,0,0
25844,0,0
25944,0,0
26044,0,0
26144,0,0
26244,0,0
26344,0,0
26444,0,0
26544,0,0
26644,0,0
26744,0,0
26844,0,0
26944,0,0
27044,0,0
27144,0,0
27244,0,0
27344,0,0
27444,0,0
27544,0,0
27644,0,0
27744,0,0
27844,0,0
27944,0,0
28044,0,0
28144,0,0
28244,0,0
28344,0,0
28444,0,0
28544,0,0
28644,0,0
28744,0,0
28844,0,0
28944,0,0
29040,0,0
29140,0,0
29240,0,0
29340,0,0
29440,0,0
29540,0,0
29640,0,0
29740,0,0
29840,0,0
29940,0,0
30040,0,0
30140,0,0
30240,0,0
30340,0,0
30440,0,0
30540,0,0
30640,0,0
30740,0,0
30840,0,0
30940,0,0
31040,0,0
31140,0,0
31240,0,0
31340,0,0
31440,0,0
31540,0,0
31640,0,0
31740,0,0
31840,0,0
31940,0,0
32040,0,0
32140,0,0
32240,0,0
32340,0,0
32440,0,0
32540,0,0
32640,0,0
32740,0,0
32840,0,0
32940,0,0
33040,0,0
33140,0,0
33240,0,0
33340,0,0
33440,0,0
33540,0,0
33640,0,0
33740,0,0
33840,0,0
33940,0,0
34040,0,0
34140,0,0
34240,0,0
34340,0,0
34440,0,0
34540,0,0
34640,0,0
34740,0,0
34840,0,0
34940,0,0
35040,0,0
35140,0,0
35240,0,0
35340,0,0
35440,0,0
35540,0,0
35640,0,0
35740,0,0
35840,0,0
35940,0,0
36040,0,0
36140,0,0
36240,0,0
36340,0,0
36440,0,0
36540,0,0
36640,0,0
36740,0,0
36840,0,0
36940,0,0
37040,0,0
37140,0,0
37240,0,0
37340,0,0
37440,0,0
37540,0,0
37640,0,0
37740,0,0
37840,0,0
37940,0,0
38040,0,0
38140,0,0
38240,0,0
38340,0,0
38440,0,0
38540,0,0
38640,0,0
38740,0,0
38840,0,0
38940,0,0
39040,0,0
39140,0,0
39240,0,0
39340,0,0
39440,0,0
39540,0,0
39640,0,0
39740,0,0
39840,0,0
39940,0,0
40040,0,0
40140,0,0
40240,0,0
40340,0,0
40440,0,0
40540,0,0
40640,0,0
40740,0,0
40840,0,0
40940,0,0
41027,0,0
41127,0,0
41227,0,0
41327,0,0
41427,0,0
41527,0,0
41627,0,0
41727,0,0
41827,0,0
41927,0,0
42027,0,0
42127,0,0
42252,0,0
42352,0,1
42452,1,2
42552,1,2
42652,1,2
42752,1,2
42852,1,2
42952,1,2
43052,1,2
43152,1,2
43252,1,2
43352,1,2
43452,1,2
43552,1,2
43652,1,2
43752,1,2
43852,1,2
43952,1,2
44052,1,2
44152,1,2
44252,1,2
44353,1,2
44484,0,0
44584,0,0
44684,0,0
44784,0,0
44884,0,0
44981,0,0
45081,0,0
45181,0,0
45281,0,0
45381,0,0
45481,0,0
45581,0,0
45681,0,0
45781,0,0
45881,0,0
45981,0,0
46081,0,0
46181,0,0
46281,0,0
46381,0,0
46481,0,0
46592,0,1
46692,0,1
46792,0,1
46892,0,1
46992,0,1
47092,0,1
47192,0,1
47292,0,1
47392,0,1
47492,0,1
47592,0,1
47692,0,1
47792,0,1
47892,0,1
47992,0,1
48092,0,1
48192,0,1
48292,0,1
48392,0,1
48492,0,1
48592,0,1
48692,0,1
48792,0,1
48892,0,1
48987,0,1
49087,0,1
49187,0,1
49287,0,1
49387,0,1
49487,0,1
49587,0,1
49687,0,1
49787,0,1
49887,0,1
49987,0,1
50087,0,1
50187,0,1
50287,0,1
50387,0,1
50487,0,1
50587,0,0
50687,0,0
50841,0,0
50941,0,1
51041,0,1
51141,0,1
51241,0,1
51342,0,1
51442,0,1
51542,0,1
51642,0,1
51742,0,1
51842,0,1
51942,0,1
52042,0,1
52142,0,1
52242,0,1
52342,0,1
52442,0,1
52542,0,1
52642,0,1
52742,0,1
52842,0,1
52942,0,1
53037,0,1
53137,0,1
53237,0,1
53337,0,1
53437,0,1
53537,0,1
53637,0,1
53737,0,1
53837,0,1
53937,0,1
54037,0,1
54137,0,1
54238,0,1
54338,0,1
54438,0,1
54538,0,1
54638,0,1
54738,0,1
54861,0,0
54961,0,0
55061,0,0
55161,0,0
55262,0,0
55362,0,0
55462,0,0
55562,0,0
55662,0,0
55762,0,0
55862,0,0
55962,0,0
56062,0,0
56162,0,0
56262,0,0
56362,0,0
56462,0,0
56562,0,0
56662,0,0
56762,0,0
56862,0,0
56962,0,0
57058,0,0
57158,0,0
57258,0,0
57358,0,0
57458,0,0
57558,0,0
57658,0,0
57758,0,0
57858,0,0
57958,0,0
58058,0,0
58158,0,0
58258,0,0
58358,0,0
58458,0,0
58558,0,0
58658,0,0
58758,0,0
58858,0,0
58958,0,0
59058,0,0
59158,0,0
59258,0,0
59358,0,0
59458,0,0
59558,0,0
59658,0,0
59758,0,0
59858,0,0
59958,0,0
60058,0,0
60158,0,0
60258,0,0
60358,0,0
60458,0,0
60558,0,0
60658,0,0
60758,0,0
60858,0,0
60958,0,0
61054,0,0
61154,0,0
61254,0,0
61354,0,0
61454,0,0
61554,0,0
61654,0,0
61754,0,0
61854,0,0
61954,0,0
62054,0,0
62154,0,0
62254,0,0
62354,0,0
62454,0,0
62554,0,0
62654,0,0
62754,0,0
62854,0,0
62954,0,0
63054,0,0
63154,0,0
63254,0,0
63354,0,0
63454,0,0
63554,0,0
63654,0,0
63754,0,0
63854,0,0
63954,0,0
64054,0,0
64154,0,0
64254,0,0
64354,0,0
64454,0,0
64554,0,0
64654,0,0
64754,0,0
64854,0,0
64954,0,0
65050,0,0
65150,0,0
65250,0,0
65350,0,0
65450,0,0
65550,0,0
65650,0,0
65750,0,0
65850,0,0
65950,0,0
66050,0,0
66150,0,0
66250,0,0
66350,0,0
66450,0,0
66550,0,0
66650,0,0
66750,0,0
66850,0,0
66950,0,0
67050,0,0
67150,0,0
67250,0,0
67350,0,0
67450,0,0
67550,0,0
67650,0,0
67750,0,0
67850,0,0
67950,0,0
68050,0,0
68150,0,0
68250,0,0
68350,0,0
68450,0,0
68550,0,0
68650,0,0
68750,0,0
68850,0,0
68950,0,0
69046,0,0
69146,0,0
69246,0,0
69346,0,0
69446,0,0
69546,0,0
69646,0,0
69746,0,0
69846,0,0
69946,0,0
70046,0,0
70146,0,0
70246,0,0
70346,0,0
70446,0,0
70546,0,0
70646,0,0
70746,0,0
70846,0,0
70946,0,0
71046,0,0
71146,0,0
71246,0,0
71346,0,0
71446,0,0
71546,0,0
71646,0,0
71746,0,0
71846,0,0
71946,0,0
72046,0,0
72146,0,0
72246,0,0
72346,0,0
72446,0,0
72546,0,0
72646,0,0
72746,0,0
72846,0,0
72946,0,0
73046,0,0
73146,0,0
73246,0,0
73346,0,0
73446,0,0
73546,0,0
73646,0,0
73746,0,0
73846,0,0
73946,0,0
74046,0,0
74146,0,0
74246,0,0
74346,0,0
74446,0,0
74546,0,0
74646,0,0
74746,0,0
74846,0,0
74946,0,0
75046,0,0
75146,0,0
75246,0,0
75346,0,0
75446,0,0
75546,0,0
75646,0,0
75746,0,0
75846,0,0
75946,0,0
76046,0,0
76146,0,0
76246,0,0
76346,0,0
76446,0,0
76546,0,0
76646,0,0
76746,0,0
76846,0,0
76946,0,0
77046,0,0
77146,0,0
77246,0,0
77346,0,0
77446,0,0
77546,0,0
77646,0,0
77746,0,0
77846,0,0
77946,0,0
78046,0,0
78146,0,0
78246,0,0
78346,0,0
78446,0,0
78546,0,0
78646,0,0
78746,0,0
78846,0,0
78946,0,0
79046,0,0
79146,0,0
79246,0,0
79346,0,0
79446,0,0
79546,0,0
79646,0,0
79746,0,0
79846,0,0
79946,0,0
80046,0,0
80146,0,0
80246,0,0
80346,0,0
80446,0,0
80546,0,0
80646,0,0
80746,0,0
80846,0,0
80946,0,0
81034,0,0
81134,0,0
81234,0,0
81334,0,0
81434,0,0
81534,0,0
81634,0,0
81734,0,0
81834,0,0
81934,0,0
82034,0,0
82134,0,0
82234,0,0
82334,0,0
82434,0,0
82534,0,0
82634,0,0
82734,0,0
82834,0,0
82934,0,0
83034,0,1
83134,0,1
83234,0,1
83334,0,1
83434,0,1
83534,0,1
83634,0,1
83734,0,1
83834,0,1
83934,0,1
84034,0,1
84134,0,1
84234,0,1
84334,0,1
84434,0,1
84534,0,1
84634,0,1
84734,0,1
84834,0,1
84934,0,1
85029,0,1
85129,0,1
85229,0,1
85329,0,1
85429,0,1
85529,0,1
85629,0,1
85729,0,1
85829,0,1
85929,0,1
86029,0,1
86129,0,1
86229,0,1
86329,0,1
86429,0,1
86529,0,1
86629,0,1
86729,0,1
86829,0,1
86929,0,1
87038,0,0
87138,0,0
87300,0,0
87400,0,1
87500,0,1
87600,0,1
87700,0,1
87800,0,1
87900,0,1
88000,0,1
88100,0,1
88200,0,1
88300,0,1
88400,0,1
88500,0,1
88600,0,1
88700,0,1
88800,0,1
88900,0,1
89000,0,1
89086,0,1
89186,0,1
89286,0,1
89386,0,1
89486,0,1
89586,0,1
89686,0,1
89786,0,1
89886,0,1
89986,0,1
90086,0,1
90186,0,1
90287,0,1
90387,0,1
90487,0,1
90587,0,1
90687,0,1
90787,0,1
90887,0,1
90987,0,1
91087,0,1
91187,0,1
91312,0,0
91412,0,0
91512,0,0
91612,0,0
91712,0,0
91812,0,0
91912,0,0
92012,0,0
92112,0,0
92212,0,0
92312,0,0
92412,0,0
92512,0,0
92612,0,0
92712,0,0
92812,0,0
92912,0,0
93017,0,0
93117,0,0
93217,0,0
93317,0,0
93417,0,0
93517,0,0
93617,0,0
93717,0,0
93817,0,0
93917,0,0
94017,0,0
94117,0,0
94218,0,0
94318,0,0
94418,0,0
94518,0,0
94618,0,0
94718,0,0
94818,0,0
94918,0,0
95018,0,0
95118,0,0
95218,0,0
95318,0,0
95418,0,0
95518,0,0
95618,0,0
95718,0,0
95818,0,0
95918,0,0
96018,0,0
96118,0,0
96218,0,0
96318,0,0
96418,0,0
96518,0,0
96618,0,0
96718,0,0
96818,0,0
96918,0,0
97014,0,0
97115,0,0
97215,0,0
97315,0,0
97415,0,0
97515,0,0
97615,0,0
97715,0,0
97815,0,0
97915,0,0
98015,0,0
98115,0,0
98215,0,0
98315,0,0
98415,0,0
98515,0,0
98615,0,0
98715,0,0
98815,0,0
98915,0,0
99015,0,0
99115,0,0
99215,0,0
99315,0,0
99415,0,0
99515,0,0
99615,0,0
99715,0,0
99815,0,0
99915,0,0
100016,0,0
100116,0,0
100216,0,0
100316,0,0
100416,0,0
100516,0,0
100616,0,0
100716,0,0
100816,0,0
100916,0,0
101011,0,0
101111,0,0
101211,0,0
101311,0,0
101411,0,0
101511,0,0
101611,0,0
101711,0,0
101811,0,0
101911,0,0
102011,0,0
102111,0,0
102211,0,0
102311,0,0
102411,0,0
102511,0,0
102611,0,0
102711,0,0
102811,0,0
102911,0,0
103011,0,0
103111,0,0
103211,0,0
103311,0,0
103411,0,0
103511,0,0
103611,0,0
103711,0,0
103811,0,0
103911,0,0
104011,0,0
104111,0,0
104211,0,0
104311,0,0
104411,0,0
104511,0,0
104611,0,0
104711,0,0
104811,0,0
104911,0,0
105011,0,0
105091,0,0
105191,0,0
105291,0,0
105391,0,0
105491,0,0
105591,0,0
105691,0,0
105791,0,0
105891,0,0
105991,0,0
106091,0,0
106191,0,0
106291,0,0
106391,0,0
106491,0,0
106591,0,0
106691,0,0
106791,0,0
106891,0,0
106991,0,0
107091,0,0
107191,0,0
107291,0,0
107391,0,0
107491,0,0
107591,0,0
107691,0,0
107791,0,0
107891,0,0
107991,0,0
108091,0,0
108191,0,0
108291,0,0
108391,0,0
108491,0,0
108591,0,0
108691,0,0
108791,0,0
108891,0,0
108991,0,0
109097,0,0
109197,0,0
109297,0,0
109397,0,0
109497,0,0
109597,0,0
109697,0,0
109797,0,0
109897,0,0
109997,0,0
110097,0,0
110197,0,0
110297,0,0
110397,0,0
110497,0,0
110597,0,0
110697,0,0
110797,0,0
110897,0,0
110997,0,0
111097,0,0
111197,0,0
111297,0,0
111397,0,0
111497,0,0
111597,0,0
111697,0,0
111797,0,0
111897,0,0
111997,0,0
112097,0,0
112197,0,0
112297,0,0
112397,0,0
112497,0,0
112597,0,0
112697,0,0
112797,0,0
112897,0,0
112997,0,0
113097,0,0
113197,0,0
113297,0,0
113397,0,0
113497,0,0
113597,0,0
113697,0,0
113797,0,0
113897,0,0
113997,0,0
114097,0,0
114197,0,0
114297,0,0
114397,0,0
114497,0,0
114597,0,0
114697,0,0
114797,0,0
114897,0,0
114997,0,0
115097,0,0
115197,0,0
115297,0,0
115397,0,0
115497,0,0
115597,0,0
115697,0,0
115797,0,0
115897,0,0
115997,0,0
116097,0,0
116197,0,0
116297,0,0
116397,0,0
116497,0,0
116597,0,0
116697,0,0
116797,0,0
116897,0,0
116997,0,0
117097,0,0
117197,0,0
117297,0,0
117397,0,0
117497,0,0
117597,0,0
117697,0,0
117797,0,0
117897,0,0
117997,0,0
118097,0,0
118197,0,0
118297,0,0
118397,0,0
118497,0,0
118597,0,0
118697,0,0
118797,0,0
118897,0,0
118997,0,0
119097,0,0
119197,0,0
119297,0,0
119397,0,0
119497,0,0
119597,0,0
119697,0,0
119797,0,0
119897,0,0
119997,0,0
120097,0,0
120197,0,0
120297,0,0
120397,0,0
120497,0,0
120597,0,0
120697,0,0
120797,0,0
120897,0,0
120997,0,0
121097,0,0
121197,0,0
121297,0,0
121397,0,0
121497,0,0
121597,0,0
121697,0,0
121797,0,0
121897,0,0
121997,0,0
122097,0,0
122197,0,0
122297,0,0
122397,0,0
122497,0,0
122597,0,0
122697,0,0
122797,0,0
122897,0,0
122997,0,0
123097,0,0
123197,0,0
123297,0,0
123397,0,0
123497,0,0
123597,0,0
123697,0,0
123797,0,0
123897,0,0
123997,0,0
124097,0,0
124197,0,0
124297,0,0
124397,0,0
124497,0,0
124597,0,0
124697,0,1
124797,0,1
124897,0,1
124997,0,1
125086,0,1
125186,0,1
125286,0,1
125386,0,1
125486,0,1
125586,0,1
125686,0,1
125786,0,1
125886,0,1
125986,0,1
126086,0,1
126186,0,1
126286,0,1
126386,0,1
126486,0,1
126586,0,1
126686,0,1
126786,0,1
126886,0,1
126986,0,1
127086,0,1
127186,0,1
127286,0,1
127386,0,1
127486,0,1
127586,0,1
127686,0,1
127786,0,1
127886,0,1
127986,0,1
128086,0,1
128186,0,1
128286,0,1
128386,0,1
128486,0,1
128586,0,1
128709,0,0
128809,0,0
128909,0,0
129009,0,0
129098,0,0
129198,0,0
129298,0,0
129398,0,0
129498,0,0
129598,0,0
129698,0,0
129799,0,0
129899,0,0
129999,0,0
130099,0,0
130199,0,0
130299,0,0
130399,0,0
130499,0,0
130599,0,0
130699,0,0
130799,0,0
130899,0,0
130999,0,0
131099,0,0
131199,0,0
131299,0,0
131399,0,0
131499,0,0
131599,0,0
131699,0,0
131799,0,0
131899,0,0
131999,0,0
132099,0,0
132199,0,0
132299,0,0
132399,0,0
132499,0,0
132599,0,0
132699,0,0
132799,0,0
132899,0,0
132999,0,0
133098,0,0
133198,0,0
133298,0,0
133398,0,0
133498,0,0
133598,0,0
133698,0,0
133798,0,0
133898,0,0
133998,0,0
134098,0,0
134198,0,0
134298,0,0
134398,0,0
134498,0,0
134598,0,0
134698,0,0
134798,0,0
134898,0,0
134998,0,0
135098,0,0
135198,0,0
135298,0,0
135398,0,0
135498,0,0
135598,0,0
135698,0,0
135798,0,0
135898,0,0
135998,0,0
136098,0,0
136198,0,0
136298,0,0
136398,0,0
136498,0,0
136598,0,0
136698,0,0
136798,0,0
136898,0,0
136998,0,0
137097,0,0
137197,0,0
137297,0,0
137397,0,0
137497,0,0
137597,0,0
137697,0,0
137797,0,0
137897,0,0
137997,0,0
138097,0,0
138197,0,0
138297,0,0
138397,0,0
138497,0,0
138597,0,0
138697,0,0
138797,0,0
138897,0,0
138997,0,0
139097,0,0
139197,0,0
139297,0,0
139397,0,0
139497,0,0
139597,0,0
139697,0,0
139797,0,0
139897,0,0
139997,0,0
140097,0,0
140197,0,0
140297,0,0
140397,0,0
140497,0,0
140597,0,0
140697,0,0
140797,0,0
140897,0,0
140997,0,0
141093,0,0
141193,0,0
141293,0,0
141393,0,0
141493,0,0
141593,0,0
141693,0,0
141793,0,0
141893,0,0
141993,0,0
142093,0,0
142193,0,0
142293,0,0
142393,0,0
142493,0,0
142593,0,0
142693,0,0
142793,0,0
142893,0,0
142993,0,0
143093,0,0
143193,0,0
143293,0,0
143393,0,0
143493,0,0
143593,0,0
143693,0,0
143793,0,0
143893,0,0
143993,0,0
144093,0,0
144193,0,0
144293,0,0
144393,0,0
144493,0,0
144593,0,0
144693,0,0
144793,0,0
144893,0,0
144993,0,0
145089,0,0
145189,0,0
145289,0,0
145389,0,0
145489,0,0
145589,0,0
145689,0,0
145789,0,0
145889,0,0
145989,0,0
146089,0,0
146189,0,0
146289,0,0
146389,0,0
146489,0,0
146589,0,0
146689,0,0
146789,0,0
146889,0,0
146989,0,0
147089,0,0
147189,0,0
147289,0,0
147389,0,0
147489,0,0
147589,0,0
147689,0,0
147789,0,0
147889,0,0
147989,0,0
148089,0,0
148189,0,0
148289,0,0
148389,0,0
148489,0,0
148589,0,0
148689,0,0
148789,0,0
148889,0,0
148989,0,0
149085,0,0
149185,0,0
149285,0,0
149385,0,0
149485,0,0
149585,0,0
149685,0,0
149785,0,0
149885,0,0
149985,0,0
150085,0,0
150185,0,0
150285,0,0
150385,0,0
150485,0,0
150585,0,0
150685,0,0
150785,0,0
150885,0,0
150985,0,0
151085,0,0
151185,0,0
151285,0,0
151385,0,0
151485,0,0
151585,0,0
151685,0,0
151785,0,0
151885,0,0
151985,0,0
152085,0,0
152185,0,0
152285,0,0
152385,0,0
152485,0,0
152585,0,0
152685,0,0
152785,0,0
152885,0,0
152985,0,0
153080,0,0
153180,0,0
153280,0,0
153380,0,0
153480,0,0
153580,0,0
153680,0,0
153780,0,0
153880,0,0
153980,0,0
154080,0,0
154180,0,0
154280,0,0
154380,0,0
154480,0,0
154580,0,0
154680,0,0
154780,0,0
154880,0,0
154980,0,0
155080,0,0
155180,0,0
155280,0,0
155380,0,0
155480,0,0
155580,0,0
155680,0,0
155780,0,0
155880,0,0
155980,0,0
156080,0,0
156180,0,0
156280,0,0
156380,0,0
156480,0,0
156580,0,0
156680,0,0
156780,0,0
156880,0,0
156980,0,0
157080,0,0
157180,0,0
157280,0,0
157380,0,0
157480,0,0
157580,0,0
157680,0,0
157780,0,0
157880,0,0
157980,0,0
158080,0,0
158180,0,0
158280,0,0
158380,0,0
158480,0,0
158580,0,0
158680,0,0
158780,0,0
158880,0,0
158980,0,0
159080,0,0
159180,0,0
159280,0,0
159380,0,0
159480,0,0
159580,0,0
159680,0,0
159780,0,0
159880,0,0
159980,0,0
160080,0,0
160180,0,0
160280,0,0
160380,0,0
160480,0,0
160580,0,0
160680,0,0
160780,0,0
160880,0,0
160980,0,0
161080,0,0
161180,0,0
161280,0,0
161380,0,0
161480,0,0
161580,0,0
161680,0,0
161780,0,0
161880,0,0
161980,0,0
162080,0,0
162180,0,0
162280,0,0
162380,0,0
162480,0,0
162580,0,0
162680,0,0
162780,0,0
162880,0,0
162980,0,0
163080,0,0
163180,0,0
163280,0,0
163380,0,0
163480,0,0
163580,0,0
163680,0,0
163780,0,0
163880,0,0
163980,0,0
164080,0,0
164180,0,0
164280,0,0
164380,0,0
164480,0,0
164580,0,0
164680,0,0
164780,0,0
164880,0,0
164980,0,0
165068,0,0
165168,0,0
165268,0,0
165368,0,0
165468,0,0
165568,0,0
165668,0,0
165768,0,0
165868,0,0
165968,0,0
166068,0,0
166168,0,0
166268,0,0
166368,0,0
166480,0,0
166580,0,1
166691,0,1
166791,1,2
166891,1,2
166991,1,2
167102,1,2
167202,1,2
167302,1,2
167402,1,2
167502,1,2
167602,1,2
167702,1,2
167802,1,2
167902,1,2
168002,1,2
168102,1,2
168202,1,2
168302,1,2
168402,1,2
168502,1,2
168602,1,2
168717,0,0
168817,0,0
168917,0,0
169017,0,0
169112,0,0
169212,0,0
169312,0,0
169412,0,0
169512,0,0
169612,0,0
169712,0,0
169812,0,0
169913,0,0
170013,0,0
170113,0,0
170213,0,0
170313,0,0
170413,0,0
170513,0,0
170613,0,0
170713,0,0
170814,0,0
170914,0,1
171014,0,1
171114,0,1
171214,0,1
171314,0,1
171414,0,1
171514,0,1
171614,0,1
171714,0,1
171814,0,1
171914,0,1
172014,0,1
172114,0,1
172214,0,1
172314,0,1
172414,0,1
172515,0,1
172615,0,1
172715,0,1
172815,0,1
172915,0,1
173015,0,1
173111,0,1
173211,0,1
173311,0,1
173411,0,1
173511,0,1
173611,0,1
173711,0,1
173811,0,1
173911,0,1
174011,0,1
174111,0,1
174211,0,1
174311,0,1
174411,0,1
174511,0,1
174611,0,1
174711,0,1
174837,0,0
174937,0,0
175037,0,0
175137,0,0
175237,0,0
175337,0,0
175437,0,0
175537,0,0
175637,0,0
175737,0,0
175837,0,0
175937,0,0
176037,0,0
176138,0,0
176238,0,0
176338,0,0
176438,0,0
176538,0,0
176638,0,0
176738,0,0
176838,0,0
176938,0,0
177038,0,0
177133,0,0
177233,0,0
177333,0,0
177433,0,0
177533,0,0
177633,0,0
177733,0,0
177833,0,0
177933,0,0
178033,0,0
178133,0,0
178233,0,0
178333,0,0
178433,0,0
178533,0,0
178633,0,0
178733,0,0
178833,0,0
178933,0,0
179034,0,0
179134,0,0
179234,0,0
179334,0,0
179434,0,0
179534,0,0
179634,0,0
179734,0,0
179834,0,0
179934,0,0
180034,0,0
180134,0,0
180234,0,0
180334,0,0
180434,0,0
180534,0,0
180634,0,0
180734,0,0
180834,0,0
180934,0,0
181034,0,0
181130,0,0
181230,0,0
181330,0,0
181430,0,0
181530,0,0
181630,0,0
181730,0,0
181830,0,0
181930,0,0
182030,0,0
182130,0,0
182230,0,0
182330,0,0
182430,0,0
182530,0,0
182630,0,0
182730,0,0
182830,0,0
182930,0,0
183030,0,0
183130,0,0
183230,0,0
183330,0,0
183430,0,0
183530,0,0
183630,0,0
183730,0,0
183830,0,0
183930,0,0
184030,0,0
184130,0,0
184230,0,0
184330,0,0
184430,0,0
184530,0,0
184630,0,0
184730,0,0
184830,0,0
184930,0,0
185030,0,0
185127,0,0
185227,0,0
185327,0,0
185427,0,0
185527,0,0
185627,0,0
185727,0,0
185827,0,0
185927,0,0
186027,0,0
186127,0,0
186227,0,0
186327,0,0
186427,0,0
186527,0,0
186627,0,0
186727,0,0
186827,0,0
186927,0,0
187027,0,0
187127,0,0
187227,0,0
187327,0,0
187427,0,0
187527,0,0
187627,0,0
187727,0,0
187827,0,0
187927,0,0
188027,0,0
188127,0,0
188227,0,0
188327,0,0
188427,0,0
188527,0,0
188627,0,0
188727,0,0
188827,0,0
188927,0,0
189027,0,0
189121,0,0
189221,0,0
189321,0,0
189421,0,0
189521,0,0
189621,0,0
189721,0,0
189821,0,0
189921,0,0
190021,0,0
190121,0,0
190221,0,0
190321,0,0
190421,0,0
190521,0,0
190621,0,0
190721,0,0
190821,0,0
190921,0,0
191021,0,0
191121,0,0
191221,0,0
191321,0,0
191421,0,0
191521,0,0
191621,0,0
191721,0,0
191821,0,0
191921,0,0
192021,0,0
192121,0,0
192221,0,0
192321,0,0
192421,0,0
192521,0,0
192621,0,0
192721,0,0
192821,0,0
192921,0,0
193021,0,0
193118,0,0
193218,0,0
193318,0,0
193418,0,0
193518,0,0
193618,0,0
193718,0,0
193818,0,0
193918,0,0
194018,0,0
194118,0,0
194218,0,0
194318,0,0
194418,0,0
194518,0,0
194618,0,0
194718,0,0
194818,0,0
194918,0,0
195018,0,0
195118,0,0
195218,0,0
195318,0,0
195418,0,0
195518,0,0
195618,0,0
195718,0,0
195818,0,0
195918,0,0
196018,0,0
196118,0,0
196218,0,0
196318,0,0
196418,0,0
196518,0,0
196618,0,0
196718,0,0
196818,0,0
196918,0,0
197018,0,0
197118,0,0
197218,0,0
197318,0,0
197418,0,0
197518,0,0
197618,0,0
197718,0,0
197818,0,0
197918,0,0
198018,0,0
198118,0,0
198218,0,0
198318,0,0
198418,0,0
198518,0,0
198618,0,0
198718,0,0
198818,0,0
198918,0,0
199018,0,0
199118,0,0
199218,0,0
199318,0,0
199418,0,0
199518,0,0
199618,0,0
199718,0,0
199818,0,0
199918,0,0
200018,0,0
200118,0,0
200218,0,0
200318,0,0
200418,0,0
200518,0,0
200618,0,0
200718,0,0
200818,0,0
200918,0,0
201018,0,0
201118,0,0
201218,0,0
201318,0,0
201418,0,0
201518,0,0
201618,0,0
201718,0,0
201818,0,0
201918,0,0
202018,0,0
202118,0,0
202218,0,0
202318,0,0
202418,0,0
202518,0,0
202618,0,0
202718,0,0
202818,0,0
202918,0,0
203018,0,0
203118,0,0
203218,0,0
203318,0,0
203418,0,0
203518,0,0
203618,0,0
203718,0,0
203818,0,0
203918,0,0
204018,0,0
204118,0,0
204218,0,0
204318,0,0
204418,0,0
204518,0,0
204618,0,0
204718,0,0
204818,0,0
204918,0,0
205018,0,0
205118,0,0
205218,0,0
205318,0,0
205418,0,0
205518,0,0
205618,0,0
205718,0,0
205818,0,0
205918,0,0
206018,0,0
206118,0,0
206218,0,0
206318,0,0
206418,0,0
206518,0,0
206618,0,0
206718,0,0
206818,0,0
206918,0,0
207018,0,0
207118,0,0
207218,0,0
207318,0,0
207418,0,0
207518,0,0
207618,0,0
207718,0,0
207818,0,0
207918,0,0
208018,0,0
208118,0,0
208225,0,0
208325,0,1
208437,0,1
208537,1,2
208637,1,2
208737,1,2
208837,1,2
208937,1,2
209037,1,2
209120,0,2
209220,0,2
209320,0,2
209420,0,2
209520,0,2
209620,0,2
209721,0,2
209821,0,2
209921,0,2
210021,0,2
210121,0,2
210221,0,2
210321,0,2
210445,0,0
210545,0,0
210645,0,0
210745,0,0
210845,0,0
210945,0,0
211045,0,0
211145,0,0
211245,0,0
211345,0,0
211445,0,0
211545,0,0
211645,0,0
211745,0,0
211845,0,0
211945,0,0
212045,0,0
212145,0,0
212245,0,0
212345,0,0
212445,0,0
212546,0,0
212646,0,1
212746,0,1
212846,0,1
212946,0,1
213046,0,1
213146,0,1
213240,0,1
213340,0,1
213440,0,1
213540,0,1
213641,0,1
213741,0,1
213841,0,1
213941,0,1
214041,0,1
214141,0,1
214241,0,1
214341,0,1
214441,0,1
214541,0,1
214641,0,1
214741,0,1
214841,0,1
214941,0,1
215041,0,1
215141,0,1
215241,0,1
215341,0,1
215441,0,1
215541,0,1
215641,0,1
215741,0,1
215841,0,1
215941,0,1
216041,0,1
216141,0,1
216241,0,1
216341,0,1
216441,0,1
216566,0,0
216666,0,0
216766,0,0
216866,0,0
216966,0,0
217066,0,0
217166,0,0
217264,0,0
217364,0,0
217464,0,0
217564,0,0
217664,0,0
217764,0,0
217864,0,0
217964,0,0
218064,0,0
218164,0,0
218264,0,0
218364,0,0
218464,0,0
218564,0,0
218664,0,0
218764,0,0
218864,0,0
218964,0,0
219064,0,0
219164,0,0
219264,0,0
219364,0,0
219464,0,0
219564,0,0
219664,0,0
219764,0,0
219864,0,0
219964,0,0
220064,0,0
220164,0,0
220264,0,0
220364,0,0
220464,0,0
220564,0,0
220664,0,0
220764,0,0
220864,0,0
220964,0,0
221064,0,0
221164,0,0
221260,0,0
221360,0,0
221460,0,0
221560,0,0
221660,0,0
221760,0,0
221860,0,0
221960,0,0
222060,0,0
222160,0,0
222260,0,0
222360,0,0
222460,0,0
222560,0,0
222660,0,0
222760,0,0
222860,0,0
222960,0,0
223060,0,0
223160,0,0
223260,0,0
223360,0,0
223460,0,0
223560,0,0
223660,0,0
223760,0,0
223860,0,0
223960,0,0
224060,0,0
224160,0,0
224260,0,0
224360,0,0
224460,0,0
224560,0,0
224660,0,0
224760,0,0
224860,0,0
224960,0,0
225060,0,0
225160,0,0
225256,0,0
225356,0,0
225456,0,0
225556,0,0
225656,0,0
225756,0,0
225856,0,0
225956,0,0
226056,0,0
226156,0,0
226256,0,0
226356,0,0
226456,0,0
226556,0,0
226656,0,0
226756,0,0
226856,0,0
226956,0,0
227056,0,0
227156,0,0
227256,0,0
227356,0,0
227456,0,0
227556,0,0
227656,0,0
227756,0,0
227856,0,0
227956,0,0
228056,0,0
228156,0,0
228256,0,0
228356,0,0
228456,0,0
228556,0,0
228656,0,0
228756,0,0
228856,0,0
228956,0,0
229056,0,0
229156,0,0
229252,0,0
229352,0,0
229452,0,0
229552,0,0
229652,0,0
229752,0,0
229852,0,0
229952,0,0
230052,0,0
230152,0,0
230252,0,0
230352,0,0
230452,0,0
230552,0,0
230652,0,0
230752,0,0
230852,0,0
230952,0,0
231052,0,0
231152,0,0
231252,0,0
231352,0,0
231452,0,0
231552,0,0
231652,0,0
231752,0,0
231852,0,0
231952,0,0
232052,0,0
232152,0,0
232252,0,0
232352,0,0
232452,0,0
232552,0,0
232652,0,0
232752,0,0
232852,0,0
232952,0,0
233052,0,0
233152,0,0
233246,0,0
233346,0,0
233446,0,0
233546,0,0
233646,0,0
233746,0,0
233846,0,0
233946,0,0
234046,0,0
234146,0,0
234246,0,0
234346,0,0
234446,0,0
234546,0,0
234646,0,0
234746,0,0
234846,0,0
234946,0,0
235046,0,0
235146,0,0
235246,0,0
235346,0,0
235446,0,0
235546,0,0
235646,0,0
235746,0,0
235846,0,0
235946,0,0
236046,0,0
236146,0,0
236246,0,0
236346,0,0
236446,0,0
236546,0,0
236646,0,0
236746,0,0
236846,0,0
236946,0,0
237046,0,0
237146,0,0
237243,0,0
237343,0,0
237443,0,0
237543,0,0
237643,0,0
237743,0,0
237843,0,0
237943,0,0
238043,0,0
238143,0,0
238243,0,0
238343,0,0
238443,0,0
238543,0,0
238643,0,0
238743,0,0
238843,0,0
238943,0,0
239043,0,0
239143,0,0
239243,0,0
239343,0,0
239443,0,0
239543,0,0
239643,0,0
239743,0,0
239843,0,0
239943,0,0
240043,0,0
240143,0,0
240243,0,0
240343,0,0
240443,0,0
240543,0,0
240643,0,0
240743,0,0
240843,0,0
240943,0,0
241043,0,0
241143,0,0
241243,0,0
241343,0,0
241443,0,0
241543,0,0
241643,0,0
241743,0,0
241843,0,0
241943,0,0
242043,0,0
242143,0,0
242243,0,0
242343,0,0
242443,0,0
242543,0,0
242643,0,0
242743,0,0
242843,0,0
242943,0,0
243043,0,0
243143,0,0
243243,0,0
243343,0,0
243443,0,0
243543,0,0
243643,0,0
243743,0,0
243843,0,0
243943,0,0
244043,0,0
244143,0,0
244243,0,0
244343,0,0
244443,0,0
244543,0,0
244643,0,0
244743,0,0
244843,0,0
244943,0,0
245043,0,0
245143,0,0
245243,0,0
245343,0,0
245443,0,0
245543,0,0
245643,0,0
245743,0,0
245843,0,0
245943,0,0
246043,0,0
246143,0,0
246243,0,0
246343,0,0
246443,0,0
246543,0,0
246643,0,0
246743,0,0
246843,0,0
246943,0,0
247043,0,0
247143,0,0
247243,0,0
247343,0,0
247443,0,0
247543,0,0
247643,0,0
247743,0,0
247843,0,0
247943,0,0
248043,0,0
248143,0,0
248243,0,0
248343,0,0
248443,0,0
248543,0,0
248643,0,0
248743,0,0
248843,0,0
248943,0,0
249043,0,0
249143,0,0
249243,0,0
249343,0,0
249443,0,0
249543,0,0
249643,0,0
249743,0,0
249843,0,0
249943,0,0
250043,0,0
250143,0,0
250243,0,0
250343,0,0
250443,0,0
250543,0,0
250643,0,0
250743,0,0
250843,0,0
250943,0,0
251043,0,0
251143,0,0
251243,0,0
251343,0,0
251443,0,0
251543,0,0
251643,0,0
251743,0,0
251843,0,0
251956,0,0
252056,0,1
252156,0,1
252256,0,1
252356,0,1
252456,0,1
252556,0,1
252657,0,1
252757,0,1
252857,0,1
252957,0,1
253057,0,1
253157,0,1
253240,0,1
253340,0,1
253440,0,1
253540,0,1
253640,0,1
253740,0,1
253840,0,1
253940,0,1
254040,0,1
254140,0,1
254240,0,1
254340,0,1
254440,0,1
254540,0,1
254640,0,1
254740,0,1
254840,0,1
254940,0,1
255040,0,1
255140,0,1
255240,0,1
255340,0,1
255440,0,1
255541,0,1
255641,0,1
255741,0,1
255841,0,1
255965,0,0
256065,0,0
256165,0,0
256266,0,0
256366,0,0
256466,0,0
256566,0,0
256666,0,0
256766,0,0
256866,0,0
256966,0,0
257066,0,0
257166,0,0
257262,0,0
257362,0,0
257462,0,0
257562,0,0
257662,0,0
257762,0,0
257862,0,0
257962,0,0
258062,0,0
258162,0,0
258262,0,0
258362,0,0
258462,0,0
258562,0,0
258662,0,0
258762,0,0
258862,0,0
258962,0,0
259062,0,0
259162,0,0
259262,0,0
259362,0,0
259462,0,0
259562,0,0
259662,0,0
259762,0,0
259862,0,0
259962,0,0
260062,0,0
260162,0,0
260262,0,0
260362,0,0
260462,0,0
260562,0,0
260662,0,0
260762,0,0
260862,0,0
260962,0,0
261062,0,0
261162,0,0
261258,0,0
261358,0,0
261458,0,0
261558,0,0
261658,0,0
261758,0,0
261858,0,0
261958,0,0
262058,0,0
262158,0,0
262258,0,0
262358,0,0
262458,0,0
262558,0,0
262658,0,0
262758,0,0
262858,0,0
262958,0,0
263058,0,0
263158,0,0
263258,0,0
263358,0,0
263458,0,0
263558,0,0
263658,0,0
263758,0,0
263858,0,0
263958,0,0
264058,0,0
264158,0,0
264258,0,0
264358,0,0
264458,0,0
264558,0,0
264658,0,0
264758,0,0
264858,0,0
264958,0,0
265058,0,0
265158,0,0
265252,0,0
265352,0,0
265452,0,0
265552,0,0
265652,0,0
265752,0,0
265852,0,0
265952,0,0
266052,0,0
266152,0,0
266252,0,0
266352,0,0
266452,0,0
266552,0,0
266652,0,0
266752,0,0
266852,0,0
266952,0,0
267052,0,0
267152,0,0
267252,0,0
267352,0,0
267452,0,0
267552,0,0
267652,0,0
267752,0,0
267852,0,0
267952,0,0
268052,0,0
268152,0,0
268252,0,0
268352,0,0
268452,0,0
268552,0,0
268652,0,0
268752,0,0
268852,0,0
268952,0,0
269052,0,0
269152,0,0
269249,0,0
269349,0,0
269449,0,0
269549,0,0
269649,0,0
269749,0,0
269849,0,0
269949,0,0
270049,0,0
270149,0,0
270249,0,0
270349,0,0
270449,0,0
270549,0,0
270649,0,0
270749,0,0
270849,0,0
270949,0,0
271049,0,0
271149,0,0
271249,0,0
271349,0,0
271449,0,0
271549,0,0
271649,0,0
271749,0,0
271849,0,0
271949,0,0
272049,0,0
272149,0,0
272249,0,0
272349,0,0
272449,0,0
272549,0,0
272649,0,0
272749,0,0
272849,0,0
272949,0,0
273049,0,0
273149,0,0
273245,0,0
273345,0,0
273445,0,0
273545,0,0
273645,0,0
273745,0,0
273845,0,0
273945,0,0
274045,0,0
274145,0,0
274245,0,0
274345,0,0
274445,0,0
274545,0,0
274645,0,0
274745,0,0
274845,0,0
274945,0,0
275045,0,0
275145,0,0
275245,0,0
275345,0,0
275445,0,0
275545,0,0
275645,0,0
275745,0,0
275845,0,0
275945,0,0
276045,0,0
276145,0,0
276245,0,0
276345,0,0
276445,0,0
276545,0,0
276645,0,0
276745,0,0
276845,0,0
276945,0,0
277045,0,0
277145,0,0
277241,0,0
277341,0,0
277441,0,0
277541,0,0
277641,0,0
277741,0,0
277841,0,0
277941,0,0
278041,0,0
278141,0,0
278241,0,0
278341,0,0
278441,0,0
278541,0,0
278641,0,0
278741,0,0
278841,0,0
278941,0,0
279041,0,0
279141,0,0
279241,0,0
279341,0,0
279441,0,0
279541,0,0
279641,0,0
279741,0,0
279841,0,0
279941,0,0
280041,0,0
280141,0,0
280241,0,0
280341,0,0
280441,0,0
280541,0,0
280641,0,0
280741,0,0
280841,0,0
280941,0,0
281041,0,0
281141,0,0
281235,0,0
281335,0,0
281435,0,0
281535,0,0
281635,0,0
281735,0,0
281835,0,0
281935,0,0
282035,0,0
282135,0,0
282235,0,0
282335,0,0
282435,0,0
282535,0,0
282635,0,0
282735,0,0
282835,0,0
282935,0,0
283035,0,0
283135,0,0
283235,0,0
283335,0,0
283435,0,0
283535,0,0
283635,0,0
283735,0,0
283835,0,0
283935,0,0
284035,0,0
284135,0,0
284235,0,0
284335,0,0
284435,0,0
284535,0,0
284635,0,0
284735,0,0
284835,0,0
284935,0,0
285035,0,0
285135,0,0
285235,0,0
285335,0,0
285435,0,0
285535,0,0
285635,0,0
285735,0,0
285835,0,0
285935,0,0
286035,0,0
286135,0,0
286235,0,0
286335,0,0
286435,0,0
286535,0,0
286635,0,0
286735,0,0
286835,0,0
286935,0,0
287035,0,0
287135,0,0
287235,0,0
287335,0,0
287435,0,0
287535,0,0
287635,0,0
287735,0,0
287835,0,0
287935,0,0
288035,0,0
288135,0,0
288235,0,0
288335,0,0
288435,0,0
288535,0,0
288635,0,0
288735,0,0
288835,0,0
288935,0,0
289035,0,0
289135,0,0
289235,0,0
289335,0,0
289435,0,0
289535,0,0
289635,0,0
289735,0,0
289835,0,0
289935,0,0
290035,0,0
290135,0,0
290235,0,0
290335,0,0
290435,0,0
290535,0,0
290635,0,0
290735,0,0
290835,0,0
290935,0,0
291035,0,0
291135,0,0
291235,0,0
291335,0,0
291435,0,0
291535,0,0
291635,0,0
291735,0,0
291835,0,0
291935,0,0
292035,0,0
292135,0,0
292235,0,0
292335,0,0
292435,0,0
292535,0,0
292635,0,0
292735,0,0
292835,0,0
292935,0,0
293035,0,0
293135,0,0
293224,0,0
293324,0,0
293424,0,0
293524,0,0
293624,0,0
293724,0,0
293824,0,0
293924,0,0
294024,0,0
294124,0,0
294224,0,0
294324,0,0
294424,0,0
294524,0,0
294624,0,1
294724,0,1
294824,0,1
294924,0,1
295024,0,1
295124,0,1
295224,0,1
295324,0,1
295424,0,1
295524,0,1
295624,0,1
295724,0,1
295824,0,1
295924,0,1
296024,0,1
296124,0,1
296224,0,1
296324,0,1
296424,0,1
296524,0,1
296624,0,1
296724,0,1
296824,0,1
296924,0,1
297024,0,1
297124,0,1
297219,0,1
297319,0,1
297419,0,1
297519,0,1
297619,0,1
297719,0,1
297819,0,1
297919,0,1
298019,0,1
298119,0,1
298219,0,1
298319,0,1
298419,0,1
298519,0,1
298643,0,0
298743,0,0
298843,0,0
298959,0,1
299059,0,1
299159,0,1
299259,0,1
299359,0,1
299459,0,1
299559,0,1
299659,0,1
299759,0,1
299859,0,1
299959,0,1
300059,0,1
300159,0,1
300259,0,1
300359,0,1
300459,0,1
300559,0,1
300659,0,1
300759,0,1
300859,0,1
300959,0,1
301059,0,1
301159,0,1
301255,0,1
301355,0,1
301455,0,1
301555,0,1
301655,0,1
301755,0,1
301855,0,1
301955,0,1
302055,0,1
302155,0,1
302255,0,1
302355,0,1
302455,0,1
302555,0,1
302655,0,1
302755,0,1
302855,0,1
303012,0,0
303112,0,1
303212,0,1
303312,1,2
303412,1,2
303512,1,2
303612,1,2
303712,1,2
303812,1,2
303912,1,2
304012,1,2
304112,1,2
304212,1,2
304312,1,2
304412,1,2
304512,1,2
304612,1,2
304712,1,2
304813,1,2
304913,1,2
305013,1,2
305113,1,2
305212,0,0
305312,0,0
305412,0,0
305512,0,0
305612,0,0
305712,0,0
305812,0,0
305912,0,0
306012,0,0
306112,0,0
306212,0,0
306312,0,0
306412,0,0
306512,0,0
306612,0,0
306712,0,0
306812,0,0
306912,0,0
307012,0,0
307112,0,0
307212,0,0
307312,0,1
307412,0,1
307512,0,1
307612,0,1
307712,0,1
307812,0,1
307912,0,1
308012,0,1
308112,0,1
308212,0,1
308312,0,1
308412,0,1
308512,0,1
308612,0,1
308712,0,1
308812,0,1
308912,0,1
309012,0,1
309112,0,1
309230,0,1
309330,0,1
309430,0,1
309530,0,1
309630,0,1
309730,0,1
309830,0,1
309930,0,1
310030,0,1
310130,0,1
310230,0,1
310330,0,1
310430,0,1
310530,0,1
310630,0,1
310730,0,1
310830,0,1
310930,0,1
311030,0,1
311130,0,1
311230,0,1
311345,0,0
311444,0,0
311545,0,0
311645,0,0
311745,0,0
311845,0,0
311945,0,0
312045,0,0
312145,0,0
312245,0,0
312345,0,0
312445,0,0
312545,0,0
312645,0,0
312745,0,0
312845,0,0
312945,0,0
313045,0,0
313145,0,0
313240,0,0
313340,0,0
313440,0,0
313540,0,0
313640,0,0
313740,0,0
313840,0,0
313940,0,0
314040,0,0
314140,0,0
314240,0,0
314340,0,0
314441,0,0
314541,0,0
314641,0,0
314741,0,0
314841,0,0
314941,0,0
315041,0,0
315141,0,0
315241,0,0
315341,0,0
315441,0,0
315541,0,0
315641,0,0
315741,0,0
315841,0,0
315941,0,0
316041,0,0
316141,0,0
316241,0,0
316341,0,0
316441,0,0
316541,0,0
316641,0,0
316741,0,0
316841,0,0
316941,0,0
317041,0,0
317141,0,0
317237,0,0
317337,0,0
317437,0,0
317537,0,0
317637,0,0
317737,0,0
317837,0,0
317937,0,0
318037,0,0
318137,0,0
318237,0,0
318337,0,0
318437,0,0
318537,0,0
318637,0,0
318737,0,0
318837,0,0
318937,0,0
319037,0,0
319137,0,0
319237,0,0
319337,0,0
319437,0,0
319537,0,0
319637,0,0
319737,0,0
319837,0,0
319937,0,0
320037,0,0
320137,0,0
320237,0,0
320337,0,0
320437,0,0
320537,0,0
320637,0,0
320737,0,0
320837,0,0
320937,0,0
321037,0,0
321137,0,0
321234,0,0
321334,0,0
321434,0,0
321534,0,0
321634,0,0
321734,0,0
321834,0,0
321934,0,0
322034,0,0
322134,0,0
322234,0,0
322334,0,0
322434,0,0
322534,0,0
322634,0,0
322734,0,0
322834,0,0
322934,0,0
323034,0,0
323134,0,0
323234,0,0
323334,0,0
323434,0,0
323534,0,0
323634,0,0
323734,0,0
323834,0,0
323934,0,0
324034,0,0
324134,0,0
324234,0,0
324334,0,0
324434,0,0
324534,0,0
324634,0,0
324734,0,0
324834,0,0
324934,0,0
325034,0,0
325134,0,0
325229,0,0
325329,0,0
325429,0,0
325529,0,0
325629,0,0
325729,0,0
325829,0,0
325929,0,0
326029,0,0
326129,0,0
326229,0,0
326329,0,0
326429,0,0
326529,0,0
326629,0,0
326729,0,0
326829,0,0
326929,0,0
327029,0,0
327129,0,0
327229,0,0
327329,0,0
327429,0,0
327529,0,0
327629,0,0
327729,0,0
327829,0,0
327929,0,0
328029,0,0
328129,0,0
328229,0,0
328329,0,0
328429,0,0
328529,0,0
328629,0,0
328729,0,0
328829,0,0
328929,0,0
329029,0,0
329129,0,0
329229,0,0
329329,0,0
329429,0,0
329529,0,0
329629,0,0
329729,0,0
329829,0,0
329929,0,0
330029,0,0
330129,0,0
330229,0,0
330329,0,0
330429,0,0
330529,0,0
330629,0,0
330729,0,0
330829,0,0
330929,0,0
331029,0,0
331129,0,0
331229,0,0
331329,0,0
331429,0,0
331529,0,0
331629,0,0
331729,0,0
331829,0,0
331929,0,0
332029,0,0
332129,0,0
332229,0,0
332329,0,0
332429,0,0
332529,0,0
332629,0,0
332729,0,0
332829,0,0
332929,0,0
333029,0,0
333129,0,0
333229,0,0
333329,0,0
333429,0,0
333529,0,0
333629,0,0
333729,0,0
333829,0,0
333929,0,0
334029,0,0
334129,0,0
334229,0,0
334329,0,0
334429,0,0
334529,0,0
334629,0,0
334729,0,0
334829,0,0
334929,0,0
335029,0,0
335129,0,0
335229,0,0
335329,0,0
335429,0,0
335529,0,0
335629,0,0
335729,0,0
335829,0,0
335929,0,0
336029,0,0
336129,0,0
336229,0,0
336329,0,0
336429,0,0
336529,0,0
336629,0,0
336729,0,0
336829,0,0
336929,0,0
337029,0,0
337129,0,0
337216,0,0
337316,0,0
337416,0,0
337516,0,0
337616,0,0
337716,0,0
337816,0,0
337916,0,0
338016,0,0
338116,0,0
338216,0,0
338316,0,0
338427,0,0
338527,0,1
338627,0,1
338727,0,1
338827,0,1
338927,0,1
339027,0,1
339127,0,1
339227,0,1
339327,0,1
339427,0,1
339527,0,1
339627,0,1
339727,0,1
339827,0,1
339927,0,1
340027,0,1
340127,0,1
340227,0,1
340327,0,1
340427,0,1
340528,0,1
340628,0,1
340728,0,1
340828,0,1
340928,0,1
341028,0,1
341128,0,1
341224,0,1
341324,0,1
341424,0,1
341524,0,1
341624,0,1
341724,0,1
341824,0,1
341924,0,1
342024,0,1
342124,0,1
342224,0,1
342324,0,1
342471,0,0
342572,0,0
342717,0,0
342816,0,1
342916,0,1
343016,1,2
343116,1,2
343216,1,2
343316,1,2
343416,1,2
343516,1,2
343616,1,2
343716,1,2
343816,1,2
343916,1,2
344016,1,2
344116,1,2
344216,1,2
344316,1,2
344416,1,2
344516,1,2
344616,1,2
344716,1,2
344816,1,2
344916,1,2
345016,0,0
345116,0,0
345216,0,0
345298,0,0
345398,0,0
345498,0,0
345598,0,0
345698,0,0
345798,0,0
345898,0,0
345998,0,0
346098,0,0
346198,0,0
346298,0,0
346398,0,0
346498,0,0
346598,0,0
346698,0,0
346798,0,0
346898,0,0
347014,0,0
347114,0,1
347214,0,1
347314,0,1
347414,0,1
347514,0,1
347614,0,1
347714,0,1
347814,0,1
347914,0,1
348014,0,1
348114,0,1
348214,0,1
348314,0,1
348414,0,1
348514,0,1
348614,0,1
348714,0,1
348814,0,1
348914,0,1
349014,0,1
349114,0,1
349223,0,1
349323,0,1
349423,0,1
349523,0,1
349623,0,1
349723,0,1
349823,0,1
349923,0,1
350023,0,1
350123,0,1
350223,0,1
350323,0,1
350423,0,1
350523,0,1
350623,0,1
350723,0,1
350823,0,1
350923,0,1
351023,0,1
351123,0,0
351223,0,0
351323,0,0
351423,0,0
351523,0,0
351623,0,0
351723,0,0
351823,0,0
351923,0,0
352023,0,0
352123,0,0
352223,0,0
352323,0,0
352423,0,0
352523,0,0
352623,0,0
352723,0,0
352823,0,0
352923,0,0
353023,0,0
353123,0,0
353219,0,0
353319,0,0
353419,0,0
353519,0,0
353619,0,0
353719,0,0
353819,0,0
353919,0,0
354019,0,0
354119,0,0
354219,0,0
354319,0,0
354419,0,0
354519,0,0
354619,0,0
354719,0,0
354819,0,0
354919,0,0
355019,0,0
355119,0,0
355219,0,0
355319,0,0
355419,0,0
355519,0,0
355619,0,0
355719,0,0
355819,0,0
355919,0,0
356019,0,0
356119,0,0
356219,0,0
356319,0,0
356419,0,0
356519,0,0
356619,0,0
356719,0,0
356819,0,0
356919,0,0
357019,0,0
357119,0,0
357219,0,0
357303,0,0
357403,0,0
357503,0,0
357603,0,0
357703,0,0
357803,0,0
357903,0,0
358003,0,0
358103,0,0
358203,0,0
358303,0,0
358403,0,0
358503,0,0
358603,0,0
358703,0,0
358803,0,0
358903,0,0
359003,0,0
359103,0,0
359203,0,0
359303,0,0
359403,0,0
359503,0,0
359603,0,0
359703,0,0
359803,0,0
359903,0,0
360003,0,0
360103,0,0
360203,0,0
360303,0,0
360403,0,0
360503,0,0
360603,0,0
360703,0,0
360803,0,0
360903,0,0
361003,0,0
361103,0,0
361203,0,0
361303,0,0
361403,0,0
361503,0,0
361603,0,0
361703,0,0
361803,0,0
361903,0,0
362003,0,0
362103,0,0
362203,0,0
362303,0,0
362403,0,0
362503,0,0
362603,0,0
362703,0,0
362803,0,0
362903,0,0
363003,0,0
363103,0,0
363203,0,0
363303,0,0
363403,0,0
363503,0,0
363603,0,0
363703,0,0
363803,0,0
363903,0,0
364003,0,0
364103,0,0
364203,0,0
364303,0,0
364403,0,0
364503,0,0
364603,0,0
364703,0,0
364803,0,0
364903,0,0
365003,0,0
365103,0,0
365203,0,0
365303,0,0
365403,0,0
365503,0,0
365603,0,0
365703,0,0
365803,0,0
365903,0,0
366003,0,0
366103,0,0
366203,0,0
366303,0,0
366403,0,0
366503,0,0
366603,0,0
366703,0,0
366803,0,0
366903,0,0
367003,0,0
367103,0,0
367203,0,0
367303,0,0
367403,0,0
367503,0,0
367603,0,0
367703,0,0
367803,0,0
367903,0,0
368003,0,0
368103,0,0
368203,0,0
368303,0,0
368403,0,0
368503,0,0
368603,0,0
368703,0,0
368803,0,0
368903,0,0
369003,0,0
369103,0,0
369203,0,0
369301,0,0
369401,0,0
369501,0,0
369601,0,0
369701,0,0
369801,0,0
369901,0,0
370001,0,0
370101,0,0
370201,0,0
370301,0,0
370401,0,0
370501,0,0
370601,0,0
370701,0,0
370801,0,0
370901,0,0
371001,0,0
371101,0,0
371201,0,0
371301,0,0
371401,0,0
371501,0,0
371601,0,0
371701,0,0
371801,0,0
371901,0,0
372001,0,0
372101,0,0
372201,0,0
372301,0,0
372401,0,0
372501,0,0
372601,0,0
372701,0,0
372801,0,0
372901,0,0
373001,0,0
373101,0,0
373201,0,0
373301,0,0
373401,0,0
373501,0,0
373601,0,0
373701,0,0
373801,0,0
373901,0,0
374001,0,0
374101,0,0
374201,0,0
374301,0,0
374401,0,0
374501,0,0
374601,0,0
374701,0,0
374801,0,0
374901,0,0
375001,0,0
375101,0,0
375201,0,0
375301,0,0
375401,0,0
375501,0,0
375601,0,0
375701,0,0
375801,0,0
375901,0,0
376001,0,0
376101,0,0
376201,0,0
376301,0,0
376401,0,0
376501,0,0
376601,0,0
376701,0,0
376801,0,0
376901,0,0
377001,0,0
377101,0,0
377201,0,0
377301,0,0
377401,0,0
377501,0,0
377601,0,0
377701,0,0
377801,0,0
377901,0,0
378001,0,0
378101,0,0
378201,0,0
378301,0,0
378401,0,0
378501,0,0
378601,0,0
378701,0,0
378801,0,0
378901,0,0
379001,0,0
379101,0,0
379201,0,0
379301,0,0
379401,0,0
379501,0,0
379601,0,0
379701,0,0
379801,0,0
379901,0,0
380001,0,0
380101,0,0
380201,0,0
380301,0,0
380401,0,0
380501,0,0
380601,0,0
380701,0,0
380801,0,0
380901,0,0
381001,0,0
381101,0,0
381201,0,0
381289,0,0
381389,0,0
381489,0,0
381589,0,0
381689,0,0
381789,0,0
381935,0,0
382035,0,1
382135,0,1
382235,0,1
382335,0,1
382435,0,1
382535,0,1
382636,0,1
382736,0,1
382836,0,1
382936,0,1
383036,0,1
383136,0,1
383236,0,1
383336,0,1
383436,0,1
383536,0,1
383636,0,1
383736,0,1
383836,0,1
383936,0,1
384036,0,1
384136,0,1
384236,0,1
384336,0,1
384436,0,1
384536,0,1
384636,0,1
384736,0,1
384836,0,1
384936,0,1
385036,0,1
385136,0,1
385236,0,1
385324,0,1
385424,0,1
385525,0,1
385625,0,1
385725,0,1
385825,0,1
385948,0,0
386048,0,0
386148,0,0
386248,0,0
386348,0,0
386448,0,0
386549,0,0
386649,0,0
386749,0,0
386849,0,0
386949,0,0
387049,0,0
387149,0,0
387249,0,0
387349,0,0
387449,0,0
387549,0,0
387649,0,0
387749,0,0
387849,0,0
387949,0,0
388049,0,0
388149,0,0
388249,0,0
388349,0,0
388449,0,0
388549,0,0
388649,0,0
388749,0,0
388849,0,0
388949,0,0
389049,0,0
389149,0,0
389249,0,0
389349,0,0
389449,0,0
389549,0,0
389649,0,0
389749,0,0
389849,0,0
389949,0,0
390049,0,0
390149,0,0
390249,0,0
390349,0,0
390449,0,0
390549,0,0
390649,0,0
390749,0,0
390849,0,0
390949,0,0
391049,0,0
391149,0,0
391249,0,0
391349,0,0
391449,0,0
391549,0,0
391649,0,0
391749,0,0
391849,0,0
391949,0,0
392049,0,0
392149,0,0
392249,0,0
392349,0,0
392449,0,0
392549,0,0
392649,0,0
392749,0,0
392849,0,0
392949,0,0
393049,0,0
393149,0,0
393249,0,0
393349,0,0
393449,0,0
393549,0,0
393649,0,0
393749,0,0
393849,0,0
393949,0,0
394049,0,0
394149,0,0
394249,0,0
394349,0,0
394449,0,0
394549,0,0
394649,0,0
394749,0,0
394849,0,0
394949,0,0
395049,0,0
395149,0,0
395249,0,0
395349,0,0
395449,0,0
395549,0,0
395649,0,0
395749,0,0
395849,0,0
395949,0,0
396049,0,0
396149,0,0
396249,0,0
396349,0,0
396449,0,0
396549,0,0
396649,0,0
396749,0,0
396849,0,0
396949,0,0
397049,0,0
397149,0,0
397249,0,0
397343,0,0
397443,0,0
397543,0,0
397643,0,0
397743,0,0
397843,0,0
397943,0,0
398043,0,0
398143,0,0
398243,0,0
398343,0,0
398443,0,0
398543,0,0
398643,0,0
398743,0,0
398843,0,0
398943,0,0
399043,0,0
399143,0,0
399243,0,0
399343,0,0
399443,0,0
399543,0,0
399643,0,0
399743,0,0
399843,0,0
399943,0,0
400043,0,0
400143,0,0
400243,0,0
400343,0,0
400443,0,0
400543,0,0
400643,0,0
400743,0,0
400843,0,0
400943,0,0
401043,0,0
401143,0,0
401243,0,0
401339,0,0
401439,0,0
401539,0,0
401639,0,0
401739,0,0
401839,0,0
401939,0,0
402039,0,0
402139,0,0
402239,0,0
402339,0,0
402439,0,0
402539,0,0
402639,0,0
402739,0,0
402839,0,0
402939,0,0
403039,0,0
403139,0,0
403239,0,0
403339,0,0
403439,0,0
403539,0,0
403639,0,0
403739,0,0
403839,0,0
403939,0,0
404039,0,0
404139,0,0
404239,0,0
404339,0,0
404439,0,0
404539,0,0
404639,0,0
404739,0,0
404839,0,0
404939,0,0
405039,0,0
405139,0,0
405239,0,0
405336,0,0
405436,0,0
405536,0,0
405636,0,0
405736,0,0
405836,0,0
405936,0,0
406036,0,0
406136,0,0
406236,0,0
406336,0,0
406436,0,0
406536,0,0
406636,0,0
406736,0,0
406836,0,0
406936,0,0
407036,0,0
407136,0,0
407236,0,0
407336,0,0
407436,0,0
407536,0,0
407636,0,0
407736,0,0
407836,0,0
407936,0,0
408036,0,0
408136,0,0
408236,0,0
408336,0,0
408436,0,0
408536,0,0
408636,0,0
408736,0,0
408836,0,0
408936,0,0
409036,0,0
409136,0,0
409236,0,0
409332,0,0
409432,0,0
409532,0,0
409632,0,0
409732,0,0
409832,0,0
409932,0,0
410032,0,0
410132,0,0
410232,0,0
410332,0,0
410432,0,0
410532,0,0
410632,0,0
410732,0,0
410832,0,0
410932,0,0
411032,0,0
411132,0,0
411232,0,0
411332,0,0
411432,0,0
411532,0,0
411632,0,0
411732,0,0
411832,0,0
411932,0,0
412032,0,0
412132,0,0
412232,0,0
412332,0,0
412432,0,0
412532,0,0
412632,0,0
412732,0,0
412832,0,0
412932,0,0
413032,0,0
413132,0,0
413232,0,0
413326,0,0
413426,0,0
413526,0,0
413626,0,0
413726,0,0
413826,0,0
413926,0,0
414026,0,0
414126,0,0
414226,0,0
414326,0,0
414426,0,0
414526,0,0
414626,0,0
414726,0,0
414826,0,0
414926,0,0
415026,0,0
415126,0,0
415226,0,0
415326,0,0
415426,0,0
415526,0,0
415626,0,0
415726,0,0
415826,0,0
415926,0,0
416026,0,0
416126,0,0
416226,0,0
416326,0,0
416426,0,0
416526,0,0
416626,0,0
416726,0,0
416826,0,0
416926,0,0
417026,0,0
417126,0,0
417226,0,0
417326,0,0
417426,0,0
417526,0,0
417626,0,0
417726,0,0
417826,0,0
417926,0,0
418026,0,0
418126,0,0
418226,0,0
418326,0,0
418426,0,0
418526,0,0
418626,0,0
418726,0,0
418826,0,0
418926,0,0
419026,0,0
419126,0,0
419226,0,0
419326,0,0
419426,0,0
419526,0,0
419626,0,0
419726,0,0
419826,0,0
419926,0,0
420026,0,0
420126,0,0
420226,0,0
420326,0,0
420426,0,0
420526,0,0
420626,0,0
420726,0,0
420826,0,0
420926,0,0
421026,0,0
421126,0,0
421226,0,0
421326,0,0
421426,0,0
421526,0,0
421626,0,0
421726,0,0
421826,0,0
421926,0,0
422026,0,0
422126,0,0
422226,0,0
422326,0,0
422426,0,0
422526,0,0
422626,0,0
422726,0,0
422826,0,0
422926,0,0
423026,0,0
423126,0,0
423226,0,0
423326,0,0
423426,0,0
423526,0,0
423626,0,0
423726,0,0
423826,0,0
423926,0,0
424026,0,0
424126,0,0
424226,0,0
424326,0,0
424426,0,0
424526,0,0
424626,0,0
424726,0,0
424826,0,0
424926,0,0
425026,0,0
425126,0,0
425226,0,0
425312,0,0
425412,0,0
425512,0,0
425612,0,0
425712,0,0
425812,0,0
425912,0,1
426012,0,1
426112,1,2
426212,1,2
426312,1,2
426412,1,2
426512,1,2
426612,1,2
426712,1,2
426812,1,2
426912,1,2
427012,1,2
427112,1,2
427212,1,2
427312,1,2
427412,1,2
427512,1,2
427612,1,2
427712,1,2
427812,1,2
427912,1,2
428012,1,2
428117,0,0
428217,0,0
428317,0,0
428417,0,0
428517,0,0
428617,0,0
428717,0,0
428817,0,0
428917,0,0
429017,0,0
429117,0,0
429217,0,0
429314,0,0
429414,0,0
429514,0,0
429614,0,0
429714,0,0
429814,0,0
429914,0,0
430014,0,0
430115,0,0
430224,0,1
430324,0,1
430424,0,1
430524,0,1
430624,0,1
430724,0,1
430824,0,1
430925,0,1
431025,0,1
431125,0,1
431225,0,1
431325,0,1
431425,0,1
431525,0,1
431625,0,1
431725,0,1
431825,0,1
431925,0,1
432025,0,1
432125,0,1
432225,0,1
432325,0,1
432425,0,1
432525,0,1
432625,0,1
432725,0,1
432825,0,1
432925,0,1
433025,0,1
433125,0,1
433225,0,1
433321,0,1
433421,0,1
433521,0,1
433621,0,1
433721,0,1
433821,0,1
433921,0,1
434021,0,1
434121,0,1
434223,0,0
434323,0,0
434475,0,0
434575,0,1
434676,0,1
434776,0,1
434876,0,1
434976,0,1
435076,0,1
435176,0,1
435276,0,1
435376,0,1
435476,0,1
435576,0,1
435676,0,1
435776,0,1
435876,0,1
435976,0,1
436076,0,1
436176,0,1
436276,0,1
436376,0,1
436476,0,1
436576,0,1
436676,0,1
436776,0,1
436876,0,1
436976,0,1
437076,0,1
437176,0,1
437273,0,1
437373,0,1
437473,0,1
437574,0,1
437674,0,1
437774,0,1
437874,0,1
437974,0,1
438074,0,1
438174,0,1
438274,0,1
438374,0,1
438497,0,0
438598,0,0
438760,0,0
438860,0,1
438960,0,1
439060,0,1
439160,0,1
439260,0,1
439360,0,1
439460,0,1
439560,0,1
439660,0,1
439760,0,1
439860,0,1
439960,0,1
440060,0,1
440160,0,1
440260,0,1
440360,0,1
440460,0,1
440561,0,1
440661,0,1
440761,0,1
440861,0,1
440961,0,1
441061,0,1
441161,0,1
441261,0,1
441351,0,1
441451,0,1
441551,0,1
441651,0,1
441751,0,1
441851,0,1
441951,0,1
442051,0,1
442151,0,1
442251,0,1
442351,0,1
442451,0,1
442551,0,1
442651,0,1
442776,0,0
442876,0,0
442976,0,0
443076,0,0
443176,0,0
443276,0,0
443376,0,0
443476,0,0
443576,0,0
443676,0,0
443776,0,0
443876,0,0
443976,0,0
444076,0,0
444176,0,0
444276,0,0
444376,0,0
444476,0,0
444576,0,0
444676,0,0
444776,0,0
444876,0,0
444976,0,0
445076,0,0
445176,0,0
445276,0,0
445376,0,0
445476,0,0
445576,0,0
445676,0,0
445776,0,0
445876,0,0
445976,0,0
446076,0,0
446176,0,0
446276,0,0
446376,0,0
446476,0,0
446576,0,0
446676,0,0
446776,0,0
446876,0,0
446976,0,0
447076,0,0
447176,0,0
447276,0,0
447376,0,0
447476,0,0
447576,0,0
447676,0,0
447776,0,0
447876,0,0
447976,0,0
448076,0,0
448176,0,0
448276,0,0
448376,0,0
448476,0,0
448576,0,0
448676,0,0
448776,0,0
448876,0,0
448976,0,0
449076,0,0
449176,0,0
449272,0,0
449372,0,0
449472,0,0
449572,0,0
449672,0,0
449772,0,0
449872,0,0
449972,0,0
450072,0,0
450172,0,0
450272,0,0
450372,0,0
450472,0,0
450572,0,0
450672,0,0
450772,0,0
450872,0,0
450972,0,0
451072,0,0
451172,0,0
451272,0,0
451372,0,0
451472,0,0
451572,0,0
451672,0,0
451772,0,0
451872,0,0
451972,0,0
452072,0,0
452172,0,0
452272,0,0
452372,0,0
452472,0,0
452572,0,0
452672,0,0
452772,0,0
452872,0,0
452972,0,0
453072,0,0
453172,0,0
453267,0,0
453367,0,0
453467,0,0
453567,0,0
453667,0,0
453767,0,0
453867,0,0
453967,0,0
454067,0,0
454167,0,0
454267,0,0
454367,0,0
454467,0,0
454567,0,0
454667,0,0
454767,0,0
454867,0,0
454967,0,0
455067,0,0
455167,0,0
455267,0,0
455367,0,0
455467,0,0
455567,0,0
455667,0,0
455767,0,0
455867,0,0
455967,0,0
456067,0,0
456167,0,0
456267,0,0
456367,0,0
456467,0,0
456567,0,0
456667,0,0
456767,0,0
456867,0,0
456967,0,0
457067,0,0
457167,0,0
457267,0,0
457352,0,0
457452,0,0
457552,0,0
457652,0,0
457752,0,0
457852,0,0
457952,0,0
458052,0,0
458152,0,0
458252,0,0
458352,0,0
458452,0,0
458552,0,0
458652,0,0
458752,0,0
458852,0,0
458952,0,0
459052,0,0
459152,0,0
459252,0,0
459352,0,0
459452,0,0
459552,0,0
459652,0,0
459752,0,0
459852,0,0
459952,0,0
460052,0,0
460152,0,0
460252,0,0
460352,0,0
460452,0,0
460552,0,0
460652,0,0
460752,0,0
460852,0,0
460952,0,0
461052,0,0
461152,0,0
461252,0,0
461352,0,0
461452,0,0
461552,0,0
461652,0,0
461752,0,0
461852,0,0
461952,0,0
462052,0,0
462152,0,0
462252,0,0
462352,0,0
462452,0,0
462552,0,0
462652,0,0
462752,0,0
462852,0,0
462952,0,0
463052,0,0
463152,0,0
463252,0,0
463352,0,0
463452,0,0
463552,0,0
463652,0,0
463752,0,0
463852,0,0
463952,0,0
464052,0,0
464152,0,0
464252,0,0
464352,0,0
464452,0,0
464552,0,0
464652,0,0
464752,0,0
464852,0,0
464952,0,0
465052,0,0
465152,0,0
465252,0,0
465352,0,0
465452,0,0
465552,0,0
465652,0,0
465752,0,0
465852,0,0
465952,0,0
466052,0,0
466152,0,0
466252,0,0
466352,0,0
466452,0,0
466552,0,0
466652,0,0
466752,0,0
466852,0,0
466952,0,0
467052,0,0
467152,0,0
467252,0,0
467352,0,0
467452,0,0
467552,0,0
467652,0,0
467752,0,0
467852,0,0
467952,0,0
468052,0,0
468152,0,0
468252,0,0
468352,0,0
468452,0,0
468552,0,0
468652,0,0
468752,0,0
468852,0,0
468952,0,0
469052,0,0
469152,0,0
469252,0,0
469351,0,0
469451,0,0
469551,0,0
469665,0,0
469765,0,1
469877,0,1
469977,1,2
470077,1,2
470177,1,2
470277,1,2
470377,1,2
470478,1,2
470578,1,2
470678,1,2
470778,1,2
470878,1,2
470978,1,2
471078,1,2
471178,1,2
471278,1,2
471378,1,2
471478,1,2
471578,1,2
471678,1,2
471778,1,2
471903,0,0
472003,0,0
472103,0,0
472203,0,0
472303,0,0
472403,0,0
472503,0,0
472603,0,0
472703,0,0
472803,0,0
472903,0,0
473003,0,0
473103,0,0
473203,0,0
473299,0,0
473399,0,0
473499,0,0
473599,0,0
473699,0,0
473799,0,0
473899,0,0
474004,0,1
474104,0,1
474204,0,1
474304,0,1
474404,0,1
474504,0,1
474604,0,1
474704,0,1
474804,0,1
474904,0,1
475004,0,1
475104,0,1
475204,0,1
475304,0,1
475404,0,1
475504,0,1
475604,0,1
475704,0,1
475804,0,1
475904,0,1
476004,0,1
476104,0,1
476204,0,1
476304,0,1
476405,0,1
476505,0,1
476605,0,1
476705,0,1
476805,0,1
476905,0,1
477005,0,1
477105,0,1
477205,0,1
477300,0,1
477400,0,1
477500,0,1
477600,0,1
477700,0,1
477800,0,1
477900,0,1
478014,0,0
478114,0,0
478261,0,0
478362,0,1
478462,0,1
478562,0,1
478662,0,1
478762,0,1
478862,0,1
478962,0,1
479062,0,1
479162,0,1
479262,0,1
479362,0,1
479462,0,1
479562,0,1
479662,0,1
479762,0,1
479862,0,1
479962,0,1
480062,0,1
480162,0,1
480262,0,1
480362,0,1
480462,0,1
480562,0,1
480662,0,1
480762,0,1
480862,0,1
480962,0,1
481062,0,1
481162,0,1
481262,0,1
481354,0,1
481454,0,1
481554,0,1
481654,0,1
481754,0,1
481854,0,1
481954,0,1
482054,0,1
482154,0,1
482280,0,0
482380,0,0
482480,0,0
482586,0,1
482686,0,1
482786,0,1
482886,0,1
482986,0,1
483086,0,1
483186,0,1
483286,0,1
483386,0,1
483486,0,1
483586,0,1
483686,0,1
483786,0,1
483886,0,1
483986,0,1
484086,0,1
484186,0,1
484286,0,1
484386,0,1
484486,0,1
484586,0,1
484686,0,1
484786,0,1
484886,0,1
484986,0,1
485086,0,1
485186,0,1
485285,0,1
485385,0,1
485485,0,1
485585,0,1
485685,0,1
485785,0,1
485885,0,1
485985,0,1
486085,0,1
486185,0,1
486285,0,1
486385,0,1
486485,0,1
486586,0,0
486686,0,0
486786,0,0
486887,0,0
486987,0,0
487087,0,0
487187,0,0
487287,0,0
487387,0,0
487487,0,0
487587,0,0
487687,0,0
487787,0,0
487887,0,0
487987,0,0
488087,0,0
488187,0,0
488287,0,0
488387,0,0
488487,0,0
488587,0,0
488687,0,0
488787,0,0
488887,0,0
488987,0,0
489087,0,0
489187,0,0
489284,0,0
489384,0,0
489484,0,0
489584,0,0
489684,0,0
489785,0,0
489885,0,0
489985,0,0
490085,0,0
490185,0,0
490285,0,0
490385,0,0
490485,0,0
490585,0,0
490685,0,0
490785,0,0
490885,0,0
490985,0,0
491085,0,0
491185,0,0
491285,0,0
491385,0,0
491485,0,0
491585,0,0
491685,0,0
491785,0,0
491885,0,0
491985,0,0
492085,0,0
492185,0,0
492285,0,0
492385,0,0
492485,0,0
492585,0,0
492686,0,0
492786,0,0
492886,0,0
492986,0,0
493086,0,0
493186,0,0
493281,0,0
493381,0,0
493481,0,0
493581,0,0
493681,0,0
493781,0,0
493881,0,0
493981,0,0
494081,0,0
494181,0,0
494281,0,0
494381,0,0
494481,0,0
494581,0,0
494681,0,0
494781,0,0
494881,0,0
494981,0,0
495081,0,0
495181,0,0
495281,0,0
495381,0,0
495481,0,0
495581,0,0
495681,0,0
495781,0,0
495881,0,0
495981,0,0
496081,0,0
496181,0,0
496281,0,0
496381,0,0
496481,0,0
496581,0,0
496681,0,0
496781,0,0
496881,0,0
496981,0,0
497081,0,0
497181,0,0
497277,0,0
497377,0,0
497477,0,0
497577,0,0
497677,0,0
497777,0,0
497877,0,0
497977,0,0
498077,0,0
498177,0,0
498277,0,0
498377,0,0
498477,0,0
498577,0,0
498677,0,0
498777,0,0
498877,0,0
498977,0,0
499077,0,0
499177,0,0
499277,0,0
499377,0,0
499477,0,0
499577,0,0
499677,0,0
499777,0,0
499877,0,0
499977,0,0
500077,0,0
500177,0,0
500277,0,0
500377,0,0
500477,0,0
500577,0,0
500677,0,0
500777,0,0
500877,0,0
500977,0,0
501077,0,0
501177,0,0
501277,0,0
501377,0,0
501477,0,0
501577,0,0
501677,0,0
501777,0,0
501877,0,0
501977,0,0
502077,0,0
502177,0,0
502277,0,0
502377,0,0
502477,0,0
502577,0,0
502677,0,0
502777,0,0
502877,0,0
502977,0,0
503077,0,0
503177,0,0
503277,0,0
503377,0,0
503477,0,0
503577,0,0
503677,0,0
503777,0,0
503877,0,0
503977,0,0
504077,0,0
504177,0,0
504277,0,0
504377,0,0
504477,0,0
504577,0,0
504677,0,0
504777,0,0
504877,0,0
504977,0,0
505077,0,0
505177,0,0
505277,0,0
505377,0,0
505477,0,0
505577,0,0
505677,0,0
505777,0,0
505877,0,0
505977,0,0
506077,0,0
506177,0,0
506277,0,0
506377,0,0
506477,0,0
506577,0,0
506677,0,0
506777,0,0
506877,0,0
506977,0,0
507077,0,0
507177,0,0
507277,0,0
507377,0,0
507477,0,0
507577,0,0
507677,0,0
507777,0,0
507877,0,0
507977,0,0
508077,0,0
508177,0,0
508277,0,0
508377,0,0
508477,0,0
508577,0,0
508677,0,0
508777,0,0
508877,0,0
508977,0,0
509077,0,0
509177,0,0
509277,0,0
509355,0,0
509455,0,0
509555,0,0
509655,0,0
509755,0,0
509855,0,0
509955,0,0
510055,0,0
510155,0,0
510255,0,0
510355,0,0
510455,0,0
510555,0,0
510655,0,0
510755,0,0
510855,0,0
510955,0,0
511081,0,0
511181,0,1
511281,0,1
511381,0,1
511481,0,1
511581,0,1
511681,0,1
511781,0,1
511881,0,1
511981,0,1
512081,0,1
512181,0,1
512282,0,1
512382,0,1
512482,0,1
512582,0,1
512682,0,1
512782,0,1
512882,0,1
512982,0,1
513082,0,1
513182,0,1
513286,0,1
513386,0,1
513486,0,1
513586,0,1
513686,0,1
513786,0,1
513886,0,1
513986,0,1
514086,0,1
514186,0,1
514286,0,1
514386,0,1
514486,0,1
514586,0,1
514686,0,1
514786,0,1
514886,0,1
514986,0,1
515112,0,0
515212,0,0
515385,0,0
515486,0,1
515586,0,1
515686,0,1
515786,0,1
515886,0,1
515986,0,1
516086,0,1
516186,0,1
516286,0,1
516386,0,1
516486,0,1
516586,0,1
516686,0,1
516786,0,1
516886,0,1
516986,0,1
517086,0,1
517186,0,1
517283,0,1
517383,0,1
517483,0,1
517583,0,1
517683,0,1
517783,0,1
517883,0,1
517983,0,1
518083,0,1
518183,0,1
518283,0,1
518384,0,1
518484,0,1
518584,0,1
518684,0,1
518784,0,1
518884,0,1
518984,0,1
519084,0,1
519184,0,1
519284,0,1
519409,0,0
519509,0,0
519609,0,0
519709,0,0
519809,0,0
519909,0,0
520009,0,0
520109,0,0
520209,0,0
520309,0,0
520409,0,0
520509,0,0
520609,0,0
520709,0,0
520809,0,0
520909,0,0
521009,0,0
521109,0,0
521209,0,0
521305,0,0
521405,0,0
521505,0,0
521605,0,0
521705,0,0
521805,0,0
521905,0,0
522005,0,0
522105,0,0
522205,0,0
522306,0,0
522406,0,0
522506,0,0
522606,0,0
522706,0,0
522806,0,0
522906,0,0
523006,0,0
523106,0,0
523206,0,0
523306,0,0
523406,0,0
523506,0,0
523606,0,0
523706,0,0
523806,0,0
523906,0,0
524006,0,0
524106,0,0
524206,0,0
524306,0,0
524406,0,0
524506,0,0
524606,0,0
524706,0,0
524806,0,0
524906,0,0
525006,0,0
525106,0,0
525207,0,0
525302,0,0
525402,0,0
525502,0,0
525602,0,0
525702,0,0
525802,0,0
525902,0,0
526002,0,0
526102,0,0
526202,0,0
526302,0,0
526402,0,0
526502,0,0
526602,0,0
526702,0,0
526802,0,0
526902,0,0
527002,0,0
527102,0,0
527202,0,0
527302,0,0
527402,0,0
527502,0,0
527602,0,0
527702,0,0
527802,0,0
527902,0,0
528002,0,0
528103,0,0
528203,0,0
528303,0,0
528403,0,0
528503,0,0
528603,0,0
528703,0,0
528803,0,0
528903,0,0
529003,0,0
529103,0,0
529203,0,0
529296,0,0
529396,0,0
529496,0,0
529596,0,0
529696,0,0
529796,0,0
529896,0,0
529996,0,0
530096,0,0
530196,0,0
530296,0,0
530396,0,0
530496,0,0
530596,0,0
530696,0,0
530796,0,0
530896,0,0
530996,0,0
531096,0,0
531196,0,0
531296,0,0
531396,0,0
531496,0,0
531596,0,0
531696,0,0
531796,0,0
531896,0,0
531996,0,0
532096,0,0
532196,0,0
532296,0,0
532396,0,0
532496,0,0
532596,0,0
532696,0,0
532796,0,0
532896,0,0
532996,0,0
533096,0,0
533196,0,0
533294,0,0
533394,0,0
533494,0,0
533594,0,0
533694,0,0
533794,0,0
533894,0,0
533994,0,0
534094,0,0
534194,0,0
534294,0,0
534394,0,0
534494,0,0
534594,0,0
534694,0,0
534794,0,0
534894,0,0
534994,0,0
535094,0,0
535194,0,0
535294,0,0
535394,0,0
535494,0,0
535594,0,0
535694,0,0
535794,0,0
535894,0,0
535994,0,0
536094,0,0
536194,0,0
536294,0,0
536394,0,0
536494,0,0
536594,0,0
536694,0,0
536794,0,0
536894,0,0
536994,0,0
537094,0,0
537194,0,0
537290,0,0
537390,0,0
537490,0,0
537590,0,0
537690,0,0
537790,0,0
537890,0,0
537990,0,0
538090,0,0
538190,0,0
538290,0,0
538390,0,0
538490,0,0
538590,0,0
538690,0,0
538790,0,0
538890,0,0
538990,0,0
539090,0,0
539190,0,0
539290,0,0
539390,0,0
539490,0,0
539590,0,0
539690,0,0
539790,0,0
539890,0,0
539990,0,0
540090,0,0
540190,0,0
540290,0,0
540390,0,0
540490,0,0
540590,0,0
540690,0,0
540790,0,0
540890,0,0
540990,0,0
541090,0,0
541190,0,0
541286,0,0
541386,0,0
541486,0,0
541586,0,0
541686,0,0
541786,0,0
541886,0,0
541986,0,0
542086,0,0
542186,0,0
542286,0,0
542386,0,0
542486,0,0
542586,0,0
542686,0,0
542786,0,0
542886,0,0
542986,0,0
543086,0,0
543186,0,0
543286,0,0
543386,0,0
543486,0,0
543586,0,0
543686,0,0
543786,0,0
543886,0,0
543986,0,0
544086,0,0
544186,0,0
544286,0,0
544386,0,0
544486,0,0
544586,0,0
544686,0,0
544786,0,0
544886,0,0
544986,0,0
545086,0,0
545186,0,0
545286,0,0
545386,0,0
545486,0,0
545586,0,0
545686,0,0
545786,0,0
545886,0,0
545986,0,0
546086,0,0
546186,0,0
546286,0,0
546386,0,0
546486,0,0
546586,0,0
546686,0,0
546786,0,0
546886,0,0
546986,0,0
547086,0,0
547186,0,0
547286,0,0
547386,0,0
547486,0,0
547586,0,0
547686,0,0
547786,0,0
547886,0,0
547986,0,0
548086,0,0
548186,0,0
548286,0,0
548386,0,0
548486,0,0
548586,0,0
548686,0,0
548786,0,0
548886,0,0
548986,0,0
549086,0,0
549186,0,0
549286,0,0
549386,0,0
549486,0,0
549586,0,0
549686,0,0
549786,0,0
549886,0,0
549986,0,0
550086,0,0
550186,0,0
550286,0,0
550386,0,0
550486,0,0
550586,0,0
550686,0,0
550786,0,0
550886,0,0
550986,0,0
551086,0,0
551186,0,0
551286,0,0
551386,0,0
551486,0,0
551586,0,0
551686,0,0
551786,0,0
551886,0,0
551986,0,0
552086,0,0
552186,0,0
552286,0,0
552386,0,0
552486,0,0
552586,0,0
552686,0,0
552786,0,0
552886,0,0
552986,0,0
553086,0,0
553186,0,0
553286,0,0
553364,0,0
553464,0,0
553564,0,0
553664,0,1
553764,0,1
553864,1,2
553964,1,2
554064,1,2
554164,1,2
554264,1,2
554364,1,2
554464,1,2
554564,1,2
554664,1,2
554764,1,2
554864,1,2
554964,1,2
555064,1,2
555164,1,2
555264,1,2
555364,1,2
555464,1,2
555564,1,2
555664,1,2
555764,1,2
555886,0,0
555986,0,0
556086,0,0
556186,0,0
556286,0,0
556386,0,0
556486,0,0
556702,0,0
556802,0,0
556902,0,0
557002,0,0
557102,0,0
557202,0,0
557307,0,0
557407,0,0
557507,0,0
557607,0,0
557707,0,0
557808,0,0
557962,0,0
558062,0,1
558162,0,1
558262,0,1
558363,0,1
558463,0,1
558563,0,1
558663,0,1
558763,0,1
558863,0,1
558963,0,1
559063,0,1
559163,0,1
559263,0,1
559363,0,1
559463,0,1
559563,0,1
559663,0,1
559763,0,1
559863,0,1
559963,0,1
560063,0,1
560163,0,1
560263,0,1
560363,0,1
560463,0,1
560563,0,1
560663,0,1
560763,0,1
560863,0,1
560963,0,1
561063,0,1
561163,0,1
561264,0,1
561360,0,1
561460,0,1
561560,0,1
561660,0,1
561760,0,1
561860,0,1
561985,0,0
562085,0,0
562185,0,0
562297,0,1
562397,0,1
562497,0,1
562597,0,1
562697,0,1
562797,0,1
562897,0,1
562997,0,1
563097,0,1
563197,0,1
563297,0,1
563397,0,1
563497,0,1
563597,0,1
563697,0,1
563797,0,1
563897,0,1
563997,0,1
564097,0,1
564197,0,1
564297,0,1
564397,0,1
564497,0,1
564597,0,1
564697,0,1
564797,0,1
564897,0,1
564997,0,1
565097,0,1
565197,0,1
565292,0,1
565392,0,1
565492,0,1
565592,0,1
565692,0,1
565792,0,1
565892,0,1
565992,0,1
566092,0,1
566192,0,1
566294,0,0
566394,0,0
566494,0,0
566594,0,0
566694,0,0
566794,0,0
566894,0,0
566994,0,0
567094,0,0
567194,0,0
567294,0,0
567394,0,0
567494,0,0
567594,0,0
567694,0,0
567794,0,0
567894,0,0
567994,0,0
568094,0,0
568194,0,0
568295,0,0
568395,0,0
568495,0,0
568595,0,0
568695,0,0
568795,0,0
568895,0,0
568995,0,0
569095,0,0
569195,0,0
569291,0,0
569391,0,0
569491,0,0
569591,0,0
569691,0,0
569791,0,0
569891,0,0
569991,0,0
570091,0,0
570191,0,0
570291,0,0
570391,0,0
570491,0,0
570591,0,0
570691,0,0
570791,0,0
570891,0,0
570991,0,0
571091,0,0
571192,0,0
571292,0,0
571392,0,0
571492,0,0
571592,0,0
571692,0,0
571792,0,0
571892,0,0
571992,0,0
572092,0,0
572192,0,0
572292,0,0
572392,0,0
572492,0,0
572592,0,0
572692,0,0
572792,0,0
572892,0,0
572992,0,0
573092,0,0
573192,0,0
573292,0,0
573376,0,0
573476,0,0
573576,0,0
573676,0,0
573776,0,0
573876,0,0
573976,0,0
574076,0,0
574176,0,0
574276,0,0
574376,0,0
574476,0,0
574576,0,0
574676,0,0
574776,0,0
574876,0,0
574976,0,0
575076,0,0
575176,0,0
575276,0,0
575376,0,0
575476,0,0
575576,0,0
575676,0,0
575776,0,0
575876,0,0
575976,0,0
576076,0,0
576176,0,0
576276,0,0
576376,0,0
576476,0,0
576576,0,0
576676,0,0
576776,0,0
576876,0,0
576976,0,0
577076,0,0
577176,0,0
577276,0,0
577374,0,0
577474,0,0
577574,0,0
577674,0,0
577774,0,0
577874,0,0
577974,0,0
578074,0,0
578174,0,0
578274,0,0
578374,0,0
578474,0,0
578574,0,0
578674,0,0
578774,0,0
578874,0,0
578974,0,0
579074,0,0
579174,0,0
579274,0,0
579374,0,0
579474,0,0
579574,0,0
579674,0,0
579774,0,0
579874,0,0
579974,0,0
580074,0,0
580174,0,0
580274,0,0
580374,0,0
580474,0,0
580574,0,0
580674,0,0
580774,0,0
580874,0,0
580974,0,0
581074,0,0
581174,0,0
581274,0,0
581374,0,0
581474,0,0
581574,0,0
581674,0,0
581774,0,0
581874,0,0
581974,0,0
582074,0,0
582174,0,0
582274,0,0
582374,0,0
582474,0,0
582574,0,0
582674,0,0
582774,0,0
582874,0,0
582974,0,0
583074,0,0
583174,0,0
583274,0,0
583374,0,0
583474,0,0
583574,0,0
583674,0,0
583774,0,0
583874,0,0
583974,0,0
584074,0,0
584174,0,0
584274,0,0
584374,0,0
584474,0,0
584574,0,0
584674,0,0
584774,0,0
584874,0,0
584974,0,0
585074,0,0
585174,0,0
585274,0,0
585374,0,0
585474,0,0
585574,0,0
585674,0,0
585774,0,0
585874,0,0
585974,0,0
586074,0,0
586174,0,0
586274,0,0
586374,0,0
586474,0,0
586574,0,0
586674,0,0
586774,0,0
586874,0,0
586974,0,0
587074,0,0
587174,0,0
587274,0,0
587374,0,0
587474,0,0
587574,0,0
587674,0,0
587774,0,0
587874,0,0
587974,0,0
588074,0,0
588174,0,0
588274,0,0
588374,0,0
588474,0,0
588574,0,0
588674,0,0
588774,0,0
588874,0,0
588974,0,0
589074,0,0
589174,0,0
589274,0,0
589374,0,0
589474,0,0
589574,0,0
589674,0,0
589774,0,0
589874,0,0
589974,0,0
590074,0,0
590174,0,0
590274,0,0
590374,0,0
590474,0,0
590574,0,0
590674,0,0
590774,0,0
590874,0,0
590974,0,0
591074,0,0
591174,0,0
591274,0,0
591374,0,0
591474,0,0
591574,0,0
591674,0,0
591774,0,0
591874,0,0
591974,0,0
592074,0,0
592174,0,0
592274,0,0
592374,0,0
592474,0,0
592574,0,0
592674,0,0
592774,0,0
592874,0,0
592974,0,0
593074,0,0
593174,0,0
593274,0,0
593374,0,0
593474,0,0
593574,0,0
593674,0,0
593774,0,0
593874,0,0
593974,0,0
594074,0,0
594174,0,0
594274,0,0
594374,0,0
594474,0,0
594574,0,0
594674,0,0
594774,0,0
594874,0,0
594974,0,0
595074,0,0
595174,0,0
595274,0,0
595374,0,0
595474,0,0
595574,0,0
595674,0,0
595774,0,0
595874,0,0
595974,0,0
596074,0,0
596187,0,0
596287,0,1
596387,0,1
596487,0,1
596587,0,1
596687,0,1
596787,0,1
596887,0,1
596988,0,1
597088,0,1
597188,0,1
597288,0,1
597376,0,1
597476,0,1
597576,0,1
597676,0,1
597776,0,1
597876,0,1
597976,0,1
598076,0,1
598176,0,1
598276,0,1
598376,0,1
598476,0,1
598576,0,1
598676,0,1
598776,0,1
598876,0,1
598976,0,1
599076,0,1
599176,0,1
599276,0,1
599376,0,1
599476,0,1
599576,0,1
599676,0,1
599776,0,1
599877,0,1
599977,0,1
600077,0,1
600202,0,0
600302,0,0
600402,0,0
600502,0,1
600602,0,1
600702,0,1
600802,0,1
600902,0,1
601002,0,1
601102,0,1
601202,0,1
601297,0,1
601397,0,1
601497,0,1
601597,0,1
601697,0,1
601797,0,1
601897,0,1
601997,0,1
602097,0,1
602197,0,1
602297,0,1
602397,0,1
602497,0,1
602597,0,1
602697,0,1
602797,0,1
602897,0,1
602997,0,1
603097,0,1
603197,0,1
603297,0,1
603397,0,1
603497,0,1
603597,0,1
603697,0,1
603797,0,1
603897,0,1
603997,0,1
604097,0,1
604197,0,1
604297,0,1
604397,0,1
604516,0,0
604616,0,0
604774,0,0
604874,0,1
604974,0,1
605074,1,2
605174,1,2
605274,1,2
605370,0,2
605470,0,2
605570,0,2
605671,0,2
605771,0,2
605871,0,2
605971,0,2
606071,0,2
606171,0,2
606271,0,2
606371,0,2
606471,0,2
606571,0,2
606671,0,2
606771,0,2
606871,0,2
606997,0,0
607097,0,0
607197,0,0
607297,0,0
607397,0,0
607497,0,0
607597,0,0
607697,0,0
607797,0,0
607897,0,0
607997,0,0
608097,0,0
608197,0,0
608297,0,0
608397,0,0
608497,0,0
608597,0,0
608697,0,0
608797,0,0
608897,0,0
608997,0,0
609097,0,1
609197,0,1
609294,0,1
609394,0,1
609494,0,1
609594,0,1
609694,0,1
609794,0,1
609894,0,1
609994,0,1
610094,0,1
610194,0,1
610294,0,1
610394,0,1
610494,0,1
610594,0,1
610694,0,1
610794,0,1
610894,0,1
610994,0,1
611094,0,1
611194,0,1
611294,0,1
611394,0,1
611494,0,1
611594,0,1
611694,0,1
611794,0,1
611894,0,1
611994,0,1
612094,0,1
612194,0,1
612294,0,1
612394,0,1
612494,0,1
612594,0,1
612694,0,1
612794,0,1
612894,0,1
612994,0,1
613110,0,0
613210,0,0
613306,0,0
613406,0,0
613506,0,0
613606,0,0
613706,0,0
613806,0,0
613906,0,0
614006,0,0
614106,0,0
614206,0,0
614306,0,0
614406,0,0
614506,0,0
614606,0,0
614706,0,0
614806,0,0
614906,0,0
615006,0,0
615106,0,0
615206,0,0
615306,0,0
615406,0,0
615506,0,0
615606,0,0
615706,0,0
615806,0,0
615906,0,0
616006,0,0
616106,0,0
616206,0,0
616306,0,0
616406,0,0
616506,0,0
616606,0,0
616706,0,0
616806,0,0
616906,0,0
617006,0,0
617106,0,0
617206,0,0
617301,0,0
617401,0,0
617501,0,0
617601,0,0
617701,0,0
617801,0,0
617901,0,0
618001,0,0
618101,0,0
618201,0,0
618301,0,0
618401,0,0
618501,0,0
618601,0,0
618701,0,0
618801,0,0
618901,0,0
619001,0,0
619101,0,0
619201,0,0
619301,0,0
619401,0,0
619501,0,0
619601,0,0
619701,0,0
619801,0,0
619901,0,0
620001,0,0
620101,0,0
620201,0,0
620301,0,0
620401,0,0
620501,0,0
620601,0,0
620701,0,0
620801,0,0
620901,0,0
621001,0,0
621101,0,0
621201,0,0
621296,0,0
621396,0,0
621496,0,0
621596,0,0
621696,0,0
621796,0,0
621896,0,0
621996,0,0
622096,0,0
622196,0,0
622296,0,0
622396,0,0
622496,0,0
622596,0,0
622696,0,0
622796,0,0
622896,0,0
622996,0,0
623096,0,0
623196,0,0
623296,0,0
623396,0,0
623496,0,0
623596,0,0
623696,0,0
623796,0,0
623896,0,0
623996,0,0
624096,0,0
624196,0,0
624296,0,0
624396,0,0
624496,0,0
624596,0,0
624696,0,0
624796,0,0
624896,0,0
624996,0,0
625096,0,0
625196,0,0
625296,0,0
625396,0,0
625496,0,0
625596,0,0
625696,0,0
625796,0,0
625896,0,0
625996,0,0
626096,0,0
626196,0,0
626296,0,0
626396,0,0
626496,0,0
626596,0,0
626696,0,0
626796,0,0
626896,0,0
626996,0,0
627096,0,0
627196,0,0
627296,0,0
627396,0,0
627496,0,0
627596,0,0
627696,0,0
627796,0,0
627896,0,0
627996,0,0
628096,0,0
628196,0,0
628296,0,0
628396,0,0
628496,0,0
628596,0,0
628696,0,0
628796,0,0
628896,0,0
628996,0,0
629096,0,0
629196,0,0
629296,0,0
629396,0,0
629496,0,0
629596,0,0
629696,0,0
629796,0,0
629896,0,0
629996,0,0
630096,0,0
630196,0,0
630296,0,0
630396,0,0
630496,0,0
630596,0,0
630696,0,0
630796,0,0
630896,0,0
630996,0,0
631096,0,0
631196,0,0
631296,0,0
631396,0,0
631496,0,0
631596,0,0
631696,0,0
631796,0,0
631896,0,0
631996,0,0
632096,0,0
632196,0,0
632296,0,0
632396,0,0
632496,0,0
632596,0,0
632696,0,0
632796,0,0
632896,0,0
632996,0,0
633096,0,0
633196,0,0
633296,0,0
633396,0,0
633496,0,0
633596,0,0
633696,0,0
633796,0,0
633896,0,0
633996,0,0
634096,0,0
634196,0,0
634296,0,0
634396,0,0
634496,0,0
634596,0,0
634696,0,0
634796,0,0
634896,0,0
634996,0,0
635096,0,0
635196,0,0
635296,0,0
635396,0,0
635496,0,0
635596,0,0
635696,0,0
635796,0,0
635896,0,0
635996,0,0
636096,0,0
636196,0,0
636296,0,0
636396,0,0
636496,0,0
636596,0,0
636696,0,0
636796,0,0
636896,0,0
636996,0,0
637096,0,0
637196,0,0
637296,0,0
637457,0,0
637479,0,1
637579,0,1
637679,0,1
637779,0,1
637879,0,1
637979,0,1
638079,0,1
638179,0,1
638279,0,1
638379,0,1
638479,0,1
638579,0,1
638679,0,1
638779,0,1
638879,0,1
638979,0,1
639079,0,1
639179,0,1
639279,0,1
639379,0,1
639479,0,1
639579,0,1
639679,0,1
639779,0,1
639880,0,1
639980,0,1
640080,0,1
640180,0,1
640280,0,1
640380,0,1
640480,0,1
640580,0,1
640680,0,1
640780,0,1
640880,0,1
640980,0,1
641080,0,1
641180,0,1
641280,0,1
641461,0,0
641561,0,0
641661,0,0
641761,0,1
641861,0,1
641961,0,1
642061,0,1
642161,0,1
642261,0,1
642361,0,1
642461,0,1
642561,0,1
642661,0,1
642761,0,1
642861,0,1
642961,0,1
643061,0,1
643161,0,1
643261,0,1
643361,0,1
643461,0,1
643562,0,1
643662,0,1
643762,0,1
643862,0,1
643962,0,1
644062,0,1
644162,0,1
644262,0,1
644362,0,1
644462,0,1
644562,0,1
644662,0,1
644762,0,1
644862,0,1
644962,0,1
645062,0,1
645162,0,1
645262,0,1
645362,0,1
645458,0,1
645558,0,1
645658,0,1
645767,0,0
645867,0,0
645967,0,0
646067,0,0
646167,0,0
646267,0,0
646367,0,0
646467,0,0
646567,0,0
646667,0,0
646767,0,0
646867,0,0
646967,0,0
647067,0,0
647167,0,0
647267,0,0
647367,0,0
647467,0,0
647567,0,0
647667,0,0
647767,0,0
647868,0,0
647968,0,0
648068,0,0
648168,0,0
648268,0,0
648368,0,0
648468,0,0
648568,0,0
648668,0,0
648768,0,0
648868,0,0
648968,0,0
649068,0,0
649168,0,0
649268,0,0
649368,0,0
649464,0,0
649564,0,0
649664,0,0
649764,0,0
649864,0,0
649964,0,0
650064,0,0
650164,0,0
650264,0,0
650364,0,0
650464,0,0
650564,0,0
650664,0,0
650765,0,0
650865,0,0
650965,0,0
651065,0,0
651165,0,0
651265,0,0
651365,0,0
651465,0,0
651565,0,0
651665,0,0
651765,0,0
651865,0,0
651965,0,0
652065,0,0
652165,0,0
652265,0,0
652365,0,0
652465,0,0
652565,0,0
652665,0,0
652765,0,0
652865,0,0
652965,0,0
653065,0,0
653165,0,0
653265,0,0
653365,0,0
653461,0,0
653561,0,0
653662,0,0
653762,0,0
653862,0,0
653962,0,0
654062,0,0
654162,0,0
654262,0,0
654362,0,0
654462,0,0
654562,0,0
654662,0,0
654762,0,0
654862,0,0
654962,0,0
655062,0,0
655162,0,0
655262,0,0
655362,0,0
655462,0,0
655562,0,0
655662,0,0
655762,0,0
655862,0,0
655962,0,0
656062,0,0
656162,0,0
656262,0,0
656362,0,0
656462,0,0
656562,0,0
656662,0,0
656762,0,0
656862,0,0
656962,0,0
657062,0,0
657162,0,0
657262,0,0
657362,0,0
657457,0,0
657557,0,0
657657,0,0
657757,0,0
657857,0,0
657957,0,0
658057,0,0
658157,0,0
658257,0,0
658357,0,0
658457,0,0
658557,0,0
658657,0,0
658757,0,0
658857,0,0
658957,0,0
659057,0,0
659157,0,0
659257,0,0
659357,0,0
659457,0,0
659557,0,0
659657,0,0
659757,0,0
659857,0,0
659957,0,0
660057,0,0
660157,0,0
660257,0,0
660357,0,0
660457,0,0
660557,0,0
660657,0,0
660757,0,0
660857,0,0
660957,0,0
661057,0,0
661157,0,0
661257,0,0
661357,0,0
661453,0,0
661553,0,0
661653,0,0
661753,0,0
661853,0,0
661953,0,0
662053,0,0
662153,0,0
662253,0,0
662353,0,0
662453,0,0
662553,0,0
662653,0,0
662753,0,0
662853,0,0
662953,0,0
663053,0,0
663153,0,0
663253,0,0
663353,0,0
663453,0,0
663553,0,0
663653,0,0
663753,0,0
663853,0,0
663953,0,0
664053,0,0
664153,0,0
664253,0,0
664353,0,0
664453,0,0
664553,0,0
664653,0,0
664753,0,0
664853,0,0
664953,0,0
665053,0,0
665153,0,0
665253,0,0
665353,0,0
665449,0,0
665549,0,0
665649,0,0
665749,0,0
665849,0,0
665949,0,0
666049,0,0
666149,0,0
666249,0,0
666349,0,0
666449,0,0
666549,0,0
666649,0,0
666749,0,0
666849,0,0
666949,0,0
667049,0,0
667149,0,0
667249,0,0
667349,0,0
667449,0,0
667549,0,0
667649,0,0
667749,0,0
667849,0,0
667949,0,0
668049,0,0
668149,0,0
668249,0,0
668349,0,0
668449,0,0
668549,0,0
668649,0,0
668749,0,0
668849,0,0
668949,0,0
669049,0,0
669149,0,0
669249,0,0
669349,0,0
669449,0,0
669549,0,0
669649,0,0
669749,0,0
669849,0,0
669949,0,0
670049,0,0
670149,0,0
670249,0,0
670349,0,0
670449,0,0
670549,0,0
670649,0,0
670749,0,0
670849,0,0
670949,0,0
671049,0,0
671149,0,0
671249,0,0
671349,0,0
671449,0,0
671549,0,0
671649,0,0
671749,0,0
671849,0,0
671949,0,0
672049,0,0
672149,0,0
672249,0,0
672349,0,0
672449,0,0
672549,0,0
672649,0,0
672749,0,0
672849,0,0
672949,0,0
673049,0,0
673149,0,0
673249,0,0
673349,0,0
673449,0,0
673549,0,0
673649,0,0
673749,0,0
673849,0,0
673949,0,0
674049,0,0
674149,0,0
674249,0,0
674349,0,0
674449,0,0
674549,0,0
674649,0,0
674749,0,0
674849,0,0
674949,0,0
675049,0,0
675149,0,0
675249,0,0
675349,0,0
675449,0,0
675549,0,0
675649,0,0
675749,0,0
675849,0,0
675949,0,0
676049,0,0
676149,0,0
676249,0,0
676349,0,0
676449,0,0
676549,0,0
676649,0,0
676749,0,0
676849,0,0
676949,0,0
677049,0,0
677149,0,0
677249,0,0
677349,0,0
677436,0,0
677536,0,0
677636,0,0
677736,0,0
677836,0,0
677944,0,0
678044,0,1
678163,0,1
678263,1,2
678363,1,2
678463,1,2
678563,1,2
678663,1,2
678763,1,2
678863,1,2
678963,1,2
679063,1,2
679163,1,2
679263,1,2
679364,1,2
679464,1,2
679564,1,2
679664,1,2
679764,1,2
679864,1,2
679964,1,2
680064,1,2
680190,0,0
680290,0,0
680390,0,0
680490,0,0
680590,0,0
680690,0,0
680790,0,0
680890,0,0
680990,0,0
681090,0,0
681190,0,0
681290,0,0
681390,0,0
681486,0,0
681586,0,0
681686,0,0
681786,0,0
681886,0,0
681986,0,0
682086,0,0
682186,0,0
682286,0,1
682386,0,1
682486,0,1
682586,0,1
682686,0,1
682786,0,1
682886,0,1
682987,0,1
683087,0,1
683187,0,1
683287,0,1
683387,0,1
683487,0,1
683587,0,1
683687,0,1
683787,0,1
683887,0,1
683987,0,1
684087,0,1
684187,0,1
684287,0,1
684387,0,1
684487,0,1
684587,0,1
684687,0,1
684787,0,1
684887,0,1
684987,0,1
685087,0,1
685187,0,1
685287,0,1
685387,0,1
685482,0,1
685582,0,1
685682,0,1
685782,0,1
685883,0,1
685983,0,1
686083,0,1
686183,0,1
686300,0,0
686400,0,0
686500,0,0
686600,0,0
686700,0,0
686800,0,0
686900,0,0
687000,0,0
687100,0,0
687200,0,0
687300,0,0
687400,0,0
687500,0,0
687600,0,0
687700,0,0
687800,0,0
687900,0,0
688000,0,0
688100,0,0
688200,0,0
688300,0,0
688401,0,0
688501,0,0
688601,0,0
688701,0,0
688801,0,0
688901,0,0
689001,0,0
689101,0,0
689201,0,0
689301,0,0
689401,0,0
689491,0,0
689591,0,0
689691,0,0
689791,0,0
689891,0,0
689991,0,0
690091,0,0
690191,0,0
690291,0,0
690391,0,0
690491,0,0
690591,0,0
690691,0,0
690791,0,0
690891,0,0
690991,0,0
691091,0,0
691191,0,0
691292,0,0
691392,0,0
691492,0,0
691592,0,0
691692,0,0
691792,0,0
691892,0,0
691992,0,0
692092,0,0
692192,0,0
692292,0,0
692392,0,0
692492,0,0
692592,0,0
692692,0,0
692792,0,0
692892,0,0
692992,0,0
693092,0,0
693192,0,0
693292,0,0
693392,0,0
693495,0,0
693595,0,0
693695,0,0
693795,0,0
693895,0,0
693995,0,0
694095,0,0
694196,0,0
694296,0,0
694396,0,0
694496,0,0
694596,0,0
694696,0,0
694796,0,0
694896,0,0
694996,0,0
695096,0,0
695196,0,0
695296,0,0
695396,0,0
695496,0,0
695596,0,0
695696,0,0
695796,0,0
695896,0,0
695996,0,0
696096,0,0
696196,0,0
696296,0,0
696396,0,0
696496,0,0
696596,0,0
696696,0,0
696796,0,0
696896,0,0
696996,0,0
697096,0,0
697196,0,0
697296,0,0
697396,0,0
697491,0,0
697591,0,0
697691,0,0
697791,0,0
697891,0,0
697991,0,0
698091,0,0
698191,0,0
698291,0,0
698391,0,0
698491,0,0
698591,0,0
698691,0,0
698791,0,0
698891,0,0
698991,0,0
699091,0,0
699191,0,0
699291,0,0
699391,0,0
699491,0,0
699591,0,0
699691,0,0
699791,0,0
699891,0,0
699991,0,0
700091,0,0
700191,0,0
700291,0,0
700391,0,0
700491,0,0
700591,0,0
700691,0,0
700791,0,0
700891,0,0
700991,0,0
701091,0,0
701191,0,0
701291,0,0
701391,0,0
701486,0,0
701586,0,0
701686,0,0
701786,0,0
701886,0,0
701986,0,0
702086,0,0
702186,0,0
702286,0,0
702386,0,0
702486,0,0
702586,0,0
702686,0,0
702786,0,0
702886,0,0
702986,0,0
703086,0,0
703186,0,0
703286,0,0
703386,0,0
703486,0,0
703586,0,0
703686,0,0
703786,0,0
703886,0,0
703986,0,0
704086,0,0
704186,0,0
704286,0,0
704386,0,0
704486,0,0
704586,0,0
704686,0,0
704786,0,0
704886,0,0
704986,0,0
705086,0,0
705186,0,0
705286,0,0
705386,0,0
705482,0,0
705582,0,0
705682,0,0
705782,0,0
705882,0,0
705982,0,0
706082,0,0
706182,0,0
706282,0,0
706382,0,0
706482,0,0
706582,0,0
706682,0,0
706782,0,0
706882,0,0
706982,0,0
707082,0,0
707182,0,0
707282,0,0
707382,0,0
707482,0,0
707582,0,0
707682,0,0
707782,0,0
707882,0,0
707982,0,0
708082,0,0
708182,0,0
708282,0,0
708382,0,0
708482,0,0
708582,0,0
708682,0,0
708782,0,0
708882,0,0
708982,0,0
709082,0,0
709182,0,0
709282,0,0
709382,0,0
709482,0,0
709582,0,0
709682,0,0
709782,0,0
709882,0,0
709982,0,0
710082,0,0
710182,0,0
710282,0,0
710382,0,0
710482,0,0
710582,0,0
710682,0,0
710782,0,0
710882,0,0
710982,0,0
711082,0,0
711182,0,0
711282,0,0
711382,0,0
711482,0,0
711582,0,0
711682,0,0
711782,0,0
711882,0,0
711982,0,0
712082,0,0
712182,0,0
712282,0,0
712382,0,0
712482,0,0
712582,0,0
712682,0,0
712782,0,0
712882,0,0
712982,0,0
713082,0,0
713182,0,0
713282,0,0
713382,0,0
713482,0,0
713582,0,0
713682,0,0
713782,0,0
713882,0,0
713982,0,0
714082,0,0
714182,0,0
714282,0,0
714382,0,0
714482,0,0
714582,0,0
714682,0,0
714782,0,0
714882,0,0
714982,0,0
715082,0,0
715182,0,0
715282,0,0
715382,0,0
715482,0,0
715582,0,0
715682,0,0
715782,0,0
715882,0,0
715982,0,0
716082,0,0
716182,0,0
716282,0,0
716382,0,0
716482,0,0
716582,0,0
716682,0,0
716782,0,0
716882,0,0
716982,0,0
717082,0,0
717182,0,0
717282,0,0
717382,0,0
717468,0,0
717568,0,0
717668,0,0
717768,0,0
717868,0,0
717968,0,0
718068,0,0
718168,0,0
718268,0,0
718368,0,0
718468,0,0
718621,0,0
718721,0,1
718842,0,1
718942,1,2
719043,1,2
719143,1,2
719243,1,2
719343,1,2
719443,1,2
719543,1,2
719643,1,2
719743,1,2
719843,1,2
719943,1,2
720043,1,2
720143,1,2
720243,1,2
720343,1,2
720443,1,2
720543,1,2
720643,1,2
720743,1,2
720868,0,0
720968,0,0
721068,0,0
721168,0,0
721268,0,0
721368,0,0
721465,0,0
721565,0,0
721665,0,0
721765,0,0
721865,0,0
721965,0,0
722065,0,0
722165,0,0
722265,0,0
722365,0,0
722465,0,0
722565,0,0
722665,0,0
722765,0,0
722929,0,0
723029,0,1
723129,0,1
723229,0,1
723329,0,1
723429,0,1
723529,0,1
723629,0,1
723729,0,1
723829,0,1
723929,0,1
724029,0,1
724129,0,1
724229,0,1
724329,0,1
724429,0,1
724529,0,1
724629,0,1
724729,0,1
724829,0,1
724929,0,1
725029,0,1
725129,0,1
725229,0,1
725329,0,1
725429,0,1
725518,0,1
725618,0,1
725718,0,1
725818,0,1
725918,0,1
726018,0,1
726118,0,1
726218,0,1
726318,0,1
726418,0,1
726518,0,1
726618,0,1
726718,0,1
726818,0,1
726918,0,1
727018,0,0
727118,0,0
727218,0,0
727318,0,0
727418,0,0
727518,0,0
727618,0,0
727718,0,0
727818,0,0
727918,0,0
728018,0,0
728118,0,0
728218,0,0
728318,0,0
728418,0,0
728518,0,0
728618,0,0
728718,0,0
728818,0,0
728918,0,0
729018,0,0
729118,0,0
729218,0,0
729318,0,0
729418,0,0
729519,0,0
729619,0,0
729719,0,0
729819,0,0
729919,0,0
730019,0,0
730119,0,0
730219,0,0
730319,0,0
730419,0,0
730519,0,0
730619,0,0
730719,0,0
730819,0,0
730919,0,0
731019,0,0
731119,0,0
731219,0,0
731319,0,0
731419,0,0
731519,0,0
731619,0,0
731719,0,0
731819,0,0
731919,0,0
732019,0,0
732119,0,0
732219,0,0
732319,0,0
732419,0,0
732519,0,0
732619,0,0
732719,0,0
732819,0,0
732919,0,0
733019,0,0
733119,0,0
733219,0,0
733319,0,0
733419,0,0
733516,0,0
733616,0,0
733716,0,0
733816,0,0
733916,0,0
734016,0,0
734116,0,0
734216,0,0
734316,0,0
734416,0,0
734516,0,0
734616,0,0
734716,0,0
734816,0,0
734916,0,0
735016,0,0
735116,0,0
735216,0,0
735316,0,0
735416,0,0
735516,0,0
735616,0,0
735716,0,0
735816,0,0
735916,0,0
736016,0,0
736116,0,0
736216,0,0
736316,0,0
736416,0,0
736516,0,0
736616,0,0
736716,0,0
736816,0,0
736916,0,0
737016,0,0
737116,0,0
737216,0,0
737316,0,0
737416,0,0
737511,0,0
737611,0,0
737711,0,0
737811,0,0
737911,0,0
738011,0,0
738111,0,0
738211,0,0
738311,0,0
738411,0,0
738511,0,0
738611,0,0
738711,0,0
738811,0,0
738911,0,0
739011,0,0
739111,0,0
739211,0,0
739311,0,0
739411,0,0
739511,0,0
739611,0,0
739711,0,0
739811,0,0
739911,0,0
740011,0,0
740111,0,0
740211,0,0
740311,0,0
740411,0,0
740511,0,0
740611,0,0
740711,0,0
740811,0,0
740911,0,0
741011,0,0
741111,0,0
741211,0,0
741311,0,0
741411,0,0
741508,0,0
741608,0,0
741708,0,0
741808,0,0
741908,0,0
742008,0,0
742108,0,0
742208,0,0
742308,0,0
742408,0,0
742508,0,0
742608,0,0
742708,0,0
742808,0,0
742908,0,0
743008,0,0
743108,0,0
743208,0,0
743308,0,0
743408,0,0
743508,0,0
743608,0,0
743708,0,0
743808,0,0
743908,0,0
744008,0,0
744108,0,0
744208,0,0
744308,0,0
744408,0,0
744508,0,0
744608,0,0
744708,0,0
744808,0,0
744908,0,0
745008,0,0
745108,0,0
745208,0,0
745308,0,0
745408,0,0
745504,0,0
745604,0,0
745704,0,0
745804,0,0
745904,0,0
746004,0,0
746104,0,0
746204,0,0
746304,0,0
746404,0,0
746504,0,0
746604,0,0
746704,0,0
746804,0,0
746904,0,0
747004,0,0
747104,0,0
747204,0,0
747304,0,0
747404,0,0
747504,0,0
747604,0,0
747704,0,0
747804,0,0
747904,0,0
748004,0,0
748104,0,0
748204,0,0
748304,0,0
748404,0,0
748504,0,0
748604,0,0
748704,0,0
748804,0,0
748904,0,0
749004,0,0
749104,0,0
749204,0,0
749304,0,0
749404,0,0
749504,0,0
749604,0,0
749704,0,0
749804,0,0
749904,0,0
750004,0,0
750104,0,0
750204,0,0
750304,0,0
750404,0,0
750504,0,0
750604,0,0
750704,0,0
750804,0,0
750904,0,0
751004,0,0
751104,0,0
751204,0,0
751304,0,0
751404,0,0
751504,0,0
751604,0,0
751704,0,0
751804,0,0
751904,0,0
752004,0,0
752104,0,0
752204,0,0
752304,0,0
752404,0,0
752504,0,0
752604,0,0
752704,0,0
752804,0,0
752904,0,0
753004,0,0
753104,0,0
753204,0,0
753304,0,0
753404,0,0
753504,0,0
753604,0,0
753704,0,0
753804,0,0
753904,0,0
754004,0,0
754104,0,0
754204,0,0
754304,0,0
754404,0,0
754504,0,0
754604,0,0
754704,0,0
754804,0,0
754904,0,0
755004,0,0
755104,0,0
755204,0,0
755304,0,0
755404,0,0
755504,0,0
755604,0,0
755704,0,0
755804,0,0
755904,0,0
756004,0,0
756104,0,0
756204,0,0
756304,0,0
756404,0,0
756504,0,0
756604,0,0
756704,0,0
756804,0,0
756904,0,0
757004,0,0
757104,0,0
757204,0,0
757304,0,0
757404,0,0
757491,0,0
757591,0,0
757691,0,0
757791,0,0
757891,0,0
757991,0,0
758091,0,0
758191,0,0
758291,0,0
758391,0,0
758491,0,0
758591,0,0
758691,0,0
758791,0,0
758891,0,0
759031,0,0
759131,0,1
759231,0,1
759331,0,1
759431,0,1
759531,0,1
759631,0,1
759731,0,1
759831,0,1
759931,0,1
760031,0,1
760131,0,1
760231,0,1
760331,0,1
760431,0,1
760531,0,1
760631,0,1
760731,0,1
760831,0,1
760931,0,1
761031,0,1
761131,0,1
761231,0,1
761331,0,1
761431,0,1
761527,0,1
761627,0,1
761727,0,1
761827,0,1
761927,0,1
762027,0,1
762127,0,1
762227,0,1
762327,0,1
762427,0,1
762527,0,1
762627,0,1
762727,0,1
762827,0,1
762927,0,1
763054,0,0
763154,0,0
763254,0,0
763354,0,0
763454,0,0
763554,0,0
763654,0,0
763755,0,0
763855,0,0
763955,0,0
764055,0,0
764155,0,0
764255,0,0
764355,0,0
764455,0,0
764555,0,0
764655,0,0
764755,0,0
764855,0,0
764955,0,0
765055,0,0
765155,0,0
765255,0,0
765355,0,0
765451,0,0
765551,0,0
765651,0,0
765751,0,0
765851,0,0
765951,0,0
766051,0,0
766151,0,0
766251,0,0
766351,0,0
766451,0,0
766551,0,0
766651,0,0
766751,0,0
766851,0,0
766951,0,0
767051,0,0
767151,0,0
767251,0,0
767351,0,0
767451,0,0
767551,0,0
767651,0,0
767751,0,0
767851,0,0
767951,0,0
768051,0,0
768151,0,0
768251,0,0
768351,0,0
768451,0,0
768551,0,0
768651,0,0
768751,0,0
768851,0,0
768951,0,0
769051,0,0
769151,0,0
769251,0,0
769351,0,0
769446,0,0
769546,0,0
769646,0,0
769746,0,0
769846,0,0
769946,0,0
770046,0,0
770146,0,0
770246,0,0
770346,0,0
770446,0,0
770546,0,0
770646,0,0
770746,0,0
770846,0,0
770946,0,0
771046,0,0
771146,0,0
771246,0,0
771346,0,0
771446,0,0
771546,0,0
771646,0,0
771746,0,0
771846,0,0
771946,0,0
772046,0,0
772146,0,0
772246,0,0
772346,0,0
772446,0,0
772546,0,0
772646,0,0
772746,0,0
772846,0,0
772946,0,0
773046,0,0
773146,0,0
773246,0,0
773346,0,0
773446,0,0
773528,0,0
773628,0,0
773728,0,0
773828,0,0
773928,0,0
774028,0,0
774128,0,0
774228,0,0
774328,0,0
774428,0,0
774528,0,0
774628,0,0
774728,0,0
774828,0,0
774928,0,0
775028,0,0
775128,0,0
775228,0,0
775328,0,0
775428,0,0
775528,0,0
775628,0,0
775728,0,0
775828,0,0
775928,0,0
776028,0,0
776128,0,0
776228,0,0
776328,0,0
776428,0,0
776528,0,0
776628,0,0
776728,0,0
776828,0,0
776928,0,0
777028,0,0
777128,0,0
777228,0,0
777328,0,0
777428,0,0
777529,0,0
777629,0,0
777729,0,0
777829,0,0
777929,0,0
778029,0,0
778129,0,0
778229,0,0
778329,0,0
778429,0,0
778529,0,0
778629,0,0
778729,0,0
778829,0,0
778929,0,0
779029,0,0
779129,0,0
779229,0,0
779329,0,0
779429,0,0
779529,0,0
779629,0,0
779729,0,0
779829,0,0
779929,0,0
780029,0,0
780129,0,0
780229,0,0
780329,0,0
780429,0,0
780529,0,0
780629,0,0
780729,0,0
780829,0,0
780929,0,0
781029,0,0
781129,0,0
781229,0,0
781329,0,0
781429,0,0
781528,0,0
781628,0,0
781728,0,0
781828,0,0
781928,0,0
782028,0,0
782128,0,0
782228,0,0
782328,0,0
782428,0,0
782528,0,0
782628,0,0
782728,0,0
782828,0,0
782928,0,0
783028,0,0
783128,0,0
783228,0,0
783328,0,0
783428,0,0
783528,0,0
783628,0,0
783728,0,0
783828,0,0
783928,0,0
784028,0,0
784128,0,0
784228,0,0
784328,0,0
784428,0,0
784528,0,0
784628,0,0
784728,0,0
784828,0,0
784928,0,0
785028,0,0
785128,0,0
785228,0,0
785328,0,0
785428,0,0
785529,0,0
785629,0,0
785729,0,0
785829,0,0
785929,0,0
786029,0,0
786129,0,0
786229,0,0
786329,0,0
786429,0,0
786529,0,0
786629,0,0
786729,0,0
786829,0,0
786929,0,0
787029,0,0
787129,0,0
787229,0,0
787329,0,0
787429,0,0
787529,0,0
787629,0,0
787729,0,0
787829,0,0
787929,0,0
788029,0,0
788129,0,0
788229,0,0
788329,0,0
788429,0,0
788529,0,0
788629,0,0
788729,0,0
788829,0,0
788929,0,0
789029,0,0
789129,0,0
789229,0,0
789329,0,0
789429,0,0
789529,0,0
789629,0,0
789729,0,0
789829,0,0
789929,0,0
790029,0,0
790129,0,0
790229,0,0
790329,0,0
790429,0,0
790529,0,0
790629,0,0
790729,0,0
790829,0,0
790929,0,0
791029,0,0
791129,0,0
791229,0,0
791329,0,0
791429,0,0
791529,0,0
791629,0,0
791729,0,0
791829,0,0
791929,0,0
792029,0,0
792129,0,0
792229,0,0
792329,0,0
792429,0,0
792529,0,0
792629,0,0
792729,0,0
792829,0,0
792929,0,0
793029,0,0
793129,0,0
793229,0,0
793329,0,0
793429,0,0
793529,0,0
793629,0,0
793729,0,0
793829,0,0
793929,0,0
794029,0,0
794129,0,0
794229,0,0
794329,0,0
794429,0,0
794529,0,0
794629,0,0
794729,0,0
794829,0,0
794929,0,0
795029,0,0
795129,0,0
795229,0,0
795329,0,0
795429,0,0
795529,0,0
795629,0,0
795729,0,0
795829,0,0
795929,0,0
796029,0,0
796129,0,0
796229,0,0
796329,0,0
796429,0,0
796529,0,0
796629,0,0
796729,0,0
796829,0,0
796929,0,0
797029,0,0
797129,0,0
797229,0,0
797329,0,0
797429,0,0
797529,0,0
797629,0,0
797729,0,0
797829,0,0
797929,0,0
798029,0,0
798129,0,0
798229,0,0
798329,0,0
798429,0,0
798529,0,0
798629,0,0
798729,0,0
798829,0,0
798929,0,0
799029,0,0
799129,0,0
799229,0,0
799329,0,0
799429,0,0
799529,0,0
799629,0,0
799729,0,0
799829,0,0
799969,0,0
800069,0,1
800169,0,1
800269,0,1
800369,0,1
800469,0,1
800569,0,1
800669,0,1
800769,0,1
800869,0,1
800969,0,1
801069,0,1
801169,0,1
801269,0,1
801369,0,1
801451,0,1
801551,0,1
801651,0,1
801751,0,1
801851,0,1
801951,0,1
802051,0,1
802151,0,1
802251,0,1
802351,0,1
802451,0,1
802551,0,1
802651,0,1
802751,0,1
802851,0,1
802951,0,1
803051,0,1
803151,0,1
803251,0,1
803351,0,1
803451,0,1
803551,0,1
803651,0,1
803751,0,1
803851,0,1
803951,0,1
804051,0,0
804151,0,0
804251,0,0
804351,0,0
804451,0,0
804551,0,0
804651,0,0
804751,0,0
804851,0,0
804951,0,0
805051,0,0
805151,0,0
805251,0,0
805351,0,0
805447,0,0
805547,0,0
805647,0,0
805747,0,0
805847,0,0
805947,0,0
806047,0,0
806147,0,0
806247,0,0
806347,0,0
806447,0,0
806547,0,0
806647,0,0
806747,0,0
806847,0,0
806947,0,0
807047,0,0
807147,0,0
807247,0,0
807347,0,0
807447,0,0
807547,0,0
807647,0,0
807747,0,0
807847,0,0
807947,0,0
808047,0,0
808147,0,0
808247,0,0
808347,0,0
808447,0,0
808547,0,0
808647,0,0
808747,0,0
808847,0,0
808947,0,0
809047,0,0
809147,0,0
809247,0,0
809347,0,0
809443,0,0
809543,0,0
809643,0,0
809743,0,0
809843,0,0
809943,0,0
810043,0,0
810143,0,0
810243,0,0
810343,0,0
810443,0,0
810543,0,0
810643,0,0
810743,0,0
810843,0,0
810943,0,0
811043,0,0
811143,0,0
811243,0,0
811343,0,0
811443,0,0
811543,0,0
811643,0,0
811743,0,0
811843,0,0
811943,0,0
812043,0,0
812143,0,0
812243,0,0
812343,0,0
812443,0,0
812543,0,0
812643,0,0
812743,0,0
812843,0,0
812943,0,0
813043,0,0
813143,0,0
813243,0,0
813343,0,0
813443,0,0
813528,0,0
813628,0,0
813728,0,0
813828,0,0
813928,0,0
814028,0,0
814128,0,0
814228,0,0
814328,0,0
814428,0,0
814528,0,0
814628,0,0
814728,0,0
814828,0,0
814928,0,0
815028,0,0
815128,0,0
815228,0,0
815328,0,0
815428,0,0
815528,0,0
815628,0,0
815728,0,0
815828,0,0
815928,0,0
816028,0,0
816128,0,0
816228,0,0
816328,0,0
816428,0,0
816528,0,0
816628,0,0
816728,0,0
816828,0,0
816928,0,0
817028,0,0
817128,0,0
817228,0,0
817328,0,0
817428,0,0
817529,0,0
817629,0,0
817729,0,0
817829,0,0
817929,0,0
818029,0,0
818129,0,0
818229,0,0
818329,0,0
818429,0,0
818529,0,0
818629,0,0
818729,0,0
818829,0,0
818929,0,0
819029,0,0
819129,0,0
819229,0,0
819329,0,0
819429,0,0
819529,0,0
819629,0,0
819729,0,0
819829,0,0
819929,0,0
820029,0,0
820129,0,0
820229,0,0
820329,0,0
820429,0,0
820529,0,0
820629,0,0
820729,0,0
820829,0,0
820929,0,0
821029,0,0
821129,0,0
821229,0,0
821329,0,0
821429,0,0
821529,0,0
821629,0,0
821729,0,0
821829,0,0
821929,0,0
822029,0,0
822129,0,0
822229,0,0
822329,0,0
822429,0,0
822529,0,0
822629,0,0
822729,0,0
822829,0,0
822929,0,0
823029,0,0
823129,0,0
823229,0,0
823329,0,0
823429,0,0
823529,0,0
823629,0,0
823729,0,0
823829,0,0
823929,0,0
824029,0,0
824129,0,0
824229,0,0
824329,0,0
824429,0,0
824529,0,0
824629,0,0
824729,0,0
824829,0,0
824929,0,0
825029,0,0
825129,0,0
825229,0,0
825329,0,0
825429,0,0
825526,0,0
825626,0,0
825726,0,0
825826,0,0
825926,0,0
826026,0,0
826126,0,0
826226,0,0
826326,0,0
826426,0,0
826526,0,0
826626,0,0
826726,0,0
826826,0,0
826926,0,0
827026,0,0
827126,0,0
827226,0,0
827326,0,0
827426,0,0
827526,0,0
827626,0,0
827726,0,0
827826,0,0
827926,0,0
828026,0,0
828126,0,0
828226,0,0
828326,0,0
828426,0,0
828526,0,0
828626,0,0
828726,0,0
828826,0,0
828926,0,0
829026,0,0
829126,0,0
829226,0,0
829326,0,0
829426,0,0
829526,0,0
829626,0,0
829726,0,0
829826,0,0
829926,0,0
830026,0,0
830126,0,0
830226,0,0
830326,0,0
830426,0,0
830526,0,0
830626,0,0
830726,0,0
830826,0,0
830926,0,0
831026,0,0
831126,0,0
831226,0,0
831326,0,0
831426,0,0
831526,0,0
831626,0,0
831726,0,0
831826,0,0
831926,0,0
832026,0,0
832126,0,0
832226,0,0
832326,0,0
832426,0,0
832526,0,0
832626,0,0
832726,0,0
832826,0,0
832926,0,0
833026,0,0
833126,0,0
833226,0,0
833326,0,0
833426,0,0
833526,0,0
833626,0,0
833726,0,0
833826,0,0
833926,0,0
834026,0,0
834126,0,0
834226,0,0
834326,0,0
834426,0,0
834526,0,0
834626,0,0
834726,0,0
834826,0,0
834926,0,0
835026,0,0
835126,0,0
835226,0,0
835326,0,0
835426,0,0
835526,0,0
835626,0,0
835726,0,0
835826,0,0
835926,0,0
836026,0,0
836126,0,0
836226,0,0
836326,0,0
836426,0,0
836526,0,0
836626,0,0
836726,0,0
836826,0,0
836926,0,0
837026,0,0
837126,0,0
837226,0,0
837326,0,0
837426,0,0
837526,0,0
837626,0,0
837726,0,0
837826,0,0
837926,0,0
838026,0,0
838126,0,0
838226,0,0
838326,0,0
838426,0,0
838526,0,0
838626,0,0
838726,0,0
838826,0,0
838926,0,0
839026,0,0
839126,0,0
839226,0,0
839326,0,0
839426,0,0
839526,0,0
839626,0,0
839726,0,0
839826,0,0
839926,0,0
840026,0,0
840126,0,0
840226,0,0
840326,0,0
840426,0,0
840526,0,0
840626,0,0
840726,0,0
840826,0,0
840926,0,0
841026,0,0
841126,0,0
841226,0,0
841326,0,0
841436,0,1
841536,0,1
841618,0,1
841718,0,1
841818,0,1
841919,0,1
842019,0,1
842119,0,1
842219,0,1
842319,0,1
842419,0,1
842519,0,1
842619,0,1
842719,0,1
842819,0,1
842919,0,1
843019,0,1
843119,0,1
843219,0,1
843319,0,1
843419,0,1
843519,0,1
843619,0,1
843719,0,1
843819,0,1
843919,0,1
844019,0,1
844119,0,1
844219,0,1
844319,0,1
844419,0,1
844519,0,1
844619,0,1
844719,0,1
844820,0,1
844920,0,1
845020,0,1
845120,0,1
845220,0,1
845320,0,1
845420,0,0
845520,0,0
845615,0,0
845715,0,0
845815,0,0
845915,0,0
846015,0,0
846115,0,0
846215,0,0
846315,0,0
846415,0,0
846515,0,0
846615,0,0
846715,0,0
846815,0,0
846915,0,0
847015,0,0
847115,0,0
847215,0,0
847315,0,0
847415,0,0
847515,0,0
847615,0,0
847715,0,0
847815,0,0
847915,0,0
848015,0,0
848115,0,0
848215,0,0
848315,0,0
848415,0,0
848515,0,0
848615,0,0
848715,0,0
848815,0,0
848915,0,0
849015,0,0
849115,0,0
849215,0,0
849315,0,0
849415,0,0
849515,0,0
849612,0,0
849712,0,0
849812,0,0
849912,0,0
850012,0,0
850112,0,0
850212,0,0
850312,0,0
850412,0,0
850512,0,0
850612,0,0
850712,0,0
850812,0,0
850912,0,0
851012,0,0
851112,0,0
851212,0,0
851312,0,0
851412,0,0
851512,0,0
851612,0,0
851712,0,0
851812,0,0
851912,0,0
852012,0,0
852112,0,0
852212,0,0
852312,0,0
852412,0,0
852512,0,0
852612,0,0
852712,0,0
852812,0,0
852912,0,0
853012,0,0
853112,0,0
853212,0,0
853312,0,0
853412,0,0
853512,0,0
853607,0,0
853707,0,0
853807,0,0
853907,0,0
854007,0,0
854107,0,0
854207,0,0
854307,0,0
854407,0,0
854507,0,0
854607,0,0
854707,0,0
854807,0,0
854907,0,0
855007,0,0
855107,0,0
855207,0,0
855307,0,0
855407,0,0
855507,0,0
855607,0,0
855707,0,0
855807,0,0
855907,0,0
856007,0,0
856107,0,0
856207,0,0
856307,0,0
856407,0,0
856507,0,0
856607,0,0
856707,0,0
856807,0,0
856907,0,0
857007,0,0
857107,0,0
857207,0,0
857307,0,0
857407,0,0
857507,0,0
857603,0,0
857703,0,0
857803,0,0
857903,0,0
858003,0,0
858103,0,0
858203,0,0
858303,0,0
858403,0,0
858503,0,0
858603,0,0
858703,0,0
858803,0,0
858903,0,0
859003,0,0
859103,0,0
859203,0,0
859303,0,0
859403,0,0
859503,0,0
859603,0,0
859703,0,0
859803,0,0
859903,0,0
860003,0,0
860103,0,0
860203,0,0
860303,0,0
860403,0,0
860503,0,0
860603,0,0
860703,0,0
860803,0,0
860903,0,0
861003,0,0
861103,0,0
861203,0,0
861303,0,0
861403,0,0
861503,0,0
861599,0,0
861699,0,0
861799,0,0
861899,0,0
861999,0,0
862099,0,0
862199,0,0
862299,0,0
862399,0,0
862499,0,0
862599,0,0
862699,0,0
862799,0,0
862899,0,0
862999,0,0
863099,0,0
863199,0,0
863299,0,0
863399,0,0
863499,0,0
863599,0,0
863699,0,0
863799,0,0
863899,0,0
863999,0,0
864099,0,0
864199,0,0
864299,0,0
864399,0,0
864499,0,0
864599,0,0
864699,0,0
864799,0,0
864899,0,0
864999,0,0
865099,0,0
865199,0,0
865299,0,0
865399,0,0
865499,0,0
865595,0,0
865695,0,0
865795,0,0
865895,0,0
865995,0,0
866095,0,0
866195,0,0
866295,0,0
866395,0,0
866495,0,0
866595,0,0
866695,0,0
866795,0,0
866895,0,0
866995,0,0
867095,0,0
867195,0,0
867295,0,0
867395,0,0
867495,0,0
867595,0,0
867695,0,0
867795,0,0
867895,0,0
867995,0,0
868095,0,0
868195,0,0
868295,0,0
868395,0,0
868495,0,0
868595,0,0
868695,0,0
868795,0,0
868895,0,0
868995,0,0
869095,0,0
869195,0,0
869295,0,0
869395,0,0
869495,0,0
869591,0,0
869691,0,0
869791,0,0
869891,0,0
869991,0,0
870091,0,0
870191,0,0
870291,0,0
870391,0,0
870491,0,0
870591,0,0
870691,0,0
870791,0,0
870891,0,0
870991,0,0
871091,0,0
871191,0,0
871291,0,0
871391,0,0
871491,0,0
871591,0,0
871691,0,0
871791,0,0
871891,0,0
871991,0,0
872091,0,0
872191,0,0
872291,0,0
872391,0,0
872491,0,0
872591,0,0
872691,0,0
872791,0,0
872891,0,0
872991,0,0
873091,0,0
873191,0,0
873291,0,0
873391,0,0
873491,0,0
873591,0,0
873691,0,0
873791,0,0
873891,0,0
873991,0,0
874091,0,0
874191,0,0
874291,0,0
874391,0,0
874491,0,0
874591,0,0
874691,0,0
874791,0,0
874891,0,0
874991,0,0
875091,0,0
875191,0,0
875291,0,0
875391,0,0
875491,0,0
875591,0,0
875691,0,0
875791,0,0
875891,0,0
875991,0,0
876091,0,0
876191,0,0
876291,0,0
876391,0,0
876491,0,0
876591,0,0
876691,0,0
876791,0,0
876891,0,0
876991,0,0
877091,0,0
877191,0,0
877291,0,0
877391,0,0
877491,0,0
877591,0,0
877691,0,0
877791,0,0
877891,0,0
877991,0,0
878091,0,0
878191,0,0
878291,0,0
878391,0,0
878491,0,0
878591,0,0
878691,0,0
878791,0,0
878891,0,0
878991,0,0
879091,0,0
879191,0,0
879291,0,0
879391,0,0
879491,0,0
879591,0,0
879691,0,0
879791,0,0
879891,0,0
879991,0,0
880091,0,0
880191,0,0
880291,0,0
880391,0,0
880491,0,0
880591,0,0
880691,0,0
880791,0,0
880891,0,0
880991,0,0
881091,0,0
881191,0,0
881291,0,0
881391,0,0
881491,0,0
881591,0,0
881691,0,0
881791,0,0
881891,0,0
881991,0,0
882091,0,0
882191,0,0
882291,0,0
882391,0,0
882491,0,0
882591,0,0
882691,0,0
882791,0,0
882891,0,0
882991,0,0
883091,0,0
883191,0,0
883291,0,0
883391,0,0
883491,0,0
883591,0,0
883691,0,0
883791,0,0
883891,0,0
883991,0,0
884091,0,0
884191,0,0
884291,0,0
884391,0,0
884491,0,0
884591,0,0
884691,0,0
884791,0,0
884891,0,0
884991,0,0
885091,0,0
885191,0,0
885291,0,0
885391,0,0
885491,0,0
885591,0,0
885691,0,0
885791,0,0
885891,0,0
885991,0,0
886091,0,0
886191,0,0
886291,0,0
886391,0,0
886491,0,0
886591,0,0
886691,0,0
886791,0,0
886891,0,0
886991,0,0
887091,0,0
887191,0,0
887291,0,0
887391,0,0
887491,0,0
887591,0,0
887691,0,0
887791,0,0
887891,0,0
887991,0,0
888091,0,0
888191,0,0
888291,0,0
888391,0,0
888491,0,0
888591,0,0
888691,0,0
888791,0,0
888891,0,0
888991,0,0
889091,0,0
889191,0,0
889291,0,0
