p:4000,20000,6000,600,8000,4000,2000,8000,70
16207,packet,1,0,0,1,57,8000
16245,event,0,0
16261,action,0,0
16646,packet,0,0,1,1
16688,packetAck,1
20669,event,2,1
20683,action,1,1
74028,packet,1,0,0,1,63,8000
78664,packet,1,0,0,1,64,8000
83253,packet,1,0,0,1,63,8000
88291,packet,1,0,0,1,62,8000
92390,packet,1,0,0,1,64,8000
96465,packet,1,0,0,1,66,8000
100543,packet,1,0,0,1,64,8000
104616,packet,1,0,0,1,63,8000
108683,packet,1,0,0,1,64,8000
130726,packet,1,0,0,1,52,8000
130764,event,0,0
130779,action,0,0
130949,packet,0,0,1,1
131002,packetAck,1
131337,packet,1,0,2,5,52,8000
131352,event,3,1
131366,action,2,1
131756,packet,1,0,2,5,52,8000
131771,event,1,2
131828,packet,1,0,2,5,52,8000
131844,event,1,2
135903,packet,1,0,2,5,52,8000
135918,event,1,2
139991,packet,1,0,2,5,52,8000
140006,event,1,2
144056,packet,1,0,2,5,52,8000
144072,event,1,2
148127,packet,1,0,2,5,52,8000
148142,event,1,2
152196,packet,1,0,2,5,52,8000
152212,event,1,2
156270,packet,1,0,2,5,52,8000
156285,event,1,2
160347,packet,1,0,2,5,52,8000
160374,event,1,2
164419,packet,1,0,2,5,52,8000
164434,event,1,2
172429,event,4,2
172443,action,1,2
186330,packet,1,0,0,1,44,8000
186368,event,0,0
186382,action,0,0
186564,packet,0,0,1,1
186606,packetAck,1
186946,packet,1,0,2,5,44,8000
186961,event,3,1
186975,action,2,1
187354,packet,1,0,2,5,44,8000
187370,event,1,2
187426,packet,1,0,2,5,44,8000
187442,event,1,2
191501,packet,1,0,2,5,44,8000
191517,event,1,2
195575,packet,1,0,2,5,43,8000
195590,event,1,2
199647,packet,1,0,2,5,44,8000
199662,event,1,2
203724,packet,1,0,2,5,44,8000
203741,event,1,2
207810,packet,1,0,2,5,44,8000
207826,event,1,2
211873,packet,1,0,2,5,43,8000
211889,event,1,2
215936,packet,1,0,2,5,44,8000
215952,event,1,2
220014,packet,1,0,2,5,44,8000
220029,event,1,2
224103,packet,1,0,2,5,44,8000
224119,event,1,2
232119,event,4,2
232134,action,1,2
242979,packet,1,0,0,1,59,8000
243017,event,0,0
243032,action,0,0
243154,packet,0,0,1,1
243196,packetAck,1
243535,packet,1,0,2,5,59,8000
243555,event,3,1
243569,action,2,1
243962,packet,1,0,2,5,59,8000
243978,event,1,2
244223,packet,1,0,2,5,59,8000
244238,event,1,2
248306,packet,1,0,2,5,59,8000
248322,event,1,2
252368,packet,1,0,2,5,59,8000
252383,event,1,2
256437,packet,1,0,2,5,59,8000
256453,event,1,2
260515,packet,1,0,2,5,59,8000
260530,event,1,2
264601,packet,1,0,2,5,59,8000
264616,event,1,2
268648,packet,1,0,2,5,59,8000
268663,event,1,2
272728,packet,1,0,2,5,58,8000
272744,event,1,2
276801,packet,1,0,2,5,60,8000
276821,event,1,2
280894,packet,1,0,2,5,59,8000
280909,event,1,2
288909,event,4,2
288923,action,1,2
299728,packet,1,0,0,1,51,8000
299766,event,0,0
299780,action,0,0
299949,packet,0,0,1,1
299991,packetAck,1
303971,event,2,1
303986,action,1,1
304338,packet,1,0,0,1,51,8000
304376,event,0,0
304390,action,0,0
304602,packet,0,0,1,1
304661,packetAck,1
305015,packet,1,0,2,5,51,8000
305030,event,3,1
305045,action,2,1
307059,event,4,2
307073,action,1,2
309114,packet,1,0,0,1,50,8000
309152,event,0,0
309170,action,0,0
309365,packet,0,0,1,1
309407,packetAck,1
313389,event,2,1
313404,action,1,1
313901,packet,1,0,0,1,51,8000
313939,event,0,0
313955,action,0,0
314270,packet,0,0,1,1
314312,packetAck,1
318293,event,2,1
318324,action,1,1
358671,packet,1,0,0,1,66,8000
363255,packet,1,0,0,1,59,8000
363293,event,0,0
363308,action,0,0
363508,packet,0,0,1,1
363550,packetAck,1
367530,event,2,1
367544,action,1,1
371568,packet,1,0,0,1,58,8000
371606,event,0,0
371621,action,0,0
372049,packet,0,0,1,1
371825,packetAck,1
376071,event,2,1
376085,action,1,1
379695,packet,1,0,0,1,57,8000
379733,event,0,0
379747,action,0,0
380253,packet,0,0,1,1
379834,packetAck,1
384204,event,2,1
384217,action,1,1
384563,packet,1,0,0,1,59,8000
384600,event,0,0
384614,action,0,0
384973,packet,0,0,1,1
385015,packetAck,1
389049,event,2,1
389062,action,1,1
392773,packet,1,0,0,1,58,8000
392811,event,0,0
392825,action,0,0
392944,packet,0,0,1,1
392997,packetAck,1
393364,packet,1,0,2,5,56,8000
393383,event,1,1
393398,action,1,1
396856,packet,1,0,0,1,58,8000
396893,event,0,0
396907,action,0,0
397001,packet,0,0,1,1
397043,packetAck,1
401028,event,2,1
401041,action,1,1
413102,packet,1,0,0,1,52,8000
413140,event,0,0
413153,action,0,0
413432,packet,0,0,1,1
413474,packetAck,1
417437,event,2,1
417450,action,1,1
417841,packet,1,0,0,1,50,8000
417878,event,0,0
417923,action,0,0
418155,packet,0,0,1,1
418197,packetAck,1
422177,event,2,1
422190,action,1,1
422519,packet,1,0,0,1,48,8000
422572,event,0,0
422587,action,0,0
422840,packet,0,0,1,1
422882,packetAck,1
423241,packet,1,0,2,5,49,8000
423256,event,3,1
423271,action,2,1
425293,event,4,2
425307,action,1,2
427335,packet,1,0,0,1,49,8000
427374,event,0,0
427388,action,0,0
427446,packet,0,0,1,1
427506,packetAck,1
431487,event,2,1
431502,action,1,1
435499,packet,1,0,0,1,49,8000
435536,event,0,0
435551,action,0,0
435741,packet,0,0,1,1
435783,packetAck,1
439777,event,2,1
439791,action,1,1
443624,packet,1,0,0,1,48,8000
443666,event,0,0
443680,action,0,0
443850,packet,0,0,1,1
443892,packetAck,1
444247,packet,1,0,2,5,48,8000
444264,event,3,1
444278,action,2,1
446345,event,4,2
446359,action,1,2
448453,packet,1,0,0,1,48,8000
448491,event,0,0
448507,action,0,0
448871,packet,0,0,1,1
448517,packetAck,1
452890,event,2,1
452904,action,1,1
479721,packet,1,0,0,1,69,8000
533460,packet,1,0,0,1,54,8000
533498,event,0,0
533513,action,0,0
533611,packet,0,0,1,1
533653,packetAck,1
533997,packet,1,0,2,5,54,8000
534012,event,3,1
534030,action,2,1
536060,event,4,2
536074,action,1,2
538092,packet,1,0,0,1,54,8000
538130,event,0,0
538144,action,0,0
538507,packet,0,0,1,1
538549,packetAck,1
542532,event,2,1
542546,action,1,1
