p:4000,20000,6000,600,8000,4000,2000,8000,70
15038,0,0
15138,0,0
15238,0,0
15338,0,0
15438,0,0
15538,0,0
15638,0,0
15738,0,0
15838,0,0
15938,0,0
16038,0,0
16138,0,0
16820,0,0
16920,0,1
17020,0,1
17120,0,1
17220,0,1
17320,0,1
17420,0,1
17520,0,1
17620,0,1
17720,0,1
17820,0,1
17920,0,1
18020,0,1
18120,0,1
18220,0,1
18320,0,1
18420,0,1
18520,0,1
18620,0,1
18720,0,1
18820,0,1
18920,0,1
19021,0,1
19107,0,1
19207,0,1
19307,0,1
19407,0,1
19507,0,1
19607,0,1
19707,0,1
19807,0,1
19907,0,1
20007,0,1
20107,0,1
20207,0,1
20307,0,1
20407,0,1
20507,0,1
20607,0,1
20707,0,1
20834,0,0
20934,0,0
21034,0,0
21134,0,0
21234,0,0
21334,0,0
21434,0,0
21534,0,0
21634,0,0
21734,0,0
21834,0,0
21934,0,0
22034,0,0
22134,0,0
22234,0,0
22335,0,0
22435,0,0
22535,0,0
22635,0,0
22735,0,0
22835,0,0
22935,0,0
23040,0,0
23140,0,0
23240,0,0
23340,0,0
23440,0,0
23540,0,0
23640,0,0
23740,0,0
23840,0,0
23940,0,0
24040,0,0
24140,0,0
24240,0,0
24340,0,0
24440,0,0
24540,0,0
24640,0,0
24740,0,0
24840,0,0
24940,0,0
25040,0,0
25140,0,0
25241,0,0
25341,0,0
25441,0,0
25541,0,0
25641,0,0
25741,0,0
25841,0,0
25941,0,0
26041,0,0
26141,0,0
26241,0,0
26341,0,0
26441,0,0
26541,0,0
26641,0,0
26741,0,0
26841,0,0
26941,0,0
27037,0,0
27137,0,0
27237,0,0
27337,0,0
27437,0,0
27537,0,0
27637,0,0
27737,0,0
27837,0,0
27937,0,0
28037,0,0
28137,0,0
28237,0,0
28337,0,0
28437,0,0
28537,0,0
28637,0,0
28737,0,0
28837,0,0
28937,0,0
29037,0,0
29137,0,0
29237,0,0
29337,0,0
29437,0,0
29537,0,0
29637,0,0
29737,0,0
29837,0,0
29937,0,0
30037,0,0
30137,0,0
30237,0,0
30337,0,0
30437,0,0
30537,0,0
30637,0,0
30737,0,0
30837,0,0
30937,0,0
31037,0,0
31133,0,0
31233,0,0
31333,0,0
31433,0,0
31533,0,0
31633,0,0
31733,0,0
31833,0,0
31933,0,0
32033,0,0
32133,0,0
32233,0,0
32333,0,0
32433,0,0
32533,0,0
32633,0,0
32733,0,0
32833,0,0
32933,0,0
33033,0,0
33133,0,0
33233,0,0
33333,0,0
33433,0,0
33533,0,0
33633,0,0
33733,0,0
33833,0,0
33933,0,0
34033,0,0
34133,0,0
34233,0,0
34333,0,0
34433,0,0
34533,0,0
34633,0,0
34733,0,0
34833,0,0
34933,0,0
35033,0,0
35129,0,0
35229,0,0
35329,0,0
35429,0,0
35529,0,0
35629,0,0
35729,0,0
35829,0,0
35929,0,0
36029,0,0
36129,0,0
36229,0,0
36329,0,0
36429,0,0
36529,0,0
36629,0,0
36729,0,0
36829,0,0
36929,0,0
37029,0,0
37129,0,0
37229,0,0
37329,0,0
37429,0,0
37529,0,0
37629,0,0
37729,0,0
37829,0,0
37929,0,0
38029,0,0
38129,0,0
38229,0,0
38329,0,0
38429,0,0
38529,0,0
38629,0,0
38729,0,0
38829,0,0
38929,0,0
39029,0,0
39123,0,0
39223,0,0
39323,0,0
39423,0,0
39523,0,0
39623,0,0
39723,0,0
39823,0,0
39923,0,0
40023,0,0
40123,0,0
40223,0,0
40323,0,0
40423,0,0
40523,0,0
40623,0,0
40723,0,0
40823,0,0
40923,0,0
41023,0,0
41123,0,0
41223,0,0
41323,0,0
41423,0,0
41523,0,0
41623,0,0
41723,0,0
41823,0,0
41923,0,0
42023,0,0
42123,0,0
42223,0,0
42323,0,0
42423,0,0
42523,0,0
42623,0,0
42723,0,0
42823,0,0
42923,0,0
43023,0,0
43119,0,0
43219,0,0
43319,0,0
43419,0,0
43519,0,0
43619,0,0
43719,0,0
43819,0,0
43919,0,0
44019,0,0
44119,0,0
44219,0,0
44319,0,0
44419,0,0
44519,0,0
44619,0,0
44719,0,0
44819,0,0
44919,0,0
45019,0,0
45119,0,0
45219,0,0
45319,0,0
45419,0,0
45519,0,0
45619,0,0
45719,0,0
45819,0,0
45919,0,0
46019,0,0
46119,0,0
46219,0,0
46319,0,0
46419,0,0
46519,0,0
46619,0,0
46719,0,0
46819,0,0
46919,0,0
47019,0,0
47115,0,0
47215,0,0
47315,0,0
47415,0,0
47515,0,0
47615,0,0
47715,0,0
47815,0,0
47915,0,0
48015,0,0
48115,0,0
48215,0,0
48315,0,0
48415,0,0
48515,0,0
48615,0,0
48715,0,0
48815,0,0
48915,0,0
49015,0,0
49115,0,0
49215,0,0
49315,0,0
49415,0,0
49515,0,0
49615,0,0
49715,0,0
49815,0,0
49915,0,0
50015,0,0
50115,0,0
50215,0,0
50315,0,0
50415,0,0
50515,0,0
50615,0,0
50715,0,0
50815,0,0
50915,0,0
51015,0,0
51110,0,0
51210,0,0
51310,0,0
51410,0,0
51510,0,0
51610,0,0
51710,0,0
51810,0,0
51910,0,0
52010,0,0
52110,0,0
52210,0,0
52310,0,0
52410,0,0
52510,0,0
52610,0,0
52710,0,0
52810,0,0
52910,0,0
53010,0,0
53110,0,0
53210,0,0
53310,0,0
53410,0,0
53510,0,0
53610,0,0
53710,0,0
53810,0,0
53910,0,0
54010,0,0
54110,0,0
54210,0,0
54310,0,0
54410,0,0
54510,0,0
54610,0,0
54710,0,0
54810,0,0
54910,0,0
55010,0,0
55110,0,0
55210,0,0
55310,0,0
55410,0,0
55510,0,0
55610,0,0
55710,0,0
55810,0,0
55910,0,0
56010,0,0
56110,0,0
56210,0,0
56310,0,0
56410,0,0
56510,0,0
56610,0,0
56710,0,0
56810,0,0
56910,0,0
57010,0,0
57110,0,0
57210,0,0
57310,0,0
57410,0,0
57510,0,0
57610,0,0
57710,0,0
57810,0,0
57910,0,0
58010,0,0
58110,0,0
58210,0,0
58310,0,0
58410,0,0
58510,0,0
58610,0,0
58710,0,0
58810,0,0
58910,0,0
59010,0,0
59110,0,0
59210,0,0
59310,0,0
59410,0,0
59510,0,0
59610,0,0
59710,0,0
59810,0,0
59910,0,0
60010,0,0
60110,0,0
60210,0,0
60310,0,0
60410,0,0
60510,0,0
60610,0,0
60710,0,0
60810,0,0
60910,0,0
61010,0,0
61110,0,0
61210,0,0
61310,0,0
61410,0,0
61510,0,0
61610,0,0
61710,0,0
61810,0,0
61910,0,0
62010,0,0
62110,0,0
62210,0,0
62310,0,0
62410,0,0
62510,0,0
62610,0,0
62710,0,0
62810,0,0
62910,0,0
63010,0,0
63110,0,0
63210,0,0
63310,0,0
63410,0,0
63510,0,0
63610,0,0
63710,0,0
63810,0,0
63910,0,0
64010,0,0
64110,0,0
64210,0,0
64310,0,0
64410,0,0
64510,0,0
64610,0,0
64710,0,0
64810,0,0
64910,0,0
65010,0,0
65110,0,0
65210,0,0
65310,0,0
65410,0,0
65510,0,0
65610,0,0
65710,0,0
65810,0,0
65910,0,0
66010,0,0
66110,0,0
66210,0,0
66310,0,0
66410,0,0
66510,0,0
66610,0,0
66710,0,0
66810,0,0
66910,0,0
67010,0,0
67110,0,0
67210,0,0
67310,0,0
67410,0,0
67510,0,0
67610,0,0
67710,0,0
67810,0,0
67910,0,0
68010,0,0
68110,0,0
68210,0,0
68310,0,0
68410,0,0
68510,0,0
68610,0,0
68710,0,0
68810,0,0
68910,0,0
69010,0,0
69110,0,0
69210,0,0
69310,0,0
69410,0,0
69510,0,0
69610,0,0
69710,0,0
69810,0,0
69910,0,0
70010,0,0
70110,0,0
70210,0,0
70310,0,0
70410,0,0
70510,0,0
70610,0,0
70710,0,0
70810,0,0
70910,0,0
71010,0,0
71110,0,0
71210,0,0
71310,0,0
71410,0,0
71510,0,0
71610,0,0
71710,0,0
71810,0,0
71910,0,0
72010,0,0
72110,0,0
72210,0,0
72310,0,0
72410,0,0
72510,0,0
72610,0,0
72710,0,0
72810,0,0
72910,0,0
73010,0,0
73110,0,0
73210,0,0
73310,0,0
73410,0,0
73510,0,0
73585,0,0
73685,0,0
73785,0,0
73885,0,0
73985,0,0
74085,0,0
74185,0,0
74285,0,0
74385,0,0
74485,0,0
74585,0,0
74685,0,0
74785,0,0
74885,0,0
74985,0,0
75085,0,0
75185,0,0
75285,0,0
75385,0,0
75485,0,0
75585,0,0
75685,0,0
75785,0,0
75885,0,0
75985,0,0
76085,0,0
76185,0,0
76285,0,0
76385,0,0
76485,0,0
76585,0,0
76685,0,0
76785,0,0
76885,0,0
76985,0,0
77085,0,0
77185,0,0
77285,0,0
77385,0,0
77485,0,0
77580,0,0
77680,0,0
77780,0,0
77880,0,0
77980,0,0
78080,0,0
78180,0,0
78280,0,0
78380,0,0
78480,0,0
78580,0,0
78680,0,0
78780,0,0
78880,0,0
78980,0,0
79080,0,0
79180,0,0
79280,0,0
79380,0,0
79480,0,0
79580,0,0
79680,0,0
79780,0,0
79880,0,0
79980,0,0
80080,0,0
80180,0,0
80280,0,0
80380,0,0
80480,0,0
80580,0,0
80680,0,0
80780,0,0
80880,0,0
80980,0,0
81080,0,0
81180,0,0
81280,0,0
81380,0,0
81480,0,0
81576,0,0
81676,0,0
81776,0,0
81876,0,0
81976,0,0
82076,0,0
82176,0,0
82276,0,0
82376,0,0
82476,0,0
82576,0,0
82676,0,0
82776,0,0
82876,0,0
82976,0,0
83076,0,0
83176,0,0
83276,0,0
83376,0,0
83476,0,0
83576,0,0
83676,0,0
83776,0,0
83876,0,0
83976,0,0
84076,0,0
84176,0,0
84276,0,0
84376,0,0
84476,0,0
84576,0,0
84676,0,0
84776,0,0
84876,0,0
84976,0,0
85076,0,0
85176,0,0
85276,0,0
85376,0,0
85476,0,0
85571,0,0
85671,0,0
85771,0,0
85871,0,0
85971,0,0
86071,0,0
86171,0,0
86271,0,0
86371,0,0
86471,0,0
86571,0,0
86671,0,0
86771,0,0
86871,0,0
86971,0,0
87071,0,0
87171,0,0
87271,0,0
87393,0,0
87493,0,0
87593,0,0
87693,0,0
87793,0,0
87893,0,0
87993,0,0
88093,0,0
88193,0,0
88293,0,0
88393,0,0
88493,0,0
88593,0,0
88693,0,0
88793,0,0
88893,0,0
88993,0,0
89093,0,0
89193,0,0
89293,0,0
89393,0,0
89493,0,0
89589,0,0
89689,0,0
89789,0,0
89889,0,0
89989,0,0
90089,0,0
90189,0,0
90289,0,0
90389,0,0
90490,0,0
90590,0,0
90690,0,0
90790,0,0
90890,0,0
90990,0,0
91090,0,0
91190,0,0
91290,0,0
91390,0,0
91490,0,0
91590,0,0
91690,0,0
91790,0,0
91890,0,0
91990,0,0
92090,0,0
92190,0,0
92290,0,0
92390,0,0
92490,0,0
92590,0,0
92690,0,0
92790,0,0
92890,0,0
92990,0,0
93090,0,0
93190,0,0
93290,0,0
93391,0,0
93491,0,0
93587,0,0
93687,0,0
93787,0,0
93887,0,0
93987,0,0
94087,0,0
94187,0,0
94287,0,0
94387,0,0
94487,0,0
94587,0,0
94687,0,0
94787,0,0
94887,0,0
94987,0,0
95087,0,0
95187,0,0
95287,0,0
95387,0,0
95487,0,0
95587,0,0
95687,0,0
95787,0,0
95887,0,0
95987,0,0
96087,0,0
96187,0,0
96287,0,0
96387,0,0
96487,0,0
96587,0,0
96687,0,0
96787,0,0
96887,0,0
96987,0,0
97087,0,0
97187,0,0
97287,0,0
97387,0,0
97487,0,0
97581,0,0
97681,0,0
97781,0,0
97881,0,0
97981,0,0
98081,0,0
98181,0,0
98281,0,0
98381,0,0
98481,0,0
98581,0,0
98681,0,0
98781,0,0
98881,0,0
98981,0,0
99081,0,0
99181,0,0
99281,0,0
99381,0,0
99481,0,0
99585,0,0
99685,0,0
99785,0,0
99885,0,0
99985,0,0
100085,0,0
100185,0,0
100285,0,0
100385,0,0
100485,0,0
100585,0,0
100685,0,0
100785,0,0
100885,0,0
100985,0,0
101085,0,0
101185,0,0
101285,0,0
101385,0,0
101485,0,0
101581,0,0
101681,0,0
101781,0,0
101881,0,0
101981,0,0
102081,0,0
102181,0,0
102281,0,0
102381,0,0
102481,0,0
102581,0,0
102681,0,0
102781,0,0
102881,0,0
102981,0,0
103081,0,0
103181,0,0
103281,0,0
103381,0,0
103481,0,0
103581,0,0
103681,0,0
103781,0,0
103881,0,0
103981,0,0
104081,0,0
104195,0,0
104295,0,0
104395,0,0
104495,0,0
104595,0,0
104695,0,0
104795,0,0
104895,0,0
104995,0,0
105095,0,0
105196,0,0
105296,0,0
105396,0,0
105496,0,0
105592,0,0
105692,0,0
105792,0,0
105892,0,0
105992,0,0
106092,0,0
106192,0,0
106292,0,0
106392,0,0
106492,0,0
106592,0,0
106692,0,0
106792,0,0
106892,0,0
106992,0,0
107092,0,0
107192,0,0
107292,0,0
107392,0,0
107492,0,0
107592,0,0
107692,0,0
107792,0,0
107892,0,0
107992,0,0
108093,0,0
108193,0,0
108293,0,0
108393,0,0
108493,0,0
108593,0,0
108693,0,0
108793,0,0
108893,0,0
108993,0,0
109093,0,0
109193,0,0
109293,0,0
109393,0,0
109493,0,0
109588,0,0
109688,0,0
109788,0,0
109888,0,0
109988,0,0
110088,0,0
110188,0,0
110288,0,0
110388,0,0
110488,0,0
110588,0,0
110688,0,0
110788,0,0
110888,0,0
110988,0,0
111088,0,0
111188,0,0
111288,0,0
111388,0,0
111488,0,0
111588,0,0
111688,0,0
111788,0,0
111888,0,0
111988,0,0
112088,0,0
112188,0,0
112288,0,0
112388,0,0
112488,0,0
112588,0,0
112688,0,0
112788,0,0
112888,0,0
112988,0,0
113088,0,0
113188,0,0
113288,0,0
113388,0,0
113488,0,0
113588,0,0
113688,0,0
113788,0,0
113888,0,0
113988,0,0
114088,0,0
114188,0,0
114288,0,0
114388,0,0
114488,0,0
114588,0,0
114688,0,0
114788,0,0
114888,0,0
114988,0,0
115088,0,0
115188,0,0
115288,0,0
115388,0,0
115488,0,0
115588,0,0
115688,0,0
115788,0,0
115888,0,0
115988,0,0
116088,0,0
116188,0,0
116288,0,0
116388,0,0
116488,0,0
116588,0,0
116688,0,0
116788,0,0
116888,0,0
116988,0,0
117088,0,0
117188,0,0
117288,0,0
117388,0,0
117488,0,0
117588,0,0
117688,0,0
117788,0,0
117888,0,0
117988,0,0
118088,0,0
118188,0,0
118288,0,0
118388,0,0
118488,0,0
118588,0,0
118688,0,0
118788,0,0
118888,0,0
118988,0,0
119088,0,0
119188,0,0
119288,0,0
119388,0,0
119488,0,0
119588,0,0
119688,0,0
119788,0,0
119888,0,0
119988,0,0
120088,0,0
120188,0,0
120288,0,0
120388,0,0
120488,0,0
120588,0,0
120688,0,0
120788,0,0
120888,0,0
120988,0,0
121088,0,0
121188,0,0
121288,0,0
121388,0,0
121488,0,0
121588,0,0
121688,0,0
121788,0,0
121888,0,0
121988,0,0
122088,0,0
122188,0,0
122288,0,0
122388,0,0
122488,0,0
122588,0,0
122688,0,0
122788,0,0
122888,0,0
122988,0,0
123088,0,0
123188,0,0
123288,0,0
123388,0,0
123488,0,0
123588,0,0
123688,0,0
123788,0,0
123888,0,0
123988,0,0
124088,0,0
124188,0,0
124288,0,0
124388,0,0
124488,0,0
124588,0,0
124688,0,0
124788,0,0
124888,0,0
124988,0,0
125088,0,0
125188,0,0
125288,0,0
125388,0,0
125488,0,0
125588,0,0
125688,0,0
125788,0,0
125888,0,0
125988,0,0
126088,0,0
126188,0,0
126288,0,0
126388,0,0
126488,0,0
126588,0,0
126688,0,0
126788,0,0
126888,0,0
126988,0,0
127088,0,0
127188,0,0
127288,0,0
127388,0,0
127488,0,0
127588,0,0
127688,0,0
127788,0,0
127888,0,0
127988,0,0
128088,0,0
128188,0,0
128288,0,0
128388,0,0
128488,0,0
128588,0,0
128688,0,0
128788,0,0
128888,0,0
128988,0,0
129088,0,0
129188,0,0
129288,0,0
129388,0,0
129488,0,0
129588,0,0
129666,0,0
130030,0,0
130130,0,1
130230,0,1
130330,0,1
130430,0,1
130530,0,1
130630,0,1
130730,0,1
130830,0,1
130930,0,1
131030,0,1
131130,0,1
131230,0,1
131330,0,1
131430,0,1
131530,0,1
131630,0,1
131730,0,1
131830,0,1
131930,0,1
132030,0,1
132130,0,1
132230,0,1
132330,0,1
132430,0,1
132530,0,1
132630,0,1
132730,0,1
132830,0,1
132930,0,1
133030,0,1
133130,0,1
133230,0,1
133330,0,1
133430,0,1
133530,0,1
133630,0,1
133726,0,1
133826,0,1
133926,0,1
134026,0,1
134126,0,0
134226,0,0
134326,0,0
134885,0,0
134985,0,1
135085,0,1
135185,0,1
135285,0,1
135385,0,1
135485,0,1
135585,0,1
135685,0,1
135785,0,1
135885,0,1
135985,0,1
136085,0,1
136185,0,1
136285,0,1
136385,0,1
136485,0,1
136585,0,1
136685,0,1
136785,0,1
136885,0,1
136985,0,1
137085,0,1
137185,0,1
137285,0,1
137385,0,1
137485,0,1
137585,0,1
137680,0,1
137780,0,1
137881,0,1
137981,0,1
138081,0,1
138181,0,1
138281,0,1
138381,0,1
138481,0,1
138581,0,1
138681,0,1
138781,0,1
138909,0,0
139009,0,0
139109,0,0
139209,0,0
139309,0,0
139409,0,0
139509,0,0
139609,0,0
139709,0,0
139809,0,0
139909,0,0
140009,0,0
140109,0,0
140209,0,0
140309,0,0
140409,0,0
140509,0,0
140609,0,0
140709,0,0
140809,0,0
140909,0,0
141009,0,0
141109,0,0
141209,0,0
141309,0,0
141409,0,0
141509,0,0
141609,0,0
141706,0,0
141806,0,0
141906,0,0
142006,0,0
142106,0,0
142206,0,0
142306,0,0
142406,0,0
142506,0,0
142606,0,0
142706,0,0
142806,0,0
142906,0,0
143006,0,0
143106,0,0
143206,0,0
143526,0,0
143626,0,1
143726,0,1
143826,0,1
143941,0,1
144041,1,2
144141,1,2
144241,1,2
144348,1,2
144449,1,2
144549,1,2
144649,1,2
144749,1,2
144849,1,2
144949,1,2
145049,1,2
145149,1,2
145249,1,2
145349,1,2
145449,1,2
145549,1,2
145649,1,2
145743,1,2
145843,1,2
145943,1,2
146043,1,2
146143,1,2
146243,1,2
146343,1,2
146443,1,2
146543,1,2
146643,1,2
146743,1,2
146843,1,2
146943,1,2
147043,1,2
147143,1,2
147243,1,2
147344,1,2
147444,1,2
147544,1,2
147644,1,2
147744,1,2
147844,1,2
147944,1,2
148044,1,2
148144,1,2
148244,1,2
148344,1,2
148444,1,2
148544,1,2
148644,1,2
148744,1,2
148844,1,2
148944,1,2
149044,1,2
149144,1,2
149244,1,2
149344,1,2
149444,1,2
149544,1,2
149644,1,2
149740,1,2
149840,1,2
149940,1,2
150040,1,2
150140,1,2
150240,1,2
150340,1,2
150440,1,2
150540,1,2
150640,1,2
150740,1,2
150840,1,2
150940,1,2
151040,1,2
151140,1,2
151240,1,2
151340,1,2
151440,1,2
151540,1,2
151640,1,2
151740,1,2
151840,1,2
151940,1,2
152040,1,2
152140,1,2
152240,1,2
152340,1,2
152440,1,2
152540,1,2
152640,1,2
152740,1,2
152840,1,2
152940,1,2
153040,1,2
153140,1,2
153240,1,2
153340,1,2
153440,1,2
153540,1,2
153640,1,2
153735,1,2
153835,1,2
153935,1,2
154035,1,2
154135,1,2
154235,1,2
154335,1,2
154435,1,2
154535,1,2
154635,1,2
154735,1,2
154835,1,2
154935,1,2
155035,1,2
155135,1,2
155235,1,2
155335,1,2
155435,1,2
155535,1,2
155635,1,2
155735,1,2
155835,1,2
155935,1,2
156035,1,2
156135,1,2
156235,1,2
156335,1,2
156435,1,2
156535,1,2
156664,1,2
156765,1,2
156865,1,2
156965,1,2
157065,1,2
157165,1,2
157265,1,2
157365,1,2
157465,1,2
157565,1,2
157665,1,2
157749,1,2
157849,1,2
157949,1,2
158049,1,2
158149,1,2
158249,1,2
158349,1,2
158449,1,2
158549,1,2
158649,1,2
158749,1,2
158849,1,2
158949,1,2
159049,1,2
159149,1,2
159249,1,2
159349,1,2
159449,1,2
159549,1,2
159650,1,2
159750,1,2
159850,1,2
159950,1,2
160050,1,2
160150,1,2
160250,1,2
160350,1,2
160450,1,2
160550,1,2
160650,1,2
160750,1,2
160850,1,2
160950,1,2
161050,1,2
161150,1,2
161250,1,2
161350,1,2
161450,1,2
161550,1,2
161650,1,2
161749,1,2
161849,1,2
161949,1,2
162049,1,2
162149,1,2
162249,1,2
162349,1,2
162449,1,2
162550,1,2
162650,1,2
162750,1,2
162850,1,2
162950,1,2
163050,1,2
163150,1,2
163250,1,2
163350,1,2
163450,1,2
163550,1,2
163650,1,2
163750,1,2
163850,1,2
163950,1,2
164050,1,2
164150,1,2
164250,1,2
164350,1,2
164450,1,2
164550,1,2
164650,1,2
164750,1,2
164850,1,2
164950,1,2
165050,1,2
165150,1,2
165250,1,2
165350,1,2
165450,1,2
165550,1,2
165650,1,2
165749,1,2
165849,1,2
165949,1,2
166049,1,2
166149,1,2
166249,1,2
166349,1,2
166449,1,2
166549,1,2
166649,1,2
166749,1,2
166849,1,2
166949,1,2
167049,1,2
167149,1,2
167249,1,2
167349,1,2
167449,1,2
167549,1,2
167649,1,2
167749,1,2
167849,1,2
167949,1,2
168049,1,2
168149,1,2
168249,1,2
168349,1,2
168449,1,2
168549,1,2
168649,1,2
168749,1,2
168849,1,2
168949,1,2
169049,1,2
169149,1,2
169249,1,2
169349,1,2
169449,1,2
169549,1,2
169649,1,2
169749,1,2
169849,1,2
169949,1,2
170049,1,2
170149,1,2
170249,1,2
170349,1,2
170449,1,2
170549,1,2
170649,1,2
170749,1,2
170849,1,2
170949,1,2
171049,1,2
171149,1,2
171249,1,2
171349,1,2
171449,1,2
171549,1,2
171649,1,2
171749,1,2
171849,1,2
171949,1,2
172049,1,2
172149,1,2
172249,1,2
172349,1,2
172449,1,2
172549,1,2
172649,1,2
172749,1,2
172849,0,0
172949,0,0
173049,0,0
173149,0,0
173249,0,0
173349,0,0
173449,0,0
173549,0,0
173649,0,0
173749,0,0
173849,0,0
173949,0,0
174049,0,0
174149,0,0
174249,0,0
174349,0,0
174449,0,0
174549,0,0
174649,0,0
174749,0,0
174849,0,0
174949,0,0
175049,0,0
175149,0,0
175249,0,0
175349,0,0
175449,0,0
175549,0,0
175649,0,0
175749,0,0
175849,0,0
175949,0,0
176049,0,0
176149,0,0
176249,0,0
176349,0,0
176449,0,0
176549,0,0
176649,0,0
176749,0,0
176849,0,0
176949,0,0
177049,0,0
177149,0,0
177249,0,0
177349,0,0
177449,0,0
177549,0,0
177649,0,0
177749,0,0
177849,0,0
177949,0,0
178049,0,0
178149,0,0
178249,0,0
178349,0,0
178449,0,0
178549,0,0
178649,0,0
178749,0,0
178849,0,0
178949,0,0
179049,0,0
179149,0,0
179249,0,0
179349,0,0
179449,0,0
179549,0,0
179649,0,0
179749,0,0
179849,0,0
179949,0,0
180049,0,0
180149,0,0
180249,0,0
180349,0,0
180449,0,0
180549,0,0
180649,0,0
180749,0,0
180849,0,0
180949,0,0
181049,0,0
181149,0,0
181249,0,0
181349,0,0
181449,0,0
181549,0,0
181649,0,0
181749,0,0
181849,0,0
181949,0,0
182049,0,0
182149,0,0
182249,0,0
182349,0,0
182449,0,0
182549,0,0
182649,0,0
182749,0,0
182849,0,0
182949,0,0
183049,0,0
183149,0,0
183249,0,0
183349,0,0
183449,0,0
183549,0,0
183649,0,0
183749,0,0
183849,0,0
183949,0,0
184049,0,0
184149,0,0
184249,0,0
184349,0,0
184449,0,0
184549,0,0
184649,0,0
184749,0,0
184849,0,0
184949,0,0
185049,0,0
185149,0,0
185249,0,0
185349,0,0
185449,0,0
185549,0,0
185649,0,0
185749,0,0
185831,0,0
185931,0,0
186031,0,0
186131,0,0
186663,0,0
186763,0,1
186863,0,1
186963,0,1
187063,0,1
187163,0,1
187263,0,1
187363,0,1
187463,0,1
187563,0,1
187663,0,1
187763,0,1
187863,0,1
187963,0,1
188063,0,1
188163,0,1
188263,0,1
188363,0,1
188463,0,1
188563,0,1
188663,0,1
188763,0,1
188863,0,1
188963,0,1
189063,0,1
189163,0,1
189263,0,1
189363,0,1
189463,0,1
189563,0,1
189663,0,1
189763,0,1
189859,0,1
189959,0,1
190059,0,1
190159,0,1
190259,0,1
190359,0,1
190459,0,1
190559,0,1
190659,0,1
191090,0,0
191190,0,1
191290,0,1
191390,0,1
191518,0,1
191618,1,2
191718,1,2
191818,1,2
191918,1,2
192018,1,2
192118,1,2
192218,1,2
192318,1,2
192418,1,2
192518,1,2
192618,1,2
192718,1,2
192818,1,2
192918,1,2
193018,1,2
193119,1,2
193219,1,2
193319,1,2
193419,1,2
193519,1,2
193619,1,2
193719,1,2
193819,1,2
193903,1,2
194003,1,2
194103,1,2
194203,1,2
194303,1,2
194403,1,2
194503,1,2
194603,1,2
194703,1,2
194803,1,2
194903,1,2
195003,1,2
195103,1,2
195203,1,2
195303,1,2
195403,1,2
195503,1,2
195603,1,2
195703,1,2
195803,1,2
195903,1,2
196003,1,2
196103,1,2
196203,1,2
196303,1,2
196403,1,2
196503,1,2
196603,1,2
196703,1,2
196803,1,2
196903,1,2
197003,1,2
197103,1,2
197203,1,2
197303,1,2
197403,1,2
197503,1,2
197603,1,2
197703,1,2
197803,1,2
197902,1,2
198002,1,2
198102,1,2
198202,1,2
198302,1,2
198402,1,2
198502,1,2
198602,1,2
198702,1,2
198802,1,2
198902,1,2
199002,1,2
199102,1,2
199202,1,2
199302,1,2
199402,1,2
199502,1,2
199602,1,2
199702,1,2
199802,1,2
199902,1,2
200002,1,2
200142,1,2
200242,1,2
200342,1,2
200442,1,2
200542,1,2
200642,1,2
200742,1,2
200842,1,2
200942,1,2
201042,1,2
201142,1,2
201242,1,2
201342,1,2
201442,1,2
201542,1,2
201642,1,2
201742,1,2
201846,1,2
201946,1,2
202046,1,2
202146,1,2
202246,1,2
202346,1,2
202446,1,2
202546,1,2
202646,1,2
202746,1,2
202846,1,2
202946,1,2
203046,1,2
203146,1,2
203246,1,2
203346,1,2
203446,1,2
203546,1,2
203646,1,2
203746,1,2
203846,1,2
203946,1,2
204046,1,2
204146,1,2
204246,1,2
204346,1,2
204446,1,2
204546,1,2
204646,1,2
204746,1,2
204846,1,2
204946,1,2
205046,1,2
205146,1,2
205246,1,2
205346,1,2
205446,1,2
205546,1,2
205646,1,2
205746,1,2
205840,1,2
205940,1,2
206040,1,2
206140,1,2
206240,1,2
206340,1,2
206440,1,2
206540,1,2
206640,1,2
206740,1,2
206840,1,2
206940,1,2
207040,1,2
207140,1,2
207240,1,2
207340,1,2
207440,1,2
207540,1,2
207640,1,2
207740,1,2
207840,1,2
207940,1,2
208040,1,2
208140,1,2
208240,1,2
208340,1,2
208440,1,2
208540,1,2
208640,1,2
208740,1,2
208840,1,2
208940,1,2
209040,1,2
209140,1,2
209240,1,2
209340,1,2
209440,1,2
209540,1,2
209640,1,2
209740,1,2
209837,1,2
209937,1,2
210037,1,2
210137,1,2
210237,1,2
210337,1,2
210437,1,2
210537,1,2
210637,1,2
210737,1,2
210837,1,2
210937,1,2
211037,1,2
211137,1,2
211237,1,2
211337,1,2
211437,1,2
211537,1,2
211637,1,2
211737,1,2
211837,1,2
211937,1,2
212037,1,2
212137,1,2
212237,1,2
212337,1,2
212437,1,2
212562,1,2
212662,1,2
212762,1,2
212862,1,2
212962,1,2
213062,1,2
213162,1,2
213262,1,2
213362,1,2
213462,1,2
213562,1,2
213663,1,2
213763,1,2
213859,1,2
213959,1,2
214059,1,2
214159,1,2
214259,1,2
214359,1,2
214459,1,2
214559,1,2
214659,1,2
214759,1,2
214859,1,2
214959,1,2
215059,1,2
215159,1,2
215259,1,2
215359,1,2
215459,1,2
215559,1,2
215659,1,2
215759,1,2
215859,1,2
215959,1,2
216059,1,2
216159,1,2
216259,1,2
216359,1,2
216459,1,2
216560,1,2
216660,1,2
216760,1,2
216860,1,2
216960,1,2
217060,1,2
217160,1,2
217260,1,2
217360,1,2
217460,1,2
217560,1,2
217660,1,2
217760,1,2
217855,1,2
217955,1,2
218055,1,2
218155,1,2
218255,1,2
218355,1,2
218455,1,2
218555,1,2
218655,1,2
218755,1,2
218855,1,2
218955,1,2
219055,1,2
219155,1,2
219255,1,2
219355,1,2
219456,1,2
219556,1,2
219656,1,2
219756,1,2
219856,1,2
219956,1,2
220056,1,2
220156,1,2
220256,1,2
220356,1,2
220456,1,2
220556,1,2
220656,1,2
220756,1,2
220856,1,2
220956,1,2
221056,1,2
221156,1,2
221256,1,2
221356,1,2
221456,1,2
221556,1,2
221656,1,2
221756,1,2
221852,1,2
221952,1,2
222052,1,2
222152,1,2
222252,1,2
222352,1,2
222452,1,2
222552,1,2
222652,1,2
222752,1,2
222852,1,2
222952,1,2
223052,1,2
223152,1,2
223252,1,2
223352,1,2
223452,1,2
223552,1,2
223652,1,2
223752,1,2
223852,1,2
223952,1,2
224052,1,2
224152,1,2
224252,1,2
224352,1,2
224452,1,2
224552,1,2
224652,1,2
224752,1,2
224852,1,2
224952,1,2
225052,1,2
225152,1,2
225252,1,2
225352,1,2
225452,1,2
225552,1,2
225652,1,2
225752,1,2
225852,1,2
225952,1,2
226052,1,2
226152,1,2
226252,1,2
226352,1,2
226452,1,2
226552,1,2
226652,1,2
226752,1,2
226852,1,2
226952,1,2
227052,1,2
227152,1,2
227252,1,2
227352,1,2
227452,1,2
227552,1,2
227652,1,2
227752,1,2
227852,1,2
227952,1,2
228052,1,2
228152,1,2
228252,1,2
228352,1,2
228452,1,2
228552,1,2
228652,1,2
228752,0,0
228852,0,0
228952,0,0
229052,0,0
229152,0,0
229252,0,0
229352,0,0
229452,0,0
229552,0,0
229652,0,0
229752,0,0
229852,0,0
229952,0,0
230052,0,0
230152,0,0
230252,0,0
230352,0,0
230452,0,0
230552,0,0
230652,0,0
230752,0,0
230852,0,0
230952,0,0
231052,0,0
231152,0,0
231252,0,0
231352,0,0
231452,0,0
231552,0,0
231652,0,0
231752,0,0
231852,0,0
231952,0,0
232052,0,0
232152,0,0
232252,0,0
232352,0,0
232452,0,0
232552,0,0
232652,0,0
232752,0,0
232852,0,0
232952,0,0
233052,0,0
233152,0,0
233252,0,0
233352,0,0
233452,0,0
233552,0,0
233652,0,0
233752,0,0
233852,0,0
233952,0,0
234052,0,0
234152,0,0
234252,0,0
234352,0,0
234452,0,0
234552,0,0
234652,0,0
234752,0,0
234852,0,0
234952,0,0
235052,0,0
235152,0,0
235252,0,0
235352,0,0
235452,0,0
235552,0,0
235652,0,0
235752,0,0
235852,0,0
235952,0,0
236052,0,0
236152,0,0
236252,0,0
236352,0,0
236452,0,0
236552,0,0
236652,0,0
236752,0,0
236852,0,0
236952,0,0
237052,0,0
237152,0,0
237252,0,0
237352,0,0
237452,0,0
237552,0,0
237652,0,0
237752,0,0
237852,0,0
237952,0,0
238052,0,0
238152,0,0
238252,0,0
238352,0,0
238452,0,0
238552,0,0
238652,0,0
238752,0,0
238852,0,0
238952,0,0
239052,0,0
239152,0,0
239252,0,0
239352,0,0
239452,0,0
239552,0,0
239652,0,0
239752,0,0
239852,0,0
239952,0,0
240052,0,0
240152,0,0
240252,0,0
240352,0,0
240452,0,0
240552,0,0
240652,0,0
240752,0,0
240852,0,0
240952,0,0
241052,0,0
241152,0,0
241252,0,0
241352,0,0
241452,0,0
241552,0,0
241652,0,0
241752,0,0
241852,0,0
241952,0,0
242052,0,0
242152,0,0
242252,0,0
242352,0,0
242452,0,0
242552,0,0
242628,0,0
242728,0,0
242828,0,0
242928,0,0
243028,0,0
243128,0,0
243228,0,0
243328,0,0
243428,0,0
243528,0,0
243628,0,0
243728,0,0
243828,0,0
243928,0,0
244028,0,0
244128,0,0
244228,0,0
244328,0,0
244428,0,0
244528,0,0
244628,0,0
244728,0,0
244828,0,0
244928,0,0
245028,0,0
245128,0,0
245228,0,0
245328,0,0
245428,0,0
245528,0,0
245628,0,0
245728,0,0
245828,0,0
245928,0,0
246028,0,0
246128,0,0
246228,0,0
246328,0,0
246428,0,0
246528,0,0
246628,0,0
246713,0,0
246813,0,0
246913,0,0
247013,0,0
247113,0,0
247213,0,0
247313,0,0
247413,0,0
247513,0,0
247613,0,0
247713,0,0
247813,0,0
247913,0,0
248013,0,0
248113,0,0
248213,0,0
248313,0,0
248413,0,0
248513,0,0
248613,0,0
248713,0,0
248813,0,0
248913,0,0
249013,0,0
249113,0,0
249213,0,0
249313,0,0
249413,0,0
249513,0,0
249613,0,0
249713,0,0
249813,0,0
249913,0,0
250013,0,0
250113,0,0
250213,0,0
250313,0,0
250413,0,0
250513,0,0
250613,0,0
250713,0,0
250813,0,0
250913,0,0
251013,0,0
251113,0,0
251213,0,0
251313,0,0
251413,0,0
251513,0,0
251613,0,0
251713,0,0
251813,0,0
251913,0,0
252013,0,0
252113,0,0
252213,0,0
252313,0,0
252413,0,0
252513,0,0
252613,0,0
252713,0,0
252813,0,0
252913,0,0
253013,0,0
253113,0,0
253213,0,0
253313,0,0
253413,0,0
253513,0,0
253613,0,0
253713,0,0
253813,0,0
253913,0,0
254013,0,0
254113,0,0
254213,0,0
254313,0,0
254413,0,0
254513,0,0
254613,0,0
254713,0,0
254813,0,0
254913,0,0
255013,0,0
255113,0,0
255213,0,0
255313,0,0
255413,0,0
255513,0,0
255613,0,0
255713,0,0
255813,0,0
255913,0,0
256013,0,0
256113,0,0
256213,0,0
256313,0,0
256413,0,0
256513,0,0
256613,0,0
256713,0,0
256813,0,0
256913,0,0
257013,0,0
257113,0,0
257213,0,0
257313,0,0
257413,0,0
257513,0,0
257613,0,0
257713,0,0
257813,0,0
257913,0,0
258013,0,0
258113,0,0
258213,0,0
258313,0,0
258413,0,0
258513,0,0
258613,0,0
258707,0,0
258807,0,0
258907,0,0
259007,0,0
259107,0,0
259207,0,0
259307,0,0
259407,0,0
259507,0,0
259607,0,0
259707,0,0
259807,0,0
259907,0,0
260007,0,0
260107,0,0
260207,0,0
260307,0,0
260407,0,0
260507,0,0
260607,0,0
260707,0,0
260807,0,0
260907,0,0
261007,0,0
261107,0,0
261207,0,0
261307,0,0
261407,0,0
261507,0,0
261607,0,0
261707,0,0
261807,0,0
261907,0,0
262007,0,0
262107,0,0
262207,0,0
262307,0,0
262407,0,0
262507,0,0
262607,0,0
262705,0,0
262805,0,0
262905,0,0
263005,0,0
263105,0,0
263205,0,0
263305,0,0
263405,0,0
263505,0,0
263605,0,0
263705,0,0
263805,0,0
263905,0,0
264005,0,0
264105,0,0
264205,0,0
264305,0,0
264405,0,0
264505,0,0
264605,0,0
264705,0,0
264805,0,0
264905,0,0
265005,0,0
265105,0,0
265205,0,0
265305,0,0
265405,0,0
265505,0,0
265605,0,0
265705,0,0
265805,0,0
265905,0,0
266005,0,0
266105,0,0
266205,0,0
266305,0,0
266405,0,0
266505,0,0
266605,0,0
266700,0,0
266800,0,0
266900,0,0
267000,0,0
267100,0,0
267200,0,0
267300,0,0
267400,0,0
267500,0,0
267600,0,0
267700,0,0
267800,0,0
267900,0,0
268000,0,0
268100,0,0
268200,0,0
268300,0,0
268400,0,0
268500,0,0
268600,0,0
268700,0,0
268800,0,0
268900,0,0
269000,0,0
269100,0,0
269200,0,0
269300,0,0
269400,0,0
269500,0,0
269600,0,0
269700,0,0
269800,0,0
269900,0,0
270000,0,0
270100,0,0
270200,0,0
270300,0,0
270400,0,0
270500,0,0
270600,0,0
270697,0,0
270797,0,0
270897,0,0
270997,0,0
271097,0,0
271197,0,0
271297,0,0
271397,0,0
271497,0,0
271597,0,0
271697,0,0
271797,0,0
271897,0,0
271997,0,0
272097,0,0
272197,0,0
272297,0,0
272397,0,0
272497,0,0
272597,0,0
272697,0,0
272797,0,0
272897,0,0
272997,0,0
273097,0,0
273197,0,0
273297,0,0
273397,0,0
273497,0,0
273597,0,0
273697,0,0
273797,0,0
273897,0,0
273997,0,0
274097,0,0
274197,0,0
274297,0,0
274397,0,0
274497,0,0
274597,0,0
274692,0,0
274792,0,0
274892,0,0
274992,0,0
275092,0,0
275192,0,0
275292,0,0
275392,0,0
275492,0,0
275592,0,0
275692,0,0
275792,0,0
275892,0,0
275992,0,0
276092,0,0
276192,0,0
276292,0,0
276392,0,0
276492,0,0
276592,0,0
276692,0,0
276792,0,0
276892,0,0
276992,0,0
277092,0,0
277192,0,0
277292,0,0
277392,0,0
277492,0,0
277592,0,0
277692,0,0
277792,0,0
277892,0,0
277992,0,0
278092,0,0
278192,0,0
278292,0,0
278392,0,0
278492,0,0
278592,0,0
278688,0,0
278788,0,0
278888,0,0
278988,0,0
279088,0,0
279188,0,0
279288,0,0
279388,0,0
279488,0,0
279588,0,0
279688,0,0
279788,0,0
279888,0,0
279988,0,0
280088,0,0
280188,0,0
280288,0,0
280388,0,0
280488,0,0
280588,0,0
280688,0,0
280788,0,0
280888,0,0
280988,0,0
281088,0,0
281188,0,0
281288,0,0
281388,0,0
281488,0,0
281588,0,0
281688,0,0
281788,0,0
281888,0,0
281988,0,0
282088,0,0
282188,0,0
282288,0,0
282388,0,0
282488,0,0
282588,0,0
282688,0,0
282788,0,0
282888,0,0
282988,0,0
283088,0,0
283188,0,0
283288,0,0
283388,0,0
283488,0,0
283588,0,0
283688,0,0
283788,0,0
283888,0,0
283988,0,0
284088,0,0
284188,0,0
284288,0,0
284388,0,0
284488,0,0
284588,0,0
284688,0,0
284788,0,0
284888,0,0
284988,0,0
285088,0,0
285188,0,0
285288,0,0
285388,0,0
285488,0,0
285588,0,0
285688,0,0
285788,0,0
285888,0,0
285988,0,0
286088,0,0
286188,0,0
286288,0,0
286388,0,0
286488,0,0
286588,0,0
286688,0,0
286788,0,0
286888,0,0
286988,0,0
287088,0,0
287188,0,0
287288,0,0
287388,0,0
287488,0,0
287588,0,0
287688,0,0
287788,0,0
287888,0,0
287988,0,0
288088,0,0
288188,0,0
288288,0,0
288388,0,0
288488,0,0
288588,0,0
288688,0,0
288788,0,0
288888,0,0
288988,0,0
289088,0,0
289188,0,0
289288,0,0
289388,0,0
289488,0,0
289588,0,0
289688,0,0
289788,0,0
289888,0,0
289988,0,0
290088,0,0
290188,0,0
290288,0,0
290388,0,0
290488,0,0
290588,0,0
290688,0,0
290788,0,0
290888,0,0
290988,0,0
291088,0,0
291188,0,0
291288,0,0
291388,0,0
291488,0,0
291588,0,0
291688,0,0
291788,0,0
291888,0,0
291988,0,0
292088,0,0
292188,0,0
292288,0,0
292388,0,0
292488,0,0
292588,0,0
292688,0,0
292788,0,0
292888,0,0
292988,0,0
293088,0,0
293188,0,0
293288,0,0
293388,0,0
293488,0,0
293588,0,0
293688,0,0
293788,0,0
293888,0,0
293988,0,0
294088,0,0
294188,0,0
294288,0,0
294388,0,0
294488,0,0
294588,0,0
294688,0,0
294788,0,0
294888,0,0
294988,0,0
295088,0,0
295188,0,0
295288,0,0
295388,0,0
295488,0,0
295588,0,0
295688,0,0
295788,0,0
295888,0,0
295988,0,0
296088,0,0
296188,0,0
296288,0,0
296388,0,0
296488,0,0
296588,0,0
296688,0,0
296788,0,0
296888,0,0
296988,0,0
297088,0,0
297188,0,0
297288,0,0
297388,0,0
297488,0,0
297588,0,0
297688,0,0
297788,0,0
297888,0,0
297988,0,0
298088,0,0
298188,0,0
298288,0,0
298388,0,0
298488,0,0
298588,0,0
298688,0,0
298788,0,0
298888,0,0
298988,0,0
299088,0,0
299188,0,0
299288,0,0
299388,0,0
299464,0,0
299564,0,0
299664,0,0
300213,0,0
300313,0,1
300413,0,1
300513,0,1
300613,0,1
300713,0,1
300813,0,1
300913,0,1
301013,0,1
301114,0,1
301214,0,1
301314,0,1
301414,0,1
301514,0,1
301614,0,1
301714,0,1
301814,0,1
301914,0,1
302014,0,1
302114,0,1
302214,0,1
302314,0,1
302414,0,1
302514,0,1
302614,0,1
302714,0,1
302814,0,1
302914,0,1
303014,0,1
303114,0,1
303214,0,1
303314,0,1
303407,0,1
303507,0,1
303607,0,1
303707,0,1
303807,0,1
303907,0,1
304008,0,1
304108,0,1
304235,0,0
304490,0,0
304590,0,1
304691,0,1
304791,0,1
304894,0,1
304994,1,2
305094,1,2
305194,1,2
305294,1,2
305394,1,2
305494,1,2
305594,1,2
305694,1,2
305794,1,2
305894,1,2
305994,1,2
306094,1,2
306194,1,2
306294,1,2
306394,1,2
306494,1,2
306594,1,2
306694,1,2
306794,1,2
306894,1,2
306995,0,0
307095,0,0
307195,0,0
307295,0,0
307393,0,0
307493,0,0
307593,0,0
307693,0,0
307793,0,0
307893,0,0
307993,0,0
308093,0,0
308193,0,0
308293,0,0
308393,0,0
308493,0,0
308593,0,0
308693,0,0
308793,0,0
308893,0,0
309490,0,0
309590,0,1
309690,0,1
309790,0,1
309890,0,1
309990,0,1
310090,0,1
310190,0,1
310290,0,1
310390,0,1
310491,0,1
310591,0,1
310691,0,1
310791,0,1
310891,0,1
310991,0,1
311091,0,1
311191,0,1
311291,0,1
311391,0,1
311487,0,1
311587,0,1
311687,0,1
311787,0,1
311887,0,1
311987,0,1
312087,0,1
312187,0,1
312287,0,1
312387,0,1
312487,0,1
312587,0,1
312687,0,1
312787,0,1
312887,0,1
312987,0,1
313087,0,1
313187,0,1
313287,0,1
313387,0,1
313514,0,0
313614,0,0
313714,0,0
313815,0,0
313915,0,0
314015,0,0
314115,0,0
314215,0,0
314315,0,0
314415,0,0
314515,0,0
314615,0,0
314715,0,0
314815,0,0
314915,0,0
315015,0,0
315115,0,0
315215,0,0
315315,0,0
315410,0,0
315510,0,0
315610,0,0
315710,0,0
315810,0,0
315910,0,0
316010,0,0
316110,0,0
316210,0,0
316310,0,0
316410,0,0
316510,0,0
316610,0,0
316710,0,0
316810,0,0
316910,0,0
317010,0,0
317110,0,0
317210,0,0
317310,0,0
317410,0,0
317510,0,0
317610,0,0
317710,0,0
317810,0,0
317910,0,0
318010,0,0
318110,0,0
318210,0,0
318310,0,0
318410,0,0
318510,0,0
318610,0,0
318710,0,0
318810,0,0
318910,0,0
319010,0,0
319110,0,0
319210,0,0
319310,0,0
319405,0,0
319505,0,0
319605,0,0
319705,0,0
319805,0,0
319905,0,0
320005,0,0
320105,0,0
320205,0,0
320305,0,0
320405,0,0
320505,0,0
320605,0,0
320705,0,0
320805,0,0
320905,0,0
321005,0,0
321105,0,0
321205,0,0
321305,0,0
321405,0,0
321505,0,0
321605,0,0
321705,0,0
321805,0,0
321905,0,0
322005,0,0
322105,0,0
322205,0,0
322305,0,0
322405,0,0
322505,0,0
322605,0,0
322705,0,0
322805,0,0
322905,0,0
323005,0,0
323105,0,0
323205,0,0
323305,0,0
323405,0,0
323487,0,0
323587,0,0
323687,0,0
323787,0,0
323887,0,0
323987,0,0
324087,0,0
324187,0,0
324287,0,0
324387,0,0
324487,0,0
324587,0,0
324687,0,0
324787,0,0
324887,0,0
324987,0,0
325087,0,0
325187,0,0
325287,0,0
325387,0,0
325487,0,0
325587,0,0
325687,0,0
325787,0,0
325887,0,0
325987,0,0
326087,0,0
326187,0,0
326287,0,0
326387,0,0
326487,0,0
326587,0,0
326687,0,0
326787,0,0
326887,0,0
326987,0,0
327087,0,0
327187,0,0
327287,0,0
327387,0,0
327486,0,0
327586,0,0
327686,0,0
327786,0,0
327886,0,0
327986,0,0
328086,0,0
328186,0,0
328286,0,0
328386,0,0
328486,0,0
328586,0,0
328686,0,0
328786,0,0
328886,0,0
328986,0,0
329086,0,0
329186,0,0
329286,0,0
329386,0,0
329486,0,0
329586,0,0
329686,0,0
329786,0,0
329886,0,0
329986,0,0
330086,0,0
330186,0,0
330286,0,0
330386,0,0
330486,0,0
330586,0,0
330686,0,0
330786,0,0
330886,0,0
330986,0,0
331086,0,0
331186,0,0
331286,0,0
331386,0,0
331487,0,0
331587,0,0
331687,0,0
331787,0,0
331887,0,0
331987,0,0
332087,0,0
332187,0,0
332287,0,0
332387,0,0
332487,0,0
332587,0,0
332687,0,0
332787,0,0
332887,0,0
332987,0,0
333087,0,0
333187,0,0
333287,0,0
333387,0,0
333487,0,0
333587,0,0
333687,0,0
333787,0,0
333887,0,0
333987,0,0
334087,0,0
334187,0,0
334287,0,0
334387,0,0
334487,0,0
334587,0,0
334687,0,0
334787,0,0
334887,0,0
334987,0,0
335087,0,0
335187,0,0
335287,0,0
335387,0,0
335486,0,0
335586,0,0
335686,0,0
335786,0,0
335886,0,0
335986,0,0
336086,0,0
336186,0,0
336286,0,0
336386,0,0
336486,0,0
336586,0,0
336686,0,0
336786,0,0
336886,0,0
336986,0,0
337086,0,0
337186,0,0
337286,0,0
337386,0,0
337486,0,0
337586,0,0
337686,0,0
337786,0,0
337886,0,0
337986,0,0
338086,0,0
338186,0,0
338286,0,0
338386,0,0
338486,0,0
338586,0,0
338686,0,0
338786,0,0
338886,0,0
338986,0,0
339086,0,0
339186,0,0
339286,0,0
339386,0,0
339483,0,0
339583,0,0
339683,0,0
339783,0,0
339883,0,0
339983,0,0
340083,0,0
340183,0,0
340283,0,0
340383,0,0
340483,0,0
340583,0,0
340683,0,0
340783,0,0
340883,0,0
340983,0,0
341083,0,0
341183,0,0
341283,0,0
341383,0,0
341483,0,0
341583,0,0
341683,0,0
341783,0,0
341883,0,0
341983,0,0
342083,0,0
342183,0,0
342283,0,0
342383,0,0
342483,0,0
342583,0,0
342683,0,0
342783,0,0
342883,0,0
342983,0,0
343083,0,0
343183,0,0
343283,0,0
343383,0,0
343483,0,0
343583,0,0
343683,0,0
343783,0,0
343883,0,0
343983,0,0
344083,0,0
344183,0,0
344283,0,0
344383,0,0
344483,0,0
344583,0,0
344683,0,0
344783,0,0
344883,0,0
344983,0,0
345083,0,0
345183,0,0
345283,0,0
345383,0,0
345483,0,0
345583,0,0
345683,0,0
345783,0,0
345883,0,0
345983,0,0
346083,0,0
346183,0,0
346283,0,0
346383,0,0
346483,0,0
346583,0,0
346683,0,0
346783,0,0
346883,0,0
346983,0,0
347083,0,0
347183,0,0
347283,0,0
347383,0,0
347483,0,0
347583,0,0
347683,0,0
347783,0,0
347883,0,0
347983,0,0
348083,0,0
348183,0,0
348283,0,0
348383,0,0
348483,0,0
348583,0,0
348683,0,0
348783,0,0
348883,0,0
348983,0,0
349083,0,0
349183,0,0
349283,0,0
349383,0,0
349483,0,0
349583,0,0
349683,0,0
349783,0,0
349883,0,0
349983,0,0
350083,0,0
350183,0,0
350283,0,0
350383,0,0
350483,0,0
350583,0,0
350683,0,0
350783,0,0
350883,0,0
350983,0,0
351083,0,0
351183,0,0
351283,0,0
351383,0,0
351483,0,0
351583,0,0
351683,0,0
351783,0,0
351883,0,0
351983,0,0
352083,0,0
352183,0,0
352283,0,0
352383,0,0
352483,0,0
352583,0,0
352683,0,0
352783,0,0
352883,0,0
352983,0,0
353083,0,0
353183,0,0
353283,0,0
353383,0,0
353483,0,0
353583,0,0
353683,0,0
353783,0,0
353883,0,0
353983,0,0
354083,0,0
354183,0,0
354283,0,0
354383,0,0
354483,0,0
354583,0,0
354683,0,0
354783,0,0
354883,0,0
354983,0,0
355083,0,0
355183,0,0
355283,0,0
355383,0,0
355466,0,0
355566,0,0
355666,0,0
355766,0,0
355866,0,0
355966,0,0
356066,0,0
356166,0,0
356266,0,0
356366,0,0
356466,0,0
356566,0,0
356666,0,0
356766,0,0
356866,0,0
356966,0,0
357066,0,0
357166,0,0
357266,0,0
357366,0,0
357466,0,0
357566,0,0
357666,0,0
357766,0,0
357866,0,0
357966,0,0
358066,0,0
358166,0,0
358266,0,0
358366,0,0
358466,0,0
358866,0,0
358966,0,1
359066,0,1
359166,0,1
359266,0,1
359366,0,1
359461,0,1
359561,0,1
359661,0,1
359761,0,1
359861,0,1
359961,0,1
360061,0,1
360161,0,1
360261,0,1
360361,0,1
360461,0,1
360561,0,1
360661,0,1
360761,0,1
360861,0,1
360961,0,1
361061,0,1
361161,0,1
361261,0,1
361361,0,1
361461,0,1
361561,0,1
361661,0,1
361761,0,1
361861,0,1
361961,0,1
362061,0,1
362161,0,1
362261,0,1
362361,0,1
362461,0,1
362561,0,1
362661,0,1
362761,0,1
362861,0,1
362961,0,0
363061,0,0
363161,0,0
363261,0,0
363361,0,0
363457,0,0
363557,0,0
363657,0,0
363757,0,0
363857,0,0
363957,0,0
364057,0,0
364157,0,0
364257,0,0
364357,0,0
364457,0,0
364557,0,0
364657,0,0
364757,0,0
364857,0,0
364957,0,0
365057,0,0
365157,0,0
365257,0,0
365357,0,0
365457,0,0
365557,0,0
365657,0,0
365757,0,0
365857,0,0
365957,0,0
366057,0,0
366157,0,0
366257,0,0
366357,0,0
366457,0,0
366557,0,0
366657,0,0
366870,0,0
366970,0,1
367070,0,1
367170,0,1
367278,0,1
367378,1,2
367481,1,2
367581,1,2
367676,1,2
367776,1,2
367876,1,2
367976,1,2
368076,1,2
368176,1,2
368276,1,2
368376,1,2
368476,1,2
368576,1,2
368676,1,2
368776,1,2
368876,1,2
368976,1,2
369076,1,2
369176,1,2
369276,1,2
369376,1,2
369476,1,2
369576,1,2
369676,1,2
369776,1,2
369876,1,2
369976,1,2
370076,1,2
370176,1,2
370276,1,2
370376,1,2
370476,1,2
370576,1,2
370676,1,2
370776,1,2
370876,1,2
370976,1,2
371076,1,2
371176,1,2
371276,1,2
371376,1,2
371476,1,2
371576,1,2
371672,1,2
371772,1,2
371872,1,2
371972,1,2
372072,1,2
372172,1,2
372272,1,2
372372,1,2
372472,1,2
372572,1,2
372672,1,2
372772,1,2
372872,1,2
372972,1,2
373072,1,2
373172,1,2
373272,1,2
373372,1,2
373472,1,2
373572,1,2
373672,1,2
373772,1,2
373872,1,2
373972,1,2
374072,1,2
374172,1,2
374272,1,2
374372,1,2
374472,1,2
374572,1,2
374672,1,2
374772,1,2
374872,1,2
374972,1,2
375072,1,2
375172,1,2
375272,1,2
375372,1,2
375472,0,0
375572,0,0
375667,0,0
375767,0,0
375867,0,0
375967,0,0
376067,0,0
376167,0,0
376267,0,0
376367,0,0
376467,0,0
376567,0,0
376667,0,0
376767,0,0
376867,0,0
376967,0,0
377067,0,0
377167,0,0
377267,0,0
377367,0,0
377467,0,0
377567,0,0
377667,0,0
377767,0,0
377867,0,0
377967,0,0
378067,0,0
378167,0,0
378267,0,0
378367,0,0
378467,0,0
378567,0,0
378667,0,0
378767,0,0
378867,0,0
378967,0,0
379067,0,0
379167,0,0
379267,0,0
379367,0,0
379467,0,0
379567,0,0
380081,0,0
379716,0,1
379816,0,1
379916,0,1
380016,0,1
380116,0,1
380216,0,1
380316,0,1
380416,0,1
380516,0,1
380616,0,1
380716,0,1
380816,0,1
380916,0,1
381016,0,1
381116,0,1
381216,0,1
381316,0,1
381417,0,1
381517,0,1
381617,0,1
381717,0,1
381817,0,1
381917,0,1
382017,0,1
382117,0,1
382217,0,1
382317,0,1
382417,0,1
382517,0,1
382617,0,1
382717,0,1
382817,0,1
382917,0,1
383017,0,1
383117,0,1
383674,0,1
383774,0,1
383874,0,1
383974,0,1
384102,0,0
384202,0,0
384302,0,0
384402,0,0
384502,0,0
384602,0,0
384702,0,0
384802,0,0
384903,0,0
385003,0,0
385103,0,0
385203,0,0
385303,0,0
385403,0,0
385503,0,0
385603,0,0
385703,0,0
385803,0,0
385903,0,0
386003,0,0
386103,0,0
386203,0,0
386303,0,0
386403,0,0
386503,0,0
386603,0,0
386703,0,0
386803,0,0
386903,0,0
387003,0,0
387103,0,0
387203,0,0
387303,0,0
387403,0,0
387503,0,0
387603,0,0
387697,0,0
387797,0,0
387897,0,0
388156,0,0
388256,0,1
388356,0,1
388456,0,1
388590,0,1
388691,1,2
388791,1,2
388891,1,2
388991,1,2
389091,1,2
389191,1,2
389292,1,2
389392,1,2
389492,1,2
389592,1,2
389692,1,2
389792,1,2
389892,1,2
389992,1,2
390092,1,2
390192,1,2
390292,1,2
390392,1,2
390492,1,2
390592,1,2
390692,1,2
390792,1,2
390892,1,2
390992,1,2
391092,1,2
391192,1,2
391292,1,2
391392,1,2
391492,1,2
391592,1,2
391687,1,2
391787,1,2
391887,1,2
391987,1,2
392087,1,2
392188,1,2
392288,1,2
392388,1,2
392488,1,2
392588,1,2
392688,1,2
392788,1,2
392888,1,2
392988,1,2
393088,1,2
393188,1,2
393288,1,2
393388,1,2
393488,1,2
393588,1,2
393688,1,2
393788,1,2
393888,1,2
393988,1,2
394088,1,2
394188,1,2
394288,1,2
394388,1,2
394488,1,2
394588,1,2
394688,1,2
394788,1,2
394888,1,2
394988,1,2
395088,1,2
395188,1,2
395288,1,2
395388,1,2
395488,1,2
395588,1,2
395688,1,2
395717,1,2
395817,1,2
395917,1,2
396017,1,2
396117,1,2
396217,1,2
396317,1,2
396417,1,2
396517,1,2
396617,1,2
396717,0,0
396817,0,0
396917,0,0
397017,0,0
397117,0,0
397217,0,0
397317,0,0
397417,0,0
397517,0,0
397617,0,0
397717,0,0
397817,0,0
397917,0,0
398017,0,0
398117,0,0
398217,0,0
398317,0,0
398417,0,0
398517,0,0
398617,0,0
398717,0,0
398817,0,0
398917,0,0
399017,0,0
399117,0,0
399217,0,0
399317,0,0
399417,0,0
399517,0,0
399617,0,0
399717,0,0
399817,0,0
399917,0,0
400017,0,0
400117,0,0
400217,0,0
400317,0,0
400417,0,0
400517,0,0
400617,0,0
400717,0,0
400817,0,0
400917,0,0
401017,0,0
401117,0,0
401217,0,0
401317,0,0
401417,0,0
401517,0,0
401617,0,0
401717,0,0
401817,0,0
401917,0,0
402017,0,0
402117,0,0
402217,0,0
402317,0,0
402417,0,0
402517,0,0
402617,0,0
402717,0,0
402817,0,0
402917,0,0
403017,0,0
403117,0,0
403217,0,0
403317,0,0
403417,0,0
403517,0,0
403617,0,0
403717,0,0
403817,0,0
403917,0,0
404017,0,0
404117,0,0
404217,0,0
404317,0,0
404417,0,0
404517,0,0
404617,0,0
404717,0,0
404817,0,0
404917,0,0
405017,0,0
405117,0,0
405217,0,0
405317,0,0
405417,0,0
405517,0,0
405617,0,0
405717,0,0
405817,0,0
405917,0,0
406017,0,0
406117,0,0
406217,0,0
406317,0,0
406417,0,0
406517,0,0
406617,0,0
406717,0,0
406817,0,0
406917,0,0
407017,0,0
407117,0,0
407217,0,0
407317,0,0
407417,0,0
407517,0,0
407617,0,0
407717,0,0
407817,0,0
407917,0,0
408017,0,0
408117,0,0
408217,0,0
408317,0,0
408417,0,0
408517,0,0
408617,0,0
408717,0,0
408817,0,0
408917,0,0
409017,0,0
409117,0,0
409217,0,0
409317,0,0
409417,0,0
409517,0,0
409617,0,0
409717,0,0
409817,0,0
409917,0,0
410017,0,0
410117,0,0
410217,0,0
410317,0,0
410417,0,0
410517,0,0
410617,0,0
410717,0,0
410817,0,0
410917,0,0
411017,0,0
411117,0,0
411217,0,0
411317,0,0
411417,0,0
411517,0,0
411617,0,0
411717,0,0
411817,0,0
411917,0,0
412017,0,0
412117,0,0
412217,0,0
412317,0,0
412417,0,0
412517,0,0
412617,0,0
412717,0,0
412817,0,0
412917,0,0
413017,0,0
413488,0,0
413588,0,1
413688,0,1
413788,0,1
413888,0,1
413988,0,1
414088,0,1
414188,0,1
414288,0,1
414389,0,1
414489,0,1
414589,0,1
414689,0,1
414789,0,1
414889,0,1
414989,0,1
415089,0,1
415189,0,1
415289,0,1
415389,0,1
415489,0,1
415589,0,1
415689,0,1
415789,0,1
415933,0,1
416033,0,1
416133,0,1
416233,0,1
416333,0,1
416433,0,1
416533,0,1
416633,0,1
416733,0,1
416833,0,1
416933,0,1
417033,0,1
417133,0,1
417233,0,1
417333,0,1
417433,0,1
417560,0,0
417660,0,0
418018,0,0
418118,0,1
418218,0,1
418318,0,1
418423,0,1
418523,1,2
418623,1,2
418723,1,2
418823,1,2
418923,1,2
419023,1,2
419123,1,2
419223,1,2
419323,1,2
419423,1,2
419523,1,2
419623,1,2
419724,1,2
419824,1,2
419924,1,2
420012,1,2
420112,1,2
420212,1,2
420312,1,2
420439,0,0
420539,0,0
420639,0,0
420739,0,0
420839,0,0
420939,0,0
421039,0,0
421139,0,0
421239,0,0
421339,0,0
421439,0,0
421539,0,0
421639,0,0
421739,0,0
421839,0,0
421939,0,0
422039,0,0
422139,0,0
422239,0,0
422339,0,0
422439,0,0
422746,0,0
422846,0,1
422946,0,1
423046,0,1
423146,0,1
423246,0,1
423346,0,1
423446,0,1
423546,0,1
423646,0,1
423746,0,1
423846,0,1
423950,0,1
424050,0,1
424150,0,1
424250,0,1
424350,0,1
424450,0,1
424550,0,1
424650,0,1
424751,0,1
424851,0,1
424951,0,1
425051,0,1
425151,0,1
425251,0,1
425351,0,1
425451,0,1
425551,0,1
425651,0,1
425751,0,1
425851,0,1
425951,0,1
426051,0,1
426151,0,1
426251,0,1
426351,0,1
426451,0,1
426551,0,1
426651,0,1
426782,0,0
426882,0,0
426982,0,0
427394,0,0
427494,0,1
427594,0,1
427695,0,1
427795,0,1
427895,0,1
427990,0,1
428090,0,1
428190,0,1
428290,0,1
428390,0,1
428490,0,1
428590,0,1
428690,0,1
428790,0,1
428890,0,1
428990,0,1
429090,0,1
429190,0,1
429290,0,1
429390,0,1
429490,0,1
429590,0,1
429690,0,1
429790,0,1
429890,0,1
429990,0,1
430090,0,1
430190,0,1
430290,0,1
430390,0,1
430490,0,1
430591,0,1
430691,0,1
430791,0,1
430891,0,1
430991,0,1
431091,0,1
431191,0,1
431291,0,1
431417,0,0
431517,0,0
431617,0,0
431717,0,0
431817,0,0
431917,0,0
432013,0,0
432113,0,0
432213,0,0
432313,0,0
432413,0,0
432513,0,0
432613,0,0
432713,0,0
432813,0,0
432913,0,0
433013,0,0
433113,0,0
433213,0,0
433313,0,0
433413,0,0
433513,0,0
433613,0,0
433713,0,0
433813,0,0
433913,0,0
434013,0,0
434113,0,0
434214,0,0
434314,0,0
434414,0,0
434514,0,0
434614,0,0
434714,0,0
434814,0,0
434914,0,0
435014,0,0
435114,0,0
435733,0,0
435833,0,1
435933,0,1
436029,0,1
436130,0,1
436230,0,1
436330,0,1
436430,0,1
436530,0,1
436630,0,1
436730,0,1
436830,0,1
436930,0,1
437030,0,1
437130,0,1
437230,0,1
437330,0,1
437430,0,1
437530,0,1
437630,0,1
437730,0,1
437830,0,1
437930,0,1
438030,0,1
438130,0,1
438230,0,1
438330,0,1
438430,0,1
438530,0,1
438630,0,1
438730,0,1
438830,0,1
438930,0,1
439031,0,1
439131,0,1
439231,0,1
439331,0,1
439431,0,1
439531,0,1
439631,0,1
439757,0,0
440220,0,0
440320,0,1
440420,0,1
440520,0,1
440620,0,1
440720,0,1
440820,0,1
440920,0,1
441020,0,1
441120,0,1
441220,0,1
441320,0,1
441420,0,1
441520,0,1
441620,0,1
441720,0,1
441820,0,1
441920,0,1
442020,0,1
442120,0,1
442220,0,1
442320,0,1
442420,0,1
442520,0,1
442620,0,1
442720,0,1
442820,0,1
442920,0,1
443020,0,1
443120,0,1
443220,0,1
443320,0,1
443420,0,1
443520,0,1
443620,0,1
443720,0,1
443820,0,1
443920,0,1
444010,0,1
444110,0,1
444210,0,1
444310,0,0
444410,0,0
444888,0,0
444988,0,1
445088,0,1
445188,0,1
445288,0,1
445388,0,1
445488,0,1
445588,0,1
445688,0,1
445788,0,1
445888,0,1
445988,0,1
446088,0,1
446189,0,1
446289,0,1
446389,0,1
446489,0,1
446589,0,1
446689,0,1
446789,0,1
446889,0,1
446989,0,1
447089,0,1
447189,0,1
447289,0,1
447389,0,1
447489,0,1
447589,0,1
447689,0,1
447789,0,1
447889,0,1
447985,0,1
448085,0,1
448185,0,1
448285,0,1
448385,0,1
448485,0,1
448585,0,1
448685,0,1
448785,0,1
448912,0,0
449012,0,0
449112,0,0
449754,0,0
449854,0,1
449954,0,1
450054,0,1
450180,0,1
450281,1,2
450381,1,2
450481,1,2
450581,1,2
450681,1,2
450781,1,2
450881,1,2
450981,1,2
451081,1,2
451181,1,2
451281,1,2
451381,1,2
451481,1,2
451581,1,2
451681,1,2
451781,1,2
451881,1,2
451976,1,2
452076,1,2
452215,0,0
452315,0,0
452415,0,0
452515,0,0
452615,0,0
452715,0,0
452815,0,0
452915,0,0
453015,0,0
453115,0,0
453215,0,0
453315,0,0
453415,0,0
453515,0,0
453615,0,0
453715,0,0
453815,0,0
453915,0,0
454015,0,0
454116,0,0
454216,0,0
454478,0,0
454578,0,1
454678,0,1
454778,0,1
454878,0,1
454978,0,1
455078,0,1
455178,0,1
455278,0,1
455378,0,1
455478,0,1
455578,0,1
455678,0,1
455778,0,1
455878,0,1
455965,0,1
456066,0,1
456166,0,1
456266,0,1
456366,0,1
456466,0,1
456566,0,1
456666,0,1
456766,0,1
456866,0,1
456966,0,1
457066,0,1
457166,0,1
457266,0,1
457366,0,1
457466,0,1
457566,0,1
457666,0,1
457766,0,1
457866,0,1
457966,0,1
458066,0,1
458166,0,1
458266,0,1
458366,0,1
458493,0,0
458593,0,0
458693,0,0
458793,0,0
458893,0,0
458993,0,0
459093,0,0
459193,0,0
459293,0,0
459394,0,0
459494,0,0
459594,0,0
459694,0,0
459794,0,0
459894,0,0
459994,0,0
460094,0,0
460194,0,0
460294,0,0
460394,0,0
460494,0,0
460594,0,0
460694,0,0
460794,0,0
460894,0,0
460994,0,0
461094,0,0
461194,0,0
461294,0,0
461394,0,0
461494,0,0
461594,0,0
461694,0,0
461794,0,0
461894,0,0
461994,0,0
462094,0,0
462194,0,0
462295,0,0
462395,0,0
462495,0,0
462595,0,0
462695,0,0
462795,0,0
462895,0,0
462995,0,0
463095,0,0
463195,0,0
463295,0,0
463395,0,0
463495,0,0
463595,0,0
463695,0,0
463795,0,0
463895,0,0
463995,0,0
464095,0,0
464195,0,0
464295,0,0
464395,0,0
464495,0,0
464595,0,0
464695,0,0
464795,0,0
464895,0,0
464995,0,0
465095,0,0
465196,0,0
465296,0,0
465396,0,0
465496,0,0
465596,0,0
465696,0,0
465796,0,0
465896,0,0
465996,0,0
466096,0,0
466196,0,0
466296,0,0
466396,0,0
466496,0,0
466596,0,0
466696,0,0
466796,0,0
466896,0,0
466996,0,0
467096,0,0
467196,0,0
467296,0,0
467396,0,0
467496,0,0
467596,0,0
467696,0,0
467796,0,0
467896,0,0
467996,0,0
468096,0,0
468196,0,0
468296,0,0
468396,0,0
468496,0,0
468596,0,0
468696,0,0
468796,0,0
468896,0,0
468996,0,0
469096,0,0
469196,0,0
469296,0,0
469396,0,0
469496,0,0
469596,0,0
469696,0,0
469796,0,0
469896,0,0
469996,0,0
470096,0,0
470196,0,0
470296,0,0
470396,0,0
470496,0,0
470596,0,0
470696,0,0
470796,0,0
470896,0,0
470996,0,0
471096,0,0
471196,0,0
471296,0,0
471396,0,0
471496,0,0
471596,0,0
471696,0,0
471796,0,0
471896,0,0
471988,0,0
472088,0,0
472188,0,0
472288,0,0
472388,0,0
472488,0,0
472588,0,0
472688,0,0
472788,0,0
472888,0,0
472988,0,0
473088,0,0
473188,0,0
473288,0,0
473388,0,0
473488,0,0
473588,0,0
473688,0,0
473788,0,0
473888,0,0
473988,0,0
474088,0,0
474188,0,0
474288,0,0
474388,0,0
474488,0,0
474588,0,0
474688,0,0
474788,0,0
474888,0,0
474988,0,0
475088,0,0
475188,0,0
475679,0,0
475779,0,1
475879,0,1
475979,0,1
476071,0,1
476171,0,1
476271,0,1
476371,0,1
476471,0,1
476572,0,1
476672,0,1
476772,0,1
476872,0,1
476972,0,1
477072,0,1
477172,0,1
477272,0,1
477372,0,1
477472,0,1
477572,0,1
477672,0,1
477772,0,1
477872,0,1
477972,0,1
478072,0,1
478172,0,1
478272,0,1
478372,0,1
478472,0,1
478572,0,1
478672,0,1
478772,0,1
478872,0,1
478972,0,1
479072,0,1
479172,0,1
479272,0,1
479372,0,1
479472,0,1
479572,0,1
479700,0,0
479800,0,0
479900,0,0
480000,0,0
480098,0,0
480198,0,0
480298,0,0
480398,0,0
480498,0,0
480598,0,0
480698,0,0
480798,0,0
480898,0,0
480998,0,0
481098,0,0
481198,0,0
481298,0,0
481398,0,0
481498,0,0
481598,0,0
481698,0,0
481798,0,0
481898,0,0
481998,0,0
482098,0,0
482198,0,0
482298,0,0
482398,0,0
482498,0,0
482598,0,0
482698,0,0
482798,0,0
482898,0,0
482998,0,0
483098,0,0
483198,0,0
483298,0,0
483398,0,0
483498,0,0
483598,0,0
483698,0,0
483798,0,0
483898,0,0
483998,0,0
484094,0,0
484194,0,0
484294,0,0
484394,0,0
484494,0,0
484594,0,0
484694,0,0
484794,0,0
484894,0,0
484994,0,0
485094,0,0
485194,0,0
485294,0,0
485394,0,0
485494,0,0
485594,0,0
485694,0,0
485794,0,0
485894,0,0
485994,0,0
486094,0,0
486194,0,0
486294,0,0
486394,0,0
486494,0,0
486594,0,0
486694,0,0
486794,0,0
486894,0,0
486994,0,0
487094,0,0
487194,0,0
487294,0,0
487394,0,0
487494,0,0
487594,0,0
487694,0,0
487794,0,0
487894,0,0
487994,0,0
488094,0,0
488176,0,0
488276,0,0
488376,0,0
488476,0,0
488576,0,0
488676,0,0
488776,0,0
488876,0,0
488976,0,0
489076,0,0
489176,0,0
489276,0,0
489376,0,0
489476,0,0
489576,0,0
489676,0,0
489776,0,0
489876,0,0
489976,0,0
490076,0,0
490176,0,0
490276,0,0
490376,0,0
490476,0,0
490576,0,0
490676,0,0
490776,0,0
490876,0,0
490976,0,0
491076,0,0
491176,0,0
491276,0,0
491376,0,0
491476,0,0
491576,0,0
491676,0,0
491776,0,0
491876,0,0
491976,0,0
492076,0,0
492175,0,0
492275,0,0
492375,0,0
492475,0,0
492575,0,0
492675,0,0
492775,0,0
492875,0,0
492975,0,0
493075,0,0
493175,0,0
493275,0,0
493375,0,0
493475,0,0
493575,0,0
493675,0,0
493775,0,0
493875,0,0
493975,0,0
494075,0,0
494175,0,0
494275,0,0
494375,0,0
494475,0,0
494575,0,0
494675,0,0
494775,0,0
494875,0,0
494975,0,0
495075,0,0
495175,0,0
495275,0,0
495375,0,0
495475,0,0
495575,0,0
495675,0,0
495775,0,0
495875,0,0
495975,0,0
496075,0,0
496157,0,0
496257,0,0
496357,0,0
496457,0,0
496557,0,0
496657,0,0
496757,0,0
496857,0,0
496957,0,0
497057,0,0
497157,0,0
497257,0,0
497357,0,0
497457,0,0
497557,0,0
497657,0,0
497757,0,0
497857,0,0
497957,0,0
498057,0,0
498157,0,0
498257,0,0
498357,0,0
498457,0,0
498557,0,0
498657,0,0
498757,0,0
498857,0,0
498957,0,0
499057,0,0
499157,0,0
499257,0,0
499357,0,0
499457,0,0
499557,0,0
499657,0,0
499757,0,0
499857,0,0
499957,0,0
500057,0,0
500176,0,0
500276,0,0
500376,0,0
500476,0,0
500576,0,0
500676,0,0
500776,0,0
500876,0,0
500976,0,0
501076,0,0
501176,0,0
501276,0,0
501376,0,0
501476,0,0
501576,0,0
501676,0,0
501776,0,0
501876,0,0
501976,0,0
502076,0,0
502176,0,0
502276,0,0
502376,0,0
502476,0,0
502576,0,0
502676,0,0
502776,0,0
502876,0,0
502976,0,0
503076,0,0
503176,0,0
503276,0,0
503376,0,0
503476,0,0
503576,0,0
503676,0,0
503776,0,0
503876,0,0
503976,0,0
504076,0,0
504176,0,0
504276,0,0
504376,0,0
504476,0,0
504576,0,0
504676,0,0
504776,0,0
504876,0,0
504976,0,0
505076,0,0
505176,0,0
505276,0,0
505376,0,0
505476,0,0
505576,0,0
505676,0,0
505776,0,0
505876,0,0
505976,0,0
506076,0,0
506176,0,0
506276,0,0
506376,0,0
506476,0,0
506576,0,0
506676,0,0
506776,0,0
506876,0,0
506976,0,0
507076,0,0
507176,0,0
507276,0,0
507376,0,0
507476,0,0
507576,0,0
507676,0,0
507776,0,0
507876,0,0
507976,0,0
508076,0,0
508166,0,0
508266,0,0
508366,0,0
508466,0,0
508566,0,0
508666,0,0
508766,0,0
508866,0,0
508966,0,0
509066,0,0
509166,0,0
509266,0,0
509366,0,0
509466,0,0
509566,0,0
509666,0,0
509766,0,0
509866,0,0
509966,0,0
510066,0,0
510166,0,0
510266,0,0
510366,0,0
510466,0,0
510566,0,0
510666,0,0
510766,0,0
510866,0,0
510966,0,0
511066,0,0
511166,0,0
511266,0,0
511366,0,0
511466,0,0
511566,0,0
511666,0,0
511766,0,0
511866,0,0
511966,0,0
512066,0,0
512163,0,0
512263,0,0
512363,0,0
512463,0,0
512563,0,0
512663,0,0
512763,0,0
512863,0,0
512963,0,0
513063,0,0
513163,0,0
513263,0,0
513363,0,0
513463,0,0
513563,0,0
513663,0,0
513763,0,0
513863,0,0
513963,0,0
514063,0,0
514163,0,0
514263,0,0
514363,0,0
514463,0,0
514563,0,0
514663,0,0
514763,0,0
514863,0,0
514963,0,0
515063,0,0
515163,0,0
515263,0,0
515363,0,0
515463,0,0
515563,0,0
515663,0,0
515763,0,0
515863,0,0
515963,0,0
516063,0,0
516163,0,0
516263,0,0
516363,0,0
516463,0,0
516563,0,0
516663,0,0
516763,0,0
516863,0,0
516963,0,0
517063,0,0
517163,0,0
517263,0,0
517363,0,0
517463,0,0
517563,0,0
517663,0,0
517763,0,0
517863,0,0
517963,0,0
518063,0,0
518163,0,0
518263,0,0
518363,0,0
518463,0,0
518563,0,0
518663,0,0
518763,0,0
518863,0,0
518963,0,0
519063,0,0
519163,0,0
519263,0,0
519363,0,0
519463,0,0
519563,0,0
519663,0,0
519763,0,0
519863,0,0
519963,0,0
520063,0,0
520163,0,0
520263,0,0
520363,0,0
520463,0,0
520563,0,0
520663,0,0
520763,0,0
520863,0,0
520963,0,0
521063,0,0
521163,0,0
521263,0,0
521363,0,0
521463,0,0
521563,0,0
521663,0,0
521763,0,0
521863,0,0
521963,0,0
522063,0,0
522163,0,0
522263,0,0
522363,0,0
522463,0,0
522563,0,0
522663,0,0
522763,0,0
522863,0,0
522963,0,0
523063,0,0
523163,0,0
523263,0,0
523363,0,0
523463,0,0
523563,0,0
523663,0,0
523763,0,0
523863,0,0
523963,0,0
524063,0,0
524163,0,0
524263,0,0
524363,0,0
524463,0,0
524563,0,0
524663,0,0
524763,0,0
524863,0,0
524963,0,0
525063,0,0
525163,0,0
525263,0,0
525363,0,0
525463,0,0
525563,0,0
525663,0,0
525763,0,0
525863,0,0
525963,0,0
526063,0,0
526163,0,0
526263,0,0
526363,0,0
526463,0,0
526563,0,0
526663,0,0
526763,0,0
526863,0,0
526963,0,0
527063,0,0
527163,0,0
527263,0,0
527363,0,0
527463,0,0
527563,0,0
527663,0,0
527763,0,0
527863,0,0
527963,0,0
528063,0,0
528163,0,0
528263,0,0
528363,0,0
528463,0,0
528563,0,0
528663,0,0
528763,0,0
528863,0,0
528963,0,0
529063,0,0
529163,0,0
529263,0,0
529363,0,0
529463,0,0
529563,0,0
529663,0,0
529763,0,0
529863,0,0
529963,0,0
530063,0,0
530163,0,0
530263,0,0
530363,0,0
530463,0,0
530563,0,0
530663,0,0
530763,0,0
530863,0,0
530963,0,0
531063,0,0
531163,0,0
531263,0,0
531363,0,0
531463,0,0
531563,0,0
531663,0,0
531763,0,0
531863,0,0
531963,0,0
532063,0,0
532163,0,0
532263,0,0
532363,0,0
532463,0,0
532563,0,0
532663,0,0
532763,0,0
532863,0,0
532963,0,0
533063,0,0
533163,0,0
533263,0,0
533338,0,0
533438,0,0
533538,0,0
533638,0,0
533738,0,0
533953,0,0
534053,0,1
534153,0,1
534253,0,1
534353,0,1
534453,0,1
534553,0,1
534653,0,1
534753,0,1
534853,0,1
534953,0,1
535053,0,1
535153,0,1
535253,0,1
535353,0,1
535453,0,1
535553,0,1
535653,0,1
535753,0,1
535853,0,1
535953,0,1
536053,0,1
536153,0,1
536253,0,1
536353,0,1
536453,0,1
536553,0,1
536653,0,1
536753,0,1
536853,0,1
536953,0,1
537054,0,1
537154,0,1
537254,0,1
537337,0,1
537437,0,1
537537,0,1
537637,0,1
537737,0,1
537837,0,1
537964,0,0
538064,0,0
538164,0,0
538264,0,0
538364,0,0
538464,0,0
538564,0,0
538664,0,0
538764,0,0
538864,0,0
538964,0,0
539064,0,0
539164,0,0
539264,0,0
539364,0,0
539464,0,0
539564,0,0
539664,0,0
539764,0,0
539864,0,0
539964,0,0
540064,0,0
540164,0,0
540264,0,0
540365,0,0
540465,0,0
540565,0,0
540665,0,0
540765,0,0
540865,0,0
540965,0,0
541065,0,0
541165,0,0
541275,0,0
541375,0,0
541475,0,0
541575,0,0
541675,0,0
541775,0,0
541875,0,0
541975,0,0
542075,0,0
542175,0,0
542275,0,0
542375,0,0
542475,0,0
542575,0,0
542675,0,0
542775,0,0
542875,0,0
542975,0,0
543075,0,0
543175,0,0
543275,0,0
543375,0,0
543475,0,0
543575,0,0
543675,0,0
543775,0,0
543875,0,0
543975,0,0
544075,0,0
544175,0,0
544275,0,0
544375,0,0
544475,0,0
544575,0,0
544675,0,0
544775,0,0
544875,0,0
544975,0,0
545075,0,0
545175,0,0
545270,0,0
545370,0,0
545470,0,0
545570,0,0
545670,0,0
545770,0,0
545870,0,0
545970,0,0
546070,0,0
546170,0,0
546270,0,0
546370,0,0
546470,0,0
546570,0,0
546670,0,0
546770,0,0
546870,0,0
546970,0,0
547070,0,0
547170,0,0
547270,0,0
547370,0,0
547470,0,0
547570,0,0
547670,0,0
547770,0,0
547870,0,0
547970,0,0
548070,0,0
548170,0,0
548270,0,0
548370,0,0
548470,0,0
548570,0,0
548670,0,0
548770,0,0
548870,0,0
548970,0,0
549070,0,0
549170,0,0
549270,0,0
549360,0,0
549460,0,0
549560,0,0
549660,0,0
549760,0,0
549860,0,0
549960,0,0
550060,0,0
550160,0,0
550260,0,0
550360,0,0
550460,0,0
550560,0,0
550660,0,0
550760,0,0
550860,0,0
550960,0,0
551060,0,0
551160,0,0
551260,0,0
551360,0,0
551460,0,0
551560,0,0
551660,0,0
551760,0,0
551860,0,0
551960,0,0
552060,0,0
552160,0,0
552260,0,0
552360,0,0
552460,0,0
552560,0,0
552660,0,0
552760,0,0
552860,0,0
552960,0,0
553060,0,0
553160,0,0
553260,0,0
553341,0,0
553441,0,0
553541,0,0
553641,0,0
553741,0,0
553841,0,0
553941,0,0
554041,0,0
554141,0,0
554241,0,0
554341,0,0
554441,0,0
554541,0,0
554641,0,0
554741,0,0
554841,0,0
554941,0,0
555041,0,0
555141,0,0
555241,0,0
555341,0,0
555441,0,0
555541,0,0
555641,0,0
555741,0,0
555841,0,0
555941,0,0
556041,0,0
556141,0,0
556241,0,0
556341,0,0
556441,0,0
556541,0,0
556641,0,0
556741,0,0
556841,0,0
556941,0,0
557041,0,0
557141,0,0
557241,0,0
557357,0,0
557457,0,0
557557,0,0
557657,0,0
557757,0,0
557857,0,0
557957,0,0
558057,0,0
558157,0,0
558257,0,0
558357,0,0
558457,0,0
558557,0,0
558657,0,0
558757,0,0
558857,0,0
558957,0,0
559057,0,0
559157,0,0
559257,0,0
559357,0,0
559457,0,0
559557,0,0
559657,0,0
559757,0,0
559857,0,0
559957,0,0
560057,0,0
560157,0,0
560257,0,0
560357,0,0
560457,0,0
560557,0,0
560657,0,0
560757,0,0
560857,0,0
560957,0,0
561057,0,0
561157,0,0
561257,0,0
561351,0,0
561451,0,0
561551,0,0
561651,0,0
561751,0,0
561851,0,0
561951,0,0
562051,0,0
562151,0,0
562251,0,0
562351,0,0
562451,0,0
562551,0,0
562651,0,0
562751,0,0
562851,0,0
562951,0,0
563051,0,0
563151,0,0
563251,0,0
563351,0,0
563451,0,0
563551,0,0
563651,0,0
563751,0,0
563851,0,0
563951,0,0
564051,0,0
564151,0,0
564251,0,0
564351,0,0
564451,0,0
564551,0,0
564651,0,0
564751,0,0
564851,0,0
564951,0,0
565051,0,0
565151,0,0
565251,0,0
565347,0,0
565447,0,0
565547,0,0
565647,0,0
565747,0,0
565847,0,0
565947,0,0
566047,0,0
566147,0,0
566247,0,0
566347,0,0
566447,0,0
566547,0,0
566647,0,0
566747,0,0
566847,0,0
566947,0,0
567047,0,0
567147,0,0
567247,0,0
567347,0,0
567447,0,0
567547,0,0
567647,0,0
567747,0,0
567847,0,0
567947,0,0
568047,0,0
568147,0,0
568247,0,0
568347,0,0
568447,0,0
568547,0,0
568647,0,0
568747,0,0
568847,0,0
568947,0,0
569047,0,0
569147,0,0
569247,0,0
569343,0,0
569443,0,0
569543,0,0
569643,0,0
569743,0,0
569843,0,0
569943,0,0
570043,0,0
570143,0,0
570243,0,0
570343,0,0
570443,0,0
570543,0,0
570643,0,0
570743,0,0
570843,0,0
570943,0,0
571043,0,0
571143,0,0
571243,0,0
571343,0,0
571443,0,0
571543,0,0
571643,0,0
571743,0,0
571843,0,0
571943,0,0
572043,0,0
572143,0,0
572243,0,0
572343,0,0
572443,0,0
572543,0,0
572643,0,0
572743,0,0
572843,0,0
572943,0,0
573043,0,0
573143,0,0
573243,0,0
573339,0,0
573439,0,0
573539,0,0
573639,0,0
573739,0,0
573839,0,0
573939,0,0
574039,0,0
574139,0,0
574239,0,0
574339,0,0
574439,0,0
574539,0,0
574639,0,0
574739,0,0
574839,0,0
574939,0,0
575039,0,0
575139,0,0
575239,0,0
575339,0,0
575439,0,0
575539,0,0
575639,0,0
575739,0,0
575839,0,0
576064,0,0
576164,0,0
576265,0,0
576365,0,0
576465,0,0
576565,0,0
576665,0,0
576765,0,0
576865,0,0
576965,0,0
577065,0,0
577165,0,0
577265,0,0
577365,0,0
577465,0,0
577565,0,0
577665,0,0
577765,0,0
577865,0,0
577965,0,0
578065,0,0
578165,0,0
578265,0,0
578365,0,0
578465,0,0
578565,0,0
578665,0,0
578765,0,0
578865,0,0
578965,0,0
579065,0,0
579166,0,0
579266,0,0
579366,0,0
579466,0,0
579566,0,0
579666,0,0
579766,0,0
579866,0,0
579966,0,0
580066,0,0
580166,0,0
580266,0,0
580366,0,0
580466,0,0
580566,0,0
580666,0,0
580766,0,0
580866,0,0
580966,0,0
581066,0,0
581166,0,0
581266,0,0
581366,0,0
581466,0,0
581566,0,0
581666,0,0
581766,0,0
581866,0,0
581966,0,0
582067,0,0
582167,0,0
582267,0,0
582367,0,0
582467,0,0
582567,0,0
582667,0,0
582767,0,0
582867,0,0
582967,0,0
583067,0,0
583167,0,0
583267,0,0
583367,0,0
583467,0,0
583567,0,0
583667,0,0
583767,0,0
583867,0,0
583967,0,0
584067,0,0
584167,0,0
584267,0,0
584367,0,0
584467,0,0
584567,0,0
584667,0,0
584767,0,0
584867,0,0
584967,0,0
585067,0,0
585167,0,0
585267,0,0
585367,0,0
585467,0,0
585567,0,0
585667,0,0
585767,0,0
585867,0,0
585967,0,0
586067,0,0
586167,0,0
586267,0,0
586367,0,0
586467,0,0
586567,0,0
586667,0,0
586767,0,0
586867,0,0
586967,0,0
587067,0,0
587167,0,0
587267,0,0
587367,0,0
587467,0,0
587567,0,0
587667,0,0
587767,0,0
587867,0,0
587967,0,0
588067,0,0
588167,0,0
588267,0,0
588367,0,0
588467,0,0
588567,0,0
588667,0,0
588767,0,0
588867,0,0
588967,0,0
589067,0,0
589167,0,0
589267,0,0
589367,0,0
589467,0,0
589567,0,0
589667,0,0
589767,0,0
589867,0,0
589967,0,0
590067,0,0
590167,0,0
590267,0,0
590367,0,0
590467,0,0
590567,0,0
590667,0,0
590767,0,0
590867,0,0
590967,0,0
591067,0,0
591167,0,0
591267,0,0
591367,0,0
591467,0,0
591567,0,0
591667,0,0
591767,0,0
591867,0,0
591967,0,0
592067,0,0
592167,0,0
592267,0,0
592367,0,0
592467,0,0
592567,0,0
592667,0,0
592767,0,0
592867,0,0
592967,0,0
593067,0,0
593167,0,0
593267,0,0
593367,0,0
593467,0,0
593567,0,0
593667,0,0
593767,0,0
593867,0,0
593967,0,0
594067,0,0
594167,0,0
594267,0,0
594367,0,0
594467,0,0
594567,0,0
594667,0,0
594767,0,0
594867,0,0
594967,0,0
595067,0,0
