p:4000,20000,6000,600,8000,4000,2000,8000,70
16239,packet,1,0,0,1,51,8000
16254,event,0,0
16268,action,0,0
20238,packet,1,0,0,1,52,8000
20254,event,0,1
24238,packet,1,0,0,1,51,8000
24253,event,0,1
28238,packet,1,0,0,1,51,8000
28253,event,0,1
32247,packet,1,0,0,1,51,8000
32262,event,0,1
36250,packet,1,0,0,1,51,8000
36264,event,0,1
40255,packet,1,0,0,1,51,8000
40269,event,0,1
44257,packet,1,0,0,1,51,8000
44273,event,0,1
48260,packet,1,0,0,1,51,8000
48276,event,0,1
52275,packet,1,0,0,1,51,8000
52306,event,0,1
60321,event,1,1
60335,action,1,1
73735,packet,1,0,0,1,50,8000
73751,event,0,0
73765,action,0,0
77698,packet,1,0,0,1,50,8000
77713,event,0,1
81735,packet,1,0,0,1,50,8000
81749,event,0,1
85736,packet,1,0,0,1,50,8000
85751,event,0,1
89738,packet,1,0,0,1,50,8000
89753,event,0,1
93737,packet,1,0,0,1,50,8000
93753,event,0,1
97905,packet,1,0,0,1,50,8000
97920,event,0,1
101738,packet,1,0,0,1,49,8000
101753,event,0,1
105750,packet,1,0,0,1,50,8000
105765,event,0,1
109756,packet,1,0,0,1,50,8000
109775,event,0,1
117790,event,1,1
117804,action,1,1
129762,packet,1,0,0,1,52,8000
129778,event,0,0
129792,action,0,0
133758,packet,1,0,0,1,52,8000
133773,event,0,1
137758,packet,1,0,0,1,53,8000
137773,event,0,1
141764,packet,1,0,0,1,53,8000
141778,event,0,1
145948,packet,1,0,0,1,53,8000
145962,event,0,1
149939,packet,1,0,0,1,52,8000
149953,event,0,1
153942,packet,1,0,0,1,53,8000
153958,event,0,1
157947,packet,1,0,0,1,53,8000
157962,event,0,1
161941,packet,1,0,0,1,53,8000
161960,event,0,1
165954,packet,1,0,0,1,52,8000
165969,event,0,1
173983,event,1,1
173997,action,1,1
185954,packet,1,0,0,1,51,8000
185968,event,0,0
185983,action,0,0
189951,packet,1,0,0,1,51,8000
189965,event,0,1
194049,packet,1,0,0,1,52,8000
194064,event,0,1
198050,packet,1,0,0,1,51,8000
198066,event,0,1
202047,packet,1,0,0,1,51,8000
202061,event,0,1
206065,packet,1,0,0,1,51,8000
206079,event,0,1
210065,packet,1,0,0,1,51,8000
210091,event,0,1
214057,packet,1,0,0,1,51,8000
214072,event,0,1
218068,packet,1,0,0,1,51,8000
218083,event,0,1
222257,packet,1,0,0,1,51,8000
222272,event,0,1
230286,event,1,1
230300,action,1,1
242860,packet,1,0,0,1,51,8000
242876,event,0,0
242890,action,0,0
246865,packet,1,0,0,1,50,8000
246880,event,0,1
250893,packet,1,0,0,1,52,8000
250908,event,0,1
254897,packet,1,0,0,1,51,8000
254913,event,0,1
258983,packet,1,0,0,1,51,8000
258999,event,0,1
262972,packet,1,0,0,1,51,8000
262987,event,0,1
266975,packet,1,0,0,1,51,8000
266990,event,0,1
270975,packet,1,0,0,1,51,8000
270995,event,0,1
274974,packet,1,0,0,1,51,8000
274990,event,0,1
278985,packet,1,0,0,1,51,8000
279001,event,0,1
287015,event,1,1
287030,action,1,1
299601,packet,1,0,0,1,56,8000
299632,event,0,0
299646,action,0,0
303554,packet,1,0,0,1,56,8000
303570,event,0,1
307599,packet,1,0,0,1,56,8000
307614,event,0,1
311607,packet,1,0,0,1,53,8000
311621,event,0,1
315626,packet,1,0,0,1,52,8000
315640,event,0,1
319626,packet,1,0,0,1,52,8000
319640,event,0,1
323827,packet,1,0,0,1,53,8000
323847,event,0,1
327641,packet,1,0,0,1,52,8000
327656,event,0,1
331656,packet,1,0,0,1,53,8000
331671,event,0,1
335655,packet,1,0,0,1,53,8000
335670,event,0,1
339655,packet,1,0,0,1,53,8000
339670,event,0,1
347685,event,1,1
347700,action,1,1
355658,packet,1,0,0,1,56,8000
355673,event,0,0
355688,action,0,0
359670,packet,1,0,0,1,53,8000
359685,event,0,1
363670,packet,1,0,0,1,54,8000
363685,event,0,1
367676,packet,1,0,0,1,54,8000
367691,event,0,1
371681,packet,1,0,0,1,54,8000
371695,event,0,1
375682,packet,1,0,0,1,54,8000
375697,event,0,1
379688,packet,1,0,0,1,54,8000
379704,event,0,1
383691,packet,1,0,0,1,53,8000
383705,event,0,1
387692,packet,1,0,0,1,54,8000
387707,event,0,1
391690,packet,1,0,0,1,54,8000
391704,event,0,1
395703,packet,1,0,0,1,55,8000
395718,event,0,1
403731,event,1,1
403744,action,1,1
416072,packet,1,0,0,1,56,8000
416086,event,0,0
416101,action,0,0
420055,packet,1,0,0,1,57,8000
420070,event,0,1
424049,packet,1,0,0,1,57,8000
424063,event,0,1
428065,packet,1,0,0,1,57,8000
428084,event,0,1
432063,packet,1,0,0,1,57,8000
432078,event,0,1
436067,packet,1,0,0,1,58,8000
436081,event,0,1
440072,packet,1,0,0,1,56,8000
440087,event,0,1
444074,packet,1,0,0,1,56,8000
444089,event,0,1
448080,packet,1,0,0,1,56,8000
448094,event,0,1
452087,packet,1,0,0,1,56,8000
452102,event,0,1
456098,packet,1,0,0,1,56,8000
456114,event,0,1
464127,event,1,1
464141,action,1,1
472090,packet,1,0,0,1,55,8000
472106,event,0,0
472119,action,0,0
476112,packet,1,0,0,1,56,8000
476131,event,0,1
480103,packet,1,0,0,1,55,8000
480118,event,0,1
484179,packet,1,0,0,1,55,8000
484195,event,0,1
488160,packet,1,0,0,1,56,8000
488176,event,0,1
492136,packet,1,0,0,1,55,8000
492150,event,0,1
496178,packet,1,0,0,1,55,8000
496193,event,0,1
500189,packet,1,0,0,1,55,8000
500203,event,0,1
504175,packet,1,0,0,1,55,8000
504190,event,0,1
508189,packet,1,0,0,1,55,8000
508205,event,0,1
512378,packet,1,0,0,1,55,8000
512393,event,0,1
520394,event,1,1
520409,action,1,1
533353,packet,1,0,0,1,60,8000
533372,event,0,0
533387,action,0,0
537353,packet,1,0,0,1,59,8000
537368,event,0,1
541360,packet,1,0,0,1,59,8000
541375,event,0,1
545378,packet,1,0,0,1,59,8000
545393,event,0,1
549391,packet,1,0,0,1,59,8000
549406,event,0,1
553391,packet,1,0,0,1,58,8000
553406,event,0,1
557399,packet,1,0,0,1,58,8000
557414,event,0,1
561402,packet,1,0,0,1,58,8000
561418,event,0,1
565403,packet,1,0,0,1,58,8000
565419,event,0,1
569407,packet,1,0,0,1,58,8000
569434,event,0,1
573415,packet,1,0,0,1,57,8000
573434,event,0,1
581449,event,1,1
581464,action,1,1
