p:4000,20000,6000,600,8000,4000,2000,8000,70
15085,0,0
15185,0,0
15285,0,0
15385,0,0
15485,0,0
15585,0,0
15685,0,0
15785,0,0
15885,0,0
15985,0,0
16085,0,0
16185,0,0
16370,0,0
16470,0,1
16570,0,1
16670,0,1
16770,0,1
16870,0,1
16970,0,1
17070,0,1
17170,0,1
17270,0,1
17370,0,1
17470,0,1
17570,0,1
17670,0,1
17770,0,1
17870,0,1
17970,0,1
18070,0,1
18170,0,1
18270,0,1
18370,0,1
18471,0,1
18571,0,1
18671,0,1
18771,0,1
18871,0,1
18971,0,1
19069,0,1
19169,0,1
19269,0,1
19369,0,1
19469,0,1
19569,0,1
19669,0,1
19769,0,1
19869,0,1
19969,0,1
20069,0,1
20169,0,1
20269,0,1
20397,0,0
20497,0,0
20597,0,0
20697,0,0
20797,0,0
20897,0,0
21174,0,0
21274,0,1
21374,0,1
21474,0,1
21574,0,1
21674,0,1
21774,0,1
21874,0,1
21974,0,1
22074,0,1
22174,0,1
22274,0,1
22374,0,1
22474,0,1
22574,0,1
22674,0,1
22774,0,1
22874,0,1
22974,0,1
23072,0,1
23172,0,1
23272,0,1
23373,0,1
23473,0,1
23573,0,1
23673,0,1
23773,0,1
23873,0,1
23973,0,1
24073,0,1
24173,0,1
24273,0,1
24373,0,1
24473,0,1
24573,0,1
24673,0,1
24773,0,1
24873,0,1
24973,0,1
25073,0,1
25200,0,0
25300,0,0
25400,0,0
25500,0,0
25600,0,0
25700,0,0
25800,0,0
25900,0,0
26000,0,0
26100,0,0
26200,0,0
26300,0,0
26400,0,0
26500,0,0
26600,0,0
26701,0,0
26801,0,0
26901,0,0
27001,0,0
27099,0,0
27199,0,0
27299,0,0
27399,0,0
27499,0,0
27599,0,0
27699,0,0
27799,0,0
27899,0,0
27999,0,0
28099,0,0
28199,0,0
28299,0,0
28399,0,0
28499,0,0
28599,0,0
28699,0,0
28799,0,0
28899,0,0
28999,0,0
29099,0,0
29199,0,0
29299,0,0
29399,0,0
29499,0,0
29599,0,0
29699,0,0
29799,0,0
29899,0,0
29999,0,0
30099,0,0
30199,0,0
30299,0,0
30399,0,0
30499,0,0
30599,0,0
30699,0,0
30799,0,0
30899,0,0
30999,0,0
31096,0,0
31196,0,0
31296,0,0
31396,0,0
31496,0,0
31596,0,0
31696,0,0
31796,0,0
31896,0,0
31996,0,0
32096,0,0
32196,0,0
32296,0,0
32396,0,0
32496,0,0
32596,0,0
32696,0,0
32796,0,0
32896,0,0
32996,0,0
33096,0,0
33196,0,0
33296,0,0
33396,0,0
33496,0,0
33596,0,0
33696,0,0
33796,0,0
33896,0,0
33996,0,0
34096,0,0
34196,0,0
34296,0,0
34396,0,0
34496,0,0
34596,0,0
34696,0,0
34796,0,0
34896,0,0
34996,0,0
35093,0,0
35193,0,0
35293,0,0
35393,0,0
35493,0,0
35593,0,0
35693,0,0
35793,0,0
35893,0,0
35993,0,0
36093,0,0
36193,0,0
36293,0,0
36393,0,0
36493,0,0
36593,0,0
36693,0,0
36793,0,0
36893,0,0
36993,0,0
37093,0,0
37193,0,0
37293,0,0
37393,0,0
37493,0,0
37593,0,0
37693,0,0
37793,0,0
37893,0,0
37993,0,0
38093,0,0
38193,0,0
38293,0,0
38393,0,0
38493,0,0
38593,0,0
38693,0,0
38793,0,0
38893,0,0
38993,0,0
39091,0,0
39191,0,0
39291,0,0
39391,0,0
39491,0,0
39591,0,0
39691,0,0
39791,0,0
39891,0,0
39991,0,0
40091,0,0
40191,0,0
40291,0,0
40391,0,0
40491,0,0
40591,0,0
40691,0,0
40791,0,0
40891,0,0
40991,0,0
41091,0,0
41191,0,0
41291,0,0
41391,0,0
41491,0,0
41591,0,0
41691,0,0
41791,0,0
41891,0,0
41991,0,0
42091,0,0
42191,0,0
42291,0,0
42391,0,0
42491,0,0
42591,0,0
42691,0,0
42791,0,0
42891,0,0
42991,0,0
43090,0,0
43190,0,0
43290,0,0
43390,0,0
43490,0,0
43590,0,0
43690,0,0
43790,0,0
43890,0,0
43990,0,0
44090,0,0
44190,0,0
44290,0,0
44390,0,0
44490,0,0
44590,0,0
44690,0,0
44790,0,0
44890,0,0
44990,0,0
45090,0,0
45190,0,0
45290,0,0
45390,0,0
45490,0,0
45590,0,0
45690,0,0
45790,0,0
45890,0,0
45990,0,0
46090,0,0
46190,0,0
46290,0,0
46390,0,0
46490,0,0
46590,0,0
46690,0,0
46790,0,0
46890,0,0
46990,0,0
47087,0,0
47187,0,0
47287,0,0
47387,0,0
47487,0,0
47587,0,0
47687,0,0
47787,0,0
47887,0,0
47987,0,0
48087,0,0
48187,0,0
48287,0,0
48387,0,0
48487,0,0
48587,0,0
48687,0,0
48787,0,0
48887,0,0
48987,0,0
49087,0,0
49187,0,0
49287,0,0
49387,0,0
49487,0,0
49587,0,0
49687,0,0
49787,0,0
49887,0,0
49987,0,0
50087,0,0
50187,0,0
50287,0,0
50387,0,0
50487,0,0
50587,0,0
50687,0,0
50787,0,0
50887,0,0
50987,0,0
51084,0,0
51184,0,0
51284,0,0
51384,0,0
51484,0,0
51584,0,0
51684,0,0
51784,0,0
51884,0,0
51984,0,0
52084,0,0
52184,0,0
52284,0,0
52384,0,0
52484,0,0
52584,0,0
52684,0,0
52784,0,0
52884,0,0
52984,0,0
53084,0,0
53184,0,0
53284,0,0
53384,0,0
53484,0,0
53584,0,0
53684,0,0
53784,0,0
53884,0,0
53984,0,0
54084,0,0
54184,0,0
54284,0,0
54384,0,0
54484,0,0
54584,0,0
54684,0,0
54784,0,0
54884,0,0
54984,0,0
55084,0,0
55184,0,0
55284,0,0
55384,0,0
55484,0,0
55584,0,0
55684,0,0
55784,0,0
55884,0,0
55984,0,0
56084,0,0
56184,0,0
56284,0,0
56384,0,0
56484,0,0
56584,0,0
56684,0,0
56784,0,0
56884,0,0
56984,0,0
57084,0,0
57184,0,0
57284,0,0
57384,0,0
57484,0,0
57584,0,0
57684,0,0
57784,0,0
57884,0,0
57984,0,0
58084,0,0
58184,0,0
58284,0,0
58384,0,0
58484,0,0
58584,0,0
58684,0,0
58784,0,0
58884,0,0
58984,0,0
59084,0,0
59184,0,0
59284,0,0
59384,0,0
59484,0,0
59584,0,0
59684,0,0
59784,0,0
59884,0,0
59984,0,0
60084,0,0
60184,0,0
60284,0,0
60384,0,0
60484,0,0
60584,0,0
60684,0,0
60784,0,0
60884,0,0
60984,0,0
61084,0,0
61184,0,0
61284,0,0
61384,0,0
61484,0,0
61584,0,0
61684,0,0
61784,0,0
61884,0,0
61984,0,0
62084,0,0
62184,0,0
62284,0,0
62384,0,0
62484,0,0
62584,0,0
62684,0,0
62784,0,0
62884,0,0
62984,0,0
63084,0,0
63184,0,0
63284,0,0
63384,0,0
63484,0,0
63584,0,0
63684,0,0
63784,0,0
63884,0,0
63984,0,0
64084,0,0
64184,0,0
64284,0,0
64384,0,0
64484,0,0
64584,0,0
64684,0,0
64784,0,0
64884,0,0
64984,0,0
65084,0,0
65184,0,0
65284,0,0
65384,0,0
65484,0,0
65584,0,0
65684,0,0
65784,0,0
65884,0,0
65984,0,0
66084,0,0
66184,0,0
66284,0,0
66384,0,0
66484,0,0
66584,0,0
66684,0,0
66784,0,0
66884,0,0
66984,0,0
67084,0,0
67184,0,0
67284,0,0
67384,0,0
67484,0,0
67584,0,0
67684,0,0
67784,0,0
67884,0,0
67984,0,0
68084,0,0
68184,0,0
68284,0,0
68384,0,0
68484,0,0
68584,0,0
68684,0,0
68784,0,0
68884,0,0
68984,0,0
69084,0,0
69184,0,0
69284,0,0
69384,0,0
69484,0,0
69584,0,0
69684,0,0
69784,0,0
69884,0,0
69984,0,0
70084,0,0
70184,0,0
70284,0,0
70384,0,0
70484,0,0
70584,0,0
70684,0,0
70784,0,0
70884,0,0
70984,0,0
71084,0,0
71184,0,0
71284,0,0
71384,0,0
71484,0,0
71584,0,0
71684,0,0
71784,0,0
71884,0,0
71984,0,0
72084,0,0
72184,0,0
72284,0,0
72384,0,0
72484,0,0
72584,0,0
72684,0,0
72784,0,0
72884,0,0
72984,0,0
73084,0,0
73184,0,0
73284,0,0
73384,0,0
73484,0,0
73571,0,0
73671,0,0
73771,0,0
73871,0,0
74259,0,0
74359,0,1
74459,0,1
74559,0,1
74659,0,1
74759,0,1
74859,0,1
74959,0,1
75059,0,1
75159,0,1
75259,0,1
75359,0,1
75459,0,1
75559,0,1
75659,0,1
75759,0,1
75859,0,1
75959,0,1
76059,0,1
76159,0,1
76259,0,1
76359,0,1
76459,0,1
76559,0,1
76659,0,1
76759,0,1
76859,0,1
76959,0,1
77059,0,1
77159,0,1
77259,0,1
77359,0,1
77459,0,1
77557,0,1
77657,0,1
77757,0,1
77857,0,1
77957,0,1
78057,0,1
78157,0,1
78257,0,1
78357,0,0
78457,0,0
78958,0,0
79058,0,1
79158,0,1
79258,0,1
79358,0,1
79458,0,1
79558,0,1
79658,0,1
79758,0,1
79858,0,1
79958,0,1
80058,0,1
80158,0,1
80259,0,1
80359,0,1
80459,0,1
80559,0,1
80659,0,1
80759,0,1
80859,0,1
80959,0,1
81059,0,1
81159,0,1
81259,0,1
81359,0,1
81459,0,1
81559,0,1
81651,0,1
81751,0,1
81851,0,1
81951,0,1
82051,0,1
82151,0,1
82251,0,1
82351,0,1
82451,0,1
82551,0,1
82651,0,1
82751,0,1
82851,0,1
82978,0,0
83078,0,0
83178,0,0
83472,0,0
83572,0,1
83672,0,1
83772,0,1
83872,0,1
84020,0,1
84120,1,2
84220,1,2
84320,1,2
84420,1,2
84520,1,2
84620,1,2
84720,1,2
84820,1,2
84920,1,2
85020,1,2
85120,1,2
85220,1,2
85320,1,2
85420,1,2
85520,1,2
85624,1,2
85724,1,2
85824,1,2
85924,1,2
86024,1,2
86124,0,0
86224,0,0
86324,0,0
86424,0,0
86524,0,0
86624,0,0
86724,0,0
86825,0,0
86925,0,0
87025,0,0
87125,0,0
87225,0,0
87325,0,0
87425,0,0
87525,0,0
87625,0,0
87725,0,0
87825,0,0
87925,0,0
88025,0,0
88370,0,0
88470,0,1
88570,0,1
88670,0,1
88770,0,1
88870,0,1
88970,0,1
89070,0,1
89170,0,1
89270,0,1
89370,0,1
89471,0,1
89568,0,1
89668,0,1
89768,0,1
89868,0,1
89968,0,1
90068,0,1
90168,0,1
90268,0,1
90368,0,1
90468,0,1
90568,0,1
90668,0,1
90768,0,1
90868,0,1
90968,0,1
91068,0,1
91168,0,1
91268,0,1
91368,0,1
91468,0,1
91568,0,1
91668,0,1
91768,0,1
91868,0,1
91968,0,1
92068,0,1
92168,0,1
92268,0,1
92396,0,0
92497,0,0
92597,0,0
92697,0,0
92797,0,0
92897,0,0
92997,0,0
93660,0,0
93737,0,1
93837,0,1
93937,0,1
94037,0,1
94138,0,1
94238,0,1
94338,0,1
94438,0,1
94538,0,1
94638,0,1
94738,0,1
94838,0,1
94938,0,1
95038,0,1
95138,0,1
95238,0,1
95338,0,1
95438,0,1
95538,0,1
95638,0,1
95738,0,1
95838,0,1
95938,0,1
96038,0,1
96138,0,1
96238,0,1
96338,0,1
96438,0,1
96538,0,1
96638,0,1
96738,0,1
96838,0,1
96938,0,1
97039,0,1
97139,0,1
97239,0,1
97339,0,1
97439,0,1
97539,0,1
97682,0,0
97782,0,0
97882,0,0
97982,0,0
98082,0,0
98182,0,0
98282,0,0
98382,0,0
98482,0,0
98582,0,0
98682,0,0
98782,0,0
98882,0,0
98982,0,0
99082,0,0
99182,0,0
99282,0,0
99382,0,0
99482,0,0
99582,0,0
99682,0,0
99782,0,0
99882,0,0
99982,0,0
100082,0,0
100182,0,0
100282,0,0
100382,0,0
100482,0,0
100582,0,0
100683,0,0
100783,0,0
100883,0,0
100983,0,0
101083,0,0
101183,0,0
101644,0,0
101744,0,1
101843,0,1
101943,0,1
102043,0,1
102143,0,1
102243,0,1
102343,0,1
102443,0,1
102543,0,1
102643,0,1
102743,0,1
102843,0,1
102943,0,1
103043,0,1
103143,0,1
103243,0,1
103343,0,1
103443,0,1
103543,0,1
103643,0,1
103743,0,1
103843,0,1
103943,0,1
104043,0,1
104143,0,1
104243,0,1
104343,0,1
104443,0,1
104543,0,1
104643,0,1
104743,0,1
104843,0,1
104943,0,1
105043,0,1
105143,0,1
105243,0,1
105343,0,1
105443,0,1
105543,0,1
105643,0,1
105743,0,0
105841,0,0
106053,0,0
106153,0,1
106253,0,1
106353,0,1
106465,0,1
106565,1,2
106665,1,2
106765,1,2
106865,1,2
106965,1,2
107065,1,2
107165,1,2
107265,1,2
107365,1,2
107465,1,2
107565,1,2
107665,1,2
107765,1,2
107865,1,2
107965,1,2
108065,1,2
108165,1,2
108265,1,2
108365,1,2
108465,1,2
108565,0,0
108665,0,0
108765,0,0
108865,0,0
108965,0,0
109065,0,0
109165,0,0
109265,0,0
109365,0,0
109465,0,0
109565,0,0
109665,0,0
109765,0,0
109863,0,0
109963,0,0
110063,0,0
110163,0,0
110263,0,0
110363,0,0
110463,0,0
110953,0,0
111053,0,1
111153,0,1
111253,0,1
111353,0,1
111453,0,1
111553,0,1
111653,0,1
111753,0,1
111853,0,1
111953,0,1
112053,0,1
112153,0,1
112253,0,1
112353,0,1
112454,0,1
112554,0,1
112654,0,1
112754,0,1
112854,0,1
112954,0,1
113054,0,1
113154,0,1
113254,0,1
113354,0,1
113454,0,1
113554,0,1
113654,0,1
113754,0,1
113854,0,1
113954,0,1
114054,0,1
114154,0,1
114254,0,1
114354,0,1
114454,0,1
114554,0,1
114654,0,1
114754,0,1
114854,0,1
114982,0,0
115082,0,0
115182,0,0
115282,0,0
115382,0,0
115483,0,0
115583,0,0
115683,0,0
115783,0,0
115883,0,0
115983,0,0
116083,0,0
116183,0,0
116283,0,0
116383,0,0
116483,0,0
116583,0,0
116683,0,0
116783,0,0
116883,0,0
116983,0,0
117083,0,0
117183,0,0
117283,0,0
117383,0,0
117483,0,0
117583,0,0
117683,0,0
117783,0,0
117883,0,0
117983,0,0
118083,0,0
118183,0,0
118283,0,0
118383,0,0
118483,0,0
118583,0,0
118683,0,0
118783,0,0
118883,0,0
118983,0,0
119083,0,0
119183,0,0
119283,0,0
119383,0,0
119483,0,0
119583,0,0
119683,0,0
119783,0,0
119883,0,0
119983,0,0
120083,0,0
120183,0,0
120283,0,0
120383,0,0
120483,0,0
120583,0,0
120683,0,0
120783,0,0
120883,0,0
120983,0,0
121083,0,0
121183,0,0
121283,0,0
121383,0,0
121483,0,0
121583,0,0
121683,0,0
121783,0,0
121883,0,0
121983,0,0
122083,0,0
122183,0,0
122283,0,0
122383,0,0
122483,0,0
122583,0,0
122683,0,0
122783,0,0
122883,0,0
122983,0,0
123083,0,0
123183,0,0
123283,0,0
123383,0,0
123483,0,0
123583,0,0
123683,0,0
123783,0,0
123883,0,0
124002,0,0
124102,0,0
124202,0,0
124302,0,0
124402,0,0
124502,0,0
124602,0,0
124702,0,0
124802,0,0
124902,0,0
125002,0,0
125102,0,0
125202,0,0
125302,0,0
125402,0,0
125502,0,0
125602,0,0
125702,0,0
125802,0,0
125902,0,0
125992,0,0
126092,0,0
126192,0,0
126292,0,0
126392,0,0
126492,0,0
126592,0,0
126692,0,0
126792,0,0
126892,0,0
126993,0,0
127093,0,0
127193,0,0
127293,0,0
127393,0,0
127493,0,0
127593,0,0
127693,0,0
127793,0,0
127893,0,0
127993,0,0
128093,0,0
128193,0,0
128293,0,0
128393,0,0
128493,0,0
128593,0,0
128693,0,0
128793,0,0
128893,0,0
128993,0,0
129093,0,0
129193,0,0
129293,0,0
129393,0,0
129493,0,0
129593,0,0
129693,0,0
129793,0,0
129893,0,0
129990,0,0
130090,0,0
130190,0,0
130290,0,0
130390,0,0
130490,0,0
130590,0,0
130690,0,0
130790,0,0
130890,0,0
130990,0,0
131090,0,0
131190,0,0
131290,0,0
131390,0,0
131490,0,0
131590,0,0
131690,0,0
131790,0,0
131890,0,0
131990,0,0
132090,0,0
132190,0,0
132290,0,0
132390,0,0
132490,0,0
132590,0,0
132690,0,0
132790,0,0
132890,0,0
132990,0,0
133090,0,0
133190,0,0
133290,0,0
133390,0,0
133490,0,0
133590,0,0
133690,0,0
133790,0,0
133890,0,0
133987,0,0
134087,0,0
134187,0,0
134287,0,0
134387,0,0
134487,0,0
134587,0,0
134687,0,0
134787,0,0
134887,0,0
134987,0,0
135087,0,0
135187,0,0
135287,0,0
135387,0,0
135487,0,0
135587,0,0
135687,0,0
135787,0,0
135887,0,0
135987,0,0
136087,0,0
136187,0,0
136287,0,0
136387,0,0
136487,0,0
136587,0,0
136687,0,0
136787,0,0
136887,0,0
136987,0,0
137087,0,0
137187,0,0
137287,0,0
137387,0,0
137487,0,0
137587,0,0
137687,0,0
137787,0,0
137887,0,0
137987,0,0
138087,0,0
138187,0,0
138287,0,0
138387,0,0
138487,0,0
138587,0,0
138687,0,0
138787,0,0
138887,0,0
138987,0,0
139087,0,0
139187,0,0
139287,0,0
139387,0,0
139499,0,0
139599,0,0
139699,0,0
139799,0,0
139899,0,0
139999,0,0
140099,0,0
140199,0,0
140299,0,0
140399,0,0
140499,0,0
140599,0,0
140699,0,0
140799,0,0
140899,0,0
140999,0,0
141099,0,0
141199,0,0
141299,0,0
141399,0,0
141499,0,0
141599,0,0
141699,0,0
141799,0,0
141899,0,0
141997,0,0
142097,0,0
142197,0,0
142297,0,0
142397,0,0
142497,0,0
142597,0,0
142697,0,0
142797,0,0
142897,0,0
142997,0,0
143097,0,0
143197,0,0
143297,0,0
143397,0,0
143497,0,0
143597,0,0
143697,0,0
143797,0,0
143897,0,0
143997,0,0
144097,0,0
144197,0,0
144297,0,0
144397,0,0
144497,0,0
144597,0,0
144697,0,0
144797,0,0
144897,0,0
144997,0,0
145097,0,0
145197,0,0
145297,0,0
145397,0,0
145497,0,0
145597,0,0
145697,0,0
145797,0,0
145897,0,0
145993,0,0
146093,0,0
146193,0,0
146293,0,0
146393,0,0
146493,0,0
146593,0,0
146693,0,0
146793,0,0
146893,0,0
146993,0,0
147093,0,0
147193,0,0
147293,0,0
147393,0,0
147493,0,0
147593,0,0
147693,0,0
147793,0,0
147893,0,0
147993,0,0
148093,0,0
148193,0,0
148293,0,0
148393,0,0
148493,0,0
148593,0,0
148693,0,0
148793,0,0
148893,0,0
148993,0,0
149093,0,0
149193,0,0
149293,0,0
149393,0,0
149493,0,0
149593,0,0
149693,0,0
149793,0,0
149893,0,0
149991,0,0
150091,0,0
150191,0,0
150291,0,0
150391,0,0
150491,0,0
150591,0,0
150691,0,0
150791,0,0
150891,0,0
150991,0,0
151091,0,0
151191,0,0
151291,0,0
151391,0,0
151491,0,0
151591,0,0
151691,0,0
151791,0,0
151891,0,0
151991,0,0
152091,0,0
152191,0,0
152291,0,0
152391,0,0
152491,0,0
152591,0,0
152691,0,0
152791,0,0
152891,0,0
152991,0,0
153091,0,0
153191,0,0
153291,0,0
153391,0,0
153491,0,0
153591,0,0
153691,0,0
153791,0,0
153891,0,0
153989,0,0
154089,0,0
154189,0,0
154289,0,0
154389,0,0
154489,0,0
154589,0,0
154689,0,0
154789,0,0
154889,0,0
154989,0,0
155089,0,0
155189,0,0
155289,0,0
155389,0,0
155489,0,0
155589,0,0
155689,0,0
155789,0,0
155889,0,0
155989,0,0
156089,0,0
156189,0,0
156289,0,0
156389,0,0
156489,0,0
156589,0,0
156689,0,0
156789,0,0
156889,0,0
156989,0,0
157089,0,0
157189,0,0
157289,0,0
157389,0,0
157489,0,0
157589,0,0
157689,0,0
157789,0,0
157889,0,0
157986,0,0
158086,0,0
158186,0,0
158286,0,0
158386,0,0
158486,0,0
158586,0,0
158686,0,0
158786,0,0
158886,0,0
158986,0,0
159086,0,0
159186,0,0
159286,0,0
159386,0,0
159486,0,0
159586,0,0
159686,0,0
159786,0,0
159886,0,0
159986,0,0
160086,0,0
160186,0,0
160286,0,0
160386,0,0
160486,0,0
160586,0,0
160686,0,0
160786,0,0
160886,0,0
160986,0,0
161086,0,0
161186,0,0
161286,0,0
161386,0,0
161486,0,0
161586,0,0
161686,0,0
161786,0,0
161886,0,0
161984,0,0
162084,0,0
162184,0,0
162284,0,0
162384,0,0
162484,0,0
162584,0,0
162684,0,0
162784,0,0
162884,0,0
162984,0,0
163084,0,0
163184,0,0
163284,0,0
163384,0,0
163484,0,0
163584,0,0
163684,0,0
163784,0,0
163884,0,0
163984,0,0
164084,0,0
164184,0,0
164284,0,0
164384,0,0
164484,0,0
164584,0,0
164684,0,0
164784,0,0
164884,0,0
164984,0,0
165084,0,0
165184,0,0
165284,0,0
165384,0,0
165484,0,0
165584,0,0
165684,0,0
165784,0,0
165884,0,0
165980,0,0
166080,0,0
166180,0,0
166280,0,0
166380,0,0
166480,0,0
166580,0,0
166680,0,0
166780,0,0
166880,0,0
166980,0,0
167080,0,0
167180,0,0
167280,0,0
167380,0,0
167480,0,0
167580,0,0
167680,0,0
167780,0,0
167880,0,0
167980,0,0
168080,0,0
168180,0,0
168280,0,0
168380,0,0
168480,0,0
168580,0,0
168680,0,0
168780,0,0
168880,0,0
168980,0,0
169080,0,0
169180,0,0
169280,0,0
169380,0,0
169480,0,0
169580,0,0
169680,0,0
169780,0,0
169880,0,0
169980,0,0
170080,0,0
170180,0,0
170280,0,0
170380,0,0
170480,0,0
170580,0,0
170680,0,0
170780,0,0
170880,0,0
170980,0,0
171080,0,0
171180,0,0
171280,0,0
171380,0,0
171480,0,0
171580,0,0
171680,0,0
171780,0,0
171880,0,0
171980,0,0
172080,0,0
172180,0,0
172280,0,0
172380,0,0
172480,0,0
172580,0,0
172680,0,0
172780,0,0
172880,0,0
172980,0,0
173080,0,0
173180,0,0
173280,0,0
173380,0,0
173480,0,0
173580,0,0
173680,0,0
173780,0,0
173880,0,0
173980,0,0
174080,0,0
174180,0,0
174280,0,0
174380,0,0
174480,0,0
174580,0,0
174680,0,0
174780,0,0
174880,0,0
174980,0,0
175080,0,0
175180,0,0
175280,0,0
175380,0,0
175480,0,0
175580,0,0
175680,0,0
175780,0,0
175880,0,0
175980,0,0
176080,0,0
176180,0,0
176280,0,0
176380,0,0
176480,0,0
176580,0,0
176680,0,0
176780,0,0
176880,0,0
176980,0,0
177080,0,0
177180,0,0
177280,0,0
177380,0,0
177480,0,0
177580,0,0
177680,0,0
177780,0,0
177880,0,0
177980,0,0
178080,0,0
178180,0,0
178280,0,0
178380,0,0
178480,0,0
178580,0,0
178680,0,0
178780,0,0
178880,0,0
178980,0,0
179080,0,0
179180,0,0
179280,0,0
179380,0,0
179480,0,0
179580,0,0
179680,0,0
179780,0,0
179880,0,0
179980,0,0
180080,0,0
180180,0,0
180280,0,0
180380,0,0
180480,0,0
180580,0,0
180680,0,0
180780,0,0
180880,0,0
180980,0,0
181080,0,0
181180,0,0
181280,0,0
181380,0,0
181480,0,0
181580,0,0
181680,0,0
181780,0,0
181880,0,0
181980,0,0
182080,0,0
182180,0,0
182280,0,0
182380,0,0
182480,0,0
182580,0,0
182680,0,0
182780,0,0
182880,0,0
182980,0,0
183080,0,0
183180,0,0
183280,0,0
183380,0,0
183480,0,0
183580,0,0
183680,0,0
183780,0,0
183880,0,0
183980,0,0
184080,0,0
184180,0,0
184280,0,0
184380,0,0
184480,0,0
184580,0,0
184680,0,0
184780,0,0
184880,0,0
184980,0,0
185080,0,0
185180,0,0
185280,0,0
185380,0,0
185480,0,0
185580,0,0
185680,0,0
185780,0,0
185880,0,0
185980,0,0
186080,0,0
186180,0,0
186270,0,0
186370,0,0
186677,0,0
186777,0,1
186877,0,1
186977,0,1
187077,0,1
187177,0,1
187277,0,1
187377,0,1
187477,0,1
187577,0,1
187677,0,1
187777,0,1
187877,0,1
187977,0,1
188077,0,1
188177,0,1
188277,0,1
188377,0,1
188477,0,1
188577,0,1
188677,0,1
188777,0,1
188877,0,1
188977,0,1
189077,0,1
189177,0,1
189277,0,1
189377,0,1
189477,0,1
189577,0,1
189678,0,1
189778,0,1
189878,0,1
189978,0,1
190078,0,1
190178,0,1
190275,0,1
190375,0,1
190475,0,1
190575,0,1
190703,0,0
190803,0,0
190903,0,0
191003,0,0
191103,0,0
191203,0,0
191303,0,0
191403,0,0
191503,0,0
191603,0,0
191703,0,0
191803,0,0
191903,0,0
192003,0,0
192103,0,0
192203,0,0
192303,0,0
192403,0,0
192503,0,0
192603,0,0
192703,0,0
192803,0,0
192903,0,0
193003,0,0
193103,0,0
193203,0,0
193303,0,0
193403,0,0
193503,0,0
193603,0,0
193703,0,0
193803,0,0
193903,0,0
194003,0,0
194103,0,0
194203,0,0
194301,0,0
194401,0,0
194501,0,0
194601,0,0
194701,0,0
194801,0,0
194901,0,0
195001,0,0
195101,0,0
195201,0,0
195301,0,0
195401,0,0
195501,0,0
195601,0,0
195701,0,0
195801,0,0
195901,0,0
196001,0,0
196101,0,0
196201,0,0
196301,0,0
196401,0,0
196501,0,0
196601,0,0
196701,0,0
196801,0,0
196901,0,0
197001,0,0
197101,0,0
197201,0,0
197301,0,0
197401,0,0
197501,0,0
197601,0,0
197701,0,0
197801,0,0
197901,0,0
198001,0,0
198101,0,0
198201,0,0
198298,0,0
198398,0,0
198498,0,0
198598,0,0
198698,0,0
198798,0,0
198898,0,0
198998,0,0
199098,0,0
199198,0,0
199298,0,0
199398,0,0
199498,0,0
199598,0,0
199698,0,0
199798,0,0
199898,0,0
199998,0,0
200098,0,0
200198,0,0
200298,0,0
200398,0,0
200498,0,0
200598,0,0
200698,0,0
200798,0,0
200898,0,0
200998,0,0
201098,0,0
201198,0,0
201298,0,0
201398,0,0
201498,0,0
201598,0,0
201698,0,0
201798,0,0
201898,0,0
201998,0,0
202098,0,0
202198,0,0
202297,0,0
202397,0,0
202497,0,0
202597,0,0
202697,0,0
202797,0,0
202897,0,0
202997,0,0
203097,0,0
203197,0,0
203297,0,0
203397,0,0
203497,0,0
203597,0,0
203697,0,0
203797,0,0
203897,0,0
203997,0,0
204097,0,0
204197,0,0
204297,0,0
204397,0,0
204497,0,0
204597,0,0
204697,0,0
204797,0,0
204897,0,0
204997,0,0
205097,0,0
205197,0,0
205297,0,0
205397,0,0
205497,0,0
205597,0,0
205697,0,0
205797,0,0
205897,0,0
205997,0,0
206097,0,0
206197,0,0
206295,0,0
206395,0,0
206495,0,0
206595,0,0
206695,0,0
206795,0,0
206895,0,0
206995,0,0
207095,0,0
207195,0,0
207295,0,0
207395,0,0
207495,0,0
207595,0,0
207695,0,0
207795,0,0
207895,0,0
207995,0,0
208095,0,0
208195,0,0
208295,0,0
208395,0,0
208495,0,0
208595,0,0
208695,0,0
208795,0,0
208895,0,0
208995,0,0
209095,0,0
209195,0,0
209295,0,0
209395,0,0
209495,0,0
209595,0,0
209695,0,0
209795,0,0
209895,0,0
209995,0,0
210095,0,0
210195,0,0
210291,0,0
210391,0,0
210491,0,0
210591,0,0
210691,0,0
210791,0,0
210891,0,0
210991,0,0
211091,0,0
211191,0,0
211291,0,0
211391,0,0
211491,0,0
211591,0,0
211691,0,0
211791,0,0
211891,0,0
211991,0,0
212091,0,0
212191,0,0
212291,0,0
212391,0,0
212491,0,0
212591,0,0
212691,0,0
212791,0,0
212891,0,0
212991,0,0
213091,0,0
213191,0,0
213291,0,0
213391,0,0
213491,0,0
213591,0,0
213691,0,0
213791,0,0
213891,0,0
213991,0,0
214091,0,0
214191,0,0
214289,0,0
214389,0,0
214489,0,0
214589,0,0
214689,0,0
214789,0,0
214889,0,0
214989,0,0
215089,0,0
215189,0,0
215289,0,0
215389,0,0
215489,0,0
215589,0,0
215689,0,0
215789,0,0
215889,0,0
215989,0,0
216089,0,0
216189,0,0
216289,0,0
216389,0,0
216489,0,0
216589,0,0
216689,0,0
216789,0,0
216889,0,0
216989,0,0
217089,0,0
217189,0,0
217289,0,0
217389,0,0
217489,0,0
217589,0,0
217689,0,0
217789,0,0
217889,0,0
217989,0,0
218089,0,0
218189,0,0
218286,0,0
218386,0,0
218486,0,0
218586,0,0
218686,0,0
218786,0,0
218886,0,0
218986,0,0
219086,0,0
219186,0,0
219286,0,0
219386,0,0
219486,0,0
219586,0,0
219686,0,0
219786,0,0
219886,0,0
219986,0,0
220086,0,0
220186,0,0
220286,0,0
220386,0,0
220486,0,0
220586,0,0
220686,0,0
220786,0,0
220886,0,0
220986,0,0
221086,0,0
221186,0,0
221286,0,0
221386,0,0
221486,0,0
221586,0,0
221686,0,0
221786,0,0
221886,0,0
221986,0,0
222086,0,0
222186,0,0
222284,0,0
222384,0,0
222484,0,0
222584,0,0
222684,0,0
222784,0,0
222884,0,0
222984,0,0
223084,0,0
223184,0,0
223284,0,0
223384,0,0
223484,0,0
223584,0,0
223684,0,0
223784,0,0
223884,0,0
223984,0,0
224084,0,0
224184,0,0
224284,0,0
224384,0,0
224484,0,0
224584,0,0
224684,0,0
224784,0,0
224884,0,0
224984,0,0
225084,0,0
225184,0,0
225284,0,0
225384,0,0
225484,0,0
225584,0,0
225684,0,0
225784,0,0
225884,0,0
225984,0,0
226084,0,0
226184,0,0
226284,0,0
226384,0,0
226484,0,0
226584,0,0
226684,0,0
226784,0,0
226884,0,0
226984,0,0
227084,0,0
227184,0,0
227284,0,0
227384,0,0
227484,0,0
227584,0,0
227684,0,0
227784,0,0
227884,0,0
227984,0,0
228084,0,0
228184,0,0
228284,0,0
228384,0,0
228484,0,0
228584,0,0
228684,0,0
228784,0,0
228884,0,0
228984,0,0
229084,0,0
229184,0,0
229284,0,0
229384,0,0
229484,0,0
229584,0,0
229684,0,0
229784,0,0
229884,0,0
229984,0,0
230084,0,0
230184,0,0
230284,0,0
230384,0,0
230484,0,0
230584,0,0
230684,0,0
230784,0,0
230884,0,0
230984,0,0
231084,0,0
231184,0,0
231284,0,0
231384,0,0
231484,0,0
231584,0,0
231684,0,0
231784,0,0
231884,0,0
231984,0,0
232084,0,0
232184,0,0
232284,0,0
232384,0,0
232484,0,0
232584,0,0
232684,0,0
232784,0,0
232884,0,0
232984,0,0
233084,0,0
233184,0,0
233284,0,0
233384,0,0
233484,0,0
233584,0,0
233684,0,0
233784,0,0
233884,0,0
233984,0,0
234084,0,0
234184,0,0
234284,0,0
234384,0,0
234484,0,0
234584,0,0
234684,0,0
234784,0,0
234884,0,0
234984,0,0
235084,0,0
235184,0,0
235284,0,0
235384,0,0
235484,0,0
235584,0,0
235684,0,0
235784,0,0
235884,0,0
235984,0,0
236084,0,0
236184,0,0
236284,0,0
236384,0,0
236484,0,0
236584,0,0
236684,0,0
236784,0,0
236884,0,0
236984,0,0
237084,0,0
237184,0,0
237284,0,0
237384,0,0
237484,0,0
237584,0,0
237684,0,0
237784,0,0
237884,0,0
237984,0,0
238084,0,0
238184,0,0
238284,0,0
238384,0,0
238484,0,0
238584,0,0
238684,0,0
238784,0,0
238884,0,0
238984,0,0
239084,0,0
239184,0,0
239284,0,0
239384,0,0
239484,0,0
239584,0,0
239684,0,0
239784,0,0
239884,0,0
239984,0,0
240084,0,0
240184,0,0
240284,0,0
240384,0,0
240484,0,0
240584,0,0
240684,0,0
240784,0,0
240884,0,0
240984,0,0
241084,0,0
241184,0,0
241284,0,0
241384,0,0
241484,0,0
241584,0,0
241684,0,0
241784,0,0
241884,0,0
241984,0,0
242084,0,0
242184,0,0
242284,0,0
242384,0,0
242484,0,0
242584,0,0
242673,0,0
242773,0,0
242873,0,0
242973,0,0
243291,0,0
243391,0,1
243491,0,1
243591,0,1
243691,0,1
243791,0,1
243891,0,1
243991,0,1
244091,0,1
244191,0,1
244291,0,1
244391,0,1
244491,0,1
244591,0,1
244691,0,1
244791,0,1
244891,0,1
244991,0,1
245091,0,1
245191,0,1
245291,0,1
245391,0,1
245491,0,1
245591,0,1
245691,0,1
245791,0,1
245891,0,1
245991,0,1
246091,0,1
246191,0,1
246291,0,1
246392,0,1
246492,0,1
246592,0,1
246689,0,1
246789,0,1
246889,0,1
246989,0,1
247089,0,1
247189,0,1
247316,0,0
247416,0,0
247516,0,0
247616,0,0
247716,0,0
247816,0,0
247916,0,0
248016,0,0
248116,0,0
248216,0,0
248316,0,0
248416,0,0
248516,0,0
248616,0,0
248716,0,0
248816,0,0
248916,0,0
249016,0,0
249116,0,0
249216,0,0
249316,0,0
249416,0,0
249516,0,0
249616,0,0
249717,0,0
249817,0,0
249917,0,0
250017,0,0
250117,0,0
250217,0,0
250317,0,0
250417,0,0
250517,0,0
250617,0,0
250714,0,0
250814,0,0
250914,0,0
251014,0,0
251114,0,0
251214,0,0
251314,0,0
251414,0,0
251514,0,0
251614,0,0
251714,0,0
251814,0,0
251914,0,0
252014,0,0
252114,0,0
252214,0,0
252314,0,0
252414,0,0
252514,0,0
252615,0,0
252715,0,0
252815,0,0
252915,0,0
253015,0,0
253115,0,0
253215,0,0
253315,0,0
253415,0,0
253515,0,0
253615,0,0
253715,0,0
253815,0,0
253915,0,0
254015,0,0
254115,0,0
254215,0,0
254315,0,0
254415,0,0
254515,0,0
254615,0,0
254714,0,0
254814,0,0
254914,0,0
255014,0,0
255114,0,0
255214,0,0
255314,0,0
255414,0,0
255514,0,0
255614,0,0
255714,0,0
255814,0,0
255914,0,0
256014,0,0
256114,0,0
256214,0,0
256314,0,0
256414,0,0
256514,0,0
256614,0,0
256714,0,0
256814,0,0
256914,0,0
257014,0,0
257114,0,0
257214,0,0
257314,0,0
257414,0,0
257514,0,0
257614,0,0
257714,0,0
257814,0,0
257914,0,0
258014,0,0
258114,0,0
258214,0,0
258314,0,0
258414,0,0
258514,0,0
258614,0,0
258712,0,0
258812,0,0
258912,0,0
259012,0,0
259112,0,0
259212,0,0
259312,0,0
259412,0,0
259512,0,0
259612,0,0
259712,0,0
259812,0,0
259912,0,0
260012,0,0
260112,0,0
260212,0,0
260312,0,0
260412,0,0
260512,0,0
260612,0,0
260712,0,0
260812,0,0
260912,0,0
261012,0,0
261112,0,0
261212,0,0
261312,0,0
261412,0,0
261512,0,0
261612,0,0
261712,0,0
261812,0,0
261912,0,0
262012,0,0
262112,0,0
262212,0,0
262312,0,0
262412,0,0
262512,0,0
262612,0,0
262709,0,0
262809,0,0
262909,0,0
263009,0,0
263109,0,0
263209,0,0
263309,0,0
263409,0,0
263509,0,0
263609,0,0
263709,0,0
263809,0,0
263909,0,0
264009,0,0
264109,0,0
264209,0,0
264309,0,0
264409,0,0
264509,0,0
264609,0,0
264709,0,0
264809,0,0
264909,0,0
265009,0,0
265109,0,0
265209,0,0
265309,0,0
265409,0,0
265509,0,0
265609,0,0
265709,0,0
265809,0,0
265909,0,0
266009,0,0
266109,0,0
266209,0,0
266309,0,0
266409,0,0
266509,0,0
266609,0,0
266704,0,0
266804,0,0
266904,0,0
267004,0,0
267104,0,0
267204,0,0
267304,0,0
267404,0,0
267504,0,0
267604,0,0
267704,0,0
267804,0,0
267904,0,0
268004,0,0
268104,0,0
268204,0,0
268304,0,0
268404,0,0
268504,0,0
268604,0,0
268704,0,0
268804,0,0
268904,0,0
269004,0,0
269104,0,0
269204,0,0
269304,0,0
269404,0,0
269504,0,0
269604,0,0
269704,0,0
269804,0,0
269904,0,0
270004,0,0
270104,0,0
270204,0,0
270304,0,0
270404,0,0
270504,0,0
270604,0,0
270704,0,0
270804,0,0
270904,0,0
271004,0,0
271104,0,0
271204,0,0
271304,0,0
271404,0,0
271504,0,0
271604,0,0
271704,0,0
271804,0,0
271904,0,0
272004,0,0
272104,0,0
272204,0,0
272304,0,0
272404,0,0
272504,0,0
272604,0,0
272704,0,0
272804,0,0
272904,0,0
273004,0,0
273104,0,0
273204,0,0
273304,0,0
273404,0,0
273504,0,0
273604,0,0
273704,0,0
273804,0,0
273904,0,0
274004,0,0
274104,0,0
274204,0,0
274304,0,0
274404,0,0
274504,0,0
274604,0,0
274703,0,0
274803,0,0
274903,0,0
275003,0,0
275103,0,0
275203,0,0
275303,0,0
275403,0,0
275503,0,0
275603,0,0
275703,0,0
275803,0,0
275903,0,0
276003,0,0
276103,0,0
276203,0,0
276303,0,0
276403,0,0
276503,0,0
276603,0,0
276703,0,0
276803,0,0
276903,0,0
277003,0,0
277103,0,0
277203,0,0
277303,0,0
277403,0,0
277503,0,0
277603,0,0
277703,0,0
277803,0,0
277903,0,0
278003,0,0
278103,0,0
278203,0,0
278303,0,0
278403,0,0
278503,0,0
278603,0,0
278700,0,0
278800,0,0
278900,0,0
279000,0,0
279100,0,0
279200,0,0
279300,0,0
279400,0,0
279500,0,0
279600,0,0
279700,0,0
279800,0,0
279900,0,0
280000,0,0
280100,0,0
280200,0,0
280300,0,0
280400,0,0
280500,0,0
280600,0,0
280700,0,0
280800,0,0
280900,0,0
281000,0,0
281100,0,0
281200,0,0
281300,0,0
281400,0,0
281500,0,0
281600,0,0
281700,0,0
281800,0,0
281900,0,0
282000,0,0
282100,0,0
282200,0,0
282300,0,0
282400,0,0
282500,0,0
282600,0,0
282700,0,0
282800,0,0
282900,0,0
283000,0,0
283100,0,0
283200,0,0
283300,0,0
283400,0,0
283500,0,0
283600,0,0
283700,0,0
283800,0,0
283900,0,0
284000,0,0
284100,0,0
284200,0,0
284300,0,0
284400,0,0
284500,0,0
284600,0,0
284700,0,0
284800,0,0
284900,0,0
285000,0,0
285100,0,0
285200,0,0
285300,0,0
285400,0,0
285500,0,0
285600,0,0
285700,0,0
285800,0,0
285900,0,0
286000,0,0
286100,0,0
286200,0,0
286300,0,0
286400,0,0
286500,0,0
286600,0,0
286700,0,0
286800,0,0
286900,0,0
287000,0,0
287100,0,0
287200,0,0
287300,0,0
287400,0,0
287500,0,0
287600,0,0
287700,0,0
287800,0,0
287900,0,0
288000,0,0
288100,0,0
288200,0,0
288300,0,0
288400,0,0
288500,0,0
288600,0,0
288700,0,0
288800,0,0
288900,0,0
289000,0,0
289100,0,0
289200,0,0
289300,0,0
289400,0,0
289500,0,0
289600,0,0
289700,0,0
289800,0,0
289900,0,0
290000,0,0
290100,0,0
290200,0,0
290300,0,0
290400,0,0
290500,0,0
290600,0,0
290700,0,0
290800,0,0
290900,0,0
291000,0,0
291100,0,0
291200,0,0
291300,0,0
291400,0,0
291500,0,0
291600,0,0
291700,0,0
291800,0,0
291900,0,0
292000,0,0
292100,0,0
292200,0,0
292300,0,0
292400,0,0
292500,0,0
292600,0,0
292700,0,0
292800,0,0
292900,0,0
293000,0,0
293100,0,0
293200,0,0
293300,0,0
293400,0,0
293500,0,0
293600,0,0
293700,0,0
293800,0,0
293900,0,0
294000,0,0
294100,0,0
294200,0,0
294300,0,0
294400,0,0
294500,0,0
294600,0,0
294700,0,0
294800,0,0
294900,0,0
295000,0,0
295100,0,0
295200,0,0
295300,0,0
295400,0,0
295500,0,0
295600,0,0
295700,0,0
295800,0,0
295900,0,0
296000,0,0
296100,0,0
296200,0,0
296300,0,0
296400,0,0
296500,0,0
296600,0,0
296700,0,0
296800,0,0
296900,0,0
297000,0,0
297100,0,0
297200,0,0
297300,0,0
297400,0,0
297500,0,0
297600,0,0
297700,0,0
297800,0,0
297900,0,0
298000,0,0
298100,0,0
298200,0,0
298300,0,0
298400,0,0
298500,0,0
298600,0,0
298700,0,0
298800,0,0
298900,0,0
299000,0,0
299100,0,0
299200,0,0
299300,0,0
299388,0,0
299488,0,0
299588,0,0
299841,0,0
299941,0,1
300041,0,1
300141,0,1
300241,1,2
300341,1,2
300441,1,2
300541,1,2
300641,1,2
300741,1,2
300841,1,2
300941,1,2
301041,1,2
301141,1,2
301241,1,2
301341,1,2
301442,1,2
301542,1,2
301642,1,2
301742,1,2
301842,1,2
301942,1,2
302042,1,2
302142,1,2
302264,0,0
302364,0,0
302464,0,0
302564,0,0
302664,0,0
302764,0,0
302864,0,0
302964,0,0
303064,0,0
303164,0,0
303264,0,0
303364,0,0
303455,0,0
303555,0,0
303655,0,0
303755,0,0
303855,0,0
303955,0,0
304055,0,0
304155,0,0
304255,0,0
304800,0,0
304900,0,1
305000,0,1
305100,0,1
305200,0,1
305300,0,1
305401,0,1
305501,0,1
305601,0,1
305701,0,1
305801,0,1
305916,0,1
306016,0,1
306116,0,1
306216,0,1
306316,0,1
306416,0,1
306516,0,1
306616,0,1
306716,0,1
306816,0,1
306916,0,1
307016,0,1
307116,0,1
307216,0,1
307316,0,1
307419,0,1
307519,0,1
307619,0,1
307719,0,1
307819,0,1
307919,0,1
308019,0,1
308119,0,1
308220,0,1
308320,0,1
308420,0,1
308520,0,1
308620,0,1
308720,0,1
308832,0,0
309065,0,0
309165,0,1
309265,0,1
309365,0,1
309465,0,1
309565,0,1
309665,0,1
309765,0,1
309865,0,1
309965,0,1
310065,0,1
310165,0,1
310265,0,1
310365,0,1
310465,0,1
310566,0,1
310666,0,1
310766,0,1
310866,0,1
310966,0,1
311066,0,1
311166,0,1
311266,0,1
311366,0,1
311454,0,1
311554,0,1
311654,0,1
311754,0,1
311854,0,1
311954,0,1
312054,0,1
312154,0,1
312254,0,1
312354,0,1
312454,0,1
312554,0,1
312654,0,1
312754,0,1
312854,0,1
312954,0,1
313093,0,0
313193,0,0
313293,0,0
313393,0,0
313493,0,0
313593,0,0
313693,0,0
313793,0,0
313936,0,0
314036,0,1
314136,0,1
314236,0,1
314336,0,1
314437,0,1
314537,0,1
314637,0,1
314737,0,1
314837,0,1
314937,0,1
315037,0,1
315137,0,1
315237,0,1
315337,0,1
315446,0,1
315546,0,1
315646,0,1
315746,0,1
315846,0,1
315946,0,1
316046,0,1
316146,0,1
316246,0,1
316346,0,1
316446,0,1
316546,0,1
316646,0,1
316746,0,1
316846,0,1
316946,0,1
317046,0,1
317146,0,1
317246,0,1
317347,0,1
317447,0,1
317547,0,1
317647,0,1
317747,0,1
317847,0,1
317990,0,0
318090,0,0
318190,0,0
318290,0,0
318390,0,0
318490,0,0
318590,0,0
318690,0,0
318790,0,0
318890,0,0
318990,0,0
319090,0,0
319190,0,0
319290,0,0
319386,0,0
319486,0,0
319586,0,0
319686,0,0
319786,0,0
319886,0,0
319986,0,0
320086,0,0
320186,0,0
320287,0,0
320387,0,0
320487,0,0
320587,0,0
320687,0,0
320787,0,0
320887,0,0
320987,0,0
321087,0,0
321187,0,0
321287,0,0
321387,0,0
321487,0,0
321587,0,0
321687,0,0
321787,0,0
321887,0,0
321987,0,0
322087,0,0
322187,0,0
322287,0,0
322387,0,0
322487,0,0
322587,0,0
322687,0,0
322787,0,0
322887,0,0
322987,0,0
323087,0,0
323187,0,0
323287,0,0
323387,0,0
323485,0,0
323585,0,0
323685,0,0
323785,0,0
323885,0,0
323985,0,0
324085,0,0
324185,0,0
324285,0,0
324385,0,0
324485,0,0
324585,0,0
324685,0,0
324785,0,0
324885,0,0
324985,0,0
325085,0,0
325185,0,0
325285,0,0
325385,0,0
325485,0,0
325585,0,0
325685,0,0
325785,0,0
325885,0,0
325985,0,0
326085,0,0
326185,0,0
326285,0,0
326385,0,0
326485,0,0
326585,0,0
326685,0,0
326785,0,0
326885,0,0
326985,0,0
327085,0,0
327185,0,0
327285,0,0
327385,0,0
327484,0,0
327584,0,0
327684,0,0
327784,0,0
327884,0,0
327984,0,0
328084,0,0
328184,0,0
328284,0,0
328384,0,0
328484,0,0
328584,0,0
328684,0,0
328784,0,0
328884,0,0
328984,0,0
329084,0,0
329184,0,0
329284,0,0
329384,0,0
329484,0,0
329584,0,0
329684,0,0
329784,0,0
329884,0,0
329984,0,0
330084,0,0
330184,0,0
330284,0,0
330384,0,0
330484,0,0
330584,0,0
330684,0,0
330784,0,0
330884,0,0
330984,0,0
331084,0,0
331184,0,0
331284,0,0
331384,0,0
331481,0,0
331581,0,0
331681,0,0
331781,0,0
331881,0,0
331981,0,0
332081,0,0
332181,0,0
332281,0,0
332381,0,0
332481,0,0
332581,0,0
332681,0,0
332781,0,0
332881,0,0
332981,0,0
333081,0,0
333181,0,0
333281,0,0
333381,0,0
333481,0,0
333581,0,0
333681,0,0
333781,0,0
333881,0,0
333981,0,0
334081,0,0
334181,0,0
334281,0,0
334381,0,0
334481,0,0
334581,0,0
334681,0,0
334781,0,0
334881,0,0
334981,0,0
335081,0,0
335181,0,0
335281,0,0
335381,0,0
335478,0,0
335578,0,0
335678,0,0
335778,0,0
335878,0,0
335978,0,0
336078,0,0
336178,0,0
336278,0,0
336378,0,0
336478,0,0
336578,0,0
336678,0,0
336778,0,0
336878,0,0
336978,0,0
337078,0,0
337178,0,0
337278,0,0
337378,0,0
337478,0,0
337578,0,0
337678,0,0
337778,0,0
337878,0,0
337978,0,0
338078,0,0
338178,0,0
338278,0,0
338378,0,0
338478,0,0
338578,0,0
338678,0,0
338778,0,0
338878,0,0
338978,0,0
339078,0,0
339178,0,0
339278,0,0
339378,0,0
339475,0,0
339575,0,0
339675,0,0
339775,0,0
339875,0,0
339975,0,0
340075,0,0
340175,0,0
340275,0,0
340375,0,0
340475,0,0
340575,0,0
340675,0,0
340775,0,0
340875,0,0
340975,0,0
341075,0,0
341175,0,0
341275,0,0
341375,0,0
341475,0,0
341575,0,0
341675,0,0
341775,0,0
341875,0,0
341975,0,0
342075,0,0
342175,0,0
342275,0,0
342375,0,0
342475,0,0
342575,0,0
342675,0,0
342775,0,0
342875,0,0
342975,0,0
343075,0,0
343175,0,0
343275,0,0
343375,0,0
343475,0,0
343575,0,0
343675,0,0
343775,0,0
343875,0,0
343975,0,0
344075,0,0
344175,0,0
344275,0,0
344375,0,0
344475,0,0
344575,0,0
344675,0,0
344775,0,0
344875,0,0
344975,0,0
345075,0,0
345175,0,0
345275,0,0
345375,0,0
345475,0,0
345575,0,0
345675,0,0
345775,0,0
345875,0,0
345975,0,0
346075,0,0
346175,0,0
346275,0,0
346375,0,0
346475,0,0
346575,0,0
346675,0,0
346775,0,0
346875,0,0
346975,0,0
347075,0,0
347175,0,0
347275,0,0
347375,0,0
347475,0,0
347575,0,0
347675,0,0
347775,0,0
347875,0,0
347975,0,0
348075,0,0
348175,0,0
348275,0,0
348375,0,0
348475,0,0
348575,0,0
348675,0,0
348775,0,0
348875,0,0
348975,0,0
349075,0,0
349175,0,0
349275,0,0
349375,0,0
349475,0,0
349575,0,0
349675,0,0
349775,0,0
349875,0,0
349975,0,0
350075,0,0
350175,0,0
350275,0,0
350375,0,0
350475,0,0
350575,0,0
350675,0,0
350775,0,0
350875,0,0
350975,0,0
351075,0,0
351175,0,0
351275,0,0
351375,0,0
351475,0,0
351575,0,0
351675,0,0
351775,0,0
351875,0,0
351975,0,0
352075,0,0
352175,0,0
352275,0,0
352375,0,0
352475,0,0
352575,0,0
352675,0,0
352775,0,0
352875,0,0
352975,0,0
353075,0,0
353175,0,0
353275,0,0
353375,0,0
353475,0,0
353575,0,0
353675,0,0
353775,0,0
353875,0,0
353975,0,0
354075,0,0
354175,0,0
354275,0,0
354375,0,0
354475,0,0
354575,0,0
354675,0,0
354775,0,0
354875,0,0
354975,0,0
355075,0,0
355175,0,0
355275,0,0
355375,0,0
355467,0,0
355567,0,0
355667,0,0
355767,0,0
355867,0,0
355967,0,0
356067,0,0
356167,0,0
356267,0,0
356367,0,0
356467,0,0
356567,0,0
356667,0,0
356767,0,0
356867,0,0
356967,0,0
357067,0,0
357167,0,0
357267,0,0
357367,0,0
357467,0,0
357567,0,0
357667,0,0
357767,0,0
357867,0,0
357967,0,0
358067,0,0
358167,0,0
358267,0,0
358367,0,0
358467,0,0
358567,0,0
359117,0,0
359217,0,1
359317,0,1
359417,0,1
359515,0,1
359615,0,1
359715,0,1
359815,0,1
359915,0,1
360015,0,1
360116,0,1
360216,0,1
360316,0,1
360416,0,1
360516,0,1
360616,0,1
360716,0,1
360816,0,1
360916,0,1
361016,0,1
361116,0,1
361216,0,1
361316,0,1
361416,0,1
361516,0,1
361616,0,1
361716,0,1
361816,0,1
361916,0,1
362016,0,1
362116,0,1
362216,0,1
362316,0,1
362416,0,1
362516,0,1
362616,0,1
362716,0,1
362816,0,1
362916,0,1
363017,0,1
363143,0,0
363243,0,0
363343,0,0
363606,0,0
363526,0,1
363626,0,1
363726,0,1
363826,0,1
363926,0,1
364026,1,2
364126,1,2
364226,1,2
364326,1,2
364426,1,2
364526,1,2
364626,1,2
364726,1,2
364826,1,2
364926,1,2
365026,1,2
365126,1,2
365227,1,2
365327,1,2
365427,1,2
365527,1,2
365627,1,2
365727,1,2
365827,1,2
365927,1,2
366027,0,0
366127,0,0
366227,0,0
366327,0,0
366427,0,0
366527,0,0
366627,0,0
366727,0,0
366827,0,0
366927,0,0
367027,0,0
367127,0,0
367227,0,0
367502,0,0
367602,0,0
367702,0,0
367802,0,0
367902,0,0
368002,0,0
368102,0,0
368202,0,0
368616,0,0
368716,0,1
368816,0,1
368916,0,1
369016,0,1
369116,0,1
369216,0,1
369316,0,1
369416,0,1
369516,0,1
369616,0,1
369716,0,1
369816,0,1
369916,0,1
370016,0,1
370116,0,1
370216,0,1
370316,0,1
370416,0,1
370516,0,1
370616,0,1
370716,0,1
370816,0,1
370916,0,1
371016,0,1
371116,0,1
371216,0,1
371316,0,1
371416,0,1
371514,0,1
371614,0,1
371714,0,1
371814,0,1
371914,0,1
372014,0,1
372114,0,1
372214,0,1
372314,0,1
372414,0,1
372514,0,1
372614,0,1
372714,0,0
372814,0,0
372914,0,0
373014,0,0
373114,0,0
373214,0,0
373314,0,0
373414,0,0
373514,0,0
373614,0,0
373714,0,0
373814,0,0
373914,0,0
374014,0,0
374114,0,0
374214,0,0
374314,0,0
374414,0,0
374514,0,0
374614,0,0
374714,0,0
374814,0,0
374914,0,0
375014,0,0
375114,0,0
375214,0,0
375314,0,0
375414,0,0
375511,0,0
375611,0,0
375711,0,0
375811,0,0
375911,0,0
376011,0,0
376111,0,0
376211,0,0
376311,0,0
376649,0,0
376749,0,1
376849,0,1
376949,0,1
377049,0,1
377149,0,1
377249,0,1
377349,0,1
377449,0,1
377549,0,1
377649,0,1
377749,0,1
377849,0,1
377949,0,1
378049,0,1
378149,0,1
378249,0,1
378349,0,1
378449,0,1
378549,0,1
378649,0,1
378749,0,1
378849,0,1
378949,0,1
379050,0,1
379150,0,1
379250,0,1
379350,0,1
379448,0,1
379548,0,1
379648,0,1
379748,0,1
379848,0,1
379948,0,1
380048,0,1
380148,0,1
380248,0,1
380348,0,1
380448,0,1
380548,0,1
380676,0,0
380776,0,0
380876,0,0
380976,0,0
381076,0,0
381176,0,0
381276,0,0
381376,0,0
381476,0,0
381576,0,0
381676,0,0
381776,0,0
381876,0,0
381976,0,0
382077,0,0
382177,0,0
382277,0,0
382377,0,0
382477,0,0
382577,0,0
382677,0,0
382777,0,0
382877,0,0
382977,0,0
383077,0,0
383177,0,0
383277,0,0
383377,0,0
383474,0,0
383574,0,0
383674,0,0
383774,0,0
383874,0,0
383974,0,0
384074,0,0
384174,0,0
384274,0,0
384374,0,0
384474,0,0
384788,0,0
384888,0,1
384988,0,1
385088,0,1
385189,0,1
385289,0,1
385389,0,1
385489,0,1
385589,0,1
385689,0,1
385789,0,1
385889,0,1
385989,0,1
386089,0,1
386189,0,1
386289,0,1
386389,0,1
386489,0,1
386589,0,1
386689,0,1
386789,0,1
386889,0,1
386989,0,1
387089,0,1
387189,0,1
387289,0,1
387389,0,1
387486,0,1
387586,0,1
387686,0,1
387786,0,1
387886,0,1
387986,0,1
388087,0,1
388187,0,1
388287,0,1
388387,0,1
388487,0,1
388587,0,1
388687,0,1
388814,0,0
388914,0,0
389014,0,0
389114,0,0
389214,0,0
389710,0,0
389810,0,1
389910,0,1
390010,0,1
390110,0,1
390210,0,1
390310,0,1
390410,0,1
390510,0,1
390610,0,1
390710,0,1
390810,0,1
390910,0,1
391010,0,1
391110,0,1
391210,0,1
391310,0,1
391410,0,1
391509,0,1
391609,0,1
391709,0,1
391809,0,1
391909,0,1
392009,0,1
392109,0,1
392209,0,1
392310,0,1
392410,0,1
392510,0,1
392610,0,1
392710,0,1
392810,0,1
392910,0,1
393010,0,1
393110,0,1
393210,0,1
393310,0,1
393410,0,1
393510,0,1
393610,0,1
393742,0,0
393842,0,0
393942,0,0
394042,0,0
394142,0,0
394242,0,0
394342,0,0
394442,0,0
394542,0,0
394642,0,0
394742,0,0
394842,0,0
394942,0,0
395042,0,0
395142,0,0
395242,0,0
395342,0,0
395442,0,0
395540,0,0
395640,0,0
395740,0,0
395840,0,0
395940,0,0
396040,0,0
396140,0,0
396240,0,0
396340,0,0
396440,0,0
396540,0,0
396640,0,0
396740,0,0
396840,0,0
396940,0,0
397040,0,0
397140,0,0
397240,0,0
397340,0,0
397440,0,0
397540,0,0
397640,0,0
397740,0,0
397840,0,0
397940,0,0
398040,0,0
398140,0,0
398240,0,0
398340,0,0
398440,0,0
398540,0,0
398640,0,0
398740,0,0
398840,0,0
398940,0,0
399040,0,0
399140,0,0
399240,0,0
399340,0,0
399440,0,0
399540,0,0
399640,0,0
399740,0,0
399840,0,0
399940,0,0
400040,0,0
400140,0,0
400240,0,0
400340,0,0
400440,0,0
400540,0,0
400640,0,0
400740,0,0
400840,0,0
400940,0,0
401040,0,0
401140,0,0
401240,0,0
401340,0,0
401440,0,0
401540,0,0
401640,0,0
401740,0,0
401840,0,0
401940,0,0
402040,0,0
402140,0,0
402240,0,0
402340,0,0
402440,0,0
402540,0,0
402640,0,0
402740,0,0
402840,0,0
402940,0,0
403040,0,0
403140,0,0
403240,0,0
403340,0,0
403440,0,0
403540,0,0
403640,0,0
403740,0,0
403840,0,0
403940,0,0
404040,0,0
404140,0,0
404240,0,0
404340,0,0
404440,0,0
404540,0,0
404640,0,0
404740,0,0
404840,0,0
404940,0,0
405040,0,0
405140,0,0
405240,0,0
405340,0,0
405440,0,0
405540,0,0
405640,0,0
405740,0,0
405840,0,0
405940,0,0
406040,0,0
406140,0,0
406240,0,0
406340,0,0
406440,0,0
406540,0,0
406640,0,0
406740,0,0
406840,0,0
406940,0,0
407040,0,0
407140,0,0
407240,0,0
407340,0,0
407440,0,0
407540,0,0
407640,0,0
407740,0,0
407840,0,0
407940,0,0
408040,0,0
408140,0,0
408240,0,0
408340,0,0
408440,0,0
408540,0,0
408640,0,0
408740,0,0
408840,0,0
408940,0,0
409040,0,0
409140,0,0
409240,0,0
409340,0,0
409440,0,0
409540,0,0
409640,0,0
409740,0,0
409840,0,0
409940,0,0
410040,0,0
410140,0,0
410240,0,0
410340,0,0
410440,0,0
410540,0,0
410640,0,0
410740,0,0
410840,0,0
410940,0,0
411040,0,0
411140,0,0
411240,0,0
411340,0,0
411440,0,0
411540,0,0
411640,0,0
411740,0,0
411840,0,0
411940,0,0
412040,0,0
412140,0,0
412240,0,0
412340,0,0
412440,0,0
412540,0,0
412640,0,0
412740,0,0
412840,0,0
412940,0,0
413040,0,0
413140,0,0
413240,0,0
413340,0,0
413440,0,0
413540,0,0
413640,0,0
413740,0,0
413840,0,0
413940,0,0
414040,0,0
414140,0,0
414240,0,0
414340,0,0
414440,0,0
414540,0,0
414640,0,0
414740,0,0
414840,0,0
414940,0,0
415040,0,0
415140,0,0
415240,0,0
415340,0,0
415440,0,0
415540,0,0
415640,0,0
415740,0,0
415827,0,0
415927,0,0
416027,0,0
416410,0,0
416510,0,1
416610,0,1
416710,0,1
416810,0,1
416910,0,1
417010,0,1
417110,0,1
417210,0,1
417310,0,1
417410,0,1
417511,0,1
417611,0,1
417711,0,1
417811,0,1
417911,0,1
418011,0,1
418111,0,1
418211,0,1
418311,0,1
418411,0,1
418511,0,1
418611,0,1
418711,0,1
418811,0,1
418911,0,1
419011,0,1
419111,0,1
419211,0,1
419311,0,1
419411,0,1
419511,0,1
419611,0,1
419711,0,1
419810,0,1
419910,0,1
420010,0,1
420110,0,1
420210,0,1
420310,0,1
420437,0,0
420537,0,0
420637,0,0
421009,0,0
421109,0,1
421209,0,1
421309,0,1
421409,0,1
421509,0,1
421609,0,1
421709,0,1
421809,0,1
421909,0,1
422009,0,1
422109,0,1
422209,0,1
422309,0,1
422409,0,1
422509,0,1
422609,0,1
422709,0,1
422809,0,1
422909,0,1
423009,0,1
423109,0,1
423209,0,1
423309,0,1
423409,0,1
423509,0,1
423609,0,1
423709,0,1
423807,0,1
423908,0,1
424008,0,1
424108,0,1
424208,0,1
424308,0,1
424408,0,1
424508,0,1
424608,0,1
424708,0,1
424808,0,1
424908,0,1
425035,0,0
425135,0,0
425235,0,0
425335,0,0
425435,0,0
425535,0,0
425635,0,0
425735,0,0
425835,0,0
425935,0,0
426035,0,0
426135,0,0
426235,0,0
426335,0,0
426435,0,0
426535,0,0
426635,0,0
426735,0,0
426835,0,0
426935,0,0
427035,0,0
427135,0,0
427236,0,0
427336,0,0
427436,0,0
427536,0,0
427636,0,0
427736,0,0
427833,0,0
427933,0,0
428033,0,0
428133,0,0
428233,0,0
428333,0,0
428433,0,0
428533,0,0
428633,0,0
428733,0,0
429146,0,0
429246,0,1
429346,0,1
429446,0,1
429563,0,1
429663,0,0
429763,0,0
429863,0,0
429964,0,0
430064,0,0
430164,0,0
430264,0,0
430364,0,0
430464,0,0
430564,0,0
430664,0,0
430764,0,0
430864,0,0
430964,0,0
431064,0,0
431164,0,0
431264,0,0
431364,0,0
431464,0,0
431564,0,0
431664,0,0
431764,0,0
431864,0,0
431961,0,0
432061,0,0
432161,0,0
432261,0,0
432361,0,0
432461,0,0
432561,0,0
432661,0,0
432761,0,0
432862,0,0
433231,0,0
433332,0,1
433432,0,1
433532,0,1
433632,0,1
433732,0,1
433832,0,1
433932,0,1
434032,0,1
434132,0,1
434232,0,1
434332,0,1
434432,0,1
434532,0,1
434632,0,1
434732,0,1
434832,0,1
434932,0,1
435032,0,1
435132,0,1
435232,0,1
435332,0,1
435432,0,1
435532,0,1
435632,0,1
435732,0,1
435832,0,1
435930,0,1
436030,0,1
436130,0,1
436231,0,1
436331,0,1
436431,0,1
436531,0,1
436631,0,1
436731,0,1
436831,0,1
436931,0,1
437031,0,1
437131,0,1
437258,0,0
437358,0,0
437458,0,0
437558,0,0
437658,0,0
437758,0,0
437858,0,0
437958,0,0
438058,0,0
438158,0,0
438258,0,0
438358,0,0
438458,0,0
438558,0,0
438658,0,0
438758,0,0
438858,0,0
438958,0,0
439058,0,0
439158,0,0
439258,0,0
439358,0,0
439458,0,0
439559,0,0
439659,0,0
439759,0,0
439859,0,0
439958,0,0
440058,0,0
440158,0,0
440258,0,0
440358,0,0
440458,0,0
440558,0,0
440658,0,0
440758,0,0
440858,0,0
440958,0,0
441058,0,0
441158,0,0
441258,0,0
441358,0,0
441458,0,0
441558,0,0
441658,0,0
441840,0,0
441940,0,1
442040,0,1
442140,0,1
442240,0,1
442340,0,1
442440,0,1
442540,0,1
442640,0,1
442740,0,1
442840,0,1
442940,0,1
443040,0,1
443140,0,1
443240,0,1
443340,0,1
443441,0,1
443541,0,1
443641,0,1
443741,0,1
443841,0,1
443938,0,1
444038,0,1
444138,0,1
444238,0,1
444338,0,1
444438,0,1
444538,0,1
444638,0,1
444738,0,1
444838,0,1
444938,0,1
445038,0,1
445138,0,1
445238,0,1
445338,0,1
445438,0,1
445538,0,1
445638,0,1
445738,0,1
445864,0,0
445964,0,0
446064,0,0
446164,0,0
446264,0,0
446364,0,0
446464,0,0
446564,0,0
446664,0,0
446764,0,0
446864,0,0
446964,0,0
447064,0,0
447164,0,0
447264,0,0
447364,0,0
447464,0,0
447564,0,0
447664,0,0
447764,0,0
447864,0,0
447961,0,0
448061,0,0
448161,0,0
448261,0,0
448361,0,0
448461,0,0
448561,0,0
448661,0,0
448761,0,0
448861,0,0
448961,0,0
449061,0,0
449161,0,0
449261,0,0
449361,0,0
449461,0,0
449561,0,0
449661,0,0
449761,0,0
450293,0,0
450393,0,1
450493,0,1
450593,0,1
450693,0,1
450793,0,1
450893,0,1
450993,0,1
451093,0,1
451193,0,1
451293,0,1
451393,0,1
451493,0,1
451593,0,1
451693,0,1
451793,0,1
451893,0,1
451959,0,1
452059,0,1
452159,0,1
452259,0,1
452359,0,1
452459,0,1
452559,0,1
452659,0,1
452759,0,1
452859,0,1
452959,0,1
453059,0,1
453159,0,1
453259,0,1
453359,0,1
453459,0,1
453559,0,1
453659,0,1
453759,0,1
453859,0,1
453959,0,1
454059,0,1
454159,0,1
454259,0,1
454359,0,0
454459,0,0
454559,0,0
454659,0,0
454759,0,0
454859,0,0
454959,0,0
455059,0,0
455159,0,0
455259,0,0
455359,0,0
455459,0,0
455559,0,0
455659,0,0
455759,0,0
455859,0,0
455982,0,0
456082,0,0
456182,0,0
456282,0,0
456382,0,0
456482,0,0
456582,0,0
456682,0,0
456782,0,0
456882,0,0
456982,0,0
457082,0,0
457182,0,0
457282,0,0
457382,0,0
457482,0,0
457582,0,0
457682,0,0
457782,0,0
457882,0,0
457982,0,0
458082,0,0
458182,0,0
458282,0,0
458382,0,0
458482,0,0
458582,0,0
458682,0,0
458782,0,0
458882,0,0
458982,0,0
459082,0,0
459182,0,0
459282,0,0
459382,0,0
459482,0,0
459582,0,0
459682,0,0
459782,0,0
459882,0,0
459982,0,0
460082,0,0
460182,0,0
460282,0,0
460382,0,0
460482,0,0
460582,0,0
460682,0,0
460782,0,0
460882,0,0
460982,0,0
461082,0,0
461182,0,0
461282,0,0
461382,0,0
461482,0,0
461582,0,0
461682,0,0
461782,0,0
461882,0,0
461982,0,0
462082,0,0
462182,0,0
462282,0,0
462382,0,0
462482,0,0
462582,0,0
462682,0,0
462782,0,0
462882,0,0
462982,0,0
463082,0,0
463182,0,0
463282,0,0
463382,0,0
463482,0,0
463582,0,0
463682,0,0
463782,0,0
463882,0,0
463982,0,0
464082,0,0
464182,0,0
464282,0,0
464382,0,0
464482,0,0
464582,0,0
464682,0,0
464782,0,0
464882,0,0
464982,0,0
465082,0,0
465182,0,0
465282,0,0
465382,0,0
465482,0,0
465582,0,0
465682,0,0
465782,0,0
465882,0,0
465982,0,0
466082,0,0
466182,0,0
466282,0,0
466382,0,0
466482,0,0
466582,0,0
466682,0,0
466782,0,0
466882,0,0
466982,0,0
467082,0,0
467182,0,0
467282,0,0
467382,0,0
467482,0,0
467582,0,0
467682,0,0
467782,0,0
467882,0,0
467982,0,0
468082,0,0
468182,0,0
468282,0,0
468382,0,0
468482,0,0
468582,0,0
468682,0,0
468782,0,0
468882,0,0
468982,0,0
469082,0,0
469182,0,0
469282,0,0
469382,0,0
469482,0,0
469582,0,0
469682,0,0
469782,0,0
469882,0,0
469982,0,0
470082,0,0
470182,0,0
470282,0,0
470382,0,0
470482,0,0
470582,0,0
470682,0,0
470782,0,0
470882,0,0
470982,0,0
471082,0,0
471182,0,0
471282,0,0
471382,0,0
471482,0,0
471582,0,0
471682,0,0
471782,0,0
471882,0,0
471982,0,0
472079,0,0
472179,0,0
472279,0,0
472379,0,0
472479,0,0
472579,0,0
472679,0,0
472779,0,0
472879,0,0
472979,0,0
473079,0,0
473179,0,0
473279,0,0
473379,0,0
473479,0,0
473579,0,0
473679,0,0
473779,0,0
473879,0,0
473979,0,0
474079,0,0
474179,0,0
474279,0,0
474379,0,0
474479,0,0
474579,0,0
474679,0,0
474779,0,0
474879,0,0
474979,0,0
475079,0,0
475665,0,0
475765,0,1
475865,0,1
475965,0,1
476065,0,1
476165,0,1
476249,0,1
476349,0,1
476449,0,1
476549,0,1
476649,0,1
476749,0,1
476849,0,1
476949,0,1
477049,0,1
477149,0,1
477249,0,1
477349,0,1
477449,0,1
477549,0,1
477649,0,1
477749,0,1
477849,0,1
477949,0,1
478050,0,1
478150,0,1
478250,0,1
478350,0,1
478450,0,1
478550,0,1
478650,0,1
478750,0,1
478850,0,1
478950,0,1
479050,0,1
479150,0,1
479250,0,1
479350,0,1
479450,0,1
479550,0,1
479678,0,0
479778,0,0
479878,0,0
479978,0,0
480078,0,0
480178,0,0
480290,0,0
480390,0,0
480490,0,0
480590,0,0
480690,0,0
480790,0,0
480890,0,0
480990,0,0
481091,0,0
481191,0,0
481291,0,0
481391,0,0
481491,0,0
481591,0,0
481691,0,0
481791,0,0
481891,0,0
481991,0,0
482091,0,0
482191,0,0
482291,0,0
482391,0,0
482491,0,0
482591,0,0
482691,0,0
482791,0,0
482891,0,0
482991,0,0
483091,0,0
483191,0,0
483291,0,0
483391,0,0
483491,0,0
483591,0,0
483691,0,0
483791,0,0
483891,0,0
483991,0,0
484091,0,0
484191,0,0
484288,0,0
484388,0,0
484488,0,0
484588,0,0
484688,0,0
484788,0,0
484888,0,0
484988,0,0
485088,0,0
485188,0,0
485288,0,0
485388,0,0
485488,0,0
485588,0,0
485688,0,0
485788,0,0
485888,0,0
485988,0,0
486088,0,0
486188,0,0
486288,0,0
486388,0,0
486488,0,0
486588,0,0
486688,0,0
486788,0,0
486888,0,0
486988,0,0
487088,0,0
487188,0,0
487288,0,0
487388,0,0
487488,0,0
487588,0,0
487688,0,0
487788,0,0
487888,0,0
487988,0,0
488088,0,0
488188,0,0
488286,0,0
488386,0,0
488486,0,0
488586,0,0
488686,0,0
488786,0,0
488886,0,0
488986,0,0
489086,0,0
489186,0,0
489286,0,0
489386,0,0
489486,0,0
489586,0,0
489686,0,0
489786,0,0
489886,0,0
489986,0,0
490086,0,0
490186,0,0
490286,0,0
490386,0,0
490486,0,0
490586,0,0
490686,0,0
490786,0,0
490886,0,0
490986,0,0
491086,0,0
491186,0,0
491286,0,0
491386,0,0
491486,0,0
491586,0,0
491686,0,0
491786,0,0
491886,0,0
491986,0,0
492086,0,0
492186,0,0
492284,0,0
492384,0,0
492484,0,0
492584,0,0
492684,0,0
492784,0,0
492884,0,0
492984,0,0
493084,0,0
493184,0,0
493284,0,0
493384,0,0
493484,0,0
493584,0,0
493684,0,0
493784,0,0
493884,0,0
493984,0,0
494084,0,0
494184,0,0
494284,0,0
494384,0,0
494484,0,0
494584,0,0
494684,0,0
494784,0,0
494884,0,0
494984,0,0
495084,0,0
495184,0,0
495284,0,0
495384,0,0
495484,0,0
495584,0,0
495684,0,0
495784,0,0
495884,0,0
495984,0,0
496084,0,0
496184,0,0
496282,0,0
496382,0,0
496482,0,0
496582,0,0
496682,0,0
496782,0,0
496882,0,0
496982,0,0
497082,0,0
497182,0,0
497282,0,0
497382,0,0
497482,0,0
497582,0,0
497682,0,0
497782,0,0
497882,0,0
497982,0,0
498082,0,0
498182,0,0
498282,0,0
498382,0,0
498482,0,0
498582,0,0
498682,0,0
498782,0,0
498882,0,0
498982,0,0
499082,0,0
499182,0,0
499282,0,0
499382,0,0
499482,0,0
499582,0,0
499682,0,0
499782,0,0
499882,0,0
499982,0,0
500082,0,0
500182,0,0
500279,0,0
500379,0,0
500479,0,0
500579,0,0
500679,0,0
500779,0,0
500879,0,0
500979,0,0
501079,0,0
501179,0,0
501279,0,0
501379,0,0
501479,0,0
501579,0,0
501679,0,0
501779,0,0
501879,0,0
501979,0,0
502079,0,0
502179,0,0
502279,0,0
502379,0,0
502479,0,0
502579,0,0
502679,0,0
502779,0,0
502879,0,0
502979,0,0
503079,0,0
503179,0,0
503279,0,0
503379,0,0
503479,0,0
503579,0,0
503679,0,0
503779,0,0
503879,0,0
503979,0,0
504079,0,0
504179,0,0
504277,0,0
504377,0,0
504477,0,0
504577,0,0
504677,0,0
504777,0,0
504877,0,0
504977,0,0
505077,0,0
505177,0,0
505277,0,0
505377,0,0
505477,0,0
505577,0,0
505677,0,0
505777,0,0
505877,0,0
505977,0,0
506077,0,0
506177,0,0
506277,0,0
506377,0,0
506477,0,0
506577,0,0
506677,0,0
506777,0,0
506877,0,0
506977,0,0
507077,0,0
507177,0,0
507277,0,0
507377,0,0
507477,0,0
507577,0,0
507677,0,0
507777,0,0
507877,0,0
507977,0,0
508077,0,0
508177,0,0
508274,0,0
508374,0,0
508474,0,0
508574,0,0
508674,0,0
508774,0,0
508874,0,0
508974,0,0
509074,0,0
509174,0,0
509274,0,0
509374,0,0
509474,0,0
509574,0,0
509674,0,0
509774,0,0
509874,0,0
509974,0,0
510074,0,0
510174,0,0
510274,0,0
510374,0,0
510474,0,0
510574,0,0
510674,0,0
510774,0,0
510874,0,0
510974,0,0
511074,0,0
511174,0,0
511274,0,0
511374,0,0
511474,0,0
511574,0,0
511674,0,0
511774,0,0
511874,0,0
511974,0,0
512074,0,0
512174,0,0
512271,0,0
512371,0,0
512471,0,0
512571,0,0
512671,0,0
512771,0,0
512871,0,0
512971,0,0
513071,0,0
513171,0,0
513271,0,0
513371,0,0
513471,0,0
513571,0,0
513671,0,0
513771,0,0
513871,0,0
513971,0,0
514071,0,0
514171,0,0
514271,0,0
514371,0,0
514471,0,0
514571,0,0
514671,0,0
514771,0,0
514871,0,0
514971,0,0
515071,0,0
515171,0,0
515271,0,0
515371,0,0
515471,0,0
515571,0,0
515671,0,0
515771,0,0
515871,0,0
515971,0,0
516071,0,0
516171,0,0
516271,0,0
516371,0,0
516471,0,0
516571,0,0
516671,0,0
516771,0,0
516871,0,0
516971,0,0
517071,0,0
517171,0,0
517271,0,0
517371,0,0
517471,0,0
517571,0,0
517671,0,0
517771,0,0
517871,0,0
517971,0,0
518071,0,0
518171,0,0
518271,0,0
518371,0,0
518471,0,0
518571,0,0
518671,0,0
518771,0,0
518871,0,0
518971,0,0
519071,0,0
519171,0,0
519271,0,0
519371,0,0
519471,0,0
519571,0,0
519671,0,0
519771,0,0
519871,0,0
519971,0,0
520071,0,0
520171,0,0
520271,0,0
520371,0,0
520471,0,0
520571,0,0
520671,0,0
520771,0,0
520871,0,0
520971,0,0
521071,0,0
521171,0,0
521271,0,0
521371,0,0
521471,0,0
521571,0,0
521671,0,0
521771,0,0
521871,0,0
521971,0,0
522071,0,0
522171,0,0
522271,0,0
522371,0,0
522471,0,0
522571,0,0
522671,0,0
522771,0,0
522871,0,0
522971,0,0
523071,0,0
523171,0,0
523271,0,0
523371,0,0
523471,0,0
523571,0,0
523671,0,0
523771,0,0
523871,0,0
523971,0,0
524071,0,0
524171,0,0
524271,0,0
524371,0,0
524471,0,0
524571,0,0
524671,0,0
524771,0,0
524871,0,0
524971,0,0
525071,0,0
525171,0,0
525271,0,0
525371,0,0
525471,0,0
525571,0,0
525671,0,0
525771,0,0
525871,0,0
525971,0,0
526071,0,0
526171,0,0
526271,0,0
526371,0,0
526471,0,0
526571,0,0
526671,0,0
526771,0,0
526871,0,0
526971,0,0
527071,0,0
527171,0,0
527271,0,0
527371,0,0
527471,0,0
527571,0,0
527671,0,0
527771,0,0
527871,0,0
527971,0,0
528071,0,0
528171,0,0
528271,0,0
528371,0,0
528471,0,0
528571,0,0
528671,0,0
528771,0,0
528871,0,0
528971,0,0
529071,0,0
529171,0,0
529271,0,0
529371,0,0
529471,0,0
529571,0,0
529671,0,0
529771,0,0
529871,0,0
529971,0,0
530071,0,0
530171,0,0
530271,0,0
530371,0,0
530471,0,0
530571,0,0
530671,0,0
530771,0,0
530871,0,0
530971,0,0
531071,0,0
531171,0,0
531271,0,0
531371,0,0
531471,0,0
531571,0,0
531671,0,0
531771,0,0
531871,0,0
531971,0,0
532071,0,0
532171,0,0
532271,0,0
532371,0,0
532471,0,0
532571,0,0
532671,0,0
532771,0,0
532871,0,0
532971,0,0
533071,0,0
533171,0,0
533271,0,0
533359,0,0
533459,0,0
533559,0,0
534205,0,0
534305,0,1
534405,0,1
534505,0,1
534606,0,1
534706,0,1
534806,0,1
534906,0,1
535006,0,1
535106,0,1
535206,0,1
535306,0,1
535406,0,1
535506,0,1
535606,0,1
535706,0,1
535806,0,1
535906,0,1
536006,0,1
536106,0,1
536206,0,1
536306,0,1
536406,0,1
536506,0,1
536606,0,1
536706,0,1
536806,0,1
536906,0,1
537006,0,1
537106,0,1
537206,0,1
537305,0,1
537405,0,1
537506,0,1
537606,0,1
537706,0,1
537806,0,1
537906,0,1
538006,0,1
538106,0,1
538233,0,0
538333,0,0
538433,0,0
538533,0,0
538633,0,0
538733,0,0
538833,0,0
538933,0,0
539033,0,0
539133,0,0
539233,0,0
539333,0,0
539433,0,0
539533,0,0
539633,0,0
539733,0,0
539833,0,0
539933,0,0
540033,0,0
540133,0,0
540233,0,0
540333,0,0
540433,0,0
540533,0,0
540633,0,0
540733,0,0
540834,0,0
540934,0,0
541034,0,0
541134,0,0
541234,0,0
541332,0,0
541432,0,0
541532,0,0
541632,0,0
541732,0,0
541832,0,0
541932,0,0
542472,0,0
542572,0,1
542672,0,1
542772,0,1
542883,0,1
542987,1,2
543087,1,2
543187,1,2
543287,1,2
543387,1,2
543487,1,2
543587,1,2
543687,1,2
543787,1,2
543887,1,2
543987,1,2
544087,1,2
544187,1,2
544288,1,2
544388,1,2
544488,1,2
544588,1,2
544688,1,2
544788,1,2
544888,1,2
544988,1,2
545088,1,2
545188,1,2
545286,1,2
545386,1,2
545486,1,2
545586,1,2
545686,1,2
545786,1,2
545886,1,2
545986,1,2
546086,1,2
546186,1,2
546286,1,2
546386,1,2
546486,1,2
546586,1,2
546686,1,2
546786,1,2
546886,1,2
546986,1,2
547086,1,2
547186,1,2
547286,1,2
547386,1,2
547486,1,2
547586,1,2
547686,1,2
547786,1,2
547886,1,2
547986,1,2
548086,1,2
548186,1,2
548286,1,2
548386,1,2
548486,1,2
548586,1,2
548686,1,2
548786,1,2
548886,1,2
548986,1,2
549086,1,2
549186,1,2
549286,1,2
549384,1,2
549484,1,2
549584,1,2
549684,1,2
549784,1,2
549884,1,2
549984,1,2
550084,1,2
550184,1,2
550284,1,2
550384,1,2
550484,1,2
550584,1,2
550684,1,2
550784,1,2
550884,1,2
550984,1,2
551084,0,0
551184,0,0
551284,0,0
551384,0,0
551484,0,0
551584,0,0
551684,0,0
551784,0,0
551884,0,0
551984,0,0
552084,0,0
552184,0,0
552284,0,0
552384,0,0
552484,0,0
552584,0,0
552684,0,0
552784,0,0
552884,0,0
552984,0,0
553084,0,0
553184,0,0
553284,0,0
553381,0,0
553481,0,0
553581,0,0
553681,0,0
553781,0,0
553881,0,0
553981,0,0
554081,0,0
554300,0,0
554400,0,1
554500,0,1
554600,0,1
554700,0,1
554800,0,1
554900,0,1
555000,0,1
555100,0,1
555200,0,1
555300,0,1
555400,0,1
555500,0,1
555600,0,1
555700,0,1
555801,0,1
555901,0,1
556001,0,1
556101,0,1
556201,0,1
556301,0,1
556401,0,1
556501,0,1
556601,0,1
556701,0,1
556801,0,1
556901,0,1
557001,0,1
557101,0,1
557201,0,1
557301,0,1
557388,0,1
557488,0,1
557588,0,1
557688,0,1
557788,0,1
557888,0,1
557988,0,1
558088,0,1
558188,0,1
558316,0,0
558416,0,0
558989,0,0
559089,0,1
559189,0,1
559289,0,1
559389,0,1
559489,0,1
559589,0,1
559689,0,1
559789,0,1
559889,0,1
559989,0,1
560089,0,1
560189,0,1
560289,0,1
560389,0,1
560489,0,1
560589,0,1
560689,0,1
560789,0,1
560889,0,1
560989,0,1
561089,0,1
561189,0,1
561289,0,1
561387,0,1
561487,0,1
561587,0,1
561687,0,1
561787,0,1
561888,0,1
561988,0,1
562088,0,1
562188,0,1
562288,0,1
562388,0,1
562488,0,1
562588,0,1
562688,0,1
562788,0,1
562888,0,1
563016,0,0
563116,0,0
563216,0,0
563316,0,0
563416,0,0
563516,0,0
563616,0,0
563716,0,0
563816,0,0
563916,0,0
564016,0,0
564116,0,0
564216,0,0
564316,0,0
564416,0,0
564516,0,0
564616,0,0
564716,0,0
564816,0,0
564917,0,0
565017,0,0
565117,0,0
565217,0,0
565325,0,0
565425,0,0
565525,0,0
565625,0,0
565725,0,0
565825,0,0
565925,0,0
566025,0,0
566125,0,0
566225,0,0
566325,0,0
566425,0,0
566525,0,0
566625,0,0
566725,0,0
566825,0,0
566925,0,0
567025,0,0
567125,0,0
567225,0,0
567325,0,0
567425,0,0
567525,0,0
567625,0,0
567725,0,0
567826,0,0
567926,0,0
568026,0,0
568126,0,0
568226,0,0
568326,0,0
568426,0,0
568526,0,0
568626,0,0
568726,0,0
568826,0,0
568926,0,0
569026,0,0
569126,0,0
569226,0,0
569324,0,0
569424,0,0
569524,0,0
569624,0,0
569724,0,0
569824,0,0
569924,0,0
570024,0,0
570124,0,0
570224,0,0
570324,0,0
570424,0,0
570524,0,0
570624,0,0
570724,0,0
570824,0,0
570924,0,0
571024,0,0
571124,0,0
571224,0,0
571324,0,0
571424,0,0
571524,0,0
571624,0,0
571724,0,0
571824,0,0
571924,0,0
572024,0,0
572124,0,0
572224,0,0
572324,0,0
572424,0,0
572524,0,0
572624,0,0
572724,0,0
572824,0,0
572924,0,0
573024,0,0
573124,0,0
573224,0,0
573321,0,0
573421,0,0
573521,0,0
573621,0,0
573721,0,0
573821,0,0
573921,0,0
574021,0,0
574121,0,0
574221,0,0
574321,0,0
574421,0,0
574521,0,0
574621,0,0
574721,0,0
574821,0,0
574921,0,0
575021,0,0
575121,0,0
575221,0,0
575321,0,0
575421,0,0
575521,0,0
575621,0,0
575721,0,0
575821,0,0
575921,0,0
576021,0,0
576121,0,0
576221,0,0
576321,0,0
576421,0,0
576521,0,0
576621,0,0
576721,0,0
576821,0,0
576921,0,0
577021,0,0
577121,0,0
577221,0,0
577321,0,0
577421,0,0
577521,0,0
577621,0,0
577721,0,0
577948,0,0
578048,0,0
578148,0,0
578248,0,0
578348,0,0
578448,0,0
578548,0,0
578648,0,0
578748,0,0
578848,0,0
578948,0,0
579048,0,0
579148,0,0
579248,0,0
579348,0,0
579448,0,0
579548,0,0
579648,0,0
579748,0,0
579848,0,0
579948,0,0
580048,0,0
580148,0,0
580248,0,0
580348,0,0
580448,0,0
580548,0,0
580648,0,0
580749,0,0
580849,0,0
580949,0,0
581049,0,0
581149,0,0
581249,0,0
581349,0,0
581449,0,0
581549,0,0
581649,0,0
581749,0,0
581849,0,0
581949,0,0
582049,0,0
582149,0,0
582249,0,0
582349,0,0
582449,0,0
582549,0,0
582649,0,0
582749,0,0
582849,0,0
582949,0,0
583049,0,0
583149,0,0
583249,0,0
583349,0,0
583449,0,0
583549,0,0
583649,0,0
583749,0,0
583849,0,0
583949,0,0
584049,0,0
584149,0,0
584249,0,0
584349,0,0
584449,0,0
584549,0,0
584649,0,0
584749,0,0
584849,0,0
584949,0,0
585049,0,0
585149,0,0
585249,0,0
585349,0,0
585449,0,0
585549,0,0
585649,0,0
585749,0,0
585849,0,0
585949,0,0
586049,0,0
586149,0,0
586249,0,0
586349,0,0
586449,0,0
586549,0,0
586649,0,0
586749,0,0
586849,0,0
586949,0,0
587049,0,0
587149,0,0
587249,0,0
587349,0,0
587449,0,0
587549,0,0
587649,0,0
587749,0,0
587849,0,0
587949,0,0
588049,0,0
588149,0,0
588249,0,0
588349,0,0
588449,0,0
588549,0,0
588649,0,0
588749,0,0
588849,0,0
588949,0,0
589049,0,0
589149,0,0
589249,0,0
589349,0,0
589449,0,0
589549,0,0
589649,0,0
589749,0,0
589849,0,0
589949,0,0
590049,0,0
590149,0,0
590249,0,0
590349,0,0
590449,0,0
590549,0,0
590649,0,0
590749,0,0
590849,0,0
590949,0,0
591049,0,0
591149,0,0
591249,0,0
591349,0,0
