p:4000,20000,6000,600,8000,4000,2000,8000,70
16430,packet,1,0,0,1,61,8000
16468,event,0,0
16482,action,0,0
16980,packet,0,0,1,1
17022,packetAck,1
21006,event,2,1
21020,action,1,1
74105,packet,1,0,0,1,59,8000
74142,event,0,0
74157,action,0,0
74485,packet,0,0,1,1
74528,packetAck,1
78511,event,2,1
78525,action,1,1
78776,packet,1,0,0,1,59,8000
78814,event,0,0
78829,action,0,0
79058,packet,0,0,1,1
79101,packetAck,1
79451,packet,1,0,2,5,59,8000
79466,event,3,1
79481,action,2,1
81496,event,4,2
81514,action,1,2
83547,packet,1,0,0,1,59,8000
83585,event,0,0
83600,action,0,0
84111,packet,0,0,1,1
84166,packetAck,1
88150,event,2,1
88164,action,1,1
88330,packet,1,0,0,1,59,8000
88368,event,0,0
88383,action,0,0
88464,packet,0,0,1,1
88506,packetAck,1
92490,event,2,1
92504,action,1,1
93232,packet,1,0,0,1,63,8000
93270,event,0,0
93284,action,0,0
93373,packet,0,0,1,1
93415,packetAck,1
97397,event,2,1
97411,action,1,1
101352,packet,1,0,0,1,59,8000
101390,event,0,0
101404,action,0,0
101825,packet,0,0,1,1
101628,packetAck,1
105856,event,2,1
105870,action,1,1
106200,packet,1,0,0,1,62,8000
106238,event,0,0
106252,action,0,0
106304,packet,0,0,1,1
106346,packetAck,1
106697,packet,1,0,2,5,60,8000
106712,event,3,1
106728,action,2,1
108756,event,4,2
108770,action,1,2
110788,packet,1,0,0,1,60,8000
110826,event,0,0
110840,action,0,0
110996,packet,0,0,1,1
111038,packetAck,1
115023,event,2,1
115037,action,1,1
125910,packet,1,0,0,1,55,8000
125947,event,0,0
125963,action,0,0
126116,packet,0,0,1,1
126158,packetAck,1
130141,event,2,1
130155,action,1,1
186213,packet,1,0,0,1,67,8000
186252,event,0,0
186266,action,0,0
186327,packet,0,0,1,1
186369,packetAck,1
186701,packet,1,0,2,5,67,8000
186716,event,3,1
186731,action,2,1
188745,event,4,2
188759,action,1,2
190812,packet,1,0,0,1,64,8000
190850,event,0,0
190865,action,0,0
191044,packet,0,0,1,1
191086,packetAck,1
195068,event,2,1
195083,action,1,1
243029,packet,1,0,0,1,56,8000
243067,event,0,0
243081,action,0,0
243165,packet,0,0,1,1
243231,packetAck,1
247192,event,2,1
247206,action,1,1
247599,packet,1,0,0,1,56,8000
247637,event,0,0
247651,action,0,0
248012,packet,0,0,1,1
248055,packetAck,1
252051,event,2,1
252065,action,1,1
299756,packet,1,0,0,1,48,8000
299794,event,0,0
299810,action,0,0
300051,packet,0,0,1,1
300094,packetAck,1
300427,packet,1,0,2,5,50,8000
300442,event,3,1
300457,action,2,1
302472,event,4,2
302486,action,1,2
304527,packet,1,0,0,1,49,8000
304573,event,0,0
304588,action,0,0
305058,packet,0,0,1,1
305100,packetAck,1
309084,event,2,1
309098,action,1,1
309365,packet,1,0,0,1,50,8000
309402,event,0,0
309417,action,0,0
309636,packet,0,0,1,1
309678,packetAck,1
313660,event,2,1
313675,action,1,1
317501,packet,1,0,0,1,50,8000
317539,event,0,0
317554,action,0,0
318029,packet,0,0,1,1
318074,packetAck,0
322084,event,2,1
322098,action,1,1
322175,packet,1,0,0,1,50,8000
322213,event,0,0
322227,action,0,0
322389,packet,0,0,1,1
322431,packetAck,1
322950,packet,1,0,2,5,50,8000
322970,event,3,1
322984,action,2,1
324996,event,4,2
325011,action,1,2
327039,packet,1,0,0,1,50,8000
327077,event,0,0
327091,action,0,0
327577,packet,0,0,1,1
327593,packetAck,1
331599,event,2,1
331613,action,1,1
332054,packet,1,0,0,1,50,8000
332092,event,0,0
332106,action,0,0
332563,packet,0,0,1,1
332605,packetAck,1
336561,event,2,1
336575,action,1,1
358425,packet,1,0,0,1,49,8000
358463,event,0,0
358479,action,0,0
358920,packet,0,0,1,1
358962,packetAck,1
362956,event,2,1
362971,action,1,1
363164,packet,1,0,0,1,49,8000
363202,event,0,0
363217,action,0,0
363679,packet,0,0,1,1
363648,packetAck,1
367714,event,2,1
367728,action,1,1
367773,packet,1,0,0,1,49,8000
367811,event,0,0
367826,action,0,0
367881,packet,0,0,1,1
367940,packetAck,1
368293,packet,1,0,2,5,49,8000
368308,event,3,1
368321,action,2,1
370350,event,4,2
370364,action,1,2
372380,packet,1,0,0,1,49,8000
372417,event,0,0
372431,action,0,0
372873,packet,0,0,1,1
372915,packetAck,1
376909,event,2,1
376922,action,1,1
380554,packet,1,0,0,1,49,8000
380592,event,0,0
380606,action,0,0
380888,packet,0,0,1,1
380930,packetAck,1
384844,event,2,1
384858,action,1,1
388682,packet,1,0,0,1,49,8000
388719,event,0,0
388733,action,0,0
388858,packet,0,0,1,1
388899,packetAck,1
389251,packet,1,0,2,5,48,8000
389266,event,3,1
389281,action,2,1
391295,event,4,2
391308,action,1,2
393352,packet,1,0,0,1,48,8000
393390,event,0,0
393405,action,0,0
393818,packet,0,0,1,1
393871,packetAck,1
397854,event,2,1
397867,action,1,1
416080,packet,1,0,0,1,69,8000
416117,event,0,0
416150,action,0,0
416204,packet,0,0,1,1
416246,packetAck,1
416582,packet,1,0,2,5,76,8000
416599,event,3,1
416613,action,2,1
418627,event,4,2
418642,action,1,2
420679,packet,1,0,0,1,73,8000
425347,packet,1,0,0,1,73,8000
474972,packet,1,0,0,1,51,8000
475011,event,0,0
475026,action,0,0
475439,packet,0,0,1,1
475481,packetAck,1
479461,event,2,1
479475,action,1,1
479709,packet,1,0,0,1,52,8000
479747,event,0,0
479762,action,0,0
480148,packet,0,0,1,1
479923,packetAck,1
484196,event,2,1
484210,action,1,1
533432,packet,1,0,0,1,50,8000
533471,event,0,0
533486,action,0,0
533916,packet,0,0,1,1
533958,packetAck,1
537942,event,2,1
537956,action,1,1
538238,packet,1,0,0,1,50,8000
538276,event,0,0
538291,action,0,0
538353,packet,0,0,1,1
538395,packetAck,1
538738,packet,1,0,2,5,50,8000
538754,event,3,1
538768,action,2,1
540797,event,4,2
540811,action,1,2
543022,packet,1,0,0,1,50,8000
543060,event,0,0
543075,action,0,0
543588,packet,0,0,1,1
543634,packetAck,1
547636,event,2,1
547651,action,1,1
