p:4000,20000,6000,600,8000,4000,2000,8000,70
16219,packet,1,0,0,1,64,8000
16257,event,0,0
16273,action,0,0
16350,packet,0,0,1,1
16391,packetAck,1
16723,packet,1,0,2,5,63,8000
16739,event,3,1
16754,action,2,1
18768,event,4,2
18783,action,1,2
20808,packet,1,0,0,1,63,8000
20846,event,0,0
20860,action,0,0
20942,packet,0,0,1,1
20984,packetAck,1
24967,event,2,1
24981,action,1,1
74059,packet,1,0,0,1,56,8000
74097,event,0,0
74111,action,0,0
74400,packet,0,0,1,1
74457,packetAck,1
78443,event,2,1
78461,action,1,1
78699,packet,1,0,0,1,56,8000
78737,event,0,0
78751,action,0,0
79083,packet,0,0,1,1
79125,packetAck,1
83120,event,2,1
83135,action,1,1
83429,packet,1,0,0,1,56,8000
83466,event,0,0
83482,action,0,0
83920,packet,0,0,1,1
83962,packetAck,1
87946,event,2,1
87960,action,1,1
88359,packet,1,0,0,1,56,8000
88397,event,0,0
88411,action,0,0
88685,packet,0,0,1,1
88742,packetAck,1
89167,packet,1,0,2,5,56,8000
89183,event,3,1
89197,action,2,1
91209,event,4,2
91223,action,1,2
93274,packet,1,0,0,1,56,8000
93316,event,0,0
93332,action,0,0
93763,packet,0,0,1,1
93735,packetAck,1
97784,event,2,1
97823,action,1,1
101400,packet,1,0,0,1,55,8000
101438,event,0,0
101452,action,0,0
101675,packet,0,0,1,1
101716,packetAck,1
105702,event,2,1
105716,action,1,1
106201,packet,1,0,0,1,56,8000
106255,event,0,0
106269,action,0,0
106450,packet,0,0,1,1
106493,packetAck,1
110479,event,2,1
110493,action,1,1
129602,packet,1,0,0,1,55,8000
129640,event,0,0
129655,action,0,0
130118,packet,0,0,1,1
129745,packetAck,1
134144,event,2,1
134158,action,1,1
134178,packet,1,0,0,1,55,8000
134216,event,0,0
134231,action,0,0
134619,packet,0,0,1,1
134661,packetAck,1
138649,event,2,1
138663,action,1,1
186175,packet,1,0,0,1,61,8000
186213,event,0,0
186227,action,0,0
186569,packet,0,0,1,1
186611,packetAck,1
190608,event,2,1
190622,action,1,1
190728,packet,1,0,0,1,62,8000
190765,event,0,0
190780,action,0,0
191177,packet,0,0,1,1
191219,packetAck,1
195204,event,2,1
195218,action,1,1
242976,packet,1,0,0,1,57,8000
243014,event,0,0
243028,action,0,0
243263,packet,0,0,1,1
243305,packetAck,1
247303,event,2,1
247317,action,1,1
299837,packet,1,0,0,1,51,8000
299875,event,0,0
299890,action,0,0
300318,packet,0,0,1,1
300360,packetAck,1
304358,event,2,1
304372,action,1,1
304425,packet,1,0,0,1,52,8000
304463,event,0,0
304478,action,0,0
304728,packet,0,0,1,1
304770,packetAck,1
308767,event,2,1
308781,action,1,1
309387,packet,1,0,0,1,52,8000
309441,event,0,0
309456,action,0,0
309493,packet,0,0,1,1
309536,packetAck,1
309886,packet,1,0,2,5,52,8000
309902,event,3,1
309916,action,2,1
311927,event,4,2
311942,action,1,2
314171,packet,1,0,0,1,52,8000
314209,event,0,0
314223,action,0,0
314511,packet,0,0,1,1
314553,packetAck,1
318551,event,2,1
318565,action,1,1
319055,packet,1,0,0,1,52,8000
319093,event,0,0
319124,action,0,0
319413,packet,0,0,1,1
319404,packetAck,1
323434,event,2,1
323448,action,1,1
327187,packet,1,0,0,1,52,8000
327225,event,0,0
327239,action,0,0
327394,packet,0,0,1,1
327436,packetAck,1
331419,event,2,1
331445,action,1,1
331829,packet,1,0,0,1,52,8000
331867,event,0,0
331881,action,0,0
332076,packet,0,0,1,1
332118,packetAck,1
332469,packet,1,0,2,5,51,8000
332484,event,3,1
332499,action,2,1
334513,event,4,2
334527,action,1,2
336554,packet,1,0,0,1,52,8000
336591,event,0,0
336606,action,0,0
336834,packet,0,0,1,1
336876,packetAck,1
340862,event,2,1
340876,action,1,1
358383,packet,1,0,0,1,47,8000
358421,event,0,0
358435,action,0,0
358570,packet,0,0,1,1
358612,packetAck,1
358946,packet,1,0,2,5,47,8000
358961,event,3,1
358975,action,2,1
360989,event,4,2
361002,action,1,2
363053,packet,1,0,0,1,59,8000
363091,event,0,0
363105,action,0,0
363130,packet,0,0,1,1
363185,packetAck,1
367170,event,2,1
367183,action,1,1
371189,packet,1,0,0,1,50,8000
371226,event,0,0
371240,action,0,0
371296,packet,0,0,1,1
371338,packetAck,1
375321,event,2,1
375334,action,1,1
379325,packet,1,0,0,1,51,8000
379362,event,0,0
379376,action,0,0
379658,packet,0,0,1,1
379700,packetAck,1
380051,packet,1,0,2,5,51,8000
380066,event,3,1
380080,action,2,1
382109,event,4,2
382123,action,1,2
384118,packet,1,0,0,1,51,8000
384155,event,0,0
384169,action,0,0
384662,packet,0,0,1,1
384704,packetAck,1
388720,event,2,1
388733,action,1,1
392290,packet,1,0,0,1,50,8000
392327,event,0,0
392341,action,0,0
392716,packet,0,0,1,1
392758,packetAck,1
396739,event,2,1
396752,action,1,1
412602,packet,1,0,0,1,65,8000
412639,event,0,0
412653,action,0,0
413075,packet,0,0,1,1
413130,packetAck,1
417092,event,2,1
417107,action,1,1
417188,packet,1,0,0,1,60,8000
417226,event,0,0
417240,action,0,0
417443,packet,0,0,1,1
417486,packetAck,1
421481,event,2,1
421496,action,1,1
474894,packet,1,0,0,1,57,8000
474943,event,0,0
474958,action,0,0
475347,packet,0,0,1,1
475389,packetAck,1
479373,event,2,1
479387,action,1,1
479716,packet,1,0,0,1,57,8000
479754,event,0,0
479769,action,0,0
480015,packet,0,0,1,1
479765,packetAck,1
484037,event,2,1
484052,action,1,1
484403,packet,1,0,0,1,58,8000
484441,event,0,0
484456,action,0,0
484628,packet,0,0,1,1
484671,packetAck,1
485021,packet,1,0,2,5,58,8000
485038,event,3,1
485052,action,2,1
487082,event,4,2
487096,action,1,2
489107,packet,1,0,0,1,57,8000
489156,event,0,0
489171,action,0,0
489373,packet,0,0,1,1
489416,packetAck,1
493411,event,2,1
493426,action,1,1
533614,packet,1,0,0,1,51,8000
533652,event,0,0
533667,action,0,0
533721,packet,0,0,1,1
533764,packetAck,1
534168,packet,1,0,2,5,52,8000
534188,event,3,1
534203,action,2,1
534664,packet,1,0,2,5,52,8000
534679,event,1,2
534730,packet,1,0,2,5,52,8000
534746,event,1,2
542741,event,4,2
542755,action,1,2
545839,packet,1,0,0,1,52,8000
545877,event,0,0
545891,action,0,0
546040,packet,0,0,1,1
546094,packetAck,1
550088,event,2,1
550103,action,1,1
