p:4000,20000,6000,600,8000,4000,2000,8000,70
16214,packet,1,0,0,1,52,8000
16252,event,0,0
16267,action,0,0
16396,packet,0,0,1,1
16438,packetAck,1
20435,event,2,1
20450,action,1,1
20801,packet,1,0,0,1,55,8000
20839,event,0,0
20853,action,0,0
21164,packet,0,0,1,1
21206,packetAck,1
25189,event,2,1
25203,action,1,1
74053,packet,1,0,0,1,58,8000
74091,event,0,0
74105,action,0,0
74552,packet,0,0,1,1
74595,packetAck,1
78578,event,2,1
78592,action,1,1
78820,packet,1,0,0,1,59,8000
78858,event,0,0
78878,action,0,0
78898,packet,0,0,1,1
78954,packetAck,1
79452,packet,1,0,2,5,59,8000
79468,event,3,1
79483,action,2,1
81497,event,4,2
81527,action,1,2
83547,packet,1,0,0,1,59,8000
83585,event,0,0
83600,action,0,0
83726,packet,0,0,1,1
83768,packetAck,1
87758,event,2,1
87772,action,1,1
88579,packet,1,0,0,1,58,8000
88617,event,0,0
88632,action,0,0
88667,packet,0,0,1,1
88711,packetAck,1
92694,event,2,1
92708,action,1,1
93520,packet,1,0,0,1,59,8000
93558,event,0,0
93572,action,0,0
93795,packet,0,0,1,1
93565,packetAck,1
97819,event,2,1
97833,action,1,1
101667,packet,1,0,0,1,56,8000
101705,event,0,0
101719,action,0,0
102010,packet,0,0,1,1
102052,packetAck,1
106050,event,2,1
106064,action,1,1
106277,packet,1,0,0,1,56,8000
106315,event,0,0
106330,action,0,0
106563,packet,0,0,1,1
106605,packetAck,1
110589,event,2,1
110604,action,1,1
129610,packet,1,0,0,1,57,8000
129648,event,0,0
129662,action,0,0
130152,packet,0,0,1,1
129654,packetAck,1
134168,event,2,1
134183,action,1,1
186223,packet,1,0,0,1,73,8000
190886,packet,1,0,0,1,71,8000
195810,packet,1,0,0,1,64,8000
195848,event,0,0
195863,action,0,0
196033,packet,0,0,1,1
196075,packetAck,1
196579,packet,1,0,2,5,65,8000
196594,event,3,1
196621,action,2,1
198632,event,4,2
198646,action,1,2
200678,packet,1,0,0,1,66,8000
200716,event,0,0
200731,action,0,0
200855,packet,0,0,1,1
200898,packetAck,1
204881,event,2,1
204895,action,1,1
243101,packet,1,0,0,1,58,8000
243139,event,0,0
243154,action,0,0
243354,packet,0,0,1,1
243401,packetAck,1
247384,event,2,1
247399,action,1,1
299913,packet,1,0,0,1,51,8000
299951,event,0,0
299967,action,0,0
300066,packet,0,0,1,1
300108,packetAck,1
300449,packet,1,0,2,5,51,8000
300464,event,3,1
300480,action,2,1
302494,event,4,2
302508,action,1,2
304668,packet,1,0,0,1,50,8000
304706,event,0,0
304721,action,0,0
304887,packet,0,0,1,1
304929,packetAck,1
308913,event,2,1
308928,action,1,1
309601,packet,1,0,0,1,50,8000
309639,event,0,0
309655,action,0,0
309720,packet,0,0,1,1
309766,packetAck,1
313779,event,2,1
313794,action,1,1
314520,packet,1,0,0,1,51,8000
314558,event,0,0
314573,action,0,0
314849,packet,0,0,1,1
314891,packetAck,1
318873,event,2,1
318887,action,1,1
322848,packet,1,0,0,1,51,8000
322886,event,0,0
322900,action,0,0
322932,packet,0,0,1,1
322980,packetAck,1
323341,packet,1,0,2,5,51,8000
323356,event,3,1
323371,action,2,1
323639,packet,1,0,2,5,51,8000
323671,event,1,2
323710,packet,1,0,2,5,51,8000
323726,event,1,2
331723,event,4,2
331737,action,1,2
336392,packet,1,0,0,1,50,8000
336430,event,0,0
336444,action,0,0
336914,packet,0,0,1,1
336956,packetAck,1
340942,event,2,1
340957,action,1,1
358494,packet,1,0,0,1,50,8000
358532,event,0,0
358546,action,0,0
358933,packet,0,0,1,1
358976,packetAck,1
362959,event,2,1
362973,action,1,1
363328,packet,1,0,0,1,59,8000
363366,event,0,0
363381,action,0,0
363779,packet,0,0,1,1
363821,packetAck,1
367783,event,2,1
367798,action,1,1
371462,packet,1,0,0,1,50,8000
371500,event,0,0
371514,action,0,0
371803,packet,0,0,1,1
371845,packetAck,1
375828,event,2,1
375842,action,1,1
379613,packet,1,0,0,1,50,8000
379651,event,0,0
379665,action,0,0
379733,packet,0,0,1,1
379775,packetAck,1
380127,packet,1,0,2,5,50,8000
380159,event,3,1
380173,action,2,1
382203,event,4,2
382217,action,1,2
384415,packet,1,0,0,1,50,8000
384453,event,0,0
384478,action,0,0
384657,packet,0,0,1,1
384699,packetAck,1
388681,event,2,1
388694,action,1,1
392553,packet,1,0,0,1,50,8000
392589,event,0,0
392604,action,0,0
392914,packet,0,0,1,1
392956,packetAck,1
396934,event,2,1
396948,action,1,1
412860,packet,1,0,0,1,66,8000
412897,event,0,0
412911,action,0,0
412984,packet,0,0,1,1
413026,packetAck,1
417005,event,2,1
417019,action,1,1
417425,packet,1,0,0,1,67,8000
417463,event,0,0
417477,action,0,0
417927,packet,0,0,1,1
417969,packetAck,1
421950,event,2,1
421963,action,1,1
422193,packet,1,0,0,1,67,8000
422230,event,0,0
422244,action,0,0
422598,packet,0,0,1,1
422640,packetAck,1
426624,event,2,1
426642,action,1,1
475126,packet,1,0,0,1,51,8000
475164,event,0,0
475179,action,0,0
475268,packet,0,0,1,1
475310,packetAck,1
479294,event,2,1
479308,action,1,1
533745,packet,1,0,0,1,50,8000
533783,event,0,0
533797,action,0,0
533885,packet,0,0,1,1
533939,packetAck,1
534262,packet,1,0,2,5,50,8000
534277,event,3,1
534293,action,2,1
534728,packet,1,0,2,5,50,8000
534743,event,1,2
534794,packet,1,0,2,5,51,8000
534810,event,1,2
542809,event,4,2
542824,action,1,2
545954,packet,1,0,0,1,51,8000
545996,event,0,0
546010,action,0,0
546187,packet,0,0,1,1
546229,packetAck,1
550229,event,2,1
550244,action,1,1
554874,packet,1,0,0,1,50,8000
554912,event,0,0
554927,action,0,0
555440,packet,0,0,1,1
555482,packetAck,1
559465,event,2,1
559479,action,1,1
