p:4000,20000,6000,600,8000,4000,2000,8000,70
15102,0,0
15202,0,0
15302,0,0
15402,0,0
15502,0,0
15602,0,0
15702,0,0
15802,0,0
15902,0,0
16002,0,0
16102,0,0
16202,0,0
16376,0,0
16476,0,1
16576,0,1
16676,0,1
16777,1,2
16877,1,2
16977,1,2
17077,1,2
17177,1,2
17277,1,2
17377,1,2
17477,1,2
17577,1,2
17677,1,2
17777,1,2
17877,1,2
17977,1,2
18077,1,2
18177,1,2
18277,1,2
18377,1,2
18477,1,2
18577,1,2
18677,1,2
18797,0,0
18897,0,0
18997,0,0
19094,0,0
19194,0,0
19294,0,0
19394,0,0
19494,0,0
19594,0,0
19694,0,0
19794,0,0
19894,0,0
19994,0,0
20094,0,0
20194,0,0
20294,0,0
20394,0,0
20494,0,0
20594,0,0
20694,0,0
20794,0,0
20969,0,0
21069,0,1
21169,0,1
21269,0,1
21369,0,1
21469,0,1
21569,0,1
21669,0,1
21769,0,1
21869,0,1
21969,0,1
22069,0,1
22169,0,1
22269,0,1
22369,0,1
22469,0,1
22569,0,1
22669,0,1
22769,0,1
22869,0,1
22969,0,1
23067,0,1
23167,0,1
23267,0,1
23367,0,1
23467,0,1
23567,0,1
23667,0,1
23767,0,1
23867,0,1
23967,0,1
24068,0,1
24168,0,1
24268,0,1
24368,0,1
24468,0,1
24568,0,1
24668,0,1
24768,0,1
24868,0,1
24995,0,0
25095,0,0
25195,0,0
25295,0,0
25395,0,0
25495,0,0
25595,0,0
25695,0,0
25795,0,0
25895,0,0
25995,0,0
26095,0,0
26195,0,0
26295,0,0
26395,0,0
26495,0,0
26595,0,0
26695,0,0
26795,0,0
26895,0,0
26995,0,0
27093,0,0
27193,0,0
27293,0,0
27394,0,0
27494,0,0
27594,0,0
27694,0,0
27794,0,0
27894,0,0
27994,0,0
28094,0,0
28194,0,0
28294,0,0
28394,0,0
28494,0,0
28594,0,0
28694,0,0
28794,0,0
28894,0,0
28994,0,0
29094,0,0
29194,0,0
29294,0,0
29394,0,0
29494,0,0
29594,0,0
29694,0,0
29794,0,0
29894,0,0
29994,0,0
30094,0,0
30194,0,0
30295,0,0
30395,0,0
30495,0,0
30595,0,0
30695,0,0
30795,0,0
30895,0,0
30995,0,0
31092,0,0
31192,0,0
31292,0,0
31392,0,0
31492,0,0
31592,0,0
31692,0,0
31792,0,0
31892,0,0
31992,0,0
32092,0,0
32192,0,0
32292,0,0
32392,0,0
32492,0,0
32592,0,0
32692,0,0
32792,0,0
32892,0,0
32992,0,0
33092,0,0
33192,0,0
33292,0,0
33392,0,0
33492,0,0
33592,0,0
33692,0,0
33792,0,0
33892,0,0
33992,0,0
34092,0,0
34192,0,0
34292,0,0
34392,0,0
34492,0,0
34592,0,0
34692,0,0
34792,0,0
34892,0,0
34992,0,0
35090,0,0
35190,0,0
35290,0,0
35390,0,0
35490,0,0
35590,0,0
35690,0,0
35790,0,0
35890,0,0
35990,0,0
36090,0,0
36190,0,0
36290,0,0
36390,0,0
36490,0,0
36590,0,0
36690,0,0
36790,0,0
36890,0,0
36990,0,0
37090,0,0
37190,0,0
37290,0,0
37390,0,0
37490,0,0
37590,0,0
37690,0,0
37790,0,0
37890,0,0
37990,0,0
38090,0,0
38190,0,0
38290,0,0
38390,0,0
38490,0,0
38590,0,0
38690,0,0
38790,0,0
38890,0,0
38990,0,0
39088,0,0
39188,0,0
39288,0,0
39388,0,0
39488,0,0
39588,0,0
39688,0,0
39788,0,0
39888,0,0
39988,0,0
40088,0,0
40188,0,0
40288,0,0
40388,0,0
40488,0,0
40588,0,0
40688,0,0
40788,0,0
40888,0,0
40988,0,0
41088,0,0
41188,0,0
41288,0,0
41388,0,0
41488,0,0
41588,0,0
41688,0,0
41788,0,0
41888,0,0
41988,0,0
42088,0,0
42188,0,0
42288,0,0
42388,0,0
42488,0,0
42588,0,0
42688,0,0
42788,0,0
42888,0,0
42988,0,0
43085,0,0
43185,0,0
43285,0,0
43385,0,0
43485,0,0
43585,0,0
43685,0,0
43785,0,0
43885,0,0
43985,0,0
44085,0,0
44185,0,0
44285,0,0
44385,0,0
44485,0,0
44585,0,0
44685,0,0
44785,0,0
44885,0,0
44985,0,0
45085,0,0
45185,0,0
45285,0,0
45385,0,0
45485,0,0
45585,0,0
45685,0,0
45785,0,0
45885,0,0
45985,0,0
46085,0,0
46185,0,0
46285,0,0
46385,0,0
46485,0,0
46585,0,0
46685,0,0
46785,0,0
46885,0,0
46985,0,0
47083,0,0
47183,0,0
47283,0,0
47383,0,0
47483,0,0
47583,0,0
47683,0,0
47783,0,0
47883,0,0
47983,0,0
48083,0,0
48183,0,0
48283,0,0
48383,0,0
48483,0,0
48583,0,0
48683,0,0
48783,0,0
48883,0,0
48983,0,0
49083,0,0
49183,0,0
49283,0,0
49383,0,0
49483,0,0
49583,0,0
49683,0,0
49783,0,0
49883,0,0
49983,0,0
50083,0,0
50183,0,0
50283,0,0
50383,0,0
50483,0,0
50583,0,0
50683,0,0
50783,0,0
50883,0,0
50983,0,0
51081,0,0
51181,0,0
51281,0,0
51381,0,0
51481,0,0
51581,0,0
51681,0,0
51781,0,0
51881,0,0
51981,0,0
52081,0,0
52181,0,0
52281,0,0
52381,0,0
52481,0,0
52581,0,0
52681,0,0
52781,0,0
52881,0,0
52981,0,0
53081,0,0
53181,0,0
53281,0,0
53381,0,0
53481,0,0
53581,0,0
53681,0,0
53781,0,0
53881,0,0
53981,0,0
54081,0,0
54181,0,0
54281,0,0
54381,0,0
54481,0,0
54581,0,0
54681,0,0
54781,0,0
54881,0,0
54981,0,0
55081,0,0
55181,0,0
55281,0,0
55381,0,0
55481,0,0
55581,0,0
55681,0,0
55781,0,0
55881,0,0
55981,0,0
56081,0,0
56181,0,0
56281,0,0
56381,0,0
56481,0,0
56581,0,0
56681,0,0
56781,0,0
56881,0,0
56981,0,0
57081,0,0
57181,0,0
57281,0,0
57381,0,0
57481,0,0
57581,0,0
57681,0,0
57781,0,0
57881,0,0
57981,0,0
58081,0,0
58181,0,0
58281,0,0
58381,0,0
58481,0,0
58581,0,0
58681,0,0
58781,0,0
58881,0,0
58981,0,0
59081,0,0
59181,0,0
59281,0,0
59381,0,0
59481,0,0
59581,0,0
59681,0,0
59781,0,0
59881,0,0
59981,0,0
60081,0,0
60181,0,0
60281,0,0
60381,0,0
60481,0,0
60581,0,0
60681,0,0
60781,0,0
60881,0,0
60981,0,0
61081,0,0
61181,0,0
61281,0,0
61381,0,0
61481,0,0
61581,0,0
61681,0,0
61781,0,0
61881,0,0
61981,0,0
62081,0,0
62181,0,0
62281,0,0
62381,0,0
62481,0,0
62581,0,0
62681,0,0
62781,0,0
62881,0,0
62981,0,0
63081,0,0
63181,0,0
63281,0,0
63381,0,0
63481,0,0
63581,0,0
63681,0,0
63781,0,0
63881,0,0
63981,0,0
64081,0,0
64181,0,0
64281,0,0
64381,0,0
64481,0,0
64581,0,0
64681,0,0
64781,0,0
64881,0,0
64981,0,0
65081,0,0
65181,0,0
65281,0,0
65381,0,0
65481,0,0
65581,0,0
65681,0,0
65781,0,0
65881,0,0
65981,0,0
66081,0,0
66181,0,0
66281,0,0
66381,0,0
66481,0,0
66581,0,0
66681,0,0
66781,0,0
66881,0,0
66981,0,0
67081,0,0
67181,0,0
67281,0,0
67381,0,0
67481,0,0
67581,0,0
67681,0,0
67781,0,0
67881,0,0
67981,0,0
68081,0,0
68181,0,0
68281,0,0
68381,0,0
68481,0,0
68581,0,0
68681,0,0
68781,0,0
68881,0,0
68981,0,0
69081,0,0
69181,0,0
69281,0,0
69381,0,0
69481,0,0
69581,0,0
69681,0,0
69781,0,0
69881,0,0
69981,0,0
70081,0,0
70181,0,0
70281,0,0
70381,0,0
70481,0,0
70581,0,0
70681,0,0
70781,0,0
70881,0,0
70981,0,0
71081,0,0
71181,0,0
71281,0,0
71381,0,0
71481,0,0
71581,0,0
71681,0,0
71781,0,0
71881,0,0
71981,0,0
72081,0,0
72181,0,0
72281,0,0
72381,0,0
72481,0,0
72581,0,0
72681,0,0
72781,0,0
72881,0,0
72981,0,0
73081,0,0
73181,0,0
73281,0,0
73381,0,0
73481,0,0
73567,0,0
73667,0,0
73767,0,0
73867,0,0
73967,0,0
74443,0,0
74543,0,1
74643,0,1
74743,0,1
74843,0,1
74943,0,1
75043,0,1
75143,0,1
75243,0,1
75343,0,1
75443,0,1
75543,0,1
75643,0,1
75743,0,1
75843,0,1
75943,0,1
76043,0,1
76143,0,1
76243,0,1
76343,0,1
76443,0,1
76543,0,1
76643,0,1
76743,0,1
76843,0,1
76943,0,1
77043,0,1
77143,0,1
77243,0,1
77343,0,1
77443,0,1
77543,0,1
77629,0,1
77729,0,1
77829,0,1
77929,0,1
78029,0,1
78129,0,1
78229,0,1
78329,0,1
78429,0,1
78529,0,0
78629,0,0
79110,0,0
79210,0,1
79310,0,1
79410,0,1
79510,0,1
79610,0,1
79710,0,1
79810,0,1
79910,0,1
80010,0,1
80110,0,1
80210,0,1
80310,0,1
80410,0,1
80510,0,1
80610,0,1
80710,0,1
80810,0,1
80910,0,1
81010,0,1
81110,0,1
81210,0,1
81310,0,1
81411,0,1
81511,0,1
81621,0,1
81721,0,1
81821,0,1
81921,0,1
82021,0,1
82121,0,1
82221,0,1
82321,0,1
82421,0,1
82521,0,1
82621,0,1
82721,0,1
82821,0,1
82921,0,1
83021,0,1
83160,0,0
83260,0,0
83360,0,0
83948,0,0
84048,0,1
84148,0,1
84248,0,1
84348,0,1
84448,0,1
84548,0,1
84648,0,1
84749,0,1
84849,0,1
84949,0,1
85049,0,1
85149,0,1
85249,0,1
85349,0,1
85449,0,1
85549,0,1
85646,0,1
85746,0,1
85846,0,1
85946,0,1
86046,0,1
86146,0,1
86246,0,1
86346,0,1
86446,0,1
86546,0,1
86646,0,1
86746,0,1
86846,0,1
86946,0,1
87046,0,1
87146,0,1
87246,0,1
87346,0,1
87446,0,1
87546,0,1
87647,0,1
87747,0,1
87847,0,1
87974,0,0
88074,0,0
88174,0,0
88274,0,0
88727,0,0
88827,0,1
88927,0,1
89027,0,1
89127,0,1
89227,1,2
89327,1,2
89427,1,2
89527,1,2
89625,1,2
89725,1,2
89825,1,2
89925,1,2
90025,1,2
90125,1,2
90225,1,2
90325,1,2
90425,1,2
90525,1,2
90625,1,2
90725,1,2
90825,1,2
90925,1,2
91025,1,2
91125,1,2
91238,0,0
91338,0,0
91438,0,0
91538,0,0
91638,0,0
91738,0,0
91838,0,0
91938,0,0
92038,0,0
92138,0,0
92238,0,0
92338,0,0
92438,0,0
92538,0,0
92638,0,0
92738,0,0
92838,0,0
92938,0,0
93038,0,0
93138,0,0
93238,0,0
93791,0,0
93820,0,1
93920,0,1
94020,0,1
94120,0,1
94220,0,1
94320,0,1
94420,0,1
94520,0,1
94620,0,1
94720,0,1
94820,0,1
94920,0,1
95020,0,1
95120,0,1
95220,0,1
95320,0,1
95420,0,1
95520,0,1
95620,0,1
95720,0,1
95820,0,1
95920,0,1
96020,0,1
96120,0,1
96220,0,1
96321,0,1
96421,0,1
96521,0,1
96621,0,1
96721,0,1
96821,0,1
96921,0,1
97021,0,1
97121,0,1
97221,0,1
97321,0,1
97421,0,1
97521,0,1
97621,0,1
97838,0,0
97938,0,0
98038,0,0
98138,0,0
98238,0,0
98338,0,0
98438,0,0
98538,0,0
98638,0,0
98738,0,0
98838,0,0
98938,0,0
99038,0,0
99138,0,0
99238,0,0
99338,0,0
99438,0,0
99538,0,0
99638,0,0
99738,0,0
99838,0,0
99938,0,0
100038,0,0
100139,0,0
100239,0,0
100339,0,0
100439,0,0
100539,0,0
100639,0,0
100739,0,0
100839,0,0
100939,0,0
101039,0,0
101139,0,0
101239,0,0
101339,0,0
101702,0,0
101803,0,1
101903,0,1
102003,0,1
102103,0,1
102203,0,1
102303,0,1
102403,0,1
102503,0,1
102603,0,1
102703,0,1
102803,0,1
102903,0,1
103003,0,1
103103,0,1
103203,0,1
103303,0,1
103403,0,1
103503,0,1
103603,0,1
103703,0,1
103803,0,1
103903,0,1
104003,0,1
104103,0,1
104203,0,1
104303,0,1
104403,0,1
104503,0,1
104603,0,1
104703,0,1
104803,0,1
104903,0,1
105003,0,1
105103,0,1
105203,0,1
105303,0,1
105403,0,1
105503,0,1
105603,0,1
105731,0,0
105824,0,0
105924,0,0
106024,0,0
106124,0,0
106477,0,0
106577,0,1
106677,0,1
106777,0,1
106877,0,1
106977,0,1
107077,0,1
107177,0,1
107277,0,1
107377,0,1
107477,0,1
107577,0,1
107677,0,1
107777,0,1
107877,0,1
107977,0,1
108077,0,1
108177,0,1
108277,0,1
108377,0,1
108477,0,1
108577,0,1
108677,0,1
108777,0,1
108877,0,1
108977,0,1
109077,0,1
109178,0,1
109278,0,1
109378,0,1
109478,0,1
109578,0,1
109678,0,1
109780,0,1
109880,0,1
109980,0,1
110080,0,1
110180,0,1
110280,0,1
110380,0,1
110508,0,0
110608,0,0
110708,0,0
110808,0,0
110908,0,0
111008,0,0
111108,0,0
111208,0,0
111308,0,0
111408,0,0
111508,0,0
111608,0,0
111708,0,0
111808,0,0
111908,0,0
112008,0,0
112108,0,0
112209,0,0
112309,0,0
112409,0,0
112509,0,0
112609,0,0
112709,0,0
112809,0,0
112909,0,0
113009,0,0
113109,0,0
113209,0,0
113309,0,0
113409,0,0
113509,0,0
113609,0,0
113709,0,0
113809,0,0
113909,0,0
114009,0,0
114109,0,0
114209,0,0
114309,0,0
114409,0,0
114509,0,0
114609,0,0
114709,0,0
114809,0,0
114909,0,0
115009,0,0
115110,0,0
115210,0,0
115310,0,0
115410,0,0
115510,0,0
115610,0,0
115710,0,0
115810,0,0
115910,0,0
116010,0,0
116110,0,0
116210,0,0
116310,0,0
116410,0,0
116510,0,0
116610,0,0
116710,0,0
116810,0,0
116910,0,0
117010,0,0
117110,0,0
117210,0,0
117310,0,0
117410,0,0
117510,0,0
117610,0,0
117710,0,0
117810,0,0
117910,0,0
118010,0,0
118110,0,0
118210,0,0
118310,0,0
118410,0,0
118510,0,0
118610,0,0
118710,0,0
118810,0,0
118910,0,0
119010,0,0
119110,0,0
119210,0,0
119310,0,0
119410,0,0
119510,0,0
119610,0,0
119710,0,0
119810,0,0
119910,0,0
120010,0,0
120110,0,0
120210,0,0
120310,0,0
120410,0,0
120510,0,0
120610,0,0
120710,0,0
120810,0,0
120910,0,0
121010,0,0
121110,0,0
121210,0,0
121310,0,0
121410,0,0
121510,0,0
121610,0,0
121710,0,0
121810,0,0
121910,0,0
122010,0,0
122110,0,0
122210,0,0
122310,0,0
122410,0,0
122510,0,0
122610,0,0
122710,0,0
122810,0,0
122910,0,0
123010,0,0
123110,0,0
123210,0,0
123310,0,0
123410,0,0
123510,0,0
123610,0,0
123710,0,0
123810,0,0
123910,0,0
124010,0,0
124110,0,0
124210,0,0
124310,0,0
124410,0,0
124510,0,0
124610,0,0
124710,0,0
124810,0,0
124910,0,0
125010,0,0
125110,0,0
125210,0,0
125310,0,0
125410,0,0
125510,0,0
125610,0,0
125710,0,0
125810,0,0
125910,0,0
126010,0,0
126110,0,0
126210,0,0
126310,0,0
126410,0,0
126510,0,0
126610,0,0
126710,0,0
126810,0,0
126910,0,0
127010,0,0
127110,0,0
127210,0,0
127310,0,0
127410,0,0
127510,0,0
127610,0,0
127710,0,0
127810,0,0
127910,0,0
128010,0,0
128110,0,0
128210,0,0
128310,0,0
128410,0,0
128510,0,0
128610,0,0
128710,0,0
128810,0,0
128910,0,0
129010,0,0
129110,0,0
129210,0,0
129310,0,0
129410,0,0
129510,0,0
130150,0,0
129830,0,1
129930,0,1
130030,0,1
130130,0,1
130230,0,1
130330,0,1
130430,0,1
130530,0,1
130630,0,1
130730,0,1
130830,0,1
130930,0,1
131030,0,1
131130,0,1
131230,0,1
131330,0,1
131430,0,1
131530,0,1
131630,0,1
131730,0,1
131830,0,1
131930,0,1
132030,0,1
132130,0,1
132230,0,1
132330,0,1
132430,0,1
132530,0,1
132630,0,1
132730,0,1
132830,0,1
132930,0,1
133030,0,1
133130,0,1
133230,0,1
133330,0,1
133830,0,1
133930,0,1
134030,0,1
134130,0,1
134647,0,0
134747,0,1
134847,0,1
134947,0,1
135047,0,1
135147,0,1
135247,0,1
135347,0,1
135447,0,1
135547,0,1
135647,0,1
135747,0,1
135847,0,1
135947,0,1
136047,0,1
136147,0,1
136247,0,1
136347,0,1
136447,0,1
136547,0,1
136647,0,1
136747,0,1
136847,0,1
136947,0,1
137047,0,1
137147,0,1
137247,0,1
137347,0,1
137448,0,1
137548,0,1
137648,0,1
137750,0,1
137850,0,1
137950,0,1
138050,0,1
138150,0,1
138250,0,1
138350,0,1
138450,0,1
138550,0,1
138677,0,0
138777,0,0
138877,0,0
138977,0,0
139077,0,0
139177,0,0
139277,0,0
139377,0,0
139477,0,0
139577,0,0
139677,0,0
139777,0,0
139877,0,0
139977,0,0
140077,0,0
140177,0,0
140277,0,0
140377,0,0
140477,0,0
140577,0,0
140677,0,0
140778,0,0
140878,0,0
140978,0,0
141078,0,0
141178,0,0
141278,0,0
141378,0,0
141478,0,0
141578,0,0
141678,0,0
141778,0,0
141878,0,0
141978,0,0
142078,0,0
142178,0,0
142278,0,0
142378,0,0
142478,0,0
142578,0,0
142678,0,0
142778,0,0
142878,0,0
142978,0,0
143078,0,0
143178,0,0
143278,0,0
143378,0,0
143478,0,0
143578,0,0
143679,0,0
143779,0,0
143879,0,0
143979,0,0
144079,0,0
144179,0,0
144279,0,0
144379,0,0
144479,0,0
144579,0,0
144679,0,0
144779,0,0
144879,0,0
144979,0,0
145079,0,0
145179,0,0
145279,0,0
145379,0,0
145479,0,0
145579,0,0
145679,0,0
145779,0,0
145879,0,0
145979,0,0
146079,0,0
146179,0,0
146279,0,0
146379,0,0
146479,0,0
146580,0,0
146680,0,0
146780,0,0
146880,0,0
146980,0,0
147080,0,0
147180,0,0
147280,0,0
147380,0,0
147480,0,0
147580,0,0
147680,0,0
147780,0,0
147880,0,0
147980,0,0
148080,0,0
148180,0,0
148280,0,0
148380,0,0
148480,0,0
148580,0,0
148680,0,0
148780,0,0
148880,0,0
148980,0,0
149080,0,0
149180,0,0
149280,0,0
149380,0,0
149480,0,0
149580,0,0
149680,0,0
149774,0,0
149874,0,0
149974,0,0
150074,0,0
150174,0,0
150274,0,0
150374,0,0
150474,0,0
150574,0,0
150674,0,0
150774,0,0
150874,0,0
150974,0,0
151074,0,0
151174,0,0
151274,0,0
151374,0,0
151474,0,0
151574,0,0
151674,0,0
151774,0,0
151874,0,0
151974,0,0
152074,0,0
152174,0,0
152274,0,0
152374,0,0
152474,0,0
152574,0,0
152674,0,0
152774,0,0
152874,0,0
152974,0,0
153074,0,0
153174,0,0
153274,0,0
153374,0,0
153474,0,0
153574,0,0
153674,0,0
153771,0,0
153871,0,0
153971,0,0
154071,0,0
154171,0,0
154271,0,0
154371,0,0
154471,0,0
154571,0,0
154671,0,0
154771,0,0
154871,0,0
154971,0,0
155071,0,0
155171,0,0
155271,0,0
155371,0,0
155471,0,0
155571,0,0
155671,0,0
155771,0,0
155871,0,0
155971,0,0
156071,0,0
156171,0,0
156271,0,0
156371,0,0
156471,0,0
156571,0,0
156671,0,0
156771,0,0
156871,0,0
156971,0,0
157071,0,0
157171,0,0
157271,0,0
157371,0,0
157471,0,0
157571,0,0
157671,0,0
157771,0,0
157871,0,0
157971,0,0
158071,0,0
158171,0,0
158271,0,0
158371,0,0
158471,0,0
158571,0,0
158671,0,0
158771,0,0
158871,0,0
158971,0,0
159071,0,0
159171,0,0
159271,0,0
159371,0,0
159471,0,0
159571,0,0
159671,0,0
159771,0,0
159871,0,0
159971,0,0
160071,0,0
160171,0,0
160271,0,0
160371,0,0
160471,0,0
160571,0,0
160671,0,0
160771,0,0
160871,0,0
160971,0,0
161071,0,0
161171,0,0
161271,0,0
161371,0,0
161471,0,0
161571,0,0
161671,0,0
161767,0,0
161867,0,0
161967,0,0
162075,0,0
162175,0,0
162275,0,0
162375,0,0
162475,0,0
162575,0,0
162675,0,0
162775,0,0
162875,0,0
162975,0,0
163075,0,0
163175,0,0
163275,0,0
163375,0,0
163475,0,0
163575,0,0
163675,0,0
163775,0,0
163875,0,0
163975,0,0
164075,0,0
164175,0,0
164275,0,0
164375,0,0
164475,0,0
164575,0,0
164675,0,0
164775,0,0
164875,0,0
164975,0,0
165075,0,0
165175,0,0
165275,0,0
165375,0,0
165475,0,0
165575,0,0
165675,0,0
165773,0,0
165873,0,0
165973,0,0
166073,0,0
166173,0,0
166273,0,0
166373,0,0
166473,0,0
166573,0,0
166673,0,0
166773,0,0
166873,0,0
166973,0,0
167073,0,0
167173,0,0
167273,0,0
167373,0,0
167473,0,0
167573,0,0
167673,0,0
167773,0,0
167873,0,0
167973,0,0
168073,0,0
168173,0,0
168273,0,0
168373,0,0
168473,0,0
168573,0,0
168673,0,0
168773,0,0
168873,0,0
168973,0,0
169073,0,0
169173,0,0
169273,0,0
169373,0,0
169473,0,0
169573,0,0
169673,0,0
169773,0,0
169873,0,0
169973,0,0
170073,0,0
170173,0,0
170273,0,0
170373,0,0
170473,0,0
170573,0,0
170673,0,0
170773,0,0
170873,0,0
170973,0,0
171073,0,0
171173,0,0
171273,0,0
171373,0,0
171473,0,0
171573,0,0
171673,0,0
171773,0,0
171873,0,0
171973,0,0
172073,0,0
172173,0,0
172273,0,0
172373,0,0
172473,0,0
172573,0,0
172673,0,0
172773,0,0
172873,0,0
172973,0,0
173073,0,0
173173,0,0
173273,0,0
173373,0,0
173473,0,0
173573,0,0
173673,0,0
173773,0,0
173873,0,0
173973,0,0
174073,0,0
174173,0,0
174273,0,0
174373,0,0
174473,0,0
174573,0,0
174673,0,0
174773,0,0
174873,0,0
174973,0,0
175073,0,0
175173,0,0
175273,0,0
175373,0,0
175473,0,0
175573,0,0
175673,0,0
175773,0,0
175873,0,0
175973,0,0
176073,0,0
176173,0,0
176273,0,0
176373,0,0
176473,0,0
176573,0,0
176673,0,0
176773,0,0
176873,0,0
176973,0,0
177073,0,0
177173,0,0
177273,0,0
177373,0,0
177473,0,0
177573,0,0
177673,0,0
177773,0,0
177873,0,0
177973,0,0
178073,0,0
178173,0,0
178273,0,0
178373,0,0
178473,0,0
178573,0,0
178673,0,0
178773,0,0
178873,0,0
178973,0,0
179073,0,0
179173,0,0
179273,0,0
179373,0,0
179473,0,0
179573,0,0
179673,0,0
179773,0,0
179873,0,0
179973,0,0
180073,0,0
180173,0,0
180273,0,0
180373,0,0
180473,0,0
180573,0,0
180673,0,0
180773,0,0
180873,0,0
180973,0,0
181073,0,0
181173,0,0
181273,0,0
181373,0,0
181473,0,0
181573,0,0
181673,0,0
181773,0,0
181873,0,0
181973,0,0
182073,0,0
182173,0,0
182273,0,0
182373,0,0
182473,0,0
182573,0,0
182673,0,0
182773,0,0
182873,0,0
182973,0,0
183073,0,0
183173,0,0
183273,0,0
183373,0,0
183473,0,0
183573,0,0
183673,0,0
183773,0,0
183873,0,0
183973,0,0
184073,0,0
184173,0,0
184273,0,0
184373,0,0
184473,0,0
184573,0,0
184673,0,0
184773,0,0
184873,0,0
184973,0,0
185073,0,0
185173,0,0
185273,0,0
185373,0,0
185473,0,0
185573,0,0
185673,0,0
185773,0,0
185873,0,0
185961,0,0
186061,0,0
186161,0,0
186597,0,0
186697,0,1
186797,0,1
186897,0,1
186997,0,1
187097,0,1
187197,0,1
187297,0,1
187397,0,1
187497,0,1
187597,0,1
187697,0,1
187797,0,1
187897,0,1
187997,0,1
188097,0,1
188197,0,1
188297,0,1
188397,0,1
188497,0,1
188597,0,1
188697,0,1
188797,0,1
188897,0,1
188997,0,1
189097,0,1
189197,0,1
189297,0,1
189397,0,1
189497,0,1
189597,0,1
189697,0,1
189797,0,1
189897,0,1
189994,0,1
190094,0,1
190194,0,1
190294,0,1
190394,0,1
190494,0,1
190594,0,1
190694,0,0
191205,0,0
191305,0,1
191405,0,1
191505,0,1
191606,0,1
191706,0,1
191806,0,1
191906,0,1
192006,0,1
192106,0,1
192206,0,1
192306,0,1
192406,0,1
192506,0,1
192606,0,1
192706,0,1
192806,0,1
192906,0,1
193006,0,1
193106,0,1
193206,0,1
193306,0,1
193406,0,1
193506,0,1
193606,0,1
193706,0,1
193806,0,1
193906,0,1
194005,0,1
194105,0,1
194205,0,1
194305,0,1
194405,0,1
194505,0,1
194605,0,1
194705,0,1
194805,0,1
194905,0,1
195005,0,1
195105,0,1
195252,0,0
195352,0,0
195452,0,0
195552,0,0
195652,0,0
195752,0,0
195852,0,0
195952,0,0
196052,0,0
196152,0,0
196252,0,0
196352,0,0
196452,0,0
196552,0,0
196652,0,0
196752,0,0
196853,0,0
196953,0,0
197053,0,0
197153,0,0
197253,0,0
197353,0,0
197453,0,0
197553,0,0
197653,0,0
197753,0,0
197853,0,0
197949,0,0
198049,0,0
198149,0,0
198249,0,0
198349,0,0
198449,0,0
198549,0,0
198649,0,0
198749,0,0
198849,0,0
198949,0,0
199049,0,0
199149,0,0
199249,0,0
199349,0,0
199449,0,0
199549,0,0
199649,0,0
199749,0,0
199849,0,0
199949,0,0
200049,0,0
200149,0,0
200249,0,0
200349,0,0
200449,0,0
200549,0,0
200649,0,0
200749,0,0
200849,0,0
200949,0,0
201049,0,0
201149,0,0
201249,0,0
201349,0,0
201449,0,0
201549,0,0
201649,0,0
201749,0,0
201849,0,0
201948,0,0
202048,0,0
202148,0,0
202248,0,0
202348,0,0
202448,0,0
202548,0,0
202648,0,0
202748,0,0
202848,0,0
202948,0,0
203048,0,0
203148,0,0
203248,0,0
203348,0,0
203448,0,0
203548,0,0
203648,0,0
203748,0,0
203848,0,0
203948,0,0
204048,0,0
204148,0,0
204248,0,0
204348,0,0
204448,0,0
204548,0,0
204648,0,0
204748,0,0
204848,0,0
204948,0,0
205048,0,0
205148,0,0
205248,0,0
205348,0,0
205448,0,0
205548,0,0
205648,0,0
205748,0,0
205848,0,0
205945,0,0
206045,0,0
206145,0,0
206245,0,0
206345,0,0
206445,0,0
206545,0,0
206645,0,0
206745,0,0
206845,0,0
206945,0,0
207045,0,0
207145,0,0
207245,0,0
207345,0,0
207445,0,0
207545,0,0
207645,0,0
207745,0,0
207845,0,0
207945,0,0
208045,0,0
208145,0,0
208245,0,0
208345,0,0
208445,0,0
208545,0,0
208645,0,0
208745,0,0
208845,0,0
208945,0,0
209045,0,0
209145,0,0
209245,0,0
209345,0,0
209445,0,0
209545,0,0
209645,0,0
209745,0,0
209845,0,0
209945,0,0
210040,0,0
210140,0,0
210240,0,0
210340,0,0
210440,0,0
210540,0,0
210640,0,0
210740,0,0
210840,0,0
210940,0,0
211040,0,0
211140,0,0
211240,0,0
211340,0,0
211440,0,0
211540,0,0
211640,0,0
211740,0,0
211840,0,0
211940,0,0
212040,0,0
212140,0,0
212240,0,0
212340,0,0
212440,0,0
212540,0,0
212640,0,0
212740,0,0
212840,0,0
212940,0,0
213040,0,0
213140,0,0
213240,0,0
213340,0,0
213440,0,0
213540,0,0
213640,0,0
213740,0,0
213840,0,0
213940,0,0
214034,0,0
214134,0,0
214234,0,0
214334,0,0
214434,0,0
214534,0,0
214634,0,0
214734,0,0
214834,0,0
214934,0,0
215034,0,0
215134,0,0
215234,0,0
215334,0,0
215434,0,0
215534,0,0
215634,0,0
215734,0,0
215834,0,0
215934,0,0
216034,0,0
216134,0,0
216234,0,0
216334,0,0
216434,0,0
216534,0,0
216634,0,0
216734,0,0
216834,0,0
216934,0,0
217034,0,0
217134,0,0
217234,0,0
217334,0,0
217434,0,0
217534,0,0
217634,0,0
217734,0,0
217834,0,0
217934,0,0
218039,0,0
218139,0,0
218239,0,0
218339,0,0
218439,0,0
218539,0,0
218639,0,0
218739,0,0
218839,0,0
218939,0,0
219039,0,0
219139,0,0
219239,0,0
219339,0,0
219439,0,0
219539,0,0
219639,0,0
219739,0,0
219839,0,0
219939,0,0
220039,0,0
220139,0,0
220239,0,0
220339,0,0
220439,0,0
220539,0,0
220639,0,0
220739,0,0
220839,0,0
220939,0,0
221039,0,0
221139,0,0
221239,0,0
221339,0,0
221439,0,0
221539,0,0
221639,0,0
221739,0,0
221839,0,0
221939,0,0
222036,0,0
222136,0,0
222236,0,0
222336,0,0
222436,0,0
222536,0,0
222636,0,0
222736,0,0
222836,0,0
222936,0,0
223036,0,0
223136,0,0
223236,0,0
223336,0,0
223436,0,0
223536,0,0
223636,0,0
223736,0,0
223836,0,0
223936,0,0
224036,0,0
224136,0,0
224236,0,0
224336,0,0
224436,0,0
224536,0,0
224636,0,0
224736,0,0
224836,0,0
224936,0,0
225036,0,0
225136,0,0
225236,0,0
225336,0,0
225436,0,0
225536,0,0
225636,0,0
225736,0,0
225836,0,0
225936,0,0
226036,0,0
226136,0,0
226236,0,0
226336,0,0
226436,0,0
226536,0,0
226636,0,0
226736,0,0
226836,0,0
226936,0,0
227036,0,0
227136,0,0
227236,0,0
227336,0,0
227436,0,0
227536,0,0
227636,0,0
227736,0,0
227836,0,0
227936,0,0
228036,0,0
228136,0,0
228236,0,0
228336,0,0
228436,0,0
228536,0,0
228636,0,0
228736,0,0
228836,0,0
228936,0,0
229036,0,0
229136,0,0
229236,0,0
229336,0,0
229436,0,0
229536,0,0
229636,0,0
229736,0,0
229836,0,0
229936,0,0
230036,0,0
230136,0,0
230236,0,0
230336,0,0
230436,0,0
230536,0,0
230636,0,0
230736,0,0
230836,0,0
230936,0,0
231036,0,0
231136,0,0
231236,0,0
231336,0,0
231436,0,0
231536,0,0
231636,0,0
231736,0,0
231836,0,0
231936,0,0
232036,0,0
232136,0,0
232236,0,0
232336,0,0
232436,0,0
232536,0,0
232636,0,0
232736,0,0
232836,0,0
232936,0,0
233036,0,0
233136,0,0
233236,0,0
233336,0,0
233436,0,0
233536,0,0
233636,0,0
233736,0,0
233836,0,0
233936,0,0
234036,0,0
234136,0,0
234236,0,0
234336,0,0
234436,0,0
234536,0,0
234636,0,0
234736,0,0
234836,0,0
234936,0,0
235036,0,0
235136,0,0
235236,0,0
235336,0,0
235436,0,0
235536,0,0
235636,0,0
235736,0,0
235836,0,0
235936,0,0
236036,0,0
236136,0,0
236236,0,0
236336,0,0
236436,0,0
236536,0,0
236636,0,0
236736,0,0
236836,0,0
236936,0,0
237036,0,0
237136,0,0
237236,0,0
237336,0,0
237436,0,0
237536,0,0
237636,0,0
237736,0,0
237836,0,0
237936,0,0
238036,0,0
238136,0,0
238236,0,0
238336,0,0
238436,0,0
238536,0,0
238636,0,0
238736,0,0
238836,0,0
238936,0,0
239036,0,0
239136,0,0
239236,0,0
239336,0,0
239436,0,0
239536,0,0
239636,0,0
239736,0,0
239836,0,0
239936,0,0
240036,0,0
240136,0,0
240236,0,0
240336,0,0
240436,0,0
240536,0,0
240636,0,0
240736,0,0
240836,0,0
240936,0,0
241036,0,0
241136,0,0
241236,0,0
241336,0,0
241436,0,0
241536,0,0
241636,0,0
241736,0,0
241836,0,0
241936,0,0
242036,0,0
242136,0,0
242236,0,0
242336,0,0
242436,0,0
242536,0,0
242623,0,0
242723,0,0
242823,0,0
242923,0,0
243291,0,0
243391,0,1
243491,0,1
243591,0,1
243691,0,1
243791,0,1
243891,0,1
243991,0,1
244091,0,1
244191,0,1
244291,0,1
244391,0,1
244491,0,1
244591,0,1
244691,0,1
244791,0,1
244891,0,1
244991,0,1
245091,0,1
245191,0,1
245291,0,1
245391,0,1
245491,0,1
245591,0,1
245691,0,1
245791,0,1
245891,0,1
245991,0,1
246091,0,1
246191,0,1
246291,0,1
246391,0,1
246491,0,1
246591,0,1
246688,0,1
246788,0,1
246888,0,1
246988,0,1
247088,0,1
247188,0,1
247288,0,1
247388,0,0
247488,0,0
247588,0,0
247688,0,0
247788,0,0
247888,0,0
247988,0,0
248088,0,0
248188,0,0
248288,0,0
248388,0,0
248488,0,0
248588,0,0
248688,0,0
248788,0,0
248888,0,0
248988,0,0
249088,0,0
249188,0,0
249288,0,0
249388,0,0
249488,0,0
249588,0,0
249688,0,0
249788,0,0
249888,0,0
249988,0,0
250088,0,0
250188,0,0
250288,0,0
250388,0,0
250488,0,0
250588,0,0
250684,0,0
250784,0,0
250884,0,0
250984,0,0
251084,0,0
251184,0,0
251284,0,0
251384,0,0
251484,0,0
251584,0,0
251684,0,0
251784,0,0
251884,0,0
251984,0,0
252084,0,0
252184,0,0
252284,0,0
252384,0,0
252484,0,0
252584,0,0
252684,0,0
252784,0,0
252884,0,0
252984,0,0
253084,0,0
253184,0,0
253284,0,0
253384,0,0
253484,0,0
253584,0,0
253684,0,0
253784,0,0
253884,0,0
253984,0,0
254084,0,0
254184,0,0
254284,0,0
254384,0,0
254484,0,0
254584,0,0
254684,0,0
254784,0,0
254884,0,0
254984,0,0
255084,0,0
255184,0,0
255284,0,0
255384,0,0
255484,0,0
255584,0,0
255684,0,0
255784,0,0
255884,0,0
255984,0,0
256084,0,0
256184,0,0
256284,0,0
256384,0,0
256484,0,0
256584,0,0
256684,0,0
256784,0,0
256884,0,0
256984,0,0
257084,0,0
257184,0,0
257284,0,0
257384,0,0
257484,0,0
257584,0,0
257684,0,0
257784,0,0
257884,0,0
257984,0,0
258084,0,0
258184,0,0
258284,0,0
258384,0,0
258484,0,0
258584,0,0
258682,0,0
258782,0,0
258882,0,0
258982,0,0
259082,0,0
259182,0,0
259282,0,0
259382,0,0
259482,0,0
259582,0,0
259682,0,0
259782,0,0
259882,0,0
259982,0,0
260082,0,0
260182,0,0
260282,0,0
260382,0,0
260482,0,0
260582,0,0
260682,0,0
260782,0,0
260882,0,0
260982,0,0
261082,0,0
261182,0,0
261282,0,0
261382,0,0
261482,0,0
261582,0,0
261682,0,0
261782,0,0
261882,0,0
261982,0,0
262082,0,0
262182,0,0
262282,0,0
262382,0,0
262482,0,0
262582,0,0
262679,0,0
262779,0,0
262879,0,0
262979,0,0
263079,0,0
263179,0,0
263279,0,0
263379,0,0
263479,0,0
263579,0,0
263679,0,0
263779,0,0
263879,0,0
263979,0,0
264079,0,0
264179,0,0
264279,0,0
264379,0,0
264479,0,0
264579,0,0
264679,0,0
264779,0,0
264879,0,0
264979,0,0
265079,0,0
265179,0,0
265279,0,0
265379,0,0
265479,0,0
265579,0,0
265679,0,0
265779,0,0
265879,0,0
265979,0,0
266079,0,0
266179,0,0
266279,0,0
266379,0,0
266479,0,0
266579,0,0
266675,0,0
266775,0,0
266875,0,0
266975,0,0
267075,0,0
267175,0,0
267275,0,0
267375,0,0
267475,0,0
267575,0,0
267675,0,0
267775,0,0
267875,0,0
267975,0,0
268075,0,0
268175,0,0
268275,0,0
268375,0,0
268475,0,0
268575,0,0
268675,0,0
268775,0,0
268875,0,0
268975,0,0
269075,0,0
269175,0,0
269275,0,0
269375,0,0
269475,0,0
269575,0,0
269675,0,0
269775,0,0
269875,0,0
269975,0,0
270075,0,0
270175,0,0
270275,0,0
270375,0,0
270475,0,0
270575,0,0
270674,0,0
270774,0,0
270874,0,0
270974,0,0
271074,0,0
271174,0,0
271274,0,0
271374,0,0
271474,0,0
271574,0,0
271674,0,0
271774,0,0
271874,0,0
271974,0,0
272074,0,0
272174,0,0
272274,0,0
272374,0,0
272474,0,0
272574,0,0
272674,0,0
272774,0,0
272874,0,0
272974,0,0
273074,0,0
273174,0,0
273274,0,0
273374,0,0
273474,0,0
273574,0,0
273674,0,0
273774,0,0
273874,0,0
273974,0,0
274074,0,0
274174,0,0
274274,0,0
274374,0,0
274474,0,0
274574,0,0
274672,0,0
274772,0,0
274872,0,0
274972,0,0
275072,0,0
275172,0,0
275272,0,0
275372,0,0
275472,0,0
275572,0,0
275672,0,0
275772,0,0
275872,0,0
275972,0,0
276072,0,0
276172,0,0
276272,0,0
276372,0,0
276472,0,0
276572,0,0
276672,0,0
276772,0,0
276872,0,0
276972,0,0
277072,0,0
277172,0,0
277272,0,0
277372,0,0
277472,0,0
277572,0,0
277672,0,0
277772,0,0
277872,0,0
277972,0,0
278072,0,0
278172,0,0
278272,0,0
278372,0,0
278472,0,0
278572,0,0
278670,0,0
278770,0,0
278870,0,0
278970,0,0
279070,0,0
279170,0,0
279270,0,0
279370,0,0
279470,0,0
279570,0,0
279670,0,0
279770,0,0
279870,0,0
279970,0,0
280070,0,0
280170,0,0
280270,0,0
280370,0,0
280470,0,0
280570,0,0
280670,0,0
280770,0,0
280870,0,0
280970,0,0
281070,0,0
281170,0,0
281270,0,0
281370,0,0
281470,0,0
281570,0,0
281670,0,0
281770,0,0
281870,0,0
281970,0,0
282070,0,0
282170,0,0
282270,0,0
282370,0,0
282470,0,0
282570,0,0
282670,0,0
282770,0,0
282870,0,0
282970,0,0
283070,0,0
283170,0,0
283270,0,0
283370,0,0
283470,0,0
283570,0,0
283670,0,0
283770,0,0
283870,0,0
283970,0,0
284070,0,0
284170,0,0
284270,0,0
284370,0,0
284470,0,0
284570,0,0
284670,0,0
284770,0,0
284870,0,0
284970,0,0
285070,0,0
285170,0,0
285270,0,0
285370,0,0
285470,0,0
285570,0,0
285670,0,0
285770,0,0
285870,0,0
285970,0,0
286070,0,0
286170,0,0
286270,0,0
286370,0,0
286470,0,0
286570,0,0
286670,0,0
286770,0,0
286870,0,0
286970,0,0
287070,0,0
287170,0,0
287270,0,0
287370,0,0
287470,0,0
287570,0,0
287670,0,0
287770,0,0
287870,0,0
287970,0,0
288070,0,0
288170,0,0
288270,0,0
288370,0,0
288470,0,0
288570,0,0
288670,0,0
288770,0,0
288870,0,0
288970,0,0
289070,0,0
289170,0,0
289270,0,0
289370,0,0
289470,0,0
289570,0,0
289670,0,0
289770,0,0
289870,0,0
289970,0,0
290070,0,0
290170,0,0
290270,0,0
290370,0,0
290470,0,0
290570,0,0
290670,0,0
290770,0,0
290870,0,0
290970,0,0
291070,0,0
291170,0,0
291270,0,0
291370,0,0
291470,0,0
291570,0,0
291670,0,0
291770,0,0
291870,0,0
291970,0,0
292070,0,0
292170,0,0
292270,0,0
292370,0,0
292470,0,0
292570,0,0
292670,0,0
292770,0,0
292870,0,0
292970,0,0
293070,0,0
293170,0,0
293270,0,0
293370,0,0
293470,0,0
293570,0,0
293670,0,0
293770,0,0
293870,0,0
293970,0,0
294070,0,0
294170,0,0
294270,0,0
294370,0,0
294470,0,0
294570,0,0
294670,0,0
294770,0,0
294870,0,0
294970,0,0
295070,0,0
295170,0,0
295270,0,0
295370,0,0
295470,0,0
295570,0,0
295670,0,0
295770,0,0
295870,0,0
295970,0,0
296070,0,0
296170,0,0
296270,0,0
296370,0,0
296470,0,0
296570,0,0
296670,0,0
296770,0,0
296870,0,0
296970,0,0
297070,0,0
297170,0,0
297270,0,0
297370,0,0
297470,0,0
297570,0,0
297670,0,0
297770,0,0
297870,0,0
297970,0,0
298070,0,0
298170,0,0
298270,0,0
298370,0,0
298470,0,0
298570,0,0
298670,0,0
298770,0,0
298870,0,0
298970,0,0
299070,0,0
299170,0,0
299270,0,0
299370,0,0
299458,0,0
299558,0,0
299658,0,0
299758,0,0
300346,0,0
300446,0,1
300546,0,1
300646,0,1
300746,0,1
300846,0,1
300946,0,1
301046,0,1
301146,0,1
301246,0,1
301346,0,1
301446,0,1
301546,0,1
301646,0,1
301746,0,1
301846,0,1
301946,0,1
302046,0,1
302146,0,1
302246,0,1
302346,0,1
302446,0,1
302546,0,1
302646,0,1
302746,0,1
302846,0,1
302946,0,1
303046,0,1
303146,0,1
303246,0,1
303346,0,1
303443,0,1
303543,0,1
303643,0,1
303743,0,1
303843,0,1
303943,0,1
304043,0,1
304143,0,1
304243,0,1
304343,0,1
304755,0,0
304855,0,1
304955,0,1
305055,0,1
305155,0,1
305255,0,1
305355,0,1
305455,0,1
305555,0,1
305655,0,1
305755,0,1
305855,0,1
305955,0,1
306055,0,1
306155,0,1
306255,0,1
306355,0,1
306455,0,1
306555,0,1
306655,0,1
306755,0,1
306855,0,1
306955,0,1
307055,0,1
307155,0,1
307255,0,1
307355,0,1
307453,0,1
307553,0,1
307653,0,1
307753,0,1
307853,0,1
307953,0,1
308053,0,1
308153,0,1
308253,0,1
308353,0,1
308453,0,1
308553,0,1
308653,0,1
308753,0,1
308853,0,0
308953,0,0
309053,0,0
309153,0,0
309253,0,0
309353,0,0
309522,0,0
309621,0,1
309721,0,1
309821,0,1
309930,0,1
310030,1,2
310130,1,2
310230,1,2
310330,1,2
310430,1,2
310530,1,2
310630,1,2
310730,1,2
310830,1,2
310930,1,2
311030,1,2
311130,1,2
311230,1,2
311330,1,2
311428,1,2
311528,1,2
311628,1,2
311728,1,2
311828,1,2
311956,0,0
312056,0,0
312156,0,0
312256,0,0
312356,0,0
312456,0,0
312556,0,0
312656,0,0
312756,0,0
312856,0,0
312956,0,0
313056,0,0
313156,0,0
313256,0,0
313356,0,0
313456,0,0
313556,0,0
313656,0,0
313756,0,0
313856,0,0
313956,0,0
314056,0,0
314156,0,0
314538,0,0
314638,0,1
314738,0,1
314838,0,1
314938,0,1
315038,0,1
315138,0,1
315238,0,1
315338,0,1
315436,0,1
315536,0,1
315636,0,1
315736,0,1
315836,0,1
315936,0,1
316036,0,1
316136,0,1
316236,0,1
316336,0,1
316436,0,1
316536,0,1
316636,0,1
316736,0,1
316836,0,1
316936,0,1
317036,0,1
317136,0,1
317236,0,1
317336,0,1
317436,0,1
317536,0,1
317636,0,1
317736,0,1
317836,0,1
317936,0,1
318036,0,1
318136,0,1
318236,0,1
318336,0,1
318436,0,1
318536,0,1
318636,0,0
318736,0,0
318836,0,0
318936,0,0
319036,0,0
319439,0,0
319488,0,1
319588,0,1
319688,0,1
319788,0,1
319888,0,1
319988,0,1
320088,0,1
320188,0,1
320288,0,1
320388,0,1
320488,0,1
320588,0,1
320688,0,1
320788,0,1
320889,0,1
320989,0,1
321089,0,1
321189,0,1
321289,0,1
321389,0,1
321489,0,1
321589,0,1
321689,0,1
321789,0,1
321889,0,1
321989,0,1
322089,0,1
322189,0,1
322289,0,1
322389,0,1
322489,0,1
322589,0,1
322689,0,1
322789,0,1
322889,0,1
322989,0,1
323089,0,1
323189,0,1
323289,0,1
323463,0,0
323563,0,0
323663,0,0
323763,0,0
323863,0,0
323963,0,0
324063,0,0
324163,0,0
324263,0,0
324363,0,0
324463,0,0
324563,0,0
324663,0,0
324763,0,0
324863,0,0
324963,0,0
325063,0,0
325163,0,0
325263,0,0
325363,0,0
325463,0,0
325563,0,0
325663,0,0
325763,0,0
325863,0,0
325963,0,0
326063,0,0
326163,0,0
326263,0,0
326363,0,0
326463,0,0
326563,0,0
326663,0,0
326763,0,0
326863,0,0
326963,0,0
327063,0,0
327163,0,0
327421,0,0
327521,0,1
327621,0,1
327719,0,1
327819,0,1
327919,0,1
328019,0,1
328119,0,1
328219,0,1
328319,0,1
328419,0,1
328519,0,1
328619,0,1
328719,0,1
328819,0,1
328919,0,1
329019,0,1
329119,0,1
329219,0,1
329319,0,1
329419,0,1
329519,0,1
329619,0,1
329719,0,1
329819,0,1
329919,0,1
330019,0,1
330119,0,1
330219,0,1
330320,0,1
330420,0,1
330520,0,1
330620,0,1
330720,0,1
330820,0,1
330920,0,1
331020,0,1
331120,0,1
331220,0,1
331320,0,1
331459,0,0
331559,0,0
331659,0,0
331757,0,0
332102,0,0
332202,0,1
332302,0,1
332402,0,1
332513,0,1
332613,1,2
332713,1,2
332813,1,2
332913,1,2
333013,1,2
333113,1,2
333213,1,2
333313,1,2
333413,1,2
333513,1,2
333613,1,2
333713,1,2
333813,1,2
333913,1,2
334013,1,2
334113,1,2
334213,1,2
334313,1,2
334414,1,2
334542,0,0
334642,0,0
334742,0,0
334842,0,0
334942,0,0
335042,0,0
335142,0,0
335242,0,0
335342,0,0
335442,0,0
335542,0,0
335642,0,0
335739,0,0
335839,0,0
335939,0,0
336039,0,0
336139,0,0
336239,0,0
336339,0,0
336439,0,0
336539,0,0
336862,0,0
336962,0,1
337062,0,1
337162,0,1
337262,0,1
337362,0,1
337462,0,1
337562,0,1
337662,0,1
337762,0,1
337862,0,1
337962,0,1
338062,0,1
338162,0,1
338262,0,1
338362,0,1
338462,0,1
338562,0,1
338662,0,1
338763,0,1
338863,0,1
338963,0,1
339063,0,1
339163,0,1
339263,0,1
339363,0,1
339463,0,1
339563,0,1
339663,0,1
339763,0,1
339863,0,1
339963,0,1
340063,0,1
340163,0,1
340263,0,1
340363,0,1
340463,0,1
340563,0,1
340663,0,1
340763,0,1
340890,0,0
340990,0,0
341090,0,0
341190,0,0
341290,0,0
341390,0,0
341490,0,0
341590,0,0
341690,0,0
341790,0,0
341890,0,0
341990,0,0
342091,0,0
342191,0,0
342291,0,0
342391,0,0
342491,0,0
342591,0,0
342691,0,0
342791,0,0
342891,0,0
342991,0,0
343091,0,0
343191,0,0
343291,0,0
343391,0,0
343491,0,0
343591,0,0
343691,0,0
343791,0,0
343891,0,0
343991,0,0
344091,0,0
344191,0,0
344291,0,0
344391,0,0
344491,0,0
344591,0,0
344691,0,0
344791,0,0
344891,0,0
344992,0,0
345092,0,0
345192,0,0
345292,0,0
345392,0,0
345492,0,0
345592,0,0
345692,0,0
345792,0,0
345892,0,0
345992,0,0
346092,0,0
346192,0,0
346292,0,0
346392,0,0
346492,0,0
346592,0,0
346692,0,0
346792,0,0
346892,0,0
346992,0,0
347092,0,0
347192,0,0
347292,0,0
347392,0,0
347492,0,0
347592,0,0
347692,0,0
347792,0,0
347892,0,0
347992,0,0
348092,0,0
348192,0,0
348292,0,0
348392,0,0
348492,0,0
348592,0,0
348692,0,0
348792,0,0
348892,0,0
348992,0,0
349092,0,0
349192,0,0
349292,0,0
349392,0,0
349492,0,0
349592,0,0
349692,0,0
349792,0,0
349892,0,0
349992,0,0
350092,0,0
350192,0,0
350292,0,0
350392,0,0
350492,0,0
350592,0,0
350692,0,0
350792,0,0
350892,0,0
350992,0,0
351092,0,0
351192,0,0
351292,0,0
351392,0,0
351492,0,0
351592,0,0
351692,0,0
351792,0,0
351892,0,0
351992,0,0
352092,0,0
352192,0,0
352292,0,0
352392,0,0
352492,0,0
352592,0,0
352692,0,0
352792,0,0
352892,0,0
352992,0,0
353092,0,0
353192,0,0
353292,0,0
353392,0,0
353492,0,0
353592,0,0
353692,0,0
353792,0,0
353892,0,0
353992,0,0
354092,0,0
354192,0,0
354292,0,0
354392,0,0
354492,0,0
354592,0,0
354692,0,0
354792,0,0
354892,0,0
354992,0,0
355092,0,0
355192,0,0
355292,0,0
355392,0,0
355492,0,0
355592,0,0
355692,0,0
355792,0,0
355892,0,0
355992,0,0
356092,0,0
356192,0,0
356292,0,0
356392,0,0
356492,0,0
356592,0,0
356692,0,0
356792,0,0
356892,0,0
356992,0,0
357092,0,0
357192,0,0
357292,0,0
357392,0,0
357492,0,0
357592,0,0
357692,0,0
357792,0,0
357892,0,0
357992,0,0
358092,0,0
358169,0,0
358269,0,0
358369,0,0
358597,0,0
358697,0,1
358797,0,1
358897,0,1
358997,1,2
359097,1,2
359197,1,2
359297,1,2
359397,1,2
359497,1,2
359597,1,2
359697,1,2
359797,1,2
359897,1,2
359997,1,2
360097,1,2
360197,1,2
360297,1,2
360397,1,2
360497,1,2
360597,1,2
360697,1,2
360797,1,2
360897,1,2
361017,0,0
361117,0,0
361217,0,0
361317,0,0
361417,0,0
361517,0,0
361617,0,0
361717,0,0
361817,0,0
361917,0,0
362017,0,0
362124,0,0
362224,0,0
362324,0,0
362424,0,0
362524,0,0
362624,0,0
362724,0,0
362824,0,0
362924,0,0
363024,0,0
363171,0,0
363271,0,1
363371,0,1
363471,0,1
363571,0,1
363671,0,1
363771,0,1
363871,0,1
363971,0,1
364071,0,1
364171,0,1
364271,0,1
364371,0,1
364471,0,1
364571,0,1
364671,0,1
364771,0,1
364871,0,1
364971,0,1
365072,0,1
365172,0,1
365272,0,1
365372,0,1
365472,0,1
365572,0,1
365672,0,1
365772,0,1
365872,0,1
365972,0,1
366072,0,1
366171,0,1
366271,0,1
366371,0,1
366471,0,1
366571,0,1
366671,0,1
366771,0,1
366871,0,1
366971,0,1
367071,0,1
367197,0,0
367297,0,0
367397,0,0
367497,0,0
367597,0,0
367697,0,0
367797,0,0
367897,0,0
367997,0,0
368097,0,0
368197,0,0
368297,0,0
368397,0,0
368497,0,0
368597,0,0
368698,0,0
368798,0,0
368898,0,0
368998,0,0
369098,0,0
369198,0,0
369298,0,0
369398,0,0
369498,0,0
369598,0,0
369698,0,0
369798,0,0
369898,0,0
369998,0,0
370095,0,0
370195,0,0
370295,0,0
370395,0,0
370495,0,0
370595,0,0
370695,0,0
370795,0,0
370895,0,0
370995,0,0
371095,0,0
371323,0,0
371423,0,1
371523,0,1
371623,0,1
371724,0,1
371824,0,1
371924,0,1
372024,0,1
372124,0,1
372224,0,1
372324,0,1
372424,0,1
372524,0,1
372624,0,1
372724,0,1
372824,0,1
372924,0,1
373024,0,1
373124,0,1
373224,0,1
373324,0,1
373424,0,1
373524,0,1
373624,0,1
373724,0,1
373824,0,1
373924,0,1
374024,0,1
374122,0,1
374222,0,1
374322,0,1
374422,0,1
374522,0,1
374622,0,1
374722,0,1
374822,0,1
374922,0,1
375022,0,1
375122,0,1
375222,0,1
375349,0,0
375449,0,0
375549,0,0
375649,0,0
375749,0,0
375849,0,0
375949,0,0
376049,0,0
376149,0,0
376249,0,0
376349,0,0
376449,0,0
376549,0,0
376649,0,0
376749,0,0
376849,0,0
376949,0,0
377049,0,0
377149,0,0
377249,0,0
377349,0,0
377449,0,0
377549,0,0
377649,0,0
377749,0,0
377849,0,0
377949,0,0
378049,0,0
378146,0,0
378247,0,0
378347,0,0
378447,0,0
378547,0,0
378647,0,0
378747,0,0
378847,0,0
378947,0,0
379047,0,0
379147,0,0
379247,0,0
379684,0,0
379784,0,1
379884,0,1
379984,0,1
380095,0,1
380195,1,2
380295,1,2
380395,1,2
380495,1,2
380595,1,2
380695,1,2
380795,1,2
380895,1,2
380995,1,2
381095,1,2
381195,1,2
381295,1,2
381395,1,2
381495,1,2
381595,1,2
381695,1,2
381795,1,2
381895,1,2
381995,1,2
382095,1,2
382160,0,0
382260,0,0
382360,0,0
382460,0,0
382560,0,0
382660,0,0
382760,0,0
382860,0,0
382960,0,0
383060,0,0
383160,0,0
383260,0,0
383360,0,0
383460,0,0
383560,0,0
383660,0,0
383760,0,0
383860,0,0
383960,0,0
384060,0,0
384689,0,0
384789,0,1
384889,0,1
384989,0,1
385089,0,1
385189,0,1
385289,0,1
385389,0,1
385489,0,1
385589,0,1
385689,0,1
385789,0,1
385889,0,1
385989,0,1
386120,0,1
386220,0,1
386320,0,1
386420,0,1
386521,0,1
386621,0,1
386721,0,1
386821,0,1
386921,0,1
387021,0,1
387121,0,1
387221,0,1
387321,0,1
387421,0,1
387521,0,1
387621,0,1
387721,0,1
387821,0,1
387921,0,1
388021,0,1
388121,0,1
388221,0,1
388321,0,1
388421,0,1
388521,0,1
388621,0,1
388748,0,0
388848,0,0
388948,0,0
389048,0,0
389148,0,0
389248,0,0
389348,0,0
389448,0,0
389548,0,0
389648,0,0
389748,0,0
389849,0,0
389949,0,0
390049,0,0
390146,0,0
390246,0,0
390346,0,0
390446,0,0
390546,0,0
390646,0,0
390746,0,0
390846,0,0
390946,0,0
391046,0,0
391146,0,0
391246,0,0
391346,0,0
391446,0,0
391546,0,0
391646,0,0
391746,0,0
391846,0,0
391946,0,0
392046,0,0
392146,0,0
392246,0,0
392742,0,0
392842,0,1
392942,0,1
393042,0,1
393142,0,1
393242,0,1
393342,0,1
393442,0,1
393542,0,1
393643,0,1
393743,0,1
393843,0,1
393943,0,1
394043,0,1
394140,0,1
394240,0,1
394340,0,1
394440,0,1
394540,0,1
394640,0,1
394740,0,1
394840,0,1
394940,0,1
395040,0,1
395140,0,1
395240,0,1
395340,0,1
395440,0,1
395540,0,1
395640,0,1
395740,0,1
395840,0,1
395940,0,1
396040,0,1
396140,0,1
396240,0,1
396340,0,1
396440,0,1
396541,0,1
396641,0,1
396767,0,0
396867,0,0
396968,0,0
397068,0,0
397168,0,0
397268,0,0
397368,0,0
397468,0,0
397568,0,0
397668,0,0
397768,0,0
397868,0,0
397968,0,0
398068,0,0
398168,0,0
398268,0,0
398368,0,0
398468,0,0
398568,0,0
398668,0,0
398768,0,0
398868,0,0
398968,0,0
399068,0,0
399168,0,0
399268,0,0
399368,0,0
399468,0,0
399568,0,0
399668,0,0
399768,0,0
399869,0,0
399969,0,0
400069,0,0
400169,0,0
400269,0,0
400369,0,0
400469,0,0
400569,0,0
400669,0,0
400769,0,0
400869,0,0
400969,0,0
401069,0,0
401169,0,0
401269,0,0
401369,0,0
401469,0,0
401569,0,0
401669,0,0
401769,0,0
401869,0,0
401969,0,0
402069,0,0
402169,0,0
402269,0,0
402369,0,0
402469,0,0
402569,0,0
402669,0,0
402769,0,0
402869,0,0
402969,0,0
403069,0,0
403169,0,0
403269,0,0
403369,0,0
403469,0,0
403569,0,0
403669,0,0
403769,0,0
403869,0,0
403969,0,0
404069,0,0
404169,0,0
404269,0,0
404369,0,0
404469,0,0
404569,0,0
404669,0,0
404769,0,0
404869,0,0
404969,0,0
405069,0,0
405169,0,0
405269,0,0
405369,0,0
405469,0,0
405569,0,0
405669,0,0
405769,0,0
405869,0,0
405969,0,0
406069,0,0
406169,0,0
406269,0,0
406369,0,0
406469,0,0
406569,0,0
406669,0,0
406769,0,0
406869,0,0
406969,0,0
407069,0,0
407169,0,0
407269,0,0
407369,0,0
407469,0,0
407569,0,0
407669,0,0
407769,0,0
407869,0,0
407969,0,0
408069,0,0
408169,0,0
408269,0,0
408369,0,0
408469,0,0
408569,0,0
408669,0,0
408769,0,0
408869,0,0
408969,0,0
409069,0,0
409169,0,0
409269,0,0
409369,0,0
409469,0,0
409569,0,0
409669,0,0
409769,0,0
409869,0,0
409969,0,0
410069,0,0
410169,0,0
410269,0,0
410369,0,0
410469,0,0
410569,0,0
410669,0,0
410769,0,0
410869,0,0
410969,0,0
411069,0,0
411169,0,0
411269,0,0
411369,0,0
411469,0,0
411569,0,0
411669,0,0
411769,0,0
411869,0,0
411969,0,0
412069,0,0
412169,0,0
412269,0,0
412369,0,0
412469,0,0
412569,0,0
413103,0,0
413203,0,1
413303,0,1
413403,0,1
413503,0,1
413603,0,1
413703,0,1
413803,0,1
413903,0,1
414003,0,1
414103,0,1
414203,0,1
414303,0,1
414403,0,1
414504,0,1
414604,0,1
414704,0,1
414804,0,1
414904,0,1
415004,0,1
415104,0,1
415204,0,1
415304,0,1
415404,0,1
415504,0,1
415604,0,1
415704,0,1
415793,0,1
415893,0,1
415993,0,1
416093,0,1
416193,0,1
416293,0,1
416393,0,1
416493,0,1
416593,0,1
416693,0,1
416793,0,1
416893,0,1
416993,0,1
417121,0,0
417470,0,0
417570,0,1
417670,0,1
417770,0,1
417870,0,1
417970,0,1
418070,0,1
418170,0,1
418270,0,1
418370,0,1
418470,0,1
418570,0,1
418670,0,1
418770,0,1
418870,0,1
418970,0,1
419070,0,1
419170,0,1
419270,0,1
419370,0,1
419470,0,1
419570,0,1
419670,0,1
419767,0,1
419867,0,1
419967,0,1
420067,0,1
420167,0,1
420267,0,1
420367,0,1
420467,0,1
420567,0,1
420667,0,1
420767,0,1
420867,0,1
420967,0,1
421067,0,1
421167,0,1
421267,0,1
421367,0,1
421467,0,1
421567,0,0
421667,0,0
421767,0,0
421867,0,0
421967,0,0
422067,0,0
422167,0,0
422267,0,0
422367,0,0
422467,0,0
422567,0,0
422667,0,0
422767,0,0
422867,0,0
422967,0,0
423067,0,0
423167,0,0
423267,0,0
423367,0,0
423467,0,0
423567,0,0
423667,0,0
423766,0,0
423866,0,0
423966,0,0
424066,0,0
424166,0,0
424266,0,0
424366,0,0
424466,0,0
424566,0,0
424666,0,0
424766,0,0
424866,0,0
424966,0,0
425066,0,0
425166,0,0
425266,0,0
425366,0,0
425466,0,0
425566,0,0
425666,0,0
425766,0,0
425866,0,0
425966,0,0
426066,0,0
426166,0,0
426266,0,0
426366,0,0
426466,0,0
426566,0,0
426666,0,0
426766,0,0
426866,0,0
426966,0,0
427066,0,0
427166,0,0
427266,0,0
427366,0,0
427466,0,0
427566,0,0
427666,0,0
427762,0,0
427862,0,0
427962,0,0
428062,0,0
428162,0,0
428262,0,0
428362,0,0
428462,0,0
428562,0,0
428662,0,0
428762,0,0
428862,0,0
428962,0,0
429062,0,0
429162,0,0
429262,0,0
429362,0,0
429462,0,0
429562,0,0
429662,0,0
429762,0,0
429862,0,0
429962,0,0
430062,0,0
430162,0,0
430262,0,0
430362,0,0
430462,0,0
430562,0,0
430662,0,0
430762,0,0
430862,0,0
430962,0,0
431062,0,0
431162,0,0
431262,0,0
431362,0,0
431462,0,0
431562,0,0
431662,0,0
431760,0,0
431860,0,0
431960,0,0
432060,0,0
432160,0,0
432260,0,0
432360,0,0
432460,0,0
432560,0,0
432660,0,0
432760,0,0
432860,0,0
432960,0,0
433060,0,0
433160,0,0
433260,0,0
433360,0,0
433460,0,0
433560,0,0
433660,0,0
433760,0,0
433860,0,0
433960,0,0
434060,0,0
434160,0,0
434260,0,0
434360,0,0
434460,0,0
434560,0,0
434660,0,0
434760,0,0
434860,0,0
434960,0,0
435060,0,0
435160,0,0
435260,0,0
435360,0,0
435460,0,0
435560,0,0
435660,0,0
435758,0,0
435858,0,0
435958,0,0
436058,0,0
436158,0,0
436258,0,0
436358,0,0
436458,0,0
436558,0,0
436658,0,0
436758,0,0
436858,0,0
436958,0,0
437058,0,0
437158,0,0
437258,0,0
437358,0,0
437458,0,0
437558,0,0
437658,0,0
437758,0,0
437858,0,0
437958,0,0
438058,0,0
438158,0,0
438258,0,0
438358,0,0
438458,0,0
438558,0,0
438658,0,0
438758,0,0
438858,0,0
438958,0,0
439058,0,0
439158,0,0
439258,0,0
439358,0,0
439458,0,0
439558,0,0
439658,0,0
439758,0,0
439832,0,0
439932,0,0
440032,0,0
440132,0,0
440232,0,0
440332,0,0
440432,0,0
440532,0,0
440632,0,0
440732,0,0
440832,0,0
440932,0,0
441032,0,0
441132,0,0
441232,0,0
441332,0,0
441432,0,0
441532,0,0
441632,0,0
441732,0,0
441832,0,0
441932,0,0
442032,0,0
442132,0,0
442232,0,0
442332,0,0
442432,0,0
442532,0,0
442632,0,0
442732,0,0
442832,0,0
442932,0,0
443032,0,0
443132,0,0
443232,0,0
443332,0,0
443432,0,0
443532,0,0
443632,0,0
443732,0,0
443836,0,0
443936,0,0
444036,0,0
444136,0,0
444236,0,0
444336,0,0
444436,0,0
444536,0,0
444636,0,0
444736,0,0
444836,0,0
444936,0,0
445036,0,0
445136,0,0
445236,0,0
445336,0,0
445436,0,0
445536,0,0
445636,0,0
445736,0,0
445836,0,0
445936,0,0
446036,0,0
446136,0,0
446236,0,0
446336,0,0
446436,0,0
446536,0,0
446636,0,0
446736,0,0
446836,0,0
446936,0,0
447036,0,0
447136,0,0
447236,0,0
447336,0,0
447436,0,0
447536,0,0
447636,0,0
447736,0,0
447843,0,0
447943,0,0
448043,0,0
448143,0,0
448243,0,0
448343,0,0
448443,0,0
448543,0,0
448643,0,0
448743,0,0
448843,0,0
448943,0,0
449043,0,0
449143,0,0
449243,0,0
449343,0,0
449443,0,0
449543,0,0
449643,0,0
449743,0,0
449843,0,0
449943,0,0
450043,0,0
450143,0,0
450243,0,0
450343,0,0
450443,0,0
450543,0,0
450643,0,0
450743,0,0
450843,0,0
450943,0,0
451043,0,0
451143,0,0
451243,0,0
451343,0,0
451443,0,0
451543,0,0
451643,0,0
451743,0,0
451843,0,0
451943,0,0
452043,0,0
452143,0,0
452243,0,0
452343,0,0
452443,0,0
452543,0,0
452643,0,0
452743,0,0
452843,0,0
452943,0,0
453043,0,0
453143,0,0
453243,0,0
453343,0,0
453443,0,0
453543,0,0
453643,0,0
453743,0,0
453843,0,0
453943,0,0
454043,0,0
454143,0,0
454243,0,0
454343,0,0
454443,0,0
454543,0,0
454643,0,0
454743,0,0
454843,0,0
454943,0,0
455043,0,0
455143,0,0
455243,0,0
455343,0,0
455443,0,0
455543,0,0
455643,0,0
455743,0,0
455844,0,0
455944,0,0
456044,0,0
456144,0,0
456244,0,0
456344,0,0
456444,0,0
456544,0,0
456644,0,0
456744,0,0
456844,0,0
456944,0,0
457044,0,0
457144,0,0
457244,0,0
457344,0,0
457444,0,0
457544,0,0
457644,0,0
457744,0,0
457844,0,0
457944,0,0
458044,0,0
458144,0,0
458244,0,0
458344,0,0
458444,0,0
458544,0,0
458644,0,0
458744,0,0
458844,0,0
458944,0,0
459044,0,0
459144,0,0
459244,0,0
459344,0,0
459444,0,0
459544,0,0
459644,0,0
459744,0,0
459844,0,0
459944,0,0
460044,0,0
460144,0,0
460244,0,0
460344,0,0
460444,0,0
460544,0,0
460644,0,0
460744,0,0
460844,0,0
460944,0,0
461044,0,0
461144,0,0
461244,0,0
461344,0,0
461444,0,0
461544,0,0
461644,0,0
461744,0,0
461844,0,0
461944,0,0
462044,0,0
462144,0,0
462244,0,0
462344,0,0
462444,0,0
462544,0,0
462644,0,0
462744,0,0
462844,0,0
462944,0,0
463044,0,0
463144,0,0
463244,0,0
463344,0,0
463444,0,0
463544,0,0
463644,0,0
463744,0,0
463844,0,0
463944,0,0
464044,0,0
464144,0,0
464244,0,0
464344,0,0
464444,0,0
464544,0,0
464644,0,0
464744,0,0
464844,0,0
464944,0,0
465044,0,0
465144,0,0
465244,0,0
465344,0,0
465444,0,0
465544,0,0
465644,0,0
465744,0,0
465844,0,0
465944,0,0
466044,0,0
466144,0,0
466244,0,0
466344,0,0
466444,0,0
466544,0,0
466644,0,0
466744,0,0
466844,0,0
466944,0,0
467044,0,0
467144,0,0
467244,0,0
467344,0,0
467444,0,0
467544,0,0
467644,0,0
467744,0,0
467844,0,0
467944,0,0
468044,0,0
468144,0,0
468244,0,0
468344,0,0
468444,0,0
468544,0,0
468644,0,0
468744,0,0
468844,0,0
468944,0,0
469044,0,0
469144,0,0
469244,0,0
469344,0,0
469444,0,0
469544,0,0
469644,0,0
469744,0,0
469844,0,0
469944,0,0
470044,0,0
470144,0,0
470244,0,0
470344,0,0
470444,0,0
470544,0,0
470644,0,0
470744,0,0
470844,0,0
470944,0,0
471044,0,0
471144,0,0
471244,0,0
471344,0,0
471444,0,0
471544,0,0
471644,0,0
471744,0,0
471836,0,0
471936,0,0
472036,0,0
472136,0,0
472236,0,0
472336,0,0
472436,0,0
472536,0,0
472636,0,0
472736,0,0
472836,0,0
472936,0,0
473036,0,0
473136,0,0
473236,0,0
473336,0,0
473436,0,0
473536,0,0
473636,0,0
473736,0,0
473836,0,0
473936,0,0
474036,0,0
474136,0,0
474236,0,0
474336,0,0
474436,0,0
474536,0,0
474636,0,0
474736,0,0
474836,0,0
475374,0,0
475474,0,1
475574,0,1
475674,0,1
475773,0,1
475873,0,1
475973,0,1
476073,0,1
476173,0,1
476273,0,1
476373,0,1
476473,0,1
476573,0,1
476673,0,1
476773,0,1
476873,0,1
476973,0,1
477073,0,1
477173,0,1
477273,0,1
477373,0,1
477473,0,1
477573,0,1
477673,0,1
477773,0,1
477873,0,1
477973,0,1
478074,0,1
478174,0,1
478274,0,1
478374,0,1
478474,0,1
478574,0,1
478674,0,1
478774,0,1
478874,0,1
478974,0,1
479074,0,1
479174,0,1
479274,0,1
479402,0,0
479502,0,0
479602,0,0
479702,0,0
480042,0,0
479850,0,1
479950,0,1
480050,0,1
480150,0,1
480250,0,1
480350,0,1
480450,0,1
480550,0,1
480650,0,1
480750,0,1
480850,0,1
480950,0,1
481050,0,1
481150,0,1
481250,0,1
481350,0,1
481451,0,1
481551,0,1
481651,0,1
481751,0,1
481851,0,1
481951,0,1
482051,0,1
482151,0,1
482251,0,1
482351,0,1
482451,0,1
482551,0,1
482651,0,1
482751,0,1
482851,0,1
482951,0,1
483051,0,1
483151,0,1
483251,0,1
483351,0,1
483451,0,1
483838,0,1
483938,0,1
484089,0,0
484189,0,0
484289,0,0
484389,0,0
484656,0,0
484756,0,1
484856,0,1
484956,0,1
485067,0,1
485167,1,2
485267,1,2
485367,1,2
485467,1,2
485567,1,2
485667,1,2
485767,1,2
485867,1,2
485967,1,2
486067,1,2
486167,1,2
486267,1,2
486367,1,2
486467,1,2
486567,1,2
486667,1,2
486767,1,2
486867,1,2
486967,1,2
487067,1,2
487167,0,0
487267,0,0
487367,0,0
487467,0,0
487567,0,0
487667,0,0
487767,0,0
487852,0,0
487953,0,0
488053,0,0
488153,0,0
488253,0,0
488353,0,0
488453,0,0
488553,0,0
488653,0,0
488753,0,0
488853,0,0
488953,0,0
489053,0,0
489400,0,0
489500,0,1
489600,0,1
489700,0,1
489800,0,1
489900,0,1
490001,0,1
490101,0,1
490201,0,1
490301,0,1
490401,0,1
490501,0,1
490601,0,1
490701,0,1
490801,0,1
490901,0,1
491001,0,1
491101,0,1
491201,0,1
491301,0,1
491401,0,1
491501,0,1
491601,0,1
491701,0,1
491812,0,1
491912,0,1
492012,0,1
492112,0,1
492212,0,1
492312,0,1
492412,0,1
492512,0,1
492612,0,1
492712,0,1
492812,0,1
492913,0,1
493013,0,1
493113,0,1
493213,0,1
493313,0,1
493440,0,0
493540,0,0
493640,0,0
493740,0,0
493840,0,0
493940,0,0
494040,0,0
494140,0,0
494240,0,0
494340,0,0
494440,0,0
494540,0,0
494640,0,0
494740,0,0
494840,0,0
494940,0,0
495040,0,0
495140,0,0
495240,0,0
495340,0,0
495440,0,0
495540,0,0
495640,0,0
495740,0,0
495837,0,0
495937,0,0
496037,0,0
496137,0,0
496238,0,0
496338,0,0
496438,0,0
496538,0,0
496638,0,0
496738,0,0
496838,0,0
496938,0,0
497038,0,0
497138,0,0
497238,0,0
497338,0,0
497438,0,0
497538,0,0
497638,0,0
497738,0,0
497838,0,0
497938,0,0
498038,0,0
498138,0,0
498238,0,0
498338,0,0
498438,0,0
498538,0,0
498638,0,0
498738,0,0
498838,0,0
498938,0,0
499038,0,0
499139,0,0
499239,0,0
499339,0,0
499439,0,0
499539,0,0
499639,0,0
499739,0,0
499837,0,0
499937,0,0
500037,0,0
500137,0,0
500237,0,0
500337,0,0
500437,0,0
500537,0,0
500637,0,0
500737,0,0
500837,0,0
500937,0,0
501037,0,0
501137,0,0
501237,0,0
501337,0,0
501437,0,0
501537,0,0
501637,0,0
501737,0,0
501837,0,0
501937,0,0
502037,0,0
502137,0,0
502237,0,0
502337,0,0
502437,0,0
502537,0,0
502637,0,0
502737,0,0
502837,0,0
502937,0,0
503037,0,0
503137,0,0
503237,0,0
503337,0,0
503437,0,0
503537,0,0
503637,0,0
503737,0,0
503835,0,0
503935,0,0
504035,0,0
504135,0,0
504235,0,0
504335,0,0
504435,0,0
504535,0,0
504635,0,0
504735,0,0
504835,0,0
504935,0,0
505035,0,0
505135,0,0
505235,0,0
505335,0,0
505435,0,0
505535,0,0
505635,0,0
505735,0,0
505835,0,0
505935,0,0
506035,0,0
506135,0,0
506235,0,0
506335,0,0
506435,0,0
506535,0,0
506635,0,0
506735,0,0
506835,0,0
506935,0,0
507035,0,0
507135,0,0
507235,0,0
507335,0,0
507435,0,0
507535,0,0
507635,0,0
507735,0,0
507833,0,0
507933,0,0
508033,0,0
508133,0,0
508233,0,0
508333,0,0
508433,0,0
508533,0,0
508633,0,0
508733,0,0
508833,0,0
508933,0,0
509033,0,0
509133,0,0
509233,0,0
509333,0,0
509433,0,0
509533,0,0
509633,0,0
509733,0,0
509833,0,0
509933,0,0
510033,0,0
510133,0,0
510233,0,0
510333,0,0
510433,0,0
510533,0,0
510633,0,0
510733,0,0
510833,0,0
510933,0,0
511033,0,0
511133,0,0
511233,0,0
511333,0,0
511433,0,0
511533,0,0
511633,0,0
511733,0,0
511829,0,0
511929,0,0
512029,0,0
512129,0,0
512229,0,0
512329,0,0
512429,0,0
512529,0,0
512629,0,0
512729,0,0
512829,0,0
512929,0,0
513029,0,0
513129,0,0
513229,0,0
513329,0,0
513429,0,0
513529,0,0
513629,0,0
513729,0,0
513829,0,0
513929,0,0
514029,0,0
514129,0,0
514229,0,0
514329,0,0
514429,0,0
514529,0,0
514629,0,0
514729,0,0
514829,0,0
514929,0,0
515029,0,0
515129,0,0
515229,0,0
515329,0,0
515429,0,0
515529,0,0
515629,0,0
515729,0,0
515829,0,0
515929,0,0
516029,0,0
516129,0,0
516229,0,0
516329,0,0
516429,0,0
516529,0,0
516629,0,0
516729,0,0
516829,0,0
516929,0,0
517029,0,0
517129,0,0
517229,0,0
517329,0,0
517429,0,0
517529,0,0
517629,0,0
517729,0,0
517829,0,0
517929,0,0
518029,0,0
518129,0,0
518229,0,0
518329,0,0
518429,0,0
518529,0,0
518629,0,0
518729,0,0
518829,0,0
518929,0,0
519029,0,0
519129,0,0
519229,0,0
519329,0,0
519429,0,0
519529,0,0
519629,0,0
519729,0,0
519829,0,0
519929,0,0
520029,0,0
520129,0,0
520229,0,0
520329,0,0
520429,0,0
520529,0,0
520629,0,0
520729,0,0
520829,0,0
520929,0,0
521029,0,0
521129,0,0
521229,0,0
521329,0,0
521429,0,0
521529,0,0
521629,0,0
521729,0,0
521829,0,0
521929,0,0
522029,0,0
522129,0,0
522229,0,0
522329,0,0
522429,0,0
522529,0,0
522629,0,0
522729,0,0
522829,0,0
522929,0,0
523029,0,0
523129,0,0
523229,0,0
523329,0,0
523429,0,0
523529,0,0
523629,0,0
523729,0,0
523829,0,0
523929,0,0
524029,0,0
524129,0,0
524229,0,0
524329,0,0
524429,0,0
524529,0,0
524629,0,0
524729,0,0
524829,0,0
524929,0,0
525029,0,0
525129,0,0
525229,0,0
525329,0,0
525429,0,0
525529,0,0
525629,0,0
525729,0,0
525829,0,0
525929,0,0
526029,0,0
526129,0,0
526229,0,0
526329,0,0
526429,0,0
526529,0,0
526629,0,0
526729,0,0
526829,0,0
526929,0,0
527029,0,0
527129,0,0
527229,0,0
527329,0,0
527429,0,0
527529,0,0
527629,0,0
527729,0,0
527829,0,0
527929,0,0
528029,0,0
528129,0,0
528229,0,0
528329,0,0
528429,0,0
528529,0,0
528629,0,0
528729,0,0
528829,0,0
528929,0,0
529029,0,0
529129,0,0
529229,0,0
529329,0,0
529429,0,0
529529,0,0
529629,0,0
529729,0,0
529829,0,0
529929,0,0
530029,0,0
530129,0,0
530229,0,0
530329,0,0
530429,0,0
530529,0,0
530629,0,0
530729,0,0
530829,0,0
530929,0,0
531029,0,0
531129,0,0
531229,0,0
531329,0,0
531429,0,0
531529,0,0
531629,0,0
531729,0,0
531829,0,0
531929,0,0
532029,0,0
532129,0,0
532229,0,0
532329,0,0
532429,0,0
532529,0,0
532629,0,0
532729,0,0
532829,0,0
532929,0,0
533029,0,0
533129,0,0
533229,0,0
533318,0,0
533418,0,0
533518,0,0
533748,0,0
533849,0,1
533949,0,1
534049,0,1
534149,0,1
534249,1,2
534349,1,2
534449,1,2
534549,1,2
534649,1,2
534771,1,2
534871,1,2
534971,1,2
535071,1,2
535172,1,2
535272,1,2
535372,1,2
535472,1,2
535572,1,2
535672,1,2
535772,1,2
535872,1,2
535972,1,2
536072,1,2
536172,1,2
536272,1,2
536372,1,2
536472,1,2
536572,1,2
536672,1,2
536772,1,2
536872,1,2
536972,1,2
537072,1,2
537172,1,2
537272,1,2
537370,1,2
537470,1,2
537570,1,2
537670,1,2
537770,1,2
537870,1,2
537970,1,2
538071,1,2
538171,1,2
538271,1,2
538371,1,2
538471,1,2
538571,1,2
538671,1,2
538771,1,2
538871,1,2
538971,1,2
539071,1,2
539171,1,2
539271,1,2
539371,1,2
539471,1,2
539571,1,2
539671,1,2
539771,1,2
539871,1,2
539971,1,2
540071,1,2
540171,1,2
540271,1,2
540371,1,2
540471,1,2
540571,1,2
540671,1,2
540771,1,2
540871,1,2
540972,1,2
541072,1,2
541172,1,2
541272,1,2
541369,1,2
541469,1,2
541569,1,2
541669,1,2
541769,1,2
541869,1,2
541969,1,2
542069,1,2
542169,1,2
542269,1,2
542369,1,2
542469,1,2
542569,1,2
542669,1,2
542770,0,0
542870,0,0
542970,0,0
543070,0,0
543170,0,0
543270,0,0
543370,0,0
543470,0,0
543570,0,0
543670,0,0
543770,0,0
543871,0,0
543971,0,0
544071,0,0
544171,0,0
544271,0,0
544371,0,0
544471,0,0
544571,0,0
544671,0,0
544771,0,0
544871,0,0
544971,0,0
545071,0,0
545171,0,0
545271,0,0
545369,0,0
545469,0,0
545569,0,0
545669,0,0
545769,0,0
546079,0,0
546179,0,1
546279,0,1
546379,0,1
546479,0,1
546579,0,1
546679,0,1
546779,0,1
546879,0,1
546979,0,1
547079,0,1
547179,0,1
547279,0,1
547379,0,1
547479,0,1
547579,0,1
547679,0,1
547779,0,1
547879,0,1
547979,0,1
548079,0,1
548179,0,1
548279,0,1
548379,0,1
548479,0,1
548579,0,1
548679,0,1
548779,0,1
548879,0,1
548979,0,1
549079,0,1
549179,0,1
549279,0,1
549374,0,1
549474,0,1
549574,0,1
549674,0,1
549774,0,1
549874,0,1
549974,0,1
550074,0,1
550174,0,0
550274,0,0
550374,0,0
550474,0,0
550574,0,0
550674,0,0
550774,0,0
550874,0,0
550974,0,0
551074,0,0
551174,0,0
551274,0,0
551374,0,0
551474,0,0
551574,0,0
551674,0,0
551774,0,0
551874,0,0
551974,0,0
552074,0,0
552174,0,0
552274,0,0
552374,0,0
552474,0,0
552574,0,0
552674,0,0
552774,0,0
552874,0,0
552974,0,0
553074,0,0
553174,0,0
553274,0,0
553356,0,0
553456,0,0
553556,0,0
553656,0,0
553756,0,0
553856,0,0
553956,0,0
554056,0,0
554156,0,0
554256,0,0
554356,0,0
554456,0,0
554556,0,0
554656,0,0
554756,0,0
554856,0,0
554956,0,0
555056,0,0
555156,0,0
555256,0,0
555356,0,0
555456,0,0
555556,0,0
555656,0,0
555756,0,0
555856,0,0
555956,0,0
556056,0,0
556156,0,0
556256,0,0
556356,0,0
556456,0,0
556556,0,0
556656,0,0
556756,0,0
556856,0,0
556956,0,0
557056,0,0
557156,0,0
557256,0,0
557372,0,0
557472,0,0
557572,0,0
557672,0,0
557772,0,0
557872,0,0
557972,0,0
558072,0,0
558172,0,0
558272,0,0
558372,0,0
558472,0,0
558572,0,0
558672,0,0
558772,0,0
558872,0,0
558972,0,0
559072,0,0
559172,0,0
559272,0,0
559372,0,0
559472,0,0
559572,0,0
559672,0,0
559772,0,0
559872,0,0
559972,0,0
560072,0,0
560172,0,0
560272,0,0
560372,0,0
560472,0,0
560572,0,0
560672,0,0
560772,0,0
560872,0,0
560972,0,0
561072,0,0
561172,0,0
561272,0,0
561370,0,0
561470,0,0
561570,0,0
561670,0,0
561770,0,0
561870,0,0
561970,0,0
562070,0,0
562170,0,0
562270,0,0
562370,0,0
562470,0,0
562570,0,0
562670,0,0
562770,0,0
562870,0,0
562970,0,0
563070,0,0
563170,0,0
563270,0,0
563370,0,0
563470,0,0
563570,0,0
563670,0,0
563770,0,0
563870,0,0
563970,0,0
564070,0,0
564170,0,0
564270,0,0
564370,0,0
564470,0,0
564570,0,0
564670,0,0
564770,0,0
564870,0,0
564970,0,0
565070,0,0
565170,0,0
565270,0,0
565367,0,0
565467,0,0
565567,0,0
565667,0,0
565767,0,0
565867,0,0
565967,0,0
566067,0,0
566167,0,0
566267,0,0
566367,0,0
566467,0,0
566567,0,0
566667,0,0
566767,0,0
566867,0,0
566967,0,0
567067,0,0
567167,0,0
567267,0,0
567367,0,0
567467,0,0
567567,0,0
567667,0,0
567767,0,0
567867,0,0
567967,0,0
568067,0,0
568167,0,0
568267,0,0
568367,0,0
568467,0,0
568567,0,0
568667,0,0
568767,0,0
568867,0,0
568967,0,0
569067,0,0
569167,0,0
569267,0,0
569365,0,0
569465,0,0
569565,0,0
569665,0,0
569765,0,0
569865,0,0
569965,0,0
570065,0,0
570165,0,0
570265,0,0
570365,0,0
570465,0,0
570565,0,0
570665,0,0
570765,0,0
570865,0,0
570965,0,0
571065,0,0
571165,0,0
571265,0,0
571365,0,0
571465,0,0
571565,0,0
571665,0,0
571765,0,0
571865,0,0
571965,0,0
572065,0,0
572165,0,0
572265,0,0
572365,0,0
572465,0,0
572565,0,0
572665,0,0
572765,0,0
572865,0,0
572965,0,0
573065,0,0
573165,0,0
573265,0,0
573362,0,0
573462,0,0
573562,0,0
573662,0,0
573762,0,0
573862,0,0
573962,0,0
574062,0,0
574162,0,0
574262,0,0
574362,0,0
574462,0,0
574562,0,0
574662,0,0
574762,0,0
574862,0,0
574962,0,0
575062,0,0
575162,0,0
575262,0,0
575362,0,0
575462,0,0
575562,0,0
575662,0,0
575762,0,0
575862,0,0
575962,0,0
576062,0,0
576162,0,0
576262,0,0
576362,0,0
576462,0,0
576562,0,0
576662,0,0
576762,0,0
576862,0,0
576962,0,0
577062,0,0
577162,0,0
577262,0,0
577362,0,0
577462,0,0
577562,0,0
577662,0,0
577762,0,0
577862,0,0
577962,0,0
578062,0,0
578162,0,0
578262,0,0
578362,0,0
578462,0,0
578562,0,0
578662,0,0
578890,0,0
578990,0,0
579090,0,0
579190,0,0
579290,0,0
579390,0,0
579490,0,0
579590,0,0
579690,0,0
579790,0,0
579890,0,0
579990,0,0
580090,0,0
580190,0,0
580290,0,0
580390,0,0
580490,0,0
580590,0,0
580690,0,0
580790,0,0
580890,0,0
580990,0,0
581090,0,0
581190,0,0
581290,0,0
581390,0,0
581490,0,0
581590,0,0
581690,0,0
581790,0,0
581890,0,0
581990,0,0
582090,0,0
582190,0,0
582290,0,0
582390,0,0
582490,0,0
582590,0,0
582690,0,0
582790,0,0
582890,0,0
582990,0,0
583090,0,0
583190,0,0
583290,0,0
583390,0,0
583490,0,0
583590,0,0
583690,0,0
583790,0,0
583890,0,0
583990,0,0
584090,0,0
584190,0,0
584290,0,0
584390,0,0
584490,0,0
584590,0,0
584690,0,0
584790,0,0
584890,0,0
584990,0,0
585090,0,0
585190,0,0
585290,0,0
585390,0,0
585490,0,0
585590,0,0
585690,0,0
585790,0,0
585890,0,0
585990,0,0
586090,0,0
586190,0,0
586290,0,0
586390,0,0
586490,0,0
586590,0,0
586690,0,0
586790,0,0
586890,0,0
586990,0,0
587090,0,0
587190,0,0
587290,0,0
587390,0,0
587490,0,0
587590,0,0
587690,0,0
587790,0,0
587890,0,0
587990,0,0
588090,0,0
588190,0,0
588290,0,0
588390,0,0
588490,0,0
588590,0,0
588690,0,0
588790,0,0
588890,0,0
588990,0,0
589090,0,0
589190,0,0
589290,0,0
589390,0,0
589490,0,0
589590,0,0
589690,0,0
589790,0,0
589890,0,0
589990,0,0
590090,0,0
590190,0,0
590290,0,0
590390,0,0
590490,0,0
590590,0,0
590690,0,0
590790,0,0
590890,0,0
590990,0,0
591090,0,0
591190,0,0
591290,0,0
591390,0,0
591490,0,0
591590,0,0
591690,0,0
591790,0,0
591890,0,0
591990,0,0
592090,0,0
592190,0,0
592290,0,0
592390,0,0
592490,0,0
592590,0,0
592690,0,0
592790,0,0
592890,0,0
592990,0,0
593090,0,0
593190,0,0
593290,0,0
593390,0,0
593490,0,0
593590,0,0
593690,0,0
593790,0,0
593890,0,0
593990,0,0
594090,0,0
594190,0,0
594290,0,0
594390,0,0
594490,0,0
594590,0,0
594690,0,0
594790,0,0
594890,0,0
594990,0,0
595090,0,0
595190,0,0
595290,0,0
595390,0,0
595490,0,0
595590,0,0
595690,0,0
595790,0,0
595890,0,0
595990,0,0
596090,0,0
596190,0,0
596290,0,0
596390,0,0
596490,0,0
596590,0,0
596690,0,0
596790,0,0
596890,0,0
596990,0,0
597090,0,0
597190,0,0
597290,0,0
597390,0,0
597490,0,0
597590,0,0
597690,0,0
597790,0,0
597890,0,0
597990,0,0
598090,0,0
598190,0,0
598290,0,0
598390,0,0
598490,0,0
598590,0,0
598690,0,0
598790,0,0
598890,0,0
598990,0,0
599090,0,0
599190,0,0
599290,0,0
599390,0,0
599490,0,0
599590,0,0
599690,0,0
599790,0,0
599890,0,0
599990,0,0
600090,0,0
600190,0,0
600290,0,0
600390,0,0
600490,0,0
600590,0,0
600690,0,0
600790,0,0
600890,0,0
600990,0,0
601090,0,0
601190,0,0
601290,0,0
601390,0,0
601490,0,0
601590,0,0
601690,0,0
601790,0,0
601890,0,0
601990,0,0
602090,0,0
602190,0,0
602290,0,0
602390,0,0
602490,0,0
602590,0,0
602690,0,0
602790,0,0
602890,0,0
602990,0,0
603090,0,0
603190,0,0
603290,0,0
603390,0,0
603490,0,0
603590,0,0
603690,0,0
603790,0,0
603890,0,0
603990,0,0
604090,0,0
604190,0,0
604290,0,0
604390,0,0
604490,0,0
604590,0,0
604690,0,0
604790,0,0
604890,0,0
604990,0,0
605090,0,0
605190,0,0
605290,0,0
605390,0,0
605490,0,0
605590,0,0
605690,0,0
605790,0,0
605890,0,0
605990,0,0
606090,0,0
606190,0,0
606290,0,0
606390,0,0
606490,0,0
606590,0,0
606690,0,0
606790,0,0
606890,0,0
606990,0,0
607090,0,0
607190,0,0
607290,0,0
607390,0,0
607490,0,0
607590,0,0
607690,0,0
607790,0,0
607890,0,0
607990,0,0
608090,0,0
608190,0,0
608290,0,0
608390,0,0
608490,0,0
608590,0,0
608690,0,0
608790,0,0
608890,0,0
608990,0,0
609090,0,0
609190,0,0
609290,0,0
609390,0,0
609490,0,0
609590,0,0
609690,0,0
609790,0,0
609890,0,0
609990,0,0
610090,0,0
610190,0,0
610290,0,0
610390,0,0
610490,0,0
610590,0,0
610690,0,0
610790,0,0
610890,0,0
610990,0,0
611090,0,0
611190,0,0
611290,0,0
611390,0,0
611490,0,0
611590,0,0
611690,0,0
611790,0,0
611890,0,0
611990,0,0
612090,0,0
612190,0,0
612290,0,0
612390,0,0
612490,0,0
612590,0,0
612690,0,0
612790,0,0
612890,0,0
612990,0,0
613090,0,0
613190,0,0
613290,0,0
613390,0,0
613490,0,0
613590,0,0
613690,0,0
613790,0,0
613890,0,0
613990,0,0
614090,0,0
614190,0,0
614290,0,0
614390,0,0
614490,0,0
614590,0,0
614690,0,0
614790,0,0
614890,0,0
614990,0,0
615090,0,0
615190,0,0
615290,0,0
615390,0,0
615490,0,0
615590,0,0
615690,0,0
615790,0,0
615890,0,0
615990,0,0
616090,0,0
616190,0,0
616290,0,0
616390,0,0
616490,0,0
616590,0,0
616690,0,0
616790,0,0
616890,0,0
616990,0,0
617090,0,0
617190,0,0
617290,0,0
617390,0,0
617490,0,0
617590,0,0
617690,0,0
617790,0,0
617890,0,0
617990,0,0
618090,0,0
618190,0,0
618290,0,0
618390,0,0
618490,0,0
618590,0,0
618690,0,0
618790,0,0
618890,0,0
618990,0,0
619090,0,0
619190,0,0
619290,0,0
619390,0,0
619490,0,0
619590,0,0
619690,0,0
619790,0,0
619890,0,0
619990,0,0
620090,0,0
620190,0,0
620290,0,0
620390,0,0
620490,0,0
620590,0,0
620690,0,0
620790,0,0
620890,0,0
620990,0,0
621090,0,0
621190,0,0
621290,0,0
621390,0,0
621490,0,0
621590,0,0
621690,0,0
621790,0,0
621890,0,0
621990,0,0
622090,0,0
622190,0,0
622290,0,0
622390,0,0
622490,0,0
622590,0,0
622690,0,0
622790,0,0
622890,0,0
622990,0,0
623090,0,0
623190,0,0
623290,0,0
623390,0,0
623490,0,0
623590,0,0
623690,0,0
623790,0,0
623890,0,0
623990,0,0
624090,0,0
624190,0,0
624290,0,0
624390,0,0
624490,0,0
624590,0,0
624690,0,0
624790,0,0
624890,0,0
624990,0,0
625090,0,0
625190,0,0
625290,0,0
625390,0,0
625490,0,0
625590,0,0
625690,0,0
625790,0,0
625890,0,0
625990,0,0
626090,0,0
626190,0,0
626290,0,0
626390,0,0
626490,0,0
626590,0,0
626690,0,0
626790,0,0
626890,0,0
626990,0,0
627090,0,0
627190,0,0
627290,0,0
627390,0,0
627490,0,0
627590,0,0
627690,0,0
627790,0,0
627890,0,0
627990,0,0
628090,0,0
628190,0,0
628290,0,0
628390,0,0
628490,0,0
628590,0,0
628690,0,0
628790,0,0
628890,0,0
628990,0,0
629090,0,0
629190,0,0
629290,0,0
629390,0,0
629490,0,0
629590,0,0
629690,0,0
629790,0,0
629890,0,0
629990,0,0
630090,0,0
630190,0,0
630290,0,0
630390,0,0
630490,0,0
630590,0,0
630690,0,0
630790,0,0
630890,0,0
630990,0,0
631090,0,0
631190,0,0
631290,0,0
631390,0,0
631490,0,0
631590,0,0
631690,0,0
631790,0,0
631890,0,0
631990,0,0
632090,0,0
632190,0,0
632290,0,0
632390,0,0
632490,0,0
632590,0,0
632690,0,0
632790,0,0
632890,0,0
632990,0,0
633090,0,0
633190,0,0
633290,0,0
633390,0,0
633490,0,0
633590,0,0
633690,0,0
633790,0,0
633890,0,0
633990,0,0
634090,0,0
634190,0,0
634290,0,0
634390,0,0
634490,0,0
634590,0,0
634690,0,0
634790,0,0
634890,0,0
634990,0,0
635090,0,0
635190,0,0
635290,0,0
635390,0,0
635490,0,0
635590,0,0
635690,0,0
635790,0,0
635890,0,0
635990,0,0
636090,0,0
636190,0,0
636290,0,0
636390,0,0
636490,0,0
636590,0,0
636690,0,0
636790,0,0
636890,0,0
636990,0,0
637090,0,0
637190,0,0
637290,0,0
637390,0,0
637490,0,0
637590,0,0
637690,0,0
637790,0,0
637890,0,0
637990,0,0
638090,0,0
638190,0,0
638290,0,0
638390,0,0
638490,0,0
638590,0,0
638690,0,0
638790,0,0
638890,0,0
638990,0,0
639090,0,0
639190,0,0
639290,0,0
639390,0,0
639490,0,0
639590,0,0
639690,0,0
639790,0,0
639890,0,0
639990,0,0
640090,0,0
640190,0,0
640290,0,0
640390,0,0
640490,0,0
640590,0,0
640690,0,0
640790,0,0
640890,0,0
640990,0,0
641090,0,0
