p:4000,20000,6000,600,8000,4000,2000,8000,70
15106,0,0
15206,0,0
15306,0,0
15406,0,0
15506,0,0
15606,0,0
15706,0,0
15806,0,0
15906,0,0
16006,0,0
16106,0,0
16206,0,0
16774,0,0
16874,0,1
16974,0,1
17074,0,1
17174,0,1
17274,0,1
17374,0,1
17474,0,1
17574,0,1
17674,0,1
17774,0,1
17874,0,1
17974,0,1
18074,0,1
18174,0,1
18274,0,1
18374,0,1
18474,0,1
18574,0,1
18674,0,1
18774,0,1
18874,0,1
18974,0,1
19071,0,1
19171,0,1
19271,0,1
19371,0,1
19471,0,1
19571,0,1
19671,0,1
19771,0,1
19871,0,1
19971,0,1
20071,0,1
20171,0,1
20271,0,1
20371,0,1
20471,0,1
20571,0,1
20671,0,1
20771,0,1
20871,0,0
20971,0,0
21071,0,0
21171,0,0
21271,0,0
21371,0,0
21471,0,0
21571,0,0
21671,0,0
21771,0,0
21871,0,0
21971,0,0
22071,0,0
22171,0,0
22271,0,0
22371,0,0
22471,0,0
22571,0,0
22671,0,0
22771,0,0
22871,0,0
22971,0,0
23069,0,0
23169,0,0
23269,0,0
23369,0,0
23469,0,0
23569,0,0
23669,0,0
23769,0,0
23869,0,0
23969,0,0
24069,0,0
24169,0,0
24269,0,0
24369,0,0
24469,0,0
24569,0,0
24669,0,0
24769,0,0
24869,0,0
24969,0,0
25069,0,0
25169,0,0
25269,0,0
25369,0,0
25469,0,0
25569,0,0
25669,0,0
25769,0,0
25869,0,0
25969,0,0
26069,0,0
26169,0,0
26269,0,0
26369,0,0
26469,0,0
26569,0,0
26669,0,0
26769,0,0
26869,0,0
26969,0,0
27069,0,0
27166,0,0
27266,0,0
27366,0,0
27466,0,0
27566,0,0
27666,0,0
27766,0,0
27866,0,0
27966,0,0
28066,0,0
28166,0,0
28266,0,0
28366,0,0
28466,0,0
28566,0,0
28666,0,0
28766,0,0
28866,0,0
28966,0,0
29066,0,0
29166,0,0
29266,0,0
29366,0,0
29466,0,0
29566,0,0
29666,0,0
29766,0,0
29866,0,0
29966,0,0
30066,0,0
30166,0,0
30266,0,0
30366,0,0
30466,0,0
30566,0,0
30666,0,0
30766,0,0
30866,0,0
30966,0,0
31066,0,0
31164,0,0
31264,0,0
31364,0,0
31464,0,0
31564,0,0
31664,0,0
31764,0,0
31864,0,0
31964,0,0
32064,0,0
32164,0,0
32264,0,0
32364,0,0
32464,0,0
32564,0,0
32664,0,0
32764,0,0
32864,0,0
32964,0,0
33064,0,0
33164,0,0
33264,0,0
33364,0,0
33464,0,0
33564,0,0
33664,0,0
33764,0,0
33864,0,0
33964,0,0
34064,0,0
34164,0,0
34264,0,0
34364,0,0
34464,0,0
34564,0,0
34664,0,0
34764,0,0
34864,0,0
34964,0,0
35064,0,0
35162,0,0
35262,0,0
35362,0,0
35462,0,0
35562,0,0
35662,0,0
35762,0,0
35862,0,0
35962,0,0
36062,0,0
36162,0,0
36262,0,0
36362,0,0
36462,0,0
36562,0,0
36662,0,0
36762,0,0
36862,0,0
36962,0,0
37062,0,0
37162,0,0
37262,0,0
37362,0,0
37462,0,0
37562,0,0
37662,0,0
37762,0,0
37862,0,0
37962,0,0
38062,0,0
38162,0,0
38262,0,0
38362,0,0
38462,0,0
38562,0,0
38662,0,0
38762,0,0
38862,0,0
38962,0,0
39062,0,0
39159,0,0
39259,0,0
39359,0,0
39459,0,0
39559,0,0
39659,0,0
39759,0,0
39859,0,0
39959,0,0
40059,0,0
40159,0,0
40259,0,0
40359,0,0
40459,0,0
40559,0,0
40659,0,0
40759,0,0
40859,0,0
40959,0,0
41059,0,0
41159,0,0
41259,0,0
41359,0,0
41459,0,0
41559,0,0
41659,0,0
41759,0,0
41859,0,0
41959,0,0
42059,0,0
42159,0,0
42259,0,0
42359,0,0
42459,0,0
42559,0,0
42659,0,0
42759,0,0
42859,0,0
42959,0,0
43059,0,0
43157,0,0
43257,0,0
43357,0,0
43457,0,0
43557,0,0
43657,0,0
43757,0,0
43857,0,0
43957,0,0
44057,0,0
44157,0,0
44257,0,0
44357,0,0
44457,0,0
44557,0,0
44657,0,0
44757,0,0
44857,0,0
44957,0,0
45057,0,0
45157,0,0
45257,0,0
45357,0,0
45457,0,0
45557,0,0
45657,0,0
45757,0,0
45857,0,0
45957,0,0
46057,0,0
46157,0,0
46257,0,0
46357,0,0
46457,0,0
46557,0,0
46657,0,0
46757,0,0
46857,0,0
46957,0,0
47057,0,0
47155,0,0
47255,0,0
47355,0,0
47455,0,0
47555,0,0
47655,0,0
47755,0,0
47855,0,0
47955,0,0
48055,0,0
48155,0,0
48255,0,0
48355,0,0
48455,0,0
48555,0,0
48655,0,0
48755,0,0
48855,0,0
48955,0,0
49055,0,0
49155,0,0
49255,0,0
49355,0,0
49455,0,0
49555,0,0
49655,0,0
49755,0,0
49855,0,0
49955,0,0
50055,0,0
50155,0,0
50255,0,0
50355,0,0
50455,0,0
50555,0,0
50655,0,0
50755,0,0
50855,0,0
50955,0,0
51055,0,0
51153,0,0
51253,0,0
51353,0,0
51453,0,0
51553,0,0
51653,0,0
51753,0,0
51853,0,0
51953,0,0
52053,0,0
52153,0,0
52253,0,0
52353,0,0
52453,0,0
52553,0,0
52653,0,0
52753,0,0
52853,0,0
52953,0,0
53053,0,0
53153,0,0
53253,0,0
53353,0,0
53453,0,0
53553,0,0
53653,0,0
53753,0,0
53853,0,0
53953,0,0
54053,0,0
54153,0,0
54253,0,0
54353,0,0
54453,0,0
54553,0,0
54653,0,0
54753,0,0
54853,0,0
54953,0,0
55053,0,0
55153,0,0
55253,0,0
55353,0,0
55453,0,0
55553,0,0
55653,0,0
55753,0,0
55853,0,0
55953,0,0
56053,0,0
56153,0,0
56253,0,0
56353,0,0
56453,0,0
56553,0,0
56653,0,0
56753,0,0
56853,0,0
56953,0,0
57053,0,0
57153,0,0
57253,0,0
57353,0,0
57453,0,0
57553,0,0
57653,0,0
57753,0,0
57853,0,0
57953,0,0
58053,0,0
58153,0,0
58253,0,0
58353,0,0
58453,0,0
58553,0,0
58653,0,0
58753,0,0
58853,0,0
58953,0,0
59053,0,0
59153,0,0
59253,0,0
59353,0,0
59453,0,0
59553,0,0
59653,0,0
59753,0,0
59853,0,0
59953,0,0
60053,0,0
60153,0,0
60253,0,0
60353,0,0
60453,0,0
60553,0,0
60653,0,0
60753,0,0
60853,0,0
60953,0,0
61053,0,0
61153,0,0
61253,0,0
61353,0,0
61453,0,0
61553,0,0
61653,0,0
61753,0,0
61853,0,0
61953,0,0
62053,0,0
62153,0,0
62253,0,0
62353,0,0
62453,0,0
62553,0,0
62653,0,0
62753,0,0
62853,0,0
62953,0,0
63053,0,0
63153,0,0
63253,0,0
63353,0,0
63453,0,0
63553,0,0
63653,0,0
63753,0,0
63853,0,0
63953,0,0
64053,0,0
64153,0,0
64253,0,0
64353,0,0
64453,0,0
64553,0,0
64653,0,0
64753,0,0
64853,0,0
64953,0,0
65053,0,0
65153,0,0
65253,0,0
65353,0,0
65453,0,0
65553,0,0
65653,0,0
65753,0,0
65853,0,0
65953,0,0
66053,0,0
66153,0,0
66253,0,0
66353,0,0
66453,0,0
66553,0,0
66653,0,0
66753,0,0
66853,0,0
66953,0,0
67053,0,0
67153,0,0
67253,0,0
67353,0,0
67453,0,0
67553,0,0
67653,0,0
67753,0,0
67853,0,0
67953,0,0
68053,0,0
68153,0,0
68253,0,0
68353,0,0
68453,0,0
68553,0,0
68653,0,0
68753,0,0
68853,0,0
68953,0,0
69053,0,0
69153,0,0
69253,0,0
69353,0,0
69453,0,0
69553,0,0
69653,0,0
69753,0,0
69853,0,0
69953,0,0
70053,0,0
70153,0,0
70253,0,0
70353,0,0
70453,0,0
70553,0,0
70653,0,0
70753,0,0
70853,0,0
70953,0,0
71053,0,0
71153,0,0
71253,0,0
71353,0,0
71453,0,0
71553,0,0
71653,0,0
71753,0,0
71853,0,0
71953,0,0
72053,0,0
72153,0,0
72253,0,0
72353,0,0
72453,0,0
72553,0,0
72653,0,0
72753,0,0
72853,0,0
72953,0,0
73053,0,0
73153,0,0
73253,0,0
73353,0,0
73453,0,0
73553,0,0
73625,0,0
73725,0,0
73825,0,0
74002,0,0
74102,0,1
74202,0,1
74302,0,1
74402,0,1
74502,1,2
74602,1,2
74702,1,2
74802,1,2
74902,1,2
75002,1,2
75102,1,2
75202,1,2
75302,1,2
75402,1,2
75502,1,2
75602,1,2
75702,1,2
75802,1,2
75903,1,2
76003,1,2
76103,1,2
76203,1,2
76303,1,2
76403,1,2
76514,0,0
76614,0,0
76714,0,0
76814,0,0
76914,0,0
77014,0,0
77114,0,0
77214,0,0
77314,0,0
77414,0,0
77514,0,0
77624,0,0
77724,0,0
77824,0,0
77924,0,0
78024,0,0
78124,0,0
78224,0,0
78324,0,0
78424,0,0
78524,0,0
79067,0,0
79167,0,1
79267,0,1
79367,0,1
79467,0,1
79567,0,1
79667,0,1
79767,0,1
79867,0,1
79967,0,1
80067,0,1
80167,0,1
80267,0,1
80367,0,1
80467,0,1
80567,0,1
80667,0,1
80767,0,1
80867,0,1
80967,0,1
81067,0,1
81167,0,1
81267,0,1
81367,0,1
81467,0,1
81568,0,1
81668,0,1
81768,0,1
81868,0,1
81968,0,1
82068,0,1
82168,0,1
82268,0,1
82368,0,1
82468,0,1
82568,0,1
82668,0,1
82768,0,1
82868,0,1
82968,0,1
83068,0,1
83168,0,0
83268,0,0
83368,0,0
83682,0,0
83782,0,1
83882,0,1
83982,0,1
84082,0,1
84182,0,1
84282,0,1
84382,0,1
84482,0,1
84582,0,1
84682,0,1
84782,0,1
84882,0,1
84982,0,1
85082,0,1
85182,0,1
85282,0,1
85382,0,1
85482,0,1
85578,0,1
85678,0,1
85778,0,1
85878,0,1
85979,0,1
86079,0,1
86179,0,1
86279,0,1
86379,0,1
86479,0,1
86579,0,1
86679,0,1
86779,0,1
86879,0,1
86979,0,1
87079,0,1
87179,0,1
87279,0,1
87379,0,1
87479,0,1
87579,0,1
87707,0,0
87807,0,0
87907,0,0
88007,0,0
88107,0,0
88207,0,0
88307,0,0
88653,0,0
88753,0,1
88853,0,1
88953,0,1
89053,0,1
89153,0,1
89253,0,1
89353,0,1
89453,0,1
89551,0,1
89651,0,1
89751,0,1
89851,0,1
89951,0,1
90051,0,1
90151,0,1
90251,0,1
90351,0,1
90451,0,1
90551,0,1
90651,0,1
90751,0,1
90851,0,1
90951,0,1
91051,0,1
91151,0,1
91251,0,1
91351,0,1
91451,0,1
91551,0,1
91652,0,1
91752,0,1
91852,0,1
91952,0,1
92052,0,1
92152,0,1
92252,0,1
92352,0,1
92452,0,1
92552,0,1
92680,0,0
92780,0,0
92880,0,0
92980,0,0
93080,0,0
93180,0,0
93280,0,0
93380,0,0
93480,0,0
93577,0,0
93677,0,0
93777,0,0
93877,0,0
93977,0,0
94077,0,0
94177,0,0
94277,0,0
94377,0,0
94477,0,0
94577,0,0
94678,0,0
94778,0,0
94878,0,0
94978,0,0
95078,0,0
95178,0,0
95278,0,0
95378,0,0
95478,0,0
95578,0,0
95678,0,0
95778,0,0
95878,0,0
95978,0,0
96078,0,0
96178,0,0
96278,0,0
96378,0,0
96478,0,0
96959,0,0
97059,0,1
97159,0,1
97259,0,1
97372,0,1
97472,1,2
97568,1,2
97668,1,2
97768,1,2
97868,1,2
97968,1,2
98068,1,2
98168,1,2
98268,1,2
98368,1,2
98468,1,2
98568,1,2
98668,1,2
98768,1,2
98868,1,2
98968,1,2
99069,1,2
99169,1,2
99269,1,2
99412,0,0
99512,0,0
99612,0,0
99712,0,0
99812,0,0
99912,0,0
100012,0,0
100112,0,0
100212,0,0
100312,0,0
100412,0,0
100512,0,0
100612,0,0
100712,0,0
100812,0,0
100912,0,0
101012,0,0
101112,0,0
101212,0,0
101312,0,0
101833,0,0
101640,0,1
101740,0,1
101840,0,1
101940,0,1
102040,0,1
102140,0,1
102240,0,1
102340,0,1
102440,0,1
102540,0,1
102640,0,1
102740,0,1
102840,0,1
102940,0,1
103040,0,1
103140,0,1
103240,0,1
103341,0,1
103441,0,1
103541,0,1
103641,0,1
103741,0,1
103841,0,1
103941,0,1
104041,0,1
104141,0,1
104241,0,1
104341,0,1
104441,0,1
104541,0,1
104641,0,1
104741,0,1
104841,0,1
104941,0,1
105041,0,1
105141,0,1
105241,0,1
105631,0,1
105731,0,1
105859,0,0
105959,0,0
106320,0,0
106420,0,1
106520,0,1
106620,0,1
106720,0,1
106820,0,1
106920,0,1
107020,0,1
107120,0,1
107220,0,1
107320,0,1
107420,0,1
107520,0,1
107620,0,1
107720,0,1
107820,0,1
107920,0,1
108020,0,1
108120,0,1
108220,0,1
108320,0,1
108420,0,1
108520,0,1
108620,0,1
108720,0,1
108820,0,1
108920,0,1
109020,0,1
109120,0,1
109220,0,1
109320,0,1
109420,0,1
109520,0,1
109620,0,1
109720,0,1
109817,0,1
109917,0,1
110017,0,1
110117,0,1
110217,0,1
110317,0,1
110417,0,0
110517,0,0
110617,0,0
110717,0,0
111303,0,0
111403,0,1
111503,0,1
111603,0,1
111703,0,1
111803,0,1
111903,0,1
112003,0,1
112103,0,1
112204,0,1
112304,0,1
112404,0,1
112504,0,1
112604,0,1
112704,0,1
112804,0,1
112904,0,1
113004,0,1
113104,0,1
113204,0,1
113304,0,1
113404,0,1
113504,0,1
113604,0,1
113704,0,1
113804,0,1
113904,0,1
114004,0,1
114104,0,1
114204,0,1
114304,0,1
114404,0,1
114504,0,1
114604,0,1
114704,0,1
114804,0,1
114904,0,1
115004,0,1
115105,0,1
115205,0,1
115332,0,0
115432,0,0
115532,0,0
115632,0,0
115732,0,0
115832,0,0
115932,0,0
116032,0,0
116132,0,0
116232,0,0
116332,0,0
116432,0,0
116532,0,0
116632,0,0
116732,0,0
116832,0,0
116932,0,0
117032,0,0
117132,0,0
117232,0,0
117332,0,0
117432,0,0
117532,0,0
117632,0,0
117732,0,0
117832,0,0
117932,0,0
118032,0,0
118132,0,0
118232,0,0
118332,0,0
118433,0,0
118533,0,0
118633,0,0
118733,0,0
118833,0,0
118933,0,0
119033,0,0
119133,0,0
119233,0,0
119333,0,0
119433,0,0
119533,0,0
119633,0,0
119733,0,0
119833,0,0
119933,0,0
120033,0,0
120133,0,0
120233,0,0
120333,0,0
120433,0,0
120533,0,0
120633,0,0
120733,0,0
120833,0,0
120933,0,0
121033,0,0
121133,0,0
121233,0,0
121333,0,0
121433,0,0
121533,0,0
121633,0,0
121733,0,0
121833,0,0
121933,0,0
122033,0,0
122133,0,0
122233,0,0
122333,0,0
122433,0,0
122533,0,0
122633,0,0
122733,0,0
122833,0,0
122933,0,0
123033,0,0
123133,0,0
123233,0,0
123333,0,0
123433,0,0
123533,0,0
123633,0,0
123733,0,0
123833,0,0
123933,0,0
124033,0,0
124133,0,0
124233,0,0
124333,0,0
124433,0,0
124533,0,0
124633,0,0
124733,0,0
124833,0,0
124933,0,0
125033,0,0
125133,0,0
125233,0,0
125333,0,0
125433,0,0
125533,0,0
125633,0,0
125733,0,0
125833,0,0
125924,0,0
126024,0,0
126124,0,0
126224,0,0
126324,0,0
126424,0,0
126524,0,0
126624,0,0
126724,0,0
126824,0,0
126924,0,0
127024,0,0
127124,0,0
127224,0,0
127324,0,0
127424,0,0
127524,0,0
127624,0,0
127724,0,0
127824,0,0
127924,0,0
128024,0,0
128124,0,0
128224,0,0
128324,0,0
128424,0,0
128524,0,0
128624,0,0
128724,0,0
128824,0,0
128924,0,0
129024,0,0
129124,0,0
129224,0,0
129324,0,0
129424,0,0
129524,0,0
129624,0,0
129724,0,0
129824,0,0
130308,0,0
129973,0,1
130073,0,1
130173,0,1
130273,0,1
130373,0,1
130473,0,1
130573,0,1
130673,0,1
130773,0,1
130873,0,1
130973,0,1
131073,0,1
131174,0,1
131274,0,1
131374,0,1
131474,0,1
131574,0,1
131674,0,1
131774,0,1
131874,0,1
131974,0,1
132074,0,1
132174,0,1
132274,0,1
132374,0,1
132474,0,1
132574,0,1
132674,0,1
132774,0,1
132874,0,1
132974,0,1
133074,0,1
133174,0,1
133274,0,1
133374,0,1
133905,0,1
134005,0,1
134105,0,1
134205,0,1
134332,0,0
134432,0,0
134532,0,0
134632,0,0
134895,0,0
134995,0,1
135095,0,1
135195,0,1
135314,0,1
135414,1,2
135514,1,2
135614,1,2
135714,1,2
135814,1,2
135915,1,2
136015,1,2
136115,1,2
136215,1,2
136315,1,2
136415,1,2
136515,1,2
136615,1,2
136715,1,2
136815,1,2
136915,1,2
137015,1,2
137115,1,2
137215,1,2
137355,0,0
137455,0,0
137555,0,0
137655,0,0
137755,0,0
137855,0,0
137952,0,0
138052,0,0
138152,0,0
138252,0,0
138352,0,0
138452,0,0
138552,0,0
138652,0,0
138752,0,0
138852,0,0
138952,0,0
139052,0,0
139152,0,0
139252,0,0
139352,0,0
139594,0,0
139694,0,1
139794,0,1
139894,0,1
139994,0,1
140094,0,1
140194,0,1
140294,0,1
140394,0,1
140494,0,1
140594,0,1
140694,0,1
140794,0,1
140894,0,1
140994,0,1
141094,0,1
141194,0,1
141294,0,1
141394,0,1
141494,0,1
141594,0,1
141694,0,1
141794,0,1
141894,0,1
141986,0,1
142086,0,1
142186,0,1
142286,0,1
142386,0,1
142486,0,1
142586,0,1
142686,0,1
142786,0,1
142886,0,1
142986,0,1
143086,0,1
143186,0,1
143286,0,1
143386,0,1
143486,0,1
143586,0,1
143686,0,0
143786,0,0
143886,0,0
144273,0,0
144372,0,1
144472,0,1
144572,0,1
144672,0,1
144772,0,1
144872,0,1
144972,0,1
145072,0,1
145172,0,1
145272,0,1
145372,0,1
145472,0,1
145572,0,1
145672,0,1
145772,0,1
145872,0,1
145976,0,1
146076,0,1
146176,0,1
146276,0,1
146376,0,1
146476,0,1
146576,0,1
146676,0,1
146776,0,1
146876,0,1
146976,0,1
147076,0,1
147176,0,1
147276,0,1
147376,0,1
147476,0,1
147576,0,1
147676,0,1
147776,0,1
147876,0,1
147976,0,1
148076,0,1
148176,0,1
148304,0,0
148404,0,0
148504,0,0
148604,0,0
148704,0,0
148804,0,0
148904,0,0
149005,0,0
149105,0,0
149205,0,0
149305,0,0
149405,0,0
149505,0,0
149605,0,0
149705,0,0
149805,0,0
149902,0,0
150002,0,0
150102,0,0
150202,0,0
150302,0,0
150402,0,0
150502,0,0
150602,0,0
150702,0,0
150802,0,0
150902,0,0
151002,0,0
151102,0,0
151202,0,0
151302,0,0
151402,0,0
151502,0,0
151602,0,0
151702,0,0
151802,0,0
151902,0,0
152002,0,0
152102,0,0
152202,0,0
152302,0,0
152402,0,0
152502,0,0
152602,0,0
152702,0,0
152802,0,0
152902,0,0
153002,0,0
153102,0,0
153202,0,0
153302,0,0
153402,0,0
153502,0,0
153602,0,0
153702,0,0
153802,0,0
153901,0,0
154001,0,0
154101,0,0
154201,0,0
154301,0,0
154401,0,0
154501,0,0
154601,0,0
154701,0,0
154801,0,0
154901,0,0
155001,0,0
155101,0,0
155201,0,0
155301,0,0
155401,0,0
155501,0,0
155601,0,0
155701,0,0
155801,0,0
155901,0,0
156001,0,0
156101,0,0
156201,0,0
156301,0,0
156401,0,0
156501,0,0
156601,0,0
156701,0,0
156801,0,0
156901,0,0
157001,0,0
157101,0,0
157201,0,0
157301,0,0
157401,0,0
157501,0,0
157601,0,0
157701,0,0
157801,0,0
157901,0,0
157986,0,0
158086,0,0
158186,0,0
158286,0,0
158386,0,0
158486,0,0
158586,0,0
158686,0,0
158786,0,0
158886,0,0
158986,0,0
159086,0,0
159186,0,0
159286,0,0
159386,0,0
159486,0,0
159586,0,0
159686,0,0
159786,0,0
159886,0,0
159986,0,0
160086,0,0
160186,0,0
160286,0,0
160386,0,0
160486,0,0
160586,0,0
160686,0,0
160786,0,0
160886,0,0
160986,0,0
161086,0,0
161186,0,0
161286,0,0
161386,0,0
161486,0,0
161586,0,0
161686,0,0
161786,0,0
161886,0,0
161986,0,0
162086,0,0
162186,0,0
162286,0,0
162386,0,0
162486,0,0
162586,0,0
162686,0,0
162786,0,0
162886,0,0
162986,0,0
163086,0,0
163186,0,0
163286,0,0
163386,0,0
163486,0,0
163586,0,0
163686,0,0
163786,0,0
163886,0,0
163986,0,0
164086,0,0
164186,0,0
164286,0,0
164386,0,0
164486,0,0
164586,0,0
164686,0,0
164786,0,0
164886,0,0
164986,0,0
165086,0,0
165186,0,0
165286,0,0
165386,0,0
165486,0,0
165586,0,0
165686,0,0
165786,0,0
165886,0,0
165992,0,0
166092,0,0
166192,0,0
166292,0,0
166392,0,0
166492,0,0
166592,0,0
166692,0,0
166792,0,0
166892,0,0
166992,0,0
167092,0,0
167192,0,0
167292,0,0
167392,0,0
167492,0,0
167592,0,0
167692,0,0
167792,0,0
167892,0,0
167992,0,0
168092,0,0
168192,0,0
168292,0,0
168392,0,0
168492,0,0
168592,0,0
168692,0,0
168792,0,0
168892,0,0
168992,0,0
169092,0,0
169192,0,0
169292,0,0
169392,0,0
169492,0,0
169592,0,0
169692,0,0
169792,0,0
169892,0,0
169992,0,0
170092,0,0
170192,0,0
170292,0,0
170392,0,0
170492,0,0
170592,0,0
170692,0,0
170792,0,0
170892,0,0
170992,0,0
171092,0,0
171192,0,0
171292,0,0
171392,0,0
171492,0,0
171592,0,0
171692,0,0
171792,0,0
171892,0,0
171992,0,0
172092,0,0
172192,0,0
172292,0,0
172392,0,0
172492,0,0
172592,0,0
172692,0,0
172792,0,0
172892,0,0
172992,0,0
173092,0,0
173192,0,0
173292,0,0
173392,0,0
173492,0,0
173592,0,0
173692,0,0
173792,0,0
173892,0,0
173992,0,0
174092,0,0
174192,0,0
174292,0,0
174392,0,0
174492,0,0
174592,0,0
174692,0,0
174792,0,0
174892,0,0
174992,0,0
175092,0,0
175192,0,0
175292,0,0
175392,0,0
175492,0,0
175592,0,0
175692,0,0
175792,0,0
175892,0,0
175992,0,0
176092,0,0
176192,0,0
176292,0,0
176392,0,0
176492,0,0
176592,0,0
176692,0,0
176792,0,0
176892,0,0
176992,0,0
177092,0,0
177192,0,0
177292,0,0
177392,0,0
177492,0,0
177592,0,0
177692,0,0
177792,0,0
177892,0,0
177992,0,0
178092,0,0
178192,0,0
178292,0,0
178392,0,0
178492,0,0
178592,0,0
178692,0,0
178792,0,0
178892,0,0
178992,0,0
179092,0,0
179192,0,0
179292,0,0
179392,0,0
179492,0,0
179592,0,0
179692,0,0
179792,0,0
179892,0,0
179992,0,0
180092,0,0
180192,0,0
180292,0,0
180392,0,0
180492,0,0
180592,0,0
180692,0,0
180792,0,0
180892,0,0
180992,0,0
181092,0,0
181192,0,0
181292,0,0
181392,0,0
181492,0,0
181592,0,0
181692,0,0
181792,0,0
181892,0,0
181992,0,0
182092,0,0
182192,0,0
182292,0,0
182392,0,0
182492,0,0
182592,0,0
182692,0,0
182792,0,0
182892,0,0
182992,0,0
183092,0,0
183192,0,0
183292,0,0
183392,0,0
183492,0,0
183592,0,0
183692,0,0
183792,0,0
183892,0,0
183992,0,0
184092,0,0
184192,0,0
184292,0,0
184392,0,0
184492,0,0
184592,0,0
184692,0,0
184792,0,0
184892,0,0
184992,0,0
185092,0,0
185192,0,0
185292,0,0
185392,0,0
185492,0,0
185592,0,0
185692,0,0
185792,0,0
185892,0,0
185981,0,0
186081,0,0
186181,0,0
186471,0,0
186571,0,1
186671,0,1
186771,0,1
186871,1,2
186971,1,2
187071,1,2
187171,1,2
187271,1,2
187371,1,2
187471,1,2
187571,1,2
187671,1,2
187771,1,2
187871,1,2
187971,1,2
188071,1,2
188171,1,2
188271,1,2
188371,1,2
188471,1,2
188571,1,2
188671,1,2
188771,1,2
188899,0,0
188999,0,0
189099,0,0
189199,0,0
189299,0,0
189399,0,0
189499,0,0
189600,0,0
189700,0,0
189800,0,0
189900,0,0
189997,0,0
190097,0,0
190197,0,0
190297,0,0
190397,0,0
190497,0,0
190597,0,0
190697,0,0
190797,0,0
190897,0,0
191463,0,0
191563,0,1
191663,0,1
191763,0,1
191863,0,1
191963,0,1
192063,0,1
192163,0,1
192263,0,1
192363,0,1
192463,0,1
192563,0,1
192663,0,1
192763,0,1
192863,0,1
192963,0,1
193063,0,1
193163,0,1
193263,0,1
193363,0,1
193463,0,1
193563,0,1
193663,0,1
193763,0,1
193864,0,1
193962,0,1
194062,0,1
194162,0,1
194262,0,1
194362,0,1
194462,0,1
194562,0,1
194662,0,1
194762,0,1
194862,0,1
194962,0,1
195062,0,1
195162,0,1
195262,0,1
195362,0,1
195490,0,0
195986,0,0
196086,0,1
196186,0,1
196286,0,1
196386,0,1
196486,0,1
196586,0,1
196686,0,1
196786,0,1
196886,0,1
196986,0,1
197086,0,1
197186,0,1
197286,0,1
197386,0,1
197486,0,1
197586,0,1
197686,0,1
197787,0,1
197887,0,1
197984,0,1
198084,0,1
198184,0,1
198284,0,1
198384,0,1
198484,0,1
198584,0,1
198684,0,1
198784,0,1
198884,0,1
198984,0,1
199084,0,1
199184,0,1
199284,0,1
199384,0,1
199484,0,1
199584,0,1
199684,0,1
199784,0,1
199884,0,1
200012,0,0
200112,0,0
200212,0,0
200312,0,0
200412,0,0
200512,0,0
200612,0,0
200712,0,0
200813,0,0
200913,0,0
201013,0,0
201113,0,0
201213,0,0
201313,0,0
201413,0,0
201513,0,0
201613,0,0
201713,0,0
201813,0,0
201913,0,0
202011,0,0
202111,0,0
202211,0,0
202311,0,0
202411,0,0
202511,0,0
202611,0,0
202711,0,0
202811,0,0
202911,0,0
203011,0,0
203111,0,0
203211,0,0
203311,0,0
203411,0,0
203511,0,0
203611,0,0
203711,0,0
203811,0,0
203911,0,0
204011,0,0
204111,0,0
204211,0,0
204311,0,0
204411,0,0
204511,0,0
204611,0,0
204711,0,0
204811,0,0
204911,0,0
205011,0,0
205111,0,0
205211,0,0
205311,0,0
205411,0,0
205511,0,0
205611,0,0
205711,0,0
205811,0,0
205911,0,0
206009,0,0
206109,0,0
206209,0,0
206309,0,0
206409,0,0
206509,0,0
206609,0,0
206709,0,0
206809,0,0
206909,0,0
207009,0,0
207109,0,0
207209,0,0
207309,0,0
207409,0,0
207509,0,0
207609,0,0
207709,0,0
207809,0,0
207909,0,0
208009,0,0
208109,0,0
208209,0,0
208309,0,0
208409,0,0
208509,0,0
208609,0,0
208709,0,0
208809,0,0
208909,0,0
209009,0,0
209109,0,0
209209,0,0
209309,0,0
209409,0,0
209509,0,0
209609,0,0
209709,0,0
209809,0,0
209909,0,0
210007,0,0
210107,0,0
210207,0,0
210307,0,0
210407,0,0
210507,0,0
210607,0,0
210707,0,0
210807,0,0
210907,0,0
211007,0,0
211107,0,0
211207,0,0
211307,0,0
211407,0,0
211507,0,0
211607,0,0
211707,0,0
211807,0,0
211907,0,0
212007,0,0
212107,0,0
212207,0,0
212307,0,0
212407,0,0
212507,0,0
212607,0,0
212707,0,0
212807,0,0
212907,0,0
213007,0,0
213107,0,0
213207,0,0
213307,0,0
213407,0,0
213507,0,0
213607,0,0
213707,0,0
213807,0,0
213907,0,0
214004,0,0
214104,0,0
214204,0,0
214304,0,0
214404,0,0
214504,0,0
214604,0,0
214704,0,0
214804,0,0
214904,0,0
215004,0,0
215104,0,0
215204,0,0
215304,0,0
215404,0,0
215504,0,0
215604,0,0
215704,0,0
215804,0,0
215904,0,0
216004,0,0
216104,0,0
216204,0,0
216304,0,0
216404,0,0
216504,0,0
216604,0,0
216704,0,0
216804,0,0
216904,0,0
217004,0,0
217104,0,0
217204,0,0
217304,0,0
217404,0,0
217504,0,0
217604,0,0
217704,0,0
217804,0,0
217904,0,0
218002,0,0
218102,0,0
218202,0,0
218302,0,0
218402,0,0
218502,0,0
218602,0,0
218702,0,0
218802,0,0
218902,0,0
219002,0,0
219102,0,0
219202,0,0
219302,0,0
219402,0,0
219502,0,0
219602,0,0
219702,0,0
219802,0,0
219902,0,0
220002,0,0
220102,0,0
220202,0,0
220302,0,0
220402,0,0
220502,0,0
220602,0,0
220702,0,0
220802,0,0
220902,0,0
221002,0,0
221102,0,0
221202,0,0
221302,0,0
221402,0,0
221502,0,0
221602,0,0
221702,0,0
221802,0,0
221902,0,0
221999,0,0
222099,0,0
222199,0,0
222299,0,0
222399,0,0
222499,0,0
222599,0,0
222699,0,0
222799,0,0
222899,0,0
222999,0,0
223099,0,0
223199,0,0
223299,0,0
223399,0,0
223499,0,0
223599,0,0
223699,0,0
223799,0,0
223899,0,0
223999,0,0
224099,0,0
224199,0,0
224299,0,0
224399,0,0
224499,0,0
224599,0,0
224699,0,0
224799,0,0
224899,0,0
224999,0,0
225099,0,0
225199,0,0
225299,0,0
225399,0,0
225499,0,0
225599,0,0
225699,0,0
225799,0,0
225899,0,0
225999,0,0
226099,0,0
226199,0,0
226299,0,0
226399,0,0
226499,0,0
226599,0,0
226699,0,0
226799,0,0
226899,0,0
226999,0,0
227099,0,0
227199,0,0
227299,0,0
227399,0,0
227499,0,0
227599,0,0
227699,0,0
227799,0,0
227899,0,0
227999,0,0
228099,0,0
228199,0,0
228299,0,0
228399,0,0
228499,0,0
228599,0,0
228699,0,0
228799,0,0
228899,0,0
228999,0,0
229099,0,0
229199,0,0
229299,0,0
229399,0,0
229499,0,0
229599,0,0
229699,0,0
229799,0,0
229899,0,0
229999,0,0
230099,0,0
230199,0,0
230299,0,0
230399,0,0
230499,0,0
230599,0,0
230699,0,0
230799,0,0
230899,0,0
230999,0,0
231099,0,0
231199,0,0
231299,0,0
231399,0,0
231499,0,0
231599,0,0
231699,0,0
231799,0,0
231899,0,0
231999,0,0
232099,0,0
232199,0,0
232299,0,0
232399,0,0
232499,0,0
232599,0,0
232699,0,0
232799,0,0
232899,0,0
232999,0,0
233099,0,0
233199,0,0
233299,0,0
233399,0,0
233499,0,0
233599,0,0
233699,0,0
233799,0,0
233899,0,0
233999,0,0
234099,0,0
234199,0,0
234299,0,0
234399,0,0
234499,0,0
234599,0,0
234699,0,0
234799,0,0
234899,0,0
234999,0,0
235099,0,0
235199,0,0
235299,0,0
235399,0,0
235499,0,0
235599,0,0
235699,0,0
235799,0,0
235899,0,0
235999,0,0
236099,0,0
236199,0,0
236299,0,0
236399,0,0
236499,0,0
236599,0,0
236699,0,0
236799,0,0
236899,0,0
236999,0,0
237099,0,0
237199,0,0
237299,0,0
237399,0,0
237499,0,0
237599,0,0
237699,0,0
237799,0,0
237899,0,0
237999,0,0
238099,0,0
238199,0,0
238299,0,0
238399,0,0
238499,0,0
238599,0,0
238699,0,0
238799,0,0
238899,0,0
238999,0,0
239099,0,0
239199,0,0
239299,0,0
239399,0,0
239499,0,0
239599,0,0
239699,0,0
239799,0,0
239899,0,0
239999,0,0
240099,0,0
240199,0,0
240299,0,0
240399,0,0
240499,0,0
240599,0,0
240699,0,0
240799,0,0
240899,0,0
240999,0,0
241099,0,0
241199,0,0
241299,0,0
241399,0,0
241499,0,0
241599,0,0
241699,0,0
241799,0,0
241899,0,0
241999,0,0
242099,0,0
242199,0,0
242299,0,0
242399,0,0
242499,0,0
242599,0,0
242687,0,0
242787,0,0
242887,0,0
242987,0,0
243171,0,0
243271,0,1
243371,0,1
243471,0,1
243578,0,1
243678,1,2
243778,1,2
243878,1,2
243978,1,2
244078,1,2
244179,1,2
244279,1,2
244379,1,2
244479,1,2
244579,1,2
244679,1,2
244779,1,2
244879,1,2
244979,1,2
245079,1,2
245179,1,2
245279,1,2
245379,1,2
245479,1,2
245607,0,0
245707,0,0
245807,0,0
245907,0,0
246007,0,0
246107,0,0
246207,0,0
246307,0,0
246407,0,0
246507,0,0
246607,0,0
246705,0,0
246805,0,0
246905,0,0
247005,0,0
247105,0,0
247205,0,0
247305,0,0
247405,0,0
247505,0,0
247605,0,0
248061,0,0
248161,0,1
248261,0,1
248361,0,1
248461,0,1
248561,0,1
248661,0,1
248761,0,1
248861,0,1
248961,0,1
249061,0,1
249161,0,1
249261,0,1
249361,0,1
249461,0,1
249561,0,1
249661,0,1
249761,0,1
249861,0,1
249961,0,1
250061,0,1
250161,0,1
250261,0,1
250361,0,1
250461,0,1
250561,0,1
250661,0,1
250755,0,1
250855,0,1
250955,0,1
251055,0,1
251155,0,1
251255,0,1
251355,0,1
251455,0,1
251555,0,1
251655,0,1
251755,0,1
251855,0,1
251955,0,1
252055,0,1
252155,0,0
252255,0,0
252355,0,0
252455,0,0
252555,0,0
252655,0,0
252755,0,0
252855,0,0
252955,0,0
253055,0,0
253155,0,0
253255,0,0
253355,0,0
253455,0,0
253555,0,0
253655,0,0
253755,0,0
253855,0,0
253955,0,0
254055,0,0
254155,0,0
254255,0,0
254355,0,0
254455,0,0
254555,0,0
254655,0,0
254755,0,0
254855,0,0
254955,0,0
255055,0,0
255155,0,0
255255,0,0
255355,0,0
255455,0,0
255555,0,0
255655,0,0
255755,0,0
255855,0,0
255955,0,0
256055,0,0
256155,0,0
256255,0,0
256355,0,0
256455,0,0
256555,0,0
256655,0,0
256755,0,0
256855,0,0
256955,0,0
257055,0,0
257155,0,0
257255,0,0
257355,0,0
257455,0,0
257555,0,0
257655,0,0
257755,0,0
257855,0,0
257955,0,0
258055,0,0
258155,0,0
258255,0,0
258355,0,0
258455,0,0
258555,0,0
258655,0,0
258754,0,0
258854,0,0
258954,0,0
259054,0,0
259154,0,0
259254,0,0
259354,0,0
259454,0,0
259554,0,0
259654,0,0
259754,0,0
259854,0,0
259954,0,0
260054,0,0
260154,0,0
260254,0,0
260354,0,0
260454,0,0
260554,0,0
260654,0,0
260754,0,0
260854,0,0
260954,0,0
261054,0,0
261154,0,0
261254,0,0
261354,0,0
261454,0,0
261554,0,0
261654,0,0
261754,0,0
261854,0,0
261954,0,0
262054,0,0
262154,0,0
262254,0,0
262354,0,0
262454,0,0
262554,0,0
262654,0,0
262752,0,0
262852,0,0
262952,0,0
263052,0,0
263152,0,0
263252,0,0
263352,0,0
263452,0,0
263552,0,0
263652,0,0
263752,0,0
263852,0,0
263952,0,0
264052,0,0
264152,0,0
264252,0,0
264352,0,0
264452,0,0
264552,0,0
264652,0,0
264752,0,0
264852,0,0
264952,0,0
265052,0,0
265152,0,0
265252,0,0
265352,0,0
265452,0,0
265552,0,0
265652,0,0
265752,0,0
265852,0,0
265952,0,0
266052,0,0
266152,0,0
266252,0,0
266352,0,0
266452,0,0
266552,0,0
266652,0,0
266747,0,0
266847,0,0
266947,0,0
267047,0,0
267147,0,0
267247,0,0
267347,0,0
267447,0,0
267547,0,0
267647,0,0
267747,0,0
267847,0,0
267947,0,0
268047,0,0
268147,0,0
268247,0,0
268347,0,0
268447,0,0
268547,0,0
268647,0,0
268747,0,0
268847,0,0
268947,0,0
269047,0,0
269147,0,0
269247,0,0
269347,0,0
269447,0,0
269547,0,0
269647,0,0
269747,0,0
269847,0,0
269947,0,0
270047,0,0
270147,0,0
270247,0,0
270347,0,0
270447,0,0
270547,0,0
270647,0,0
270744,0,0
270844,0,0
270944,0,0
271044,0,0
271144,0,0
271244,0,0
271344,0,0
271444,0,0
271544,0,0
271644,0,0
271744,0,0
271844,0,0
271944,0,0
272044,0,0
272144,0,0
272244,0,0
272344,0,0
272444,0,0
272544,0,0
272644,0,0
272744,0,0
272844,0,0
272944,0,0
273044,0,0
273144,0,0
273244,0,0
273344,0,0
273444,0,0
273544,0,0
273644,0,0
273744,0,0
273844,0,0
273944,0,0
274044,0,0
274144,0,0
274244,0,0
274344,0,0
274444,0,0
274544,0,0
274644,0,0
274744,0,0
274844,0,0
274944,0,0
275044,0,0
275144,0,0
275244,0,0
275344,0,0
275444,0,0
275544,0,0
275644,0,0
275744,0,0
275844,0,0
275944,0,0
276044,0,0
276144,0,0
276244,0,0
276344,0,0
276444,0,0
276544,0,0
276644,0,0
276744,0,0
276844,0,0
276944,0,0
277044,0,0
277144,0,0
277244,0,0
277344,0,0
277444,0,0
277544,0,0
277644,0,0
277744,0,0
277844,0,0
277944,0,0
278044,0,0
278144,0,0
278244,0,0
278344,0,0
278444,0,0
278544,0,0
278644,0,0
278742,0,0
278842,0,0
278942,0,0
279042,0,0
279142,0,0
279242,0,0
279342,0,0
279442,0,0
279542,0,0
279642,0,0
279742,0,0
279842,0,0
279942,0,0
280042,0,0
280142,0,0
280242,0,0
280342,0,0
280442,0,0
280542,0,0
280642,0,0
280742,0,0
280842,0,0
280942,0,0
281042,0,0
281142,0,0
281242,0,0
281342,0,0
281442,0,0
281542,0,0
281642,0,0
281742,0,0
281842,0,0
281942,0,0
282042,0,0
282142,0,0
282242,0,0
282342,0,0
282442,0,0
282542,0,0
282642,0,0
282742,0,0
282842,0,0
282942,0,0
283042,0,0
283142,0,0
283242,0,0
283342,0,0
283442,0,0
283542,0,0
283642,0,0
283742,0,0
283842,0,0
283942,0,0
284042,0,0
284142,0,0
284242,0,0
284342,0,0
284442,0,0
284542,0,0
284642,0,0
284742,0,0
284842,0,0
284942,0,0
285042,0,0
285142,0,0
285242,0,0
285342,0,0
285442,0,0
285542,0,0
285642,0,0
285742,0,0
285842,0,0
285942,0,0
286042,0,0
286142,0,0
286242,0,0
286342,0,0
286442,0,0
286542,0,0
286642,0,0
286742,0,0
286842,0,0
286942,0,0
287042,0,0
287142,0,0
287242,0,0
287342,0,0
287442,0,0
287542,0,0
287642,0,0
287742,0,0
287842,0,0
287942,0,0
288042,0,0
288142,0,0
288242,0,0
288342,0,0
288442,0,0
288542,0,0
288642,0,0
288742,0,0
288842,0,0
288942,0,0
289042,0,0
289142,0,0
289242,0,0
289342,0,0
289442,0,0
289542,0,0
289642,0,0
289742,0,0
289842,0,0
289942,0,0
290042,0,0
290142,0,0
290242,0,0
290342,0,0
290442,0,0
290542,0,0
290642,0,0
290742,0,0
290842,0,0
290942,0,0
291042,0,0
291142,0,0
291242,0,0
291342,0,0
291442,0,0
291542,0,0
291642,0,0
291742,0,0
291842,0,0
291942,0,0
292042,0,0
292142,0,0
292242,0,0
292342,0,0
292442,0,0
292542,0,0
292642,0,0
292742,0,0
292842,0,0
292942,0,0
293042,0,0
293142,0,0
293242,0,0
293342,0,0
293442,0,0
293542,0,0
293642,0,0
293742,0,0
293842,0,0
293942,0,0
294042,0,0
294142,0,0
294242,0,0
294342,0,0
294442,0,0
294542,0,0
294642,0,0
294742,0,0
294842,0,0
294942,0,0
295042,0,0
295142,0,0
295242,0,0
295342,0,0
295442,0,0
295542,0,0
295642,0,0
295742,0,0
295842,0,0
295942,0,0
296042,0,0
296142,0,0
296242,0,0
296342,0,0
296442,0,0
296542,0,0
296642,0,0
296742,0,0
296842,0,0
296942,0,0
297042,0,0
297142,0,0
297242,0,0
297342,0,0
297442,0,0
297542,0,0
297642,0,0
297742,0,0
297842,0,0
297942,0,0
298042,0,0
298142,0,0
298242,0,0
298342,0,0
298442,0,0
298542,0,0
298642,0,0
298742,0,0
298842,0,0
298942,0,0
299042,0,0
299142,0,0
299242,0,0
299342,0,0
299442,0,0
299542,0,0
299630,0,0
299730,0,0
299830,0,0
299930,0,0
300030,0,0
300130,0,0
300484,0,0
300584,0,1
300684,0,1
300784,0,1
300884,0,1
300984,0,1
301084,0,1
301184,0,1
301284,0,1
301384,0,1
301484,0,1
301584,0,1
301684,0,1
301784,0,1
301884,0,1
301984,0,1
302084,0,1
302184,0,1
302284,0,1
302384,0,1
302484,0,1
302584,0,1
302685,0,1
302785,0,1
302885,0,1
302985,0,1
303085,0,1
303185,0,1
303285,0,1
303385,0,1
303485,0,1
303582,0,1
303682,0,1
303782,0,1
303882,0,1
303982,0,1
304082,0,1
304182,0,1
304282,0,1
304382,0,1
304509,0,0
304609,0,0
305209,0,0
305309,0,1
305409,0,1
305509,0,1
305609,0,1
305709,0,1
305809,0,1
305909,0,1
306010,0,1
306110,0,1
306210,0,1
306310,0,1
306410,0,1
306510,0,1
306610,0,1
306710,0,1
306810,0,1
306910,0,1
307010,0,1
307110,0,1
307210,0,1
307310,0,1
307410,0,1
307510,0,1
307606,0,1
307706,0,1
307806,0,1
307906,0,1
308006,0,1
308106,0,1
308206,0,1
308306,0,1
308406,0,1
308506,0,1
308606,0,1
308706,0,1
308806,0,1
308907,0,1
309007,0,1
309107,0,1
309234,0,0
309599,0,0
309699,0,1
309799,0,1
309899,0,1
309999,0,1
310099,0,1
310199,0,1
310299,0,1
310399,0,1
310499,0,1
310599,0,1
310699,0,1
310799,0,1
310899,0,1
310999,0,1
311099,0,1
311199,0,1
311299,0,1
311399,0,1
311499,0,1
311599,0,1
311699,0,1
311799,0,1
311899,0,1
311999,0,1
312099,0,1
312199,0,1
312299,0,1
312399,0,1
312499,0,1
312599,0,1
312699,0,1
312799,0,1
312899,0,1
312999,0,1
313099,0,1
313199,0,1
313299,0,1
313399,0,1
313499,0,1
313628,0,0
313729,0,0
313829,0,0
314170,0,0
314270,0,1
314370,0,1
314470,0,1
314592,0,1
314692,1,2
314792,1,2
314892,1,2
314992,1,2
315092,1,2
315192,1,2
315292,1,2
315393,1,2
315493,1,2
315590,1,2
315690,1,2
315790,1,2
315890,1,2
315990,1,2
316090,1,2
316190,1,2
316290,1,2
316390,1,2
316490,1,2
316616,0,0
316716,0,0
316816,0,0
316916,0,0
317016,0,0
317116,0,0
317216,0,0
317316,0,0
317416,0,0
317516,0,0
317616,0,0
317716,0,0
317816,0,0
317916,0,0
318016,0,0
318116,0,0
318216,0,0
318316,0,0
318416,0,0
318516,0,0
318616,0,0
319078,0,0
319178,0,1
319278,0,1
319378,0,1
319478,0,1
319578,0,1
319667,0,1
319767,0,1
319867,0,1
319967,0,1
320067,0,1
320167,0,1
320267,0,1
320367,0,1
320467,0,1
320567,0,1
320667,0,1
320767,0,1
320867,0,1
320968,0,1
321068,0,1
321168,0,1
321268,0,1
321368,0,1
321468,0,1
321568,0,1
321668,0,1
321768,0,1
321868,0,1
321968,0,1
322068,0,1
322168,0,1
322268,0,1
322368,0,1
322468,0,1
322568,0,1
322668,0,1
322768,0,1
322868,0,1
322968,0,1
323094,0,0
323194,0,0
323294,0,0
323394,0,0
323494,0,0
323600,0,0
323700,0,0
323800,0,0
323900,0,0
324000,0,0
324100,0,0
324200,0,0
324300,0,0
324400,0,0
324500,0,0
324601,0,0
324701,0,0
324801,0,0
324901,0,0
325001,0,0
325101,0,0
325201,0,0
325301,0,0
325401,0,0
325501,0,0
325601,0,0
325701,0,0
325801,0,0
325901,0,0
326001,0,0
326101,0,0
326201,0,0
326301,0,0
326401,0,0
326501,0,0
326601,0,0
326701,0,0
326801,0,0
326901,0,0
327508,0,0
327608,0,1
327699,0,1
327799,0,1
327899,0,1
327999,0,1
328099,0,1
328199,0,1
328299,0,1
328399,0,1
328499,0,1
328599,0,1
328699,0,1
328799,0,1
328899,0,1
328999,0,1
329099,0,1
329200,0,1
329300,0,1
329400,0,1
329500,0,1
329600,0,1
329700,0,1
329800,0,1
329900,0,1
330000,0,1
330100,0,1
330200,0,1
330300,0,1
330400,0,1
330500,0,1
330600,0,1
330700,0,1
330800,0,1
330900,0,1
331000,0,1
331100,0,1
331200,0,1
331300,0,1
331400,0,1
331527,0,0
331627,0,0
331727,0,0
331827,0,0
332151,0,0
331950,0,1
332050,0,1
332150,0,1
332250,0,1
332350,0,1
332450,0,1
332550,0,1
332650,0,1
332750,0,1
332850,0,1
332950,0,1
333050,0,1
333150,0,1
333251,0,1
333351,0,1
333451,0,1
333551,0,1
333651,0,1
333751,0,1
333851,0,1
333951,0,1
334051,0,1
334151,0,1
334251,0,1
334351,0,1
334451,0,1
334551,0,1
334651,0,1
334751,0,1
334851,0,1
334951,0,1
335051,0,1
335151,0,1
335251,0,1
335351,0,1
335451,0,1
335551,0,1
335949,0,1
336049,0,1
336180,0,0
336280,0,0
336380,0,0
336480,0,0
336580,0,0
336680,0,0
336913,0,0
337013,0,1
337113,0,1
337213,0,1
337339,0,1
337439,1,2
337539,1,2
337639,1,2
337739,1,2
337839,1,2
337939,1,2
338039,1,2
338139,1,2
338239,1,2
338339,1,2
338439,1,2
338539,1,2
338639,1,2
338739,1,2
338839,1,2
338939,1,2
339039,1,2
339139,1,2
339239,1,2
339339,1,2
339439,0,0
339539,0,0
339639,0,0
339739,0,0
339839,0,0
339939,0,0
340039,0,0
340139,0,0
340239,0,0
340339,0,0
340439,0,0
340539,0,0
340639,0,0
340739,0,0
340839,0,0
340939,0,0
341039,0,0
341139,0,0
341239,0,0
341339,0,0
341439,0,0
341539,0,0
341639,0,0
341739,0,0
341839,0,0
341939,0,0
342039,0,0
342139,0,0
342239,0,0
342339,0,0
342439,0,0
342539,0,0
342639,0,0
342739,0,0
342839,0,0
342939,0,0
343039,0,0
343139,0,0
343239,0,0
343339,0,0
343439,0,0
343539,0,0
343639,0,0
343739,0,0
343839,0,0
343939,0,0
344039,0,0
344139,0,0
344239,0,0
344339,0,0
344439,0,0
344539,0,0
344639,0,0
344739,0,0
344839,0,0
344939,0,0
345039,0,0
345139,0,0
345239,0,0
345339,0,0
345439,0,0
345539,0,0
345639,0,0
345739,0,0
345839,0,0
345939,0,0
346039,0,0
346139,0,0
346239,0,0
346339,0,0
346439,0,0
346539,0,0
346639,0,0
346739,0,0
346839,0,0
346939,0,0
347039,0,0
347139,0,0
347239,0,0
347339,0,0
347439,0,0
347539,0,0
347639,0,0
347739,0,0
347839,0,0
347939,0,0
348039,0,0
348139,0,0
348239,0,0
348339,0,0
348439,0,0
348539,0,0
348639,0,0
348739,0,0
348839,0,0
348939,0,0
349039,0,0
349139,0,0
349239,0,0
349339,0,0
349439,0,0
349539,0,0
349639,0,0
349739,0,0
349839,0,0
349939,0,0
350039,0,0
350139,0,0
350239,0,0
350339,0,0
350439,0,0
350539,0,0
350639,0,0
350739,0,0
350839,0,0
350939,0,0
351039,0,0
351139,0,0
351239,0,0
351339,0,0
351439,0,0
351539,0,0
351639,0,0
351739,0,0
351839,0,0
351939,0,0
352039,0,0
352139,0,0
352239,0,0
352339,0,0
352439,0,0
352539,0,0
352639,0,0
352739,0,0
352839,0,0
352939,0,0
353039,0,0
353139,0,0
353239,0,0
353339,0,0
353439,0,0
353539,0,0
353639,0,0
353739,0,0
353839,0,0
353939,0,0
354039,0,0
354139,0,0
354239,0,0
354339,0,0
354439,0,0
354539,0,0
354639,0,0
354739,0,0
354839,0,0
354939,0,0
355039,0,0
355139,0,0
355239,0,0
355339,0,0
355439,0,0
355539,0,0
355639,0,0
355739,0,0
355839,0,0
355939,0,0
356039,0,0
356139,0,0
356239,0,0
356339,0,0
356439,0,0
356539,0,0
356639,0,0
356739,0,0
356839,0,0
356939,0,0
357039,0,0
357139,0,0
357239,0,0
357339,0,0
357439,0,0
357539,0,0
357639,0,0
357739,0,0
357839,0,0
357939,0,0
358039,0,0
358139,0,0
358239,0,0
358339,0,0
358419,0,0
358519,0,0
358619,0,0
359007,0,0
359107,0,1
359207,0,1
359307,0,1
359407,0,1
359507,0,1
359607,0,1
359707,0,1
359807,0,1
359907,0,1
360007,0,1
360107,0,1
360207,0,1
360307,0,1
360407,0,1
360507,0,1
360607,0,1
360707,0,1
360807,0,1
360907,0,1
361007,0,1
361107,0,1
361207,0,1
361307,0,1
361407,0,1
361507,0,1
361607,0,1
361707,0,1
361807,0,1
361907,0,1
362007,0,1
362107,0,1
362207,0,1
362307,0,1
362417,0,1
362517,0,1
362617,0,1
362717,0,1
362817,0,1
362917,0,1
363045,0,0
363145,0,0
363245,0,0
363803,0,0
363903,0,1
364003,0,1
364103,0,1
364203,0,1
364303,0,1
364403,0,1
364503,0,1
364603,0,1
364703,0,1
364803,0,1
364903,0,1
365003,0,1
365103,0,1
365203,0,1
365303,0,1
365403,0,1
365503,0,1
365603,0,1
365703,0,1
365803,0,1
365903,0,1
366003,0,1
366103,0,1
366203,0,1
366303,0,1
366400,0,1
366500,0,1
366600,0,1
366700,0,1
366800,0,1
366901,0,1
367001,0,1
367101,0,1
367201,0,1
367301,0,1
367401,0,1
367501,0,1
367601,0,1
367701,0,1
367832,0,0
368234,0,0
368333,0,1
368433,0,1
368533,0,1
368663,0,1
368763,1,2
368864,1,2
368964,1,2
369064,1,2
369164,1,2
369264,1,2
369364,1,2
369464,1,2
369564,1,2
369664,1,2
369764,1,2
369864,1,2
369964,1,2
370064,1,2
370164,1,2
370264,1,2
370362,1,2
370462,1,2
370562,1,2
370689,0,0
370789,0,0
370889,0,0
370989,0,0
371089,0,0
371189,0,0
371289,0,0
371389,0,0
371489,0,0
371589,0,0
371689,0,0
371789,0,0
371889,0,0
371989,0,0
372089,0,0
372190,0,0
372290,0,0
372390,0,0
372490,0,0
372590,0,0
372946,0,0
373046,0,1
373146,0,1
373246,0,1
373346,0,1
373446,0,1
373546,0,1
373646,0,1
373746,0,1
373846,0,1
373946,0,1
374046,0,1
374146,0,1
374246,0,1
374344,0,1
374444,0,1
374544,0,1
374644,0,1
374744,0,1
374844,0,1
374944,0,1
375044,0,1
375144,0,1
375244,0,1
375345,0,1
375445,0,1
375545,0,1
375645,0,1
375745,0,1
375845,0,1
375945,0,1
376045,0,1
376145,0,1
376245,0,1
376345,0,1
376445,0,1
376545,0,1
376645,0,1
376745,0,1
376845,0,1
376973,0,0
377073,0,0
377173,0,0
377273,0,0
377373,0,0
377473,0,0
377573,0,0
377673,0,0
377773,0,0
377873,0,0
377973,0,0
378073,0,0
378173,0,0
378273,0,0
378371,0,0
378471,0,0
378571,0,0
378671,0,0
378771,0,0
378871,0,0
378971,0,0
379071,0,0
379171,0,0
379271,0,0
379371,0,0
379471,0,0
379571,0,0
379671,0,0
379771,0,0
379871,0,0
379971,0,0
380071,0,0
380171,0,0
380271,0,0
380371,0,0
380471,0,0
380571,0,0
380671,0,0
380771,0,0
381395,0,0
381495,0,1
381595,0,1
381695,0,1
381795,0,1
381895,0,1
381995,0,1
382095,0,1
382195,0,1
382295,0,1
382391,0,1
382491,0,1
382591,0,1
382691,0,1
382791,0,1
382891,0,1
382991,0,1
383091,0,1
383191,0,1
383291,0,1
383391,0,1
383491,0,1
383591,0,1
383691,0,1
383791,0,1
383891,0,1
383991,0,1
384091,0,1
384191,0,1
384291,0,1
384391,0,1
384491,0,1
384591,0,1
384691,0,1
384791,0,1
384891,0,1
384991,0,1
385091,0,1
385191,0,1
385291,0,1
385391,0,1
385491,0,0
385591,0,0
385691,0,0
385791,0,0
385891,0,0
385991,0,0
386091,0,0
386191,0,0
386291,0,0
386390,0,0
386490,0,0
386590,0,0
386690,0,0
386790,0,0
386890,0,0
386990,0,0
387090,0,0
387190,0,0
387290,0,0
387390,0,0
387490,0,0
387590,0,0
387690,0,0
387790,0,0
387890,0,0
387990,0,0
388090,0,0
388190,0,0
388290,0,0
388390,0,0
388490,0,0
388590,0,0
388690,0,0
388790,0,0
388890,0,0
389437,0,0
389537,0,1
389637,0,1
389737,0,1
389837,0,1
389937,0,1
390037,0,1
390137,0,1
390237,0,1
390337,0,1
390434,0,1
390534,0,1
390634,0,1
390734,0,1
390834,0,1
390934,0,1
391035,0,1
391135,0,1
391235,0,1
391335,0,1
391435,0,1
391535,0,1
391635,0,1
391735,0,1
391835,0,1
391935,0,1
392035,0,1
392135,0,1
392235,0,1
392335,0,1
392435,0,1
392535,0,1
392635,0,1
392735,0,1
392835,0,1
392935,0,1
393035,0,1
393135,0,1
393235,0,1
393335,0,1
393462,0,0
393562,0,0
393662,0,0
393762,0,0
393862,0,0
393962,0,0
394412,0,0
394512,0,1
394610,0,1
394710,0,1
394810,0,1
394910,0,1
395010,0,1
395110,0,1
395210,0,1
395310,0,1
395410,0,1
395510,0,1
395610,0,1
395710,0,1
395810,0,1
395910,0,1
396010,0,1
396111,0,1
396211,0,1
396311,0,1
396411,0,1
396511,0,1
396611,0,1
396711,0,1
396811,0,1
396911,0,1
397011,0,1
397111,0,1
397211,0,1
397311,0,1
397411,0,1
397511,0,1
397611,0,1
397711,0,1
397811,0,1
397911,0,1
398011,0,1
398111,0,1
398211,0,1
398311,0,1
398439,0,0
398539,0,0
398639,0,0
398739,0,0
398839,0,0
398939,0,0
399039,0,0
399140,0,0
399240,0,0
399340,0,0
399440,0,0
399540,0,0
399640,0,0
399740,0,0
399840,0,0
399940,0,0
400040,0,0
400140,0,0
400240,0,0
400340,0,0
400440,0,0
400540,0,0
400640,0,0
400740,0,0
400840,0,0
400940,0,0
401040,0,0
401140,0,0
401240,0,0
401340,0,0
401440,0,0
401540,0,0
401640,0,0
401740,0,0
401840,0,0
401940,0,0
402041,0,0
402141,0,0
402241,0,0
402341,0,0
402441,0,0
402541,0,0
402641,0,0
402741,0,0
402841,0,0
402941,0,0
403041,0,0
403141,0,0
403241,0,0
403341,0,0
403441,0,0
403541,0,0
403641,0,0
403741,0,0
403841,0,0
403941,0,0
404041,0,0
404141,0,0
404241,0,0
404341,0,0
404441,0,0
404541,0,0
404641,0,0
404741,0,0
404841,0,0
404941,0,0
405041,0,0
405141,0,0
405241,0,0
405341,0,0
405441,0,0
405541,0,0
405641,0,0
405741,0,0
405841,0,0
405941,0,0
406041,0,0
406141,0,0
406241,0,0
406341,0,0
406441,0,0
406541,0,0
406641,0,0
406741,0,0
406841,0,0
406941,0,0
407041,0,0
407141,0,0
407241,0,0
407341,0,0
407441,0,0
407541,0,0
407641,0,0
407741,0,0
407841,0,0
407941,0,0
408041,0,0
408141,0,0
408241,0,0
408341,0,0
408441,0,0
408541,0,0
408641,0,0
408741,0,0
408841,0,0
408941,0,0
409041,0,0
409141,0,0
409241,0,0
409341,0,0
409441,0,0
409541,0,0
409641,0,0
409741,0,0
409841,0,0
409941,0,0
410041,0,0
410141,0,0
410241,0,0
410341,0,0
410441,0,0
410541,0,0
410641,0,0
410741,0,0
410841,0,0
410941,0,0
411041,0,0
411141,0,0
411241,0,0
411341,0,0
411441,0,0
411541,0,0
411641,0,0
411741,0,0
411841,0,0
411941,0,0
412041,0,0
412141,0,0
412241,0,0
412341,0,0
412441,0,0
412541,0,0
412641,0,0
412741,0,0
412841,0,0
412941,0,0
413041,0,0
413141,0,0
413241,0,0
413341,0,0
413441,0,0
413541,0,0
413641,0,0
413741,0,0
413841,0,0
413941,0,0
414041,0,0
414141,0,0
414241,0,0
414341,0,0
414441,0,0
414541,0,0
414641,0,0
414741,0,0
414841,0,0
414941,0,0
415041,0,0
415141,0,0
415241,0,0
415341,0,0
415441,0,0
415541,0,0
415641,0,0
415741,0,0
415841,0,0
415941,0,0
416030,0,0
416130,0,0
416230,0,0
416507,0,0
416607,0,1
416708,0,1
416808,0,1
416916,0,1
417016,1,2
417116,1,2
417216,1,2
417316,1,2
417416,1,2
417516,1,2
417616,1,2
417716,1,2
417817,1,2
417917,1,2
418017,1,2
418117,1,2
418217,1,2
418317,1,2
418417,1,2
418517,1,2
418617,1,2
418717,1,2
418817,1,2
418950,0,0
419050,0,0
419150,0,0
419250,0,0
419350,0,0
419450,0,0
419550,0,0
419650,0,0
419750,0,0
419850,0,0
419950,0,0
420047,0,0
420147,0,0
420247,0,0
420347,0,0
420447,0,0
420547,0,0
420647,0,0
420747,0,0
420847,0,0
420947,0,0
421270,0,0
421370,0,1
421470,0,1
421570,0,1
421670,0,1
421770,0,1
421870,0,1
421970,0,1
422070,0,1
422170,0,1
422270,0,1
422370,0,1
422470,0,1
422570,0,1
422670,0,1
422770,0,1
422870,0,1
422970,0,1
423070,0,1
423170,0,1
423270,0,1
423370,0,1
423470,0,1
423570,0,1
423670,0,1
423770,0,1
423870,0,1
423970,0,1
424067,0,1
424168,0,1
424268,0,1
424368,0,1
424468,0,1
424568,0,1
424668,0,1
424768,0,1
424868,0,1
424968,0,1
425068,0,1
425168,0,1
425296,0,0
425396,0,0
425496,0,0
425596,0,0
425696,0,0
426211,0,0
426311,0,1
426411,0,1
426511,0,1
426611,0,1
426711,0,1
426811,0,1
426911,0,1
427011,0,1
427112,0,1
427212,0,1
427312,0,1
427412,0,1
427512,0,1
427612,0,1
427712,0,1
427812,0,1
427912,0,1
428010,0,1
428110,0,1
428210,0,1
428310,0,1
428410,0,1
428510,0,1
428610,0,1
428710,0,1
428810,0,1
428910,0,1
429010,0,1
429110,0,1
429210,0,1
429310,0,1
429410,0,1
429510,0,1
429610,0,1
429710,0,1
429810,0,1
429910,0,1
430010,0,1
430110,0,1
430238,0,0
430338,0,0
430438,0,0
430538,0,0
430638,0,0
430738,0,0
430838,0,0
430938,0,0
431038,0,0
431138,0,0
431238,0,0
431338,0,0
431438,0,0
431538,0,0
431638,0,0
431738,0,0
431838,0,0
431938,0,0
432036,0,0
432136,0,0
432236,0,0
432336,0,0
432436,0,0
432536,0,0
432636,0,0
432736,0,0
432836,0,0
432936,0,0
433036,0,0
433136,0,0
433236,0,0
433336,0,0
433436,0,0
433536,0,0
433636,0,0
433736,0,0
433836,0,0
433936,0,0
434036,0,0
434136,0,0
434236,0,0
434336,0,0
434436,0,0
434536,0,0
434636,0,0
434736,0,0
434836,0,0
434936,0,0
435036,0,0
435136,0,0
435236,0,0
435336,0,0
435436,0,0
435536,0,0
435636,0,0
435736,0,0
435836,0,0
435936,0,0
436035,0,0
436135,0,0
436235,0,0
436335,0,0
436435,0,0
436535,0,0
436635,0,0
436735,0,0
436835,0,0
436935,0,0
437035,0,0
437135,0,0
437235,0,0
437335,0,0
437435,0,0
437535,0,0
437635,0,0
437735,0,0
437835,0,0
437935,0,0
438035,0,0
438135,0,0
438235,0,0
438335,0,0
438435,0,0
438535,0,0
438635,0,0
438735,0,0
438835,0,0
438935,0,0
439035,0,0
439135,0,0
439235,0,0
439335,0,0
439435,0,0
439535,0,0
439635,0,0
439735,0,0
439835,0,0
439935,0,0
440032,0,0
440132,0,0
440232,0,0
440332,0,0
440432,0,0
440532,0,0
440632,0,0
440732,0,0
440832,0,0
440932,0,0
441032,0,0
441132,0,0
441232,0,0
441332,0,0
441432,0,0
441532,0,0
441632,0,0
441732,0,0
441832,0,0
441932,0,0
442032,0,0
442132,0,0
442232,0,0
442332,0,0
442432,0,0
442532,0,0
442632,0,0
442732,0,0
442832,0,0
442932,0,0
443032,0,0
443132,0,0
443232,0,0
443332,0,0
443432,0,0
443532,0,0
443632,0,0
443732,0,0
443832,0,0
443932,0,0
444027,0,0
444127,0,0
444227,0,0
444327,0,0
444427,0,0
444527,0,0
444627,0,0
444727,0,0
444827,0,0
444927,0,0
445027,0,0
445127,0,0
445227,0,0
445327,0,0
445427,0,0
445527,0,0
445627,0,0
445727,0,0
445827,0,0
445927,0,0
446027,0,0
446127,0,0
446227,0,0
446327,0,0
446427,0,0
446527,0,0
446627,0,0
446727,0,0
446827,0,0
446927,0,0
447027,0,0
447127,0,0
447227,0,0
447327,0,0
447427,0,0
447527,0,0
447627,0,0
447727,0,0
447827,0,0
447927,0,0
448026,0,0
448126,0,0
448226,0,0
448326,0,0
448426,0,0
448526,0,0
448626,0,0
448726,0,0
448826,0,0
448926,0,0
449026,0,0
449126,0,0
449226,0,0
449326,0,0
449426,0,0
449526,0,0
449626,0,0
449726,0,0
449826,0,0
449926,0,0
450026,0,0
450126,0,0
450226,0,0
450326,0,0
450426,0,0
450526,0,0
450626,0,0
450726,0,0
450826,0,0
450926,0,0
451026,0,0
451126,0,0
451226,0,0
451326,0,0
451426,0,0
451526,0,0
451626,0,0
451726,0,0
451826,0,0
451926,0,0
452024,0,0
452124,0,0
452224,0,0
452324,0,0
452424,0,0
452524,0,0
452624,0,0
452724,0,0
452824,0,0
452924,0,0
453024,0,0
453124,0,0
453224,0,0
453324,0,0
453424,0,0
453524,0,0
453624,0,0
453724,0,0
453824,0,0
453924,0,0
454024,0,0
454124,0,0
454224,0,0
454324,0,0
454424,0,0
454524,0,0
454624,0,0
454724,0,0
454824,0,0
454924,0,0
455024,0,0
455124,0,0
455224,0,0
455324,0,0
455424,0,0
455524,0,0
455624,0,0
455724,0,0
455824,0,0
455924,0,0
456024,0,0
456122,0,0
456222,0,0
456322,0,0
456422,0,0
456522,0,0
456622,0,0
456722,0,0
456822,0,0
456922,0,0
457022,0,0
457122,0,0
457222,0,0
457322,0,0
457422,0,0
457522,0,0
457622,0,0
457722,0,0
457822,0,0
457922,0,0
458022,0,0
458122,0,0
458222,0,0
458322,0,0
458422,0,0
458522,0,0
458622,0,0
458722,0,0
458822,0,0
458922,0,0
459022,0,0
459122,0,0
459222,0,0
459322,0,0
459422,0,0
459522,0,0
459622,0,0
459722,0,0
459822,0,0
459922,0,0
460022,0,0
460122,0,0
460222,0,0
460322,0,0
460422,0,0
460522,0,0
460622,0,0
460722,0,0
460822,0,0
460922,0,0
461022,0,0
461122,0,0
461222,0,0
461322,0,0
461422,0,0
461522,0,0
461622,0,0
461722,0,0
461822,0,0
461922,0,0
462022,0,0
462122,0,0
462222,0,0
462322,0,0
462422,0,0
462522,0,0
462622,0,0
462722,0,0
462822,0,0
462922,0,0
463022,0,0
463122,0,0
463222,0,0
463322,0,0
463422,0,0
463522,0,0
463622,0,0
463722,0,0
463822,0,0
463922,0,0
464022,0,0
464122,0,0
464222,0,0
464322,0,0
464422,0,0
464522,0,0
464622,0,0
464722,0,0
464822,0,0
464922,0,0
465022,0,0
465122,0,0
465222,0,0
465322,0,0
465422,0,0
465522,0,0
465622,0,0
465722,0,0
465822,0,0
465922,0,0
466022,0,0
466122,0,0
466222,0,0
466322,0,0
466422,0,0
466522,0,0
466622,0,0
466722,0,0
466822,0,0
466922,0,0
467022,0,0
467122,0,0
467222,0,0
467322,0,0
467422,0,0
467522,0,0
467622,0,0
467722,0,0
467822,0,0
467922,0,0
468022,0,0
468122,0,0
468222,0,0
468322,0,0
468422,0,0
468522,0,0
468622,0,0
468722,0,0
468822,0,0
468922,0,0
469022,0,0
469122,0,0
469222,0,0
469322,0,0
469422,0,0
469522,0,0
469622,0,0
469722,0,0
469822,0,0
469922,0,0
470022,0,0
470122,0,0
470222,0,0
470322,0,0
470422,0,0
470522,0,0
470622,0,0
470722,0,0
470822,0,0
470922,0,0
471022,0,0
471122,0,0
471222,0,0
471322,0,0
471422,0,0
471522,0,0
471622,0,0
471722,0,0
471822,0,0
471922,0,0
472022,0,0
472113,0,0
472213,0,0
472313,0,0
472413,0,0
472513,0,0
472613,0,0
472713,0,0
472813,0,0
472913,0,0
473013,0,0
473113,0,0
473213,0,0
473313,0,0
473413,0,0
473513,0,0
473613,0,0
473713,0,0
473813,0,0
473913,0,0
474013,0,0
474113,0,0
474213,0,0
474313,0,0
474413,0,0
474513,0,0
474613,0,0
474713,0,0
474813,0,0
474913,0,0
475013,0,0
475113,0,0
475213,0,0
475313,0,0
475607,0,0
475707,0,1
475807,0,1
475907,0,1
476007,0,1
476105,0,1
476205,0,1
476305,0,1
476406,0,1
476506,0,1
476606,0,1
476706,0,1
476806,0,1
476906,0,1
477006,0,1
477106,0,1
477206,0,1
477306,0,1
477406,0,1
477506,0,1
477606,0,1
477706,0,1
477806,0,1
477906,0,1
478006,0,1
478106,0,1
478206,0,1
478306,0,1
478406,0,1
478506,0,1
478606,0,1
478706,0,1
478806,0,1
478906,0,1
479006,0,1
479106,0,1
479206,0,1
479307,0,1
479407,0,1
479507,0,1
479634,0,0
479734,0,0
479834,0,0
479934,0,0
480034,0,0
480134,0,0
480448,0,0
480263,0,1
480363,0,1
480463,0,1
480563,0,1
480663,0,1
480763,0,1
480863,0,1
480963,0,1
481063,0,1
481163,0,1
481263,0,1
481363,0,1
481463,0,1
481563,0,1
481663,0,1
481763,0,1
481863,0,1
481963,0,1
482063,0,1
482163,0,1
482263,0,1
482363,0,1
482463,0,1
482564,0,1
482664,0,1
482764,0,1
482864,0,1
482964,0,1
483064,0,1
483164,0,1
483264,0,1
483364,0,1
483464,0,1
483564,0,1
483664,0,1
483764,0,1
483864,0,1
484243,0,1
484343,0,1
484471,0,0
484571,0,0
484671,0,0
484771,0,0
484871,0,0
484971,0,0
485071,0,0
485171,0,0
485271,0,0
485371,0,0
485471,0,0
485571,0,0
485671,0,0
485771,0,0
485872,0,0
485972,0,0
486072,0,0
486172,0,0
486272,0,0
486372,0,0
486472,0,0
486572,0,0
486672,0,0
486772,0,0
486872,0,0
486972,0,0
487072,0,0
487172,0,0
487272,0,0
487372,0,0
487472,0,0
487572,0,0
487672,0,0
487772,0,0
487872,0,0
487972,0,0
488072,0,0
488172,0,0
488263,0,0
488363,0,0
488463,0,0
488563,0,0
488663,0,0
488764,0,0
488864,0,0
488964,0,0
489064,0,0
489164,0,0
489264,0,0
489364,0,0
489464,0,0
489564,0,0
489664,0,0
489764,0,0
489864,0,0
489964,0,0
490064,0,0
490164,0,0
490264,0,0
490364,0,0
490464,0,0
490564,0,0
490664,0,0
490764,0,0
490864,0,0
490964,0,0
491064,0,0
491164,0,0
491264,0,0
491364,0,0
491464,0,0
491564,0,0
491664,0,0
491764,0,0
491864,0,0
491964,0,0
492064,0,0
492164,0,0
492263,0,0
492363,0,0
492463,0,0
492563,0,0
492663,0,0
492763,0,0
492863,0,0
492963,0,0
493063,0,0
493163,0,0
493263,0,0
493363,0,0
493463,0,0
493563,0,0
493663,0,0
493763,0,0
493863,0,0
493963,0,0
494063,0,0
494163,0,0
494263,0,0
494363,0,0
494463,0,0
494563,0,0
494663,0,0
494763,0,0
494863,0,0
494963,0,0
495063,0,0
495163,0,0
495263,0,0
495363,0,0
495463,0,0
495563,0,0
495663,0,0
495763,0,0
495863,0,0
495963,0,0
496063,0,0
496163,0,0
496264,0,0
496364,0,0
496464,0,0
496564,0,0
496664,0,0
496764,0,0
496864,0,0
496964,0,0
497064,0,0
497164,0,0
497264,0,0
497364,0,0
497464,0,0
497564,0,0
497664,0,0
497764,0,0
497864,0,0
497964,0,0
498064,0,0
498164,0,0
498264,0,0
498364,0,0
498464,0,0
498564,0,0
498664,0,0
498764,0,0
498864,0,0
498964,0,0
499064,0,0
499164,0,0
499264,0,0
499364,0,0
499464,0,0
499564,0,0
499664,0,0
499764,0,0
499864,0,0
499964,0,0
500064,0,0
500164,0,0
500264,0,0
500364,0,0
500464,0,0
500564,0,0
500664,0,0
500764,0,0
500864,0,0
500964,0,0
501064,0,0
501164,0,0
501264,0,0
501364,0,0
501464,0,0
501564,0,0
501664,0,0
501764,0,0
501864,0,0
501964,0,0
502064,0,0
502164,0,0
502264,0,0
502364,0,0
502464,0,0
502564,0,0
502664,0,0
502764,0,0
502864,0,0
502964,0,0
503064,0,0
503164,0,0
503264,0,0
503364,0,0
503464,0,0
503564,0,0
503664,0,0
503764,0,0
503864,0,0
503964,0,0
504064,0,0
504164,0,0
504262,0,0
504362,0,0
504462,0,0
504562,0,0
504662,0,0
504762,0,0
504862,0,0
504962,0,0
505062,0,0
505162,0,0
505262,0,0
505362,0,0
505462,0,0
505562,0,0
505662,0,0
505762,0,0
505862,0,0
505962,0,0
506062,0,0
506162,0,0
506262,0,0
506362,0,0
506462,0,0
506562,0,0
506662,0,0
506762,0,0
506862,0,0
506962,0,0
507062,0,0
507162,0,0
507262,0,0
507362,0,0
507462,0,0
507562,0,0
507662,0,0
507762,0,0
507862,0,0
507962,0,0
508062,0,0
508162,0,0
508259,0,0
508359,0,0
508459,0,0
508559,0,0
508659,0,0
508759,0,0
508859,0,0
508959,0,0
509059,0,0
509159,0,0
509259,0,0
509359,0,0
509459,0,0
509559,0,0
509659,0,0
509759,0,0
509859,0,0
509959,0,0
510059,0,0
510159,0,0
510259,0,0
510359,0,0
510459,0,0
510559,0,0
510659,0,0
510759,0,0
510859,0,0
510959,0,0
511059,0,0
511159,0,0
511259,0,0
511359,0,0
511459,0,0
511559,0,0
511659,0,0
511759,0,0
511859,0,0
511959,0,0
512059,0,0
512159,0,0
512256,0,0
512356,0,0
512456,0,0
512556,0,0
512656,0,0
512756,0,0
512856,0,0
512956,0,0
513056,0,0
513156,0,0
513256,0,0
513356,0,0
513456,0,0
513556,0,0
513656,0,0
513756,0,0
513856,0,0
513956,0,0
514056,0,0
514156,0,0
514256,0,0
514356,0,0
514456,0,0
514556,0,0
514656,0,0
514756,0,0
514856,0,0
514956,0,0
515056,0,0
515156,0,0
515256,0,0
515356,0,0
515456,0,0
515556,0,0
515656,0,0
515756,0,0
515856,0,0
515956,0,0
516056,0,0
516156,0,0
516256,0,0
516356,0,0
516456,0,0
516556,0,0
516656,0,0
516756,0,0
516856,0,0
516956,0,0
517056,0,0
517156,0,0
517256,0,0
517356,0,0
517456,0,0
517556,0,0
517656,0,0
517756,0,0
517856,0,0
517956,0,0
518056,0,0
518156,0,0
518256,0,0
518356,0,0
518456,0,0
518556,0,0
518656,0,0
518756,0,0
518856,0,0
518956,0,0
519056,0,0
519156,0,0
519256,0,0
519356,0,0
519456,0,0
519556,0,0
519656,0,0
519756,0,0
519856,0,0
519956,0,0
520056,0,0
520156,0,0
520256,0,0
520356,0,0
520456,0,0
520556,0,0
520656,0,0
520756,0,0
520856,0,0
520956,0,0
521056,0,0
521156,0,0
521256,0,0
521356,0,0
521456,0,0
521556,0,0
521656,0,0
521756,0,0
521856,0,0
521956,0,0
522056,0,0
522156,0,0
522256,0,0
522356,0,0
522456,0,0
522556,0,0
522656,0,0
522756,0,0
522856,0,0
522956,0,0
523056,0,0
523156,0,0
523256,0,0
523356,0,0
523456,0,0
523556,0,0
523656,0,0
523756,0,0
523856,0,0
523956,0,0
524056,0,0
524156,0,0
524256,0,0
524356,0,0
524456,0,0
524556,0,0
524656,0,0
524756,0,0
524856,0,0
524956,0,0
525056,0,0
525156,0,0
525256,0,0
525356,0,0
525456,0,0
525556,0,0
525656,0,0
525756,0,0
525856,0,0
525956,0,0
526056,0,0
526156,0,0
526256,0,0
526356,0,0
526456,0,0
526556,0,0
526656,0,0
526756,0,0
526856,0,0
526956,0,0
527056,0,0
527156,0,0
527256,0,0
527356,0,0
527456,0,0
527556,0,0
527656,0,0
527756,0,0
527856,0,0
527956,0,0
528056,0,0
528156,0,0
528256,0,0
528356,0,0
528456,0,0
528556,0,0
528656,0,0
528756,0,0
528856,0,0
528956,0,0
529056,0,0
529156,0,0
529256,0,0
529356,0,0
529456,0,0
529556,0,0
529656,0,0
529756,0,0
529856,0,0
529956,0,0
530056,0,0
530156,0,0
530256,0,0
530356,0,0
530456,0,0
530556,0,0
530656,0,0
530756,0,0
530856,0,0
530956,0,0
531056,0,0
531156,0,0
531256,0,0
531356,0,0
531456,0,0
531556,0,0
531656,0,0
531756,0,0
531856,0,0
531956,0,0
532056,0,0
532156,0,0
532256,0,0
532356,0,0
532456,0,0
532556,0,0
532656,0,0
532756,0,0
532856,0,0
532956,0,0
533056,0,0
533156,0,0
533256,0,0
533345,0,0
533445,0,0
533545,0,0
533912,0,0
534012,0,1
534112,0,1
534212,0,1
534313,0,1
534413,0,1
534513,0,1
534613,0,1
534713,0,1
534813,0,1
534913,0,1
535013,0,1
535113,0,1
535213,0,1
535313,0,1
535413,0,1
535513,0,1
535613,0,1
535713,0,1
535813,0,1
535913,0,1
536013,0,1
536113,0,1
536213,0,1
536313,0,1
536413,0,1
536513,0,1
536613,0,1
536713,0,1
536813,0,1
536913,0,1
537013,0,1
537113,0,1
537213,0,1
537313,0,1
537402,0,1
537502,0,1
537602,0,1
537702,0,1
537802,0,1
537930,0,0
538030,0,0
538130,0,0
538230,0,0
538330,0,0
538430,0,0
538530,0,0
538630,0,0
538730,0,0
538830,0,0
538930,0,0
539030,0,0
539130,0,0
539230,0,0
539330,0,0
539430,0,0
539530,0,0
539630,0,0
539730,0,0
539830,0,0
539930,0,0
540030,0,0
540130,0,0
540230,0,0
540330,0,0
540430,0,0
540530,0,0
540630,0,0
540730,0,0
540830,0,0
540930,0,0
541030,0,0
541130,0,0
541230,0,0
541336,0,0
541436,0,0
541536,0,0
541636,0,0
541736,0,0
541836,0,0
541936,0,0
542036,0,0
542136,0,0
542236,0,0
542336,0,0
542436,0,0
542536,0,0
542636,0,0
542736,0,0
542836,0,0
542936,0,0
543036,0,0
543136,0,0
543236,0,0
543336,0,0
543436,0,0
543536,0,0
543636,0,0
543736,0,0
543836,0,0
543936,0,0
544036,0,0
544136,0,0
544236,0,0
544336,0,0
544436,0,0
544536,0,0
544636,0,0
544736,0,0
544836,0,0
544936,0,0
545036,0,0
545136,0,0
545236,0,0
545332,0,0
545432,0,0
545532,0,0
545632,0,0
545732,0,0
545832,0,0
545932,0,0
546032,0,0
546132,0,0
546232,0,0
546332,0,0
546432,0,0
546532,0,0
546632,0,0
546732,0,0
546832,0,0
546932,0,0
547032,0,0
547132,0,0
547232,0,0
547332,0,0
547432,0,0
547532,0,0
547632,0,0
547732,0,0
547832,0,0
547932,0,0
548032,0,0
548132,0,0
548232,0,0
548332,0,0
548432,0,0
548532,0,0
548632,0,0
548732,0,0
548832,0,0
548932,0,0
549032,0,0
549132,0,0
549232,0,0
549332,0,0
549432,0,0
549532,0,0
549632,0,0
549732,0,0
549832,0,0
549932,0,0
550032,0,0
550132,0,0
550232,0,0
550332,0,0
550432,0,0
550532,0,0
550632,0,0
550732,0,0
550832,0,0
550932,0,0
551032,0,0
551132,0,0
551232,0,0
551332,0,0
551432,0,0
551532,0,0
551632,0,0
551732,0,0
551832,0,0
551932,0,0
552032,0,0
552132,0,0
552232,0,0
552332,0,0
552432,0,0
552532,0,0
552632,0,0
552732,0,0
552832,0,0
552932,0,0
553032,0,0
553132,0,0
553232,0,0
553332,0,0
553418,0,0
553518,0,0
553618,0,0
553718,0,0
553818,0,0
553918,0,0
554018,0,0
554118,0,0
554218,0,0
554318,0,0
554418,0,0
554518,0,0
554618,0,0
554718,0,0
554818,0,0
554918,0,0
555018,0,0
555118,0,0
555218,0,0
555318,0,0
555418,0,0
555518,0,0
555618,0,0
555718,0,0
555818,0,0
555918,0,0
556018,0,0
556118,0,0
556218,0,0
556318,0,0
556418,0,0
556518,0,0
556618,0,0
556718,0,0
556818,0,0
556918,0,0
557018,0,0
557118,0,0
557218,0,0
557318,0,0
557418,0,0
557518,0,0
557618,0,0
557718,0,0
557818,0,0
557918,0,0
558018,0,0
558118,0,0
558218,0,0
558318,0,0
558418,0,0
558518,0,0
558618,0,0
558718,0,0
558818,0,0
558918,0,0
559018,0,0
559118,0,0
559218,0,0
559318,0,0
559418,0,0
559518,0,0
559618,0,0
559718,0,0
559818,0,0
559918,0,0
560018,0,0
560118,0,0
560218,0,0
560318,0,0
560418,0,0
560518,0,0
560618,0,0
560718,0,0
560818,0,0
560918,0,0
561018,0,0
561118,0,0
561218,0,0
561318,0,0
561419,0,0
561519,0,0
561619,0,0
561719,0,0
561819,0,0
561919,0,0
562019,0,0
562119,0,0
562219,0,0
562319,0,0
562419,0,0
562519,0,0
562619,0,0
562719,0,0
562819,0,0
562919,0,0
563019,0,0
563119,0,0
563219,0,0
563319,0,0
563419,0,0
563519,0,0
563619,0,0
563719,0,0
563819,0,0
563919,0,0
564019,0,0
564119,0,0
564219,0,0
564319,0,0
564419,0,0
564519,0,0
564619,0,0
564719,0,0
564819,0,0
564919,0,0
565019,0,0
565119,0,0
565219,0,0
565319,0,0
565423,0,0
565523,0,0
565623,0,0
565723,0,0
565823,0,0
565923,0,0
566023,0,0
566123,0,0
566223,0,0
566323,0,0
566423,0,0
566523,0,0
566623,0,0
566723,0,0
566823,0,0
566923,0,0
567023,0,0
567123,0,0
567223,0,0
567323,0,0
567423,0,0
567523,0,0
567623,0,0
567723,0,0
567823,0,0
567923,0,0
568023,0,0
568123,0,0
568223,0,0
568323,0,0
568423,0,0
568523,0,0
568623,0,0
568723,0,0
568823,0,0
568923,0,0
569023,0,0
569123,0,0
569223,0,0
569323,0,0
569420,0,0
569520,0,0
569620,0,0
569720,0,0
569820,0,0
569920,0,0
570020,0,0
570120,0,0
570220,0,0
570320,0,0
570420,0,0
570520,0,0
570620,0,0
570720,0,0
570820,0,0
570920,0,0
571020,0,0
571120,0,0
571220,0,0
571320,0,0
571420,0,0
571520,0,0
571620,0,0
571720,0,0
571820,0,0
571920,0,0
572020,0,0
572120,0,0
572220,0,0
572320,0,0
572420,0,0
572520,0,0
572620,0,0
572720,0,0
572820,0,0
572920,0,0
573020,0,0
573120,0,0
573220,0,0
573320,0,0
573417,0,0
573517,0,0
573617,0,0
573717,0,0
573817,0,0
573917,0,0
574017,0,0
574117,0,0
574217,0,0
574317,0,0
574417,0,0
574517,0,0
574617,0,0
574717,0,0
574817,0,0
574917,0,0
575017,0,0
575117,0,0
575217,0,0
575317,0,0
575417,0,0
575517,0,0
575617,0,0
575717,0,0
575817,0,0
575917,0,0
576017,0,0
576117,0,0
576217,0,0
576317,0,0
576417,0,0
576517,0,0
576617,0,0
576717,0,0
576817,0,0
576917,0,0
577017,0,0
577117,0,0
577217,0,0
577317,0,0
577417,0,0
577517,0,0
577617,0,0
577717,0,0
577817,0,0
577917,0,0
578017,0,0
578117,0,0
578217,0,0
578317,0,0
578417,0,0
578517,0,0
578617,0,0
578717,0,0
578817,0,0
578917,0,0
579017,0,0
579117,0,0
579217,0,0
579317,0,0
579417,0,0
579517,0,0
579617,0,0
579717,0,0
579817,0,0
579917,0,0
580017,0,0
580117,0,0
580217,0,0
580317,0,0
580417,0,0
580517,0,0
580744,0,0
580844,0,0
580944,0,0
581044,0,0
581144,0,0
581244,0,0
581344,0,0
581444,0,0
581544,0,0
581644,0,0
581744,0,0
581844,0,0
581944,0,0
582044,0,0
582144,0,0
582244,0,0
582344,0,0
582444,0,0
582545,0,0
582645,0,0
582745,0,0
582845,0,0
582945,0,0
583045,0,0
583145,0,0
583245,0,0
583345,0,0
583445,0,0
583545,0,0
583645,0,0
583745,0,0
583845,0,0
583945,0,0
584045,0,0
584145,0,0
584245,0,0
584345,0,0
584445,0,0
584545,0,0
584645,0,0
584745,0,0
584845,0,0
584945,0,0
585045,0,0
585145,0,0
585245,0,0
585345,0,0
585445,0,0
585545,0,0
585645,0,0
585745,0,0
585845,0,0
585945,0,0
586045,0,0
586145,0,0
586245,0,0
586345,0,0
586445,0,0
586545,0,0
586645,0,0
586745,0,0
586845,0,0
586945,0,0
587045,0,0
587145,0,0
587245,0,0
587345,0,0
587445,0,0
587545,0,0
587645,0,0
587745,0,0
587845,0,0
587945,0,0
588045,0,0
588145,0,0
588245,0,0
588345,0,0
588445,0,0
588545,0,0
588645,0,0
588745,0,0
588845,0,0
588945,0,0
589045,0,0
589145,0,0
589245,0,0
589345,0,0
589445,0,0
589545,0,0
589645,0,0
589745,0,0
589845,0,0
589945,0,0
590045,0,0
590145,0,0
590245,0,0
590345,0,0
590445,0,0
590545,0,0
590645,0,0
590745,0,0
590845,0,0
590945,0,0
591045,0,0
591145,0,0
591245,0,0
591345,0,0
591445,0,0
591545,0,0
591645,0,0
591745,0,0
591845,0,0
591945,0,0
592045,0,0
592145,0,0
592245,0,0
592345,0,0
592445,0,0
592545,0,0
592645,0,0
592745,0,0
592845,0,0
592945,0,0
593045,0,0
593145,0,0
593245,0,0
593345,0,0
593445,0,0
593545,0,0
593645,0,0
593745,0,0
593845,0,0
593945,0,0
594045,0,0
594145,0,0
594245,0,0
594345,0,0
594445,0,0
594545,0,0
594645,0,0
594745,0,0
594845,0,0
594945,0,0
595045,0,0
595145,0,0
595245,0,0
595345,0,0
595445,0,0
595545,0,0
595645,0,0
595745,0,0
595845,0,0
595945,0,0
596045,0,0
596145,0,0
596245,0,0
596345,0,0
596445,0,0
596545,0,0
596645,0,0
596745,0,0
596845,0,0
596945,0,0
597045,0,0
597145,0,0
597245,0,0
597345,0,0
597445,0,0
597545,0,0
597645,0,0
597745,0,0
597845,0,0
