p:4000,20000,6000,600,8000,4000,2000,8000,70
15063,0,0
15163,0,0
15263,0,0
15363,0,0
15463,0,0
15563,0,0
15663,0,0
15763,0,0
15863,0,0
15963,0,0
16063,0,0
16163,0,0
16423,0,0
16523,0,1
16623,0,1
16723,0,1
16823,0,1
16923,0,1
17023,0,1
17123,0,1
17223,0,1
17323,0,1
17423,0,1
17523,0,1
17623,0,1
17723,0,1
17823,0,1
17923,0,1
18023,0,1
18123,0,1
18223,0,1
18323,0,1
18423,0,1
18523,0,1
18623,0,1
18723,0,1
18823,0,1
18923,0,1
19021,0,1
19121,0,1
19221,0,1
19321,0,1
19421,0,1
19521,0,1
19621,0,1
19721,0,1
19821,0,1
19921,0,1
20021,0,1
20121,0,1
20221,0,1
20321,0,1
20421,0,1
20521,0,0
20621,0,0
20721,0,0
21191,0,0
21291,0,1
21391,0,1
21491,0,1
21591,0,1
21691,0,1
21791,0,1
21892,0,1
21992,0,1
22092,0,1
22192,0,1
22292,0,1
22392,0,1
22492,0,1
22592,0,1
22692,0,1
22792,0,1
22892,0,1
22992,0,1
23090,0,1
23190,0,1
23290,0,1
23390,0,1
23490,0,1
23590,0,1
23690,0,1
23790,0,1
23890,0,1
23990,0,1
24090,0,1
24190,0,1
24290,0,1
24390,0,1
24490,0,1
24590,0,1
24690,0,1
24791,0,1
24891,0,1
24991,0,1
25091,0,1
25218,0,0
25318,0,0
25418,0,0
25518,0,0
25618,0,0
25718,0,0
25818,0,0
25918,0,0
26018,0,0
26118,0,0
26218,0,0
26318,0,0
26418,0,0
26518,0,0
26618,0,0
26718,0,0
26818,0,0
26918,0,0
27018,0,0
27106,0,0
27206,0,0
27306,0,0
27406,0,0
27506,0,0
27606,0,0
27706,0,0
27806,0,0
27906,0,0
28006,0,0
28107,0,0
28207,0,0
28307,0,0
28407,0,0
28507,0,0
28607,0,0
28707,0,0
28807,0,0
28907,0,0
29007,0,0
29107,0,0
29207,0,0
29307,0,0
29407,0,0
29507,0,0
29607,0,0
29707,0,0
29807,0,0
29907,0,0
30007,0,0
30107,0,0
30207,0,0
30307,0,0
30407,0,0
30507,0,0
30607,0,0
30707,0,0
30807,0,0
30907,0,0
31007,0,0
31113,0,0
31213,0,0
31313,0,0
31413,0,0
31513,0,0
31613,0,0
31713,0,0
31813,0,0
31913,0,0
32013,0,0
32113,0,0
32213,0,0
32313,0,0
32413,0,0
32513,0,0
32613,0,0
32713,0,0
32813,0,0
32913,0,0
33013,0,0
33113,0,0
33213,0,0
33313,0,0
33413,0,0
33513,0,0
33613,0,0
33713,0,0
33813,0,0
33913,0,0
34013,0,0
34113,0,0
34213,0,0
34313,0,0
34413,0,0
34513,0,0
34613,0,0
34713,0,0
34813,0,0
34913,0,0
35013,0,0
35112,0,0
35212,0,0
35312,0,0
35412,0,0
35512,0,0
35612,0,0
35712,0,0
35812,0,0
35912,0,0
36012,0,0
36112,0,0
36212,0,0
36312,0,0
36412,0,0
36512,0,0
36612,0,0
36712,0,0
36812,0,0
36912,0,0
37012,0,0
37112,0,0
37212,0,0
37312,0,0
37412,0,0
37512,0,0
37612,0,0
37712,0,0
37812,0,0
37912,0,0
38012,0,0
38112,0,0
38212,0,0
38312,0,0
38412,0,0
38512,0,0
38612,0,0
38712,0,0
38812,0,0
38912,0,0
39012,0,0
39111,0,0
39211,0,0
39311,0,0
39411,0,0
39511,0,0
39611,0,0
39711,0,0
39811,0,0
39911,0,0
40011,0,0
40111,0,0
40211,0,0
40311,0,0
40411,0,0
40511,0,0
40611,0,0
40711,0,0
40811,0,0
40911,0,0
41011,0,0
41111,0,0
41211,0,0
41311,0,0
41411,0,0
41511,0,0
41611,0,0
41711,0,0
41811,0,0
41911,0,0
42011,0,0
42111,0,0
42211,0,0
42311,0,0
42411,0,0
42511,0,0
42611,0,0
42711,0,0
42811,0,0
42911,0,0
43011,0,0
43108,0,0
43208,0,0
43308,0,0
43408,0,0
43508,0,0
43608,0,0
43708,0,0
43808,0,0
43908,0,0
44008,0,0
44108,0,0
44208,0,0
44308,0,0
44408,0,0
44508,0,0
44608,0,0
44708,0,0
44808,0,0
44908,0,0
45008,0,0
45108,0,0
45208,0,0
45308,0,0
45408,0,0
45508,0,0
45608,0,0
45708,0,0
45808,0,0
45908,0,0
46008,0,0
46108,0,0
46208,0,0
46308,0,0
46408,0,0
46508,0,0
46608,0,0
46708,0,0
46808,0,0
46908,0,0
47008,0,0
47107,0,0
47207,0,0
47307,0,0
47407,0,0
47507,0,0
47607,0,0
47707,0,0
47807,0,0
47907,0,0
48007,0,0
48107,0,0
48207,0,0
48307,0,0
48407,0,0
48507,0,0
48607,0,0
48707,0,0
48807,0,0
48907,0,0
49007,0,0
49107,0,0
49207,0,0
49307,0,0
49407,0,0
49507,0,0
49607,0,0
49707,0,0
49807,0,0
49907,0,0
50007,0,0
50107,0,0
50207,0,0
50307,0,0
50407,0,0
50507,0,0
50607,0,0
50707,0,0
50807,0,0
50907,0,0
51007,0,0
51105,0,0
51205,0,0
51305,0,0
51405,0,0
51505,0,0
51605,0,0
51705,0,0
51805,0,0
51905,0,0
52005,0,0
52105,0,0
52205,0,0
52305,0,0
52405,0,0
52505,0,0
52605,0,0
52705,0,0
52805,0,0
52905,0,0
53005,0,0
53105,0,0
53205,0,0
53305,0,0
53405,0,0
53505,0,0
53605,0,0
53705,0,0
53805,0,0
53905,0,0
54005,0,0
54105,0,0
54205,0,0
54305,0,0
54405,0,0
54505,0,0
54605,0,0
54705,0,0
54805,0,0
54905,0,0
55005,0,0
55105,0,0
55205,0,0
55305,0,0
55405,0,0
55505,0,0
55605,0,0
55705,0,0
55805,0,0
55905,0,0
56005,0,0
56105,0,0
56205,0,0
56305,0,0
56405,0,0
56505,0,0
56605,0,0
56705,0,0
56805,0,0
56905,0,0
57005,0,0
57105,0,0
57205,0,0
57305,0,0
57405,0,0
57505,0,0
57605,0,0
57705,0,0
57805,0,0
57905,0,0
58005,0,0
58105,0,0
58205,0,0
58305,0,0
58405,0,0
58505,0,0
58605,0,0
58705,0,0
58805,0,0
58905,0,0
59005,0,0
59105,0,0
59205,0,0
59305,0,0
59405,0,0
59505,0,0
59605,0,0
59705,0,0
59805,0,0
59905,0,0
60005,0,0
60105,0,0
60205,0,0
60305,0,0
60405,0,0
60505,0,0
60605,0,0
60705,0,0
60805,0,0
60905,0,0
61005,0,0
61105,0,0
61205,0,0
61305,0,0
61405,0,0
61505,0,0
61605,0,0
61705,0,0
61805,0,0
61905,0,0
62005,0,0
62105,0,0
62205,0,0
62305,0,0
62405,0,0
62505,0,0
62605,0,0
62705,0,0
62805,0,0
62905,0,0
63005,0,0
63105,0,0
63205,0,0
63305,0,0
63405,0,0
63505,0,0
63605,0,0
63705,0,0
63805,0,0
63905,0,0
64005,0,0
64105,0,0
64205,0,0
64305,0,0
64405,0,0
64505,0,0
64605,0,0
64705,0,0
64805,0,0
64905,0,0
65005,0,0
65105,0,0
65205,0,0
65305,0,0
65405,0,0
65505,0,0
65605,0,0
65705,0,0
65805,0,0
65905,0,0
66005,0,0
66105,0,0
66205,0,0
66305,0,0
66405,0,0
66505,0,0
66605,0,0
66705,0,0
66805,0,0
66905,0,0
67005,0,0
67105,0,0
67205,0,0
67305,0,0
67405,0,0
67505,0,0
67605,0,0
67705,0,0
67805,0,0
67905,0,0
68005,0,0
68105,0,0
68205,0,0
68305,0,0
68405,0,0
68505,0,0
68605,0,0
68705,0,0
68805,0,0
68905,0,0
69005,0,0
69105,0,0
69205,0,0
69305,0,0
69405,0,0
69505,0,0
69605,0,0
69705,0,0
69805,0,0
69905,0,0
70005,0,0
70105,0,0
70205,0,0
70305,0,0
70405,0,0
70505,0,0
70605,0,0
70705,0,0
70805,0,0
70905,0,0
71005,0,0
71105,0,0
71205,0,0
71305,0,0
71405,0,0
71505,0,0
71605,0,0
71705,0,0
71805,0,0
71905,0,0
72005,0,0
72105,0,0
72205,0,0
72305,0,0
72405,0,0
72505,0,0
72605,0,0
72705,0,0
72805,0,0
72905,0,0
73005,0,0
73105,0,0
73205,0,0
73305,0,0
73405,0,0
73505,0,0
73593,0,0
73693,0,0
73793,0,0
73893,0,0
73993,0,0
74580,0,0
74680,0,1
74780,0,1
74880,0,1
74980,0,1
75080,0,1
75180,0,1
75280,0,1
75380,0,1
75480,0,1
75581,0,1
75681,0,1
75781,0,1
75881,0,1
75981,0,1
76081,0,1
76181,0,1
76281,0,1
76381,0,1
76481,0,1
76581,0,1
76681,0,1
76781,0,1
76881,0,1
76981,0,1
77081,0,1
77181,0,1
77281,0,1
77381,0,1
77481,0,1
77579,0,1
77679,0,1
77779,0,1
77879,0,1
77979,0,1
78079,0,1
78179,0,1
78279,0,1
78379,0,1
78479,0,1
78606,0,0
78706,0,0
78806,0,0
78938,0,0
79038,0,1
79138,0,1
79238,0,1
79338,0,1
79438,0,1
79538,1,2
79638,1,2
79738,1,2
79838,1,2
79938,1,2
80038,1,2
80138,1,2
80238,1,2
80338,1,2
80438,1,2
80538,1,2
80638,1,2
80738,1,2
80838,1,2
80938,1,2
81038,1,2
81138,1,2
81238,1,2
81339,1,2
81439,1,2
81541,0,0
81633,0,0
81733,0,0
81833,0,0
81933,0,0
82033,0,0
82133,0,0
82233,0,0
82333,0,0
82433,0,0
82533,0,0
82633,0,0
82733,0,0
82833,0,0
82933,0,0
83033,0,0
83133,0,0
83233,0,0
83333,0,0
83433,0,0
83533,0,0
83753,0,0
83853,0,1
83953,0,1
84053,0,1
84153,0,1
84253,0,1
84353,0,1
84453,0,1
84553,0,1
84653,0,1
84753,0,1
84853,0,1
84953,0,1
85053,0,1
85153,0,1
85253,0,1
85353,0,1
85453,0,1
85558,0,1
85658,0,1
85758,0,1
85859,0,1
85959,0,1
86059,0,1
86159,0,1
86259,0,1
86359,0,1
86459,0,1
86559,0,1
86659,0,1
86759,0,1
86859,0,1
86959,0,1
87059,0,1
87159,0,1
87259,0,1
87359,0,1
87459,0,1
87559,0,1
87659,0,1
87787,0,0
87887,0,0
87987,0,0
88087,0,0
88187,0,0
88287,0,0
88387,0,0
88487,0,0
88697,0,0
88797,0,1
88897,0,1
88997,0,1
89097,0,1
89197,0,1
89297,0,1
89397,0,1
89497,0,1
89594,0,1
89694,0,1
89794,0,1
89894,0,1
89995,0,1
90095,0,1
90195,0,1
90295,0,1
90395,0,1
90495,0,1
90595,0,1
90695,0,1
90795,0,1
90895,0,1
90995,0,1
91095,0,1
91195,0,1
91295,0,1
91395,0,1
91495,0,1
91595,0,1
91695,0,1
91795,0,1
91895,0,1
91995,0,1
92095,0,1
92195,0,1
92295,0,1
92395,0,1
92495,0,1
92595,0,1
92722,0,0
92822,0,0
92922,0,0
93022,0,0
93122,0,0
93222,0,0
93323,0,0
93423,0,0
93826,0,0
93649,0,1
93749,0,1
93849,0,1
93949,0,1
94049,0,1
94149,0,1
94249,0,1
94349,0,1
94449,0,1
94549,0,1
94649,0,1
94749,0,1
94849,0,1
94949,0,1
95049,0,1
95149,0,1
95249,0,1
95350,0,1
95450,0,1
95550,0,1
95650,0,1
95750,0,1
95850,0,1
95950,0,1
96050,0,1
96150,0,1
96250,0,1
96350,0,1
96450,0,1
96550,0,1
96650,0,1
96750,0,1
96850,0,1
96950,0,1
97050,0,1
97150,0,1
97250,0,1
97620,0,1
97720,0,1
97848,0,0
97948,0,0
98048,0,0
98148,0,0
98248,0,0
98348,0,0
98448,0,0
98548,0,0
98649,0,0
98749,0,0
98849,0,0
98949,0,0
99049,0,0
99149,0,0
99249,0,0
99349,0,0
99449,0,0
99549,0,0
99649,0,0
99749,0,0
99849,0,0
99949,0,0
100049,0,0
100149,0,0
100249,0,0
100349,0,0
100449,0,0
100549,0,0
100649,0,0
100749,0,0
100849,0,0
100949,0,0
101049,0,0
101149,0,0
101249,0,0
101349,0,0
101449,0,0
101550,0,0
101650,0,0
102038,0,0
102138,0,1
102238,0,1
102338,0,1
102438,0,1
102538,0,1
102638,0,1
102738,0,1
102838,0,1
102938,0,1
103038,0,1
103138,0,1
103238,0,1
103338,0,1
103438,0,1
103538,0,1
103638,0,1
103738,0,1
103838,0,1
103938,0,1
104038,0,1
104138,0,1
104238,0,1
104338,0,1
104438,0,1
104538,0,1
104638,0,1
104738,0,1
104838,0,1
104938,0,1
105038,0,1
105138,0,1
105238,0,1
105338,0,1
105438,0,1
105538,0,1
105636,0,1
105736,0,1
105836,0,1
105936,0,1
106036,0,1
106136,0,0
106236,0,0
106591,0,0
106691,0,1
106791,0,1
106891,0,1
106991,0,1
107091,0,1
107191,0,1
107291,0,1
107391,0,1
107491,0,1
107591,0,1
107692,0,1
107792,0,1
107892,0,1
107992,0,1
108092,0,1
108192,0,1
108292,0,1
108392,0,1
108492,0,1
108592,0,1
108692,0,1
108792,0,1
108892,0,1
108992,0,1
109092,0,1
109192,0,1
109292,0,1
109392,0,1
109492,0,1
109592,0,1
109690,0,1
109790,0,1
109890,0,1
109990,0,1
110090,0,1
110190,0,1
110290,0,1
110390,0,1
110490,0,1
110618,0,0
110718,0,0
110818,0,0
110918,0,0
111018,0,0
111118,0,0
111218,0,0
111318,0,0
111418,0,0
111518,0,0
111618,0,0
111718,0,0
111818,0,0
111918,0,0
112018,0,0
112118,0,0
112218,0,0
112318,0,0
112418,0,0
112518,0,0
112618,0,0
112718,0,0
112818,0,0
112918,0,0
113018,0,0
113118,0,0
113218,0,0
113318,0,0
113418,0,0
113518,0,0
113618,0,0
113718,0,0
113818,0,0
113918,0,0
114018,0,0
114118,0,0
114218,0,0
114318,0,0
114418,0,0
114518,0,0
114618,0,0
114718,0,0
114818,0,0
114918,0,0
115018,0,0
115118,0,0
115218,0,0
115318,0,0
115418,0,0
115518,0,0
115618,0,0
115718,0,0
115818,0,0
115918,0,0
116018,0,0
116118,0,0
116218,0,0
116318,0,0
116418,0,0
116518,0,0
116618,0,0
116718,0,0
116818,0,0
116918,0,0
117018,0,0
117118,0,0
117218,0,0
117318,0,0
117418,0,0
117518,0,0
117618,0,0
117718,0,0
117818,0,0
117918,0,0
118018,0,0
118118,0,0
118218,0,0
118318,0,0
118418,0,0
118518,0,0
118618,0,0
118718,0,0
118818,0,0
118918,0,0
119018,0,0
119118,0,0
119218,0,0
119318,0,0
119418,0,0
119518,0,0
119618,0,0
119718,0,0
119818,0,0
119918,0,0
120018,0,0
120118,0,0
120218,0,0
120318,0,0
120418,0,0
120537,0,0
120637,0,0
120737,0,0
120837,0,0
120937,0,0
121037,0,0
121137,0,0
121237,0,0
121337,0,0
121437,0,0
121537,0,0
121637,0,0
121737,0,0
121837,0,0
121937,0,0
122037,0,0
122137,0,0
122237,0,0
122337,0,0
122437,0,0
122538,0,0
122638,0,0
122738,0,0
122838,0,0
122938,0,0
123038,0,0
123138,0,0
123238,0,0
123338,0,0
123438,0,0
123538,0,0
123638,0,0
123738,0,0
123838,0,0
123938,0,0
124038,0,0
124138,0,0
124238,0,0
124338,0,0
124438,0,0
124538,0,0
124638,0,0
124738,0,0
124838,0,0
124938,0,0
125038,0,0
125138,0,0
125238,0,0
125338,0,0
125438,0,0
125538,0,0
125638,0,0
125738,0,0
125838,0,0
125938,0,0
126038,0,0
126138,0,0
126238,0,0
126338,0,0
126438,0,0
126538,0,0
126638,0,0
126738,0,0
126838,0,0
126938,0,0
127038,0,0
127138,0,0
127238,0,0
127338,0,0
127438,0,0
127538,0,0
127638,0,0
127738,0,0
127838,0,0
127938,0,0
128038,0,0
128138,0,0
128238,0,0
128338,0,0
128438,0,0
128538,0,0
128638,0,0
128738,0,0
128838,0,0
128938,0,0
129038,0,0
129138,0,0
129238,0,0
129338,0,0
129438,0,0
129538,0,0
130180,0,0
129739,0,1
129839,0,1
129939,0,1
130039,0,1
130139,0,1
130239,0,1
130339,0,1
130439,0,1
130539,0,1
130639,0,1
130739,0,1
130839,0,1
130939,0,1
131039,0,1
131139,0,1
131239,0,1
131339,0,1
131439,0,1
131539,0,1
131640,0,1
131740,0,1
131840,0,1
131940,0,1
132040,0,1
132140,0,1
132240,0,1
132340,0,1
132440,0,1
132540,0,1
132640,0,1
132740,0,1
132840,0,1
132940,0,1
133040,0,1
133140,0,1
133240,0,1
133869,0,1
133969,0,1
134069,0,1
134201,0,0
134302,0,0
134402,0,0
134502,0,0
134602,0,0
134702,0,0
134802,0,0
134902,0,0
135002,0,0
135102,0,0
135202,0,0
135302,0,0
135402,0,0
135502,0,0
135602,0,0
135702,0,0
135802,0,0
135902,0,0
136002,0,0
136102,0,0
136202,0,0
136302,0,0
136402,0,0
136502,0,0
136602,0,0
136702,0,0
136802,0,0
136902,0,0
137002,0,0
137102,0,0
137202,0,0
137302,0,0
137402,0,0
137502,0,0
137602,0,0
137702,0,0
137802,0,0
137900,0,0
138000,0,0
138100,0,0
138200,0,0
138300,0,0
138400,0,0
138500,0,0
138600,0,0
138700,0,0
138800,0,0
138900,0,0
139000,0,0
139100,0,0
139200,0,0
139300,0,0
139400,0,0
139500,0,0
139600,0,0
139700,0,0
139800,0,0
139900,0,0
140000,0,0
140100,0,0
140200,0,0
140300,0,0
140400,0,0
140500,0,0
140600,0,0
140700,0,0
140800,0,0
140900,0,0
141000,0,0
141100,0,0
141200,0,0
141300,0,0
141400,0,0
141500,0,0
141600,0,0
141700,0,0
141800,0,0
141897,0,0
141997,0,0
142097,0,0
142197,0,0
142297,0,0
142397,0,0
142497,0,0
142597,0,0
142697,0,0
142797,0,0
142897,0,0
142997,0,0
143097,0,0
143197,0,0
143297,0,0
143397,0,0
143497,0,0
143597,0,0
143697,0,0
143797,0,0
143897,0,0
143997,0,0
144097,0,0
144197,0,0
144297,0,0
144397,0,0
144497,0,0
144597,0,0
144697,0,0
144797,0,0
144897,0,0
144997,0,0
145097,0,0
145197,0,0
145297,0,0
145397,0,0
145497,0,0
145597,0,0
145697,0,0
145797,0,0
145895,0,0
145995,0,0
146095,0,0
146195,0,0
146295,0,0
146395,0,0
146495,0,0
146595,0,0
146695,0,0
146795,0,0
146895,0,0
146995,0,0
147095,0,0
147195,0,0
147295,0,0
147395,0,0
147495,0,0
147595,0,0
147695,0,0
147795,0,0
147895,0,0
147995,0,0
148095,0,0
148195,0,0
148295,0,0
148395,0,0
148495,0,0
148595,0,0
148695,0,0
148795,0,0
148895,0,0
148995,0,0
149095,0,0
149195,0,0
149295,0,0
149395,0,0
149495,0,0
149595,0,0
149695,0,0
149795,0,0
149894,0,0
149994,0,0
150094,0,0
150194,0,0
150294,0,0
150394,0,0
150494,0,0
150594,0,0
150694,0,0
150794,0,0
150894,0,0
150994,0,0
151094,0,0
151194,0,0
151294,0,0
151394,0,0
151494,0,0
151594,0,0
151694,0,0
151794,0,0
151894,0,0
151994,0,0
152094,0,0
152194,0,0
152294,0,0
152394,0,0
152494,0,0
152594,0,0
152694,0,0
152794,0,0
152894,0,0
152994,0,0
153094,0,0
153194,0,0
153294,0,0
153394,0,0
153494,0,0
153594,0,0
153694,0,0
153794,0,0
153892,0,0
153992,0,0
154092,0,0
154192,0,0
154292,0,0
154392,0,0
154492,0,0
154592,0,0
154692,0,0
154792,0,0
154892,0,0
154992,0,0
155092,0,0
155192,0,0
155292,0,0
155392,0,0
155492,0,0
155592,0,0
155692,0,0
155792,0,0
155892,0,0
155992,0,0
156092,0,0
156192,0,0
156292,0,0
156392,0,0
156492,0,0
156592,0,0
156692,0,0
156792,0,0
156892,0,0
156992,0,0
157092,0,0
157192,0,0
157292,0,0
157392,0,0
157492,0,0
157592,0,0
157692,0,0
157792,0,0
157886,0,0
157986,0,0
158086,0,0
158186,0,0
158286,0,0
158386,0,0
158486,0,0
158586,0,0
158686,0,0
158786,0,0
158886,0,0
158986,0,0
159086,0,0
159186,0,0
159286,0,0
159386,0,0
159486,0,0
159586,0,0
159686,0,0
159786,0,0
159886,0,0
159986,0,0
160086,0,0
160186,0,0
160286,0,0
160386,0,0
160486,0,0
160586,0,0
160686,0,0
160786,0,0
160886,0,0
160986,0,0
161086,0,0
161186,0,0
161286,0,0
161386,0,0
161486,0,0
161586,0,0
161686,0,0
161786,0,0
161887,0,0
161987,0,0
162087,0,0
162187,0,0
162287,0,0
162387,0,0
162487,0,0
162587,0,0
162687,0,0
162787,0,0
162887,0,0
162987,0,0
163087,0,0
163187,0,0
163287,0,0
163387,0,0
163487,0,0
163587,0,0
163687,0,0
163787,0,0
163887,0,0
163987,0,0
164087,0,0
164187,0,0
164287,0,0
164387,0,0
164487,0,0
164587,0,0
164687,0,0
164787,0,0
164887,0,0
164987,0,0
165087,0,0
165187,0,0
165287,0,0
165387,0,0
165487,0,0
165587,0,0
165687,0,0
165787,0,0
165884,0,0
165984,0,0
166084,0,0
166184,0,0
166284,0,0
166384,0,0
166484,0,0
166584,0,0
166684,0,0
166784,0,0
166884,0,0
166984,0,0
167084,0,0
167184,0,0
167284,0,0
167384,0,0
167484,0,0
167584,0,0
167684,0,0
167784,0,0
167884,0,0
167984,0,0
168084,0,0
168184,0,0
168284,0,0
168384,0,0
168484,0,0
168584,0,0
168684,0,0
168784,0,0
168884,0,0
168984,0,0
169084,0,0
169184,0,0
169284,0,0
169384,0,0
169484,0,0
169584,0,0
169684,0,0
169784,0,0
169884,0,0
169984,0,0
170084,0,0
170184,0,0
170284,0,0
170384,0,0
170484,0,0
170584,0,0
170684,0,0
170784,0,0
170884,0,0
170984,0,0
171084,0,0
171184,0,0
171284,0,0
171384,0,0
171484,0,0
171584,0,0
171684,0,0
171784,0,0
171884,0,0
171984,0,0
172084,0,0
172184,0,0
172284,0,0
172384,0,0
172484,0,0
172584,0,0
172684,0,0
172784,0,0
172884,0,0
172984,0,0
173084,0,0
173184,0,0
173284,0,0
173384,0,0
173484,0,0
173584,0,0
173684,0,0
173784,0,0
173884,0,0
173984,0,0
174084,0,0
174184,0,0
174284,0,0
174384,0,0
174484,0,0
174584,0,0
174684,0,0
174784,0,0
174884,0,0
174984,0,0
175084,0,0
175184,0,0
175284,0,0
175384,0,0
175484,0,0
175584,0,0
175684,0,0
175784,0,0
175884,0,0
175984,0,0
176084,0,0
176184,0,0
176284,0,0
176384,0,0
176484,0,0
176584,0,0
176684,0,0
176784,0,0
176884,0,0
176984,0,0
177084,0,0
177184,0,0
177284,0,0
177384,0,0
177484,0,0
177584,0,0
177684,0,0
177784,0,0
177884,0,0
177984,0,0
178084,0,0
178184,0,0
178284,0,0
178384,0,0
178484,0,0
178584,0,0
178684,0,0
178784,0,0
178884,0,0
178984,0,0
179084,0,0
179184,0,0
179284,0,0
179384,0,0
179484,0,0
179584,0,0
179684,0,0
179784,0,0
179884,0,0
179984,0,0
180084,0,0
180184,0,0
180284,0,0
180384,0,0
180484,0,0
180584,0,0
180684,0,0
180784,0,0
180884,0,0
180984,0,0
181084,0,0
181184,0,0
181284,0,0
181384,0,0
181484,0,0
181584,0,0
181684,0,0
181784,0,0
181884,0,0
181984,0,0
182084,0,0
182184,0,0
182284,0,0
182384,0,0
182484,0,0
182584,0,0
182684,0,0
182784,0,0
182884,0,0
182984,0,0
183084,0,0
183184,0,0
183284,0,0
183384,0,0
183484,0,0
183584,0,0
183684,0,0
183784,0,0
183884,0,0
183984,0,0
184084,0,0
184184,0,0
184284,0,0
184384,0,0
184484,0,0
184584,0,0
184684,0,0
184784,0,0
184884,0,0
184984,0,0
185084,0,0
185184,0,0
185284,0,0
185384,0,0
185484,0,0
185584,0,0
185684,0,0
185784,0,0
185884,0,0
185974,0,0
186074,0,0
186174,0,0
186274,0,0
186374,0,0
186474,0,0
186574,0,0
186674,0,0
186774,0,0
186874,0,0
186974,0,0
187074,0,0
187174,0,0
187274,0,0
187374,0,0
187474,0,0
187574,0,0
187674,0,0
187774,0,0
187874,0,0
187974,0,0
188074,0,0
188174,0,0
188274,0,0
188374,0,0
188474,0,0
188574,0,0
188674,0,0
188774,0,0
188874,0,0
188974,0,0
189074,0,0
189174,0,0
189274,0,0
189374,0,0
189474,0,0
189574,0,0
189674,0,0
189774,0,0
189874,0,0
189972,0,0
190072,0,0
190172,0,0
190272,0,0
190372,0,0
190472,0,0
190572,0,0
190672,0,0
190772,0,0
190872,0,0
190972,0,0
191072,0,0
191172,0,0
191272,0,0
191372,0,0
191472,0,0
191572,0,0
191672,0,0
191772,0,0
191872,0,0
191972,0,0
192072,0,0
192172,0,0
192272,0,0
192372,0,0
192472,0,0
192572,0,0
192672,0,0
192772,0,0
192872,0,0
192972,0,0
193072,0,0
193172,0,0
193272,0,0
193372,0,0
193472,0,0
193572,0,0
193672,0,0
193772,0,0
193872,0,0
193970,0,0
194070,0,0
194170,0,0
194270,0,0
194370,0,0
194470,0,0
194570,0,0
194670,0,0
194770,0,0
194870,0,0
194970,0,0
195070,0,0
195170,0,0
195270,0,0
195370,0,0
195470,0,0
195570,0,0
195670,0,0
195770,0,0
196061,0,0
196161,0,1
196261,0,1
196361,0,1
196461,0,1
196561,0,1
196661,1,2
196761,1,2
196862,1,2
196962,1,2
197062,1,2
197162,1,2
197262,1,2
197362,1,2
197462,1,2
197562,1,2
197662,1,2
197762,1,2
197862,1,2
197959,1,2
198059,1,2
198159,1,2
198259,1,2
198359,1,2
198459,1,2
198559,1,2
198661,0,0
198761,0,0
198861,0,0
198961,0,0
199061,0,0
199161,0,0
199261,0,0
199361,0,0
199462,0,0
199562,0,0
199662,0,0
199762,0,0
199862,0,0
199962,0,0
200062,0,0
200162,0,0
200262,0,0
200362,0,0
200462,0,0
200562,0,0
200662,0,0
200883,0,0
200983,0,1
201083,0,1
201183,0,1
201283,0,1
201383,0,1
201483,0,1
201583,0,1
201683,0,1
201783,0,1
201883,0,1
201981,0,1
202081,0,1
202181,0,1
202281,0,1
202381,0,1
202481,0,1
202581,0,1
202681,0,1
202781,0,1
202881,0,1
202981,0,1
203081,0,1
203181,0,1
203281,0,1
203381,0,1
203481,0,1
203581,0,1
203681,0,1
203781,0,1
203881,0,1
203981,0,1
204081,0,1
204181,0,1
204281,0,1
204381,0,1
204481,0,1
204581,0,1
204681,0,1
204781,0,1
204909,0,0
205009,0,0
205109,0,0
205209,0,0
205309,0,0
205409,0,0
205509,0,0
205609,0,0
205709,0,0
205809,0,0
205909,0,0
206002,0,0
206102,0,0
206202,0,0
206302,0,0
206402,0,0
206502,0,0
206602,0,0
206702,0,0
206802,0,0
206902,0,0
207002,0,0
207102,0,0
207202,0,0
207302,0,0
207402,0,0
207502,0,0
207602,0,0
207702,0,0
207802,0,0
207902,0,0
208002,0,0
208102,0,0
208202,0,0
208302,0,0
208402,0,0
208502,0,0
208602,0,0
208702,0,0
208802,0,0
208902,0,0
209002,0,0
209102,0,0
209202,0,0
209302,0,0
209402,0,0
209502,0,0
209602,0,0
209702,0,0
209802,0,0
209902,0,0
210005,0,0
210105,0,0
210205,0,0
210305,0,0
210405,0,0
210505,0,0
210605,0,0
210705,0,0
210805,0,0
210905,0,0
211005,0,0
211105,0,0
211205,0,0
211305,0,0
211405,0,0
211505,0,0
211605,0,0
211705,0,0
211805,0,0
211905,0,0
212005,0,0
212105,0,0
212205,0,0
212305,0,0
212405,0,0
212505,0,0
212605,0,0
212705,0,0
212805,0,0
212905,0,0
213005,0,0
213105,0,0
213205,0,0
213305,0,0
213405,0,0
213505,0,0
213605,0,0
213705,0,0
213805,0,0
213905,0,0
214002,0,0
214102,0,0
214202,0,0
214302,0,0
214402,0,0
214502,0,0
214602,0,0
214702,0,0
214802,0,0
214902,0,0
215002,0,0
215102,0,0
215202,0,0
215302,0,0
215402,0,0
215502,0,0
215602,0,0
215702,0,0
215802,0,0
215902,0,0
216002,0,0
216102,0,0
216202,0,0
216302,0,0
216402,0,0
216502,0,0
216602,0,0
216702,0,0
216802,0,0
216902,0,0
217002,0,0
217102,0,0
217202,0,0
217302,0,0
217402,0,0
217502,0,0
217602,0,0
217702,0,0
217802,0,0
217902,0,0
218000,0,0
218100,0,0
218200,0,0
218300,0,0
218400,0,0
218500,0,0
218600,0,0
218700,0,0
218800,0,0
218900,0,0
219000,0,0
219100,0,0
219200,0,0
219300,0,0
219400,0,0
219500,0,0
219600,0,0
219700,0,0
219800,0,0
219900,0,0
220000,0,0
220100,0,0
220200,0,0
220300,0,0
220400,0,0
220500,0,0
220600,0,0
220700,0,0
220800,0,0
220900,0,0
221000,0,0
221100,0,0
221200,0,0
221300,0,0
221400,0,0
221500,0,0
221600,0,0
221700,0,0
221800,0,0
221900,0,0
221998,0,0
222098,0,0
222198,0,0
222298,0,0
222398,0,0
222498,0,0
222598,0,0
222698,0,0
222798,0,0
222898,0,0
222998,0,0
223098,0,0
223198,0,0
223298,0,0
223398,0,0
223498,0,0
223598,0,0
223698,0,0
223798,0,0
223898,0,0
223998,0,0
224098,0,0
224198,0,0
224298,0,0
224398,0,0
224498,0,0
224598,0,0
224698,0,0
224798,0,0
224898,0,0
224998,0,0
225098,0,0
225198,0,0
225298,0,0
225398,0,0
225498,0,0
225598,0,0
225698,0,0
225798,0,0
225898,0,0
225998,0,0
226098,0,0
226198,0,0
226298,0,0
226398,0,0
226498,0,0
226598,0,0
226698,0,0
226798,0,0
226898,0,0
226998,0,0
227098,0,0
227198,0,0
227298,0,0
227398,0,0
227498,0,0
227598,0,0
227698,0,0
227798,0,0
227898,0,0
227998,0,0
228098,0,0
228198,0,0
228298,0,0
228398,0,0
228498,0,0
228598,0,0
228698,0,0
228798,0,0
228898,0,0
228998,0,0
229098,0,0
229198,0,0
229298,0,0
229398,0,0
229498,0,0
229598,0,0
229698,0,0
229798,0,0
229898,0,0
229998,0,0
230098,0,0
230198,0,0
230298,0,0
230398,0,0
230498,0,0
230598,0,0
230698,0,0
230798,0,0
230898,0,0
230998,0,0
231098,0,0
231198,0,0
231298,0,0
231398,0,0
231498,0,0
231598,0,0
231698,0,0
231798,0,0
231898,0,0
231998,0,0
232098,0,0
232198,0,0
232298,0,0
232398,0,0
232498,0,0
232598,0,0
232698,0,0
232798,0,0
232898,0,0
232998,0,0
233098,0,0
233198,0,0
233298,0,0
233398,0,0
233498,0,0
233598,0,0
233698,0,0
233798,0,0
233898,0,0
233998,0,0
234098,0,0
234198,0,0
234298,0,0
234398,0,0
234498,0,0
234598,0,0
234698,0,0
234798,0,0
234898,0,0
234998,0,0
235098,0,0
235198,0,0
235298,0,0
235398,0,0
235498,0,0
235598,0,0
235698,0,0
235798,0,0
235898,0,0
235998,0,0
236098,0,0
236198,0,0
236298,0,0
236398,0,0
236498,0,0
236598,0,0
236698,0,0
236798,0,0
236898,0,0
236998,0,0
237098,0,0
237198,0,0
237298,0,0
237398,0,0
237498,0,0
237598,0,0
237698,0,0
237798,0,0
237898,0,0
237998,0,0
238098,0,0
238198,0,0
238298,0,0
238398,0,0
238498,0,0
238598,0,0
238698,0,0
238798,0,0
238898,0,0
238998,0,0
239098,0,0
239198,0,0
239298,0,0
239398,0,0
239498,0,0
239598,0,0
239698,0,0
239798,0,0
239898,0,0
239998,0,0
240098,0,0
240198,0,0
240298,0,0
240398,0,0
240498,0,0
240598,0,0
240698,0,0
240798,0,0
240898,0,0
240998,0,0
241098,0,0
241198,0,0
241298,0,0
241398,0,0
241498,0,0
241598,0,0
241698,0,0
241798,0,0
241898,0,0
241998,0,0
242098,0,0
242198,0,0
242298,0,0
242398,0,0
242498,0,0
242598,0,0
242698,0,0
242787,0,0
242887,0,0
242987,0,0
243087,0,0
243386,0,0
243486,0,1
243586,0,1
243686,0,1
243786,0,1
243886,0,1
243986,0,1
244086,0,1
244186,0,1
244286,0,1
244386,0,1
244486,0,1
244586,0,1
244686,0,1
244786,0,1
244886,0,1
244986,0,1
245086,0,1
245186,0,1
245286,0,1
245386,0,1
245486,0,1
245586,0,1
245686,0,1
245786,0,1
245886,0,1
245987,0,1
246087,0,1
246187,0,1
246287,0,1
246387,0,1
246487,0,1
246587,0,1
246687,0,1
246785,0,1
246885,0,1
246985,0,1
247085,0,1
247185,0,1
247285,0,1
247413,0,0
247513,0,0
247613,0,0
247713,0,0
247813,0,0
247913,0,0
248013,0,0
248113,0,0
248213,0,0
248313,0,0
248413,0,0
248513,0,0
248613,0,0
248713,0,0
248813,0,0
248913,0,0
249013,0,0
249113,0,0
249213,0,0
249313,0,0
249413,0,0
249513,0,0
249613,0,0
249713,0,0
249813,0,0
249913,0,0
250013,0,0
250113,0,0
250213,0,0
250313,0,0
250413,0,0
250513,0,0
250613,0,0
250713,0,0
250805,0,0
250905,0,0
251005,0,0
251105,0,0
251205,0,0
251305,0,0
251405,0,0
251505,0,0
251605,0,0
251705,0,0
251805,0,0
251905,0,0
252005,0,0
252105,0,0
252205,0,0
252305,0,0
252405,0,0
252505,0,0
252605,0,0
252705,0,0
252805,0,0
252905,0,0
253005,0,0
253105,0,0
253205,0,0
253305,0,0
253405,0,0
253505,0,0
253605,0,0
253705,0,0
253805,0,0
253905,0,0
254005,0,0
254105,0,0
254205,0,0
254305,0,0
254405,0,0
254505,0,0
254605,0,0
254705,0,0
254806,0,0
254906,0,0
255006,0,0
255106,0,0
255206,0,0
255306,0,0
255406,0,0
255506,0,0
255606,0,0
255706,0,0
255806,0,0
255906,0,0
256006,0,0
256106,0,0
256206,0,0
256306,0,0
256406,0,0
256506,0,0
256606,0,0
256706,0,0
256806,0,0
256906,0,0
257006,0,0
257106,0,0
257206,0,0
257306,0,0
257406,0,0
257506,0,0
257606,0,0
257706,0,0
257806,0,0
257906,0,0
258006,0,0
258106,0,0
258206,0,0
258306,0,0
258406,0,0
258506,0,0
258606,0,0
258706,0,0
258806,0,0
258906,0,0
259006,0,0
259106,0,0
259206,0,0
259306,0,0
259406,0,0
259506,0,0
259606,0,0
259706,0,0
259806,0,0
259906,0,0
260006,0,0
260106,0,0
260206,0,0
260306,0,0
260406,0,0
260506,0,0
260606,0,0
260706,0,0
260806,0,0
260906,0,0
261006,0,0
261106,0,0
261206,0,0
261306,0,0
261406,0,0
261506,0,0
261606,0,0
261706,0,0
261806,0,0
261906,0,0
262006,0,0
262106,0,0
262206,0,0
262306,0,0
262406,0,0
262506,0,0
262606,0,0
262706,0,0
262804,0,0
262904,0,0
263004,0,0
263104,0,0
263204,0,0
263304,0,0
263404,0,0
263504,0,0
263604,0,0
263704,0,0
263804,0,0
263904,0,0
264004,0,0
264104,0,0
264204,0,0
264304,0,0
264404,0,0
264504,0,0
264604,0,0
264704,0,0
264804,0,0
264904,0,0
265004,0,0
265104,0,0
265204,0,0
265304,0,0
265404,0,0
265504,0,0
265604,0,0
265704,0,0
265804,0,0
265904,0,0
266004,0,0
266104,0,0
266204,0,0
266304,0,0
266404,0,0
266504,0,0
266604,0,0
266704,0,0
266799,0,0
266899,0,0
266999,0,0
267099,0,0
267199,0,0
267299,0,0
267399,0,0
267499,0,0
267599,0,0
267699,0,0
267799,0,0
267899,0,0
267999,0,0
268099,0,0
268199,0,0
268299,0,0
268399,0,0
268499,0,0
268599,0,0
268699,0,0
268799,0,0
268899,0,0
268999,0,0
269099,0,0
269199,0,0
269299,0,0
269399,0,0
269499,0,0
269599,0,0
269699,0,0
269799,0,0
269899,0,0
269999,0,0
270099,0,0
270199,0,0
270299,0,0
270399,0,0
270499,0,0
270599,0,0
270699,0,0
270799,0,0
270899,0,0
270999,0,0
271099,0,0
271199,0,0
271299,0,0
271399,0,0
271499,0,0
271599,0,0
271699,0,0
271799,0,0
271899,0,0
271999,0,0
272099,0,0
272199,0,0
272299,0,0
272399,0,0
272499,0,0
272599,0,0
272699,0,0
272799,0,0
272899,0,0
272999,0,0
273099,0,0
273199,0,0
273299,0,0
273399,0,0
273499,0,0
273599,0,0
273699,0,0
273799,0,0
273899,0,0
273999,0,0
274099,0,0
274199,0,0
274299,0,0
274399,0,0
274499,0,0
274599,0,0
274699,0,0
274797,0,0
274897,0,0
274997,0,0
275097,0,0
275197,0,0
275297,0,0
275397,0,0
275497,0,0
275597,0,0
275697,0,0
275797,0,0
275897,0,0
275997,0,0
276097,0,0
276197,0,0
276297,0,0
276397,0,0
276497,0,0
276597,0,0
276697,0,0
276797,0,0
276897,0,0
276997,0,0
277097,0,0
277197,0,0
277297,0,0
277397,0,0
277497,0,0
277597,0,0
277697,0,0
277797,0,0
277897,0,0
277997,0,0
278097,0,0
278197,0,0
278297,0,0
278397,0,0
278497,0,0
278597,0,0
278697,0,0
278795,0,0
278895,0,0
278995,0,0
279095,0,0
279195,0,0
279295,0,0
279395,0,0
279495,0,0
279595,0,0
279695,0,0
279795,0,0
279895,0,0
279995,0,0
280095,0,0
280195,0,0
280295,0,0
280395,0,0
280495,0,0
280595,0,0
280695,0,0
280795,0,0
280895,0,0
280995,0,0
281095,0,0
281195,0,0
281295,0,0
281395,0,0
281495,0,0
281595,0,0
281695,0,0
281795,0,0
281895,0,0
281995,0,0
282095,0,0
282195,0,0
282295,0,0
282395,0,0
282495,0,0
282595,0,0
282695,0,0
282795,0,0
282895,0,0
282995,0,0
283095,0,0
283195,0,0
283295,0,0
283395,0,0
283495,0,0
283595,0,0
283695,0,0
283795,0,0
283895,0,0
283995,0,0
284095,0,0
284195,0,0
284295,0,0
284395,0,0
284495,0,0
284595,0,0
284695,0,0
284795,0,0
284895,0,0
284995,0,0
285095,0,0
285195,0,0
285295,0,0
285395,0,0
285495,0,0
285595,0,0
285695,0,0
285795,0,0
285895,0,0
285995,0,0
286095,0,0
286195,0,0
286295,0,0
286395,0,0
286495,0,0
286595,0,0
286695,0,0
286795,0,0
286895,0,0
286995,0,0
287095,0,0
287195,0,0
287295,0,0
287395,0,0
287495,0,0
287595,0,0
287695,0,0
287795,0,0
287895,0,0
287995,0,0
288095,0,0
288195,0,0
288295,0,0
288395,0,0
288495,0,0
288595,0,0
288695,0,0
288795,0,0
288895,0,0
288995,0,0
289095,0,0
289195,0,0
289295,0,0
289395,0,0
289495,0,0
289595,0,0
289695,0,0
289795,0,0
289895,0,0
289995,0,0
290095,0,0
290195,0,0
290295,0,0
290395,0,0
290495,0,0
290595,0,0
290695,0,0
290795,0,0
290895,0,0
290995,0,0
291095,0,0
291195,0,0
291295,0,0
291395,0,0
291495,0,0
291595,0,0
291695,0,0
291795,0,0
291895,0,0
291995,0,0
292095,0,0
292195,0,0
292295,0,0
292395,0,0
292495,0,0
292595,0,0
292695,0,0
292795,0,0
292895,0,0
292995,0,0
293095,0,0
293195,0,0
293295,0,0
293395,0,0
293495,0,0
293595,0,0
293695,0,0
293795,0,0
293895,0,0
293995,0,0
294095,0,0
294195,0,0
294295,0,0
294395,0,0
294495,0,0
294595,0,0
294695,0,0
294795,0,0
294895,0,0
294995,0,0
295095,0,0
295195,0,0
295295,0,0
295395,0,0
295495,0,0
295595,0,0
295695,0,0
295795,0,0
295895,0,0
295995,0,0
296095,0,0
296195,0,0
296295,0,0
296395,0,0
296495,0,0
296595,0,0
296695,0,0
296795,0,0
296895,0,0
296995,0,0
297095,0,0
297195,0,0
297295,0,0
297395,0,0
297495,0,0
297595,0,0
297695,0,0
297795,0,0
297895,0,0
297995,0,0
298095,0,0
298195,0,0
298295,0,0
298395,0,0
298495,0,0
298595,0,0
298695,0,0
298795,0,0
298895,0,0
298995,0,0
299095,0,0
299195,0,0
299295,0,0
299395,0,0
299495,0,0
299595,0,0
299669,0,0
299769,0,0
299869,0,0
300094,0,0
300194,0,1
300294,0,1
300394,0,1
300494,0,1
300594,1,2
300694,1,2
300794,1,2
300894,1,2
300994,1,2
301094,1,2
301195,1,2
301295,1,2
301395,1,2
301495,1,2
301595,1,2
301695,1,2
301795,1,2
301895,1,2
301995,1,2
302095,1,2
302195,1,2
302295,1,2
302395,1,2
302523,0,0
302623,0,0
302723,0,0
302823,0,0
302923,0,0
303023,0,0
303123,0,0
303223,0,0
303323,0,0
303423,0,0
303523,0,0
303635,0,0
303735,0,0
303835,0,0
303935,0,0
304035,0,0
304135,0,0
304236,0,0
304336,0,0
304436,0,0
304536,0,0
304636,0,0
304914,0,0
305014,0,1
305114,0,1
305214,0,1
305314,0,1
305414,0,1
305514,0,1
305614,0,1
305714,0,1
305815,0,1
305915,0,1
306015,0,1
306115,0,1
306215,0,1
306315,0,1
306415,0,1
306515,0,1
306615,0,1
306715,0,1
306815,0,1
306915,0,1
307015,0,1
307115,0,1
307215,0,1
307315,0,1
307415,0,1
307515,0,1
307614,0,1
307714,0,1
307814,0,1
307914,0,1
308014,0,1
308114,0,1
308214,0,1
308314,0,1
308414,0,1
308514,0,1
308614,0,1
308715,0,1
308815,0,1
308942,0,0
309042,0,0
309142,0,0
309242,0,0
309342,0,0
309442,0,0
309542,0,0
309752,0,0
309852,0,1
309952,0,1
310052,0,1
310152,0,1
310252,0,1
310352,0,1
310452,0,1
310552,0,1
310652,0,1
310752,0,1
310852,0,1
310952,0,1
311052,0,1
311152,0,1
311252,0,1
311352,0,1
311452,0,1
311552,0,1
311649,0,1
311749,0,1
311849,0,1
311949,0,1
312049,0,1
312149,0,1
312249,0,1
312349,0,1
312449,0,1
312549,0,1
312649,0,1
312749,0,1
312849,0,1
312949,0,1
313049,0,1
313149,0,1
313249,0,1
313349,0,1
313449,0,1
313549,0,1
313649,0,1
313749,0,1
313849,0,0
313949,0,0
314049,0,0
314149,0,0
314249,0,0
314349,0,0
314449,0,0
314876,0,0
314976,0,1
315076,0,1
315176,0,1
315276,0,1
315376,0,1
315476,0,1
315576,0,1
315676,0,1
315773,0,1
315873,0,1
315973,0,1
316073,0,1
316173,0,1
316273,0,1
316373,0,1
316474,0,1
316574,0,1
316674,0,1
316774,0,1
316874,0,1
316974,0,1
317074,0,1
317174,0,1
317274,0,1
317374,0,1
317474,0,1
317574,0,1
317674,0,1
317774,0,1
317874,0,1
317974,0,1
318074,0,1
318174,0,1
318274,0,1
318374,0,1
318474,0,1
318574,0,1
318674,0,1
318774,0,1
318901,0,0
319001,0,0
319101,0,0
319201,0,0
319301,0,0
319401,0,0
319501,0,0
319601,0,0
319701,0,0
319799,0,0
319899,0,0
319999,0,0
320099,0,0
320199,0,0
320299,0,0
320399,0,0
320499,0,0
320599,0,0
320699,0,0
320799,0,0
320899,0,0
320999,0,0
321099,0,0
321199,0,0
321299,0,0
321399,0,0
321499,0,0
321599,0,0
321699,0,0
321799,0,0
321899,0,0
321999,0,0
322099,0,0
322199,0,0
322299,0,0
322399,0,0
322499,0,0
322599,0,0
322699,0,0
322799,0,0
322966,0,0
323066,0,1
323166,0,1
323266,0,1
323386,0,1
323486,1,2
323586,1,2
323686,1,2
323785,1,2
323885,1,2
323985,1,2
324085,1,2
324185,1,2
324285,1,2
324385,1,2
324485,1,2
324585,1,2
324685,1,2
324785,1,2
324885,1,2
324985,1,2
325085,1,2
325185,1,2
325285,1,2
325385,1,2
325485,1,2
325585,1,2
325686,1,2
325786,1,2
325886,1,2
325986,1,2
326086,1,2
326186,1,2
326286,1,2
326386,1,2
326486,1,2
326586,1,2
326686,1,2
326786,1,2
326886,1,2
326986,1,2
327086,1,2
327186,1,2
327286,1,2
327386,1,2
327486,1,2
327586,1,2
327686,1,2
327784,1,2
327884,1,2
327984,1,2
328084,1,2
328184,1,2
328284,1,2
328384,1,2
328484,1,2
328584,1,2
328684,1,2
328784,1,2
328884,1,2
328984,1,2
329084,1,2
329184,1,2
329284,1,2
329384,1,2
329484,1,2
329584,1,2
329684,1,2
329784,1,2
329884,1,2
329984,1,2
330084,1,2
330184,1,2
330284,1,2
330384,1,2
330484,1,2
330584,1,2
330684,1,2
330784,1,2
330884,1,2
330984,1,2
331084,1,2
331184,1,2
331284,1,2
331384,1,2
331484,1,2
331584,1,2
331684,1,2
331769,0,0
331869,0,0
331969,0,0
332069,0,0
332169,0,0
332269,0,0
332369,0,0
332469,0,0
332569,0,0
332669,0,0
332769,0,0
332869,0,0
332969,0,0
333069,0,0
333169,0,0
333269,0,0
333369,0,0
333469,0,0
333569,0,0
333669,0,0
333769,0,0
333869,0,0
333969,0,0
334069,0,0
334169,0,0
334269,0,0
334369,0,0
334469,0,0
334569,0,0
334669,0,0
334769,0,0
334869,0,0
334969,0,0
335069,0,0
335169,0,0
335269,0,0
335369,0,0
335469,0,0
335569,0,0
335669,0,0
335777,0,0
335877,0,0
335977,0,0
336077,0,0
336177,0,0
336277,0,0
336377,0,0
336942,0,0
337042,0,1
337142,0,1
337242,0,1
337342,0,1
337442,0,1
337542,0,1
337642,0,1
337742,0,1
337842,0,1
337942,0,1
338042,0,1
338142,0,1
338242,0,1
338342,0,1
338442,0,1
338542,0,1
338642,0,1
338742,0,1
338842,0,1
338942,0,1
339042,0,1
339142,0,1
339242,0,1
339342,0,1
339442,0,1
339542,0,1
339642,0,1
339742,0,1
339843,0,1
339943,0,1
340043,0,1
340143,0,1
340243,0,1
340343,0,1
340443,0,1
340543,0,1
340643,0,1
340743,0,1
340843,0,1
340971,0,0
341071,0,0
341171,0,0
341271,0,0
341371,0,0
341471,0,0
341571,0,0
341671,0,0
341771,0,0
341871,0,0
341971,0,0
342071,0,0
342171,0,0
342271,0,0
342371,0,0
342471,0,0
342571,0,0
342671,0,0
342771,0,0
342872,0,0
342972,0,0
343072,0,0
343172,0,0
343272,0,0
343372,0,0
343472,0,0
343572,0,0
343672,0,0
343772,0,0
343872,0,0
343972,0,0
344072,0,0
344172,0,0
344272,0,0
344372,0,0
344472,0,0
344572,0,0
344672,0,0
344772,0,0
344872,0,0
344972,0,0
345072,0,0
345172,0,0
345272,0,0
345372,0,0
345472,0,0
345572,0,0
345672,0,0
345773,0,0
345873,0,0
345973,0,0
346073,0,0
346173,0,0
346273,0,0
346373,0,0
346473,0,0
346573,0,0
346673,0,0
346773,0,0
346873,0,0
346973,0,0
347073,0,0
347173,0,0
347273,0,0
347373,0,0
347473,0,0
347573,0,0
347673,0,0
347773,0,0
347873,0,0
347973,0,0
348073,0,0
348173,0,0
348273,0,0
348373,0,0
348473,0,0
348573,0,0
348673,0,0
348773,0,0
348873,0,0
348973,0,0
349073,0,0
349173,0,0
349273,0,0
349373,0,0
349473,0,0
349573,0,0
349673,0,0
349773,0,0
349873,0,0
349973,0,0
350073,0,0
350173,0,0
350273,0,0
350373,0,0
350473,0,0
350573,0,0
350673,0,0
350773,0,0
350873,0,0
350973,0,0
351073,0,0
351173,0,0
351273,0,0
351373,0,0
351473,0,0
351573,0,0
351673,0,0
351773,0,0
351873,0,0
351973,0,0
352073,0,0
352173,0,0
352273,0,0
352373,0,0
352473,0,0
352573,0,0
352673,0,0
352773,0,0
352873,0,0
352973,0,0
353073,0,0
353173,0,0
353273,0,0
353373,0,0
353473,0,0
353573,0,0
353673,0,0
353773,0,0
353873,0,0
353973,0,0
354073,0,0
354173,0,0
354273,0,0
354373,0,0
354473,0,0
354573,0,0
354673,0,0
354773,0,0
354873,0,0
354973,0,0
355073,0,0
355173,0,0
355273,0,0
355373,0,0
355473,0,0
355573,0,0
355673,0,0
355773,0,0
355873,0,0
355973,0,0
356073,0,0
356173,0,0
356273,0,0
356373,0,0
356473,0,0
356573,0,0
356673,0,0
356773,0,0
356873,0,0
356973,0,0
357073,0,0
357173,0,0
357273,0,0
357373,0,0
357473,0,0
357573,0,0
357673,0,0
357773,0,0
357873,0,0
357973,0,0
358073,0,0
358173,0,0
358263,0,0
358363,0,0
358463,0,0
358961,0,0
359061,0,1
359161,0,1
359261,0,1
359361,0,1
359461,0,1
359561,0,1
359661,0,1
359761,0,1
359861,0,1
359961,0,1
360061,0,1
360161,0,1
360261,0,1
360361,0,1
360461,0,1
360561,0,1
360661,0,1
360761,0,1
360861,0,1
360961,0,1
361061,0,1
361161,0,1
361261,0,1
361361,0,1
361461,0,1
361561,0,1
361661,0,1
361761,0,1
361861,0,1
361961,0,1
362062,0,1
362162,0,1
362262,0,1
362360,0,1
362460,0,1
362560,0,1
362660,0,1
362760,0,1
362860,0,1
363004,0,0
363104,0,0
363204,0,0
363304,0,0
363806,0,0
363906,0,1
364006,0,1
364106,0,1
364206,0,1
364306,0,1
364407,0,1
364507,0,1
364607,0,1
364707,0,1
364807,0,1
364907,0,1
365007,0,1
365107,0,1
365207,0,1
365307,0,1
365407,0,1
365507,0,1
365607,0,1
365707,0,1
365807,0,1
365907,0,1
366007,0,1
366107,0,1
366207,0,1
366307,0,1
366407,0,1
366507,0,1
366584,0,1
366684,0,1
366784,0,1
366884,0,1
366984,0,1
367084,0,1
367184,0,1
367285,0,1
367385,0,1
367485,0,1
367585,0,1
367685,0,1
367812,0,0
367912,0,0
368012,0,0
368112,0,0
368212,0,0
368312,0,0
368412,0,0
368512,0,0
368612,0,0
368712,0,0
368812,0,0
368912,0,0
369012,0,0
369112,0,0
369212,0,0
369312,0,0
369412,0,0
369512,0,0
369612,0,0
369712,0,0
369812,0,0
369912,0,0
370012,0,0
370112,0,0
370212,0,0
370312,0,0
370412,0,0
370530,0,0
370631,0,0
370731,0,0
370831,0,0
370931,0,0
371031,0,0
371131,0,0
371231,0,0
371331,0,0
371431,0,0
371831,0,0
371931,0,1
372031,0,1
372131,0,1
372231,0,1
372331,0,1
372431,0,1
372531,0,1
372631,0,1
372731,0,1
372831,0,1
372931,0,1
373031,0,1
373131,0,1
373231,0,1
373331,0,1
373431,0,1
373532,0,1
373632,0,1
373732,0,1
373832,0,1
373932,0,1
374032,0,1
374132,0,1
374232,0,1
374332,0,1
374432,0,1
374529,0,1
374629,0,1
374729,0,1
374829,0,1
374929,0,1
375029,0,1
375129,0,1
375229,0,1
375329,0,1
375429,0,1
375529,0,1
375629,0,1
375729,0,1
375856,0,0
375956,0,0
376056,0,0
376156,0,0
376256,0,0
376356,0,0
376456,0,0
376556,0,0
376656,0,0
376756,0,0
376857,0,0
376957,0,0
377057,0,0
377157,0,0
377257,0,0
377357,0,0
377457,0,0
377557,0,0
377657,0,0
377757,0,0
377857,0,0
377957,0,0
378057,0,0
378157,0,0
378257,0,0
378357,0,0
378457,0,0
378555,0,0
378655,0,0
378755,0,0
378855,0,0
378955,0,0
379055,0,0
379155,0,0
379255,0,0
379355,0,0
379455,0,0
379555,0,0
379760,0,0
379860,0,1
379960,0,1
380060,0,1
380188,0,1
380288,1,2
380388,1,2
380488,1,2
380588,1,2
380688,1,2
380788,1,2
380888,1,2
380988,1,2
381088,1,2
381188,1,2
381288,1,2
381388,1,2
381488,1,2
381588,1,2
381688,1,2
381788,1,2
381888,1,2
381988,1,2
382088,1,2
382189,1,2
382289,0,0
382389,0,0
382489,0,0
382588,0,0
382688,0,0
382788,0,0
382888,0,0
382988,0,0
383088,0,0
383188,0,0
383288,0,0
383388,0,0
383488,0,0
383588,0,0
383688,0,0
383788,0,0
383888,0,0
383988,0,0
384088,0,0
384188,0,0
384288,0,0
384388,0,0
384684,0,0
384784,0,1
384884,0,1
384984,0,1
385084,0,1
385184,0,1
385284,0,1
385384,0,1
385484,0,1
385584,0,1
385684,0,1
385784,0,1
385884,0,1
385985,0,1
386085,0,1
386185,0,1
386285,0,1
386385,0,1
386485,0,1
386582,0,1
386682,0,1
386782,0,1
386882,0,1
386982,0,1
387082,0,1
387182,0,1
387282,0,1
387382,0,1
387482,0,1
387582,0,1
387682,0,1
387782,0,1
387882,0,1
387982,0,1
388082,0,1
388182,0,1
388282,0,1
388382,0,1
388482,0,1
388582,0,1
388708,0,0
388808,0,0
388908,0,0
389008,0,0
389108,0,0
389208,0,0
389308,0,0
389408,0,0
389508,0,0
389609,0,0
389709,0,0
389809,0,0
389909,0,0
390009,0,0
390109,0,0
390209,0,0
390309,0,0
390409,0,0
390509,0,0
390606,0,0
390706,0,0
390806,0,0
390906,0,0
391006,0,0
391106,0,0
391206,0,0
391306,0,0
391406,0,0
391506,0,0
391606,0,0
391706,0,0
391806,0,0
391906,0,0
392006,0,0
392106,0,0
392206,0,0
392306,0,0
392406,0,0
392507,0,0
392942,0,0
393042,0,1
393142,0,1
393242,0,1
393342,0,1
393442,0,1
393542,0,1
393642,0,1
393742,0,1
393842,0,1
393942,0,1
394043,0,1
394143,0,1
394243,0,1
394343,0,1
394443,0,1
394543,0,1
394635,0,1
394735,0,1
394835,0,1
394935,0,1
395035,0,1
395135,0,1
395235,0,1
395335,0,1
395435,0,1
395535,0,1
395635,0,1
395735,0,1
395835,0,1
395935,0,1
396035,0,1
396135,0,1
396235,0,1
396335,0,1
396435,0,1
396535,0,1
396635,0,1
396735,0,1
396835,0,1
396962,0,0
397062,0,0
397162,0,0
397262,0,0
397363,0,0
397463,0,0
397563,0,0
397663,0,0
397763,0,0
397863,0,0
397963,0,0
398063,0,0
398163,0,0
398263,0,0
398363,0,0
398463,0,0
398563,0,0
398663,0,0
398763,0,0
398863,0,0
398963,0,0
399063,0,0
399163,0,0
399263,0,0
399363,0,0
399463,0,0
399563,0,0
399663,0,0
399763,0,0
399863,0,0
399963,0,0
400063,0,0
400163,0,0
400264,0,0
400364,0,0
400464,0,0
400564,0,0
400664,0,0
400764,0,0
400864,0,0
400964,0,0
401064,0,0
401164,0,0
401264,0,0
401364,0,0
401464,0,0
401564,0,0
401664,0,0
401764,0,0
401864,0,0
401964,0,0
402064,0,0
402164,0,0
402264,0,0
402364,0,0
402464,0,0
402564,0,0
402664,0,0
402764,0,0
402864,0,0
402964,0,0
403064,0,0
403164,0,0
403264,0,0
403364,0,0
403464,0,0
403564,0,0
403664,0,0
403764,0,0
403864,0,0
403964,0,0
404064,0,0
404164,0,0
404264,0,0
404364,0,0
404464,0,0
404564,0,0
404664,0,0
404764,0,0
404864,0,0
404964,0,0
405064,0,0
405164,0,0
405264,0,0
405364,0,0
405464,0,0
405564,0,0
405664,0,0
405764,0,0
405864,0,0
405964,0,0
406064,0,0
406164,0,0
406264,0,0
406364,0,0
406464,0,0
406564,0,0
406664,0,0
406764,0,0
406864,0,0
406964,0,0
407064,0,0
407164,0,0
407264,0,0
407364,0,0
407464,0,0
407564,0,0
407664,0,0
407764,0,0
407864,0,0
407964,0,0
408064,0,0
408164,0,0
408264,0,0
408364,0,0
408464,0,0
408564,0,0
408664,0,0
408764,0,0
408864,0,0
408964,0,0
409064,0,0
409164,0,0
409264,0,0
409364,0,0
409464,0,0
409564,0,0
409664,0,0
409764,0,0
409864,0,0
409964,0,0
410064,0,0
410164,0,0
410264,0,0
410364,0,0
410464,0,0
410564,0,0
410664,0,0
410764,0,0
410864,0,0
410964,0,0
411064,0,0
411164,0,0
411264,0,0
411364,0,0
411464,0,0
411564,0,0
411664,0,0
411764,0,0
411864,0,0
411964,0,0
412064,0,0
412164,0,0
412264,0,0
412364,0,0
412464,0,0
412564,0,0
412664,0,0
412764,0,0
413010,0,0
413110,0,1
413210,0,1
413310,0,1
413410,0,1
413510,0,1
413610,0,1
413710,0,1
413810,0,1
413910,0,1
414010,0,1
414110,0,1
414210,0,1
414310,0,1
414410,0,1
414510,0,1
414610,0,1
414710,0,1
414810,0,1
414910,0,1
415010,0,1
415110,0,1
415210,0,1
415310,0,1
415411,0,1
415511,0,1
415611,0,1
415711,0,1
415811,0,1
415906,0,1
416006,0,1
416106,0,1
416206,0,1
416306,0,1
416406,0,1
416506,0,1
416606,0,1
416706,0,1
416806,0,1
416906,0,1
417033,0,0
417133,0,0
417233,0,0
417333,0,0
417953,0,0
418053,0,1
418153,0,1
418253,0,1
418353,0,1
418453,0,1
418553,0,1
418653,0,1
418753,0,1
418853,0,1
418953,0,1
419053,0,1
419153,0,1
419253,0,1
419353,0,1
419453,0,1
419553,0,1
419653,0,1
419753,0,1
419850,0,1
419950,0,1
420050,0,1
420150,0,1
420250,0,1
420350,0,1
420450,0,1
420550,0,1
420651,0,1
420751,0,1
420851,0,1
420951,0,1
421051,0,1
421151,0,1
421251,0,1
421351,0,1
421451,0,1
421551,0,1
421651,0,1
421751,0,1
421851,0,1
421978,0,0
422078,0,0
422178,0,0
422626,0,0
422726,0,1
422827,0,1
422927,0,1
423027,0,1
423127,0,1
423227,0,1
423327,0,1
423427,0,1
423527,0,1
423627,0,1
423727,0,1
423827,0,1
423925,0,1
424025,0,1
424125,0,1
424225,0,1
424325,0,1
424425,0,1
424525,0,1
424625,0,1
424725,0,1
424825,0,1
424925,0,1
425025,0,1
425125,0,1
425225,0,1
425325,0,1
425425,0,1
425525,0,1
425625,0,1
425726,0,1
425826,0,1
425926,0,1
426026,0,1
426126,0,1
426226,0,1
426326,0,1
426426,0,1
426526,0,1
426656,0,0
426756,0,0
426856,0,0
426956,0,0
427056,0,0
427156,0,0
427256,0,0
427356,0,0
427456,0,0
427556,0,0
427656,0,0
427756,0,0
427854,0,0
427954,0,0
428054,0,0
428154,0,0
428254,0,0
428354,0,0
428455,0,0
428555,0,0
428655,0,0
428755,0,0
428855,0,0
428955,0,0
429055,0,0
429155,0,0
429255,0,0
429355,0,0
429455,0,0
429555,0,0
429655,0,0
429755,0,0
429855,0,0
429955,0,0
430055,0,0
430155,0,0
430255,0,0
430355,0,0
430455,0,0
430555,0,0
430655,0,0
430755,0,0
430855,0,0
430955,0,0
431055,0,0
431155,0,0
431255,0,0
431356,0,0
431456,0,0
431556,0,0
431656,0,0
431756,0,0
431854,0,0
431954,0,0
432054,0,0
432154,0,0
432254,0,0
432354,0,0
432454,0,0
432554,0,0
432654,0,0
432754,0,0
432854,0,0
432954,0,0
433054,0,0
433154,0,0
433254,0,0
433354,0,0
433454,0,0
433554,0,0
433654,0,0
433754,0,0
433854,0,0
433954,0,0
434054,0,0
434154,0,0
434254,0,0
434354,0,0
434454,0,0
434554,0,0
434654,0,0
434754,0,0
434854,0,0
434954,0,0
435054,0,0
435154,0,0
435254,0,0
435354,0,0
435454,0,0
435554,0,0
435654,0,0
435754,0,0
435852,0,0
435952,0,0
436052,0,0
436152,0,0
436252,0,0
436352,0,0
436452,0,0
436552,0,0
436652,0,0
436752,0,0
436852,0,0
436952,0,0
437052,0,0
437152,0,0
437252,0,0
437352,0,0
437452,0,0
437552,0,0
437652,0,0
437752,0,0
437852,0,0
437952,0,0
438052,0,0
438152,0,0
438252,0,0
438352,0,0
438452,0,0
438552,0,0
438652,0,0
438752,0,0
438852,0,0
438952,0,0
439052,0,0
439152,0,0
439252,0,0
439352,0,0
439452,0,0
439552,0,0
439652,0,0
439752,0,0
439848,0,0
439948,0,0
440048,0,0
440148,0,0
440248,0,0
440348,0,0
440448,0,0
440548,0,0
440648,0,0
440748,0,0
440848,0,0
440948,0,0
441048,0,0
441148,0,0
441248,0,0
441348,0,0
441448,0,0
441548,0,0
441648,0,0
441748,0,0
441848,0,0
441948,0,0
442048,0,0
442148,0,0
442248,0,0
442348,0,0
442448,0,0
442548,0,0
442648,0,0
442748,0,0
442848,0,0
442948,0,0
443048,0,0
443148,0,0
443248,0,0
443348,0,0
443448,0,0
443548,0,0
443648,0,0
443748,0,0
443847,0,0
443947,0,0
444047,0,0
444147,0,0
444247,0,0
444347,0,0
444447,0,0
444547,0,0
444647,0,0
444747,0,0
444847,0,0
444947,0,0
445047,0,0
445147,0,0
445247,0,0
445347,0,0
445447,0,0
445547,0,0
445647,0,0
445747,0,0
445847,0,0
445947,0,0
446047,0,0
446147,0,0
446247,0,0
446347,0,0
446447,0,0
446547,0,0
446647,0,0
446747,0,0
446847,0,0
446947,0,0
447047,0,0
447147,0,0
447247,0,0
447347,0,0
447447,0,0
447547,0,0
447647,0,0
447747,0,0
447847,0,0
447931,0,0
448031,0,0
448131,0,0
448231,0,0
448331,0,0
448431,0,0
448531,0,0
448631,0,0
448731,0,0
448831,0,0
448931,0,0
449031,0,0
449131,0,0
449231,0,0
449331,0,0
449431,0,0
449531,0,0
449631,0,0
449731,0,0
449831,0,0
449931,0,0
450031,0,0
450131,0,0
450231,0,0
450331,0,0
450431,0,0
450531,0,0
450631,0,0
450731,0,0
450831,0,0
450931,0,0
451031,0,0
451131,0,0
451231,0,0
451331,0,0
451431,0,0
451531,0,0
451631,0,0
451731,0,0
451831,0,0
451931,0,0
452040,0,0
452140,0,0
452240,0,0
452340,0,0
452440,0,0
452540,0,0
452640,0,0
452740,0,0
452840,0,0
452940,0,0
453040,0,0
453140,0,0
453240,0,0
453340,0,0
453440,0,0
453540,0,0
453640,0,0
453740,0,0
453840,0,0
453940,0,0
454040,0,0
454140,0,0
454240,0,0
454340,0,0
454440,0,0
454540,0,0
454640,0,0
454740,0,0
454840,0,0
454940,0,0
455040,0,0
455140,0,0
455240,0,0
455340,0,0
455440,0,0
455540,0,0
455640,0,0
455740,0,0
455840,0,0
455940,0,0
456040,0,0
456140,0,0
456240,0,0
456340,0,0
456440,0,0
456540,0,0
456640,0,0
456740,0,0
456840,0,0
456940,0,0
457040,0,0
457140,0,0
457240,0,0
457340,0,0
457440,0,0
457540,0,0
457640,0,0
457740,0,0
457840,0,0
457940,0,0
458040,0,0
458140,0,0
458240,0,0
458340,0,0
458440,0,0
458540,0,0
458640,0,0
458740,0,0
458840,0,0
458940,0,0
459040,0,0
459140,0,0
459240,0,0
459340,0,0
459440,0,0
459540,0,0
459640,0,0
459740,0,0
459840,0,0
459940,0,0
460040,0,0
460140,0,0
460240,0,0
460340,0,0
460440,0,0
460540,0,0
460640,0,0
460740,0,0
460840,0,0
460940,0,0
461040,0,0
461140,0,0
461240,0,0
461340,0,0
461440,0,0
461540,0,0
461640,0,0
461740,0,0
461840,0,0
461940,0,0
462040,0,0
462140,0,0
462240,0,0
462340,0,0
462440,0,0
462540,0,0
462640,0,0
462740,0,0
462840,0,0
462940,0,0
463040,0,0
463140,0,0
463240,0,0
463340,0,0
463440,0,0
463540,0,0
463640,0,0
463740,0,0
463840,0,0
463940,0,0
464040,0,0
464140,0,0
464240,0,0
464340,0,0
464440,0,0
464540,0,0
464640,0,0
464740,0,0
464840,0,0
464940,0,0
465040,0,0
465140,0,0
465240,0,0
465340,0,0
465440,0,0
465540,0,0
465640,0,0
465740,0,0
465840,0,0
465940,0,0
466040,0,0
466140,0,0
466240,0,0
466340,0,0
466440,0,0
466540,0,0
466640,0,0
466740,0,0
466840,0,0
466940,0,0
467040,0,0
467140,0,0
467240,0,0
467340,0,0
467440,0,0
467540,0,0
467640,0,0
467740,0,0
467840,0,0
467940,0,0
468040,0,0
468140,0,0
468240,0,0
468340,0,0
468440,0,0
468540,0,0
468640,0,0
468740,0,0
468840,0,0
468940,0,0
469040,0,0
469140,0,0
469240,0,0
469340,0,0
469440,0,0
469540,0,0
469640,0,0
469740,0,0
469840,0,0
469940,0,0
470040,0,0
470140,0,0
470240,0,0
470340,0,0
470440,0,0
470540,0,0
470640,0,0
470740,0,0
470840,0,0
470940,0,0
471040,0,0
471140,0,0
471240,0,0
471340,0,0
471440,0,0
471540,0,0
471640,0,0
471740,0,0
471840,0,0
471940,0,0
472031,0,0
472131,0,0
472231,0,0
472331,0,0
472431,0,0
472531,0,0
472631,0,0
472731,0,0
472831,0,0
472931,0,0
473031,0,0
473131,0,0
473231,0,0
473331,0,0
473431,0,0
473531,0,0
473631,0,0
473731,0,0
473831,0,0
473931,0,0
474031,0,0
474131,0,0
474231,0,0
474331,0,0
474431,0,0
474531,0,0
474631,0,0
474731,0,0
474831,0,0
474931,0,0
475031,0,0
475296,0,0
475396,0,1
475496,0,1
475596,0,1
475696,0,1
475796,0,1
475896,0,1
475996,0,1
476096,0,1
476194,0,1
476294,0,1
476394,0,1
476494,0,1
476594,0,1
476694,0,1
476794,0,1
476894,0,1
476994,0,1
477094,0,1
477194,0,1
477294,0,1
477394,0,1
477495,0,1
477595,0,1
477695,0,1
477795,0,1
477895,0,1
477995,0,1
478095,0,1
478195,0,1
478295,0,1
478395,0,1
478495,0,1
478595,0,1
478695,0,1
478795,0,1
478895,0,1
478995,0,1
479095,0,1
479195,0,1
479322,0,0
479422,0,0
479522,0,0
479622,0,0
479722,0,0
479822,0,0
479922,0,0
480022,0,0
480122,0,0
480219,0,0
480319,0,0
480419,0,0
480519,0,0
480619,0,0
480719,0,0
480820,0,0
480920,0,0
481020,0,0
481120,0,0
481220,0,0
481320,0,0
481420,0,0
481520,0,0
481620,0,0
481720,0,0
481820,0,0
481920,0,0
482020,0,0
482120,0,0
482220,0,0
482320,0,0
482420,0,0
482520,0,0
482620,0,0
482720,0,0
482820,0,0
482920,0,0
483020,0,0
483120,0,0
483220,0,0
483320,0,0
483420,0,0
483520,0,0
483620,0,0
483721,0,0
483821,0,0
483921,0,0
484021,0,0
484121,0,0
484219,0,0
484319,0,0
484419,0,0
484519,0,0
484619,0,0
484719,0,0
484819,0,0
484919,0,0
485019,0,0
485119,0,0
485219,0,0
485319,0,0
485419,0,0
485519,0,0
485619,0,0
485719,0,0
485819,0,0
485919,0,0
486019,0,0
486119,0,0
486219,0,0
486319,0,0
486419,0,0
486519,0,0
486620,0,0
486720,0,0
486820,0,0
486920,0,0
487020,0,0
487120,0,0
487220,0,0
487320,0,0
487420,0,0
487520,0,0
487620,0,0
487720,0,0
487820,0,0
487920,0,0
488020,0,0
488120,0,0
488218,0,0
488318,0,0
488418,0,0
488518,0,0
488618,0,0
488718,0,0
488818,0,0
488918,0,0
489018,0,0
489118,0,0
489218,0,0
489318,0,0
489418,0,0
489518,0,0
489618,0,0
489718,0,0
489818,0,0
489918,0,0
490018,0,0
490118,0,0
490218,0,0
490318,0,0
490418,0,0
490518,0,0
490618,0,0
490718,0,0
490818,0,0
490918,0,0
491018,0,0
491118,0,0
491218,0,0
491318,0,0
491418,0,0
491518,0,0
491618,0,0
491718,0,0
491818,0,0
491918,0,0
492018,0,0
492118,0,0
492218,0,0
492318,0,0
492415,0,0
492515,0,0
492615,0,0
492715,0,0
492815,0,0
492915,0,0
493015,0,0
493115,0,0
493215,0,0
493315,0,0
493415,0,0
493515,0,0
493615,0,0
493715,0,0
493815,0,0
493915,0,0
494015,0,0
494115,0,0
494215,0,0
494315,0,0
494415,0,0
494515,0,0
494615,0,0
494715,0,0
494815,0,0
494915,0,0
495015,0,0
495115,0,0
495215,0,0
495315,0,0
495415,0,0
495515,0,0
495615,0,0
495715,0,0
495815,0,0
495915,0,0
496015,0,0
496115,0,0
496215,0,0
496315,0,0
496413,0,0
496513,0,0
496613,0,0
496713,0,0
496813,0,0
496913,0,0
497013,0,0
497113,0,0
497213,0,0
497313,0,0
497413,0,0
497513,0,0
497613,0,0
497713,0,0
497813,0,0
497913,0,0
498013,0,0
498113,0,0
498213,0,0
498313,0,0
498413,0,0
498513,0,0
498613,0,0
498713,0,0
498813,0,0
498913,0,0
499013,0,0
499113,0,0
499213,0,0
499313,0,0
499413,0,0
499513,0,0
499613,0,0
499713,0,0
499813,0,0
499913,0,0
500013,0,0
500113,0,0
500213,0,0
500313,0,0
500411,0,0
500511,0,0
500611,0,0
500711,0,0
500811,0,0
500911,0,0
501011,0,0
501111,0,0
501211,0,0
501311,0,0
501411,0,0
501511,0,0
501611,0,0
501711,0,0
501811,0,0
501911,0,0
502011,0,0
502111,0,0
502211,0,0
502311,0,0
502411,0,0
502511,0,0
502611,0,0
502711,0,0
502811,0,0
502911,0,0
503011,0,0
503111,0,0
503211,0,0
503311,0,0
503411,0,0
503511,0,0
503611,0,0
503711,0,0
503811,0,0
503911,0,0
504011,0,0
504111,0,0
504211,0,0
504311,0,0
504409,0,0
504509,0,0
504609,0,0
504709,0,0
504809,0,0
504909,0,0
505009,0,0
505109,0,0
505209,0,0
505309,0,0
505409,0,0
505509,0,0
505609,0,0
505709,0,0
505809,0,0
505909,0,0
506009,0,0
506109,0,0
506209,0,0
506309,0,0
506409,0,0
506509,0,0
506609,0,0
506709,0,0
506809,0,0
506909,0,0
507009,0,0
507109,0,0
507209,0,0
507309,0,0
507409,0,0
507509,0,0
507609,0,0
507709,0,0
507809,0,0
507909,0,0
508009,0,0
508109,0,0
508209,0,0
508309,0,0
508407,0,0
508507,0,0
508607,0,0
508707,0,0
508807,0,0
508907,0,0
509007,0,0
509107,0,0
509207,0,0
509307,0,0
509407,0,0
509507,0,0
509607,0,0
509707,0,0
509807,0,0
509907,0,0
510007,0,0
510107,0,0
510207,0,0
510307,0,0
510407,0,0
510507,0,0
510607,0,0
510707,0,0
510807,0,0
510907,0,0
511007,0,0
511107,0,0
511207,0,0
511307,0,0
511407,0,0
511507,0,0
511607,0,0
511707,0,0
511807,0,0
511907,0,0
512007,0,0
512107,0,0
512207,0,0
512307,0,0
512407,0,0
512491,0,0
512591,0,0
512691,0,0
512791,0,0
512891,0,0
512991,0,0
513091,0,0
513191,0,0
513291,0,0
513391,0,0
513491,0,0
513591,0,0
513691,0,0
513791,0,0
513891,0,0
513991,0,0
514091,0,0
514191,0,0
514291,0,0
514391,0,0
514491,0,0
514591,0,0
514691,0,0
514791,0,0
514891,0,0
514991,0,0
515091,0,0
515191,0,0
515291,0,0
515391,0,0
515491,0,0
515591,0,0
515691,0,0
515791,0,0
515891,0,0
515991,0,0
516091,0,0
516191,0,0
516291,0,0
516391,0,0
516491,0,0
516591,0,0
516691,0,0
516791,0,0
516891,0,0
516991,0,0
517091,0,0
517191,0,0
517291,0,0
517391,0,0
517491,0,0
517591,0,0
517691,0,0
517791,0,0
517891,0,0
517991,0,0
518091,0,0
518191,0,0
518291,0,0
518391,0,0
518491,0,0
518591,0,0
518691,0,0
518791,0,0
518891,0,0
518991,0,0
519091,0,0
519191,0,0
519291,0,0
519391,0,0
519491,0,0
519591,0,0
519691,0,0
519791,0,0
519891,0,0
519991,0,0
520091,0,0
520191,0,0
520291,0,0
520391,0,0
520491,0,0
520591,0,0
520691,0,0
520791,0,0
520891,0,0
520991,0,0
521091,0,0
521191,0,0
521291,0,0
521391,0,0
521491,0,0
521591,0,0
521691,0,0
521791,0,0
521891,0,0
521991,0,0
522091,0,0
522191,0,0
522291,0,0
522391,0,0
522491,0,0
522591,0,0
522691,0,0
522791,0,0
522891,0,0
522991,0,0
523091,0,0
523191,0,0
523291,0,0
523391,0,0
523491,0,0
523591,0,0
523691,0,0
523791,0,0
523891,0,0
523991,0,0
524091,0,0
524191,0,0
524291,0,0
524391,0,0
524491,0,0
524591,0,0
524691,0,0
524791,0,0
524891,0,0
524991,0,0
525091,0,0
525191,0,0
525291,0,0
525391,0,0
525491,0,0
525591,0,0
525691,0,0
525791,0,0
525891,0,0
525991,0,0
526091,0,0
526191,0,0
526291,0,0
526391,0,0
526491,0,0
526591,0,0
526691,0,0
526791,0,0
526891,0,0
526991,0,0
527091,0,0
527191,0,0
527291,0,0
527391,0,0
527491,0,0
527591,0,0
527691,0,0
527791,0,0
527891,0,0
527991,0,0
528091,0,0
528191,0,0
528291,0,0
528391,0,0
528491,0,0
528591,0,0
528691,0,0
528791,0,0
528891,0,0
528991,0,0
529091,0,0
529191,0,0
529291,0,0
529391,0,0
529491,0,0
529591,0,0
529691,0,0
529791,0,0
529891,0,0
529991,0,0
530091,0,0
530191,0,0
530291,0,0
530391,0,0
530491,0,0
530591,0,0
530691,0,0
530791,0,0
530891,0,0
530991,0,0
531091,0,0
531191,0,0
531291,0,0
531391,0,0
531491,0,0
531591,0,0
531691,0,0
531791,0,0
531891,0,0
531991,0,0
532091,0,0
532191,0,0
532291,0,0
532391,0,0
532491,0,0
532591,0,0
532691,0,0
532791,0,0
532891,0,0
532991,0,0
533091,0,0
533191,0,0
533287,0,0
533387,0,0
533487,0,0
533587,0,0
533687,0,0
533913,0,0
534013,0,1
534113,0,1
534213,0,1
534313,1,2
534413,1,2
534513,1,2
534613,1,2
534713,1,2
534824,1,2
534924,1,2
535024,1,2
535124,1,2
535224,1,2
535324,1,2
535424,1,2
535524,1,2
535624,1,2
535724,1,2
535825,1,2
535925,1,2
536025,1,2
536125,1,2
536225,1,2
536325,1,2
536425,1,2
536525,1,2
536625,1,2
536725,1,2
536825,1,2
536925,1,2
537025,1,2
537125,1,2
537228,1,2
537328,1,2
537428,1,2
537528,1,2
537628,1,2
537728,1,2
537828,1,2
537928,1,2
538028,1,2
538128,1,2
538228,1,2
538328,1,2
538428,1,2
538528,1,2
538628,1,2
538729,1,2
538829,1,2
538929,1,2
539029,1,2
539129,1,2
539229,1,2
539329,1,2
539429,1,2
539529,1,2
539629,1,2
539729,1,2
539829,1,2
539929,1,2
540029,1,2
540129,1,2
540229,1,2
540329,1,2
540429,1,2
540529,1,2
540629,1,2
540729,1,2
540829,1,2
540929,1,2
541029,1,2
541129,1,2
541225,1,2
541325,1,2
541425,1,2
541525,1,2
541626,1,2
541726,1,2
541826,1,2
541926,1,2
542026,1,2
542126,1,2
542226,1,2
542326,1,2
542426,1,2
542526,1,2
542626,1,2
542726,1,2
542838,0,0
542938,0,0
543038,0,0
543138,0,0
543238,0,0
543338,0,0
543438,0,0
543538,0,0
543638,0,0
543738,0,0
543838,0,0
543938,0,0
544038,0,0
544138,0,0
544238,0,0
544338,0,0
544438,0,0
544538,0,0
544638,0,0
544738,0,0
544838,0,0
544938,0,0
545038,0,0
545138,0,0
545239,0,0
545339,0,0
545439,0,0
545539,0,0
545639,0,0
545739,0,0
545839,0,0
545939,0,0
546215,0,0
546315,0,1
546415,0,1
546515,0,1
546615,0,1
546715,0,1
546815,0,1
546915,0,1
547015,0,1
547115,0,1
547215,0,1
547315,0,1
547415,0,1
547515,0,1
547615,0,1
547715,0,1
547815,0,1
547915,0,1
548015,0,1
548115,0,1
548215,0,1
548315,0,1
548415,0,1
548515,0,1
548615,0,1
548715,0,1
548815,0,1
548915,0,1
549015,0,1
549115,0,1
549211,0,1
549311,0,1
549411,0,1
549511,0,1
549611,0,1
549711,0,1
549811,0,1
549911,0,1
550011,0,1
550111,0,1
550211,0,1
550311,0,0
550411,0,0
550511,0,0
550611,0,0
550711,0,0
550811,0,0
550911,0,0
551011,0,0
551111,0,0
551211,0,0
551311,0,0
551411,0,0
551511,0,0
551611,0,0
551711,0,0
551811,0,0
551911,0,0
552011,0,0
552111,0,0
552211,0,0
552311,0,0
552411,0,0
552511,0,0
552611,0,0
552711,0,0
552811,0,0
552911,0,0
553011,0,0
553111,0,0
553209,0,0
553309,0,0
553409,0,0
553509,0,0
553609,0,0
553709,0,0
553809,0,0
553909,0,0
554009,0,0
554109,0,0
554209,0,0
554309,0,0
554409,0,0
554509,0,0
554609,0,0
554709,0,0
554809,0,0
555467,0,0
555567,0,1
555667,0,1
555767,0,1
555867,0,1
555967,0,1
556067,0,1
556167,0,1
556267,0,1
556367,0,1
556467,0,1
556567,0,1
556667,0,1
556768,0,1
556868,0,1
556968,0,1
557068,0,1
557168,0,1
557266,0,1
557366,0,1
557466,0,1
557566,0,1
557666,0,1
557766,0,1
557866,0,1
557966,0,1
558066,0,1
558166,0,1
558266,0,1
558366,0,1
558466,0,1
558566,0,1
558666,0,1
558766,0,1
558866,0,1
558966,0,1
559066,0,1
559166,0,1
559266,0,1
559366,0,1
559493,0,0
559593,0,0
559693,0,0
559793,0,0
559893,0,0
559993,0,0
560094,0,0
560194,0,0
560294,0,0
560394,0,0
560494,0,0
560594,0,0
560694,0,0
560794,0,0
560894,0,0
560994,0,0
561094,0,0
561194,0,0
561292,0,0
561392,0,0
561492,0,0
561592,0,0
561692,0,0
561792,0,0
561892,0,0
561992,0,0
562092,0,0
562192,0,0
562292,0,0
562392,0,0
562492,0,0
562592,0,0
562692,0,0
562792,0,0
562892,0,0
562993,0,0
563093,0,0
563193,0,0
563293,0,0
563393,0,0
563493,0,0
563593,0,0
563693,0,0
563793,0,0
563893,0,0
563993,0,0
564093,0,0
564193,0,0
564293,0,0
564393,0,0
564493,0,0
564593,0,0
564693,0,0
564793,0,0
564893,0,0
564993,0,0
565093,0,0
565193,0,0
565290,0,0
565390,0,0
565490,0,0
565590,0,0
565690,0,0
565790,0,0
565890,0,0
565990,0,0
566090,0,0
566190,0,0
566290,0,0
566390,0,0
566490,0,0
566590,0,0
566690,0,0
566790,0,0
566890,0,0
566990,0,0
567090,0,0
567190,0,0
567290,0,0
567390,0,0
567490,0,0
567590,0,0
567690,0,0
567790,0,0
567890,0,0
567990,0,0
568090,0,0
568190,0,0
568290,0,0
568390,0,0
568490,0,0
568590,0,0
568690,0,0
568790,0,0
568890,0,0
568990,0,0
569090,0,0
569190,0,0
569289,0,0
569389,0,0
569489,0,0
569589,0,0
569689,0,0
569789,0,0
569889,0,0
569989,0,0
570089,0,0
570189,0,0
570289,0,0
570389,0,0
570489,0,0
570589,0,0
570689,0,0
570789,0,0
570889,0,0
570989,0,0
571089,0,0
571189,0,0
571289,0,0
571389,0,0
571489,0,0
571589,0,0
571689,0,0
571789,0,0
571889,0,0
571989,0,0
572089,0,0
572189,0,0
572289,0,0
572389,0,0
572489,0,0
572589,0,0
572689,0,0
572789,0,0
572889,0,0
572989,0,0
573089,0,0
573189,0,0
573286,0,0
573386,0,0
573486,0,0
573586,0,0
573686,0,0
573786,0,0
573886,0,0
573986,0,0
574086,0,0
574186,0,0
574286,0,0
574386,0,0
574486,0,0
574586,0,0
574686,0,0
574786,0,0
574886,0,0
574986,0,0
575086,0,0
575186,0,0
575286,0,0
575386,0,0
575486,0,0
575586,0,0
575686,0,0
575786,0,0
575886,0,0
575986,0,0
576086,0,0
576186,0,0
576286,0,0
576386,0,0
576627,0,0
576727,0,0
576827,0,0
576927,0,0
577027,0,0
577127,0,0
577227,0,0
577327,0,0
577427,0,0
577527,0,0
577627,0,0
577727,0,0
577827,0,0
577927,0,0
578027,0,0
578127,0,0
578227,0,0
578327,0,0
578427,0,0
578527,0,0
578627,0,0
578727,0,0
578827,0,0
578927,0,0
579027,0,0
579127,0,0
579227,0,0
579328,0,0
579428,0,0
579528,0,0
579628,0,0
579728,0,0
579828,0,0
579928,0,0
580028,0,0
580128,0,0
580228,0,0
580328,0,0
580428,0,0
580528,0,0
580628,0,0
580728,0,0
580828,0,0
580928,0,0
581028,0,0
581128,0,0
581228,0,0
581328,0,0
581428,0,0
581528,0,0
581628,0,0
581728,0,0
581828,0,0
581928,0,0
582028,0,0
582128,0,0
582229,0,0
582329,0,0
582429,0,0
582529,0,0
582629,0,0
582729,0,0
582829,0,0
582929,0,0
583029,0,0
583129,0,0
583229,0,0
583329,0,0
583429,0,0
583529,0,0
583629,0,0
583729,0,0
583829,0,0
583929,0,0
584029,0,0
584129,0,0
584229,0,0
584329,0,0
584429,0,0
584529,0,0
584629,0,0
584729,0,0
584829,0,0
584929,0,0
585029,0,0
585130,0,0
585230,0,0
585330,0,0
585430,0,0
585530,0,0
585630,0,0
585730,0,0
585830,0,0
585930,0,0
586030,0,0
586130,0,0
586230,0,0
586330,0,0
586430,0,0
586530,0,0
586630,0,0
586730,0,0
586830,0,0
586930,0,0
587030,0,0
587130,0,0
587230,0,0
587330,0,0
587430,0,0
587530,0,0
587630,0,0
587730,0,0
587830,0,0
587930,0,0
588030,0,0
588130,0,0
588230,0,0
588330,0,0
588430,0,0
588530,0,0
588630,0,0
588730,0,0
588830,0,0
588930,0,0
589030,0,0
589130,0,0
589230,0,0
589330,0,0
589430,0,0
589530,0,0
589630,0,0
589730,0,0
589830,0,0
589930,0,0
590030,0,0
590130,0,0
590230,0,0
590330,0,0
590430,0,0
590530,0,0
590630,0,0
590730,0,0
590830,0,0
590930,0,0
591030,0,0
591130,0,0
591230,0,0
591330,0,0
591430,0,0
591530,0,0
591630,0,0
591730,0,0
591830,0,0
591930,0,0
592030,0,0
592130,0,0
592230,0,0
592330,0,0
592430,0,0
592530,0,0
592630,0,0
592730,0,0
592830,0,0
592930,0,0
593030,0,0
593130,0,0
593230,0,0
593330,0,0
593430,0,0
593530,0,0
593630,0,0
593730,0,0
593830,0,0
593930,0,0
594030,0,0
594130,0,0
594230,0,0
