p:4000,20000,6000,600,8000,4000,2000,8000,70
16233,packet,1,0,0,1,57,8000
16271,event,0,0
16285,action,0,0
16343,packet,0,0,1,1
16386,packetAck,1
20368,event,2,1
20382,action,1,1
20963,packet,1,0,0,1,58,8000
21001,event,0,0
21015,action,0,0
21146,packet,0,0,1,1
21188,packetAck,1
25172,event,2,1
25186,action,1,1
73946,packet,1,0,0,1,51,8000
73982,event,0,0
73998,action,0,0
74231,packet,0,0,1,1
74273,packetAck,1
78271,event,2,1
78301,action,1,1
78514,packet,1,0,0,1,53,8000
78552,event,0,0
78571,action,0,0
78930,packet,0,0,1,1
78972,packetAck,1
82950,event,2,1
82964,action,1,1
83231,packet,1,0,0,1,53,8000
83269,event,0,0
83284,action,0,0
83444,packet,0,0,1,1
83486,packetAck,1
83967,packet,1,0,2,5,52,8000
83982,event,3,1
83997,action,2,1
86038,event,4,2
86052,action,1,2
88072,packet,1,0,0,1,53,8000
88110,event,0,0
88124,action,0,0
88327,packet,0,0,1,1
88384,packetAck,1
92367,event,2,1
92382,action,1,1
93080,packet,1,0,0,1,53,8000
93118,event,0,0
93132,action,0,0
93628,packet,0,0,1,1
93652,packetAck,1
97654,event,2,1
97668,action,1,1
101212,packet,1,0,0,1,53,8000
101250,event,0,0
101265,action,0,0
101617,packet,0,0,1,1
101659,packetAck,1
105657,event,2,1
105671,action,1,1
105890,packet,1,0,0,1,52,8000
105928,event,0,0
105942,action,0,0
105999,packet,0,0,1,1
106069,packetAck,1
106420,packet,1,0,2,5,53,8000
106435,event,3,1
106450,action,2,1
108479,event,4,2
108494,action,1,2
110524,packet,1,0,0,1,52,8000
110562,event,0,0
110577,action,0,0
110922,packet,0,0,1,1
110968,packetAck,1
114953,event,2,1
114967,action,1,1
129812,packet,1,0,0,1,66,8000
134715,packet,1,0,0,1,65,8000
139476,packet,1,0,0,1,65,8000
186384,packet,1,0,0,1,63,8000
186422,event,0,0
186437,action,0,0
186641,packet,0,0,1,1
186693,packetAck,1
190674,event,2,1
190688,action,1,1
243007,packet,1,0,0,1,56,8000
243045,event,0,0
243059,action,0,0
243264,packet,0,0,1,1
243306,packetAck,1
247288,event,2,1
247302,action,1,1
299673,packet,1,0,0,1,51,8000
299711,event,0,0
299726,action,0,0
299814,packet,0,0,1,1
299856,packetAck,1
300190,packet,1,0,2,5,51,8000
300207,event,3,1
300221,action,2,1
302235,event,4,2
302249,action,1,2
304277,packet,1,0,0,1,51,8000
304331,event,0,0
304346,action,0,0
304773,packet,0,0,1,1
304815,packetAck,1
308803,event,2,1
308818,action,1,1
308871,packet,1,0,0,1,51,8000
308909,event,0,0
308924,action,0,0
309039,packet,0,0,1,1
309081,packetAck,1
313053,event,2,1
313079,action,1,1
313818,packet,1,0,0,1,51,8000
313856,event,0,0
313870,action,0,0
313899,packet,0,0,1,1
313950,packetAck,1
317945,event,2,1
317959,action,1,1
358596,packet,1,0,0,1,54,8000
358634,event,0,0
358648,action,0,0
359089,packet,0,0,1,1
359148,packetAck,1
363115,event,2,1
363129,action,1,1
363379,packet,1,0,0,1,51,8000
363417,event,0,0
363431,action,0,0
363579,packet,0,0,1,1
363442,packetAck,1
363952,packet,1,0,2,5,52,8000
363967,event,3,1
363981,action,2,1
365996,event,4,2
366010,action,1,2
368234,packet,1,0,0,1,52,8000
368272,event,0,0
368286,action,0,0
368588,packet,0,0,1,1
368630,packetAck,1
372628,event,2,1
372642,action,1,1
376358,packet,1,0,0,1,52,8000
376396,event,0,0
376411,action,0,0
376622,packet,0,0,1,1
376665,packetAck,1
380647,event,2,1
380661,action,1,1
384498,packet,1,0,0,1,52,8000
384547,event,0,0
384563,action,0,0
384762,packet,0,0,1,1
384803,packetAck,1
388785,event,2,1
388799,action,1,1
389254,packet,1,0,0,1,51,8000
389292,event,0,0
389306,action,0,0
389683,packet,0,0,1,1
389725,packetAck,1
393709,event,2,1
393728,action,1,1
416056,packet,1,0,0,1,59,8000
416094,event,0,0
416109,action,0,0
416383,packet,0,0,1,1
416425,packetAck,1
420409,event,2,1
420424,action,1,1
420693,packet,1,0,0,1,59,8000
420730,event,0,0
420744,action,0,0
420982,packet,0,0,1,1
421041,packetAck,1
425007,event,2,1
425021,action,1,1
428821,packet,1,0,0,1,59,8000
428859,event,0,0
428873,action,0,0
429119,packet,0,0,1,1
429161,packetAck,1
429509,packet,1,0,2,5,61,8000
429524,event,1,1
429550,action,1,1
432888,packet,1,0,0,1,60,8000
432930,event,0,0
432944,action,0,0
433192,packet,0,0,1,1
433246,packetAck,1
437229,event,2,1
437243,action,1,1
441722,packet,1,0,0,1,62,8000
441759,event,0,0
441773,action,0,0
441789,packet,0,0,1,1
441854,packetAck,1
445837,event,2,1
445851,action,1,1
449852,packet,1,0,0,1,63,8000
449889,event,0,0
449903,action,0,0
450267,packet,0,0,1,1
450309,packetAck,1
454273,event,2,1
454288,action,1,1
475099,packet,1,0,0,1,47,8000
475137,event,0,0
475151,action,0,0
475634,packet,0,0,1,1
475680,packetAck,1
479649,event,2,1
479663,action,1,1
533643,packet,1,0,0,1,50,8000
533682,event,0,0
533696,action,0,0
534177,packet,0,0,1,1
534220,packetAck,1
538204,event,2,1
538218,action,1,1
541977,packet,1,0,0,1,50,8000
542015,event,0,0
542031,action,0,0
542445,packet,0,0,1,1
542487,packetAck,1
542838,packet,1,0,2,5,51,8000
542853,event,3,1
542868,action,2,1
542956,packet,1,0,2,5,51,8000
542973,event,1,2
543026,packet,1,0,2,5,51,8000
543042,event,1,2
551038,event,4,2
551056,action,1,2
554176,packet,1,0,0,1,51,8000
554215,event,0,0
554230,action,0,0
554273,packet,0,0,1,1
554315,packetAck,1
558287,event,2,1
558301,action,1,1
558462,packet,1,0,0,1,51,8000
558500,event,0,0
558515,action,0,0
558962,packet,0,0,1,1
559004,packetAck,1
562987,event,2,1
563002,action,1,1
