p:4000,20000,6000,600,8000,4000,2000,8000,70
16224,packet,1,0,0,1,58,8000
16262,event,0,0
16276,action,0,0
16712,packet,0,0,1,1
16754,packetAck,1
20738,event,2,1
20752,action,1,1
20968,packet,1,0,0,1,57,8000
21006,event,0,0
21020,action,0,0
21081,packet,0,0,1,1
21123,packetAck,1
21463,packet,1,0,2,5,56,8000
21478,event,3,1
21492,action,2,1
21872,packet,1,0,2,5,57,8000
21903,event,1,2
21944,packet,1,0,2,5,58,8000
21959,event,1,2
26003,packet,1,0,2,5,56,8000
26020,event,1,2
30084,packet,1,0,2,5,59,8000
30104,event,1,2
34156,packet,1,0,2,5,62,8000
34172,event,1,2
38226,packet,1,0,2,5,60,8000
38242,event,1,2
42297,packet,1,0,2,5,59,8000
42325,event,1,2
46568,packet,1,0,2,5,59,8000
46584,event,1,2
50629,packet,1,0,2,5,59,8000
50644,event,1,2
54697,packet,1,0,2,5,59,8000
54712,event,1,2
62712,event,4,2
62726,action,1,2
73876,packet,1,0,0,1,48,8000
73914,event,0,0
73928,action,0,0
74302,packet,0,0,1,1
74344,packetAck,1
78339,event,2,1
78353,action,1,1
78605,packet,1,0,0,1,49,8000
78647,event,0,0
78662,action,0,0
78840,packet,0,0,1,1
78882,packetAck,1
79227,packet,1,0,2,5,48,8000
79244,event,3,1
79258,action,2,1
79717,packet,1,0,2,5,48,8000
79732,event,1,2
79788,packet,1,0,2,5,48,8000
79804,event,1,2
87792,event,4,2
87807,action,1,2
90804,packet,1,0,0,1,48,8000
90842,event,0,0
90856,action,0,0
90912,packet,0,0,1,1
90955,packetAck,1
94945,event,2,1
94959,action,1,1
99463,packet,1,0,0,1,48,8000
99501,event,0,0
99515,action,0,0
99676,packet,0,0,1,1
99719,packetAck,1
100066,packet,1,0,2,5,48,8000
100082,event,3,1
100097,action,2,1
102132,event,4,2
102147,action,1,2
104170,packet,1,0,0,1,48,8000
104208,event,0,0
104222,action,0,0
104489,packet,0,0,1,1
104531,packetAck,1
108514,event,2,1
108528,action,1,1
108900,packet,1,0,0,1,48,8000
108938,event,0,0
108953,action,0,0
108975,packet,0,0,1,1
109033,packetAck,1
113014,event,2,1
113028,action,1,1
129861,packet,1,0,0,1,71,8000
186382,packet,1,0,0,1,60,8000
186420,event,0,0
186435,action,0,0
186595,packet,0,0,1,1
186637,packetAck,1
187010,packet,1,0,2,5,61,8000
187025,event,3,1
187040,action,2,1
189054,event,4,2
189080,action,1,2
191110,packet,1,0,0,1,60,8000
191148,event,0,0
191162,action,0,0
191214,packet,0,0,1,1
191256,packetAck,1
195239,event,2,1
195253,action,1,1
196000,packet,1,0,0,1,61,8000
196047,event,0,0
196061,action,0,0
196172,packet,0,0,1,1
196214,packetAck,1
200198,event,2,1
200213,action,1,1
243022,packet,1,0,0,1,70,8000
299765,packet,1,0,0,1,53,8000
299803,event,0,0
299823,action,0,0
299965,packet,0,0,1,1
300007,packetAck,1
303991,event,2,1
304006,action,1,1
304561,packet,1,0,0,1,53,8000
304599,event,0,0
304613,action,0,0
304804,packet,0,0,1,1
304846,packetAck,1
305375,packet,1,0,2,5,53,8000
305390,event,3,1
305404,action,2,1
307419,event,4,2
307433,action,1,2
309472,packet,1,0,0,1,53,8000
309510,event,0,0
309524,action,0,0
309665,packet,0,0,1,1
309708,packetAck,1
313690,event,2,1
313704,action,1,1
358516,packet,1,0,0,1,52,8000
358554,event,0,0
358572,action,0,0
358726,packet,0,0,1,1
358769,packetAck,1
359103,packet,1,0,2,5,52,8000
359119,event,3,1
359133,action,2,1
361147,event,4,2
361161,action,1,2
363202,packet,1,0,0,1,52,8000
363240,event,0,0
363254,action,0,0
363676,packet,0,0,1,1
363714,packetAck,1
367696,event,2,1
367711,action,1,1
371505,packet,1,0,0,1,51,8000
371543,event,0,0
371557,action,0,0
372014,packet,0,0,1,1
371712,packetAck,1
376052,event,2,1
376067,action,1,1
379838,packet,1,0,0,1,52,8000
379876,event,0,0
379912,action,0,0
380172,packet,0,0,1,1
379854,packetAck,1
384126,event,2,1
384139,action,1,1
393892,packet,1,0,0,1,52,8000
393928,event,0,0
393943,action,0,0
394270,packet,0,0,1,1
394312,packetAck,1
395166,packet,1,0,2,5,52,8000
395182,event,1,1
395196,action,1,1
416181,packet,1,0,0,1,52,8000
416218,event,0,0
416233,action,0,0
416732,packet,0,0,1,1
416774,packetAck,1
420771,event,2,1
420785,action,1,1
420856,packet,1,0,0,1,53,8000
420894,event,0,0
420908,action,0,0
421108,packet,0,0,1,1
421154,packetAck,1
425138,event,2,1
425152,action,1,1
425505,packet,1,0,0,1,54,8000
425542,event,0,0
425556,action,0,0
425862,packet,0,0,1,1
425904,packetAck,1
426253,packet,1,0,2,5,54,8000
426269,event,3,1
426283,action,2,1
428294,event,4,2
428309,action,1,2
430354,packet,1,0,0,1,58,8000
430392,event,0,0
430406,action,0,0
430535,packet,0,0,1,1
430577,packetAck,1
434575,event,2,1
434589,action,1,1
438587,packet,1,0,0,1,58,8000
438625,event,0,0
438639,action,0,0
438828,packet,0,0,1,1
438874,packetAck,1
442857,event,2,1
442871,action,1,1
446893,packet,1,0,0,1,59,8000
446931,event,0,0
446946,action,0,0
447166,packet,0,0,1,1
447208,packetAck,1
451203,event,2,1
451217,action,1,1
451493,packet,1,0,0,1,59,8000
451531,event,0,0
451546,action,0,0
451904,packet,0,0,1,1
451947,packetAck,1
455929,event,2,1
455944,action,1,1
471990,packet,1,0,0,1,47,8000
472028,event,0,0
472043,action,0,0
472093,packet,0,0,1,1
472100,packetAck,1
472433,packet,1,0,2,5,47,8000
472454,event,3,1
472468,action,2,1
474483,event,4,2
474497,action,1,2
476661,packet,1,0,0,1,47,8000
476698,event,0,0
476731,action,0,0
476864,packet,0,0,1,1
476906,packetAck,1
480866,event,2,1
480880,action,1,1
480895,packet,1,0,0,1,47,8000
480932,event,0,0
480948,action,0,0
481187,packet,0,0,1,1
481230,packetAck,1
485236,event,2,1
485250,action,1,1
485957,packet,1,0,0,1,47,8000
485994,event,0,0
486009,action,0,0
486285,packet,0,0,1,1
486331,packetAck,1
490309,event,2,1
490323,action,1,1
533727,packet,1,0,0,1,48,8000
533765,event,0,0
533780,action,0,0
533907,packet,0,0,1,1
533949,packetAck,1
537945,event,2,1
537959,action,1,1
541886,packet,1,0,0,1,50,8000
541924,event,0,0
541938,action,0,0
542131,packet,0,0,1,1
542177,packetAck,1
542518,packet,1,0,2,5,50,8000
542534,event,3,1
542549,action,2,1
542927,packet,1,0,2,5,50,8000
542960,event,1,2
542998,packet,1,0,2,5,50,8000
543015,event,1,2
547069,packet,1,0,2,5,50,8000
547084,event,1,2
551326,packet,1,0,2,5,50,8000
551357,event,1,2
555412,packet,1,0,2,5,50,8000
555429,event,1,2
559475,packet,1,0,2,5,50,8000
559490,event,1,2
563546,packet,1,0,2,5,50,8000
563562,event,1,2
567615,packet,1,0,2,5,50,8000
567631,event,1,2
571679,packet,1,0,2,5,50,8000
571694,event,1,2
579692,event,4,2
579706,action,1,2
