p:4000,20000,6000,600,8000,4000,2000,8000,70
15078,0,0
15178,0,0
15278,0,0
15378,0,0
15478,0,0
15578,0,0
15678,0,0
15778,0,0
15878,0,0
15978,0,0
16078,0,0
16178,0,0
16278,0,0
16899,0,0
16999,0,1
17099,0,1
17199,0,1
17299,0,1
17399,0,1
17499,0,1
17599,0,1
17699,0,1
17799,0,1
17899,0,1
17999,0,1
18099,0,1
18199,0,1
18300,0,1
18400,0,1
18500,0,1
18600,0,1
18700,0,1
18800,0,1
18900,0,1
19000,0,1
19091,0,1
19191,0,1
19291,0,1
19391,0,1
19491,0,1
19591,0,1
19691,0,1
19791,0,1
19891,0,1
19991,0,1
20091,0,1
20191,0,1
20291,0,1
20391,0,1
20491,0,1
20591,0,1
20691,0,1
20791,0,1
20919,0,0
21485,0,0
21585,0,1
21685,0,1
21785,0,1
21885,0,1
21985,0,1
22085,0,1
22185,0,1
22285,0,1
22385,0,1
22485,0,1
22585,0,1
22685,0,1
22785,0,1
22885,0,1
22985,0,1
23089,0,1
23189,0,1
23289,0,1
23389,0,1
23489,0,1
23589,0,1
23689,0,1
23789,0,1
23889,0,1
23989,0,1
24089,0,1
24189,0,1
24289,0,1
24389,0,1
24489,0,1
24589,0,1
24689,0,1
24789,0,1
24889,0,1
24989,0,1
25089,0,1
25189,0,1
25289,0,1
25389,0,1
25518,0,0
25618,0,0
25719,0,0
25819,0,0
26002,0,0
26103,0,1
26203,0,1
26303,0,1
26416,0,1
26516,1,2
26616,1,2
26716,1,2
26816,1,2
26916,1,2
27016,1,2
27106,1,2
27206,1,2
27306,1,2
27406,1,2
27506,1,2
27606,1,2
27706,1,2
27806,1,2
27906,1,2
28006,1,2
28106,1,2
28206,1,2
28306,1,2
28406,1,2
28506,1,2
28606,1,2
28706,1,2
28806,1,2
28906,1,2
29006,1,2
29106,1,2
29207,1,2
29307,1,2
29407,1,2
29507,1,2
29607,1,2
29707,1,2
29807,1,2
29907,1,2
30007,1,2
30107,1,2
30207,1,2
30307,1,2
30407,1,2
30507,1,2
30607,1,2
30707,1,2
30807,1,2
30907,1,2
31007,1,2
31106,1,2
31206,1,2
31306,1,2
31406,1,2
31506,1,2
31606,1,2
31706,1,2
31806,1,2
31906,1,2
32006,1,2
32106,1,2
32206,1,2
32306,1,2
32406,1,2
32506,1,2
32606,1,2
32706,1,2
32806,1,2
32906,1,2
33006,1,2
33106,1,2
33206,1,2
33306,1,2
33406,1,2
33506,1,2
33606,1,2
33706,1,2
33806,1,2
33906,1,2
34006,1,2
34106,1,2
34206,1,2
34306,1,2
34406,1,2
34506,1,2
34606,1,2
34706,1,2
34806,1,2
34906,1,2
35018,1,2
35122,1,2
35222,1,2
35322,1,2
35422,1,2
35522,1,2
35622,1,2
35722,1,2
35822,1,2
35922,1,2
36022,1,2
36122,1,2
36222,1,2
36322,1,2
36422,1,2
36522,1,2
36622,1,2
36722,1,2
36822,1,2
36922,1,2
37022,1,2
37122,1,2
37222,1,2
37322,1,2
37422,1,2
37522,1,2
37622,1,2
37722,1,2
37822,1,2
37922,1,2
38022,1,2
38122,1,2
38222,1,2
38322,1,2
38422,1,2
38522,1,2
38622,1,2
38722,1,2
38822,1,2
38922,1,2
39022,1,2
39103,1,2
39203,1,2
39303,1,2
39403,1,2
39503,1,2
39603,1,2
39703,1,2
39803,1,2
39903,1,2
40003,1,2
40103,1,2
40203,1,2
40303,1,2
40403,1,2
40503,1,2
40603,1,2
40703,1,2
40803,1,2
40903,1,2
41003,1,2
41103,1,2
41203,1,2
41303,1,2
41403,1,2
41503,1,2
41603,1,2
41703,1,2
41803,1,2
41903,1,2
42003,1,2
42103,1,2
42203,1,2
42303,1,2
42403,1,2
42503,1,2
42603,1,2
42703,1,2
42803,1,2
42903,1,2
43003,1,2
43118,1,2
43218,1,2
43318,1,2
43418,1,2
43518,1,2
43618,1,2
43718,1,2
43818,1,2
43918,1,2
44018,1,2
44118,1,2
44218,1,2
44318,1,2
44418,1,2
44518,1,2
44618,1,2
44718,1,2
44818,1,2
44918,1,2
45018,1,2
45118,1,2
45218,1,2
45318,1,2
45418,1,2
45518,1,2
45618,1,2
45718,1,2
45818,1,2
45918,1,2
46018,1,2
46118,1,2
46218,1,2
46318,1,2
46418,1,2
46518,1,2
46618,1,2
46718,1,2
46818,1,2
46918,1,2
47018,1,2
47115,1,2
47215,1,2
47315,1,2
47415,1,2
47515,1,2
47615,1,2
47715,1,2
47815,1,2
47915,1,2
48015,1,2
48115,1,2
48215,1,2
48315,1,2
48415,1,2
48515,1,2
48615,1,2
48715,1,2
48815,1,2
48915,1,2
49015,1,2
49115,1,2
49215,1,2
49315,1,2
49415,1,2
49515,1,2
49615,1,2
49715,1,2
49815,1,2
49915,1,2
50015,1,2
50115,1,2
50215,1,2
50315,1,2
50415,1,2
50515,1,2
50615,1,2
50715,1,2
50815,1,2
50915,1,2
51015,1,2
51114,1,2
51214,1,2
51317,1,2
51417,1,2
51517,1,2
51617,1,2
51717,1,2
51817,1,2
51917,1,2
52017,1,2
52117,1,2
52217,1,2
52317,1,2
52417,1,2
52517,1,2
52617,1,2
52717,1,2
52817,1,2
52917,1,2
53017,1,2
53117,1,2
53217,1,2
53317,1,2
53417,1,2
53517,1,2
53617,1,2
53717,1,2
53817,1,2
53917,1,2
54017,1,2
54117,1,2
54217,1,2
54317,1,2
54418,1,2
54518,1,2
54618,1,2
54718,1,2
54818,1,2
54918,1,2
55018,1,2
55118,1,2
55218,1,2
55318,1,2
55418,1,2
55518,1,2
55618,1,2
55718,1,2
55818,1,2
55918,1,2
56018,1,2
56118,1,2
56218,1,2
56318,1,2
56418,1,2
56518,1,2
56618,1,2
56718,1,2
56818,1,2
56918,1,2
57018,1,2
57118,1,2
57218,1,2
57318,1,2
57418,1,2
57518,1,2
57618,1,2
57718,1,2
57818,1,2
57918,1,2
58018,1,2
58118,1,2
58218,1,2
58318,1,2
58418,1,2
58518,1,2
58618,1,2
58718,1,2
58818,1,2
58918,1,2
59018,1,2
59118,1,2
59218,1,2
59331,0,0
59431,0,0
59531,0,0
59631,0,0
59731,0,0
59831,0,0
59931,0,0
60031,0,0
60131,0,0
60231,0,0
60331,0,0
60431,0,0
60531,0,0
60631,0,0
60731,0,0
60831,0,0
60931,0,0
61032,0,0
61132,0,0
61232,0,0
61332,0,0
61432,0,0
61532,0,0
61632,0,0
61732,0,0
61832,0,0
61932,0,0
62032,0,0
62132,0,0
62232,0,0
62332,0,0
62432,0,0
62532,0,0
62632,0,0
62732,0,0
62832,0,0
62932,0,0
63032,0,0
63132,0,0
63232,0,0
63332,0,0
63432,0,0
63532,0,0
63632,0,0
63732,0,0
63832,0,0
63933,0,0
64033,0,0
64133,0,0
64233,0,0
64333,0,0
64433,0,0
64533,0,0
64633,0,0
64733,0,0
64833,0,0
64933,0,0
65033,0,0
65133,0,0
65233,0,0
65333,0,0
65433,0,0
65533,0,0
65633,0,0
65733,0,0
65833,0,0
65933,0,0
66033,0,0
66133,0,0
66233,0,0
66333,0,0
66433,0,0
66533,0,0
66633,0,0
66733,0,0
66834,0,0
66934,0,0
67034,0,0
67134,0,0
67234,0,0
67334,0,0
67434,0,0
67534,0,0
67634,0,0
67734,0,0
67834,0,0
67934,0,0
68034,0,0
68134,0,0
68234,0,0
68334,0,0
68434,0,0
68534,0,0
68634,0,0
68734,0,0
68834,0,0
68934,0,0
69034,0,0
69134,0,0
69234,0,0
69334,0,0
69434,0,0
69534,0,0
69634,0,0
69734,0,0
69834,0,0
69934,0,0
70034,0,0
70134,0,0
70234,0,0
70334,0,0
70434,0,0
70534,0,0
70634,0,0
70734,0,0
70834,0,0
70934,0,0
71034,0,0
71134,0,0
71234,0,0
71334,0,0
71434,0,0
71534,0,0
71634,0,0
71734,0,0
71834,0,0
71934,0,0
72034,0,0
72134,0,0
72234,0,0
72334,0,0
72434,0,0
72534,0,0
72634,0,0
72734,0,0
72834,0,0
72934,0,0
73034,0,0
73134,0,0
73234,0,0
73334,0,0
73434,0,0
73534,0,0
73621,0,0
73721,0,0
73821,0,0
73921,0,0
74021,0,0
74234,0,0
74334,0,1
74434,0,1
74534,0,1
74642,0,1
74742,1,2
74843,1,2
74943,1,2
75043,1,2
75143,1,2
75243,1,2
75343,1,2
75443,1,2
75543,1,2
75643,1,2
75743,1,2
75843,1,2
75943,1,2
76043,1,2
76143,1,2
76243,1,2
76343,1,2
76443,1,2
76543,1,2
76670,0,0
76770,0,0
76870,0,0
76970,0,0
77070,0,0
77170,0,0
77270,0,0
77370,0,0
77470,0,0
77568,0,0
77668,0,0
77768,0,0
77868,0,0
77968,0,0
78068,0,0
78169,0,0
78269,0,0
78369,0,0
78469,0,0
78569,0,0
78669,0,0
79237,0,0
79337,0,1
79437,0,1
79537,0,1
79637,0,1
79737,0,1
79837,0,1
79937,0,1
80037,0,1
80137,0,1
80237,0,1
80337,0,1
80437,0,1
80537,0,1
80637,0,1
80737,0,1
80837,0,1
80937,0,1
81037,0,1
81137,0,1
81237,0,1
81337,0,1
81437,0,1
81537,0,1
81627,0,1
81727,0,1
81828,0,1
81928,0,1
82028,0,1
82128,0,1
82228,0,1
82328,0,1
82428,0,1
82528,0,1
82628,0,1
82728,0,1
82828,0,1
82928,0,1
83028,0,1
83128,0,1
83271,0,0
83371,0,0
83571,0,0
83671,0,1
83771,0,1
83871,0,1
83971,0,1
84071,0,1
84171,0,1
84271,0,1
84371,0,1
84471,0,1
84571,0,1
84671,0,1
84772,0,1
84872,0,1
84972,0,1
85072,0,1
85172,0,1
85272,0,1
85372,0,1
85472,0,1
85577,0,1
85677,0,1
85777,0,1
85877,0,1
85977,0,1
86077,0,1
86177,0,1
86277,0,1
86377,0,1
86477,0,1
86577,0,1
86677,0,1
86777,0,1
86877,0,1
86977,0,1
87077,0,1
87177,0,1
87277,0,1
87377,0,1
87477,0,1
87605,0,0
87705,0,0
87806,0,0
87906,0,0
88006,0,0
88106,0,0
88206,0,0
88364,0,0
88464,0,1
88564,0,1
88664,0,1
88764,0,1
88864,0,1
88964,0,1
89064,0,1
89164,0,1
89264,0,1
89364,0,1
89464,0,1
89562,0,1
89662,0,1
89762,0,1
89862,0,1
89962,0,1
90062,0,1
90162,0,1
90262,0,1
90362,0,1
90462,0,1
90562,0,1
90663,0,1
90763,0,1
90863,0,1
90963,0,1
91063,0,1
91163,0,1
91263,0,1
91363,0,1
91463,0,1
91563,0,1
91663,0,1
91763,0,1
91863,0,1
91963,0,1
92063,0,1
92163,0,1
92263,0,1
92396,0,0
92495,0,0
92595,0,0
92695,0,0
92796,0,0
92896,0,0
92996,0,0
93096,0,0
93196,0,0
93296,0,0
93396,0,0
93496,0,0
93594,0,0
93694,0,0
93794,0,0
93894,0,0
93994,0,0
94094,0,0
94194,0,0
94294,0,0
94394,0,0
94494,0,0
94594,0,0
94694,0,0
94794,0,0
94894,0,0
94994,0,0
95094,0,0
95194,0,0
95294,0,0
95394,0,0
95494,0,0
95594,0,0
95694,0,0
95794,0,0
95894,0,0
95994,0,0
96094,0,0
96194,0,0
96294,0,0
96394,0,0
96494,0,0
96898,0,0
96998,0,1
97098,0,1
97198,0,1
97313,0,1
97413,1,2
97513,1,2
97609,1,2
97709,1,2
97809,1,2
97910,1,2
98010,1,2
98110,1,2
98210,1,2
98310,1,2
98410,1,2
98510,1,2
98610,1,2
98710,1,2
98810,1,2
98910,1,2
99010,1,2
99110,1,2
99210,1,2
99338,0,0
99438,0,0
99538,0,0
99638,0,0
99738,0,0
99838,0,0
99938,0,0
100038,0,0
100138,0,0
100238,0,0
100338,0,0
100438,0,0
100538,0,0
100638,0,0
100738,0,0
100838,0,0
100938,0,0
101038,0,0
101138,0,0
101238,0,0
101338,0,0
101801,0,0
101687,0,1
101787,0,1
101887,0,1
101987,0,1
102087,0,1
102187,0,1
102287,0,1
102387,0,1
102487,0,1
102587,0,1
102688,0,1
102788,0,1
102888,0,1
102988,0,1
103088,0,1
103188,0,1
103288,0,1
103388,0,1
103488,0,1
103588,0,1
103688,0,1
103788,0,1
103888,0,1
103988,0,1
104088,0,1
104188,0,1
104288,0,1
104388,0,1
104488,0,1
104588,0,1
104688,0,1
104788,0,1
104888,0,1
104988,0,1
105088,0,1
105188,0,1
105288,0,1
105388,0,1
105688,0,1
105816,0,0
105916,0,0
106016,0,0
106116,0,0
106216,0,0
106691,0,0
106791,0,1
106891,0,1
106991,0,1
107091,0,1
107191,0,1
107291,0,1
107391,0,1
107491,0,1
107591,0,1
107691,0,1
107791,0,1
107891,0,1
107991,0,1
108091,0,1
108191,0,1
108291,0,1
108392,0,1
108492,0,1
108592,0,1
108692,0,1
108792,0,1
108892,0,1
108992,0,1
109092,0,1
109192,0,1
109292,0,1
109392,0,1
109492,0,1
109592,0,1
109688,0,1
109788,0,1
109888,0,1
109988,0,1
110088,0,1
110188,0,1
110288,0,1
110388,0,1
110488,0,1
110588,0,1
110716,0,0
110816,0,0
110916,0,0
111016,0,0
111116,0,0
111216,0,0
111316,0,0
111416,0,0
111516,0,0
111616,0,0
111716,0,0
111816,0,0
111916,0,0
112016,0,0
112116,0,0
112216,0,0
112316,0,0
112416,0,0
112516,0,0
112616,0,0
112716,0,0
112816,0,0
112916,0,0
113016,0,0
113116,0,0
113216,0,0
113316,0,0
113416,0,0
113516,0,0
113616,0,0
113716,0,0
113816,0,0
113916,0,0
114016,0,0
114116,0,0
114216,0,0
114316,0,0
114416,0,0
114516,0,0
114616,0,0
114716,0,0
114816,0,0
114916,0,0
115016,0,0
115116,0,0
115216,0,0
115316,0,0
115416,0,0
115516,0,0
115616,0,0
115716,0,0
115816,0,0
115916,0,0
116016,0,0
116116,0,0
116216,0,0
116316,0,0
116416,0,0
116516,0,0
116616,0,0
116716,0,0
116816,0,0
116916,0,0
117016,0,0
117116,0,0
117216,0,0
117316,0,0
117416,0,0
117516,0,0
117616,0,0
117716,0,0
117816,0,0
117916,0,0
118016,0,0
118116,0,0
118216,0,0
118316,0,0
118416,0,0
118516,0,0
118616,0,0
118716,0,0
118816,0,0
118916,0,0
119016,0,0
119116,0,0
119216,0,0
119316,0,0
119416,0,0
119516,0,0
119616,0,0
119716,0,0
119816,0,0
119916,0,0
120016,0,0
120116,0,0
120216,0,0
120316,0,0
120416,0,0
120516,0,0
120616,0,0
120716,0,0
120816,0,0
120916,0,0
121016,0,0
121116,0,0
121216,0,0
121316,0,0
121416,0,0
121516,0,0
121616,0,0
121716,0,0
121816,0,0
121916,0,0
122016,0,0
122116,0,0
122216,0,0
122316,0,0
122416,0,0
122516,0,0
122616,0,0
122716,0,0
122816,0,0
122916,0,0
123016,0,0
123116,0,0
123216,0,0
123316,0,0
123416,0,0
123516,0,0
123616,0,0
123716,0,0
123816,0,0
123916,0,0
124016,0,0
124116,0,0
124216,0,0
124316,0,0
124416,0,0
124516,0,0
124616,0,0
124716,0,0
124816,0,0
124916,0,0
125016,0,0
125116,0,0
125216,0,0
125316,0,0
125416,0,0
125516,0,0
125616,0,0
125716,0,0
125816,0,0
125916,0,0
126016,0,0
126116,0,0
126216,0,0
126316,0,0
126416,0,0
126516,0,0
126616,0,0
126716,0,0
126816,0,0
126916,0,0
127016,0,0
127116,0,0
127216,0,0
127316,0,0
127416,0,0
127516,0,0
127616,0,0
127716,0,0
127816,0,0
127916,0,0
128016,0,0
128116,0,0
128216,0,0
128316,0,0
128416,0,0
128516,0,0
128616,0,0
128716,0,0
128816,0,0
128916,0,0
129016,0,0
129116,0,0
129216,0,0
129316,0,0
129416,0,0
129516,0,0
129616,0,0
129716,0,0
130325,0,0
130425,0,1
130525,0,1
130625,0,1
130725,0,1
130825,0,1
130925,0,1
131025,0,1
131125,0,1
131225,0,1
131325,0,1
131425,0,1
131525,0,1
131625,0,1
131725,0,1
131825,0,1
131925,0,1
132025,0,1
132125,0,1
132225,0,1
132325,0,1
132425,0,1
132525,0,1
132625,0,1
132725,0,1
132825,0,1
132925,0,1
133025,0,1
133125,0,1
133225,0,1
133325,0,1
133425,0,1
133525,0,1
133625,0,1
133725,0,1
133822,0,1
133922,0,1
134022,0,1
134122,0,1
134222,0,1
134322,0,1
134422,0,0
134522,0,0
134704,0,0
134804,0,1
134904,0,1
135004,0,1
135107,0,1
135207,1,2
135307,1,2
135407,1,2
135507,1,2
135608,1,2
135708,1,2
135808,1,2
135908,1,2
136008,1,2
136108,1,2
136208,1,2
136308,1,2
136408,1,2
136508,1,2
136608,1,2
136708,1,2
136808,1,2
136908,1,2
137008,1,2
137147,0,0
137247,0,0
137347,0,0
137447,0,0
137547,0,0
137647,0,0
137746,0,0
137846,0,0
137946,0,0
138046,0,0
138146,0,0
138246,0,0
138346,0,0
138446,0,0
138546,0,0
138646,0,0
138746,0,0
138846,0,0
138946,0,0
139046,0,0
139146,0,0
139530,0,0
139630,0,1
139730,0,1
139831,0,1
139931,0,1
140031,0,1
140131,0,1
140231,0,1
140331,0,1
140431,0,1
140531,0,1
140631,0,1
140731,0,1
140831,0,1
140931,0,1
141031,0,1
141131,0,1
141231,0,1
141331,0,1
141431,0,1
141531,0,1
141631,0,1
141731,0,1
141823,0,1
141923,0,1
142023,0,1
142123,0,1
142223,0,1
142323,0,1
142423,0,1
142523,0,1
142623,0,1
142724,0,1
142824,0,1
142924,0,1
143024,0,1
143124,0,1
143224,0,1
143324,0,1
143424,0,1
143566,0,0
143666,0,0
143766,0,0
143866,0,0
143966,0,0
144066,0,0
144372,0,0
144473,0,1
144573,0,1
144673,0,1
144773,0,1
144873,0,1
144973,0,1
145073,0,1
145173,0,1
145273,0,1
145373,0,1
145473,0,1
145573,0,1
145673,0,1
145775,0,1
145875,0,1
145975,0,1
146075,0,1
146175,0,1
146275,0,1
146375,0,1
146475,0,1
146575,0,1
146675,0,1
146775,0,1
146875,0,1
146975,0,1
147075,0,1
147175,0,1
147275,0,1
147375,0,1
147475,0,1
147575,0,1
147675,0,1
147775,0,1
147875,0,1
147975,0,1
148075,0,1
148175,0,1
148275,0,1
148403,0,0
148503,0,0
148603,0,0
148703,0,0
148803,0,0
148903,0,0
149003,0,0
149103,0,0
149203,0,0
149303,0,0
149403,0,0
149503,0,0
149603,0,0
149703,0,0
149801,0,0
149901,0,0
150001,0,0
150101,0,0
150201,0,0
150301,0,0
150401,0,0
150501,0,0
150601,0,0
150701,0,0
150801,0,0
150901,0,0
151001,0,0
151101,0,0
151201,0,0
151301,0,0
151401,0,0
151501,0,0
151601,0,0
151701,0,0
151801,0,0
151901,0,0
152001,0,0
152101,0,0
152201,0,0
152301,0,0
152401,0,0
152501,0,0
152601,0,0
152701,0,0
152801,0,0
152901,0,0
153001,0,0
153101,0,0
153201,0,0
153301,0,0
153401,0,0
153501,0,0
153601,0,0
153701,0,0
153798,0,0
153898,0,0
153998,0,0
154098,0,0
154198,0,0
154298,0,0
154398,0,0
154498,0,0
154598,0,0
154698,0,0
154798,0,0
154898,0,0
154998,0,0
155098,0,0
155198,0,0
155298,0,0
155398,0,0
155498,0,0
155598,0,0
155698,0,0
155798,0,0
155898,0,0
155998,0,0
156098,0,0
156198,0,0
156298,0,0
156398,0,0
156498,0,0
156598,0,0
156698,0,0
156798,0,0
156898,0,0
156998,0,0
157098,0,0
157198,0,0
157298,0,0
157398,0,0
157498,0,0
157598,0,0
157698,0,0
157796,0,0
157896,0,0
157996,0,0
158096,0,0
158196,0,0
158296,0,0
158396,0,0
158496,0,0
158596,0,0
158696,0,0
158796,0,0
158896,0,0
158996,0,0
159096,0,0
159196,0,0
159296,0,0
159396,0,0
159496,0,0
159596,0,0
159696,0,0
159796,0,0
159896,0,0
159996,0,0
160096,0,0
160196,0,0
160296,0,0
160396,0,0
160496,0,0
160596,0,0
160696,0,0
160796,0,0
160896,0,0
160996,0,0
161096,0,0
161196,0,0
161296,0,0
161396,0,0
161496,0,0
161596,0,0
161696,0,0
161796,0,0
161896,0,0
161994,0,0
162094,0,0
162194,0,0
162294,0,0
162394,0,0
162494,0,0
162594,0,0
162694,0,0
162794,0,0
162894,0,0
162994,0,0
163094,0,0
163194,0,0
163294,0,0
163394,0,0
163494,0,0
163594,0,0
163694,0,0
163794,0,0
163894,0,0
163994,0,0
164094,0,0
164194,0,0
164294,0,0
164394,0,0
164494,0,0
164594,0,0
164694,0,0
164794,0,0
164894,0,0
164994,0,0
165094,0,0
165194,0,0
165294,0,0
165394,0,0
165494,0,0
165594,0,0
165694,0,0
165794,0,0
165894,0,0
165992,0,0
166092,0,0
166192,0,0
166292,0,0
166392,0,0
166492,0,0
166592,0,0
166692,0,0
166792,0,0
166892,0,0
166992,0,0
167092,0,0
167192,0,0
167292,0,0
167392,0,0
167492,0,0
167592,0,0
167692,0,0
167792,0,0
167892,0,0
167992,0,0
168092,0,0
168192,0,0
168292,0,0
168392,0,0
168492,0,0
168592,0,0
168692,0,0
168792,0,0
168892,0,0
168992,0,0
169092,0,0
169192,0,0
169292,0,0
169392,0,0
169492,0,0
169592,0,0
169692,0,0
169792,0,0
169892,0,0
169992,0,0
170092,0,0
170192,0,0
170292,0,0
170392,0,0
170492,0,0
170592,0,0
170692,0,0
170792,0,0
170892,0,0
170992,0,0
171092,0,0
171192,0,0
171292,0,0
171392,0,0
171492,0,0
171592,0,0
171692,0,0
171792,0,0
171892,0,0
171992,0,0
172092,0,0
172192,0,0
172292,0,0
172392,0,0
172492,0,0
172592,0,0
172692,0,0
172792,0,0
172892,0,0
172992,0,0
173092,0,0
173192,0,0
173292,0,0
173392,0,0
173492,0,0
173592,0,0
173692,0,0
173792,0,0
173892,0,0
173992,0,0
174092,0,0
174192,0,0
174292,0,0
174392,0,0
174492,0,0
174592,0,0
174692,0,0
174792,0,0
174892,0,0
174992,0,0
175092,0,0
175192,0,0
175292,0,0
175392,0,0
175492,0,0
175592,0,0
175692,0,0
175792,0,0
175892,0,0
175992,0,0
176092,0,0
176192,0,0
176292,0,0
176392,0,0
176492,0,0
176592,0,0
176692,0,0
176792,0,0
176892,0,0
176992,0,0
177092,0,0
177192,0,0
177292,0,0
177392,0,0
177492,0,0
177592,0,0
177692,0,0
177792,0,0
177892,0,0
177992,0,0
178092,0,0
178192,0,0
178292,0,0
178392,0,0
178492,0,0
178592,0,0
178692,0,0
178792,0,0
178892,0,0
178992,0,0
179092,0,0
179192,0,0
179292,0,0
179392,0,0
179492,0,0
179592,0,0
179692,0,0
179792,0,0
179892,0,0
179992,0,0
180092,0,0
180192,0,0
180292,0,0
180392,0,0
180492,0,0
180592,0,0
180692,0,0
180792,0,0
180892,0,0
180992,0,0
181092,0,0
181192,0,0
181292,0,0
181392,0,0
181492,0,0
181592,0,0
181692,0,0
181792,0,0
181892,0,0
181992,0,0
182092,0,0
182192,0,0
182292,0,0
182392,0,0
182492,0,0
182592,0,0
182692,0,0
182792,0,0
182892,0,0
182992,0,0
183092,0,0
183192,0,0
183292,0,0
183392,0,0
183492,0,0
183592,0,0
183692,0,0
183792,0,0
183892,0,0
183992,0,0
184092,0,0
184192,0,0
184292,0,0
184392,0,0
184492,0,0
184592,0,0
184692,0,0
184792,0,0
184892,0,0
184992,0,0
185092,0,0
185192,0,0
185292,0,0
185392,0,0
185492,0,0
185592,0,0
185692,0,0
185792,0,0
185892,0,0
185992,0,0
186081,0,0
186181,0,0
186281,0,0
186381,0,0
186481,0,0
186995,0,0
187095,0,1
187195,0,1
187295,0,1
187395,0,1
187495,0,1
187595,0,1
187695,0,1
187795,0,1
187895,0,1
187995,0,1
188095,0,1
188195,0,1
188295,0,1
188395,0,1
188495,0,1
188595,0,1
188695,0,1
188795,0,1
188895,0,1
188995,0,1
189095,0,1
189195,0,1
189296,0,1
189396,0,1
189496,0,1
189596,0,1
189696,0,1
189796,0,1
189896,0,1
189996,0,1
190093,0,1
190193,0,1
190293,0,1
190393,0,1
190493,0,1
190593,0,1
190693,0,1
190793,0,1
190893,0,1
191021,0,0
191400,0,0
191500,0,1
191600,0,1
191700,0,1
191800,0,1
191900,0,1
192000,0,1
192100,0,1
192200,0,1
192300,0,1
192400,0,1
192500,0,1
192600,0,1
192700,0,1
192800,0,1
192900,0,1
193000,0,1
193100,0,1
193200,0,1
193300,0,1
193400,0,1
193500,0,1
193600,0,1
193700,0,1
193800,0,1
193901,0,1
194001,0,1
194093,0,1
194193,0,1
194293,0,1
194393,0,1
194493,0,1
194593,0,1
194693,0,1
194793,0,1
194893,0,1
194993,0,1
195093,0,1
195193,0,1
195293,0,1
195420,0,0
195520,0,0
195620,0,0
195720,0,0
195820,0,0
195920,0,0
196020,0,0
196120,0,0
196220,0,0
196320,0,0
196420,0,0
196520,0,0
196620,0,0
196720,0,0
196820,0,0
196920,0,0
197020,0,0
197120,0,0
197221,0,0
197321,0,0
197421,0,0
197521,0,0
197621,0,0
197721,0,0
197821,0,0
197921,0,0
198024,0,0
198124,0,0
198224,0,0
198324,0,0
198424,0,0
198524,0,0
198624,0,0
198724,0,0
198824,0,0
198924,0,0
199024,0,0
199124,0,0
199224,0,0
199324,0,0
199424,0,0
199524,0,0
199624,0,0
199724,0,0
199824,0,0
199924,0,0
200024,0,0
200125,0,0
200225,0,0
200325,0,0
200425,0,0
200525,0,0
200625,0,0
200725,0,0
200825,0,0
200925,0,0
201025,0,0
201125,0,0
201225,0,0
201325,0,0
201425,0,0
201525,0,0
201625,0,0
201725,0,0
201825,0,0
201925,0,0
202023,0,0
202123,0,0
202223,0,0
202323,0,0
202423,0,0
202523,0,0
202623,0,0
202723,0,0
202823,0,0
202923,0,0
203023,0,0
203123,0,0
203223,0,0
203323,0,0
203423,0,0
203523,0,0
203623,0,0
203723,0,0
203823,0,0
203923,0,0
204023,0,0
204123,0,0
204223,0,0
204323,0,0
204423,0,0
204523,0,0
204623,0,0
204723,0,0
204823,0,0
204923,0,0
205023,0,0
205123,0,0
205223,0,0
205323,0,0
205423,0,0
205523,0,0
205623,0,0
205723,0,0
205823,0,0
205923,0,0
206021,0,0
206121,0,0
206221,0,0
206321,0,0
206421,0,0
206521,0,0
206621,0,0
206721,0,0
206821,0,0
206921,0,0
207021,0,0
207121,0,0
207221,0,0
207321,0,0
207421,0,0
207521,0,0
207621,0,0
207721,0,0
207821,0,0
207921,0,0
208021,0,0
208121,0,0
208221,0,0
208321,0,0
208421,0,0
208521,0,0
208621,0,0
208721,0,0
208821,0,0
208921,0,0
209021,0,0
209121,0,0
209221,0,0
209321,0,0
209421,0,0
209521,0,0
209621,0,0
209721,0,0
209821,0,0
209921,0,0
210019,0,0
210119,0,0
210219,0,0
210319,0,0
210419,0,0
210519,0,0
210619,0,0
210719,0,0
210819,0,0
210919,0,0
211019,0,0
211119,0,0
211219,0,0
211319,0,0
211419,0,0
211519,0,0
211619,0,0
211719,0,0
211819,0,0
211919,0,0
212019,0,0
212119,0,0
212219,0,0
212319,0,0
212419,0,0
212519,0,0
212619,0,0
212719,0,0
212819,0,0
212919,0,0
213019,0,0
213119,0,0
213219,0,0
213319,0,0
213419,0,0
213519,0,0
213619,0,0
213719,0,0
213819,0,0
213919,0,0
214016,0,0
214116,0,0
214216,0,0
214316,0,0
214416,0,0
214516,0,0
214616,0,0
214716,0,0
214816,0,0
214916,0,0
215016,0,0
215116,0,0
215216,0,0
215316,0,0
215416,0,0
215516,0,0
215616,0,0
215716,0,0
215816,0,0
215916,0,0
216016,0,0
216116,0,0
216216,0,0
216316,0,0
216416,0,0
216516,0,0
216616,0,0
216716,0,0
216816,0,0
216916,0,0
217016,0,0
217116,0,0
217216,0,0
217316,0,0
217416,0,0
217516,0,0
217616,0,0
217716,0,0
217816,0,0
217916,0,0
218013,0,0
218113,0,0
218213,0,0
218313,0,0
218413,0,0
218513,0,0
218613,0,0
218713,0,0
218813,0,0
218913,0,0
219013,0,0
219113,0,0
219213,0,0
219313,0,0
219413,0,0
219513,0,0
219613,0,0
219713,0,0
219813,0,0
219913,0,0
220013,0,0
220113,0,0
220213,0,0
220313,0,0
220413,0,0
220513,0,0
220613,0,0
220713,0,0
220813,0,0
220913,0,0
221013,0,0
221113,0,0
221213,0,0
221313,0,0
221413,0,0
221513,0,0
221613,0,0
221713,0,0
221813,0,0
221913,0,0
222013,0,0
222097,0,0
222197,0,0
222297,0,0
222397,0,0
222497,0,0
222597,0,0
222697,0,0
222797,0,0
222897,0,0
222997,0,0
223097,0,0
223197,0,0
223297,0,0
223397,0,0
223497,0,0
223597,0,0
223697,0,0
223797,0,0
223897,0,0
223997,0,0
224097,0,0
224197,0,0
224297,0,0
224397,0,0
224497,0,0
224597,0,0
224697,0,0
224797,0,0
224897,0,0
224997,0,0
225097,0,0
225197,0,0
225297,0,0
225397,0,0
225497,0,0
225597,0,0
225697,0,0
225797,0,0
225897,0,0
225997,0,0
226097,0,0
226197,0,0
226297,0,0
226397,0,0
226497,0,0
226597,0,0
226697,0,0
226797,0,0
226897,0,0
226997,0,0
227097,0,0
227197,0,0
227297,0,0
227397,0,0
227497,0,0
227597,0,0
227697,0,0
227797,0,0
227897,0,0
227997,0,0
228097,0,0
228197,0,0
228297,0,0
228397,0,0
228497,0,0
228597,0,0
228697,0,0
228797,0,0
228897,0,0
228997,0,0
229097,0,0
229197,0,0
229297,0,0
229397,0,0
229497,0,0
229597,0,0
229697,0,0
229797,0,0
229897,0,0
229997,0,0
230097,0,0
230197,0,0
230297,0,0
230397,0,0
230497,0,0
230597,0,0
230697,0,0
230797,0,0
230897,0,0
230997,0,0
231097,0,0
231197,0,0
231297,0,0
231397,0,0
231497,0,0
231597,0,0
231697,0,0
231797,0,0
231897,0,0
231997,0,0
232097,0,0
232197,0,0
232297,0,0
232397,0,0
232497,0,0
232597,0,0
232697,0,0
232797,0,0
232897,0,0
232997,0,0
233097,0,0
233197,0,0
233297,0,0
233397,0,0
233497,0,0
233597,0,0
233697,0,0
233797,0,0
233897,0,0
233997,0,0
234097,0,0
234197,0,0
234297,0,0
234397,0,0
234497,0,0
234597,0,0
234697,0,0
234797,0,0
234897,0,0
234997,0,0
235097,0,0
235197,0,0
235297,0,0
235397,0,0
235497,0,0
235597,0,0
235697,0,0
235797,0,0
235897,0,0
235997,0,0
236097,0,0
236197,0,0
236297,0,0
236397,0,0
236497,0,0
236597,0,0
236697,0,0
236797,0,0
236897,0,0
236997,0,0
237097,0,0
237197,0,0
237297,0,0
237397,0,0
237497,0,0
237597,0,0
237697,0,0
237797,0,0
237897,0,0
237997,0,0
238097,0,0
238197,0,0
238297,0,0
238397,0,0
238497,0,0
238597,0,0
238697,0,0
238797,0,0
238897,0,0
238997,0,0
239097,0,0
239197,0,0
239297,0,0
239397,0,0
239497,0,0
239597,0,0
239697,0,0
239797,0,0
239897,0,0
239997,0,0
240097,0,0
240197,0,0
240297,0,0
240397,0,0
240497,0,0
240597,0,0
240697,0,0
240797,0,0
240897,0,0
240997,0,0
241097,0,0
241197,0,0
241297,0,0
241397,0,0
241497,0,0
241597,0,0
241697,0,0
241797,0,0
241897,0,0
241997,0,0
242097,0,0
242197,0,0
242297,0,0
242397,0,0
242497,0,0
242597,0,0
242697,0,0
242797,0,0
242899,0,0
242999,0,0
243099,0,0
243199,0,0
243299,0,0
243662,0,0
243762,0,1
243862,0,1
243962,0,1
244062,0,1
244162,0,1
244262,0,1
244362,0,1
244462,0,1
244562,0,1
244662,0,1
244762,0,1
244862,0,1
244962,0,1
245062,0,1
245162,0,1
245262,0,1
245362,0,1
245462,0,1
245562,0,1
245662,0,1
245762,0,1
245862,0,1
245962,0,1
246062,0,1
246162,0,1
246262,0,1
246362,0,1
246462,0,1
246563,0,1
246663,0,1
246763,0,1
246859,0,1
246959,0,1
247059,0,1
247159,0,1
247259,0,1
247359,0,1
247459,0,1
247559,0,1
247687,0,0
247787,0,0
247887,0,0
248049,0,0
248149,0,1
248249,0,1
248349,0,1
248449,0,1
248549,1,2
248650,1,2
248750,1,2
248850,1,2
248950,1,2
249050,1,2
249150,1,2
249250,1,2
249350,1,2
249450,1,2
249550,1,2
249650,1,2
249750,1,2
249850,1,2
249950,1,2
250050,1,2
250150,1,2
250250,1,2
250350,1,2
250450,1,2
250559,0,0
250659,0,0
250759,0,0
250859,0,0
250959,0,0
251059,0,0
251159,0,0
251259,0,0
251359,0,0
251459,0,0
251559,0,0
251659,0,0
251759,0,0
251859,0,0
251959,0,0
252059,0,0
252159,0,0
252259,0,0
252359,0,0
252459,0,0
252559,0,0
252789,0,0
252889,0,1
252989,0,1
253089,0,1
253189,0,1
253289,0,1
253389,0,1
253489,0,1
253589,0,1
253689,0,1
253789,0,1
253889,0,1
253989,0,1
254089,0,1
254189,0,1
254289,0,1
254389,0,1
254489,0,1
254589,0,1
254689,0,1
254789,0,1
254887,0,1
254987,0,1
255087,0,1
255187,0,1
255287,0,1
255387,0,1
255487,0,1
255587,0,1
255688,0,1
255788,0,1
255888,0,1
255988,0,1
256088,0,1
256188,0,1
256288,0,1
256388,0,1
256488,0,1
256588,0,1
256688,0,1
256816,0,0
256916,0,0
257016,0,0
257116,0,0
257216,0,0
257316,0,0
257416,0,0
257516,0,0
257616,0,0
257716,0,0
257816,0,0
257916,0,0
258016,0,0
258116,0,0
258216,0,0
258316,0,0
258416,0,0
258516,0,0
258616,0,0
258717,0,0
258817,0,0
258906,0,0
259006,0,0
259106,0,0
259206,0,0
259306,0,0
259406,0,0
259506,0,0
259606,0,0
259706,0,0
259806,0,0
259906,0,0
260006,0,0
260106,0,0
260206,0,0
260306,0,0
260406,0,0
260506,0,0
260606,0,0
260706,0,0
260806,0,0
260906,0,0
261006,0,0
261106,0,0
261206,0,0
261306,0,0
261406,0,0
261506,0,0
261606,0,0
261706,0,0
261806,0,0
261906,0,0
262006,0,0
262106,0,0
262206,0,0
262306,0,0
262406,0,0
262506,0,0
262606,0,0
262706,0,0
262806,0,0
262895,0,0
262995,0,0
263095,0,0
263195,0,0
263295,0,0
263395,0,0
263495,0,0
263595,0,0
263695,0,0
263795,0,0
263895,0,0
263995,0,0
264095,0,0
264195,0,0
264295,0,0
264395,0,0
264495,0,0
264595,0,0
264695,0,0
264795,0,0
264895,0,0
264995,0,0
265095,0,0
265195,0,0
265295,0,0
265395,0,0
265495,0,0
265595,0,0
265695,0,0
265795,0,0
265895,0,0
265995,0,0
266095,0,0
266195,0,0
266295,0,0
266395,0,0
266495,0,0
266595,0,0
266695,0,0
266795,0,0
266905,0,0
267005,0,0
267105,0,0
267205,0,0
267305,0,0
267405,0,0
267505,0,0
267605,0,0
267705,0,0
267805,0,0
267905,0,0
268005,0,0
268105,0,0
268205,0,0
268305,0,0
268405,0,0
268505,0,0
268605,0,0
268705,0,0
268805,0,0
268905,0,0
269005,0,0
269105,0,0
269205,0,0
269305,0,0
269405,0,0
269505,0,0
269605,0,0
269705,0,0
269805,0,0
269905,0,0
270005,0,0
270105,0,0
270205,0,0
270305,0,0
270405,0,0
270505,0,0
270605,0,0
270705,0,0
270805,0,0
270906,0,0
271006,0,0
271106,0,0
271206,0,0
271306,0,0
271406,0,0
271506,0,0
271606,0,0
271706,0,0
272311,0,0
272411,0,1
272511,0,1
272611,0,1
272711,0,1
272811,0,1
272911,0,1
273011,0,1
273111,0,1
273211,0,1
273311,0,1
273411,0,1
273512,0,1
273612,0,1
273712,0,1
273812,0,1
273912,0,1
274012,0,1
274112,0,1
274212,0,1
274312,0,1
274412,0,1
274512,0,1
274612,0,1
274712,0,1
274812,0,1
274911,0,1
275011,0,1
275111,0,1
275211,0,1
275311,0,1
275411,0,1
275511,0,1
275611,0,1
275711,0,1
275811,0,1
275911,0,1
276011,0,1
276111,0,1
276211,0,1
276338,0,0
276438,0,0
276538,0,0
276638,0,0
276738,0,0
276839,0,0
276939,0,0
277039,0,0
277139,0,0
277239,0,0
277339,0,0
277439,0,0
277539,0,0
277639,0,0
277739,0,0
277839,0,0
277939,0,0
278039,0,0
278139,0,0
278239,0,0
278339,0,0
278439,0,0
278539,0,0
278639,0,0
278739,0,0
279327,0,0
279089,0,1
279189,0,1
279289,0,1
279389,0,1
279489,0,1
279589,0,1
279689,0,1
279789,0,1
279889,0,1
279989,0,1
280089,0,1
280189,0,1
280289,0,1
280389,0,1
280489,0,1
280589,0,1
280689,0,1
280789,0,1
280889,0,1
280989,0,1
281089,0,1
281189,0,1
281289,0,1
281389,0,1
281489,0,1
281589,0,1
281689,0,1
281789,0,1
281889,0,1
281989,0,1
282090,0,1
282190,0,1
282290,0,1
282390,0,1
282490,0,1
282590,0,1
282690,0,1
282790,0,1
282890,0,1
283017,0,0
283117,0,0
283217,0,0
283317,0,0
283417,0,0
283517,0,0
283617,0,0
283717,0,0
283817,0,0
283917,0,0
284017,0,0
284117,0,0
284217,0,0
284317,0,0
284417,0,0
284517,0,0
284617,0,0
284717,0,0
284817,0,0
284917,0,0
285017,0,0
285117,0,0
285217,0,0
285317,0,0
285418,0,0
285518,0,0
285618,0,0
285718,0,0
285818,0,0
285918,0,0
286018,0,0
286118,0,0
286218,0,0
286318,0,0
286418,0,0
286518,0,0
286618,0,0
286718,0,0
286818,0,0
286918,0,0
287018,0,0
287118,0,0
287218,0,0
287318,0,0
287418,0,0
287518,0,0
287618,0,0
287718,0,0
287818,0,0
287918,0,0
288018,0,0
288118,0,0
288218,0,0
288319,0,0
288419,0,0
288519,0,0
288619,0,0
288719,0,0
288819,0,0
288919,0,0
289019,0,0
289119,0,0
289219,0,0
289319,0,0
289419,0,0
289519,0,0
289619,0,0
289719,0,0
289819,0,0
289919,0,0
290019,0,0
290119,0,0
290219,0,0
290319,0,0
290419,0,0
290519,0,0
290619,0,0
290719,0,0
290819,0,0
290919,0,0
291019,0,0
291119,0,0
291219,0,0
291319,0,0
291419,0,0
291519,0,0
291619,0,0
291719,0,0
291819,0,0
291919,0,0
292019,0,0
292119,0,0
292219,0,0
292319,0,0
292419,0,0
292519,0,0
292619,0,0
292719,0,0
292819,0,0
292919,0,0
293019,0,0
293119,0,0
293219,0,0
293319,0,0
293419,0,0
293519,0,0
293619,0,0
293719,0,0
293819,0,0
293919,0,0
294019,0,0
294119,0,0
294219,0,0
294319,0,0
294419,0,0
294519,0,0
294619,0,0
294719,0,0
294819,0,0
294919,0,0
295019,0,0
295119,0,0
295219,0,0
295319,0,0
295419,0,0
295519,0,0
295619,0,0
295719,0,0
295819,0,0
295919,0,0
296019,0,0
296119,0,0
296219,0,0
296319,0,0
296419,0,0
296519,0,0
296619,0,0
296719,0,0
296819,0,0
296919,0,0
297019,0,0
297119,0,0
297219,0,0
297319,0,0
297419,0,0
297519,0,0
297619,0,0
297719,0,0
297819,0,0
297919,0,0
298019,0,0
298119,0,0
298219,0,0
298319,0,0
298419,0,0
298519,0,0
298619,0,0
298719,0,0
298819,0,0
298919,0,0
299019,0,0
299119,0,0
299542,0,0
299642,0,0
299742,0,0
299842,0,0
299942,0,0
300581,0,0
300681,0,1
300781,0,1
300881,0,1
300981,0,1
301081,0,1
301181,0,1
301281,0,1
301381,0,1
301481,0,1
301581,0,1
301681,0,1
301781,0,1
301881,0,1
301981,0,1
302082,0,1
302182,0,1
302282,0,1
302382,0,1
302482,0,1
302582,0,1
302682,0,1
302782,0,1
302882,0,1
302982,0,1
303082,0,1
303182,0,1
303282,0,1
303382,0,1
303482,0,1
303580,0,1
303680,0,1
303780,0,1
303880,0,1
303980,0,1
304080,0,1
304180,0,1
304280,0,1
304380,0,1
304480,0,1
304607,0,0
304707,0,0
304807,0,0
305285,0,0
305385,0,1
305485,0,1
305585,0,1
305694,0,1
305794,1,2
305894,1,2
305994,1,2
306094,1,2
306194,1,2
306294,1,2
306394,1,2
306494,1,2
306594,1,2
306694,1,2
306794,1,2
306894,1,2
306994,1,2
307094,1,2
307194,1,2
307294,1,2
307394,1,2
307494,1,2
307591,1,2
307691,1,2
307791,0,0
307891,0,0
307991,0,0
308091,0,0
308191,0,0
308291,0,0
308392,0,0
308492,0,0
308592,0,0
308692,0,0
308792,0,0
308892,0,0
308992,0,0
309092,0,0
309192,0,0
309292,0,0
309392,0,0
309492,0,0
309592,0,0
309692,0,0
310260,0,0
310360,0,1
310460,0,1
310560,0,1
310660,0,1
310760,0,1
310860,0,1
310960,0,1
311060,0,1
311160,0,1
311260,0,1
311360,0,1
311460,0,1
311560,0,1
311649,0,1
311749,0,1
311849,0,1
311949,0,1
312050,0,1
312150,0,1
312250,0,1
312350,0,1
312450,0,1
312550,0,1
312650,0,1
312750,0,1
312850,0,1
312950,0,1
313050,0,1
313150,0,1
313250,0,1
313350,0,1
313450,0,1
313550,0,1
313650,0,1
313750,0,1
313850,0,1
313950,0,1
314050,0,1
314150,0,1
314277,0,0
314377,0,0
315050,0,0
315150,0,1
315250,0,1
315350,0,1
315450,0,1
315550,0,1
315649,0,1
315749,0,1
315849,0,1
315949,0,1
316049,0,1
316149,0,1
316249,0,1
316349,0,1
316449,0,1
316549,0,1
316649,0,1
316749,0,1
316849,0,1
316949,0,1
317049,0,1
317149,0,1
317249,0,1
317349,0,1
317449,0,1
317549,0,1
317649,0,1
317749,0,1
317849,0,1
317949,0,1
318049,0,1
318149,0,1
318249,0,1
318349,0,1
318449,0,1
318549,0,1
318649,0,1
318749,0,1
318849,0,1
318949,0,1
319049,0,1
319149,0,0
319249,0,0
319349,0,0
319449,0,0
319549,0,0
319648,0,0
319748,0,0
319848,0,0
319948,0,0
320048,0,0
320148,0,0
320248,0,0
320348,0,0
320448,0,0
320548,0,0
320648,0,0
320748,0,0
320848,0,0
320948,0,0
321048,0,0
321148,0,0
321248,0,0
321348,0,0
321448,0,0
321548,0,0
321648,0,0
321748,0,0
321848,0,0
321948,0,0
322048,0,0
322148,0,0
322248,0,0
322348,0,0
322448,0,0
322548,0,0
322648,0,0
322748,0,0
322848,0,0
322948,0,0
323048,0,0
323148,0,0
323248,0,0
323348,0,0
323448,0,0
323548,0,0
323650,0,0
323750,0,0
323850,0,0
323950,0,0
324050,0,0
324150,0,0
324250,0,0
324350,0,0
324450,0,0
324550,0,0
324650,0,0
324750,0,0
324850,0,0
324950,0,0
325050,0,0
325150,0,0
325250,0,0
325350,0,0
325450,0,0
325550,0,0
325650,0,0
325750,0,0
325850,0,0
325950,0,0
326050,0,0
326150,0,0
326250,0,0
326350,0,0
326450,0,0
326550,0,0
326650,0,0
326750,0,0
326850,0,0
326950,0,0
327050,0,0
327150,0,0
327250,0,0
327350,0,0
327450,0,0
327550,0,0
327650,0,0
327750,0,0
327850,0,0
327950,0,0
328050,0,0
328150,0,0
328250,0,0
328350,0,0
328450,0,0
328550,0,0
328650,0,0
328750,0,0
328850,0,0
328950,0,0
329050,0,0
329150,0,0
329250,0,0
329350,0,0
329450,0,0
329550,0,0
329650,0,0
329750,0,0
329850,0,0
329950,0,0
330050,0,0
330150,0,0
330250,0,0
330350,0,0
330450,0,0
330550,0,0
330650,0,0
330750,0,0
330850,0,0
330950,0,0
331050,0,0
331150,0,0
331250,0,0
331350,0,0
331450,0,0
331550,0,0
331647,0,0
331747,0,0
331847,0,0
331947,0,0
332047,0,0
332147,0,0
332247,0,0
332347,0,0
332447,0,0
332547,0,0
332647,0,0
332747,0,0
332847,0,0
332947,0,0
333047,0,0
333147,0,0
333247,0,0
333347,0,0
333447,0,0
333547,0,0
333647,0,0
333747,0,0
333847,0,0
333947,0,0
334047,0,0
334147,0,0
334247,0,0
334347,0,0
334447,0,0
334547,0,0
334647,0,0
334747,0,0
334847,0,0
334947,0,0
335047,0,0
335147,0,0
335247,0,0
335347,0,0
335447,0,0
335547,0,0
335645,0,0
335745,0,0
335845,0,0
335945,0,0
336045,0,0
336145,0,0
336245,0,0
336345,0,0
336445,0,0
336545,0,0
336645,0,0
336745,0,0
336845,0,0
336945,0,0
337045,0,0
337145,0,0
337245,0,0
337345,0,0
337445,0,0
337545,0,0
337645,0,0
337745,0,0
337845,0,0
337945,0,0
338045,0,0
338145,0,0
338245,0,0
338345,0,0
338445,0,0
338545,0,0
338645,0,0
338745,0,0
338845,0,0
338945,0,0
339045,0,0
339145,0,0
339245,0,0
339345,0,0
339445,0,0
339545,0,0
339642,0,0
339742,0,0
339842,0,0
339942,0,0
340042,0,0
340142,0,0
340242,0,0
340342,0,0
340442,0,0
340542,0,0
340642,0,0
340742,0,0
340842,0,0
340942,0,0
341042,0,0
341142,0,0
341242,0,0
341342,0,0
341442,0,0
341542,0,0
341642,0,0
341742,0,0
341842,0,0
341942,0,0
342042,0,0
342142,0,0
342242,0,0
342342,0,0
342442,0,0
342542,0,0
342642,0,0
342742,0,0
342842,0,0
342942,0,0
343042,0,0
343142,0,0
343242,0,0
343342,0,0
343442,0,0
343542,0,0
343642,0,0
343742,0,0
343842,0,0
343942,0,0
344042,0,0
344142,0,0
344242,0,0
344342,0,0
344442,0,0
344542,0,0
344642,0,0
344742,0,0
344842,0,0
344942,0,0
345042,0,0
345142,0,0
345242,0,0
345342,0,0
345442,0,0
345542,0,0
345642,0,0
345742,0,0
345842,0,0
345942,0,0
346042,0,0
346142,0,0
346242,0,0
346342,0,0
346442,0,0
346542,0,0
346642,0,0
346742,0,0
346842,0,0
346942,0,0
347042,0,0
347142,0,0
347242,0,0
347342,0,0
347442,0,0
347542,0,0
347642,0,0
347742,0,0
347842,0,0
347942,0,0
348042,0,0
348142,0,0
348242,0,0
348342,0,0
348442,0,0
348542,0,0
348642,0,0
348742,0,0
348842,0,0
348942,0,0
349042,0,0
349142,0,0
349242,0,0
349342,0,0
349442,0,0
349542,0,0
349642,0,0
349742,0,0
349842,0,0
349942,0,0
350042,0,0
350142,0,0
350242,0,0
350342,0,0
350442,0,0
350542,0,0
350642,0,0
350742,0,0
350842,0,0
350942,0,0
351042,0,0
351142,0,0
351242,0,0
351342,0,0
351442,0,0
351542,0,0
351642,0,0
351742,0,0
351842,0,0
351942,0,0
352042,0,0
352142,0,0
352242,0,0
352342,0,0
352442,0,0
352542,0,0
352642,0,0
352742,0,0
352842,0,0
352942,0,0
353042,0,0
353142,0,0
353242,0,0
353342,0,0
353442,0,0
353542,0,0
353642,0,0
353742,0,0
353842,0,0
353942,0,0
354042,0,0
354142,0,0
354242,0,0
354342,0,0
354442,0,0
354542,0,0
354642,0,0
354742,0,0
354842,0,0
354942,0,0
355042,0,0
355142,0,0
355242,0,0
355342,0,0
355442,0,0
355542,0,0
355633,0,0
355733,0,0
355833,0,0
355933,0,0
356033,0,0
356133,0,0
356233,0,0
356333,0,0
356433,0,0
356533,0,0
356633,0,0
356733,0,0
356833,0,0
356933,0,0
357033,0,0
357133,0,0
357233,0,0
357333,0,0
357433,0,0
357533,0,0
357633,0,0
357733,0,0
357833,0,0
357933,0,0
358033,0,0
358133,0,0
358233,0,0
358333,0,0
358433,0,0
358533,0,0
358633,0,0
359184,0,0
359284,0,1
359384,0,1
359484,0,1
359582,0,1
359682,0,1
359782,0,1
359882,0,1
359982,0,1
360082,0,1
360182,0,1
360282,0,1
360382,0,1
360482,0,1
360582,0,1
360682,0,1
360782,0,1
360882,0,1
360982,0,1
361082,0,1
361183,0,1
361283,0,1
361383,0,1
361483,0,1
361583,0,1
361683,0,1
361783,0,1
361883,0,1
361983,0,1
362083,0,1
362183,0,1
362283,0,1
362383,0,1
362483,0,1
362583,0,1
362683,0,1
362783,0,1
362883,0,1
362983,0,1
363083,0,1
363215,0,0
363315,0,0
363415,0,0
363515,0,0
363615,0,0
363713,0,0
363813,0,0
363913,0,0
364013,0,0
364113,0,0
364213,0,0
364313,0,0
364413,0,0
364513,0,0
364613,0,0
364713,0,0
364813,0,0
364913,0,0
365013,0,0
365113,0,0
365213,0,0
365313,0,0
365413,0,0
365513,0,0
365613,0,0
365713,0,0
365813,0,0
365913,0,0
366013,0,0
366113,0,0
366213,0,0
366313,0,0
366413,0,0
366513,0,0
366613,0,0
366713,0,0
366813,0,0
366913,0,0
367437,0,0
367537,0,1
367637,0,1
367737,0,1
367864,0,1
367917,0,0
368017,0,0
368117,0,0
368217,0,0
368317,0,0
368417,0,0
368517,0,0
368617,0,0
368717,0,0
368817,0,0
368917,0,0
369017,0,0
369117,0,0
369217,0,0
369317,0,0
369417,0,0
369517,0,0
369617,0,0
369717,0,0
369817,0,0
369917,0,0
370017,0,0
370117,0,0
370217,0,0
370317,0,0
370417,0,0
370517,0,0
370617,0,0
370717,0,0
370817,0,0
370917,0,0
371454,0,0
371554,0,1
371654,0,1
371754,0,1
371896,0,1
371996,0,1
372096,0,1
372196,0,1
372296,0,1
372397,0,1
372497,0,1
372597,0,1
372697,0,1
372797,0,1
372897,0,1
372997,0,1
373097,0,1
373197,0,1
373297,0,1
373397,0,1
373497,0,1
373597,0,1
373697,0,1
373797,0,1
373897,0,1
373997,0,1
374097,0,1
374197,0,1
374297,0,1
374397,0,1
374497,0,1
374597,0,1
374697,0,1
374797,0,1
374897,0,1
374997,0,1
375097,0,1
375197,0,1
375298,0,1
375398,0,1
375543,0,0
375643,0,0
375743,0,0
375843,0,0
375941,0,0
376406,0,0
376506,0,1
376606,0,1
376706,0,1
376806,0,1
376906,0,1
377006,0,1
377106,0,1
377206,0,1
377306,0,1
377406,0,1
377506,0,1
377606,0,1
377706,0,1
377806,0,1
377906,0,1
378006,0,1
378106,0,1
378206,0,1
378306,0,1
378406,0,1
378506,0,1
378606,0,1
378706,0,1
378806,0,1
378906,0,1
379006,0,1
379106,0,1
379206,0,1
379307,0,1
379407,0,1
379507,0,1
379607,0,1
379707,0,1
379807,0,1
379905,0,1
380005,0,1
380105,0,1
380205,0,1
380305,0,1
380433,0,0
380533,0,0
380633,0,0
380733,0,0
380833,0,0
380933,0,0
381033,0,0
381133,0,0
381233,0,0
381333,0,0
381433,0,0
381533,0,0
381633,0,0
381733,0,0
381833,0,0
381933,0,0
382033,0,0
382133,0,0
382233,0,0
382334,0,0
382434,0,0
382534,0,0
382634,0,0
382734,0,0
382834,0,0
382934,0,0
383034,0,0
383134,0,0
383234,0,0
383334,0,0
383434,0,0
383534,0,0
383634,0,0
383734,0,0
383834,0,0
383932,0,0
384032,0,0
384132,0,0
384337,0,0
384437,0,1
384537,0,1
384637,0,1
384737,0,1
384837,0,1
384937,0,1
385037,0,1
385137,0,1
385237,0,1
385337,0,1
385437,0,1
385537,0,1
385637,0,1
385737,0,1
385837,0,1
385937,0,1
386037,0,1
386137,0,1
386237,0,1
386337,0,1
386437,0,1
386537,0,1
386637,0,1
386737,0,1
386837,0,1
386937,0,1
387037,0,1
387137,0,1
387237,0,1
387337,0,1
387437,0,1
387537,0,1
387637,0,1
387737,0,1
387837,0,1
387937,0,1
388037,0,1
388067,0,1
388167,0,1
388267,0,1
388367,0,0
388467,0,0
388567,0,0
388667,0,0
388767,0,0
388867,0,0
388967,0,0
389067,0,0
389167,0,0
389267,0,0
389367,0,0
389467,0,0
389567,0,0
389667,0,0
389767,0,0
389867,0,0
389967,0,0
390067,0,0
390167,0,0
390267,0,0
390367,0,0
390467,0,0
390567,0,0
390667,0,0
390767,0,0
390867,0,0
390967,0,0
391067,0,0
391167,0,0
391267,0,0
391367,0,0
391467,0,0
391567,0,0
391667,0,0
391767,0,0
391867,0,0
391967,0,0
392063,0,0
392163,0,0
392263,0,0
392736,0,0
392836,0,1
392936,0,1
393036,0,1
393136,0,1
393236,0,1
393336,0,1
393437,0,1
393537,0,1
393637,0,1
393737,0,1
393837,0,1
393937,0,1
394037,0,1
394137,0,1
394237,0,1
394337,0,1
394437,0,1
394537,0,1
394637,0,1
394737,0,1
394837,0,1
394937,0,1
395037,0,1
395137,0,1
395237,0,1
395337,0,1
395437,0,1
395537,0,1
395637,0,1
395737,0,1
395837,0,1
395937,0,1
396037,0,1
396137,0,1
396292,0,1
396393,0,1
396493,0,1
396593,0,1
396693,0,1
396821,0,0
396921,0,0
397021,0,0
397121,0,0
397221,0,0
397321,0,0
397421,0,0
397521,0,0
397621,0,0
397721,0,0
397821,0,0
397921,0,0
398021,0,0
398121,0,0
398221,0,0
398321,0,0
398421,0,0
398521,0,0
398621,0,0
398721,0,0
398821,0,0
398921,0,0
399021,0,0
399121,0,0
399221,0,0
399321,0,0
399422,0,0
399522,0,0
399622,0,0
399722,0,0
399822,0,0
399922,0,0
400022,0,0
400122,0,0
400222,0,0
400322,0,0
400422,0,0
400522,0,0
400622,0,0
400722,0,0
400822,0,0
400922,0,0
401022,0,0
401122,0,0
401222,0,0
401322,0,0
401422,0,0
401522,0,0
401622,0,0
401722,0,0
401822,0,0
401922,0,0
402022,0,0
402122,0,0
402222,0,0
402322,0,0
402422,0,0
402522,0,0
402622,0,0
402722,0,0
402822,0,0
402922,0,0
403022,0,0
403122,0,0
403222,0,0
403322,0,0
403422,0,0
403522,0,0
403622,0,0
403722,0,0
403822,0,0
403922,0,0
404022,0,0
404122,0,0
404222,0,0
404322,0,0
404422,0,0
404522,0,0
404622,0,0
404722,0,0
404822,0,0
404922,0,0
405022,0,0
405122,0,0
405222,0,0
405322,0,0
405422,0,0
405522,0,0
405622,0,0
405722,0,0
405822,0,0
405922,0,0
406022,0,0
406122,0,0
406222,0,0
406322,0,0
406422,0,0
406522,0,0
406622,0,0
406722,0,0
406822,0,0
406922,0,0
407022,0,0
407122,0,0
407222,0,0
407322,0,0
407422,0,0
407522,0,0
407622,0,0
407722,0,0
407822,0,0
407922,0,0
408022,0,0
408122,0,0
408222,0,0
408322,0,0
408422,0,0
408522,0,0
408622,0,0
408722,0,0
408822,0,0
408922,0,0
409022,0,0
409122,0,0
409222,0,0
409322,0,0
409422,0,0
409522,0,0
409622,0,0
409722,0,0
409822,0,0
409922,0,0
410022,0,0
410122,0,0
410222,0,0
410322,0,0
410422,0,0
410522,0,0
410622,0,0
410722,0,0
410822,0,0
410922,0,0
411022,0,0
411122,0,0
411222,0,0
411322,0,0
411422,0,0
411522,0,0
411622,0,0
411722,0,0
411822,0,0
411922,0,0
412022,0,0
412122,0,0
412222,0,0
412322,0,0
412422,0,0
412522,0,0
412622,0,0
412722,0,0
412822,0,0
412922,0,0
413022,0,0
413122,0,0
413222,0,0
413322,0,0
413422,0,0
413522,0,0
413622,0,0
413722,0,0
413822,0,0
413922,0,0
414022,0,0
414122,0,0
414222,0,0
414322,0,0
414422,0,0
414522,0,0
414622,0,0
414722,0,0
414822,0,0
414922,0,0
415022,0,0
415122,0,0
415222,0,0
415322,0,0
415422,0,0
415522,0,0
415622,0,0
415722,0,0
415822,0,0
415922,0,0
416022,0,0
416122,0,0
416222,0,0
416599,0,0
416346,0,1
416446,0,1
416546,0,1
416646,0,1
416746,0,1
416846,0,1
416947,0,1
417047,0,1
417147,0,1
417247,0,1
417347,0,1
417447,0,1
417547,0,1
417647,0,1
417747,0,1
417847,0,1
417947,0,1
418047,0,1
418147,0,1
418247,0,1
418347,0,1
418447,0,1
418547,0,1
418647,0,1
418747,0,1
418847,0,1
418947,0,1
419047,0,1
419147,0,1
419247,0,1
419347,0,1
419447,0,1
419547,0,1
419647,0,1
419747,0,1
419848,0,1
420298,0,1
420398,0,1
420498,0,1
420625,0,0
420725,0,0
420825,0,0
420925,0,0
421025,0,0
421125,0,0
421225,0,0
421325,0,0
421425,0,0
421525,0,0
421625,0,0
421725,0,0
421825,0,0
421925,0,0
422025,0,0
422125,0,0
422225,0,0
422325,0,0
422425,0,0
422525,0,0
422625,0,0
422725,0,0
422825,0,0
422925,0,0
423025,0,0
423125,0,0
423225,0,0
423325,0,0
423425,0,0
423526,0,0
423626,0,0
423726,0,0
423826,0,0
423926,0,0
424026,0,0
424126,0,0
424226,0,0
424324,0,0
424424,0,0
424524,0,0
424624,0,0
424724,0,0
424824,0,0
424924,0,0
425024,0,0
425124,0,0
425224,0,0
425324,0,0
425424,0,0
425524,0,0
425624,0,0
425724,0,0
425824,0,0
425924,0,0
426024,0,0
426124,0,0
426224,0,0
426324,0,0
426425,0,0
426525,0,0
426625,0,0
426725,0,0
426825,0,0
426925,0,0
427025,0,0
427125,0,0
427225,0,0
427325,0,0
427425,0,0
427525,0,0
427625,0,0
427725,0,0
427825,0,0
427925,0,0
428025,0,0
428125,0,0
428225,0,0
428323,0,0
428423,0,0
428523,0,0
428623,0,0
428723,0,0
428823,0,0
428923,0,0
429023,0,0
429123,0,0
429223,0,0
429323,0,0
429423,0,0
429523,0,0
429623,0,0
429723,0,0
429823,0,0
429923,0,0
430023,0,0
430123,0,0
430223,0,0
430323,0,0
430423,0,0
430523,0,0
430623,0,0
430723,0,0
430823,0,0
430923,0,0
431023,0,0
431123,0,0
431223,0,0
431323,0,0
431423,0,0
431523,0,0
431623,0,0
431723,0,0
431823,0,0
431923,0,0
432023,0,0
432123,0,0
432223,0,0
432320,0,0
432420,0,0
432520,0,0
432620,0,0
432720,0,0
432820,0,0
432920,0,0
433020,0,0
433120,0,0
433220,0,0
433320,0,0
433420,0,0
433520,0,0
433620,0,0
433720,0,0
433820,0,0
433920,0,0
434020,0,0
434120,0,0
434220,0,0
434320,0,0
434420,0,0
434520,0,0
434620,0,0
434720,0,0
434820,0,0
434920,0,0
435020,0,0
435120,0,0
435220,0,0
435320,0,0
435420,0,0
435520,0,0
435620,0,0
435720,0,0
435820,0,0
435920,0,0
436020,0,0
436120,0,0
436220,0,0
436319,0,0
436419,0,0
436519,0,0
436619,0,0
436719,0,0
436819,0,0
436919,0,0
437019,0,0
437119,0,0
437219,0,0
437319,0,0
437419,0,0
437519,0,0
437619,0,0
437719,0,0
437819,0,0
437919,0,0
438019,0,0
438119,0,0
438219,0,0
438319,0,0
438419,0,0
438519,0,0
438619,0,0
438719,0,0
438819,0,0
438919,0,0
439019,0,0
439119,0,0
439219,0,0
439319,0,0
439419,0,0
439519,0,0
439619,0,0
439719,0,0
439819,0,0
439919,0,0
440019,0,0
440119,0,0
440219,0,0
440316,0,0
440416,0,0
440516,0,0
440616,0,0
440716,0,0
440816,0,0
440916,0,0
441016,0,0
441116,0,0
441216,0,0
441316,0,0
441416,0,0
441516,0,0
441616,0,0
441716,0,0
441816,0,0
441916,0,0
442016,0,0
442116,0,0
442216,0,0
442316,0,0
442416,0,0
442516,0,0
442616,0,0
442716,0,0
442816,0,0
442916,0,0
443016,0,0
443116,0,0
443216,0,0
443316,0,0
443416,0,0
443516,0,0
443616,0,0
443716,0,0
443816,0,0
443916,0,0
444016,0,0
444116,0,0
444216,0,0
444312,0,0
444412,0,0
444512,0,0
444612,0,0
444712,0,0
444812,0,0
444912,0,0
445012,0,0
445112,0,0
445212,0,0
445312,0,0
445412,0,0
445512,0,0
445612,0,0
445712,0,0
445812,0,0
445912,0,0
446012,0,0
446112,0,0
446212,0,0
446312,0,0
446412,0,0
446512,0,0
446612,0,0
446712,0,0
446812,0,0
446912,0,0
447012,0,0
447112,0,0
447212,0,0
447312,0,0
447412,0,0
447512,0,0
447612,0,0
447712,0,0
447812,0,0
447912,0,0
448012,0,0
448112,0,0
448212,0,0
448311,0,0
448411,0,0
448511,0,0
448611,0,0
448711,0,0
448811,0,0
448911,0,0
449011,0,0
449111,0,0
449211,0,0
449311,0,0
449411,0,0
449511,0,0
449611,0,0
449711,0,0
449811,0,0
449911,0,0
450011,0,0
450111,0,0
450697,0,0
450797,0,1
450897,0,1
450997,0,1
451097,0,1
451197,0,1
451297,0,1
451397,0,1
451497,0,1
451597,0,1
451697,0,1
451798,0,1
451898,0,1
451998,0,1
452098,0,1
452198,0,1
452296,0,1
452396,0,1
452496,0,1
452596,0,1
452696,0,1
452796,0,1
452896,0,1
452996,0,1
453096,0,1
453196,0,1
453296,0,1
453396,0,1
453496,0,1
453596,0,1
453696,0,1
453796,0,1
453896,0,1
453996,0,1
454096,0,1
454196,0,1
454296,0,1
454396,0,1
454496,0,1
454596,0,1
454724,0,0
454825,0,0
454925,0,0
455025,0,0
455125,0,0
455225,0,0
455325,0,0
455425,0,0
455525,0,0
455625,0,0
455725,0,0
455825,0,0
455925,0,0
456025,0,0
456125,0,0
456225,0,0
456325,0,0
456425,0,0
456525,0,0
456625,0,0
456725,0,0
456825,0,0
456925,0,0
457025,0,0
457125,0,0
457225,0,0
457325,0,0
457425,0,0
457525,0,0
457625,0,0
457725,0,0
457825,0,0
457925,0,0
458025,0,0
458125,0,0
458225,0,0
458325,0,0
458425,0,0
458525,0,0
458625,0,0
458725,0,0
458825,0,0
458925,0,0
459025,0,0
459125,0,0
459225,0,0
459325,0,0
459425,0,0
459525,0,0
459625,0,0
459725,0,0
459825,0,0
459925,0,0
460025,0,0
460125,0,0
460225,0,0
460325,0,0
460425,0,0
460525,0,0
460625,0,0
460725,0,0
460825,0,0
460925,0,0
461025,0,0
461125,0,0
461225,0,0
461325,0,0
461425,0,0
461525,0,0
461625,0,0
461725,0,0
461825,0,0
461925,0,0
462025,0,0
462125,0,0
462225,0,0
462325,0,0
462425,0,0
462525,0,0
462625,0,0
462725,0,0
462825,0,0
462925,0,0
463025,0,0
463125,0,0
463225,0,0
463325,0,0
463425,0,0
463525,0,0
463625,0,0
463725,0,0
463825,0,0
463925,0,0
464025,0,0
464125,0,0
464225,0,0
464325,0,0
464425,0,0
464525,0,0
464625,0,0
464725,0,0
464825,0,0
464925,0,0
465025,0,0
465125,0,0
465225,0,0
465325,0,0
465425,0,0
465525,0,0
465625,0,0
465725,0,0
465825,0,0
465925,0,0
466025,0,0
466125,0,0
466225,0,0
466325,0,0
466425,0,0
466525,0,0
466625,0,0
466725,0,0
466825,0,0
466925,0,0
467025,0,0
467125,0,0
467225,0,0
467325,0,0
467425,0,0
467525,0,0
467625,0,0
467725,0,0
467825,0,0
467925,0,0
468025,0,0
468125,0,0
468225,0,0
468325,0,0
468425,0,0
468525,0,0
468625,0,0
468725,0,0
468825,0,0
468925,0,0
469025,0,0
469125,0,0
469225,0,0
469325,0,0
469425,0,0
469525,0,0
469625,0,0
469725,0,0
469825,0,0
469925,0,0
470025,0,0
470125,0,0
470225,0,0
470325,0,0
470425,0,0
470525,0,0
470625,0,0
470725,0,0
470825,0,0
470925,0,0
471025,0,0
471125,0,0
471225,0,0
471325,0,0
471425,0,0
471525,0,0
471625,0,0
471725,0,0
471825,0,0
471925,0,0
472025,0,0
472125,0,0
472225,0,0
472325,0,0
472425,0,0
472525,0,0
472625,0,0
472725,0,0
472825,0,0
472925,0,0
473025,0,0
473125,0,0
473225,0,0
473325,0,0
473425,0,0
473525,0,0
473625,0,0
473725,0,0
473825,0,0
473925,0,0
474025,0,0
474125,0,0
474225,0,0
474325,0,0
474425,0,0
474525,0,0
474625,0,0
474725,0,0
474825,0,0
474911,0,0
475011,0,0
475637,0,0
475737,0,1
475837,0,1
475937,0,1
476037,0,1
476137,0,1
476237,0,1
476337,0,1
476437,0,1
476537,0,1
476637,0,1
476737,0,1
476837,0,1
476937,0,1
477037,0,1
477137,0,1
477237,0,1
477337,0,1
477437,0,1
477537,0,1
477638,0,1
477738,0,1
477838,0,1
477938,0,1
478038,0,1
478138,0,1
478238,0,1
478338,0,1
478438,0,1
478538,0,1
478638,0,1
478738,0,1
478838,0,1
478935,0,1
479035,0,1
479135,0,1
479235,0,1
479335,0,1
479435,0,1
479535,0,1
479663,0,0
479763,0,0
479863,0,0
479963,0,0
480063,0,0
480163,0,0
480263,0,0
480363,0,0
480463,0,0
480563,0,0
480664,0,0
480764,0,0
480864,0,0
480964,0,0
481064,0,0
481164,0,0
481264,0,0
481364,0,0
481464,0,0
481564,0,0
481664,0,0
481764,0,0
481864,0,0
481964,0,0
482064,0,0
482164,0,0
482264,0,0
482364,0,0
482464,0,0
482564,0,0
482664,0,0
482764,0,0
482864,0,0
482962,0,0
483062,0,0
483162,0,0
483262,0,0
483536,0,0
483636,0,1
483736,0,1
483836,0,1
483936,1,2
484036,1,2
484136,1,2
484236,1,2
484336,1,2
484436,1,2
484536,1,2
484636,1,2
484736,1,2
484836,1,2
484936,1,2
485036,1,2
485136,1,2
485236,1,2
485336,1,2
485436,1,2
485536,1,2
485636,1,2
485736,1,2
485836,1,2
485936,1,2
486036,1,2
486136,1,2
486236,1,2
486337,1,2
486437,1,2
486537,1,2
486637,1,2
486737,1,2
486837,1,2
486935,1,2
487035,1,2
487135,1,2
487235,1,2
487335,1,2
487435,1,2
487535,1,2
487635,1,2
487735,1,2
487835,1,2
487935,1,2
488035,1,2
488135,1,2
488235,1,2
488335,1,2
488435,1,2
488535,1,2
488635,1,2
488735,1,2
488835,1,2
488935,1,2
489035,1,2
489135,1,2
489236,1,2
489336,1,2
489436,1,2
489536,1,2
489636,1,2
489736,1,2
489836,1,2
489936,1,2
490036,1,2
490136,1,2
490236,1,2
490336,1,2
490436,1,2
490536,1,2
490636,1,2
490736,1,2
490836,1,2
490932,1,2
491032,1,2
491132,1,2
491232,1,2
491332,1,2
491432,1,2
491532,1,2
491632,1,2
491732,1,2
491832,1,2
491932,1,2
492032,1,2
492132,1,2
492232,1,2
492332,1,2
492432,0,0
492532,0,0
492632,0,0
492732,0,0
492832,0,0
492932,0,0
493032,0,0
493132,0,0
493232,0,0
493332,0,0
493432,0,0
493532,0,0
493632,0,0
493732,0,0
493832,0,0
493932,0,0
494032,0,0
494132,0,0
494232,0,0
494332,0,0
494432,0,0
494532,0,0
494632,0,0
494732,0,0
494832,0,0
494932,0,0
495032,0,0
495132,0,0
495232,0,0
495332,0,0
495432,0,0
495532,0,0
495632,0,0
495732,0,0
495832,0,0
495932,0,0
496032,0,0
496132,0,0
496232,0,0
496332,0,0
496432,0,0
496532,0,0
496632,0,0
496732,0,0
496832,0,0
496932,0,0
497032,0,0
497132,0,0
497232,0,0
497332,0,0
497432,0,0
497532,0,0
497632,0,0
497732,0,0
497832,0,0
497932,0,0
498032,0,0
498132,0,0
498232,0,0
498332,0,0
498432,0,0
498532,0,0
498632,0,0
498732,0,0
498832,0,0
498930,0,0
499030,0,0
499130,0,0
499230,0,0
499330,0,0
499430,0,0
499530,0,0
499630,0,0
499730,0,0
499830,0,0
499930,0,0
500030,0,0
500130,0,0
500230,0,0
500330,0,0
500430,0,0
500530,0,0
500630,0,0
500730,0,0
500830,0,0
500930,0,0
501030,0,0
501130,0,0
501230,0,0
501330,0,0
501430,0,0
501530,0,0
501630,0,0
501730,0,0
501830,0,0
501930,0,0
502030,0,0
502130,0,0
502230,0,0
502330,0,0
502430,0,0
502530,0,0
502630,0,0
502730,0,0
502830,0,0
502927,0,0
503027,0,0
503127,0,0
503227,0,0
503327,0,0
503427,0,0
503527,0,0
503627,0,0
503727,0,0
503827,0,0
503927,0,0
504027,0,0
504127,0,0
504227,0,0
504327,0,0
504427,0,0
504527,0,0
504627,0,0
504727,0,0
504827,0,0
504927,0,0
505027,0,0
505127,0,0
505227,0,0
505327,0,0
505427,0,0
505527,0,0
505627,0,0
505727,0,0
505827,0,0
505927,0,0
506027,0,0
506127,0,0
506227,0,0
506327,0,0
506427,0,0
506527,0,0
506627,0,0
506727,0,0
506827,0,0
506926,0,0
507026,0,0
507126,0,0
507226,0,0
507326,0,0
507426,0,0
507526,0,0
507626,0,0
507726,0,0
507826,0,0
507926,0,0
508026,0,0
508126,0,0
508226,0,0
508326,0,0
508426,0,0
508526,0,0
508626,0,0
508726,0,0
508826,0,0
508926,0,0
509026,0,0
509126,0,0
509226,0,0
509326,0,0
509426,0,0
509526,0,0
509626,0,0
509726,0,0
509826,0,0
509926,0,0
510026,0,0
510126,0,0
510226,0,0
510326,0,0
510426,0,0
510526,0,0
510626,0,0
510726,0,0
510826,0,0
510926,0,0
511009,0,0
511109,0,0
511209,0,0
511309,0,0
511409,0,0
511509,0,0
511609,0,0
511709,0,0
511809,0,0
511909,0,0
512009,0,0
512109,0,0
512209,0,0
512309,0,0
512409,0,0
512509,0,0
512609,0,0
512709,0,0
512809,0,0
512909,0,0
513009,0,0
513109,0,0
513209,0,0
513309,0,0
513409,0,0
513509,0,0
513609,0,0
513709,0,0
513809,0,0
513909,0,0
514009,0,0
514109,0,0
514209,0,0
514309,0,0
514409,0,0
514509,0,0
514609,0,0
514709,0,0
514809,0,0
514909,0,0
515009,0,0
515109,0,0
515209,0,0
515309,0,0
515409,0,0
515509,0,0
515609,0,0
515709,0,0
515809,0,0
515909,0,0
516009,0,0
516109,0,0
516209,0,0
516309,0,0
516409,0,0
516509,0,0
516609,0,0
516709,0,0
516809,0,0
516909,0,0
517009,0,0
517109,0,0
517209,0,0
517309,0,0
517409,0,0
517509,0,0
517609,0,0
517709,0,0
517809,0,0
517909,0,0
518009,0,0
518109,0,0
518209,0,0
518309,0,0
518409,0,0
518509,0,0
518609,0,0
518709,0,0
518809,0,0
518909,0,0
519009,0,0
519109,0,0
519209,0,0
519309,0,0
519409,0,0
519509,0,0
519609,0,0
519709,0,0
519809,0,0
519909,0,0
520009,0,0
520109,0,0
520209,0,0
520309,0,0
520409,0,0
520509,0,0
520609,0,0
520709,0,0
520809,0,0
520909,0,0
521009,0,0
521109,0,0
521209,0,0
521309,0,0
521409,0,0
521509,0,0
521609,0,0
521709,0,0
521809,0,0
521909,0,0
522009,0,0
522109,0,0
522209,0,0
522309,0,0
522409,0,0
522509,0,0
522609,0,0
522709,0,0
522809,0,0
522909,0,0
523009,0,0
523109,0,0
523209,0,0
523309,0,0
523409,0,0
523509,0,0
523609,0,0
523709,0,0
523809,0,0
523909,0,0
524009,0,0
524109,0,0
524209,0,0
524309,0,0
524409,0,0
524509,0,0
524609,0,0
524709,0,0
524809,0,0
524909,0,0
525009,0,0
525109,0,0
525209,0,0
525309,0,0
525409,0,0
525509,0,0
525609,0,0
525709,0,0
525809,0,0
525909,0,0
526009,0,0
526109,0,0
526209,0,0
526309,0,0
526409,0,0
526509,0,0
526609,0,0
526709,0,0
526809,0,0
526909,0,0
527009,0,0
527109,0,0
527209,0,0
527309,0,0
527409,0,0
527509,0,0
527609,0,0
527709,0,0
527809,0,0
527909,0,0
528009,0,0
528109,0,0
528209,0,0
528309,0,0
528409,0,0
528509,0,0
528609,0,0
528709,0,0
528809,0,0
528909,0,0
529009,0,0
529109,0,0
529209,0,0
529309,0,0
529409,0,0
529509,0,0
529609,0,0
529709,0,0
529809,0,0
529909,0,0
530009,0,0
530109,0,0
530209,0,0
530309,0,0
530409,0,0
530509,0,0
530609,0,0
530709,0,0
530809,0,0
530909,0,0
531009,0,0
531109,0,0
531209,0,0
531309,0,0
531409,0,0
531509,0,0
531609,0,0
531709,0,0
531809,0,0
531909,0,0
532009,0,0
532109,0,0
532209,0,0
532309,0,0
532409,0,0
532509,0,0
532609,0,0
532709,0,0
532809,0,0
532909,0,0
533009,0,0
533109,0,0
533209,0,0
533311,0,0
533411,0,0
533511,0,0
533611,0,0
533711,0,0
533866,0,0
533966,0,1
534066,0,1
534166,0,1
534267,1,2
534367,1,2
534467,1,2
534567,1,2
534667,1,2
534767,1,2
534867,1,2
534967,1,2
535067,1,2
535167,1,2
535267,1,2
535367,1,2
535467,1,2
535567,1,2
535667,1,2
535767,1,2
535867,1,2
535967,1,2
536067,1,2
536167,1,2
536267,1,2
536367,1,2
536467,1,2
536567,1,2
536667,1,2
536767,1,2
536867,1,2
536967,1,2
537067,1,2
537167,1,2
537267,1,2
537364,1,2
537464,1,2
537564,1,2
537664,1,2
537764,1,2
537864,1,2
537964,1,2
538064,1,2
538164,1,2
538264,1,2
538364,1,2
538464,1,2
538564,1,2
538664,1,2
538764,1,2
538864,1,2
538964,1,2
539064,1,2
539164,1,2
539264,1,2
539364,1,2
539464,1,2
539564,1,2
539664,1,2
539764,1,2
539864,1,2
539964,1,2
540064,1,2
540164,1,2
540264,1,2
540364,1,2
540464,1,2
540564,1,2
540664,1,2
540764,1,2
540864,1,2
540964,1,2
541064,1,2
541164,1,2
541264,1,2
541359,1,2
541459,1,2
541559,1,2
541659,1,2
541759,1,2
541859,1,2
541959,1,2
542059,1,2
542159,1,2
542259,1,2
542359,1,2
542459,1,2
542559,1,2
542659,1,2
542759,1,2
542859,1,2
542959,1,2
543059,1,2
543159,1,2
543259,1,2
543359,1,2
543459,1,2
543559,1,2
543659,1,2
543759,1,2
543859,1,2
543959,1,2
544059,1,2
544159,1,2
544259,1,2
544359,1,2
544459,1,2
544559,1,2
544659,1,2
544759,1,2
544859,1,2
544959,1,2
545059,1,2
545159,1,2
545259,1,2
545359,1,2
545459,1,2
545559,1,2
545659,1,2
545759,1,2
545859,1,2
545959,1,2
546059,1,2
546159,1,2
546259,1,2
546359,1,2
546459,1,2
546559,1,2
546659,1,2
546759,1,2
546859,1,2
546971,1,2
547071,1,2
547171,1,2
547271,1,2
547371,1,2
547471,1,2
547571,1,2
547671,1,2
547771,1,2
547871,1,2
547971,1,2
548071,1,2
548171,1,2
548271,1,2
548371,1,2
548471,1,2
548571,1,2
548671,1,2
548771,1,2
548871,1,2
548971,1,2
549071,1,2
549171,1,2
549271,1,2
549370,1,2
549470,1,2
549570,1,2
549670,1,2
549770,1,2
549870,1,2
549970,1,2
550070,1,2
550170,1,2
550270,1,2
550370,1,2
550470,1,2
550570,1,2
550670,1,2
550770,1,2
550870,1,2
550970,1,2
551070,1,2
551170,1,2
551270,1,2
551370,1,2
551470,1,2
551570,1,2
551670,1,2
551770,1,2
551870,1,2
551970,1,2
552070,1,2
552170,1,2
552270,1,2
552370,1,2
552470,1,2
552570,1,2
552670,1,2
552770,1,2
552870,1,2
552970,1,2
553070,1,2
553170,1,2
553270,1,2
553368,1,2
553468,1,2
553568,1,2
553668,1,2
553768,1,2
553868,1,2
553968,1,2
554068,1,2
554168,1,2
554268,1,2
554368,1,2
554468,1,2
554568,1,2
554668,1,2
554768,1,2
554868,1,2
554968,1,2
555068,1,2
555168,1,2
555268,1,2
555368,1,2
555468,1,2
555568,1,2
555668,1,2
555768,1,2
555868,1,2
555968,1,2
556068,1,2
556168,1,2
556268,1,2
556368,1,2
556468,1,2
556568,1,2
556668,1,2
556768,1,2
556868,1,2
556968,1,2
557068,1,2
557168,1,2
557268,1,2
557366,1,2
557466,1,2
557566,1,2
557666,1,2
557766,1,2
557866,1,2
557966,1,2
558066,1,2
558166,1,2
558266,1,2
558366,1,2
558466,1,2
558566,1,2
558666,1,2
558766,1,2
558866,1,2
558966,1,2
559066,1,2
559184,1,2
559284,1,2
559385,1,2
559485,1,2
559585,1,2
559685,1,2
559785,1,2
559885,1,2
559985,1,2
560085,1,2
560185,1,2
560285,1,2
560385,1,2
560485,1,2
560585,1,2
560685,1,2
560785,1,2
560885,1,2
560985,1,2
561085,1,2
561185,1,2
561285,1,2
561382,1,2
561482,1,2
561582,1,2
561682,1,2
561782,1,2
561882,1,2
561982,1,2
562082,1,2
562182,1,2
562283,1,2
562383,1,2
562483,1,2
562583,1,2
562683,1,2
562783,1,2
562883,1,2
562983,1,2
563083,1,2
563183,1,2
563283,1,2
563383,1,2
563483,1,2
563583,1,2
563683,1,2
563783,1,2
563883,1,2
563983,1,2
564083,1,2
564183,1,2
564283,1,2
564383,1,2
564483,1,2
564583,1,2
564683,1,2
564783,1,2
564883,1,2
564983,1,2
565083,1,2
565183,1,2
565283,1,2
565381,1,2
565481,1,2
565581,1,2
565681,1,2
565781,1,2
565881,1,2
565981,1,2
566081,1,2
566181,1,2
566281,1,2
566381,1,2
566481,1,2
566581,1,2
566681,1,2
566781,1,2
566881,1,2
566981,1,2
567081,1,2
567181,1,2
567281,1,2
567381,1,2
567481,1,2
567581,1,2
567681,1,2
567781,1,2
567881,1,2
567981,1,2
568081,1,2
568181,1,2
568281,1,2
568381,1,2
568481,1,2
568581,1,2
568681,1,2
568781,1,2
568881,1,2
568981,1,2
569081,1,2
569181,1,2
569281,1,2
569378,1,2
569478,1,2
569578,1,2
569678,1,2
569778,1,2
569878,1,2
569978,1,2
570078,1,2
570178,1,2
570278,1,2
570378,1,2
570478,1,2
570578,1,2
570678,1,2
570778,1,2
570878,1,2
570978,1,2
571078,1,2
571178,1,2
571278,1,2
571378,1,2
571478,1,2
571584,1,2
571684,1,2
571784,1,2
571884,1,2
571984,1,2
572084,1,2
572184,1,2
572284,1,2
572384,1,2
572484,1,2
572584,1,2
572684,1,2
572784,1,2
572884,1,2
572984,1,2
573084,1,2
573184,1,2
573284,1,2
573382,1,2
573482,1,2
573583,1,2
573683,1,2
573783,1,2
573883,1,2
573983,1,2
574083,1,2
574183,1,2
574283,1,2
574383,1,2
574483,1,2
574583,1,2
574683,1,2
574783,1,2
574883,1,2
574983,1,2
575083,1,2
575183,1,2
575283,1,2
575383,1,2
575483,1,2
575583,1,2
575683,1,2
575783,1,2
575883,1,2
575983,1,2
576083,1,2
576183,1,2
576283,1,2
576383,1,2
576484,1,2
576584,1,2
576684,1,2
576784,1,2
576884,1,2
576984,1,2
577084,1,2
577184,1,2
577284,1,2
577384,1,2
577484,1,2
577584,1,2
577684,1,2
577784,1,2
577884,1,2
577984,1,2
578084,1,2
578184,1,2
578284,1,2
578384,1,2
578484,1,2
578584,1,2
578684,1,2
578784,1,2
578884,1,2
578984,1,2
579084,1,2
579184,1,2
579284,1,2
579384,1,2
579484,1,2
579595,0,0
579695,0,0
579795,0,0
579895,0,0
579995,0,0
580095,0,0
580322,0,0
580422,0,0
580522,0,0
580623,0,0
580723,0,0
580823,0,0
580923,0,0
581023,0,0
581123,0,0
581223,0,0
581323,0,0
581423,0,0
581523,0,0
581623,0,0
581723,0,0
581823,0,0
581923,0,0
582023,0,0
582123,0,0
582223,0,0
582323,0,0
582423,0,0
582523,0,0
582623,0,0
582723,0,0
582823,0,0
582923,0,0
583023,0,0
583123,0,0
583223,0,0
583323,0,0
583423,0,0
583524,0,0
583624,0,0
583724,0,0
583824,0,0
583924,0,0
584024,0,0
584124,0,0
584224,0,0
584324,0,0
584424,0,0
584524,0,0
584624,0,0
584724,0,0
584824,0,0
584924,0,0
585024,0,0
585124,0,0
585224,0,0
585324,0,0
585424,0,0
585524,0,0
585624,0,0
585724,0,0
585824,0,0
585924,0,0
586024,0,0
586124,0,0
586224,0,0
586324,0,0
586424,0,0
586524,0,0
586624,0,0
586724,0,0
586824,0,0
586924,0,0
587024,0,0
587124,0,0
587224,0,0
587324,0,0
587424,0,0
587524,0,0
587624,0,0
587724,0,0
587824,0,0
587924,0,0
588024,0,0
588124,0,0
588224,0,0
588324,0,0
588424,0,0
588524,0,0
588624,0,0
588724,0,0
588824,0,0
588924,0,0
589024,0,0
589124,0,0
589224,0,0
589324,0,0
589424,0,0
589524,0,0
589624,0,0
589724,0,0
589824,0,0
589924,0,0
590024,0,0
590124,0,0
590224,0,0
590324,0,0
590424,0,0
590524,0,0
590624,0,0
590724,0,0
590824,0,0
590924,0,0
591024,0,0
591124,0,0
591224,0,0
591324,0,0
591424,0,0
591524,0,0
591624,0,0
591724,0,0
591824,0,0
591924,0,0
592024,0,0
592124,0,0
592224,0,0
592324,0,0
592424,0,0
592524,0,0
592624,0,0
592724,0,0
592824,0,0
592924,0,0
593024,0,0
593124,0,0
593224,0,0
593324,0,0
593424,0,0
593524,0,0
593624,0,0
593724,0,0
593824,0,0
593924,0,0
594024,0,0
594124,0,0
594224,0,0
594324,0,0
594424,0,0
594524,0,0
594624,0,0
594724,0,0
594824,0,0
594924,0,0
