p:4000,20000,6000,600,8000,4000,2000,8000,70
15042,0,0
15142,0,0
15242,0,0
15342,0,0
15442,0,0
15542,0,0
15642,0,0
15742,0,0
15842,0,0
15942,0,0
16042,0,0
16142,0,0
16398,0,0
16498,0,1
16598,0,1
16698,0,1
16798,0,1
16898,0,1
16998,0,1
17098,0,1
17198,0,1
17298,0,1
17398,0,1
17498,0,1
17598,0,1
17698,0,1
17798,0,1
17898,0,1
17998,0,1
18098,0,1
18198,0,1
18298,0,1
18398,0,1
18498,0,1
18598,0,1
18698,0,1
18798,0,1
18898,0,1
18998,0,1
19097,0,1
19197,0,1
19297,0,1
19397,0,1
19497,0,1
19597,0,1
19697,0,1
19797,0,1
19897,0,1
19997,0,1
20097,0,1
20197,0,1
20297,0,1
20397,0,1
20497,0,0
20597,0,0
20697,0,0
20797,0,0
20897,0,0
21179,0,0
21279,0,1
21379,0,1
21479,0,1
21579,0,1
21679,0,1
21779,0,1
21879,0,1
21979,0,1
22079,0,1
22179,0,1
22279,0,1
22379,0,1
22479,0,1
22579,0,1
22679,0,1
22779,0,1
22879,0,1
22980,0,1
23081,0,1
23181,0,1
23281,0,1
23381,0,1
23481,0,1
23581,0,1
23681,0,1
23781,0,1
23881,0,1
23981,0,1
24081,0,1
24181,0,1
24281,0,1
24381,0,1
24481,0,1
24581,0,1
24681,0,1
24781,0,1
24881,0,1
24981,0,1
25081,0,1
25209,0,0
25309,0,0
25409,0,0
25509,0,0
25609,0,0
25709,0,0
25809,0,0
25909,0,0
26010,0,0
26110,0,0
26210,0,0
26310,0,0
26410,0,0
26510,0,0
26610,0,0
26710,0,0
26810,0,0
26910,0,0
27010,0,0
27107,0,0
27207,0,0
27307,0,0
27407,0,0
27507,0,0
27607,0,0
27707,0,0
27807,0,0
27907,0,0
28007,0,0
28107,0,0
28207,0,0
28307,0,0
28407,0,0
28507,0,0
28607,0,0
28707,0,0
28807,0,0
28907,0,0
29007,0,0
29107,0,0
29207,0,0
29307,0,0
29407,0,0
29507,0,0
29607,0,0
29707,0,0
29807,0,0
29907,0,0
30007,0,0
30107,0,0
30207,0,0
30307,0,0
30407,0,0
30507,0,0
30607,0,0
30707,0,0
30807,0,0
30907,0,0
31007,0,0
31109,0,0
31209,0,0
31309,0,0
31409,0,0
31509,0,0
31609,0,0
31709,0,0
31809,0,0
31909,0,0
32009,0,0
32109,0,0
32209,0,0
32309,0,0
32409,0,0
32509,0,0
32609,0,0
32709,0,0
32809,0,0
32909,0,0
33009,0,0
33109,0,0
33209,0,0
33309,0,0
33409,0,0
33509,0,0
33609,0,0
33709,0,0
33809,0,0
33909,0,0
34009,0,0
34109,0,0
34209,0,0
34309,0,0
34409,0,0
34509,0,0
34609,0,0
34709,0,0
34809,0,0
34909,0,0
35009,0,0
35109,0,0
35209,0,0
35309,0,0
35409,0,0
35509,0,0
35609,0,0
35709,0,0
35809,0,0
35909,0,0
36009,0,0
36109,0,0
36209,0,0
36309,0,0
36409,0,0
36509,0,0
36609,0,0
36709,0,0
36809,0,0
36909,0,0
37009,0,0
37109,0,0
37209,0,0
37309,0,0
37409,0,0
37509,0,0
37609,0,0
37709,0,0
37809,0,0
37909,0,0
38009,0,0
38109,0,0
38209,0,0
38309,0,0
38409,0,0
38509,0,0
38609,0,0
38709,0,0
38809,0,0
38909,0,0
39009,0,0
39109,0,0
39209,0,0
39309,0,0
39409,0,0
39509,0,0
39609,0,0
39709,0,0
39809,0,0
39909,0,0
40009,0,0
40109,0,0
40209,0,0
40309,0,0
40409,0,0
40509,0,0
40609,0,0
40709,0,0
40809,0,0
40909,0,0
41009,0,0
41109,0,0
41209,0,0
41309,0,0
41409,0,0
41509,0,0
41609,0,0
41709,0,0
41809,0,0
41909,0,0
42009,0,0
42109,0,0
42209,0,0
42309,0,0
42409,0,0
42509,0,0
42609,0,0
42709,0,0
42809,0,0
42909,0,0
43009,0,0
43109,0,0
43209,0,0
43309,0,0
43409,0,0
43509,0,0
43609,0,0
43709,0,0
43809,0,0
43909,0,0
44009,0,0
44109,0,0
44209,0,0
44309,0,0
44409,0,0
44509,0,0
44609,0,0
44709,0,0
44809,0,0
44909,0,0
45009,0,0
45109,0,0
45209,0,0
45309,0,0
45409,0,0
45509,0,0
45609,0,0
45709,0,0
45809,0,0
45909,0,0
46009,0,0
46109,0,0
46209,0,0
46309,0,0
46409,0,0
46509,0,0
46609,0,0
46709,0,0
46809,0,0
46909,0,0
47009,0,0
47109,0,0
47209,0,0
47309,0,0
47409,0,0
47509,0,0
47609,0,0
47709,0,0
47809,0,0
47909,0,0
48009,0,0
48109,0,0
48209,0,0
48309,0,0
48409,0,0
48509,0,0
48609,0,0
48709,0,0
48809,0,0
48909,0,0
49009,0,0
49109,0,0
49209,0,0
49309,0,0
49409,0,0
49509,0,0
49609,0,0
49709,0,0
49809,0,0
49909,0,0
50009,0,0
50109,0,0
50209,0,0
50309,0,0
50409,0,0
50509,0,0
50609,0,0
50709,0,0
50809,0,0
50909,0,0
51009,0,0
51108,0,0
51208,0,0
51308,0,0
51408,0,0
51508,0,0
51608,0,0
51708,0,0
51808,0,0
51908,0,0
52008,0,0
52108,0,0
52208,0,0
52308,0,0
52408,0,0
52508,0,0
52608,0,0
52708,0,0
52808,0,0
52908,0,0
53008,0,0
53108,0,0
53208,0,0
53308,0,0
53408,0,0
53508,0,0
53608,0,0
53708,0,0
53808,0,0
53908,0,0
54008,0,0
54108,0,0
54208,0,0
54308,0,0
54408,0,0
54508,0,0
54608,0,0
54708,0,0
54808,0,0
54908,0,0
55008,0,0
55108,0,0
55208,0,0
55308,0,0
55408,0,0
55508,0,0
55608,0,0
55708,0,0
55808,0,0
55908,0,0
56008,0,0
56108,0,0
56208,0,0
56308,0,0
56408,0,0
56508,0,0
56608,0,0
56708,0,0
56808,0,0
56908,0,0
57008,0,0
57108,0,0
57208,0,0
57308,0,0
57408,0,0
57508,0,0
57608,0,0
57708,0,0
57808,0,0
57908,0,0
58008,0,0
58108,0,0
58208,0,0
58308,0,0
58408,0,0
58508,0,0
58608,0,0
58708,0,0
58808,0,0
58908,0,0
59008,0,0
59108,0,0
59208,0,0
59308,0,0
59408,0,0
59508,0,0
59608,0,0
59708,0,0
59808,0,0
59908,0,0
60008,0,0
60108,0,0
60208,0,0
60308,0,0
60408,0,0
60508,0,0
60608,0,0
60708,0,0
60808,0,0
60908,0,0
61008,0,0
61108,0,0
61208,0,0
61308,0,0
61408,0,0
61508,0,0
61608,0,0
61708,0,0
61808,0,0
61908,0,0
62008,0,0
62108,0,0
62208,0,0
62308,0,0
62408,0,0
62508,0,0
62608,0,0
62708,0,0
62808,0,0
62908,0,0
63008,0,0
63108,0,0
63208,0,0
63308,0,0
63408,0,0
63508,0,0
63608,0,0
63708,0,0
63808,0,0
63908,0,0
64008,0,0
64108,0,0
64208,0,0
64308,0,0
64408,0,0
64508,0,0
64608,0,0
64708,0,0
64808,0,0
64908,0,0
65008,0,0
65108,0,0
65208,0,0
65308,0,0
65408,0,0
65508,0,0
65608,0,0
65708,0,0
65808,0,0
65908,0,0
66008,0,0
66108,0,0
66208,0,0
66308,0,0
66408,0,0
66508,0,0
66608,0,0
66708,0,0
66808,0,0
66908,0,0
67008,0,0
67108,0,0
67208,0,0
67308,0,0
67408,0,0
67508,0,0
67608,0,0
67708,0,0
67808,0,0
67908,0,0
68008,0,0
68108,0,0
68208,0,0
68308,0,0
68408,0,0
68508,0,0
68608,0,0
68708,0,0
68808,0,0
68908,0,0
69008,0,0
69108,0,0
69208,0,0
69308,0,0
69408,0,0
69508,0,0
69608,0,0
69708,0,0
69808,0,0
69908,0,0
70008,0,0
70108,0,0
70208,0,0
70308,0,0
70408,0,0
70508,0,0
70608,0,0
70708,0,0
70808,0,0
70908,0,0
71008,0,0
71108,0,0
71208,0,0
71308,0,0
71408,0,0
71508,0,0
71608,0,0
71708,0,0
71808,0,0
71908,0,0
72008,0,0
72108,0,0
72208,0,0
72308,0,0
72408,0,0
72508,0,0
72608,0,0
72708,0,0
72808,0,0
72908,0,0
73008,0,0
73108,0,0
73208,0,0
73308,0,0
73408,0,0
73508,0,0
73608,0,0
73708,0,0
73808,0,0
73908,0,0
74334,0,0
74435,0,1
74535,0,1
74635,0,1
74735,0,1
74835,0,1
74935,0,1
75035,0,1
75135,0,1
75235,0,1
75335,0,1
75435,0,1
75535,0,1
75635,0,1
75735,0,1
75835,0,1
75935,0,1
76035,0,1
76135,0,1
76235,0,1
76335,0,1
76435,0,1
76535,0,1
76635,0,1
76735,0,1
76835,0,1
76935,0,1
77035,0,1
77135,0,1
77235,0,1
77336,0,1
77436,0,1
77536,0,1
77636,0,1
77736,0,1
77836,0,1
77936,0,1
78036,0,1
78136,0,1
78236,0,1
78378,0,0
78478,0,0
78758,0,0
78858,0,1
78958,0,1
79058,0,1
79179,0,1
79279,1,2
79379,1,2
79479,1,2
79579,1,2
79679,1,2
79779,1,2
79879,1,2
79979,1,2
80079,1,2
80179,1,2
80280,1,2
80380,1,2
80480,1,2
80580,1,2
80680,1,2
80780,1,2
80880,1,2
80980,1,2
81080,1,2
81207,0,0
81307,0,0
81407,0,0
81507,0,0
81606,0,0
81706,0,0
81806,0,0
81906,0,0
82006,0,0
82106,0,0
82206,0,0
82306,0,0
82406,0,0
82506,0,0
82606,0,0
82706,0,0
82806,0,0
82906,0,0
83006,0,0
83106,0,0
83206,0,0
83705,0,0
83805,0,1
83906,0,1
84006,0,1
84106,0,1
84206,0,1
84306,0,1
84406,0,1
84506,0,1
84606,0,1
84706,0,1
84806,0,1
84906,0,1
85006,0,1
85106,0,1
85206,0,1
85306,0,1
85406,0,1
85506,0,1
85608,0,1
85708,0,1
85808,0,1
85908,0,1
86008,0,1
86108,0,1
86208,0,1
86308,0,1
86408,0,1
86508,0,1
86608,0,1
86708,0,1
86809,0,1
86909,0,1
87009,0,1
87109,0,1
87209,0,1
87309,0,1
87409,0,1
87509,0,1
87609,0,1
87735,0,0
87835,0,0
87935,0,0
88035,0,0
88328,0,0
88428,0,1
88528,0,1
88628,0,1
88729,0,1
88829,0,1
88929,0,1
89029,0,1
89129,0,1
89229,0,1
89329,0,1
89429,0,1
89529,0,1
89628,0,1
89728,0,1
89828,0,1
89928,0,1
90028,0,1
90128,0,1
90228,0,1
90328,0,1
90428,0,1
90528,0,1
90628,0,1
90728,0,1
90828,0,1
90928,0,1
91028,0,1
91128,0,1
91228,0,1
91328,0,1
91428,0,1
91528,0,1
91628,0,1
91728,0,1
91828,0,1
91928,0,1
92028,0,1
92128,0,1
92228,0,1
92356,0,0
92456,0,0
92556,0,0
92656,0,0
92756,0,0
92856,0,0
92956,0,0
93056,0,0
93523,0,0
93623,0,1
93721,0,1
93821,0,1
93921,0,1
94021,0,1
94121,0,1
94221,0,1
94321,0,1
94421,0,1
94521,0,1
94621,0,1
94721,0,1
94821,0,1
94921,0,1
95021,0,1
95121,0,1
95221,0,1
95321,0,1
95421,0,1
95521,0,1
95621,0,1
95721,0,1
95821,0,1
95921,0,1
96022,0,1
96122,0,1
96222,0,1
96322,0,1
96422,0,1
96522,0,1
96622,0,1
96722,0,1
96822,0,1
96922,0,1
97022,0,1
97122,0,1
97222,0,1
97322,0,1
97422,0,1
97549,0,0
97649,0,0
97738,0,0
97838,0,0
97938,0,0
98038,0,0
98138,0,0
98238,0,0
98338,0,0
98438,0,0
98538,0,0
98638,0,0
98738,0,0
98838,0,0
98938,0,0
99038,0,0
99138,0,0
99238,0,0
99339,0,0
99439,0,0
99539,0,0
99639,0,0
99739,0,0
99839,0,0
99939,0,0
100039,0,0
100139,0,0
100239,0,0
100339,0,0
100439,0,0
100539,0,0
100639,0,0
100739,0,0
100839,0,0
100939,0,0
101039,0,0
101139,0,0
101399,0,0
101499,0,1
101599,0,1
101699,0,1
101806,0,1
101872,1,2
101972,1,2
102072,1,2
102172,1,2
102272,1,2
102372,1,2
102472,1,2
102572,1,2
102672,1,2
102772,1,2
102872,1,2
102972,1,2
103072,1,2
103172,1,2
103273,1,2
103373,1,2
103473,1,2
103573,1,2
103673,1,2
103801,0,0
103901,0,0
104001,0,0
104101,0,0
104201,0,0
104301,0,0
104401,0,0
104501,0,0
104601,0,0
104701,0,0
104801,0,0
104901,0,0
105001,0,0
105101,0,0
105201,0,0
105301,0,0
105401,0,0
105501,0,0
105601,0,0
105701,0,0
105848,0,0
106474,0,0
106574,0,1
106674,0,1
106774,0,1
106874,0,1
106974,0,1
107075,0,1
107175,0,1
107275,0,1
107375,0,1
107475,0,1
107575,0,1
107675,0,1
107775,0,1
107875,0,1
107975,0,1
108075,0,1
108175,0,1
108275,0,1
108375,0,1
108475,0,1
108575,0,1
108675,0,1
108775,0,1
108875,0,1
108975,0,1
109075,0,1
109175,0,1
109275,0,1
109375,0,1
109475,0,1
109575,0,1
109675,0,1
109775,0,1
109873,0,1
109974,0,1
110074,0,1
110174,0,1
110274,0,1
110374,0,1
110501,0,0
111117,0,0
111217,0,1
111317,0,1
111417,0,1
111517,0,1
111617,0,1
111717,0,1
111817,0,1
111917,0,1
112017,0,1
112117,0,1
112217,0,1
112317,0,1
112417,0,1
112517,0,1
112617,0,1
112717,0,1
112817,0,1
112918,0,1
113018,0,1
113118,0,1
113218,0,1
113318,0,1
113418,0,1
113518,0,1
113618,0,1
113718,0,1
113818,0,1
113918,0,1
114018,0,1
114118,0,1
114218,0,1
114318,0,1
114418,0,1
114518,0,1
114618,0,1
114718,0,1
114818,0,1
114918,0,1
115018,0,1
115146,0,0
115246,0,0
115346,0,0
115446,0,0
115546,0,0
115646,0,0
115746,0,0
115846,0,0
115946,0,0
116046,0,0
116146,0,0
116246,0,0
116346,0,0
116446,0,0
116546,0,0
116646,0,0
116746,0,0
116846,0,0
116946,0,0
117046,0,0
117146,0,0
117246,0,0
117346,0,0
117446,0,0
117546,0,0
117646,0,0
117746,0,0
117846,0,0
117946,0,0
118046,0,0
118146,0,0
118246,0,0
118346,0,0
118446,0,0
118546,0,0
118646,0,0
118746,0,0
118846,0,0
118946,0,0
119046,0,0
119146,0,0
119246,0,0
119346,0,0
119446,0,0
119546,0,0
119646,0,0
119746,0,0
119846,0,0
119946,0,0
120046,0,0
120146,0,0
120246,0,0
120346,0,0
120446,0,0
120546,0,0
120646,0,0
120746,0,0
120846,0,0
120946,0,0
121046,0,0
121146,0,0
121246,0,0
121346,0,0
121446,0,0
121546,0,0
121646,0,0
121746,0,0
121846,0,0
121946,0,0
122046,0,0
122146,0,0
122246,0,0
122346,0,0
122446,0,0
122546,0,0
122646,0,0
122746,0,0
122846,0,0
122946,0,0
123046,0,0
123146,0,0
123246,0,0
123346,0,0
123446,0,0
123546,0,0
123646,0,0
123746,0,0
123846,0,0
123946,0,0
124046,0,0
124146,0,0
124246,0,0
124346,0,0
124446,0,0
124546,0,0
124646,0,0
124746,0,0
124846,0,0
124946,0,0
125046,0,0
125146,0,0
125246,0,0
125346,0,0
125446,0,0
125546,0,0
125646,0,0
125746,0,0
125846,0,0
125946,0,0
126036,0,0
126136,0,0
126236,0,0
126336,0,0
126436,0,0
126536,0,0
126636,0,0
126736,0,0
126836,0,0
126936,0,0
127036,0,0
127136,0,0
127236,0,0
127336,0,0
127436,0,0
127536,0,0
127636,0,0
127736,0,0
127836,0,0
127936,0,0
128036,0,0
128136,0,0
128236,0,0
128336,0,0
128436,0,0
128536,0,0
128636,0,0
128736,0,0
128836,0,0
128936,0,0
129036,0,0
129136,0,0
129236,0,0
129336,0,0
129436,0,0
129536,0,0
129636,0,0
129736,0,0
130283,0,0
130035,0,1
130135,0,1
130235,0,1
130335,0,1
130435,0,1
130535,0,1
130635,0,1
130736,0,1
130836,0,1
130936,0,1
131036,0,1
131136,0,1
131236,0,1
131336,0,1
131436,0,1
131536,0,1
131636,0,1
131736,0,1
131836,0,1
131936,0,1
132036,0,1
132136,0,1
132236,0,1
132336,0,1
132436,0,1
132536,0,1
132636,0,1
132736,0,1
132836,0,1
132936,0,1
133036,0,1
133136,0,1
133236,0,1
133336,0,1
133436,0,1
133536,0,1
133994,0,1
134094,0,1
134194,0,1
134294,0,1
134394,0,0
134494,0,0
134594,0,0
134694,0,0
135010,0,0
135110,0,1
135210,0,1
135310,0,1
135432,0,1
135532,1,2
135632,1,2
135732,1,2
135832,1,2
135932,1,2
136032,1,2
136132,1,2
136232,1,2
136332,1,2
136432,1,2
136532,1,2
136632,1,2
136732,1,2
136832,1,2
136932,1,2
137032,1,2
137132,1,2
137232,1,2
137332,1,2
137432,1,2
137532,0,0
137632,0,0
137732,0,0
137832,0,0
137932,0,0
138033,0,0
138133,0,0
138233,0,0
138333,0,0
138434,0,0
138534,0,0
138634,0,0
138734,0,0
138834,0,0
138934,0,0
139034,0,0
139134,0,0
139234,0,0
139334,0,0
139434,0,0
139679,0,0
139779,0,1
139879,0,1
139979,0,1
140079,0,1
140179,0,1
140279,0,1
140379,0,1
140479,0,1
140579,0,1
140679,0,1
140779,0,1
140879,0,1
140979,0,1
141079,0,1
141179,0,1
141279,0,1
141379,0,1
141479,0,1
141579,0,1
141679,0,1
141779,0,1
141879,0,1
141978,0,1
142078,0,1
142178,0,1
142278,0,1
142378,0,1
142478,0,1
142578,0,1
142678,0,1
142778,0,1
142878,0,1
142978,0,1
143078,0,1
143178,0,1
143278,0,1
143378,0,1
143478,0,1
143578,0,1
143678,0,1
143778,0,0
143878,0,0
143978,0,0
144078,0,0
144178,0,0
144278,0,0
144378,0,0
144478,0,0
144578,0,0
144678,0,0
144778,0,0
144878,0,0
144978,0,0
145078,0,0
145178,0,0
145278,0,0
145378,0,0
145478,0,0
145578,0,0
145678,0,0
145778,0,0
145878,0,0
145977,0,0
146077,0,0
146177,0,0
146277,0,0
146377,0,0
146477,0,0
146577,0,0
146677,0,0
146777,0,0
146877,0,0
146977,0,0
147077,0,0
147177,0,0
147277,0,0
147377,0,0
147477,0,0
147577,0,0
147677,0,0
147777,0,0
147877,0,0
147977,0,0
148077,0,0
148177,0,0
148277,0,0
148377,0,0
148477,0,0
148577,0,0
148677,0,0
148777,0,0
148877,0,0
148977,0,0
149077,0,0
149177,0,0
149277,0,0
149377,0,0
149477,0,0
149577,0,0
149677,0,0
149777,0,0
149877,0,0
149977,0,0
150077,0,0
150177,0,0
150277,0,0
150377,0,0
150477,0,0
150577,0,0
150677,0,0
150777,0,0
150877,0,0
150977,0,0
151077,0,0
151177,0,0
151277,0,0
151377,0,0
151477,0,0
151577,0,0
151677,0,0
151777,0,0
151877,0,0
151977,0,0
152077,0,0
152177,0,0
152277,0,0
152377,0,0
152477,0,0
152577,0,0
152677,0,0
152777,0,0
152877,0,0
152977,0,0
153077,0,0
153177,0,0
153277,0,0
153377,0,0
153477,0,0
153577,0,0
153677,0,0
153777,0,0
153877,0,0
153978,0,0
154078,0,0
154178,0,0
154278,0,0
154378,0,0
154478,0,0
154578,0,0
154678,0,0
154778,0,0
154878,0,0
154978,0,0
155078,0,0
155178,0,0
155278,0,0
155378,0,0
155478,0,0
155578,0,0
155678,0,0
155778,0,0
155878,0,0
155978,0,0
156078,0,0
156178,0,0
156278,0,0
156378,0,0
156478,0,0
156578,0,0
156678,0,0
156778,0,0
156878,0,0
156978,0,0
157078,0,0
157178,0,0
157278,0,0
157378,0,0
157478,0,0
157578,0,0
157678,0,0
157778,0,0
157878,0,0
157978,0,0
158078,0,0
158178,0,0
158278,0,0
158378,0,0
158478,0,0
158578,0,0
158678,0,0
158778,0,0
158878,0,0
158978,0,0
159078,0,0
159178,0,0
159278,0,0
159378,0,0
159478,0,0
159578,0,0
159678,0,0
159778,0,0
159878,0,0
159978,0,0
160078,0,0
160178,0,0
160278,0,0
160378,0,0
160478,0,0
160578,0,0
160678,0,0
160778,0,0
160878,0,0
160978,0,0
161078,0,0
161178,0,0
161278,0,0
161378,0,0
161478,0,0
161578,0,0
161678,0,0
161778,0,0
161878,0,0
161977,0,0
162077,0,0
162177,0,0
162277,0,0
162377,0,0
162477,0,0
162577,0,0
162677,0,0
162777,0,0
162877,0,0
162977,0,0
163077,0,0
163177,0,0
163277,0,0
163377,0,0
163477,0,0
163577,0,0
163677,0,0
163777,0,0
163877,0,0
163977,0,0
164077,0,0
164177,0,0
164277,0,0
164377,0,0
164477,0,0
164577,0,0
164677,0,0
164777,0,0
164877,0,0
164977,0,0
165077,0,0
165177,0,0
165277,0,0
165377,0,0
165477,0,0
165577,0,0
165677,0,0
165777,0,0
165877,0,0
165976,0,0
166076,0,0
166176,0,0
166276,0,0
166376,0,0
166476,0,0
166576,0,0
166676,0,0
166776,0,0
166876,0,0
166976,0,0
167076,0,0
167176,0,0
167276,0,0
167376,0,0
167476,0,0
167576,0,0
167676,0,0
167776,0,0
167876,0,0
167976,0,0
168076,0,0
168176,0,0
168276,0,0
168376,0,0
168476,0,0
168576,0,0
168676,0,0
168776,0,0
168876,0,0
168976,0,0
169076,0,0
169176,0,0
169276,0,0
169376,0,0
169476,0,0
169576,0,0
169676,0,0
169776,0,0
169876,0,0
169976,0,0
170076,0,0
170176,0,0
170276,0,0
170376,0,0
170476,0,0
170576,0,0
170676,0,0
170776,0,0
170876,0,0
170976,0,0
171076,0,0
171176,0,0
171276,0,0
171376,0,0
171476,0,0
171576,0,0
171676,0,0
171776,0,0
171876,0,0
171976,0,0
172076,0,0
172176,0,0
172276,0,0
172376,0,0
172476,0,0
172576,0,0
172676,0,0
172776,0,0
172876,0,0
172976,0,0
173076,0,0
173176,0,0
173276,0,0
173376,0,0
173476,0,0
173576,0,0
173676,0,0
173776,0,0
173876,0,0
173976,0,0
174076,0,0
174176,0,0
174276,0,0
174376,0,0
174476,0,0
174576,0,0
174676,0,0
174776,0,0
174876,0,0
174976,0,0
175076,0,0
175176,0,0
175276,0,0
175376,0,0
175476,0,0
175576,0,0
175676,0,0
175776,0,0
175876,0,0
175976,0,0
176076,0,0
176176,0,0
176276,0,0
176376,0,0
176476,0,0
176576,0,0
176676,0,0
176776,0,0
176876,0,0
176976,0,0
177076,0,0
177176,0,0
177276,0,0
177376,0,0
177476,0,0
177576,0,0
177676,0,0
177776,0,0
177876,0,0
177976,0,0
178076,0,0
178176,0,0
178276,0,0
178376,0,0
178476,0,0
178576,0,0
178676,0,0
178776,0,0
178876,0,0
178976,0,0
179076,0,0
179176,0,0
179276,0,0
179376,0,0
179476,0,0
179576,0,0
179676,0,0
179776,0,0
179876,0,0
179976,0,0
180076,0,0
180176,0,0
180276,0,0
180376,0,0
180476,0,0
180576,0,0
180676,0,0
180776,0,0
180876,0,0
180976,0,0
181076,0,0
181176,0,0
181276,0,0
181376,0,0
181476,0,0
181576,0,0
181676,0,0
181776,0,0
181876,0,0
181976,0,0
182076,0,0
182176,0,0
182276,0,0
182376,0,0
182476,0,0
182576,0,0
182676,0,0
182776,0,0
182876,0,0
182976,0,0
183076,0,0
183176,0,0
183276,0,0
183376,0,0
183476,0,0
183576,0,0
183676,0,0
183776,0,0
183876,0,0
183976,0,0
184076,0,0
184176,0,0
184276,0,0
184376,0,0
184476,0,0
184576,0,0
184676,0,0
184776,0,0
184876,0,0
184976,0,0
185076,0,0
185176,0,0
185276,0,0
185376,0,0
185476,0,0
185576,0,0
185676,0,0
185776,0,0
185876,0,0
185976,0,0
186076,0,0
186176,0,0
186277,0,0
186788,0,0
186888,0,1
186988,0,1
187088,0,1
187188,0,1
187288,0,1
187388,0,1
187488,0,1
187588,0,1
187688,0,1
187788,0,1
187888,0,1
187988,0,1
188088,0,1
188188,0,1
188288,0,1
188388,0,1
188488,0,1
188588,0,1
188688,0,1
188788,0,1
188888,0,1
188988,0,1
189088,0,1
189188,0,1
189288,0,1
189388,0,1
189488,0,1
189589,0,1
189689,0,1
189789,0,1
189889,0,1
189989,0,1
190089,0,1
190189,0,1
190288,0,1
190388,0,1
190488,0,1
190588,0,1
190688,0,1
190815,0,0
190915,0,0
191015,0,0
191115,0,0
191215,0,0
191315,0,0
191415,0,0
191515,0,0
191615,0,0
191715,0,0
191815,0,0
191915,0,0
192015,0,0
192115,0,0
192215,0,0
192315,0,0
192415,0,0
192515,0,0
192615,0,0
192715,0,0
192815,0,0
192916,0,0
193016,0,0
193116,0,0
193216,0,0
193316,0,0
193416,0,0
193516,0,0
193616,0,0
193716,0,0
193816,0,0
193916,0,0
194016,0,0
194116,0,0
194216,0,0
194316,0,0
194416,0,0
194516,0,0
194616,0,0
194716,0,0
194816,0,0
194916,0,0
195016,0,0
195116,0,0
195216,0,0
195316,0,0
195416,0,0
195516,0,0
195616,0,0
195716,0,0
195816,0,0
195916,0,0
196016,0,0
196116,0,0
196216,0,0
196316,0,0
196416,0,0
196516,0,0
196616,0,0
196716,0,0
196816,0,0
196916,0,0
197016,0,0
197116,0,0
197216,0,0
197316,0,0
197416,0,0
197516,0,0
197616,0,0
197716,0,0
197816,0,0
197916,0,0
198016,0,0
198116,0,0
198216,0,0
198316,0,0
198416,0,0
198516,0,0
198616,0,0
198716,0,0
198816,0,0
198916,0,0
199016,0,0
199116,0,0
199216,0,0
199316,0,0
199416,0,0
199516,0,0
199616,0,0
199716,0,0
199816,0,0
199916,0,0
200016,0,0
200116,0,0
200216,0,0
200316,0,0
200416,0,0
200516,0,0
200616,0,0
200716,0,0
200816,0,0
200916,0,0
201016,0,0
201116,0,0
201216,0,0
201316,0,0
201416,0,0
201516,0,0
201616,0,0
201716,0,0
201816,0,0
201916,0,0
202016,0,0
202116,0,0
202216,0,0
202316,0,0
202416,0,0
202516,0,0
202616,0,0
202716,0,0
202816,0,0
202916,0,0
203016,0,0
203116,0,0
203216,0,0
203316,0,0
203416,0,0
203516,0,0
203616,0,0
203716,0,0
203816,0,0
203916,0,0
204016,0,0
204116,0,0
204216,0,0
204316,0,0
204416,0,0
204516,0,0
204616,0,0
204716,0,0
204816,0,0
204916,0,0
205016,0,0
205116,0,0
205216,0,0
205316,0,0
205416,0,0
205516,0,0
205616,0,0
205716,0,0
205816,0,0
205916,0,0
206016,0,0
206116,0,0
206216,0,0
206316,0,0
206416,0,0
206516,0,0
206616,0,0
206716,0,0
206816,0,0
206916,0,0
207016,0,0
207116,0,0
207216,0,0
207316,0,0
207416,0,0
207516,0,0
207616,0,0
207716,0,0
207816,0,0
207916,0,0
208016,0,0
208116,0,0
208216,0,0
208316,0,0
208416,0,0
208516,0,0
208616,0,0
208716,0,0
208816,0,0
208916,0,0
209016,0,0
209116,0,0
209216,0,0
209316,0,0
209416,0,0
209516,0,0
209616,0,0
209716,0,0
209816,0,0
209916,0,0
210016,0,0
210116,0,0
210216,0,0
210315,0,0
210415,0,0
210515,0,0
210615,0,0
210715,0,0
210815,0,0
210915,0,0
211015,0,0
211115,0,0
211215,0,0
211315,0,0
211415,0,0
211515,0,0
211615,0,0
211715,0,0
211815,0,0
211915,0,0
212015,0,0
212115,0,0
212215,0,0
212315,0,0
212415,0,0
212515,0,0
212615,0,0
212715,0,0
212815,0,0
212915,0,0
213015,0,0
213115,0,0
213215,0,0
213315,0,0
213415,0,0
213515,0,0
213615,0,0
213715,0,0
213815,0,0
213915,0,0
214015,0,0
214115,0,0
214215,0,0
214315,0,0
214415,0,0
214515,0,0
214615,0,0
214715,0,0
214815,0,0
214915,0,0
215015,0,0
215115,0,0
215215,0,0
215315,0,0
215415,0,0
215515,0,0
215615,0,0
215715,0,0
215815,0,0
215915,0,0
216015,0,0
216115,0,0
216215,0,0
216315,0,0
216415,0,0
216515,0,0
216615,0,0
216715,0,0
216815,0,0
216915,0,0
217015,0,0
217115,0,0
217215,0,0
217315,0,0
217415,0,0
217515,0,0
217615,0,0
217715,0,0
217815,0,0
217915,0,0
218015,0,0
218115,0,0
218215,0,0
218314,0,0
218414,0,0
218514,0,0
218614,0,0
218714,0,0
218814,0,0
218914,0,0
219014,0,0
219114,0,0
219214,0,0
219314,0,0
219414,0,0
219514,0,0
219614,0,0
219714,0,0
219814,0,0
219914,0,0
220014,0,0
220114,0,0
220214,0,0
220314,0,0
220414,0,0
220514,0,0
220614,0,0
220714,0,0
220814,0,0
220914,0,0
221014,0,0
221114,0,0
221214,0,0
221314,0,0
221414,0,0
221514,0,0
221614,0,0
221714,0,0
221814,0,0
221914,0,0
222014,0,0
222114,0,0
222214,0,0
222315,0,0
222415,0,0
222515,0,0
222615,0,0
222715,0,0
222815,0,0
222915,0,0
223015,0,0
223115,0,0
223215,0,0
223315,0,0
223415,0,0
223515,0,0
223615,0,0
223715,0,0
223815,0,0
223915,0,0
224015,0,0
224115,0,0
224215,0,0
224315,0,0
224415,0,0
224515,0,0
224615,0,0
224715,0,0
224815,0,0
224915,0,0
225015,0,0
225115,0,0
225215,0,0
225315,0,0
225415,0,0
225515,0,0
225615,0,0
225715,0,0
225815,0,0
225915,0,0
226015,0,0
226115,0,0
226215,0,0
226315,0,0
226415,0,0
226515,0,0
226615,0,0
226715,0,0
226815,0,0
226915,0,0
227015,0,0
227115,0,0
227215,0,0
227315,0,0
227415,0,0
227515,0,0
227615,0,0
227715,0,0
227815,0,0
227915,0,0
228015,0,0
228115,0,0
228215,0,0
228315,0,0
228415,0,0
228515,0,0
228615,0,0
228715,0,0
228815,0,0
228915,0,0
229015,0,0
229115,0,0
229215,0,0
229315,0,0
229415,0,0
229515,0,0
229615,0,0
229715,0,0
229815,0,0
229915,0,0
230015,0,0
230115,0,0
230215,0,0
230315,0,0
230415,0,0
230515,0,0
230615,0,0
230715,0,0
230815,0,0
230915,0,0
231015,0,0
231115,0,0
231215,0,0
231315,0,0
231415,0,0
231515,0,0
231615,0,0
231715,0,0
231815,0,0
231915,0,0
232015,0,0
232115,0,0
232215,0,0
232315,0,0
232415,0,0
232515,0,0
232615,0,0
232715,0,0
232815,0,0
232915,0,0
233015,0,0
233115,0,0
233215,0,0
233315,0,0
233415,0,0
233515,0,0
233615,0,0
233715,0,0
233815,0,0
233915,0,0
234015,0,0
234115,0,0
234215,0,0
234315,0,0
234415,0,0
234515,0,0
234615,0,0
234715,0,0
234815,0,0
234915,0,0
235015,0,0
235115,0,0
235215,0,0
235315,0,0
235415,0,0
235515,0,0
235615,0,0
235715,0,0
235815,0,0
235915,0,0
236015,0,0
236115,0,0
236215,0,0
236315,0,0
236415,0,0
236515,0,0
236615,0,0
236715,0,0
236815,0,0
236915,0,0
237015,0,0
237115,0,0
237215,0,0
237315,0,0
237415,0,0
237515,0,0
237615,0,0
237715,0,0
237815,0,0
237915,0,0
238015,0,0
238115,0,0
238215,0,0
238315,0,0
238415,0,0
238515,0,0
238615,0,0
238715,0,0
238815,0,0
238915,0,0
239015,0,0
239115,0,0
239215,0,0
239315,0,0
239415,0,0
239515,0,0
239615,0,0
239715,0,0
239815,0,0
239915,0,0
240015,0,0
240115,0,0
240215,0,0
240315,0,0
240415,0,0
240515,0,0
240615,0,0
240715,0,0
240815,0,0
240915,0,0
241015,0,0
241115,0,0
241215,0,0
241315,0,0
241415,0,0
241515,0,0
241615,0,0
241715,0,0
241815,0,0
241915,0,0
242015,0,0
242115,0,0
242215,0,0
242315,0,0
242415,0,0
242515,0,0
242615,0,0
242715,0,0
242815,0,0
242915,0,0
243185,0,0
243285,0,1
243385,0,1
243485,0,1
243605,0,1
243705,1,2
243805,1,2
243905,1,2
244005,1,2
244105,1,2
244205,1,2
244305,1,2
244405,1,2
244505,1,2
244605,1,2
244705,1,2
244805,1,2
244905,1,2
245005,1,2
245105,1,2
245205,1,2
245305,1,2
245405,1,2
245505,1,2
245605,1,2
245705,1,2
245805,1,2
245905,1,2
246005,1,2
246105,1,2
246206,1,2
246306,1,2
246406,1,2
246506,1,2
246606,1,2
246705,1,2
246805,1,2
246905,1,2
247005,1,2
247105,1,2
247205,1,2
247305,1,2
247405,1,2
247505,1,2
247605,1,2
247705,1,2
247805,1,2
247905,1,2
248005,1,2
248105,1,2
248205,1,2
248305,1,2
248405,1,2
248505,1,2
248605,1,2
248705,1,2
248805,1,2
248905,1,2
249005,1,2
249106,1,2
249206,1,2
249306,1,2
249406,1,2
249506,1,2
249606,1,2
249706,1,2
249806,1,2
249906,1,2
250006,1,2
250106,1,2
250206,1,2
250306,1,2
250406,1,2
250506,1,2
250606,1,2
250706,1,2
250806,1,2
250906,1,2
251006,1,2
251106,1,2
251206,1,2
251306,1,2
251406,1,2
251506,1,2
251606,1,2
251706,1,2
251806,1,2
251906,1,2
252006,1,2
252106,1,2
252217,1,2
252317,1,2
252417,1,2
252517,1,2
252617,1,2
252717,1,2
252818,1,2
252918,1,2
253018,1,2
253118,1,2
253218,1,2
253318,1,2
253418,1,2
253518,1,2
253618,1,2
253718,1,2
253818,1,2
253918,1,2
254018,1,2
254118,1,2
254218,1,2
254318,1,2
254418,1,2
254518,1,2
254618,1,2
254717,1,2
254817,1,2
254917,1,2
255017,1,2
255117,1,2
255217,1,2
255317,1,2
255417,1,2
255517,1,2
255617,1,2
255717,1,2
255817,1,2
255917,1,2
256017,1,2
256117,1,2
256217,1,2
256317,1,2
256417,1,2
256517,1,2
256617,1,2
256717,1,2
256817,1,2
256917,1,2
257017,1,2
257117,1,2
257217,1,2
257317,1,2
257417,1,2
257517,1,2
257617,1,2
257717,1,2
257817,1,2
257917,1,2
258017,1,2
258117,1,2
258217,1,2
258317,1,2
258417,1,2
258517,1,2
258617,1,2
258718,1,2
258818,1,2
258918,1,2
259018,1,2
259118,1,2
259218,1,2
259318,1,2
259418,1,2
259518,1,2
259618,1,2
259718,1,2
259818,1,2
259918,1,2
260018,1,2
260118,1,2
260218,1,2
260318,1,2
260418,1,2
260518,1,2
260618,1,2
260718,1,2
260818,1,2
260918,1,2
261018,1,2
261118,1,2
261218,1,2
261318,1,2
261418,1,2
261518,1,2
261618,1,2
261718,1,2
261818,1,2
261918,1,2
262018,1,2
262118,1,2
262218,1,2
262318,1,2
262418,1,2
262518,1,2
262618,1,2
262718,1,2
262818,1,2
262918,1,2
263018,1,2
263118,1,2
263218,1,2
263318,1,2
263418,1,2
263518,1,2
263618,1,2
263718,1,2
263818,1,2
263918,1,2
264018,1,2
264118,1,2
264218,1,2
264318,1,2
264443,1,2
264543,1,2
264643,1,2
264743,1,2
264843,1,2
264943,1,2
265043,1,2
265143,1,2
265243,1,2
265343,1,2
265443,1,2
265543,1,2
265643,1,2
265743,1,2
265843,1,2
265943,1,2
266043,1,2
266143,1,2
266243,1,2
266344,1,2
266444,1,2
266544,1,2
266644,1,2
266740,1,2
266840,1,2
266940,1,2
267040,1,2
267140,1,2
267240,1,2
267340,1,2
267440,1,2
267540,1,2
267640,1,2
267740,1,2
267840,1,2
267940,1,2
268040,1,2
268140,1,2
268240,1,2
268340,1,2
268440,1,2
268540,1,2
268640,1,2
268740,1,2
268840,1,2
268940,1,2
269040,1,2
269140,1,2
269241,1,2
269341,1,2
269441,1,2
269541,1,2
269641,1,2
269741,1,2
269841,1,2
269941,1,2
270041,1,2
270141,1,2
270241,1,2
270341,1,2
270441,1,2
270541,1,2
270641,1,2
270744,1,2
270844,1,2
270944,1,2
271044,1,2
271144,1,2
271244,1,2
271344,1,2
271444,1,2
271544,1,2
271644,1,2
271744,1,2
271844,1,2
271944,1,2
272044,1,2
272145,1,2
272245,1,2
272345,1,2
272445,1,2
272545,1,2
272645,1,2
272745,1,2
272845,1,2
272945,1,2
273045,1,2
273145,1,2
273245,1,2
273345,1,2
273445,1,2
273545,1,2
273645,1,2
273745,1,2
273845,1,2
273945,1,2
274045,1,2
274145,1,2
274245,1,2
274345,1,2
274445,1,2
274545,1,2
274645,1,2
274746,1,2
274846,1,2
274946,1,2
275046,1,2
275146,1,2
275246,1,2
275346,1,2
275446,1,2
275546,1,2
275646,1,2
275746,1,2
275846,1,2
275946,1,2
276046,1,2
276146,1,2
276246,1,2
276346,1,2
276446,1,2
276546,1,2
276657,1,2
276757,1,2
276857,1,2
276957,1,2
277057,1,2
277157,1,2
277257,1,2
277357,1,2
277457,1,2
277557,1,2
277657,1,2
277757,1,2
277857,1,2
277957,1,2
278057,1,2
278157,1,2
278257,1,2
278357,1,2
278457,1,2
278557,1,2
278657,1,2
278746,1,2
278846,1,2
278946,1,2
279047,1,2
279147,1,2
279247,1,2
279347,1,2
279447,1,2
279547,1,2
279647,1,2
279747,1,2
279847,1,2
279947,1,2
280047,1,2
280147,1,2
280247,1,2
280347,1,2
280447,1,2
280547,1,2
280647,1,2
280747,1,2
280847,1,2
280947,1,2
281047,1,2
281147,1,2
281247,1,2
281347,1,2
281447,1,2
281547,1,2
281647,1,2
281747,1,2
281847,1,2
281947,1,2
282047,1,2
282147,1,2
282247,1,2
282347,1,2
282447,1,2
282547,1,2
282647,1,2
282747,1,2
282847,1,2
282947,1,2
283047,1,2
283147,1,2
283247,1,2
283347,1,2
283447,1,2
283547,1,2
283647,1,2
283747,1,2
283847,1,2
283947,1,2
284047,1,2
284147,1,2
284247,1,2
284347,1,2
284447,1,2
284547,1,2
284647,1,2
284747,1,2
284847,1,2
284947,1,2
285047,1,2
285147,1,2
285247,1,2
285347,1,2
285447,1,2
285547,1,2
285647,1,2
285747,1,2
285847,1,2
285947,1,2
286047,1,2
286147,1,2
286247,1,2
286347,1,2
286447,1,2
286547,1,2
286647,1,2
286747,1,2
286847,1,2
286947,1,2
287047,1,2
287147,1,2
287247,1,2
287347,1,2
287447,1,2
287547,1,2
287647,1,2
287747,1,2
287847,1,2
287947,1,2
288047,1,2
288147,1,2
288247,1,2
288347,1,2
288447,1,2
288547,1,2
288647,1,2
288747,0,0
288847,0,0
288947,0,0
289047,0,0
289147,0,0
289247,0,0
289347,0,0
289447,0,0
289547,0,0
289647,0,0
289747,0,0
289847,0,0
289947,0,0
290047,0,0
290147,0,0
290247,0,0
290347,0,0
290447,0,0
290547,0,0
290647,0,0
290747,0,0
290847,0,0
290947,0,0
291047,0,0
291147,0,0
291247,0,0
291347,0,0
291447,0,0
291547,0,0
291647,0,0
291747,0,0
291847,0,0
291947,0,0
292047,0,0
292147,0,0
292247,0,0
292347,0,0
292447,0,0
292547,0,0
292647,0,0
292747,0,0
292847,0,0
292947,0,0
293047,0,0
293147,0,0
293247,0,0
293347,0,0
293447,0,0
293547,0,0
293647,0,0
293747,0,0
293847,0,0
293947,0,0
294047,0,0
294147,0,0
294247,0,0
294347,0,0
294447,0,0
294547,0,0
294647,0,0
294747,0,0
294847,0,0
294947,0,0
295047,0,0
295147,0,0
295247,0,0
295347,0,0
295447,0,0
295547,0,0
295647,0,0
295747,0,0
295847,0,0
295947,0,0
296047,0,0
296147,0,0
296247,0,0
296347,0,0
296447,0,0
296547,0,0
296647,0,0
296747,0,0
296847,0,0
296947,0,0
297047,0,0
297147,0,0
297247,0,0
297347,0,0
297447,0,0
297547,0,0
297647,0,0
297747,0,0
297847,0,0
297947,0,0
298047,0,0
298147,0,0
298247,0,0
298347,0,0
298447,0,0
298547,0,0
298647,0,0
298747,0,0
298847,0,0
298947,0,0
299047,0,0
299147,0,0
299247,0,0
299347,0,0
299454,0,0
299554,0,0
299654,0,0
300006,0,0
300106,0,1
300206,0,1
300306,0,1
300406,0,1
300506,0,1
300606,0,1
300706,0,1
300806,0,1
300906,0,1
301006,0,1
301106,0,1
301206,0,1
301306,0,1
301406,0,1
301506,0,1
301606,0,1
301706,0,1
301806,0,1
301906,0,1
302006,0,1
302106,0,1
302206,0,1
302306,0,1
302406,0,1
302506,0,1
302606,0,1
302706,0,1
302806,0,1
302906,0,1
303006,0,1
303106,0,1
303206,0,1
303306,0,1
303409,0,1
303509,0,1
303609,0,1
303709,0,1
303809,0,1
303909,0,1
304009,0,1
304109,0,0
304209,0,0
304822,0,0
304922,0,1
305022,0,1
305122,0,1
305222,0,1
305322,0,1
305422,0,1
305522,0,1
305622,0,1
305722,0,1
305822,0,1
305922,0,1
306023,0,1
306123,0,1
306223,0,1
306323,0,1
306423,0,1
306523,0,1
306623,0,1
306723,0,1
306823,0,1
306923,0,1
307023,0,1
307123,0,1
307223,0,1
307323,0,1
307422,0,1
307522,0,1
307622,0,1
307722,0,1
307822,0,1
307922,0,1
308022,0,1
308122,0,1
308222,0,1
308322,0,1
308422,0,1
308522,0,1
308622,0,1
308722,0,1
308850,0,0
309262,0,0
309362,0,1
309462,0,1
309563,0,1
309663,0,1
309763,0,1
309863,0,1
309963,0,1
310063,0,1
310163,0,1
310263,0,1
310363,0,1
310463,0,1
310563,0,1
310663,0,1
310763,0,1
310863,0,1
310963,0,1
311063,0,1
311163,0,1
311263,0,1
311363,0,1
311455,0,1
311555,0,1
311655,0,1
311755,0,1
311855,0,1
311955,0,1
312055,0,1
312155,0,1
312255,0,1
312355,0,1
312456,0,1
312556,0,1
312656,0,1
312756,0,1
312856,0,1
312956,0,1
313056,0,1
313156,0,1
313283,0,0
313383,0,0
313483,0,0
313583,0,0
313683,0,0
313783,0,0
314004,0,0
314104,0,1
314204,0,1
314304,0,1
314436,0,1
314536,1,2
314636,1,2
314736,1,2
314836,1,2
314936,1,2
315036,1,2
315136,1,2
315236,1,2
315336,1,2
315444,1,2
315544,1,2
315644,1,2
315744,1,2
315844,1,2
315944,1,2
316044,1,2
316144,1,2
316244,1,2
316344,1,2
316444,1,2
316544,1,2
316644,1,2
316744,1,2
316844,1,2
316944,1,2
317044,1,2
317144,1,2
317244,1,2
317344,1,2
317444,1,2
317544,1,2
317644,1,2
317744,1,2
317844,1,2
317944,1,2
318044,1,2
318144,1,2
318244,1,2
318344,1,2
318444,1,2
318544,1,2
318644,1,2
318744,1,2
318844,1,2
318944,1,2
319044,1,2
319144,1,2
319244,1,2
319344,1,2
319443,1,2
319543,1,2
319643,1,2
319743,1,2
319843,1,2
319943,1,2
320043,1,2
320143,1,2
320243,1,2
320343,1,2
320443,1,2
320543,1,2
320643,1,2
320743,1,2
320843,1,2
320943,1,2
321043,1,2
321143,1,2
321243,1,2
321343,1,2
321443,1,2
321543,1,2
321643,1,2
321743,1,2
321843,1,2
321943,1,2
322043,1,2
322143,1,2
322243,1,2
322343,1,2
322443,1,2
322543,1,2
322643,1,2
322743,1,2
322843,1,2
322943,1,2
323049,1,2
323149,1,2
323249,1,2
323349,1,2
323449,1,2
323549,1,2
323649,1,2
323749,1,2
323849,1,2
323949,1,2
324049,1,2
324149,1,2
324249,1,2
324349,1,2
324449,1,2
324549,1,2
324649,1,2
324749,1,2
324849,1,2
324949,1,2
325050,1,2
325150,1,2
325250,1,2
325350,1,2
325450,1,2
325550,1,2
325650,1,2
325750,1,2
325850,1,2
325950,1,2
326050,1,2
326150,1,2
326250,1,2
326350,1,2
326450,1,2
326550,1,2
326650,1,2
326750,1,2
326850,1,2
326950,1,2
327050,1,2
327150,1,2
327250,1,2
327350,1,2
327451,1,2
327551,1,2
327651,1,2
327751,1,2
327851,1,2
327952,1,2
328052,1,2
328152,1,2
328252,1,2
328352,1,2
328452,1,2
328552,1,2
328652,1,2
328752,1,2
328852,1,2
328952,1,2
329052,1,2
329152,1,2
329252,1,2
329352,1,2
329452,1,2
329552,1,2
329652,1,2
329752,1,2
329852,1,2
329952,1,2
330052,1,2
330152,1,2
330252,1,2
330352,1,2
330452,1,2
330552,1,2
330652,1,2
330752,1,2
330852,1,2
330952,1,2
331052,1,2
331152,1,2
331252,1,2
331352,1,2
331452,1,2
331552,1,2
331652,1,2
331752,1,2
331852,1,2
331952,1,2
332052,1,2
332152,1,2
332252,1,2
332352,1,2
332452,1,2
332552,1,2
332652,1,2
332752,1,2
332852,1,2
332952,1,2
333052,1,2
333152,1,2
333252,1,2
333352,1,2
333452,1,2
333552,1,2
333652,1,2
333752,1,2
333852,1,2
333952,1,2
334052,1,2
334152,1,2
334252,1,2
334352,1,2
334452,1,2
334552,1,2
334652,1,2
334752,1,2
334852,1,2
334952,1,2
335052,1,2
335152,1,2
335262,1,2
335362,1,2
335461,1,2
335561,1,2
335661,1,2
335761,1,2
335861,1,2
335961,1,2
336061,1,2
336161,1,2
336261,1,2
336361,1,2
336461,1,2
336561,1,2
336661,1,2
336761,1,2
336861,1,2
336961,1,2
337061,1,2
337161,1,2
337261,1,2
337361,1,2
337461,1,2
337561,1,2
337661,1,2
337761,1,2
337861,1,2
337961,1,2
338061,1,2
338161,1,2
338261,1,2
338362,1,2
338462,1,2
338562,1,2
338662,1,2
338762,1,2
338862,1,2
338962,1,2
339062,1,2
339162,1,2
339262,1,2
339362,1,2
339461,1,2
339561,1,2
339661,1,2
339761,1,2
339861,1,2
339961,1,2
340061,1,2
340161,1,2
340261,1,2
340361,1,2
340461,1,2
340561,1,2
340661,1,2
340761,1,2
340861,1,2
340961,1,2
341061,1,2
341161,1,2
341262,1,2
341362,1,2
341462,1,2
341562,1,2
341662,1,2
341762,1,2
341862,1,2
341962,1,2
342062,1,2
342162,1,2
342262,1,2
342362,1,2
342462,1,2
342562,1,2
342662,1,2
342762,1,2
342862,1,2
342962,1,2
343062,1,2
343162,1,2
343262,1,2
343362,1,2
343462,1,2
343562,1,2
343662,1,2
343762,1,2
343862,1,2
343962,1,2
344062,1,2
344162,1,2
344262,1,2
344362,1,2
344462,1,2
344562,1,2
344662,1,2
344762,1,2
344862,1,2
344962,1,2
345062,1,2
345162,1,2
345262,1,2
345362,1,2
345462,1,2
345562,1,2
345662,1,2
345762,1,2
345862,1,2
345962,1,2
346062,1,2
346162,1,2
346262,1,2
346362,1,2
346462,1,2
346562,1,2
346662,1,2
346762,1,2
346862,1,2
346962,1,2
347062,1,2
347162,1,2
347262,1,2
347362,0,0
347462,0,0
347562,0,0
347662,0,0
347762,0,0
347862,0,0
347962,0,0
348062,0,0
348162,0,0
348262,0,0
348362,0,0
348462,0,0
348562,0,0
348662,0,0
348762,0,0
348862,0,0
348962,0,0
349062,0,0
349162,0,0
349262,0,0
349362,0,0
349462,0,0
349562,0,0
349662,0,0
349762,0,0
349862,0,0
349962,0,0
350062,0,0
350162,0,0
350262,0,0
350362,0,0
350462,0,0
350562,0,0
350662,0,0
350762,0,0
350862,0,0
350962,0,0
351062,0,0
351162,0,0
351262,0,0
351362,0,0
351462,0,0
351562,0,0
351662,0,0
351762,0,0
351862,0,0
351962,0,0
352062,0,0
352162,0,0
352262,0,0
352362,0,0
352462,0,0
352562,0,0
352662,0,0
352762,0,0
352862,0,0
352962,0,0
353062,0,0
353162,0,0
353262,0,0
353362,0,0
353462,0,0
353562,0,0
353662,0,0
353762,0,0
353862,0,0
353962,0,0
354062,0,0
354162,0,0
354262,0,0
354362,0,0
354462,0,0
354562,0,0
354662,0,0
354762,0,0
354862,0,0
354962,0,0
355062,0,0
355162,0,0
355262,0,0
355362,0,0
355462,0,0
355562,0,0
355662,0,0
355762,0,0
355862,0,0
355962,0,0
356062,0,0
356162,0,0
356262,0,0
356362,0,0
356462,0,0
356562,0,0
356662,0,0
356762,0,0
356862,0,0
356962,0,0
357062,0,0
357162,0,0
357262,0,0
357362,0,0
357462,0,0
357562,0,0
357662,0,0
357762,0,0
357862,0,0
357962,0,0
358062,0,0
358162,0,0
358262,0,0
358362,0,0
358462,0,0
358562,0,0
359028,0,0
359128,0,1
359228,0,1
359328,0,1
359428,0,1
359525,0,1
359625,0,1
359725,0,1
359825,0,1
359925,0,1
360025,0,1
360125,0,1
360225,0,1
360325,0,1
360425,0,1
360525,0,1
360625,0,1
360725,0,1
360825,0,1
360925,0,1
361025,0,1
361125,0,1
361225,0,1
361325,0,1
361425,0,1
361526,0,1
361626,0,1
361726,0,1
361826,0,1
361926,0,1
362026,0,1
362126,0,1
362226,0,1
362326,0,1
362426,0,1
362526,0,1
362626,0,1
362726,0,1
362826,0,1
362926,0,1
363052,0,0
363152,0,0
363252,0,0
363352,0,0
363942,0,0
363527,0,1
363627,0,1
363727,0,1
363827,0,1
363927,0,1
364027,0,1
364127,0,1
364227,0,1
364327,0,1
364427,0,1
364527,0,1
364627,0,1
364727,0,1
364827,0,1
364927,0,1
365027,0,1
365127,0,1
365227,0,1
365327,0,1
365427,0,1
365527,0,1
365627,0,1
365727,0,1
365827,0,1
365927,0,1
366027,0,1
366127,0,1
366227,0,1
366327,0,1
366427,0,1
366527,0,1
366627,0,1
366727,0,1
366827,0,1
367446,0,1
367546,0,1
367646,0,1
367746,0,1
367846,0,1
367973,0,0
368073,0,0
368173,0,0
368662,0,0
368762,0,1
368862,0,1
368962,0,1
369062,0,1
369162,0,1
369262,0,1
369362,0,1
369462,0,1
369562,0,1
369662,0,1
369762,0,1
369862,0,1
369962,0,1
370062,0,1
370162,0,1
370262,0,1
370362,0,1
370462,0,1
370562,0,1
370662,0,1
370762,0,1
370862,0,1
370962,0,1
371062,0,1
371162,0,1
371262,0,1
371362,0,1
371462,0,1
371562,0,1
371662,0,1
371762,0,1
371862,0,1
371962,0,1
372062,0,1
372162,0,1
372262,0,1
372362,0,1
372462,0,1
372562,0,1
372662,0,1
372762,0,0
372862,0,0
372962,0,0
373062,0,0
373162,0,0
373262,0,0
373362,0,0
373462,0,0
373562,0,0
373662,0,0
373762,0,0
373862,0,0
373962,0,0
374062,0,0
374162,0,0
374262,0,0
374362,0,0
374462,0,0
374562,0,0
374662,0,0
374762,0,0
374862,0,0
374962,0,0
375062,0,0
375162,0,0
375262,0,0
375362,0,0
375462,0,0
375562,0,0
375662,0,0
375762,0,0
375862,0,0
375962,0,0
376062,0,0
376162,0,0
376262,0,0
376530,0,0
376630,0,1
376730,0,1
376830,0,1
376959,0,1
377060,0,0
377160,0,0
377260,0,0
377360,0,0
377460,0,0
377560,0,0
377660,0,0
377760,0,0
377860,0,0
377960,0,0
378060,0,0
378160,0,0
378260,0,0
378360,0,0
378460,0,0
378560,0,0
378660,0,0
378760,0,0
378860,0,0
378960,0,0
379060,0,0
379160,0,0
379260,0,0
379360,0,0
379461,0,0
379561,0,0
379661,0,0
379761,0,0
379861,0,0
379962,0,0
380062,0,0
380162,0,0
380262,0,0
380362,0,0
380755,0,0
380855,0,1
380955,0,1
381055,0,1
381155,0,1
381255,0,1
381355,0,1
381455,0,1
381555,0,1
381655,0,1
381755,0,1
381855,0,1
381955,0,1
382055,0,1
382155,0,1
382255,0,1
382355,0,1
382455,0,1
382555,0,1
382655,0,1
382755,0,1
382855,0,1
382955,0,1
383055,0,1
383155,0,1
383255,0,1
383355,0,1
383453,0,1
383553,0,1
383653,0,1
383753,0,1
383853,0,1
383953,0,1
384053,0,1
384153,0,1
384253,0,1
384353,0,1
384453,0,1
384553,0,1
384653,0,1
384753,0,1
384853,0,0
384953,0,0
385053,0,0
385153,0,0
385253,0,0
385353,0,0
385453,0,0
385553,0,0
385653,0,0
385753,0,0
385853,0,0
385953,0,0
386053,0,0
386153,0,0
386253,0,0
386353,0,0
386453,0,0
386553,0,0
386653,0,0
386753,0,0
386853,0,0
386953,0,0
387053,0,0
387153,0,0
387253,0,0
387353,0,0
387453,0,0
387553,0,0
387653,0,0
387753,0,0
387853,0,0
387953,0,0
388053,0,0
388153,0,0
388253,0,0
388353,0,0
388453,0,0
388553,0,0
388653,0,0
388753,0,0
388853,0,0
388953,0,0
389053,0,0
389153,0,0
389253,0,0
389760,0,0
389860,0,1
389960,0,1
390060,0,1
390160,0,1
390260,0,1
390360,0,1
390460,0,1
390560,0,1
390660,0,1
390760,0,1
390860,0,1
390960,0,1
391060,0,1
391160,0,1
391260,0,1
391360,0,1
391460,0,1
391560,0,1
391660,0,1
391760,0,1
391860,0,1
391960,0,1
392060,0,1
392160,0,1
392260,0,1
392360,0,1
392461,0,1
392561,0,1
392661,0,1
392761,0,1
392861,0,1
392961,0,1
393061,0,1
393161,0,1
393261,0,1
393361,0,1
393461,0,1
393561,0,1
393661,0,1
393789,0,0
393889,0,0
393989,0,0
394089,0,0
394189,0,0
394289,0,0
394389,0,0
394489,0,0
394589,0,0
394689,0,0
394789,0,0
394889,0,0
394989,0,0
395089,0,0
395189,0,0
395289,0,0
395389,0,0
395489,0,0
395589,0,0
395689,0,0
395789,0,0
395889,0,0
395989,0,0
396089,0,0
396189,0,0
396289,0,0
396389,0,0
396489,0,0
396589,0,0
396689,0,0
396789,0,0
396889,0,0
396989,0,0
397089,0,0
397189,0,0
397289,0,0
397389,0,0
397489,0,0
397589,0,0
397689,0,0
397789,0,0
397889,0,0
397989,0,0
398089,0,0
398189,0,0
398289,0,0
398389,0,0
398489,0,0
398589,0,0
398689,0,0
398789,0,0
398889,0,0
398989,0,0
399089,0,0
399189,0,0
399289,0,0
399389,0,0
399489,0,0
399589,0,0
399689,0,0
399789,0,0
399889,0,0
399989,0,0
400089,0,0
400189,0,0
400289,0,0
400389,0,0
400489,0,0
400589,0,0
400689,0,0
400789,0,0
400889,0,0
400989,0,0
401089,0,0
401189,0,0
401289,0,0
401389,0,0
401489,0,0
401589,0,0
401689,0,0
401789,0,0
401889,0,0
401989,0,0
402089,0,0
402189,0,0
402289,0,0
402389,0,0
402489,0,0
402589,0,0
402689,0,0
402789,0,0
402889,0,0
402989,0,0
403089,0,0
403189,0,0
403289,0,0
403389,0,0
403489,0,0
403589,0,0
403689,0,0
403789,0,0
403889,0,0
403989,0,0
404089,0,0
404189,0,0
404289,0,0
404389,0,0
404489,0,0
404589,0,0
404689,0,0
404789,0,0
404889,0,0
404989,0,0
405089,0,0
405189,0,0
405289,0,0
405389,0,0
405489,0,0
405589,0,0
405689,0,0
405789,0,0
405889,0,0
405989,0,0
406089,0,0
406189,0,0
406289,0,0
406389,0,0
406489,0,0
406589,0,0
406689,0,0
406789,0,0
406889,0,0
406989,0,0
407089,0,0
407189,0,0
407289,0,0
407389,0,0
407489,0,0
407589,0,0
407689,0,0
407789,0,0
407889,0,0
407989,0,0
408089,0,0
408189,0,0
408289,0,0
408389,0,0
408489,0,0
408589,0,0
408689,0,0
408789,0,0
408889,0,0
408989,0,0
409089,0,0
409189,0,0
409289,0,0
409389,0,0
409489,0,0
409589,0,0
409689,0,0
409789,0,0
409889,0,0
409989,0,0
410089,0,0
410189,0,0
410289,0,0
410389,0,0
410489,0,0
410589,0,0
410689,0,0
410789,0,0
410889,0,0
410989,0,0
411089,0,0
411189,0,0
411289,0,0
411389,0,0
411489,0,0
411589,0,0
411689,0,0
411789,0,0
411889,0,0
411989,0,0
412089,0,0
412189,0,0
412289,0,0
412389,0,0
412489,0,0
412589,0,0
412689,0,0
412789,0,0
412889,0,0
412989,0,0
413089,0,0
413189,0,0
413289,0,0
413389,0,0
413489,0,0
413589,0,0
413689,0,0
413789,0,0
413889,0,0
413989,0,0
414089,0,0
414189,0,0
414289,0,0
414389,0,0
414489,0,0
414589,0,0
414689,0,0
414789,0,0
414889,0,0
414989,0,0
415089,0,0
415189,0,0
415289,0,0
415389,0,0
415489,0,0
415589,0,0
415689,0,0
415788,0,0
415888,0,0
415988,0,0
416316,0,0
416416,0,1
416516,0,1
416616,0,1
416716,0,1
416816,0,1
416916,0,1
417016,0,1
417116,0,1
417216,0,1
417316,0,1
417416,0,1
417516,0,1
417616,0,1
417716,0,1
417816,0,1
417916,0,1
418016,0,1
418116,0,1
418216,0,1
418316,0,1
418416,0,1
418516,0,1
418616,0,1
418716,0,1
418816,0,1
418916,0,1
419016,0,1
419116,0,1
419216,0,1
419316,0,1
419416,0,1
419516,0,1
419616,0,1
419716,0,1
419816,0,1
419916,0,1
420016,0,1
420116,0,1
420216,0,1
420350,0,0
420450,0,0
420550,0,0
420650,0,0
421107,0,0
421207,0,1
421307,0,1
421407,0,1
421507,0,1
421607,0,1
421707,0,1
421807,0,1
421907,0,1
422007,0,1
422107,0,1
422207,0,1
422307,0,1
422407,0,1
422507,0,1
422607,0,1
422707,0,1
422807,0,1
422907,0,1
423007,0,1
423107,0,1
423207,0,1
423308,0,1
423408,0,1
423508,0,1
423608,0,1
423708,0,1
423809,0,1
423909,0,1
424009,0,1
424109,0,1
424209,0,1
424309,0,1
424409,0,1
424509,0,1
424609,0,1
424709,0,1
424809,0,1
424909,0,1
425009,0,1
425136,0,0
425236,0,0
425336,0,0
425436,0,0
425536,0,0
425636,0,0
425736,0,0
425836,0,0
425936,0,0
426036,0,0
426136,0,0
426236,0,0
426336,0,0
426436,0,0
426536,0,0
426637,0,0
426737,0,0
426837,0,0
426937,0,0
427037,0,0
427137,0,0
427237,0,0
427337,0,0
427437,0,0
427537,0,0
427637,0,0
427737,0,0
427836,0,0
427936,0,0
428036,0,0
428136,0,0
428236,0,0
428336,0,0
428436,0,0
428536,0,0
428636,0,0
428736,0,0
429338,0,0
429438,0,1
429538,0,1
429638,0,1
429738,0,1
429838,0,1
429938,0,1
430038,0,1
430138,0,1
430238,0,1
430338,0,1
430438,0,1
430538,0,1
430638,0,1
430738,0,1
430838,0,1
430938,0,1
431038,0,1
431138,0,1
431238,0,1
431338,0,1
431438,0,1
431538,0,1
431638,0,1
431738,0,1
431838,0,1
431937,0,1
432037,0,1
432137,0,1
432237,0,1
432337,0,1
432438,0,1
432538,0,1
432638,0,1
432738,0,1
432838,0,1
432938,0,1
433038,0,1
433138,0,1
433238,0,1
433365,0,0
433465,0,0
433565,0,0
433665,0,0
433765,0,0
433865,0,0
433965,0,0
434065,0,0
434165,0,0
434265,0,0
434365,0,0
434465,0,0
434565,0,0
434665,0,0
434765,0,0
434865,0,0
434965,0,0
435065,0,0
435165,0,0
435265,0,0
435365,0,0
435465,0,0
435565,0,0
435665,0,0
435766,0,0
435866,0,0
435967,0,0
436067,0,0
436167,0,0
436267,0,0
436367,0,0
436467,0,0
436567,0,0
436667,0,0
436767,0,0
436867,0,0
436967,0,0
437067,0,0
437260,0,0
437360,0,1
437460,0,1
437560,0,1
437681,0,1
437781,1,2
437881,1,2
437981,1,2
438081,1,2
438181,1,2
438281,1,2
438381,1,2
438481,1,2
438581,1,2
438681,1,2
438781,1,2
438882,1,2
438982,1,2
439082,1,2
439182,1,2
439282,1,2
439382,1,2
439482,1,2
439582,1,2
439715,0,0
439815,0,0
439916,0,0
440016,0,0
440116,0,0
440216,0,0
440316,0,0
440416,0,0
440516,0,0
440616,0,0
440717,0,0
440817,0,0
440917,0,0
441017,0,0
441117,0,0
441217,0,0
441317,0,0
441417,0,0
441517,0,0
441617,0,0
441717,0,0
441982,0,0
442083,0,1
442183,0,1
442283,0,1
442383,0,1
442483,0,1
442583,0,1
442683,0,1
442783,0,1
442883,0,1
442983,0,1
443083,0,1
443183,0,1
443283,0,1
443383,0,1
443483,0,1
443583,0,1
443683,0,1
443783,0,1
443883,0,1
443981,0,1
444081,0,1
444181,0,1
444281,0,1
444381,0,1
444481,0,1
444581,0,1
444681,0,1
444781,0,1
444881,0,1
444982,0,1
445082,0,1
445182,0,1
445282,0,1
445382,0,1
445482,0,1
445582,0,1
445682,0,1
445782,0,1
445882,0,1
446010,0,0
446110,0,0
446210,0,0
446310,0,0
446410,0,0
446510,0,0
446610,0,0
446710,0,0
446810,0,0
446910,0,0
447010,0,0
447110,0,0
447210,0,0
447310,0,0
447410,0,0
447510,0,0
447610,0,0
447710,0,0
447810,0,0
447910,0,0
448011,0,0
448111,0,0
448211,0,0
448311,0,0
448411,0,0
448511,0,0
448611,0,0
448711,0,0
448811,0,0
448911,0,0
449011,0,0
449111,0,0
449211,0,0
449311,0,0
449411,0,0
449511,0,0
449611,0,0
449711,0,0
449811,0,0
450323,0,0
450423,0,1
450523,0,1
450623,0,1
450723,0,1
450823,0,1
450923,0,1
451023,0,1
451123,0,1
451223,0,1
451323,0,1
451423,0,1
451523,0,1
451623,0,1
451723,0,1
451823,0,1
451923,0,1
452023,0,1
452123,0,1
452223,0,1
452323,0,1
452423,0,1
452523,0,1
452623,0,1
452723,0,1
452823,0,1
452923,0,1
453023,0,1
453123,0,1
453223,0,1
453323,0,1
453423,0,1
453523,0,1
453623,0,1
453723,0,1
453823,0,1
453923,0,1
454023,0,1
454123,0,1
454223,0,1
454323,0,1
454423,0,0
454523,0,0
454623,0,0
454723,0,0
454823,0,0
454923,0,0
455023,0,0
455123,0,0
455223,0,0
455323,0,0
455423,0,0
455523,0,0
455623,0,0
455723,0,0
455823,0,0
455924,0,0
456024,0,0
456124,0,0
456224,0,0
456324,0,0
456424,0,0
456524,0,0
456624,0,0
456724,0,0
456824,0,0
456924,0,0
457024,0,0
457124,0,0
457224,0,0
457324,0,0
457424,0,0
457524,0,0
457624,0,0
457724,0,0
457824,0,0
457924,0,0
458024,0,0
458124,0,0
458224,0,0
458324,0,0
458424,0,0
458524,0,0
458624,0,0
458724,0,0
458824,0,0
458924,0,0
459024,0,0
459124,0,0
459224,0,0
459324,0,0
459424,0,0
459524,0,0
459624,0,0
459724,0,0
459824,0,0
459924,0,0
460024,0,0
460124,0,0
460224,0,0
460324,0,0
460424,0,0
460524,0,0
460624,0,0
460724,0,0
460824,0,0
460924,0,0
461024,0,0
461124,0,0
461224,0,0
461324,0,0
461424,0,0
461524,0,0
461624,0,0
461724,0,0
461824,0,0
461924,0,0
462024,0,0
462124,0,0
462224,0,0
462324,0,0
462424,0,0
462524,0,0
462624,0,0
462724,0,0
462824,0,0
462924,0,0
463024,0,0
463124,0,0
463224,0,0
463324,0,0
463424,0,0
463524,0,0
463624,0,0
463724,0,0
463824,0,0
463924,0,0
464024,0,0
464124,0,0
464224,0,0
464324,0,0
464424,0,0
464524,0,0
464624,0,0
464724,0,0
464824,0,0
464924,0,0
465024,0,0
465124,0,0
465224,0,0
465324,0,0
465424,0,0
465524,0,0
465624,0,0
465724,0,0
465824,0,0
465924,0,0
466024,0,0
466124,0,0
466224,0,0
466324,0,0
466424,0,0
466524,0,0
466624,0,0
466724,0,0
466824,0,0
466924,0,0
467024,0,0
467124,0,0
467224,0,0
467324,0,0
467424,0,0
467524,0,0
467624,0,0
467724,0,0
467824,0,0
467924,0,0
468024,0,0
468124,0,0
468224,0,0
468324,0,0
468424,0,0
468524,0,0
468624,0,0
468724,0,0
468824,0,0
468924,0,0
469024,0,0
469124,0,0
469224,0,0
469324,0,0
469424,0,0
469524,0,0
469624,0,0
469724,0,0
469824,0,0
469924,0,0
470024,0,0
470124,0,0
470224,0,0
470324,0,0
470424,0,0
470524,0,0
470624,0,0
470724,0,0
470824,0,0
470924,0,0
471024,0,0
471124,0,0
471224,0,0
471324,0,0
471424,0,0
471524,0,0
471624,0,0
471724,0,0
471824,0,0
471924,0,0
472024,0,0
472123,0,0
472223,0,0
472323,0,0
472423,0,0
472523,0,0
472623,0,0
472723,0,0
472823,0,0
472923,0,0
473023,0,0
473123,0,0
473223,0,0
473323,0,0
473423,0,0
473523,0,0
473623,0,0
473723,0,0
473823,0,0
473923,0,0
474023,0,0
474123,0,0
474223,0,0
474323,0,0
474423,0,0
474523,0,0
474623,0,0
474723,0,0
474823,0,0
474923,0,0
475023,0,0
475656,0,0
475756,0,1
475856,0,1
475956,0,1
476056,0,1
476156,0,1
476249,0,1
476349,0,1
476449,0,1
476549,0,1
476649,0,1
476749,0,1
476849,0,1
476949,0,1
477049,0,1
477149,0,1
477249,0,1
477349,0,1
477449,0,1
477549,0,1
477649,0,1
477749,0,1
477849,0,1
477949,0,1
478049,0,1
478149,0,1
478249,0,1
478349,0,1
478449,0,1
478549,0,1
478649,0,1
478749,0,1
478849,0,1
478949,0,1
479049,0,1
479150,0,1
479250,0,1
479350,0,1
479450,0,1
479550,0,1
479677,0,0
479777,0,0
479877,0,0
479977,0,0
480077,0,0
480177,0,0
480286,0,0
480386,0,0
480486,0,0
480586,0,0
480686,0,0
480786,0,0
480886,0,0
480986,0,0
481086,0,0
481186,0,0
481286,0,0
481386,0,0
481486,0,0
481586,0,0
481686,0,0
481786,0,0
481886,0,0
481986,0,0
482086,0,0
482186,0,0
482286,0,0
482386,0,0
482487,0,0
482587,0,0
482687,0,0
482787,0,0
482887,0,0
482987,0,0
483087,0,0
483187,0,0
483287,0,0
483387,0,0
483487,0,0
483587,0,0
483687,0,0
483787,0,0
483887,0,0
483987,0,0
484087,0,0
484187,0,0
484285,0,0
484385,0,0
484485,0,0
484585,0,0
484685,0,0
484785,0,0
484885,0,0
484985,0,0
485085,0,0
485185,0,0
485285,0,0
485386,0,0
485486,0,0
485586,0,0
485686,0,0
485786,0,0
485886,0,0
485986,0,0
486086,0,0
486186,0,0
486286,0,0
486386,0,0
486486,0,0
486586,0,0
486686,0,0
486786,0,0
486886,0,0
486986,0,0
487086,0,0
487186,0,0
487286,0,0
487386,0,0
487486,0,0
487586,0,0
487686,0,0
487786,0,0
487886,0,0
487986,0,0
488086,0,0
488186,0,0
488286,0,0
488386,0,0
488486,0,0
488586,0,0
488686,0,0
488786,0,0
488886,0,0
488986,0,0
489086,0,0
489186,0,0
489286,0,0
489386,0,0
489486,0,0
489586,0,0
489686,0,0
489786,0,0
489886,0,0
489986,0,0
490086,0,0
490186,0,0
490286,0,0
490386,0,0
490486,0,0
490586,0,0
490686,0,0
490786,0,0
490886,0,0
490986,0,0
491086,0,0
491186,0,0
491286,0,0
491386,0,0
491486,0,0
491586,0,0
491686,0,0
491786,0,0
491886,0,0
491986,0,0
492086,0,0
492186,0,0
492285,0,0
492385,0,0
492485,0,0
492585,0,0
492685,0,0
492785,0,0
492885,0,0
492985,0,0
493085,0,0
493185,0,0
493285,0,0
493385,0,0
493485,0,0
493585,0,0
493685,0,0
493785,0,0
493885,0,0
493985,0,0
494085,0,0
494185,0,0
494285,0,0
494385,0,0
494485,0,0
494585,0,0
494685,0,0
494785,0,0
494885,0,0
494985,0,0
495085,0,0
495185,0,0
495285,0,0
495385,0,0
495485,0,0
495585,0,0
495685,0,0
495785,0,0
495885,0,0
495985,0,0
496085,0,0
496185,0,0
496287,0,0
496387,0,0
496487,0,0
496587,0,0
496687,0,0
496787,0,0
496887,0,0
496987,0,0
497087,0,0
497187,0,0
497287,0,0
497387,0,0
497487,0,0
497587,0,0
497687,0,0
497787,0,0
497887,0,0
497987,0,0
498087,0,0
498187,0,0
498287,0,0
498387,0,0
498487,0,0
498587,0,0
498687,0,0
498787,0,0
498887,0,0
498987,0,0
499087,0,0
499187,0,0
499287,0,0
499387,0,0
499487,0,0
499587,0,0
499687,0,0
499787,0,0
499887,0,0
499987,0,0
500087,0,0
500187,0,0
500286,0,0
500386,0,0
500486,0,0
500586,0,0
500686,0,0
500786,0,0
500886,0,0
500986,0,0
501086,0,0
501186,0,0
501286,0,0
501386,0,0
501486,0,0
501586,0,0
501686,0,0
501786,0,0
501886,0,0
501986,0,0
502086,0,0
502186,0,0
502286,0,0
502386,0,0
502486,0,0
502586,0,0
502686,0,0
502786,0,0
502886,0,0
502986,0,0
503086,0,0
503186,0,0
503286,0,0
503386,0,0
503486,0,0
503586,0,0
503686,0,0
503786,0,0
503886,0,0
503986,0,0
504086,0,0
504186,0,0
504287,0,0
504387,0,0
504487,0,0
504587,0,0
504687,0,0
504787,0,0
504887,0,0
504987,0,0
505087,0,0
505187,0,0
505287,0,0
505387,0,0
505487,0,0
505587,0,0
505687,0,0
505787,0,0
505887,0,0
505987,0,0
506087,0,0
506187,0,0
506287,0,0
506387,0,0
506487,0,0
506587,0,0
506687,0,0
506787,0,0
506887,0,0
506987,0,0
507087,0,0
507187,0,0
507287,0,0
507387,0,0
507487,0,0
507587,0,0
507687,0,0
507787,0,0
507887,0,0
507987,0,0
508087,0,0
508187,0,0
508285,0,0
508385,0,0
508485,0,0
508585,0,0
508685,0,0
508785,0,0
508885,0,0
508985,0,0
509085,0,0
509185,0,0
509285,0,0
509385,0,0
509485,0,0
509585,0,0
509685,0,0
509785,0,0
509885,0,0
509985,0,0
510085,0,0
510185,0,0
510285,0,0
510385,0,0
510485,0,0
510585,0,0
510685,0,0
510785,0,0
510885,0,0
510985,0,0
511085,0,0
511185,0,0
511285,0,0
511385,0,0
511485,0,0
511585,0,0
511685,0,0
511785,0,0
511885,0,0
511985,0,0
512085,0,0
512185,0,0
512285,0,0
512385,0,0
512485,0,0
512585,0,0
512685,0,0
512785,0,0
512885,0,0
512985,0,0
513085,0,0
513185,0,0
513285,0,0
513385,0,0
513485,0,0
513585,0,0
513685,0,0
513785,0,0
513885,0,0
513985,0,0
514085,0,0
514185,0,0
514285,0,0
514385,0,0
514485,0,0
514585,0,0
514685,0,0
514785,0,0
514885,0,0
514985,0,0
515085,0,0
515185,0,0
515285,0,0
515385,0,0
515485,0,0
515585,0,0
515685,0,0
515785,0,0
515885,0,0
515985,0,0
516085,0,0
516185,0,0
516285,0,0
516385,0,0
516485,0,0
516585,0,0
516685,0,0
516785,0,0
516885,0,0
516985,0,0
517085,0,0
517185,0,0
517285,0,0
517385,0,0
517485,0,0
517585,0,0
517685,0,0
517785,0,0
517885,0,0
517985,0,0
518085,0,0
518185,0,0
518285,0,0
518385,0,0
518485,0,0
518585,0,0
518685,0,0
518785,0,0
518885,0,0
518985,0,0
519085,0,0
519185,0,0
519285,0,0
519385,0,0
519485,0,0
519585,0,0
519685,0,0
519785,0,0
519885,0,0
519985,0,0
520085,0,0
520185,0,0
520285,0,0
520385,0,0
520485,0,0
520585,0,0
520685,0,0
520785,0,0
520885,0,0
520985,0,0
521085,0,0
521185,0,0
521285,0,0
521385,0,0
521485,0,0
521585,0,0
521685,0,0
521785,0,0
521885,0,0
521985,0,0
522085,0,0
522185,0,0
522285,0,0
522385,0,0
522485,0,0
522585,0,0
522685,0,0
522785,0,0
522885,0,0
522985,0,0
523085,0,0
523185,0,0
523285,0,0
523385,0,0
523485,0,0
523585,0,0
523685,0,0
523785,0,0
523885,0,0
523985,0,0
524085,0,0
524185,0,0
524285,0,0
524385,0,0
524485,0,0
524585,0,0
524685,0,0
524785,0,0
524885,0,0
524985,0,0
525085,0,0
525185,0,0
525285,0,0
525385,0,0
525485,0,0
525585,0,0
525685,0,0
525785,0,0
525885,0,0
525985,0,0
526085,0,0
526185,0,0
526285,0,0
526385,0,0
526485,0,0
526585,0,0
526685,0,0
526785,0,0
526885,0,0
526985,0,0
527085,0,0
527185,0,0
527285,0,0
527385,0,0
527485,0,0
527585,0,0
527685,0,0
527785,0,0
527885,0,0
527985,0,0
528085,0,0
528185,0,0
528285,0,0
528385,0,0
528485,0,0
528585,0,0
528685,0,0
528785,0,0
528885,0,0
528985,0,0
529085,0,0
529185,0,0
529285,0,0
529385,0,0
529485,0,0
529585,0,0
529685,0,0
529785,0,0
529885,0,0
529985,0,0
530085,0,0
530185,0,0
530285,0,0
530385,0,0
530485,0,0
530585,0,0
530685,0,0
530785,0,0
530885,0,0
530985,0,0
531085,0,0
531185,0,0
531285,0,0
531385,0,0
531485,0,0
531585,0,0
531685,0,0
531785,0,0
531885,0,0
531985,0,0
532085,0,0
532185,0,0
532285,0,0
532385,0,0
532485,0,0
532585,0,0
532685,0,0
532785,0,0
532885,0,0
532985,0,0
533085,0,0
533185,0,0
533285,0,0
533370,0,0
533470,0,0
533570,0,0
533670,0,0
533770,0,0
533870,0,0
533970,0,0
534070,0,0
534170,0,0
534270,0,0
534370,0,0
534470,0,0
534570,0,0
534670,0,0
534770,0,0
534870,0,0
534970,0,0
535070,0,0
535170,0,0
535270,0,0
535370,0,0
535470,0,0
535570,0,0
535670,0,0
535770,0,0
535870,0,0
535970,0,0
536070,0,0
536170,0,0
536270,0,0
536370,0,0
536470,0,0
536570,0,0
536670,0,0
536770,0,0
536870,0,0
536970,0,0
537070,0,0
537170,0,0
537270,0,0
537371,0,0
537471,0,0
537571,0,0
537671,0,0
537771,0,0
537871,0,0
537971,0,0
538071,0,0
538171,0,0
538271,0,0
538371,0,0
538471,0,0
538571,0,0
538671,0,0
538771,0,0
538871,0,0
538971,0,0
539071,0,0
539171,0,0
539271,0,0
539371,0,0
539471,0,0
539571,0,0
539671,0,0
539771,0,0
539871,0,0
539971,0,0
540071,0,0
540171,0,0
540271,0,0
540371,0,0
540471,0,0
540571,0,0
540671,0,0
540771,0,0
540871,0,0
540971,0,0
541071,0,0
541171,0,0
541271,0,0
541371,0,0
541471,0,0
541571,0,0
541671,0,0
541771,0,0
541871,0,0
541984,0,0
542084,0,0
542184,0,0
542284,0,0
542384,0,0
542484,0,0
542584,0,0
542684,0,0
542784,0,0
542884,0,0
542984,0,0
543084,0,0
543185,0,0
543285,0,0
543385,0,0
543485,0,0
543585,0,0
543685,0,0
543785,0,0
543885,0,0
543985,0,0
544085,0,0
544185,0,0
544285,0,0
544385,0,0
544485,0,0
544585,0,0
544685,0,0
544785,0,0
544885,0,0
544985,0,0
545085,0,0
545185,0,0
545300,0,0
545400,0,0
545500,0,0
545600,0,0
545700,0,0
545800,0,0
545900,0,0
546000,0,0
546101,0,0
546201,0,0
546301,0,0
546401,0,0
546501,0,0
546601,0,0
546701,0,0
546801,0,0
546901,0,0
547001,0,0
547101,0,0
547201,0,0
547301,0,0
547401,0,0
547501,0,0
547601,0,0
547701,0,0
547801,0,0
547901,0,0
548001,0,0
548101,0,0
548201,0,0
548301,0,0
548401,0,0
548501,0,0
548601,0,0
548701,0,0
548801,0,0
548901,0,0
549002,0,0
549102,0,0
549202,0,0
549302,0,0
549377,0,0
549477,0,0
549577,0,0
549677,0,0
549777,0,0
549877,0,0
549977,0,0
550077,0,0
550177,0,0
550277,0,0
550377,0,0
550477,0,0
550577,0,0
550677,0,0
550777,0,0
550877,0,0
550977,0,0
551077,0,0
551177,0,0
551277,0,0
551377,0,0
551477,0,0
551577,0,0
551677,0,0
551777,0,0
551877,0,0
551977,0,0
552077,0,0
552177,0,0
552277,0,0
552377,0,0
552477,0,0
552577,0,0
552677,0,0
552777,0,0
552877,0,0
552977,0,0
553077,0,0
553177,0,0
553277,0,0
553387,0,0
553487,0,0
553587,0,0
553687,0,0
553787,0,0
553887,0,0
553987,0,0
554087,0,0
554187,0,0
554287,0,0
554387,0,0
554487,0,0
554587,0,0
554687,0,0
554787,0,0
554887,0,0
554987,0,0
555087,0,0
555187,0,0
555287,0,0
555387,0,0
555487,0,0
555587,0,0
555687,0,0
555787,0,0
555887,0,0
555987,0,0
556087,0,0
556187,0,0
556287,0,0
556387,0,0
556487,0,0
556587,0,0
556687,0,0
556787,0,0
556887,0,0
556987,0,0
557087,0,0
557187,0,0
557287,0,0
557388,0,0
557488,0,0
557588,0,0
557688,0,0
557788,0,0
557888,0,0
557988,0,0
558088,0,0
558188,0,0
558288,0,0
558388,0,0
558488,0,0
558588,0,0
558688,0,0
558788,0,0
558888,0,0
558988,0,0
559088,0,0
559188,0,0
559288,0,0
559388,0,0
559488,0,0
559588,0,0
559688,0,0
559788,0,0
559888,0,0
559988,0,0
560088,0,0
560188,0,0
560288,0,0
560388,0,0
560488,0,0
560588,0,0
560688,0,0
560788,0,0
560888,0,0
560988,0,0
561088,0,0
561188,0,0
561288,0,0
561388,0,0
561488,0,0
561588,0,0
561688,0,0
561788,0,0
561888,0,0
561988,0,0
562088,0,0
562188,0,0
562288,0,0
562388,0,0
562488,0,0
562588,0,0
562688,0,0
562788,0,0
562888,0,0
562988,0,0
563088,0,0
563188,0,0
563288,0,0
563388,0,0
563488,0,0
563588,0,0
563688,0,0
563788,0,0
563888,0,0
563988,0,0
564088,0,0
564188,0,0
564288,0,0
564388,0,0
564488,0,0
564588,0,0
564688,0,0
564788,0,0
564888,0,0
564988,0,0
565088,0,0
565188,0,0
565288,0,0
565388,0,0
565488,0,0
565588,0,0
565688,0,0
565788,0,0
565888,0,0
565988,0,0
566088,0,0
566188,0,0
566288,0,0
566388,0,0
566488,0,0
566588,0,0
566688,0,0
566788,0,0
566888,0,0
566988,0,0
567088,0,0
567188,0,0
567288,0,0
567388,0,0
567488,0,0
567588,0,0
567688,0,0
567788,0,0
567888,0,0
567988,0,0
568088,0,0
568188,0,0
568288,0,0
568388,0,0
568488,0,0
568588,0,0
568688,0,0
568788,0,0
568888,0,0
568988,0,0
569088,0,0
569188,0,0
569288,0,0
569387,0,0
569487,0,0
569587,0,0
569687,0,0
569787,0,0
569887,0,0
569987,0,0
570087,0,0
570187,0,0
570287,0,0
570387,0,0
570487,0,0
570587,0,0
570687,0,0
570787,0,0
570887,0,0
570987,0,0
571087,0,0
571187,0,0
571287,0,0
571387,0,0
571487,0,0
571587,0,0
571687,0,0
571787,0,0
571887,0,0
571987,0,0
572087,0,0
572187,0,0
572287,0,0
572387,0,0
572487,0,0
572587,0,0
572687,0,0
572787,0,0
572887,0,0
572987,0,0
573087,0,0
573187,0,0
573287,0,0
573387,0,0
573487,0,0
573587,0,0
573687,0,0
573787,0,0
573887,0,0
573987,0,0
574087,0,0
574187,0,0
574287,0,0
574387,0,0
574487,0,0
574587,0,0
574687,0,0
574787,0,0
574887,0,0
574987,0,0
575087,0,0
575187,0,0
575287,0,0
575387,0,0
575487,0,0
575587,0,0
575687,0,0
575787,0,0
575887,0,0
575987,0,0
576087,0,0
576187,0,0
576287,0,0
576387,0,0
576487,0,0
576587,0,0
576687,0,0
576787,0,0
576887,0,0
576987,0,0
577087,0,0
577187,0,0
577287,0,0
577387,0,0
577487,0,0
577587,0,0
577687,0,0
577787,0,0
577887,0,0
577987,0,0
578087,0,0
578187,0,0
578287,0,0
578387,0,0
578487,0,0
578716,0,0
578816,0,0
578916,0,0
579016,0,0
579116,0,0
579216,0,0
579316,0,0
579416,0,0
579516,0,0
579616,0,0
579716,0,0
579816,0,0
579916,0,0
580016,0,0
580116,0,0
580216,0,0
580316,0,0
580416,0,0
580516,0,0
580616,0,0
580716,0,0
580817,0,0
580917,0,0
581017,0,0
581117,0,0
581217,0,0
581317,0,0
581417,0,0
581517,0,0
581617,0,0
581717,0,0
581817,0,0
581917,0,0
582017,0,0
582117,0,0
582217,0,0
582317,0,0
582417,0,0
582517,0,0
582617,0,0
582717,0,0
582817,0,0
582917,0,0
583017,0,0
583117,0,0
583217,0,0
583317,0,0
583417,0,0
583517,0,0
583617,0,0
583718,0,0
583818,0,0
583918,0,0
584018,0,0
584118,0,0
584218,0,0
584318,0,0
584418,0,0
584518,0,0
584618,0,0
584718,0,0
584818,0,0
584918,0,0
585018,0,0
585118,0,0
585218,0,0
585318,0,0
585418,0,0
585518,0,0
585618,0,0
585718,0,0
585818,0,0
585918,0,0
586018,0,0
586118,0,0
586218,0,0
586318,0,0
586418,0,0
586518,0,0
586619,0,0
586719,0,0
586819,0,0
586919,0,0
587019,0,0
587119,0,0
587219,0,0
587319,0,0
587419,0,0
587519,0,0
587619,0,0
587719,0,0
587819,0,0
587919,0,0
588019,0,0
588119,0,0
588219,0,0
588319,0,0
588419,0,0
588519,0,0
588619,0,0
588719,0,0
588819,0,0
588919,0,0
589019,0,0
589119,0,0
589219,0,0
589319,0,0
589419,0,0
589519,0,0
589619,0,0
589719,0,0
589819,0,0
589919,0,0
590019,0,0
590119,0,0
590219,0,0
590319,0,0
590419,0,0
590519,0,0
590619,0,0
590719,0,0
590819,0,0
590919,0,0
591019,0,0
591119,0,0
591219,0,0
591319,0,0
591419,0,0
591519,0,0
591619,0,0
591719,0,0
591819,0,0
591919,0,0
592019,0,0
592119,0,0
592219,0,0
592319,0,0
592419,0,0
592519,0,0
592619,0,0
592719,0,0
592819,0,0
592919,0,0
593019,0,0
593119,0,0
593219,0,0
593319,0,0
593419,0,0
593519,0,0
593619,0,0
593719,0,0
593819,0,0
593919,0,0
594019,0,0
594119,0,0
594219,0,0
594319,0,0
594419,0,0
594519,0,0
594619,0,0
594719,0,0
594819,0,0
594919,0,0
595019,0,0
595119,0,0
595219,0,0
595319,0,0
595419,0,0
595519,0,0
595619,0,0
595719,0,0
595819,0,0
595919,0,0
596019,0,0
596119,0,0
596219,0,0
596319,0,0
596419,0,0
596519,0,0
596619,0,0
596719,0,0
596819,0,0
596919,0,0
597019,0,0
597119,0,0
597219,0,0
597319,0,0
597419,0,0
597519,0,0
597619,0,0
597719,0,0
597819,0,0
597919,0,0
598019,0,0
598119,0,0
598219,0,0
598319,0,0
598419,0,0
598519,0,0
598619,0,0
598719,0,0
598819,0,0
598919,0,0
599019,0,0
599119,0,0
599219,0,0
599319,0,0
599419,0,0
599519,0,0
599619,0,0
599719,0,0
599819,0,0
599919,0,0
600019,0,0
600119,0,0
600219,0,0
600319,0,0
600419,0,0
600519,0,0
600619,0,0
600719,0,0
600819,0,0
600919,0,0
601019,0,0
601119,0,0
601219,0,0
601319,0,0
601419,0,0
601519,0,0
601619,0,0
601719,0,0
601819,0,0
601919,0,0
602019,0,0
