p:4000,20000,6000,600,8000,4000,2000,8000,70
15076,0,0
15176,0,0
15276,0,0
15376,0,0
15476,0,0
15576,0,0
15676,0,0
15776,0,0
15876,0,0
15976,0,0
16076,0,0
16176,0,0
16674,0,0
16774,0,1
16874,0,1
16974,0,1
17074,0,1
17174,0,1
17274,0,1
17374,0,1
17474,0,1
17574,0,1
17674,0,1
17774,0,1
17874,0,1
17974,0,1
18075,0,1
18175,0,1
18275,0,1
18375,0,1
18475,0,1
18575,0,1
18675,0,1
18775,0,1
18875,0,1
18975,0,1
19073,0,1
19173,0,1
19273,0,1
19373,0,1
19473,0,1
19573,0,1
19673,0,1
19773,0,1
19873,0,1
19973,0,1
20073,0,1
20173,0,1
20273,0,1
20373,0,1
20473,0,1
20573,0,1
20701,0,0
20801,0,0
20901,0,0
21001,0,0
21102,0,0
21202,0,0
21302,0,0
21402,0,0
21502,0,0
21602,0,0
21702,0,0
21802,0,0
21902,0,0
22002,0,0
22102,0,0
22202,0,0
22302,0,0
22402,0,0
22502,0,0
22602,0,0
22702,0,0
22802,0,0
22902,0,0
23002,0,0
23101,0,0
23201,0,0
23301,0,0
23401,0,0
23501,0,0
23601,0,0
23701,0,0
23801,0,0
23901,0,0
24001,0,0
24101,0,0
24201,0,0
24301,0,0
24805,0,0
24905,0,1
25005,0,1
25105,0,1
25205,0,1
25305,0,1
25405,0,1
25505,0,1
25605,0,1
25705,0,1
25805,0,1
25905,0,1
26005,0,1
26105,0,1
26205,0,1
26305,0,1
26405,0,1
26505,0,1
26605,0,1
26705,0,1
26805,0,1
26905,0,1
27005,0,1
27103,0,1
27203,0,1
27303,0,1
27403,0,1
27503,0,1
27603,0,1
27703,0,1
27803,0,1
27903,0,1
28003,0,1
28103,0,1
28203,0,1
28303,0,1
28403,0,1
28503,0,1
28603,0,1
28703,0,1
28803,0,1
28903,0,0
29003,0,0
29483,0,0
29583,0,1
29683,0,1
29783,0,1
29883,0,1
29983,0,1
30083,0,1
30183,0,1
30283,0,1
30383,0,1
30483,0,1
30583,0,1
30683,0,1
30783,0,1
30883,0,1
30983,0,1
31081,0,1
31181,0,1
31281,0,1
31381,0,1
31481,0,1
31581,0,1
31681,0,1
31781,0,1
31881,0,1
31981,0,1
32081,0,1
32181,0,1
32281,0,1
32381,0,1
32481,0,1
32581,0,1
32681,0,1
32781,0,1
32881,0,1
32981,0,1
33081,0,1
33181,0,1
33281,0,1
33381,0,1
33481,0,1
33581,0,0
33681,0,0
33781,0,0
33881,0,0
33981,0,0
34081,0,0
34181,0,0
34281,0,0
34381,0,0
34481,0,0
34581,0,0
34681,0,0
34781,0,0
34881,0,0
34981,0,0
35081,0,0
35181,0,0
35281,0,0
35381,0,0
35481,0,0
35581,0,0
35681,0,0
35781,0,0
35881,0,0
35981,0,0
36081,0,0
36181,0,0
36281,0,0
36381,0,0
36481,0,0
36581,0,0
36681,0,0
36781,0,0
36881,0,0
36981,0,0
37081,0,0
37181,0,0
37281,0,0
37381,0,0
37481,0,0
37581,0,0
37681,0,0
37781,0,0
37881,0,0
37981,0,0
38081,0,0
38181,0,0
38281,0,0
38381,0,0
38481,0,0
38581,0,0
38681,0,0
38781,0,0
38881,0,0
38981,0,0
39078,0,0
39178,0,0
39278,0,0
39378,0,0
39478,0,0
39578,0,0
39678,0,0
39778,0,0
39878,0,0
39978,0,0
40078,0,0
40178,0,0
40278,0,0
40378,0,0
40478,0,0
40578,0,0
40678,0,0
40778,0,0
40878,0,0
40978,0,0
41078,0,0
41178,0,0
41278,0,0
41378,0,0
41478,0,0
41578,0,0
41678,0,0
41778,0,0
41878,0,0
41978,0,0
42078,0,0
42178,0,0
42278,0,0
42378,0,0
42478,0,0
42578,0,0
42678,0,0
42778,0,0
42878,0,0
42978,0,0
43076,0,0
43176,0,0
43276,0,0
43376,0,0
43476,0,0
43576,0,0
43676,0,0
43776,0,0
43876,0,0
43976,0,0
44076,0,0
44176,0,0
44276,0,0
44376,0,0
44476,0,0
44576,0,0
44676,0,0
44776,0,0
44876,0,0
44976,0,0
45076,0,0
45176,0,0
45276,0,0
45376,0,0
45476,0,0
45576,0,0
45676,0,0
45776,0,0
45876,0,0
45976,0,0
46076,0,0
46176,0,0
46276,0,0
46376,0,0
46476,0,0
46576,0,0
46676,0,0
46776,0,0
46876,0,0
46976,0,0
47075,0,0
47175,0,0
47275,0,0
47375,0,0
47475,0,0
47575,0,0
47675,0,0
47775,0,0
47875,0,0
47975,0,0
48075,0,0
48175,0,0
48275,0,0
48375,0,0
48475,0,0
48575,0,0
48675,0,0
48775,0,0
48875,0,0
48975,0,0
49075,0,0
49175,0,0
49275,0,0
49375,0,0
49475,0,0
49575,0,0
49675,0,0
49775,0,0
49875,0,0
49975,0,0
50075,0,0
50175,0,0
50275,0,0
50375,0,0
50475,0,0
50575,0,0
50675,0,0
50775,0,0
50875,0,0
50975,0,0
51072,0,0
51172,0,0
51272,0,0
51372,0,0
51472,0,0
51572,0,0
51672,0,0
51772,0,0
51872,0,0
51972,0,0
52072,0,0
52172,0,0
52272,0,0
52372,0,0
52472,0,0
52572,0,0
52672,0,0
52772,0,0
52872,0,0
52972,0,0
53072,0,0
53172,0,0
53272,0,0
53372,0,0
53472,0,0
53572,0,0
53672,0,0
53772,0,0
53872,0,0
53972,0,0
54072,0,0
54172,0,0
54272,0,0
54372,0,0
54472,0,0
54572,0,0
54672,0,0
54772,0,0
54872,0,0
54972,0,0
55072,0,0
55172,0,0
55272,0,0
55372,0,0
55472,0,0
55572,0,0
55672,0,0
55772,0,0
55872,0,0
55972,0,0
56072,0,0
56172,0,0
56272,0,0
56372,0,0
56472,0,0
56572,0,0
56672,0,0
56772,0,0
56872,0,0
56972,0,0
57072,0,0
57172,0,0
57272,0,0
57372,0,0
57472,0,0
57572,0,0
57672,0,0
57772,0,0
57872,0,0
57972,0,0
58072,0,0
58172,0,0
58272,0,0
58372,0,0
58472,0,0
58572,0,0
58672,0,0
58772,0,0
58872,0,0
58972,0,0
59072,0,0
59172,0,0
59272,0,0
59372,0,0
59472,0,0
59572,0,0
59672,0,0
59772,0,0
59872,0,0
59972,0,0
60072,0,0
60172,0,0
60272,0,0
60372,0,0
60472,0,0
60572,0,0
60672,0,0
60772,0,0
60872,0,0
60972,0,0
61072,0,0
61172,0,0
61272,0,0
61372,0,0
61472,0,0
61572,0,0
61672,0,0
61772,0,0
61872,0,0
61972,0,0
62072,0,0
62172,0,0
62272,0,0
62372,0,0
62472,0,0
62572,0,0
62672,0,0
62772,0,0
62872,0,0
62972,0,0
63072,0,0
63172,0,0
63272,0,0
63372,0,0
63472,0,0
63572,0,0
63672,0,0
63772,0,0
63872,0,0
63972,0,0
64072,0,0
64172,0,0
64272,0,0
64372,0,0
64472,0,0
64572,0,0
64672,0,0
64772,0,0
64872,0,0
64972,0,0
65072,0,0
65172,0,0
65272,0,0
65372,0,0
65472,0,0
65572,0,0
65672,0,0
65772,0,0
65872,0,0
65972,0,0
66072,0,0
66172,0,0
66272,0,0
66372,0,0
66472,0,0
66572,0,0
66672,0,0
66772,0,0
66872,0,0
66972,0,0
67072,0,0
67172,0,0
67272,0,0
67372,0,0
67472,0,0
67572,0,0
67672,0,0
67772,0,0
67872,0,0
67972,0,0
68072,0,0
68172,0,0
68272,0,0
68372,0,0
68472,0,0
68572,0,0
68672,0,0
68772,0,0
68872,0,0
68972,0,0
69072,0,0
69172,0,0
69272,0,0
69372,0,0
69472,0,0
69572,0,0
69672,0,0
69772,0,0
69872,0,0
69972,0,0
70072,0,0
70172,0,0
70272,0,0
70372,0,0
70472,0,0
70572,0,0
70672,0,0
70772,0,0
70872,0,0
70972,0,0
71072,0,0
71172,0,0
71272,0,0
71372,0,0
71472,0,0
71572,0,0
71672,0,0
71772,0,0
71872,0,0
71972,0,0
72072,0,0
72172,0,0
72272,0,0
72372,0,0
72472,0,0
72572,0,0
72672,0,0
72772,0,0
72872,0,0
72972,0,0
73072,0,0
73172,0,0
73272,0,0
73372,0,0
73472,0,0
73572,0,0
73643,0,0
73743,0,0
73843,0,0
74128,0,0
74228,0,1
74328,0,1
74428,0,1
74528,0,1
74628,0,1
74728,0,1
74828,0,1
74928,0,1
75028,0,1
75128,0,1
75228,0,1
75328,0,1
75428,0,1
75528,0,1
75628,0,1
75728,0,1
75828,0,1
75929,0,1
76029,0,1
76129,0,1
76229,0,1
76329,0,1
76429,0,1
76529,0,1
76629,0,1
76729,0,1
76829,0,1
76929,0,1
77029,0,1
77129,0,1
77229,0,1
77329,0,1
77429,0,1
77529,0,1
77649,0,1
77749,0,1
77849,0,1
77949,0,1
78049,0,1
78177,0,0
78277,0,0
78377,0,0
79031,0,0
79131,0,1
79231,0,1
79331,0,1
79431,0,1
79531,0,1
79631,0,1
79731,0,1
79831,0,1
79931,0,1
80031,0,1
80131,0,1
80231,0,1
80331,0,1
80431,0,1
80531,0,1
80631,0,1
80731,0,1
80831,0,1
80931,0,1
81031,0,1
81131,0,1
81231,0,1
81331,0,1
81431,0,1
81531,0,1
81628,0,1
81728,0,1
81828,0,1
81928,0,1
82028,0,1
82128,0,1
82228,0,1
82328,0,1
82428,0,1
82528,0,1
82628,0,1
82728,0,1
82828,0,1
82928,0,1
83056,0,0
83603,0,0
83703,0,1
83803,0,1
83903,0,1
84003,0,1
84103,0,1
84203,0,1
84303,0,1
84403,0,1
84503,0,1
84603,0,1
84703,0,1
84803,0,1
84903,0,1
85003,0,1
85103,0,1
85204,0,1
85304,0,1
85404,0,1
85504,0,1
85603,0,1
85703,0,1
85803,0,1
85903,0,1
86003,0,1
86103,0,1
86203,0,1
86303,0,1
86403,0,1
86503,0,1
86603,0,1
86703,0,1
86803,0,1
86903,0,1
87003,0,1
87103,0,1
87203,0,1
87303,0,1
87403,0,1
87503,0,1
87630,0,0
87730,0,0
88208,0,0
88308,0,1
88408,0,1
88508,0,1
88643,0,1
88743,1,2
88843,1,2
88943,1,2
89043,1,2
89143,1,2
89243,1,2
89343,1,2
89443,1,2
89543,1,2
89642,1,2
89742,1,2
89842,1,2
89942,1,2
90042,1,2
90142,1,2
90242,1,2
90342,1,2
90442,1,2
90542,1,2
90642,1,2
90742,0,0
90842,0,0
90942,0,0
91042,0,0
91142,0,0
91242,0,0
91342,0,0
91442,0,0
91542,0,0
91642,0,0
91742,0,0
91842,0,0
91942,0,0
92042,0,0
92142,0,0
92242,0,0
92342,0,0
92442,0,0
92542,0,0
92642,0,0
93020,0,0
93120,0,1
93220,0,1
93320,0,1
93420,0,1
93520,0,1
93618,0,1
93718,0,1
93819,0,1
93919,0,1
94019,0,1
94119,0,1
94219,0,1
94319,0,1
94419,0,1
94519,0,1
94619,0,1
94719,0,1
94819,0,1
94919,0,1
95019,0,1
95119,0,1
95219,0,1
95319,0,1
95419,0,1
95519,0,1
95619,0,1
95719,0,1
95819,0,1
95919,0,1
96019,0,1
96119,0,1
96219,0,1
96319,0,1
96419,0,1
96519,0,1
96619,0,1
96720,0,1
96820,0,1
96920,0,1
97047,0,0
97147,0,0
97247,0,0
97347,0,0
97447,0,0
97547,0,0
97641,0,0
97741,0,0
97841,0,0
97941,0,0
98041,0,0
98141,0,0
98241,0,0
98341,0,0
98441,0,0
98541,0,0
98641,0,0
98741,0,0
98841,0,0
98941,0,0
99041,0,0
99141,0,0
99241,0,0
99341,0,0
99441,0,0
99541,0,0
99641,0,0
99741,0,0
99841,0,0
99941,0,0
100042,0,0
100142,0,0
100242,0,0
100342,0,0
100442,0,0
100542,0,0
100642,0,0
100742,0,0
100842,0,0
100942,0,0
101531,0,0
101634,0,1
101734,0,1
101834,0,1
101934,0,1
102034,0,1
102134,0,1
102234,0,1
102334,0,1
102435,0,1
102535,0,1
102635,0,1
102735,0,1
102835,0,1
102935,0,1
103035,0,1
103135,0,1
103235,0,1
103335,0,1
103435,0,1
103535,0,1
103635,0,1
103735,0,1
103835,0,1
103935,0,1
104035,0,1
104135,0,1
104235,0,1
104335,0,1
104435,0,1
104535,0,1
104635,0,1
104735,0,1
104835,0,1
104935,0,1
105035,0,1
105135,0,1
105235,0,1
105336,0,1
105436,0,1
105563,0,0
106165,0,0
105755,0,1
105855,0,1
105955,0,1
106055,0,1
106155,0,1
106255,0,1
106355,0,1
106455,0,1
106555,0,1
106655,0,1
106755,0,1
106855,0,1
106955,0,1
107055,0,1
107155,0,1
107255,0,1
107355,0,1
107455,0,1
107555,0,1
107655,0,1
107755,0,1
107855,0,1
107955,0,1
108055,0,1
108155,0,1
108255,0,1
108355,0,1
108455,0,1
108555,0,1
108655,0,1
108755,0,1
108855,0,1
108955,0,1
109055,0,1
109155,0,1
109761,0,1
109861,0,1
109961,0,1
110061,0,1
110161,0,1
110261,0,0
110602,0,0
110702,0,1
110802,0,1
110902,0,1
111002,0,1
111102,0,1
111202,0,1
111302,0,1
111402,0,1
111502,0,1
111602,0,1
111702,0,1
111802,0,1
111903,0,1
112003,0,1
112103,0,1
112203,0,1
112303,0,1
112403,0,1
112503,0,1
112603,0,1
112703,0,1
112803,0,1
112903,0,1
113003,0,1
113103,0,1
113203,0,1
113303,0,1
113403,0,1
113503,0,1
113603,0,1
113703,0,1
113803,0,1
113903,0,1
114003,0,1
114103,0,1
114203,0,1
114303,0,1
114403,0,1
114503,0,1
114640,0,0
114740,0,0
114840,0,0
114940,0,0
115040,0,0
115140,0,0
115240,0,0
115340,0,0
115440,0,0
115540,0,0
115640,0,0
115740,0,0
115840,0,0
115940,0,0
116041,0,0
116141,0,0
116241,0,0
116341,0,0
116441,0,0
116541,0,0
116641,0,0
116741,0,0
116841,0,0
116941,0,0
117041,0,0
117141,0,0
117241,0,0
117341,0,0
117441,0,0
117541,0,0
117641,0,0
117741,0,0
117841,0,0
117941,0,0
118041,0,0
118141,0,0
118241,0,0
118341,0,0
118441,0,0
118541,0,0
118641,0,0
118741,0,0
118841,0,0
118941,0,0
119041,0,0
119141,0,0
119241,0,0
119341,0,0
119441,0,0
119541,0,0
119641,0,0
119741,0,0
119841,0,0
119941,0,0
120041,0,0
120141,0,0
120241,0,0
120341,0,0
120441,0,0
120541,0,0
120641,0,0
120741,0,0
120841,0,0
120941,0,0
121041,0,0
121141,0,0
121241,0,0
121341,0,0
121441,0,0
121541,0,0
121641,0,0
121741,0,0
121841,0,0
121941,0,0
122041,0,0
122141,0,0
122241,0,0
122341,0,0
122441,0,0
122541,0,0
122641,0,0
122741,0,0
122841,0,0
122941,0,0
123041,0,0
123141,0,0
123241,0,0
123341,0,0
123441,0,0
123541,0,0
123641,0,0
123741,0,0
123841,0,0
123941,0,0
124041,0,0
124141,0,0
124241,0,0
124341,0,0
124441,0,0
124541,0,0
124641,0,0
124741,0,0
124841,0,0
124941,0,0
125041,0,0
125141,0,0
125241,0,0
125341,0,0
125441,0,0
125541,0,0
125641,0,0
125741,0,0
125841,0,0
125941,0,0
126041,0,0
126141,0,0
126241,0,0
126341,0,0
126441,0,0
126541,0,0
126641,0,0
126741,0,0
126841,0,0
126941,0,0
127041,0,0
127141,0,0
127241,0,0
127614,0,0
127714,0,1
127814,0,1
127914,0,1
128014,0,1
128114,0,1
128214,0,1
128314,0,1
128415,0,1
128515,0,1
128615,0,1
128715,0,1
128815,0,1
128915,0,1
129015,0,1
129115,0,1
129215,0,1
129315,0,1
129415,0,1
129515,0,1
129615,0,1
129715,0,1
129799,0,1
129899,0,1
129999,0,1
130099,0,1
130199,0,1
130299,0,1
130399,0,1
130499,0,1
130599,0,1
130699,0,1
130799,0,1
130899,0,1
130999,0,1
131099,0,1
131199,0,1
131300,0,1
131400,0,1
131500,0,1
131627,0,0
131727,0,0
131827,0,0
131927,0,0
132027,0,0
132127,0,0
132227,0,0
132327,0,0
132427,0,0
132527,0,0
132627,0,0
132727,0,0
132827,0,0
132927,0,0
133027,0,0
133127,0,0
133227,0,0
133327,0,0
133427,0,0
133527,0,0
133627,0,0
133732,0,0
133832,0,0
133932,0,0
134032,0,0
134132,0,0
134232,0,0
134332,0,0
134432,0,0
134532,0,0
134633,0,0
134733,0,0
134833,0,0
134933,0,0
135033,0,0
135133,0,0
135233,0,0
135333,0,0
135433,0,0
135533,0,0
135633,0,0
135733,0,0
135833,0,0
135933,0,0
136033,0,0
136133,0,0
136233,0,0
136333,0,0
136433,0,0
136533,0,0
136633,0,0
136733,0,0
136833,0,0
136933,0,0
137033,0,0
137133,0,0
137233,0,0
137333,0,0
137433,0,0
137534,0,0
137634,0,0
137733,0,0
137833,0,0
137933,0,0
138033,0,0
138133,0,0
138233,0,0
138333,0,0
138433,0,0
138533,0,0
138633,0,0
138733,0,0
138833,0,0
138933,0,0
139033,0,0
139133,0,0
139233,0,0
139333,0,0
139433,0,0
139533,0,0
139633,0,0
139733,0,0
139833,0,0
139933,0,0
140033,0,0
140133,0,0
140233,0,0
140333,0,0
140433,0,0
140533,0,0
140633,0,0
140733,0,0
140833,0,0
140933,0,0
141033,0,0
141133,0,0
141233,0,0
141333,0,0
141433,0,0
141533,0,0
141633,0,0
141731,0,0
141831,0,0
141931,0,0
142031,0,0
142131,0,0
142231,0,0
142331,0,0
142431,0,0
142531,0,0
142631,0,0
142731,0,0
142831,0,0
142931,0,0
143031,0,0
143131,0,0
143231,0,0
143331,0,0
143431,0,0
143531,0,0
143631,0,0
143731,0,0
143831,0,0
143931,0,0
144031,0,0
144131,0,0
144231,0,0
144331,0,0
144431,0,0
144531,0,0
144631,0,0
144731,0,0
144831,0,0
144931,0,0
145031,0,0
145131,0,0
145231,0,0
145331,0,0
145431,0,0
145531,0,0
145631,0,0
145730,0,0
145830,0,0
145930,0,0
146030,0,0
146130,0,0
146230,0,0
146330,0,0
146430,0,0
146530,0,0
146630,0,0
146730,0,0
146830,0,0
146930,0,0
147030,0,0
147130,0,0
147230,0,0
147330,0,0
147430,0,0
147530,0,0
147630,0,0
147730,0,0
147830,0,0
147930,0,0
148030,0,0
148130,0,0
148230,0,0
148330,0,0
148430,0,0
148530,0,0
148630,0,0
148730,0,0
148830,0,0
148930,0,0
149030,0,0
149130,0,0
149230,0,0
149330,0,0
149430,0,0
149530,0,0
149630,0,0
149728,0,0
149828,0,0
149928,0,0
150028,0,0
150128,0,0
150228,0,0
150328,0,0
150428,0,0
150528,0,0
150628,0,0
150728,0,0
150828,0,0
150928,0,0
151028,0,0
151128,0,0
151228,0,0
151328,0,0
151428,0,0
151528,0,0
151628,0,0
151728,0,0
151828,0,0
151928,0,0
152028,0,0
152128,0,0
152228,0,0
152328,0,0
152428,0,0
152528,0,0
152628,0,0
152728,0,0
152828,0,0
152928,0,0
153028,0,0
153128,0,0
153228,0,0
153328,0,0
153428,0,0
153528,0,0
153628,0,0
153726,0,0
153826,0,0
153926,0,0
154026,0,0
154126,0,0
154226,0,0
154326,0,0
154426,0,0
154526,0,0
154626,0,0
154726,0,0
154826,0,0
154926,0,0
155026,0,0
155126,0,0
155226,0,0
155326,0,0
155426,0,0
155526,0,0
155626,0,0
155726,0,0
155826,0,0
155926,0,0
156026,0,0
156126,0,0
156226,0,0
156326,0,0
156426,0,0
156526,0,0
156626,0,0
156726,0,0
156826,0,0
156926,0,0
157026,0,0
157126,0,0
157226,0,0
157326,0,0
157426,0,0
157526,0,0
157626,0,0
157722,0,0
157822,0,0
157922,0,0
158022,0,0
158122,0,0
158222,0,0
158322,0,0
158422,0,0
158522,0,0
158622,0,0
158722,0,0
158822,0,0
158922,0,0
159022,0,0
159122,0,0
159222,0,0
159322,0,0
159422,0,0
159522,0,0
159622,0,0
159722,0,0
159822,0,0
159922,0,0
160022,0,0
160122,0,0
160222,0,0
160322,0,0
160422,0,0
160522,0,0
160622,0,0
160722,0,0
160822,0,0
160922,0,0
161022,0,0
161122,0,0
161222,0,0
161322,0,0
161422,0,0
161522,0,0
161622,0,0
161724,0,0
161824,0,0
161924,0,0
162024,0,0
162124,0,0
162224,0,0
162324,0,0
162424,0,0
162524,0,0
162624,0,0
162724,0,0
162824,0,0
162924,0,0
163024,0,0
163124,0,0
163224,0,0
163324,0,0
163424,0,0
163524,0,0
163624,0,0
163724,0,0
163824,0,0
163924,0,0
164024,0,0
164124,0,0
164224,0,0
164324,0,0
164424,0,0
164524,0,0
164624,0,0
164724,0,0
164824,0,0
164924,0,0
165024,0,0
165124,0,0
165224,0,0
165324,0,0
165424,0,0
165524,0,0
165624,0,0
165721,0,0
165821,0,0
165921,0,0
166021,0,0
166121,0,0
166221,0,0
166321,0,0
166421,0,0
166521,0,0
166621,0,0
166721,0,0
166821,0,0
166921,0,0
167021,0,0
167121,0,0
167221,0,0
167321,0,0
167421,0,0
167521,0,0
167621,0,0
167721,0,0
167821,0,0
167921,0,0
168021,0,0
168121,0,0
168221,0,0
168321,0,0
168421,0,0
168521,0,0
168621,0,0
168721,0,0
168821,0,0
168921,0,0
169021,0,0
169121,0,0
169221,0,0
169321,0,0
169421,0,0
169521,0,0
169621,0,0
169721,0,0
169821,0,0
169921,0,0
170021,0,0
170121,0,0
170221,0,0
170321,0,0
170421,0,0
170521,0,0
170621,0,0
170721,0,0
170821,0,0
170921,0,0
171021,0,0
171121,0,0
171221,0,0
171321,0,0
171421,0,0
171521,0,0
171621,0,0
171721,0,0
171821,0,0
171921,0,0
172021,0,0
172121,0,0
172221,0,0
172321,0,0
172421,0,0
172521,0,0
172621,0,0
172721,0,0
172821,0,0
172921,0,0
173021,0,0
173121,0,0
173221,0,0
173321,0,0
173421,0,0
173521,0,0
173621,0,0
173721,0,0
173821,0,0
173921,0,0
174021,0,0
174121,0,0
174221,0,0
174321,0,0
174421,0,0
174521,0,0
174621,0,0
174721,0,0
174821,0,0
174921,0,0
175021,0,0
175121,0,0
175221,0,0
175321,0,0
175421,0,0
175521,0,0
175621,0,0
175721,0,0
175821,0,0
175921,0,0
176021,0,0
176121,0,0
176221,0,0
176321,0,0
176421,0,0
176521,0,0
176621,0,0
176721,0,0
176821,0,0
176921,0,0
177021,0,0
177121,0,0
177221,0,0
177321,0,0
177421,0,0
177521,0,0
177621,0,0
177721,0,0
177821,0,0
177921,0,0
178021,0,0
178121,0,0
178221,0,0
178321,0,0
178421,0,0
178521,0,0
178621,0,0
178721,0,0
178821,0,0
178921,0,0
179021,0,0
179121,0,0
179221,0,0
179321,0,0
179421,0,0
179521,0,0
179621,0,0
179721,0,0
179821,0,0
179921,0,0
180021,0,0
180121,0,0
180221,0,0
180321,0,0
180421,0,0
180521,0,0
180621,0,0
180721,0,0
180821,0,0
180921,0,0
181021,0,0
181121,0,0
181221,0,0
181321,0,0
181421,0,0
181521,0,0
181621,0,0
181721,0,0
181821,0,0
181921,0,0
182021,0,0
182121,0,0
182221,0,0
182321,0,0
182421,0,0
182521,0,0
182621,0,0
182721,0,0
182821,0,0
182921,0,0
183021,0,0
183121,0,0
183221,0,0
183321,0,0
183421,0,0
183521,0,0
183621,0,0
183721,0,0
183821,0,0
183921,0,0
184021,0,0
184121,0,0
184221,0,0
184321,0,0
184421,0,0
184521,0,0
184621,0,0
184721,0,0
184821,0,0
184921,0,0
185021,0,0
185121,0,0
185221,0,0
185321,0,0
185421,0,0
185521,0,0
185621,0,0
185721,0,0
185821,0,0
185921,0,0
186021,0,0
186121,0,0
186221,0,0
186321,0,0
186406,0,0
186506,0,0
186606,0,0
187204,0,0
187304,0,1
187404,0,1
187504,0,1
187604,0,1
187704,0,1
187804,0,1
187904,0,1
188004,0,1
188104,0,1
188204,0,1
188304,0,1
188404,0,1
188504,0,1
188604,0,1
188704,0,1
188804,0,1
188904,0,1
189005,0,1
189105,0,1
189205,0,1
189305,0,1
189405,0,1
189505,0,1
189605,0,1
189705,0,1
189805,0,1
189905,0,1
190005,0,1
190105,0,1
190205,0,1
190305,0,1
190407,0,1
190507,0,1
190607,0,1
190707,0,1
190807,0,1
190907,0,1
191007,0,1
191107,0,1
191235,0,0
191335,0,0
191435,0,0
191756,0,0
191856,0,1
191956,0,1
192056,0,1
192156,0,1
192256,1,2
192356,1,2
192456,1,2
192556,1,2
192656,1,2
192756,1,2
192856,1,2
192956,1,2
193056,1,2
193156,1,2
193256,1,2
193356,1,2
193456,1,2
193556,1,2
193656,1,2
193756,1,2
193856,1,2
193956,1,2
194056,1,2
194156,1,2
194279,0,0
194378,0,0
194478,0,0
194578,0,0
194678,0,0
194778,0,0
194878,0,0
194979,0,0
195079,0,0
195179,0,0
195279,0,0
195379,0,0
195479,0,0
195579,0,0
195679,0,0
195779,0,0
195879,0,0
195979,0,0
196079,0,0
196179,0,0
196279,0,0
196676,0,0
196776,0,1
196876,0,1
196976,0,1
197076,0,1
197176,0,1
197276,0,1
197376,0,1
197476,0,1
197576,0,1
197676,0,1
197776,0,1
197876,0,1
197976,0,1
198076,0,1
198176,0,1
198276,0,1
198377,0,1
198477,0,1
198577,0,1
198677,0,1
198778,0,1
198878,0,1
198978,0,1
199078,0,1
199178,0,1
199278,0,1
199378,0,1
199478,0,1
199578,0,1
199678,0,1
199778,0,1
199878,0,1
199978,0,1
200078,0,1
200178,0,1
200278,0,1
200378,0,1
200478,0,1
200578,0,1
200706,0,0
200806,0,0
200906,0,0
201006,0,0
201106,0,0
201206,0,0
201306,0,0
201526,0,0
201626,0,1
201726,0,1
201826,0,1
201926,0,1
202026,0,1
202126,0,1
202226,0,1
202323,0,1
202423,0,1
202523,0,1
202623,0,1
202723,0,1
202823,0,1
202923,0,1
203023,0,1
203123,0,1
203223,0,1
203323,0,1
203423,0,1
203523,0,1
203623,0,1
203724,0,1
203824,0,1
203924,0,1
204024,0,1
204124,0,1
204224,0,1
204324,0,1
204424,0,1
204524,0,1
204624,0,1
204724,0,1
204824,0,1
204924,0,1
205024,0,1
205124,0,1
205224,0,1
205324,0,1
205424,0,1
205551,0,0
205651,0,0
205751,0,0
205851,0,0
205951,0,0
206051,0,0
206151,0,0
206251,0,0
206349,0,0
206449,0,0
206549,0,0
206649,0,0
206749,0,0
206849,0,0
206949,0,0
207050,0,0
207150,0,0
207250,0,0
207350,0,0
207450,0,0
207550,0,0
207650,0,0
207750,0,0
207850,0,0
207950,0,0
208050,0,0
208150,0,0
208250,0,0
208350,0,0
208450,0,0
208550,0,0
208650,0,0
208750,0,0
208850,0,0
208950,0,0
209050,0,0
209150,0,0
209250,0,0
209350,0,0
209450,0,0
209550,0,0
209650,0,0
209750,0,0
209850,0,0
209951,0,0
210051,0,0
210151,0,0
210251,0,0
210351,0,0
210451,0,0
210551,0,0
210651,0,0
210751,0,0
210851,0,0
210951,0,0
211051,0,0
211151,0,0
211251,0,0
211351,0,0
211451,0,0
211551,0,0
211651,0,0
211751,0,0
211851,0,0
211951,0,0
212051,0,0
212151,0,0
212251,0,0
212351,0,0
212451,0,0
212551,0,0
212651,0,0
212751,0,0
212851,0,0
212951,0,0
213051,0,0
213151,0,0
213251,0,0
213351,0,0
213451,0,0
213551,0,0
213651,0,0
213751,0,0
213851,0,0
213951,0,0
214051,0,0
214151,0,0
214251,0,0
214348,0,0
214448,0,0
214548,0,0
214648,0,0
214748,0,0
214848,0,0
214948,0,0
215048,0,0
215148,0,0
215248,0,0
215348,0,0
215448,0,0
215548,0,0
215648,0,0
215748,0,0
215848,0,0
215948,0,0
216048,0,0
216148,0,0
216248,0,0
216348,0,0
216448,0,0
216548,0,0
216648,0,0
216748,0,0
216848,0,0
216948,0,0
217048,0,0
217148,0,0
217248,0,0
217348,0,0
217448,0,0
217548,0,0
217648,0,0
217748,0,0
217848,0,0
217948,0,0
218048,0,0
218148,0,0
218248,0,0
218347,0,0
218447,0,0
218547,0,0
218647,0,0
218747,0,0
218847,0,0
218947,0,0
219047,0,0
219147,0,0
219247,0,0
219347,0,0
219447,0,0
219547,0,0
219647,0,0
219747,0,0
219847,0,0
219947,0,0
220047,0,0
220147,0,0
220247,0,0
220347,0,0
220447,0,0
220547,0,0
220647,0,0
220747,0,0
220847,0,0
220947,0,0
221047,0,0
221147,0,0
221247,0,0
221347,0,0
221447,0,0
221547,0,0
221647,0,0
221747,0,0
221847,0,0
221947,0,0
222047,0,0
222147,0,0
222247,0,0
222346,0,0
222446,0,0
222546,0,0
222646,0,0
222746,0,0
222846,0,0
222946,0,0
223046,0,0
223146,0,0
223246,0,0
223346,0,0
223446,0,0
223546,0,0
223646,0,0
223746,0,0
223846,0,0
223946,0,0
224046,0,0
224146,0,0
224246,0,0
224346,0,0
224446,0,0
224546,0,0
224646,0,0
224746,0,0
224846,0,0
224946,0,0
225046,0,0
225146,0,0
225246,0,0
225346,0,0
225446,0,0
225546,0,0
225646,0,0
225746,0,0
225846,0,0
225946,0,0
226046,0,0
226146,0,0
226246,0,0
226346,0,0
226446,0,0
226546,0,0
226646,0,0
226746,0,0
226846,0,0
226946,0,0
227046,0,0
227146,0,0
227246,0,0
227346,0,0
227446,0,0
227546,0,0
227646,0,0
227746,0,0
227846,0,0
227946,0,0
228046,0,0
228146,0,0
228246,0,0
228346,0,0
228446,0,0
228546,0,0
228646,0,0
228746,0,0
228846,0,0
228946,0,0
229046,0,0
229146,0,0
229246,0,0
229346,0,0
229446,0,0
229546,0,0
229646,0,0
229746,0,0
229846,0,0
229946,0,0
230046,0,0
230146,0,0
230246,0,0
230346,0,0
230446,0,0
230546,0,0
230646,0,0
230746,0,0
230846,0,0
230946,0,0
231046,0,0
231146,0,0
231246,0,0
231346,0,0
231446,0,0
231546,0,0
231646,0,0
231746,0,0
231846,0,0
231946,0,0
232046,0,0
232146,0,0
232246,0,0
232346,0,0
232446,0,0
232546,0,0
232646,0,0
232746,0,0
232846,0,0
232946,0,0
233046,0,0
233146,0,0
233246,0,0
233346,0,0
233446,0,0
233546,0,0
233646,0,0
233746,0,0
233846,0,0
233946,0,0
234046,0,0
234146,0,0
234246,0,0
234346,0,0
234446,0,0
234546,0,0
234646,0,0
234746,0,0
234846,0,0
234946,0,0
235046,0,0
235146,0,0
235246,0,0
235346,0,0
235446,0,0
235546,0,0
235646,0,0
235746,0,0
235846,0,0
235946,0,0
236046,0,0
236146,0,0
236246,0,0
236346,0,0
236446,0,0
236546,0,0
236646,0,0
236746,0,0
236846,0,0
236946,0,0
237046,0,0
237146,0,0
237246,0,0
237346,0,0
237446,0,0
237546,0,0
237646,0,0
237746,0,0
237846,0,0
237946,0,0
238046,0,0
238146,0,0
238246,0,0
238346,0,0
238446,0,0
238546,0,0
238646,0,0
238746,0,0
238846,0,0
238946,0,0
239046,0,0
239146,0,0
239246,0,0
239346,0,0
239446,0,0
239546,0,0
239646,0,0
239746,0,0
239846,0,0
239946,0,0
240046,0,0
240146,0,0
240246,0,0
240346,0,0
240446,0,0
240546,0,0
240646,0,0
240746,0,0
240846,0,0
240946,0,0
241046,0,0
241146,0,0
241246,0,0
241346,0,0
241446,0,0
241546,0,0
241646,0,0
241746,0,0
241846,0,0
241946,0,0
242046,0,0
242146,0,0
242246,0,0
242346,0,0
242446,0,0
242546,0,0
242646,0,0
242746,0,0
242846,0,0
242946,0,0
243046,0,0
243146,0,0
243246,0,0
243336,0,0
243436,0,0
243767,0,0
243867,0,1
243967,0,1
244067,0,1
244167,0,1
244267,0,1
244368,0,1
244468,0,1
244568,0,1
244668,0,1
244768,0,1
244868,0,1
244968,0,1
245068,0,1
245168,0,1
245268,0,1
245368,0,1
245468,0,1
245568,0,1
245668,0,1
245768,0,1
245868,0,1
245968,0,1
246068,0,1
246168,0,1
246268,0,1
246368,0,1
246468,0,1
246568,0,1
246668,0,1
246768,0,1
246868,0,1
246968,0,1
247068,0,1
247168,0,1
247268,0,1
247367,0,1
247467,0,1
247567,0,1
247667,0,1
247795,0,0
247895,0,0
247995,0,0
248095,0,0
248195,0,0
248295,0,0
248395,0,0
248495,0,0
248595,0,0
248695,0,0
248795,0,0
248895,0,0
248995,0,0
249095,0,0
249195,0,0
249295,0,0
249395,0,0
249495,0,0
249595,0,0
249695,0,0
249795,0,0
249895,0,0
249995,0,0
250095,0,0
250195,0,0
250295,0,0
250395,0,0
250495,0,0
250595,0,0
250695,0,0
250795,0,0
250895,0,0
250995,0,0
251095,0,0
251195,0,0
251295,0,0
251393,0,0
251493,0,0
251593,0,0
251693,0,0
251793,0,0
251893,0,0
251993,0,0
252093,0,0
252193,0,0
252293,0,0
252393,0,0
252493,0,0
252593,0,0
252693,0,0
252793,0,0
252893,0,0
252993,0,0
253093,0,0
253193,0,0
253293,0,0
253393,0,0
253493,0,0
253593,0,0
253693,0,0
253793,0,0
253893,0,0
253993,0,0
254093,0,0
254193,0,0
254293,0,0
254393,0,0
254493,0,0
254593,0,0
254693,0,0
254793,0,0
254893,0,0
254993,0,0
255093,0,0
255193,0,0
255293,0,0
255392,0,0
255492,0,0
255592,0,0
255692,0,0
255792,0,0
255892,0,0
255992,0,0
256092,0,0
256192,0,0
256292,0,0
256392,0,0
256492,0,0
256592,0,0
256692,0,0
256792,0,0
256892,0,0
256992,0,0
257092,0,0
257192,0,0
257292,0,0
257392,0,0
257492,0,0
257592,0,0
257692,0,0
257792,0,0
257892,0,0
257992,0,0
258092,0,0
258192,0,0
258292,0,0
258392,0,0
258492,0,0
258592,0,0
258692,0,0
258792,0,0
258892,0,0
258992,0,0
259092,0,0
259192,0,0
259292,0,0
259390,0,0
259490,0,0
259590,0,0
259690,0,0
259790,0,0
259890,0,0
259990,0,0
260090,0,0
260190,0,0
260290,0,0
260390,0,0
260490,0,0
260590,0,0
260690,0,0
260790,0,0
260890,0,0
260990,0,0
261090,0,0
261190,0,0
261290,0,0
261390,0,0
261490,0,0
261590,0,0
261690,0,0
261790,0,0
261890,0,0
261990,0,0
262090,0,0
262190,0,0
262290,0,0
262390,0,0
262490,0,0
262590,0,0
262690,0,0
262790,0,0
262890,0,0
262990,0,0
263090,0,0
263190,0,0
263290,0,0
263388,0,0
263488,0,0
263588,0,0
263688,0,0
263788,0,0
263888,0,0
263988,0,0
264088,0,0
264188,0,0
264288,0,0
264388,0,0
264488,0,0
264588,0,0
264688,0,0
264788,0,0
264888,0,0
264988,0,0
265088,0,0
265188,0,0
265288,0,0
265388,0,0
265488,0,0
265588,0,0
265688,0,0
265788,0,0
265888,0,0
265988,0,0
266088,0,0
266188,0,0
266288,0,0
266388,0,0
266488,0,0
266588,0,0
266688,0,0
266788,0,0
266888,0,0
266988,0,0
267088,0,0
267188,0,0
267288,0,0
267386,0,0
267486,0,0
267586,0,0
267686,0,0
267786,0,0
267886,0,0
267986,0,0
268086,0,0
268186,0,0
268286,0,0
268386,0,0
268486,0,0
268586,0,0
268686,0,0
268786,0,0
268886,0,0
268986,0,0
269086,0,0
269186,0,0
269286,0,0
269386,0,0
269486,0,0
269586,0,0
269686,0,0
269786,0,0
269886,0,0
269986,0,0
270086,0,0
270186,0,0
270286,0,0
270386,0,0
270486,0,0
270586,0,0
270686,0,0
270786,0,0
270886,0,0
270986,0,0
271086,0,0
271186,0,0
271286,0,0
271385,0,0
271485,0,0
271585,0,0
271685,0,0
271785,0,0
271885,0,0
271985,0,0
272085,0,0
272185,0,0
272285,0,0
272385,0,0
272485,0,0
272585,0,0
272685,0,0
272785,0,0
272885,0,0
272985,0,0
273085,0,0
273185,0,0
273285,0,0
273385,0,0
273485,0,0
273585,0,0
273685,0,0
273785,0,0
273885,0,0
273985,0,0
274085,0,0
274185,0,0
274285,0,0
274385,0,0
274485,0,0
274585,0,0
274685,0,0
274785,0,0
274885,0,0
274985,0,0
275085,0,0
275185,0,0
275285,0,0
275381,0,0
275481,0,0
275581,0,0
275681,0,0
275781,0,0
275881,0,0
275981,0,0
276081,0,0
276181,0,0
276281,0,0
276381,0,0
276481,0,0
276581,0,0
276681,0,0
276781,0,0
276881,0,0
276981,0,0
277081,0,0
277181,0,0
277281,0,0
277381,0,0
277481,0,0
277581,0,0
277681,0,0
277781,0,0
277881,0,0
277981,0,0
278081,0,0
278181,0,0
278281,0,0
278381,0,0
278481,0,0
278581,0,0
278681,0,0
278781,0,0
278881,0,0
278981,0,0
279081,0,0
279181,0,0
279281,0,0
279382,0,0
279482,0,0
279582,0,0
279682,0,0
279782,0,0
279882,0,0
279982,0,0
280082,0,0
280182,0,0
280282,0,0
280382,0,0
280482,0,0
280582,0,0
280682,0,0
280782,0,0
280882,0,0
280982,0,0
281082,0,0
281182,0,0
281282,0,0
281382,0,0
281482,0,0
281582,0,0
281682,0,0
281782,0,0
281882,0,0
281982,0,0
282082,0,0
282182,0,0
282282,0,0
282382,0,0
282482,0,0
282582,0,0
282682,0,0
282782,0,0
282882,0,0
282982,0,0
283082,0,0
283182,0,0
283282,0,0
283383,0,0
283483,0,0
283583,0,0
283683,0,0
283783,0,0
283883,0,0
283983,0,0
284083,0,0
284183,0,0
284283,0,0
284383,0,0
284483,0,0
284583,0,0
284683,0,0
284783,0,0
284883,0,0
284983,0,0
285083,0,0
285183,0,0
285283,0,0
285383,0,0
285483,0,0
285583,0,0
285683,0,0
285784,0,0
285884,0,0
285984,0,0
286084,0,0
286184,0,0
286284,0,0
286384,0,0
286484,0,0
286584,0,0
286684,0,0
286784,0,0
286884,0,0
286984,0,0
287084,0,0
287184,0,0
287284,0,0
287384,0,0
287484,0,0
287584,0,0
287684,0,0
287784,0,0
287884,0,0
287984,0,0
288084,0,0
288184,0,0
288284,0,0
288384,0,0
288484,0,0
288584,0,0
288685,0,0
288785,0,0
288885,0,0
288985,0,0
289085,0,0
289185,0,0
289285,0,0
289385,0,0
289485,0,0
289585,0,0
289685,0,0
289785,0,0
289885,0,0
289985,0,0
290085,0,0
290185,0,0
290285,0,0
290385,0,0
290485,0,0
290585,0,0
290685,0,0
290785,0,0
290885,0,0
290985,0,0
291085,0,0
291185,0,0
291285,0,0
291385,0,0
291485,0,0
291586,0,0
291686,0,0
291786,0,0
291886,0,0
291986,0,0
292086,0,0
292186,0,0
292286,0,0
292386,0,0
292486,0,0
292586,0,0
292686,0,0
292786,0,0
292886,0,0
292986,0,0
293086,0,0
293186,0,0
293286,0,0
293386,0,0
293486,0,0
293586,0,0
293686,0,0
293786,0,0
293886,0,0
293986,0,0
294086,0,0
294186,0,0
294286,0,0
294386,0,0
294486,0,0
294586,0,0
294686,0,0
294786,0,0
294886,0,0
294986,0,0
295086,0,0
295186,0,0
295286,0,0
295386,0,0
295486,0,0
295586,0,0
295686,0,0
295786,0,0
295886,0,0
295986,0,0
296086,0,0
296186,0,0
296286,0,0
296386,0,0
296486,0,0
296586,0,0
296686,0,0
296786,0,0
296886,0,0
296986,0,0
297086,0,0
297186,0,0
297286,0,0
297386,0,0
297486,0,0
297586,0,0
297686,0,0
297786,0,0
297886,0,0
297986,0,0
298086,0,0
298186,0,0
298286,0,0
298386,0,0
298486,0,0
298586,0,0
298686,0,0
298786,0,0
298886,0,0
298986,0,0
299086,0,0
299186,0,0
299286,0,0
299386,0,0
299486,0,0
299586,0,0
299686,0,0
299786,0,0
299876,0,0
299976,0,0
300076,0,0
300176,0,0
300781,0,0
300881,0,1
300981,0,1
301081,0,1
301181,0,1
301281,0,1
301381,0,1
301481,0,1
301581,0,1
301681,0,1
301781,0,1
301881,0,1
301981,0,1
302081,0,1
302181,0,1
302281,0,1
302381,0,1
302481,0,1
302581,0,1
302681,0,1
302781,0,1
302881,0,1
302981,0,1
303081,0,1
303182,0,1
303282,0,1
303382,0,1
303482,0,1
303582,0,1
303682,0,1
303782,0,1
303882,0,1
303982,0,1
304082,0,1
304182,0,1
304282,0,1
304382,0,1
304482,0,1
304582,0,1
304682,0,1
304810,0,0
304910,0,0
305010,0,0
305545,0,0
305645,0,1
305745,0,1
305845,0,1
305945,0,1
306045,0,1
306145,0,1
306245,0,1
306345,0,1
306445,0,1
306545,0,1
306645,0,1
306745,0,1
306845,0,1
306945,0,1
307045,0,1
307145,0,1
307245,0,1
307345,0,1
307445,0,1
307545,0,1
307645,0,1
307745,0,1
307845,0,1
307943,0,1
308044,0,1
308144,0,1
308244,0,1
308344,0,1
308444,0,1
308544,0,1
308644,0,1
308744,0,1
308844,0,1
308944,0,1
309044,0,1
309144,0,1
309244,0,1
309344,0,1
309444,0,1
309571,0,0
309671,0,0
309771,0,0
309871,0,0
309971,0,0
310150,0,0
310250,0,1
310350,0,1
310450,0,1
310570,0,1
310670,1,2
310770,1,2
310870,1,2
310970,1,2
311070,1,2
311170,1,2
311270,1,2
311370,1,2
311470,1,2
311570,1,2
311670,1,2
311770,1,2
311868,1,2
311968,1,2
312068,1,2
312168,1,2
312268,1,2
312368,1,2
312468,1,2
312568,1,2
312668,0,0
312768,0,0
312868,0,0
312968,0,0
313068,0,0
313168,0,0
313268,0,0
313368,0,0
313468,0,0
313568,0,0
313668,0,0
313768,0,0
313868,0,0
313968,0,0
314068,0,0
314168,0,0
314268,0,0
314368,0,0
314468,0,0
314568,0,0
314959,0,0
315059,0,1
315159,0,1
315259,0,1
315359,0,1
315459,0,1
315559,0,1
315659,0,1
315759,0,1
315859,0,1
315948,0,1
316048,0,1
316148,0,1
316248,0,1
316348,0,1
316448,0,1
316548,0,1
316649,0,1
316749,0,1
316849,0,1
316949,0,1
317049,0,1
317149,0,1
317249,0,1
317349,0,1
317449,0,1
317549,0,1
317649,0,1
317749,0,1
317849,0,1
317949,0,1
318049,0,1
318149,0,1
318249,0,1
318349,0,1
318449,0,1
318549,0,1
318649,0,1
318749,0,1
318849,0,1
318977,0,0
319077,0,0
319177,0,0
319277,0,0
319377,0,0
319477,0,0
319577,0,0
319677,0,0
319777,0,0
319884,0,0
319984,0,0
320084,0,0
320184,0,0
320284,0,0
320384,0,0
320484,0,0
320584,0,0
320684,0,0
320784,0,0
320884,0,0
320984,0,0
321084,0,0
321184,0,0
321284,0,0
321384,0,0
321484,0,0
321584,0,0
321684,0,0
321784,0,0
321884,0,0
321984,0,0
322084,0,0
322184,0,0
322284,0,0
322384,0,0
322484,0,0
322584,0,0
322684,0,0
322784,0,0
322884,0,0
322984,0,0
323084,0,0
323184,0,0
323284,0,0
323384,0,0
323484,0,0
323584,0,0
323684,0,0
323784,0,0
323882,0,0
323982,0,0
324082,0,0
324182,0,0
324282,0,0
324382,0,0
324482,0,0
324582,0,0
324682,0,0
324782,0,0
324882,0,0
324982,0,0
325082,0,0
325182,0,0
325282,0,0
325382,0,0
325482,0,0
325582,0,0
325682,0,0
325782,0,0
325882,0,0
325982,0,0
326082,0,0
326182,0,0
326282,0,0
326382,0,0
326482,0,0
326582,0,0
326682,0,0
326782,0,0
326882,0,0
326982,0,0
327082,0,0
327182,0,0
327282,0,0
327382,0,0
327482,0,0
327582,0,0
327682,0,0
327782,0,0
327881,0,0
327981,0,0
328081,0,0
328181,0,0
328281,0,0
328381,0,0
328481,0,0
328581,0,0
328681,0,0
328781,0,0
328881,0,0
328981,0,0
329081,0,0
329181,0,0
329281,0,0
329381,0,0
329481,0,0
329581,0,0
329681,0,0
329781,0,0
329881,0,0
329981,0,0
330081,0,0
330181,0,0
330281,0,0
330381,0,0
330481,0,0
330581,0,0
330681,0,0
330781,0,0
330881,0,0
330981,0,0
331081,0,0
331181,0,0
331281,0,0
331381,0,0
331481,0,0
331581,0,0
331681,0,0
331781,0,0
331880,0,0
331980,0,0
332080,0,0
332180,0,0
332280,0,0
332380,0,0
332480,0,0
332580,0,0
332680,0,0
332780,0,0
332880,0,0
332980,0,0
333080,0,0
333180,0,0
333280,0,0
333380,0,0
333480,0,0
333580,0,0
333680,0,0
333780,0,0
333880,0,0
333980,0,0
334080,0,0
334180,0,0
334280,0,0
334380,0,0
334480,0,0
334580,0,0
334680,0,0
334780,0,0
334880,0,0
334980,0,0
335080,0,0
335180,0,0
335280,0,0
335380,0,0
335480,0,0
335580,0,0
335680,0,0
335780,0,0
335880,0,0
335977,0,0
336077,0,0
336177,0,0
336277,0,0
336377,0,0
336477,0,0
336577,0,0
336677,0,0
336777,0,0
336877,0,0
336977,0,0
337077,0,0
337177,0,0
337277,0,0
337377,0,0
337477,0,0
337577,0,0
337677,0,0
337777,0,0
337877,0,0
337977,0,0
338077,0,0
338177,0,0
338277,0,0
338377,0,0
338477,0,0
338577,0,0
338677,0,0
338777,0,0
338877,0,0
338977,0,0
339077,0,0
339177,0,0
339277,0,0
339377,0,0
339477,0,0
339577,0,0
339677,0,0
339777,0,0
339877,0,0
339977,0,0
340077,0,0
340177,0,0
340277,0,0
340377,0,0
340477,0,0
340577,0,0
340677,0,0
340777,0,0
340877,0,0
340977,0,0
341077,0,0
341177,0,0
341277,0,0
341377,0,0
341477,0,0
341577,0,0
341677,0,0
341777,0,0
341877,0,0
341977,0,0
342077,0,0
342177,0,0
342277,0,0
342377,0,0
342477,0,0
342577,0,0
342677,0,0
342777,0,0
342877,0,0
342977,0,0
343077,0,0
343177,0,0
343277,0,0
343377,0,0
343477,0,0
343577,0,0
343677,0,0
343777,0,0
343877,0,0
343977,0,0
344077,0,0
344177,0,0
344277,0,0
344377,0,0
344477,0,0
344577,0,0
344677,0,0
344777,0,0
344877,0,0
344977,0,0
345077,0,0
345177,0,0
345277,0,0
345377,0,0
345477,0,0
345577,0,0
345677,0,0
345777,0,0
345877,0,0
345977,0,0
346077,0,0
346177,0,0
346277,0,0
346377,0,0
346477,0,0
346577,0,0
346677,0,0
346777,0,0
346877,0,0
346977,0,0
347077,0,0
347177,0,0
347277,0,0
347377,0,0
347477,0,0
347577,0,0
347677,0,0
347777,0,0
347877,0,0
347977,0,0
348077,0,0
348177,0,0
348277,0,0
348377,0,0
348477,0,0
348577,0,0
348677,0,0
348777,0,0
348877,0,0
348977,0,0
349077,0,0
349177,0,0
349277,0,0
349377,0,0
349477,0,0
349577,0,0
349677,0,0
349777,0,0
349877,0,0
349977,0,0
350077,0,0
350177,0,0
350277,0,0
350377,0,0
350477,0,0
350577,0,0
350677,0,0
350777,0,0
350877,0,0
350977,0,0
351077,0,0
351177,0,0
351277,0,0
351377,0,0
351477,0,0
351577,0,0
351677,0,0
351777,0,0
351877,0,0
351977,0,0
352077,0,0
352177,0,0
352277,0,0
352377,0,0
352477,0,0
352577,0,0
352677,0,0
352777,0,0
352877,0,0
352977,0,0
353077,0,0
353177,0,0
353277,0,0
353377,0,0
353477,0,0
353577,0,0
353677,0,0
353777,0,0
353877,0,0
353977,0,0
354077,0,0
354177,0,0
354277,0,0
354377,0,0
354477,0,0
354577,0,0
354677,0,0
354777,0,0
354877,0,0
354977,0,0
355077,0,0
355177,0,0
355277,0,0
355377,0,0
355477,0,0
355577,0,0
355677,0,0
355777,0,0
355877,0,0
355970,0,0
356070,0,0
356170,0,0
356270,0,0
356370,0,0
356470,0,0
356570,0,0
356670,0,0
356770,0,0
356870,0,0
356970,0,0
357070,0,0
357170,0,0
357270,0,0
357370,0,0
357470,0,0
357570,0,0
357670,0,0
357770,0,0
357870,0,0
357970,0,0
358070,0,0
358170,0,0
358270,0,0
358370,0,0
358470,0,0
358570,0,0
358670,0,0
358770,0,0
358870,0,0
358970,0,0
359232,0,0
359332,0,1
359432,0,1
359532,0,1
359632,1,2
359732,1,2
359832,1,2
359932,1,2
360028,1,2
360128,1,2
360228,1,2
360329,1,2
360429,1,2
360529,1,2
360629,1,2
360729,1,2
360829,1,2
360929,1,2
361029,1,2
361129,1,2
361229,1,2
361329,1,2
361429,1,2
361529,1,2
361647,0,0
361747,0,0
361847,0,0
361947,0,0
362047,0,0
362147,0,0
362247,0,0
362347,0,0
362447,0,0
362548,0,0
362648,0,0
362748,0,0
362848,0,0
362948,0,0
363048,0,0
363148,0,0
363248,0,0
363348,0,0
363448,0,0
363548,0,0
363648,0,0
364179,0,0
364054,0,1
364154,0,1
364254,0,1
364354,0,1
364454,0,1
364554,0,1
364654,0,1
364755,0,1
364855,0,1
364955,0,1
365055,0,1
365155,0,1
365255,0,1
365355,0,1
365455,0,1
365555,0,1
365655,0,1
365755,0,1
365855,0,1
365955,0,1
366055,0,1
366155,0,1
366255,0,1
366355,0,1
366455,0,1
366555,0,1
366655,0,1
366755,0,1
366855,0,1
366955,0,1
367055,0,1
367155,0,1
367255,0,1
367355,0,1
367455,0,1
367555,0,1
367656,0,1
367979,0,1
368079,0,1
368205,0,0
368306,0,0
368406,0,0
368506,0,0
368606,0,0
368706,0,0
368806,0,0
368906,0,0
369006,0,0
369106,0,0
369206,0,0
369306,0,0
369406,0,0
369506,0,0
369606,0,0
369706,0,0
369806,0,0
369906,0,0
370006,0,0
370106,0,0
370206,0,0
370306,0,0
370406,0,0
370506,0,0
370606,0,0
370706,0,0
370806,0,0
370906,0,0
371006,0,0
371106,0,0
371207,0,0
371307,0,0
371407,0,0
371507,0,0
371607,0,0
371707,0,0
371807,0,0
371907,0,0
372006,0,0
372106,0,0
372206,0,0
372306,0,0
372406,0,0
372506,0,0
372606,0,0
372706,0,0
372806,0,0
372906,0,0
373006,0,0
373106,0,0
373206,0,0
373306,0,0
373406,0,0
373506,0,0
373606,0,0
373706,0,0
373806,0,0
373906,0,0
374006,0,0
374107,0,0
374207,0,0
374307,0,0
374407,0,0
374507,0,0
374607,0,0
374707,0,0
374807,0,0
374907,0,0
375007,0,0
375107,0,0
375207,0,0
375307,0,0
375407,0,0
375507,0,0
375607,0,0
375707,0,0
375807,0,0
375907,0,0
376007,0,0
376105,0,0
376205,0,0
376305,0,0
376405,0,0
376505,0,0
376605,0,0
376705,0,0
376805,0,0
376905,0,0
377005,0,0
377105,0,0
377205,0,0
377305,0,0
377405,0,0
377505,0,0
377605,0,0
377705,0,0
377805,0,0
377905,0,0
378005,0,0
378105,0,0
378205,0,0
378305,0,0
378405,0,0
378505,0,0
378605,0,0
378705,0,0
378805,0,0
378905,0,0
379005,0,0
379105,0,0
379205,0,0
379305,0,0
379405,0,0
379505,0,0
379605,0,0
379705,0,0
379805,0,0
379905,0,0
380005,0,0
380104,0,0
380204,0,0
380304,0,0
380404,0,0
380504,0,0
380604,0,0
380704,0,0
380804,0,0
380904,0,0
381004,0,0
381104,0,0
381204,0,0
381304,0,0
381404,0,0
381504,0,0
381604,0,0
381704,0,0
381804,0,0
381904,0,0
382004,0,0
382104,0,0
382204,0,0
382304,0,0
382404,0,0
382504,0,0
382604,0,0
382704,0,0
382804,0,0
382904,0,0
383004,0,0
383104,0,0
383204,0,0
383304,0,0
383404,0,0
383504,0,0
383604,0,0
383704,0,0
383804,0,0
383904,0,0
384004,0,0
384102,0,0
384202,0,0
384302,0,0
384402,0,0
384502,0,0
384602,0,0
384702,0,0
384802,0,0
384902,0,0
385002,0,0
385102,0,0
385202,0,0
385302,0,0
385402,0,0
385502,0,0
385602,0,0
385702,0,0
385802,0,0
385902,0,0
386002,0,0
386102,0,0
386202,0,0
386302,0,0
386402,0,0
386502,0,0
386602,0,0
386702,0,0
386802,0,0
386902,0,0
387002,0,0
387102,0,0
387202,0,0
387302,0,0
387402,0,0
387502,0,0
387602,0,0
387702,0,0
387802,0,0
387902,0,0
388002,0,0
388099,0,0
388199,0,0
388299,0,0
388399,0,0
388499,0,0
388599,0,0
388699,0,0
388799,0,0
388899,0,0
388999,0,0
389099,0,0
389199,0,0
389299,0,0
389399,0,0
389499,0,0
389599,0,0
389699,0,0
389799,0,0
389899,0,0
389999,0,0
390099,0,0
390199,0,0
390299,0,0
390399,0,0
390499,0,0
390599,0,0
390699,0,0
390799,0,0
390899,0,0
390999,0,0
391099,0,0
391199,0,0
391299,0,0
391399,0,0
391499,0,0
391599,0,0
391699,0,0
391799,0,0
391899,0,0
391999,0,0
392098,0,0
392198,0,0
392298,0,0
392398,0,0
392498,0,0
392598,0,0
392698,0,0
392798,0,0
392898,0,0
392998,0,0
393098,0,0
393198,0,0
393298,0,0
393398,0,0
393498,0,0
393598,0,0
393698,0,0
393798,0,0
393898,0,0
393998,0,0
394098,0,0
394198,0,0
394298,0,0
394398,0,0
394498,0,0
394598,0,0
394698,0,0
394798,0,0
394898,0,0
394998,0,0
395098,0,0
395198,0,0
395298,0,0
395398,0,0
395498,0,0
395598,0,0
395698,0,0
395798,0,0
395898,0,0
395998,0,0
396097,0,0
396197,0,0
396297,0,0
396397,0,0
396497,0,0
396597,0,0
396697,0,0
396797,0,0
396897,0,0
396997,0,0
397097,0,0
397197,0,0
397297,0,0
397397,0,0
397497,0,0
397597,0,0
397697,0,0
397797,0,0
397897,0,0
397997,0,0
398097,0,0
398197,0,0
398297,0,0
398397,0,0
398497,0,0
398597,0,0
398697,0,0
398797,0,0
398897,0,0
398997,0,0
399097,0,0
399197,0,0
399297,0,0
399397,0,0
399497,0,0
399597,0,0
399697,0,0
399797,0,0
399897,0,0
399997,0,0
400097,0,0
400197,0,0
400297,0,0
400397,0,0
400497,0,0
400597,0,0
400697,0,0
400797,0,0
400897,0,0
400997,0,0
401097,0,0
401197,0,0
401297,0,0
401397,0,0
401497,0,0
401597,0,0
401697,0,0
401797,0,0
401897,0,0
401997,0,0
402097,0,0
402197,0,0
402297,0,0
402397,0,0
402497,0,0
402597,0,0
402697,0,0
402797,0,0
402897,0,0
402997,0,0
403097,0,0
403197,0,0
403297,0,0
403397,0,0
403497,0,0
403597,0,0
403697,0,0
403797,0,0
403897,0,0
403997,0,0
404097,0,0
404197,0,0
404297,0,0
404397,0,0
404497,0,0
404597,0,0
404697,0,0
404797,0,0
404897,0,0
404997,0,0
405097,0,0
405197,0,0
405297,0,0
405397,0,0
405497,0,0
405597,0,0
405697,0,0
405797,0,0
405897,0,0
405997,0,0
406097,0,0
406197,0,0
406297,0,0
406397,0,0
406497,0,0
406597,0,0
406697,0,0
406797,0,0
406897,0,0
406997,0,0
407097,0,0
407197,0,0
407297,0,0
407397,0,0
407497,0,0
407597,0,0
407697,0,0
407797,0,0
407897,0,0
407997,0,0
408097,0,0
408197,0,0
408297,0,0
408397,0,0
408497,0,0
408597,0,0
408697,0,0
408797,0,0
408897,0,0
408997,0,0
409097,0,0
409197,0,0
409297,0,0
409397,0,0
409497,0,0
409597,0,0
409697,0,0
409797,0,0
409897,0,0
409997,0,0
410097,0,0
410197,0,0
410297,0,0
410397,0,0
410497,0,0
410597,0,0
410697,0,0
410797,0,0
410897,0,0
410997,0,0
411097,0,0
411197,0,0
411297,0,0
411397,0,0
411497,0,0
411597,0,0
411697,0,0
411797,0,0
411897,0,0
411997,0,0
412097,0,0
412197,0,0
412297,0,0
412397,0,0
412497,0,0
412597,0,0
412697,0,0
412797,0,0
412897,0,0
412997,0,0
413097,0,0
413197,0,0
413297,0,0
413397,0,0
413497,0,0
413597,0,0
413697,0,0
413797,0,0
413897,0,0
413997,0,0
414097,0,0
414197,0,0
414297,0,0
414397,0,0
414497,0,0
414597,0,0
414697,0,0
414797,0,0
414897,0,0
414997,0,0
415097,0,0
415197,0,0
415297,0,0
415397,0,0
415497,0,0
415597,0,0
415697,0,0
415797,0,0
415897,0,0
415997,0,0
416097,0,0
416197,0,0
416289,0,0
416389,0,0
416489,0,0
416589,0,0
416689,0,0
416952,0,0
417052,0,1
417152,0,1
417252,0,1
417353,0,1
417453,0,1
417553,0,1
417653,0,1
417753,0,1
417853,0,1
417953,0,1
418053,0,1
418153,0,1
418253,0,1
418353,0,1
418453,0,1
418553,0,1
418653,0,1
418753,0,1
418853,0,1
418953,0,1
419053,0,1
419153,0,1
419253,0,1
419353,0,1
419453,0,1
419553,0,1
419653,0,1
419753,0,1
419853,0,1
419953,0,1
420053,0,1
420153,0,1
420253,0,1
420329,0,1
420429,0,1
420529,0,1
420629,0,1
420729,0,1
420829,0,1
420956,0,0
421056,0,0
421156,0,0
421256,0,0
421356,0,0
421456,0,0
421898,0,0
421998,0,1
422098,0,1
422198,0,1
422298,0,1
422398,0,1
422498,1,2
422598,1,2
422698,1,2
422798,1,2
422898,1,2
422998,1,2
423098,1,2
423198,1,2
423298,1,2
423398,1,2
423498,1,2
423598,1,2
423698,1,2
423798,1,2
423898,1,2
423998,1,2
424098,1,2
424199,1,2
424319,1,2
424419,1,2
424519,1,2
424619,1,2
424719,1,2
424819,1,2
424919,1,2
425019,1,2
425119,1,2
425219,1,2
425319,1,2
425419,1,2
425519,1,2
425619,1,2
425719,1,2
425819,1,2
425919,1,2
426019,1,2
426119,1,2
426219,1,2
426319,1,2
426419,1,2
426519,1,2
426619,1,2
426719,1,2
426819,1,2
426919,1,2
427019,1,2
427120,1,2
427220,1,2
427320,1,2
427420,1,2
427520,1,2
427620,1,2
427720,1,2
427820,1,2
427920,1,2
428020,1,2
428120,1,2
428220,1,2
428319,1,2
428419,1,2
428519,1,2
428619,1,2
428719,1,2
428819,1,2
428919,1,2
429019,1,2
429119,1,2
429219,1,2
429319,1,2
429419,1,2
429519,1,2
429619,1,2
429719,1,2
429819,1,2
429919,1,2
430020,1,2
430120,1,2
430220,1,2
430320,1,2
430420,1,2
430520,1,2
430620,1,2
430720,1,2
430820,1,2
430920,1,2
431020,1,2
431120,0,0
431220,0,0
431320,0,0
431420,0,0
431520,0,0
431620,0,0
431720,0,0
431820,0,0
431920,0,0
432020,0,0
432120,0,0
432220,0,0
432318,0,0
432418,0,0
432518,0,0
432618,0,0
432718,0,0
432818,0,0
432918,0,0
433018,0,0
433118,0,0
433218,0,0
433318,0,0
433418,0,0
433518,0,0
433618,0,0
433718,0,0
434243,0,0
434343,0,1
434443,0,1
434543,0,1
434643,0,1
434743,0,1
434843,0,1
434943,0,1
435043,0,1
435143,0,1
435243,0,1
435343,0,1
435443,0,1
435543,0,1
435643,0,1
435743,0,1
435843,0,1
435943,0,1
436043,0,1
436143,0,1
436243,0,1
436342,0,1
436442,0,1
436542,0,1
436642,0,1
436742,0,1
436842,0,1
436942,0,1
437042,0,1
437143,0,1
437243,0,1
437343,0,1
437443,0,1
437543,0,1
437643,0,1
437743,0,1
437843,0,1
437943,0,1
438043,0,1
438143,0,1
438270,0,0
438370,0,0
438470,0,0
438570,0,0
438670,0,0
438770,0,0
438870,0,0
438970,0,0
439070,0,0
439170,0,0
439270,0,0
439370,0,0
439470,0,0
439570,0,0
439670,0,0
439770,0,0
439870,0,0
439970,0,0
440070,0,0
440170,0,0
440270,0,0
440352,0,0
440453,0,0
440553,0,0
440653,0,0
440753,0,0
440853,0,0
440953,0,0
441053,0,0
441153,0,0
441253,0,0
441353,0,0
441453,0,0
441553,0,0
441653,0,0
441753,0,0
441853,0,0
441953,0,0
442053,0,0
442153,0,0
442253,0,0
442353,0,0
442691,0,0
442790,0,1
442890,0,1
442990,0,1
443101,0,1
443201,1,2
443301,1,2
443401,1,2
443501,1,2
443601,1,2
443701,1,2
443801,1,2
443901,1,2
444001,1,2
444101,1,2
444201,1,2
444314,1,2
444414,1,2
444514,1,2
444614,1,2
444714,1,2
444814,1,2
444914,1,2
445014,1,2
445114,1,2
445214,1,2
445314,1,2
445415,1,2
445515,1,2
445615,1,2
445715,1,2
445815,1,2
445915,1,2
446015,1,2
446115,1,2
446215,1,2
446315,1,2
446415,1,2
446515,1,2
446615,1,2
446715,1,2
446815,1,2
446915,1,2
447015,1,2
447115,1,2
447215,1,2
447315,1,2
447415,1,2
447515,1,2
447615,1,2
447715,1,2
447815,1,2
447915,1,2
448015,1,2
448115,1,2
448215,1,2
448315,1,2
448415,1,2
448515,1,2
448615,1,2
448715,1,2
448815,1,2
448915,1,2
449015,1,2
449115,1,2
449215,1,2
449315,1,2
449415,1,2
449515,1,2
449615,1,2
449715,1,2
449815,1,2
449915,1,2
450015,1,2
450115,1,2
450215,1,2
450315,1,2
450415,1,2
450515,1,2
450615,1,2
450715,1,2
450815,1,2
450915,1,2
451015,1,2
451115,1,2
451215,1,2
451315,1,2
451415,1,2
451515,1,2
451615,1,2
451715,0,0
451815,0,0
451915,0,0
452015,0,0
452115,0,0
452215,0,0
452314,0,0
452414,0,0
452514,0,0
452614,0,0
452714,0,0
452814,0,0
452914,0,0
453014,0,0
453114,0,0
453214,0,0
453314,0,0
453414,0,0
453514,0,0
453614,0,0
453714,0,0
453814,0,0
453914,0,0
454014,0,0
454114,0,0
454214,0,0
454314,0,0
454414,0,0
454514,0,0
454614,0,0
454714,0,0
454814,0,0
454914,0,0
455014,0,0
455114,0,0
455214,0,0
455314,0,0
455414,0,0
455514,0,0
455863,0,0
455963,0,1
456063,0,1
456163,0,1
456263,0,1
456362,0,1
456463,0,1
456563,0,1
456663,0,1
456763,0,1
456863,0,1
456963,0,1
457063,0,1
457163,0,1
457263,0,1
457363,0,1
457463,0,1
457563,0,1
457663,0,1
457763,0,1
457863,0,1
457963,0,1
458063,0,1
458163,0,1
458263,0,1
458363,0,1
458463,0,1
458563,0,1
458663,0,1
458763,0,1
458863,0,1
458963,0,1
459063,0,1
459163,0,1
459263,0,1
459364,0,1
459464,0,1
459564,0,1
459664,0,1
459764,0,1
459891,0,0
459991,0,0
460091,0,0
460191,0,0
460291,0,0
460391,0,0
460491,0,0
460591,0,0
460691,0,0
460791,0,0
460891,0,0
460991,0,0
461091,0,0
461191,0,0
461291,0,0
461391,0,0
461491,0,0
461591,0,0
461691,0,0
461791,0,0
461891,0,0
461991,0,0
462091,0,0
462191,0,0
462291,0,0
462391,0,0
462491,0,0
462591,0,0
462692,0,0
462792,0,0
462892,0,0
462992,0,0
463092,0,0
463192,0,0
463292,0,0
463392,0,0
463492,0,0
463592,0,0
463692,0,0
463792,0,0
463892,0,0
463992,0,0
464092,0,0
464192,0,0
464292,0,0
464392,0,0
464492,0,0
464592,0,0
464692,0,0
464792,0,0
464892,0,0
464992,0,0
465092,0,0
465192,0,0
465292,0,0
465392,0,0
465492,0,0
465593,0,0
465693,0,0
465793,0,0
465893,0,0
465993,0,0
466093,0,0
466193,0,0
466293,0,0
466393,0,0
466493,0,0
466593,0,0
466693,0,0
466793,0,0
466893,0,0
466993,0,0
467093,0,0
467193,0,0
467293,0,0
467393,0,0
467493,0,0
467593,0,0
467693,0,0
467793,0,0
467893,0,0
467993,0,0
468093,0,0
468193,0,0
468293,0,0
468393,0,0
468493,0,0
468593,0,0
468693,0,0
468793,0,0
468893,0,0
468993,0,0
469093,0,0
469193,0,0
469293,0,0
469393,0,0
469493,0,0
469593,0,0
469693,0,0
469793,0,0
469893,0,0
469993,0,0
470093,0,0
470193,0,0
470293,0,0
470393,0,0
470493,0,0
470593,0,0
470693,0,0
470793,0,0
470893,0,0
470993,0,0
471093,0,0
471193,0,0
471293,0,0
471393,0,0
471493,0,0
471593,0,0
471693,0,0
471793,0,0
471893,0,0
471993,0,0
472093,0,0
472193,0,0
472293,0,0
472583,0,0
472431,0,1
472531,0,1
472631,0,1
472731,0,1
472831,0,1
472931,0,1
473031,0,1
473131,0,1
473231,0,1
473331,0,1
473431,0,1
473531,0,1
473631,0,1
473731,0,1
473832,0,1
473932,0,1
474032,0,1
474132,0,1
474232,0,1
474332,0,1
474432,0,1
474532,0,1
474632,0,1
474732,0,1
474832,0,1
474932,0,1
475032,0,1
475132,0,1
475232,0,1
475332,0,1
475432,0,1
475532,0,1
475632,0,1
475732,0,1
475832,0,1
475932,0,1
476032,0,1
476375,0,1
476475,0,1
476604,0,0
476704,0,0
476804,0,0
477431,0,0
477531,0,1
477631,0,1
477731,0,1
477831,0,1
477931,0,1
478031,0,1
478131,0,1
478231,0,1
478331,0,1
478431,0,1
478531,0,1
478631,0,1
478731,0,1
478831,0,1
478931,0,1
479031,0,1
479131,0,1
479231,0,1
479331,0,1
479431,0,1
479531,0,1
479631,0,1
479731,0,1
479831,0,1
479931,0,1
480031,0,1
480131,0,1
480231,0,1
480331,0,1
480429,0,1
480529,0,1
480629,0,1
480729,0,1
480829,0,1
480929,0,1
481029,0,1
481129,0,1
481229,0,1
481329,0,1
481458,0,0
481557,0,0
481657,0,0
481757,0,0
481857,0,0
482452,0,0
482552,0,1
482652,0,1
482752,0,1
482852,0,1
482952,0,1
483052,0,1
483152,0,1
483252,0,1
483352,0,1
483452,0,1
483552,0,1
483652,0,1
483752,0,1
483852,0,1
483952,0,1
484052,0,1
484152,0,1
484252,0,1
484352,0,1
484438,0,1
484538,0,1
484639,0,1
484739,0,1
484839,0,1
484939,0,1
485039,0,1
485139,0,1
485239,0,1
485339,0,1
485439,0,1
485539,0,1
485639,0,1
485739,0,1
485839,0,1
485939,0,1
486039,0,1
486139,0,1
486239,0,1
486339,0,1
486466,0,0
486566,0,0
486666,0,0
486766,0,0
486866,0,0
486966,0,0
487066,0,0
487166,0,0
487266,0,0
487366,0,0
487466,0,0
487566,0,0
487666,0,0
487766,0,0
487866,0,0
487967,0,0
488067,0,0
488167,0,0
488267,0,0
488379,0,0
488479,0,0
488579,0,0
488679,0,0
488779,0,0
488879,0,0
488979,0,0
489079,0,0
489179,0,0
489279,0,0
489379,0,0
489479,0,0
489579,0,0
489679,0,0
489779,0,0
489879,0,0
489979,0,0
490205,0,0
490305,0,1
490405,0,1
490505,0,1
490627,0,1
490727,1,2
490827,1,2
490927,1,2
491027,1,2
491127,1,2
491227,1,2
491327,1,2
491427,1,2
491527,1,2
491627,1,2
491727,1,2
491827,1,2
491927,1,2
492027,1,2
492127,1,2
492227,1,2
492327,1,2
492425,1,2
492525,1,2
492625,1,2
492725,1,2
492825,1,2
492925,1,2
493025,1,2
493125,1,2
493225,1,2
493325,1,2
493425,1,2
493525,1,2
493625,1,2
493725,1,2
493825,1,2
493925,1,2
494025,1,2
494125,1,2
494225,1,2
494325,1,2
494425,1,2
494525,1,2
494625,1,2
494725,1,2
494825,1,2
494925,1,2
495025,1,2
495166,1,2
495266,1,2
495366,1,2
495466,1,2
495566,1,2
495666,1,2
495766,1,2
495866,1,2
495966,1,2
496066,1,2
496166,1,2
496266,1,2
496365,1,2
496465,1,2
496565,1,2
496665,1,2
496766,1,2
496866,1,2
496966,1,2
497066,1,2
497166,1,2
497266,1,2
497366,1,2
497466,1,2
497566,1,2
497666,1,2
497766,1,2
497866,1,2
497966,1,2
498066,1,2
498166,1,2
498266,1,2
498366,1,2
498466,1,2
498566,1,2
498666,1,2
498766,1,2
498866,1,2
498966,1,2
499066,1,2
499166,1,2
499266,1,2
499366,1,2
499466,1,2
499566,1,2
499667,1,2
499767,1,2
499867,1,2
499967,1,2
500067,1,2
500167,1,2
500267,1,2
500365,1,2
500465,1,2
500565,1,2
500665,1,2
500765,1,2
500865,1,2
500965,1,2
501065,1,2
501165,1,2
501265,1,2
501365,1,2
501465,1,2
501565,1,2
501665,1,2
501765,1,2
501865,1,2
501965,1,2
502065,1,2
502165,1,2
502265,1,2
502365,1,2
502465,1,2
502566,1,2
502666,1,2
502766,1,2
502866,1,2
502966,1,2
503066,1,2
503166,1,2
503284,1,2
503384,1,2
503484,1,2
503584,1,2
503684,1,2
503784,1,2
503884,1,2
503984,1,2
504084,1,2
504184,1,2
504284,1,2
504383,1,2
504483,1,2
504583,1,2
504683,1,2
504784,1,2
504884,1,2
504984,1,2
505084,1,2
505184,1,2
505284,1,2
505384,1,2
505484,1,2
505584,1,2
505684,1,2
505784,1,2
505884,1,2
505984,1,2
506084,1,2
506184,1,2
506284,1,2
506384,1,2
506484,1,2
506584,1,2
506684,1,2
506784,1,2
506884,1,2
506984,1,2
507084,1,2
507184,1,2
507284,1,2
507384,1,2
507484,1,2
507584,1,2
507685,1,2
507785,1,2
507885,1,2
507985,1,2
508085,1,2
508185,1,2
508285,1,2
508383,1,2
508483,1,2
508583,1,2
508683,1,2
508783,1,2
508883,1,2
508983,1,2
509083,1,2
509183,1,2
509283,1,2
509383,1,2
509483,1,2
509583,1,2
509683,1,2
509783,1,2
509883,1,2
509983,1,2
510083,1,2
510183,1,2
510283,1,2
510383,1,2
510483,1,2
510583,1,2
510683,1,2
510783,1,2
510883,1,2
510983,1,2
511083,1,2
511183,1,2
511283,1,2
511383,1,2
511483,1,2
511583,1,2
511683,1,2
511783,1,2
511883,1,2
511983,1,2
512083,1,2
512183,1,2
512283,1,2
512381,1,2
512481,1,2
512581,1,2
512681,1,2
512781,1,2
512881,1,2
512981,1,2
513081,1,2
513181,1,2
513281,1,2
513381,1,2
513481,1,2
513581,1,2
513681,1,2
513781,1,2
513881,1,2
513981,1,2
514081,1,2
514181,1,2
514281,1,2
514381,1,2
514481,1,2
514581,1,2
514681,1,2
514781,1,2
514881,1,2
514981,1,2
515081,1,2
515181,1,2
515281,1,2
515381,1,2
515481,1,2
515581,1,2
515681,1,2
515781,1,2
515881,1,2
515981,1,2
516081,1,2
516181,1,2
516281,1,2
516381,1,2
516481,1,2
516581,1,2
516681,1,2
516781,1,2
516881,1,2
516981,1,2
517081,1,2
517181,1,2
517281,1,2
517381,1,2
517481,1,2
517581,1,2
517681,1,2
517781,1,2
517881,1,2
517981,1,2
518081,1,2
518181,1,2
518281,1,2
518381,1,2
518481,1,2
518581,1,2
518681,1,2
518781,1,2
518881,1,2
518981,1,2
519081,1,2
519181,1,2
519281,1,2
519381,1,2
519481,0,0
519581,0,0
519681,0,0
519781,0,0
519881,0,0
519981,0,0
520081,0,0
520181,0,0
520281,0,0
520381,0,0
520481,0,0
520581,0,0
520681,0,0
520781,0,0
520881,0,0
520981,0,0
521081,0,0
521181,0,0
521281,0,0
521381,0,0
521481,0,0
521581,0,0
521681,0,0
521781,0,0
521881,0,0
521981,0,0
522081,0,0
522181,0,0
522281,0,0
522381,0,0
522481,0,0
522581,0,0
522681,0,0
522781,0,0
522881,0,0
522981,0,0
523081,0,0
523181,0,0
523281,0,0
523381,0,0
523481,0,0
523581,0,0
523681,0,0
523781,0,0
523881,0,0
523981,0,0
524081,0,0
524181,0,0
524281,0,0
524381,0,0
524481,0,0
524581,0,0
524681,0,0
524781,0,0
524881,0,0
524981,0,0
525081,0,0
525181,0,0
525281,0,0
525381,0,0
525481,0,0
525581,0,0
525681,0,0
525781,0,0
525881,0,0
525981,0,0
526081,0,0
526181,0,0
526281,0,0
526381,0,0
526481,0,0
526581,0,0
526681,0,0
526781,0,0
526881,0,0
526981,0,0
527081,0,0
527181,0,0
527281,0,0
527381,0,0
527481,0,0
527581,0,0
527681,0,0
527781,0,0
527881,0,0
527981,0,0
528081,0,0
528181,0,0
528281,0,0
528381,0,0
528481,0,0
528581,0,0
528681,0,0
528781,0,0
528881,0,0
528981,0,0
529081,0,0
529181,0,0
529281,0,0
529381,0,0
529481,0,0
529581,0,0
529681,0,0
529781,0,0
529881,0,0
529981,0,0
530081,0,0
530181,0,0
530281,0,0
530381,0,0
530481,0,0
530581,0,0
530681,0,0
530781,0,0
530881,0,0
530981,0,0
531081,0,0
531181,0,0
531281,0,0
531381,0,0
531481,0,0
531581,0,0
531681,0,0
531781,0,0
531881,0,0
531981,0,0
532081,0,0
532181,0,0
532281,0,0
532381,0,0
532481,0,0
532581,0,0
532681,0,0
532781,0,0
532881,0,0
532981,0,0
533081,0,0
533181,0,0
533281,0,0
533381,0,0
533481,0,0
533581,0,0
533673,0,0
533773,0,0
533873,0,0
533973,0,0
534620,0,0
534720,0,1
534820,0,1
534920,0,1
535020,0,1
535120,0,1
535220,0,1
535321,0,1
535421,0,1
535521,0,1
535621,0,1
535721,0,1
535821,0,1
535921,0,1
536021,0,1
536121,0,1
536221,0,1
536321,0,1
536421,0,1
536521,0,1
536621,0,1
536721,0,1
536821,0,1
536921,0,1
537021,0,1
537121,0,1
537221,0,1
537321,0,1
537421,0,1
537521,0,1
537619,0,1
537719,0,1
537819,0,1
537919,0,1
538019,0,1
538119,0,1
538219,0,1
538319,0,1
538419,0,1
538519,0,1
538647,0,0
538747,0,0
538847,0,0
538947,0,0
539047,0,0
539147,0,0
539247,0,0
539347,0,0
539447,0,0
539547,0,0
539647,0,0
539747,0,0
539847,0,0
539947,0,0
540047,0,0
540147,0,0
540247,0,0
540347,0,0
540447,0,0
540547,0,0
540647,0,0
540747,0,0
540847,0,0
540947,0,0
541047,0,0
541147,0,0
541247,0,0
541347,0,0
541447,0,0
541547,0,0
541644,0,0
541744,0,0
541844,0,0
541944,0,0
542044,0,0
542144,0,0
542244,0,0
542344,0,0
542444,0,0
542544,0,0
542644,0,0
542744,0,0
542844,0,0
542944,0,0
543044,0,0
543144,0,0
543244,0,0
543344,0,0
543444,0,0
543544,0,0
543644,0,0
543744,0,0
543844,0,0
543944,0,0
544044,0,0
544144,0,0
544244,0,0
544344,0,0
544444,0,0
544544,0,0
544644,0,0
544744,0,0
544844,0,0
544944,0,0
545044,0,0
545144,0,0
545244,0,0
545344,0,0
545444,0,0
545544,0,0
545643,0,0
545743,0,0
545843,0,0
545943,0,0
546043,0,0
546143,0,0
546243,0,0
546343,0,0
546443,0,0
546543,0,0
546643,0,0
546743,0,0
546843,0,0
546943,0,0
547043,0,0
547143,0,0
547243,0,0
547343,0,0
547443,0,0
547543,0,0
547643,0,0
547743,0,0
547843,0,0
547943,0,0
548043,0,0
548143,0,0
548243,0,0
548343,0,0
548443,0,0
548543,0,0
548643,0,0
548743,0,0
548843,0,0
548943,0,0
549043,0,0
549143,0,0
549243,0,0
549343,0,0
549443,0,0
549543,0,0
549642,0,0
549742,0,0
549842,0,0
549942,0,0
550042,0,0
550142,0,0
550242,0,0
550342,0,0
550442,0,0
550542,0,0
550642,0,0
550742,0,0
550842,0,0
550942,0,0
551042,0,0
551142,0,0
551242,0,0
551342,0,0
551442,0,0
551542,0,0
551642,0,0
551742,0,0
551842,0,0
551942,0,0
552042,0,0
552142,0,0
552242,0,0
552342,0,0
552442,0,0
552542,0,0
552642,0,0
552742,0,0
552842,0,0
552942,0,0
553042,0,0
553142,0,0
553242,0,0
553342,0,0
553442,0,0
553542,0,0
553640,0,0
553740,0,0
553840,0,0
553940,0,0
554040,0,0
554140,0,0
554240,0,0
554340,0,0
554440,0,0
554540,0,0
554640,0,0
554740,0,0
554840,0,0
554940,0,0
555040,0,0
555140,0,0
555240,0,0
555340,0,0
555440,0,0
555540,0,0
555640,0,0
555740,0,0
555840,0,0
555940,0,0
556040,0,0
556140,0,0
556240,0,0
556340,0,0
556440,0,0
556540,0,0
556640,0,0
556740,0,0
556840,0,0
556940,0,0
557040,0,0
557140,0,0
557240,0,0
557340,0,0
557440,0,0
557540,0,0
557639,0,0
557739,0,0
557839,0,0
557939,0,0
558039,0,0
558139,0,0
558239,0,0
558339,0,0
558439,0,0
558539,0,0
558639,0,0
558739,0,0
558839,0,0
558939,0,0
559039,0,0
559139,0,0
559239,0,0
559339,0,0
559439,0,0
559539,0,0
559639,0,0
559739,0,0
559839,0,0
559939,0,0
560039,0,0
560139,0,0
560239,0,0
560339,0,0
560439,0,0
560539,0,0
560639,0,0
560739,0,0
560839,0,0
560939,0,0
561039,0,0
561139,0,0
561239,0,0
561339,0,0
561439,0,0
561539,0,0
561636,0,0
561736,0,0
561836,0,0
561936,0,0
562036,0,0
562136,0,0
562236,0,0
562336,0,0
562436,0,0
562536,0,0
562636,0,0
562736,0,0
562836,0,0
562936,0,0
563036,0,0
563136,0,0
563236,0,0
563336,0,0
563436,0,0
563536,0,0
563636,0,0
563736,0,0
563836,0,0
563936,0,0
564036,0,0
564136,0,0
564236,0,0
564336,0,0
564436,0,0
564536,0,0
564636,0,0
564736,0,0
564836,0,0
564936,0,0
565036,0,0
565136,0,0
565236,0,0
565336,0,0
565436,0,0
565536,0,0
565632,0,0
565732,0,0
565832,0,0
565932,0,0
566032,0,0
566132,0,0
566232,0,0
566332,0,0
566432,0,0
566532,0,0
566632,0,0
566732,0,0
566832,0,0
566932,0,0
567032,0,0
567132,0,0
567232,0,0
567332,0,0
567432,0,0
567532,0,0
567632,0,0
567732,0,0
567832,0,0
567932,0,0
568032,0,0
568132,0,0
568232,0,0
568332,0,0
568432,0,0
568532,0,0
568632,0,0
568732,0,0
568832,0,0
568932,0,0
569032,0,0
569132,0,0
569232,0,0
569332,0,0
569432,0,0
569532,0,0
569633,0,0
569733,0,0
569833,0,0
569933,0,0
570033,0,0
570133,0,0
570233,0,0
570333,0,0
570433,0,0
570533,0,0
570633,0,0
570733,0,0
570833,0,0
570933,0,0
571033,0,0
571133,0,0
571233,0,0
571333,0,0
571433,0,0
571533,0,0
571633,0,0
571733,0,0
571833,0,0
571933,0,0
572033,0,0
572133,0,0
572233,0,0
572333,0,0
572433,0,0
572533,0,0
572633,0,0
572733,0,0
572833,0,0
572933,0,0
573033,0,0
573133,0,0
573233,0,0
573333,0,0
573433,0,0
573533,0,0
573631,0,0
573731,0,0
573831,0,0
573931,0,0
574031,0,0
574131,0,0
574231,0,0
574331,0,0
574431,0,0
574531,0,0
574631,0,0
574731,0,0
574831,0,0
574931,0,0
575031,0,0
575131,0,0
575231,0,0
575331,0,0
575431,0,0
575531,0,0
575631,0,0
575731,0,0
575831,0,0
575931,0,0
576031,0,0
576131,0,0
576231,0,0
576331,0,0
576431,0,0
576531,0,0
576631,0,0
576731,0,0
576831,0,0
576931,0,0
577031,0,0
577131,0,0
577231,0,0
577331,0,0
577431,0,0
577531,0,0
577631,0,0
577731,0,0
577831,0,0
577931,0,0
578031,0,0
578131,0,0
578231,0,0
578331,0,0
578431,0,0
578531,0,0
578631,0,0
578731,0,0
578831,0,0
578931,0,0
579031,0,0
579131,0,0
579231,0,0
579331,0,0
579552,0,0
579652,0,0
579752,0,0
579852,0,0
579952,0,0
580052,0,0
580152,0,0
580252,0,0
580352,0,0
580452,0,0
580552,0,0
580652,0,0
580752,0,0
580852,0,0
580952,0,0
581052,0,0
581152,0,0
581252,0,0
581352,0,0
581452,0,0
581552,0,0
581652,0,0
581752,0,0
581853,0,0
581953,0,0
582053,0,0
582153,0,0
582253,0,0
582353,0,0
582453,0,0
582553,0,0
582653,0,0
582753,0,0
582853,0,0
582953,0,0
583053,0,0
583153,0,0
583253,0,0
583353,0,0
583453,0,0
583553,0,0
583653,0,0
583753,0,0
583853,0,0
583953,0,0
584053,0,0
584153,0,0
584253,0,0
584353,0,0
584453,0,0
584553,0,0
584653,0,0
584754,0,0
584854,0,0
584954,0,0
585054,0,0
585154,0,0
585254,0,0
585354,0,0
585454,0,0
585554,0,0
585654,0,0
585754,0,0
585854,0,0
585954,0,0
586054,0,0
586154,0,0
586254,0,0
586354,0,0
586454,0,0
586554,0,0
586654,0,0
586754,0,0
586854,0,0
586954,0,0
587054,0,0
587154,0,0
587254,0,0
587354,0,0
587454,0,0
587554,0,0
587655,0,0
587755,0,0
587855,0,0
587955,0,0
588055,0,0
588155,0,0
588255,0,0
588355,0,0
588455,0,0
588555,0,0
588655,0,0
588755,0,0
588855,0,0
588955,0,0
589055,0,0
589155,0,0
589255,0,0
589355,0,0
589455,0,0
589555,0,0
589655,0,0
589755,0,0
589855,0,0
589955,0,0
590055,0,0
590155,0,0
590255,0,0
590355,0,0
590455,0,0
590555,0,0
590655,0,0
590755,0,0
590855,0,0
590955,0,0
591055,0,0
591155,0,0
591255,0,0
591355,0,0
591455,0,0
591555,0,0
591655,0,0
591755,0,0
591855,0,0
591955,0,0
592055,0,0
592155,0,0
592255,0,0
592355,0,0
592455,0,0
592555,0,0
592655,0,0
592755,0,0
592855,0,0
592955,0,0
593055,0,0
593155,0,0
593255,0,0
593355,0,0
593455,0,0
593555,0,0
593655,0,0
593755,0,0
593855,0,0
593955,0,0
594055,0,0
594155,0,0
594255,0,0
594355,0,0
594455,0,0
594555,0,0
594655,0,0
594755,0,0
594855,0,0
594955,0,0
595055,0,0
595155,0,0
595255,0,0
595355,0,0
595455,0,0
595555,0,0
595655,0,0
595755,0,0
595855,0,0
595955,0,0
596055,0,0
596155,0,0
596255,0,0
596355,0,0
596455,0,0
596555,0,0
596655,0,0
596755,0,0
596855,0,0
596955,0,0
597055,0,0
597155,0,0
597255,0,0
597355,0,0
597455,0,0
597555,0,0
597655,0,0
597755,0,0
597855,0,0
597955,0,0
598055,0,0
598155,0,0
598255,0,0
598355,0,0
598455,0,0
598555,0,0
598655,0,0
598755,0,0
598855,0,0
598955,0,0
599055,0,0
599155,0,0
599255,0,0
599355,0,0
599455,0,0
599555,0,0
599655,0,0
599755,0,0
599855,0,0
599955,0,0
600055,0,0
600155,0,0
600255,0,0
600355,0,0
600455,0,0
600555,0,0
600655,0,0
600755,0,0
600855,0,0
600955,0,0
601055,0,0
601155,0,0
601255,0,0
601355,0,0
601455,0,0
601555,0,0
601655,0,0
601755,0,0
601855,0,0
601955,0,0
602055,0,0
602155,0,0
602255,0,0
602355,0,0
602455,0,0
602555,0,0
602655,0,0
602755,0,0
602855,0,0
602955,0,0
603055,0,0
603155,0,0
603255,0,0
603355,0,0
603455,0,0
603555,0,0
603655,0,0
603755,0,0
603855,0,0
603955,0,0
604055,0,0
604155,0,0
604255,0,0
604355,0,0
604455,0,0
604555,0,0
604655,0,0
604755,0,0
604855,0,0
604955,0,0
605055,0,0
605155,0,0
605255,0,0
605355,0,0
605455,0,0
605555,0,0
605655,0,0
605755,0,0
605855,0,0
605955,0,0
606055,0,0
606155,0,0
606255,0,0
606355,0,0
606455,0,0
606555,0,0
606655,0,0
606755,0,0
606855,0,0
606955,0,0
607055,0,0
607155,0,0
607255,0,0
607355,0,0
607455,0,0
607555,0,0
607655,0,0
607755,0,0
607855,0,0
607955,0,0
608055,0,0
608155,0,0
608255,0,0
608355,0,0
608455,0,0
608555,0,0
608655,0,0
608755,0,0
608855,0,0
608955,0,0
609055,0,0
609155,0,0
609255,0,0
609355,0,0
609455,0,0
609555,0,0
609655,0,0
609755,0,0
609855,0,0
609955,0,0
610055,0,0
610155,0,0
610255,0,0
610355,0,0
610455,0,0
610555,0,0
610655,0,0
610755,0,0
610855,0,0
610955,0,0
611055,0,0
611155,0,0
611255,0,0
611355,0,0
611455,0,0
611555,0,0
611655,0,0
611755,0,0
611855,0,0
611955,0,0
612055,0,0
612155,0,0
612255,0,0
612355,0,0
612455,0,0
612555,0,0
612655,0,0
612755,0,0
612855,0,0
612955,0,0
613055,0,0
613155,0,0
613255,0,0
613355,0,0
613455,0,0
613555,0,0
613655,0,0
613755,0,0
613855,0,0
613955,0,0
614055,0,0
614155,0,0
614255,0,0
614355,0,0
614455,0,0
614555,0,0
614655,0,0
614755,0,0
614855,0,0
614955,0,0
615055,0,0
615155,0,0
615255,0,0
615355,0,0
615455,0,0
615555,0,0
615655,0,0
615755,0,0
615855,0,0
615955,0,0
616055,0,0
616155,0,0
616255,0,0
616355,0,0
616455,0,0
