p:4000,20000,6000,600,8000,4000,2000,8000,100
16159,packet,1,0,0,0,55,8000
16172,event,0,0
16186,action,0,0
16301,packet,0,0,1,1
16340,packetAck,1
16666,packet,1,0,2,7,54,8000
16680,event,3,1
16693,action,2,1
17061,packet,1,0,2,7,54,8000
17075,event,1,2
17120,packet,1,0,2,7,54,8000
17135,event,1,2
21194,packet,1,0,2,7,54,8000
21207,event,1,2
25268,packet,1,0,2,7,54,8000
25282,event,1,2
29312,packet,1,0,2,7,54,8000
29327,event,1,2
33376,packet,1,0,2,7,54,8000
33390,event,1,2
37435,packet,1,0,2,7,54,8000
37452,event,1,2
41494,packet,1,0,2,7,54,8000
41507,event,1,2
49504,event,4,2
49516,action,1,2
61278,packet,1,0,0,0,55,8000
61292,event,0,0
61304,action,0,0
61402,packet,0,0,1,1
61442,packetAck,1
61767,packet,1,0,2,7,54,8000
61782,event,3,1
61794,action,2,1
62163,packet,1,0,2,7,54,8000
62177,event,1,2
62223,packet,1,0,2,7,54,8000
62237,event,1,2
66278,packet,1,0,2,7,54,8000
66293,event,1,2
70335,packet,1,0,2,7,54,8000
70350,event,1,2
74394,packet,1,0,2,7,54,8000
74408,event,1,2
78475,packet,1,0,2,7,54,8000
78489,event,1,2
82528,packet,1,0,2,7,54,8000
82542,event,1,2
86588,packet,1,0,2,7,54,8000
86603,event,1,2
90657,packet,1,0,2,7,54,8000
90671,event,1,2
98670,event,4,2
98682,action,1,2
109436,packet,1,0,0,0,55,8000
109450,event,0,0
109464,action,0,0
109909,packet,0,0,1,1
109952,packetAck,0
113915,event,2,1
113927,action,1,1
113959,packet,1,0,0,0,55,8000
113973,event,0,0
113986,action,0,0
114229,packet,0,0,1,1
114269,packetAck,1
118277,event,2,1
118290,action,1,1
157695,packet,1,0,0,0,55,8000
157708,event,0,0
157721,action,0,0
158059,packet,0,0,1,1
158099,packetAck,1
162076,event,2,1
162089,action,1,1
203416,packet,1,0,0,0,55,8000
203431,event,0,0
203444,action,0,0
203499,packet,0,0,1,1
203538,packetAck,1
203867,packet,1,0,2,7,55,8000
203880,event,3,1
203894,action,2,1
204262,packet,1,0,2,7,54,8000
204277,event,1,2
204323,packet,1,0,2,7,54,8000
204337,event,1,2
208394,packet,1,0,2,7,55,8000
208408,event,1,2
212453,packet,1,0,2,7,55,8000
212470,event,1,2
216511,packet,1,0,2,7,54,8000
216526,event,1,2
220571,packet,1,0,2,7,54,8000
220585,event,1,2
224630,packet,1,0,2,7,54,8000
224644,event,1,2
228719,packet,1,0,2,7,54,8000
228734,event,1,2
232780,packet,1,0,2,7,54,8000
232794,event,1,2
240794,event,4,2
240806,action,1,2
249811,packet,1,0,0,0,56,8000
249825,event,0,0
249838,action,0,0
250331,packet,0,0,1,1
250385,packetAck,1
254370,event,2,1
254383,action,1,1
297705,packet,1,0,0,0,55,8000
297719,event,0,0
297733,action,0,0
298203,packet,0,0,1,1
298256,packetAck,1
302224,event,2,1
302236,action,1,1
343540,packet,1,0,0,0,55,8000
343553,event,0,0
343567,action,0,0
343903,packet,0,0,1,1
343942,packetAck,1
347927,event,2,1
347940,action,1,1
348139,packet,1,0,0,0,55,8000
348153,event,0,0
348166,action,0,0
348327,packet,0,0,1,1
348375,packetAck,1
352361,event,2,1
352373,action,1,1
390989,packet,1,0,0,0,55,8000
391004,event,0,0
391017,action,0,0
391209,packet,0,0,1,1
391261,packetAck,0
391584,packet,1,0,2,7,54,8000
391603,event,3,1
391616,action,2,1
391951,packet,1,0,2,7,54,8000
391965,event,1,2
392011,packet,1,0,2,7,54,8000
392026,event,1,2
396104,packet,1,0,2,7,54,8000
396118,event,1,2
400163,packet,1,0,2,7,55,8000
400177,event,1,2
404222,packet,1,0,2,7,54,8000
404236,event,1,2
408286,packet,1,0,2,7,54,8000
408301,event,1,2
412345,packet,1,0,2,7,54,8000
412360,event,1,2
416429,packet,1,0,2,7,54,8000
416444,event,1,2
420490,packet,1,0,2,7,54,8000
420504,event,1,2
428504,event,4,2
428521,action,1,2
436778,packet,1,0,0,0,55,8000
436792,event,0,0
436804,action,0,0
437175,packet,0,0,1,1
437214,packetAck,1
441208,event,2,1
441222,action,1,1
441510,packet,1,0,0,0,55,8000
441524,event,0,0
441537,action,0,0
441772,packet,0,0,1,1
441810,packetAck,1
445795,event,2,1
445807,action,1,1
484253,packet,1,0,0,0,55,8000
484266,event,0,0
484279,action,0,0
484723,packet,0,0,1,1
484763,packetAck,1
488745,event,2,1
488757,action,1,1
488892,packet,1,0,0,0,55,8000
488906,event,0,0
488922,action,0,0
489225,packet,0,0,1,1
489264,packetAck,1
493262,event,2,1
493274,action,1,1
531212,packet,1,0,0,0,55,8000
531226,event,0,0
531238,action,0,0
531448,packet,0,0,1,1
531487,packetAck,1
535475,event,2,1
535488,action,1,1
579325,packet,1,0,0,0,55,8000
579339,event,0,0
579352,action,0,0
579567,packet,0,0,1,1
579606,packetAck,1
583597,event,2,1
583611,action,1,1
626084,packet,1,0,0,0,55,8000
626098,event,0,0
626110,action,0,0
626483,packet,0,0,1,1
626522,packetAck,1
626848,packet,1,0,2,7,54,8000
626875,event,3,1
626888,action,2,1
627259,packet,1,0,2,7,54,8000
627273,event,1,2
627331,packet,1,0,2,7,54,8000
627345,event,1,2
631383,packet,1,0,2,7,54,8000
631397,event,1,2
635443,packet,1,0,2,7,54,8000
635471,event,1,2
639502,packet,1,0,2,7,54,8000
639517,event,1,2
643560,packet,1,0,2,7,54,8000
643575,event,1,2
647622,packet,1,0,2,7,54,8000
647636,event,1,2
651681,packet,1,0,2,7,54,8000
651695,event,1,2
659693,event,4,2
659706,action,1,2
671783,packet,1,0,0,0,55,8000
671815,event,0,0
671828,action,0,0
671920,packet,0,0,1,1
671873,packetAck,1
672211,packet,1,0,2,7,54,8000
672226,event,3,1
672238,action,2,1
672608,packet,1,0,2,7,53,8000
672622,event,1,2
672672,packet,1,0,2,7,54,8000
672686,event,1,2
676829,packet,1,0,2,7,54,8000
676843,event,1,2
680888,packet,1,0,2,7,55,8000
680902,event,1,2
684946,packet,1,0,2,7,55,8000
684960,event,1,2
689007,packet,1,0,2,7,54,8000
689022,event,1,2
693081,packet,1,0,2,7,54,8000
693095,event,1,2
697142,packet,1,0,2,7,55,8000
697161,event,1,2
701209,packet,1,0,2,7,54,8000
701224,event,1,2
709224,event,4,2
709245,action,1,2
719195,packet,1,0,0,0,55,8000
719208,event,0,0
719222,action,0,0
719453,packet,0,0,1,1
719492,packetAck,1
723461,event,2,1
723475,action,1,1
723732,packet,1,0,0,0,55,8000
723746,event,0,0
723759,action,0,0
724088,packet,0,0,1,1
723874,packetAck,1
728117,event,2,1
728139,action,1,1
764649,packet,1,0,0,0,55,8000
764662,event,0,0
764676,action,0,0
764887,packet,0,0,1,1
764930,packetAck,1
768927,event,2,1
768941,action,1,1
810569,packet,1,0,0,0,55,8000
810583,event,0,0
810596,action,0,0
811096,packet,0,0,1,1
811135,packetAck,1
815111,event,2,1
815125,action,1,1
815179,packet,1,0,0,0,55,8000
815193,event,0,0
815206,action,0,0
815636,packet,0,0,1,1
815674,packetAck,1
819659,event,2,1
819672,action,1,1
855647,packet,1,0,0,0,55,8000
855661,event,0,0
855674,action,0,0
856088,packet,0,0,1,1
856127,packetAck,1
860104,event,2,1
860118,action,1,1
900725,packet,1,0,0,0,55,8000
900742,event,0,0
900756,action,0,0
901240,packet,0,0,1,1
901280,packetAck,1
905278,event,2,1
905291,action,1,1
905346,packet,1,0,0,0,55,8000
905361,event,0,0
905374,action,0,0
905541,packet,0,0,1,1
905580,packetAck,1
909564,event,2,1
909578,action,1,1
948073,packet,1,0,0,0,55,8000
948087,event,0,0
948115,action,0,0
948481,packet,0,0,1,1
948364,packetAck,1
952494,event,2,1
952507,action,1,1
996251,packet,1,0,0,0,55,8000
996265,event,0,0
996278,action,0,0
996673,packet,0,0,1,1
996384,packetAck,1
1000690,event,2,1
1000703,action,1,1
1043691,packet,1,0,0,0,52,8000
1043706,event,0,0
1043719,action,0,0
1043836,packet,0,0,1,1
1043876,packetAck,1
1044217,packet,1,0,2,7,52,8000
1044231,event,3,1
1044244,action,2,1
1044602,packet,1,0,2,7,51,8000
1044624,event,1,2
1044681,packet,1,0,2,7,52,8000
1044695,event,1,2
1048740,packet,1,0,2,7,51,8000
1048754,event,1,2
1052801,packet,1,0,2,7,52,8000
1052815,event,1,2
1056860,packet,1,0,2,7,59,8000
1056875,event,1,2
1060918,packet,1,0,2,7,62,8000
1060933,event,1,2
1064966,packet,1,0,2,7,62,8000
1064980,event,1,2
1069049,packet,1,0,2,7,60,8000
1069064,event,1,2
1073104,packet,1,0,2,7,61,8000
1073117,event,1,2
1081117,event,4,2
1081131,action,1,2
1089841,packet,1,0,0,0,52,8000
1089855,event,0,0
1089868,action,0,0
1090204,packet,0,0,1,1
1090261,packetAck,1
1094234,event,2,1
1094247,action,1,1
1094348,packet,1,0,0,0,51,8000
1094363,event,0,0
1094376,action,0,0
1094792,packet,0,0,1,1
1094832,packetAck,1
1098816,event,2,1
1098829,action,1,1
1136109,packet,1,0,0,0,52,8000
1136123,event,0,0
1136136,action,0,0
1136422,packet,0,0,1,1
1136462,packetAck,1
1140437,event,2,1
1140451,action,1,1
1140710,packet,1,0,0,0,52,8000
1140724,event,0,0
1140737,action,0,0
1141208,packet,0,0,1,1
1141248,packetAck,1
1145234,event,2,1
1145258,action,1,1
1181802,packet,1,0,0,0,51,8000
1181817,event,0,0
1181830,action,0,0
1181916,packet,0,0,1,1
1181956,packetAck,1
1182286,packet,1,0,2,7,51,8000
1182300,event,3,1
1182317,action,2,1
1182686,packet,1,0,2,7,51,8000
1182700,event,1,2
1182756,packet,1,0,2,7,51,8000
1182769,event,1,2
1186804,packet,1,0,2,7,51,8000
1186819,event,1,2
1190868,packet,1,0,2,7,52,8000
1190882,event,1,2
1194950,packet,1,0,2,7,56,8000
1194964,event,1,2
1199013,packet,1,0,2,7,56,8000
1199026,event,1,2
1203072,packet,1,0,2,7,57,8000
1203086,event,1,2
1207131,packet,1,0,2,7,58,8000
1207145,event,1,2
1211191,packet,1,0,2,7,52,8000
1211206,event,1,2
1219204,event,4,2
1219218,action,1,2
1230265,packet,1,0,0,0,58,8000
1230279,event,0,0
1230292,action,0,0
1230469,packet,0,0,1,1
1230508,packetAck,1
1230839,packet,1,0,2,7,56,8000
1230853,event,3,1
1230867,action,2,1
1231235,packet,1,0,2,7,55,8000
1231250,event,1,2
1231308,packet,1,0,2,7,55,8000
1231322,event,1,2
1235350,packet,1,0,2,7,53,8000
1235364,event,1,2
1239420,packet,1,0,2,7,55,8000
1239435,event,1,2
1243482,packet,1,0,2,7,52,8000
1243496,event,1,2
1247541,packet,1,0,2,7,52,8000
1247555,event,1,2
1251602,packet,1,0,2,7,52,8000
1251619,event,1,2
1255674,packet,1,0,2,7,51,8000
1255688,event,1,2
1259729,packet,1,0,2,7,52,8000
1259742,event,1,2
1267742,event,4,2
1267755,action,1,2
1276428,packet,1,0,0,0,56,8000
1276443,event,0,0
1276456,action,0,0
1276913,packet,0,0,1,1
1276644,packetAck,1
1280929,event,2,1
1280942,action,1,1
1321830,packet,1,0,0,0,52,8000
1321844,event,0,0
1321857,action,0,0
1321938,packet,0,0,1,1
1321978,packetAck,1
1322309,packet,1,0,2,7,51,8000
1322323,event,3,1
1322350,action,2,1
1322733,packet,1,0,2,7,53,8000
1322747,event,1,2
1322797,packet,1,0,2,7,53,8000
1322812,event,1,2
1326856,packet,1,0,2,7,54,8000
1326870,event,1,2
1330915,packet,1,0,2,7,55,8000
1330929,event,1,2
1334992,packet,1,0,2,7,55,8000
1335007,event,1,2
1339063,packet,1,0,2,7,54,8000
1339077,event,1,2
1343122,packet,1,0,2,7,54,8000
1343136,event,1,2
1347181,packet,1,0,2,7,54,8000
1347196,event,1,2
1355194,event,4,2
1355207,action,1,2
1367142,packet,1,0,0,0,55,8000
1367156,event,0,0
1367173,action,0,0
1367567,packet,0,0,1,1
1367607,packetAck,1
1371596,event,2,1
1371609,action,1,1
1416065,packet,1,0,0,0,59,8000
1416079,event,0,0
1416092,action,0,0
1416586,packet,0,0,1,1
1416626,packetAck,1
1420603,event,2,1
1420616,action,1,1
1462014,packet,1,0,0,0,52,8000
1462028,event,0,0
1462042,action,0,0
1462073,packet,0,0,1,1
1462113,packetAck,1
1462444,packet,1,0,2,7,52,8000
1462458,event,3,1
1462472,action,2,1
1462872,packet,1,0,2,7,52,8000
1462896,event,1,2
1462938,packet,1,0,2,7,52,8000
1462956,event,1,2
1466985,packet,1,0,2,7,52,8000
1466999,event,1,2
1471044,packet,1,0,2,7,52,8000
1471058,event,1,2
1475122,packet,1,0,2,7,56,8000
1475137,event,1,2
1479179,packet,1,0,2,7,53,8000
1479193,event,1,2
1483238,packet,1,0,2,7,52,8000
1483252,event,1,2
1487322,packet,1,0,2,7,54,8000
1487336,event,1,2
1491382,packet,1,0,2,7,51,8000
1491396,event,1,2
1499394,event,4,2
1499407,action,1,2
1510845,packet,1,0,0,0,58,8000
1510859,event,0,0
1510873,action,0,0
1511300,packet,0,0,1,1
1511344,packetAck,1
1515321,event,2,1
1515334,action,1,1
1515632,packet,1,0,0,0,52,8000
1515647,event,0,0
1515660,action,0,0
1516015,packet,0,0,1,1
1516058,packetAck,1
1520037,event,2,1
1520050,action,1,1
1557489,packet,1,0,0,0,54,8000
1557503,event,0,0
1557517,action,0,0
1557674,packet,0,0,1,1
1557714,packetAck,1
1561699,event,2,1
1561712,action,1,1
1603851,packet,1,0,0,0,53,8000
1603865,event,0,0
1603879,action,0,0
1604039,packet,0,0,1,1
1604079,packetAck,1
1608054,event,2,1
1608070,action,1,1
1608460,packet,1,0,0,0,58,8000
1608475,event,0,0
1608488,action,0,0
1608868,packet,0,0,1,1
1608908,packetAck,1
1612892,event,2,1
1612905,action,1,1
1652763,packet,1,0,0,0,53,8000
1652777,event,0,0
1652790,action,0,0
1653061,packet,0,0,1,1
1653101,packetAck,1
1657076,event,2,1
1657089,action,1,1
1657363,packet,1,0,0,0,53,8000
1657376,event,0,0
1657390,action,0,0
1657747,packet,0,0,1,1
1657800,packetAck,1
1661785,event,2,1
1661798,action,1,1
1700667,packet,1,0,0,0,53,8000
1700686,event,0,0
1700698,action,0,0
1700806,packet,0,0,1,1
1700846,packetAck,1
1704824,event,2,1
1704837,action,1,1
1705211,packet,1,0,0,0,53,8000
1705225,event,0,0
1705239,action,0,0
1705701,packet,0,0,1,1
1705270,packetAck,1
1709724,event,2,1
1709737,action,1,1
1749558,packet,1,0,0,0,52,8000
1749580,event,0,0
1749594,action,0,0
1749618,packet,0,0,1,1
1749658,packetAck,1
1749989,packet,1,0,2,7,52,8000
1750003,event,3,1
1750017,action,2,1
1750405,packet,1,0,2,7,52,8000
1750423,event,1,2
1750465,packet,1,0,2,7,52,8000
1750479,event,1,2
1754525,packet,1,0,2,7,51,8000
1754540,event,1,2
1758594,packet,1,0,2,7,57,8000
1758608,event,1,2
1762656,packet,1,0,2,7,56,8000
1762670,event,1,2
1766717,packet,1,0,2,7,54,8000
1766732,event,1,2
1770794,packet,1,0,2,7,55,8000
1770808,event,1,2
1774839,packet,1,0,2,7,52,8000
1774853,event,1,2
1778901,packet,1,0,2,7,52,8000
1778916,event,1,2
1786916,event,4,2
1786929,action,1,2
1798382,packet,1,0,0,0,53,8000
1798396,event,0,0
1798414,action,0,0
1798816,packet,0,0,1,1
1798856,packetAck,1
1802840,event,2,1
1802854,action,1,1
1846976,packet,1,0,0,0,53,8000
1846990,event,0,0
1847004,action,0,0
1847244,packet,0,0,1,1
1847283,packetAck,1
1851260,event,2,1
1851287,action,1,1
1895619,packet,1,0,0,0,52,8000
1895633,event,0,0
1895646,action,0,0
1896107,packet,0,0,1,1
1896155,packetAck,1
1900127,event,2,1
1900140,action,1,1
1944268,packet,1,0,0,0,52,8000
1944282,event,0,0
1944295,action,0,0
1944394,packet,0,0,1,1
1944439,packetAck,1
1948413,event,2,1
1948426,action,1,1
1990734,packet,1,0,0,0,60,8000
1990748,event,0,0
1990761,action,0,0
1991156,packet,0,0,1,1
1991196,packetAck,1
1995181,event,2,1
1995194,action,1,1
2038612,packet,1,0,0,0,51,8000
2038626,event,0,0
2038640,action,0,0
2038766,packet,0,0,1,1
2038805,packetAck,1
2039136,packet,1,0,2,7,52,8000
2039151,event,3,1
2039163,action,2,1
2039533,packet,1,0,2,7,52,8000
2039547,event,1,2
2039604,packet,1,0,2,7,52,8000
2039619,event,1,2
2043662,packet,1,0,2,7,52,8000
2043681,event,1,2
2047723,packet,1,0,2,7,52,8000
2047737,event,1,2
2051803,packet,1,0,2,7,52,8000
2051818,event,1,2
2055859,packet,1,0,2,7,52,8000
2055874,event,1,2
2059921,packet,1,0,2,7,54,8000
2059935,event,1,2
2064014,packet,1,0,2,7,55,8000
2064027,event,1,2
2068052,packet,1,0,2,7,54,8000
2068067,event,1,2
2076067,event,4,2
2076081,action,1,2
2085308,packet,1,0,0,0,52,8000
2085321,event,0,0
2085334,action,0,0
2085399,packet,0,0,1,1
2085448,packetAck,1
2085779,packet,1,0,2,7,52,8000
2085796,event,3,1
2085810,action,2,1
2086135,packet,1,0,2,7,52,8000
2086150,event,1,2
2086223,packet,1,0,2,7,52,8000
2086238,event,1,2
2090318,packet,1,0,2,7,52,8000
2090332,event,1,2
2094377,packet,1,0,2,7,52,8000
2094406,event,1,2
2098439,packet,1,0,2,7,52,8000
2098453,event,1,2
2102497,packet,1,0,2,7,52,8000
2102511,event,1,2
2106558,packet,1,0,2,7,54,8000
2106573,event,1,2
2110618,packet,1,0,2,7,53,8000
2110632,event,1,2
2114666,packet,1,0,2,7,53,8000
2114680,event,1,2
2122680,event,4,2
2122693,action,1,2
2133093,packet,1,0,0,0,53,8000
2133107,event,0,0
2133120,action,0,0
2133632,packet,0,0,1,1
2133672,packetAck,1
2137660,event,2,1
2137673,action,1,1
2178807,packet,1,0,0,0,58,8000
2178821,event,0,0
2178834,action,0,0
2179279,packet,0,0,1,1
2179319,packetAck,1
2183290,event,2,1
2183303,action,1,1
2224041,packet,1,0,0,0,60,8000
2224055,event,0,0
2224069,action,0,0
2224234,packet,0,0,1,1
2224274,packetAck,1
2228251,event,2,1
2228264,action,1,1
2270486,packet,1,0,0,0,65,8000
2270501,event,0,0
2270514,action,0,0
2270541,packet,0,0,1,1
2270582,packetAck,1
2270911,packet,1,0,2,7,61,8000
2270926,event,3,1
2270947,action,2,1
2271316,packet,1,0,2,7,60,8000
2271330,event,1,2
2271381,packet,1,0,2,7,59,8000
2271396,event,1,2
2275434,packet,1,0,2,7,62,8000
2275449,event,1,2
2279494,packet,1,0,2,7,62,8000
2279508,event,1,2
2283589,packet,1,0,2,7,63,8000
2283602,event,1,2
2287636,packet,1,0,2,7,62,8000
2287649,event,1,2
2291698,packet,1,0,2,7,52,8000
2291715,event,1,2
2295759,packet,1,0,2,7,58,8000
2295773,event,1,2
2299820,packet,1,0,2,7,58,8000
2299835,event,1,2
2307833,event,4,2
2307846,action,1,2
2319012,packet,1,0,0,0,56,8000
2319027,event,0,0
2319040,action,0,0
2319129,packet,0,0,1,1
2319169,packetAck,1
2319499,packet,1,0,2,7,56,8000
2319513,event,3,1
2319536,action,2,1
2319903,packet,1,0,2,7,54,8000
2319917,event,1,2
2319970,packet,1,0,2,7,55,8000
2319983,event,1,2
2324023,packet,1,0,2,7,54,8000
2324037,event,1,2
2328079,packet,1,0,2,7,54,8000
2328093,event,1,2
2332164,packet,1,0,2,7,54,8000
2332177,event,1,2
2336217,packet,1,0,2,7,53,8000
2336231,event,1,2
2340263,packet,1,0,2,7,52,8000
2340277,event,1,2
2344324,packet,1,0,2,7,52,8000
2344338,event,1,2
2348408,packet,1,0,2,7,53,8000
2348422,event,1,2
2356422,event,4,2
2356436,action,1,2
2365923,packet,1,0,0,0,53,8000
2365937,event,0,0
2365951,action,0,0
2366382,packet,0,0,1,1
2365961,packetAck,1
2370396,event,2,1
2370410,action,1,1
2370423,packet,1,0,0,0,52,8000
2370440,event,0,0
2370454,action,0,0
2370581,packet,0,0,1,1
2370620,packetAck,1
2374605,event,2,1
2374632,action,1,1
2413266,packet,1,0,0,0,53,8000
2413281,event,0,0
2413294,action,0,0
2413778,packet,0,0,1,1
2413818,packetAck,1
2417796,event,2,1
2417809,action,1,1
2458928,packet,1,0,0,0,52,8000
2458943,event,0,0
2458956,action,0,0
2459437,packet,0,0,1,1
2459477,packetAck,1
2463462,event,2,1
2463475,action,1,1
2504034,packet,1,0,0,0,52,8000
2504048,event,0,0
2504066,action,0,0
2504352,packet,0,0,1,1
2504392,packetAck,1
2508370,event,2,1
2508383,action,1,1
2550426,packet,1,0,0,0,51,8000
2550440,event,0,0
2550453,action,0,0
2550825,packet,0,0,1,1
2550865,packetAck,1
2554850,event,2,1
2554863,action,1,1
2597590,packet,1,0,0,0,52,8000
2597604,event,0,0
2597617,action,0,0
2597819,packet,0,0,1,1
2597859,packetAck,1
2601837,event,2,1
2601851,action,1,1
2602217,packet,1,0,0,0,51,8000
2602232,event,0,0
2602245,action,0,0
2602265,packet,0,0,1,1
2602305,packetAck,1
2602649,packet,1,0,2,7,51,8000
2602664,event,3,1
2602684,action,2,1
2603053,packet,1,0,2,7,51,8000
2603067,event,1,2
2603114,packet,1,0,2,7,52,8000
2603129,event,1,2
2607170,packet,1,0,2,7,51,8000
2607185,event,1,2
2611253,packet,1,0,2,7,52,8000
2611268,event,1,2
2615327,packet,1,0,2,7,52,8000
2615341,event,1,2
2619386,packet,1,0,2,7,52,8000
2619400,event,1,2
2623444,packet,1,0,2,7,52,8000
2623458,event,1,2
2627505,packet,1,0,2,7,52,8000
2627520,event,1,2
2635520,event,4,2
2635537,action,1,2
2645462,packet,1,0,0,0,57,8000
2645477,event,0,0
2645490,action,0,0
2645808,packet,0,0,1,1
2645847,packetAck,1
2649837,event,2,1
2649850,action,1,1
2691968,packet,1,0,0,0,59,8000
2691982,event,0,0
2691994,action,0,0
2692188,packet,0,0,1,1
2692228,packetAck,1
2696204,event,2,1
2696218,action,1,1
2739430,packet,1,0,0,0,53,8000
2739444,event,0,0
2739457,action,0,0
2739866,packet,0,0,1,1
2739918,packetAck,1
2743896,event,2,1
2743909,action,1,1
2744002,packet,1,0,0,0,55,8000
2744019,event,0,0
2744033,action,0,0
2744074,packet,0,0,1,1
2744114,packetAck,1
2744461,packet,1,0,2,7,55,8000
2744474,event,3,1
2744487,action,2,1
2744866,packet,1,0,2,7,60,8000
2744888,event,1,2
2744927,packet,1,0,2,7,59,8000
2744940,event,1,2
2748986,packet,1,0,2,7,52,8000
2748999,event,1,2
2753060,packet,1,0,2,7,53,8000
2753074,event,1,2
2757124,packet,1,0,2,7,61,8000
2757138,event,1,2
2761183,packet,1,0,2,7,59,8000
2761196,event,1,2
2765243,packet,1,0,2,7,61,8000
2765256,event,1,2
2769321,packet,1,0,2,7,62,8000
2769334,event,1,2
2777332,event,4,2
2777344,action,1,2
2787090,packet,1,0,0,0,60,8000
2787104,event,0,0
2787117,action,0,0
2787288,packet,0,0,1,1
2787327,packetAck,1
2791311,event,2,1
2791324,action,1,1
2834563,packet,1,0,0,0,53,8000
2834576,event,0,0
2834589,action,0,0
2835005,packet,0,0,1,1
2835044,packetAck,1
2839031,event,2,1
2839044,action,1,1
2839099,packet,1,0,0,0,60,8000
2839113,event,0,0
2839126,action,0,0
2839337,packet,0,0,1,1
2839377,packetAck,1
2843372,event,2,1
2843386,action,1,1
2882731,packet,1,0,0,0,53,8000
2882746,event,0,0
2882759,action,0,0
2883088,packet,0,0,1,1
2883143,packetAck,1
2887124,event,2,1
2887139,action,1,1
2927938,packet,1,0,0,0,57,8000
2927952,event,0,0
2927966,action,0,0
2928298,packet,0,0,1,1
2928336,packetAck,1
2932317,event,2,1
2932331,action,1,1
2973543,packet,1,0,0,0,56,8000
2973557,event,0,0
2973570,action,0,0
2973624,packet,0,0,1,1
2973674,packetAck,0
2977655,event,2,1
2977668,action,1,1
2978066,packet,1,0,0,0,56,8000
2978080,event,0,0
2978093,action,0,0
2978449,packet,0,0,1,1
2978488,packetAck,1
2982472,event,2,1
2982485,action,1,1
3021860,packet,1,0,0,0,57,8000
3021874,event,0,0
3021887,action,0,0
3021924,packet,0,0,1,1
3021964,packetAck,1
3022295,packet,1,0,2,7,56,8000
3022309,event,3,1
3022322,action,2,1
3022681,packet,1,0,2,7,56,8000
3022695,event,1,2
3022754,packet,1,0,2,7,56,8000
3022768,event,1,2
3026802,packet,1,0,2,7,53,8000
3026816,event,1,2
3030859,packet,1,0,2,7,59,8000
3030885,event,1,2
3034950,packet,1,0,2,7,59,8000
3034964,event,1,2
3039008,packet,1,0,2,7,60,8000
3039022,event,1,2
3043073,packet,1,0,2,7,59,8000
3043087,event,1,2
3047132,packet,1,0,2,7,59,8000
3047147,event,1,2
3051209,packet,1,0,2,7,59,8000
3051223,event,1,2
3059223,event,4,2
3059236,action,1,2
3070698,packet,1,0,0,0,62,8000
3070712,event,0,0
3070725,action,0,0
3071041,packet,0,0,1,1
3070735,packetAck,1
3075056,event,2,1
3075069,action,1,1
3116844,packet,1,0,0,0,57,8000
3116862,event,0,0
3116876,action,0,0
3117086,packet,0,0,1,1
3117126,packetAck,1
3121104,event,2,1
3121117,action,1,1
3165389,packet,1,0,0,0,56,8000
3165404,event,0,0
3165417,action,0,0
3165843,packet,0,0,1,1
3165895,packetAck,1
3169864,event,2,1
3169878,action,1,1
3212583,packet,1,0,0,0,59,8000
3212598,event,0,0
3212611,action,0,0
3212920,packet,0,0,1,1
3212960,packetAck,1
3216950,event,2,1
3216963,action,1,1
3217264,packet,1,0,0,0,53,8000
3217278,event,0,0
3217292,action,0,0
3217402,packet,0,0,1,1
3217442,packetAck,1
3217782,packet,1,0,2,7,53,8000
3217796,event,3,1
3217810,action,2,1
3218179,packet,1,0,2,7,56,8000
3218194,event,1,2
3218243,packet,1,0,2,7,57,8000
3218257,event,1,2
3222303,packet,1,0,2,7,57,8000
3222317,event,1,2
3226363,packet,1,0,2,7,56,8000
3226378,event,1,2
3230448,packet,1,0,2,7,55,8000
3230462,event,1,2
3234509,packet,1,0,2,7,56,8000
3234524,event,1,2
3238572,packet,1,0,2,7,55,8000
3238586,event,1,2
3242647,packet,1,0,2,7,55,8000
3242661,event,1,2
3250659,event,4,2
3250680,action,1,2
3259840,packet,1,0,0,0,58,8000
3259855,event,0,0
3259868,action,0,0
3260072,packet,0,0,1,1
3260112,packetAck,1
3264094,event,2,1
3264107,action,1,1
3306563,packet,1,0,0,0,54,8000
3306577,event,0,0
3306589,action,0,0
3307008,packet,0,0,1,1
3307047,packetAck,1
3311027,event,2,1
3311040,action,1,1
3352241,packet,1,0,0,0,52,8000
3352254,event,0,0
3352268,action,0,0
3352384,packet,0,0,1,1
3352424,packetAck,1
3356411,event,2,1
3356424,action,1,1
3397926,packet,1,0,0,0,51,8000
3397941,event,0,0
3397955,action,0,0
3397976,packet,0,0,1,1
3398016,packetAck,1
3398352,packet,1,0,2,7,52,8000
3398366,event,3,1
3398380,action,2,1
3398751,packet,1,0,2,7,52,8000
3398766,event,1,2
3398816,packet,1,0,2,7,51,8000
3398830,event,1,2
3402863,packet,1,0,2,7,59,8000
3402877,event,1,2
3406922,packet,1,0,2,7,59,8000
3406937,event,1,2
3410981,packet,1,0,2,7,57,8000
3410996,event,1,2
3415052,packet,1,0,2,7,59,8000
3415066,event,1,2
3419122,packet,1,0,2,7,59,8000
3419141,event,1,2
3423195,packet,1,0,2,7,51,8000
3423209,event,1,2
3427250,packet,1,0,2,7,53,8000
3427264,event,1,2
3435264,event,4,2
3435277,action,1,2
3443750,packet,1,0,0,0,52,8000
3443764,event,0,0
3443787,action,0,0
3443950,packet,0,0,1,1
3443995,packetAck,0
3447974,event,2,1
3447987,action,1,1
3492093,packet,1,0,0,0,54,8000
3492107,event,0,0
3492120,action,0,0
3492442,packet,0,0,1,1
3492482,packetAck,1
3496471,event,2,1
3496485,action,1,1
3539625,packet,1,0,0,0,53,8000
3539643,event,0,0
3539656,action,0,0
3540021,packet,0,0,1,1
3540060,packetAck,1
3544045,event,2,1
3544058,action,1,1
3544209,packet,1,0,0,0,54,8000
3544223,event,0,0
3544236,action,0,0
3544265,packet,0,0,1,1
3544305,packetAck,1
3544645,packet,1,0,2,7,53,8000
3544659,event,3,1
3544672,action,2,1
3545050,packet,1,0,2,7,53,8000
3545065,event,1,2
3545111,packet,1,0,2,7,52,8000
3545125,event,1,2
3549159,packet,1,0,2,7,53,8000
3549173,event,1,2
3553231,packet,1,0,2,7,54,8000
3553245,event,1,2
3557293,packet,1,0,2,7,54,8000
3557308,event,1,2
3561353,packet,1,0,2,7,55,8000
3561367,event,1,2
3565413,packet,1,0,2,7,54,8000
3565427,event,1,2
3569471,packet,1,0,2,7,53,8000
3569485,event,1,2
3577485,event,4,2
3577498,action,1,2
3585835,packet,1,0,0,0,52,8000
3585849,event,0,0
3585862,action,0,0
3586097,packet,0,0,1,1
3586146,packetAck,1
3586467,packet,1,0,2,7,52,8000
3586482,event,3,1
3586495,action,2,1
3586882,packet,1,0,2,7,51,8000
3586896,event,1,2
3586941,packet,1,0,2,7,51,8000
3586960,event,1,2
3590995,packet,1,0,2,7,52,8000
3591009,event,1,2
3595056,packet,1,0,2,7,52,8000
3595070,event,1,2
3599134,packet,1,0,2,7,52,8000
3599147,event,1,2
3603189,packet,1,0,2,7,52,8000
3603203,event,1,2
3607230,packet,1,0,2,7,52,8000
3607244,event,1,2
3611323,packet,1,0,2,7,52,8000
3611338,event,1,2
3615380,packet,1,0,2,7,53,8000
3615394,event,1,2
3623394,event,4,2
3623416,action,1,2
3634316,packet,1,0,0,0,55,8000
3634331,event,0,0
3634344,action,0,0
3634720,packet,0,0,1,1
3634764,packetAck,1
3638742,event,2,1
3638756,action,1,1
3680690,packet,1,0,0,0,53,8000
3680704,event,0,0
3680718,action,0,0
3681152,packet,0,0,1,1
3681203,packetAck,1
3685192,event,2,1
3685205,action,1,1
3685440,packet,1,0,0,0,52,8000
3685455,event,0,0
3685468,action,0,0
3685517,packet,0,0,1,1
3685564,packetAck,1
3685910,packet,1,0,2,7,52,8000
3685925,event,3,1
3685938,action,2,1
3686311,packet,1,0,2,7,53,8000
3686325,event,1,2
3686370,packet,1,0,2,7,51,8000
3686385,event,1,2
3690451,packet,1,0,2,7,54,8000
3690465,event,1,2
3694511,packet,1,0,2,7,51,8000
3694539,event,1,2
3698578,packet,1,0,2,7,53,8000
3698591,event,1,2
3702633,packet,1,0,2,7,53,8000
3702647,event,1,2
3706707,packet,1,0,2,7,54,8000
3706722,event,1,2
3710769,packet,1,0,2,7,54,8000
3710782,event,1,2
3718791,event,4,2
3718804,action,1,2
3728757,packet,1,0,0,0,54,8000
3728771,event,0,0
3728785,action,0,0
3728888,packet,0,0,1,1
3728928,packetAck,1
3729259,packet,1,0,2,7,53,8000
3729273,event,3,1
3729291,action,2,1
3729662,packet,1,0,2,7,53,8000
3729677,event,1,2
3729736,packet,1,0,2,7,53,8000
3729750,event,1,2
3733778,packet,1,0,2,7,53,8000
3733792,event,1,2
3737837,packet,1,0,2,7,53,8000
3737851,event,1,2
3741896,packet,1,0,2,7,53,8000
3741911,event,1,2
3745960,packet,1,0,2,7,55,8000
3745973,event,1,2
3750033,packet,1,0,2,7,52,8000
3750046,event,1,2
3754090,packet,1,0,2,7,53,8000
3754105,event,1,2
3762101,event,4,2
3762114,action,1,2
3774072,packet,1,0,0,0,54,8000
3774086,event,0,0
3774103,action,0,0
3774419,packet,0,0,1,1
3774458,packetAck,1
3778436,event,2,1
3778449,action,1,1
3822885,packet,1,0,0,0,54,8000
3822900,event,0,0
3822913,action,0,0
3822973,packet,0,0,1,1
3823013,packetAck,1
3823344,packet,1,0,2,7,53,8000
3823358,event,3,1
3823372,action,2,1
3823726,packet,1,0,2,7,52,8000
3823741,event,1,2
3823800,packet,1,0,2,7,53,8000
3823813,event,1,2
3827852,packet,1,0,2,7,53,8000
3827866,event,1,2
3831920,packet,1,0,2,7,53,8000
3831935,event,1,2
3835997,packet,1,0,2,7,53,8000
3836014,event,1,2
3840055,packet,1,0,2,7,53,8000
3840069,event,1,2
3844115,packet,1,0,2,7,53,8000
3844130,event,1,2
3848161,packet,1,0,2,7,53,8000
3848176,event,1,2
3852233,packet,1,0,2,7,53,8000
3852247,event,1,2
3860247,event,4,2
3860261,action,1,2
3869768,packet,1,0,0,0,54,8000
3869782,event,0,0
3869795,action,0,0
3869883,packet,0,0,1,1
3869922,packetAck,1
3870253,packet,1,0,2,7,53,8000
3870267,event,3,1
3870281,action,2,1
3870648,packet,1,0,2,7,52,8000
3870663,event,1,2
3870708,packet,1,0,2,7,52,8000
3870722,event,1,2
3874759,packet,1,0,2,7,53,8000
3874773,event,1,2
3878837,packet,1,0,2,7,53,8000
3878851,event,1,2
3882892,packet,1,0,2,7,53,8000
3882906,event,1,2
3886963,packet,1,0,2,7,53,8000
3886977,event,1,2
3891030,packet,1,0,2,7,53,8000
3891045,event,1,2
3895102,packet,1,0,2,7,53,8000
3895116,event,1,2
3899160,packet,1,0,2,7,53,8000
3899174,event,1,2
3907171,event,4,2
3907184,action,1,2
3916707,packet,1,0,0,0,54,8000
3916722,event,0,0
3916735,action,0,0
3916799,packet,0,0,1,1
3916839,packetAck,1
3917168,packet,1,0,2,7,53,8000
3917182,event,3,1
3917196,action,2,1
3917564,packet,1,0,2,7,53,8000
3917579,event,1,2
3917625,packet,1,0,2,7,52,8000
3917639,event,1,2
3921678,packet,1,0,2,7,53,8000
3921692,event,1,2
3925736,packet,1,0,2,7,53,8000
3925751,event,1,2
3929802,packet,1,0,2,7,54,8000
3929830,event,1,2
3933861,packet,1,0,2,7,54,8000
3933875,event,1,2
3937907,packet,1,0,2,7,56,8000
3937921,event,1,2
3941968,packet,1,0,2,7,54,8000
3941987,event,1,2
3946052,packet,1,0,2,7,53,8000
3946066,event,1,2
3954064,event,4,2
3954078,action,1,2
3963872,packet,1,0,0,0,56,8000
3963886,event,0,0
3963898,action,0,0
3964377,packet,0,0,1,1
3964416,packetAck,1
3968413,event,2,1
3968426,action,1,1
4011234,packet,1,0,0,0,59,8000
4011248,event,0,0
4011262,action,0,0
4011347,packet,0,0,1,1
4011386,packetAck,1
4011733,packet,1,0,2,7,51,8000
4011747,event,3,1
4011760,action,2,1
4012074,packet,1,0,2,7,52,8000
4012088,event,1,2
4012134,packet,1,0,2,7,58,8000
4012153,event,1,2
4016236,packet,1,0,2,7,54,8000
4016251,event,1,2
4020297,packet,1,0,2,7,53,8000
4020311,event,1,2
4024356,packet,1,0,2,7,53,8000
4024370,event,1,2
4028416,packet,1,0,2,7,52,8000
4028430,event,1,2
4032475,packet,1,0,2,7,54,8000
4032490,event,1,2
4036552,packet,1,0,2,7,53,8000
4036566,event,1,2
4040612,packet,1,0,2,7,53,8000
4040626,event,1,2
4048626,event,4,2
4048639,action,1,2
4058962,packet,1,0,0,0,67,8000
4058976,event,0,0
4058990,action,0,0
4059115,packet,0,0,1,1
4059155,packetAck,1
4059507,packet,1,0,2,7,63,8000
4059521,event,3,1
4059535,action,2,1
4059874,packet,1,0,2,7,61,8000
4059888,event,1,2
4059937,packet,1,0,2,7,62,8000
4059951,event,1,2
4064006,packet,1,0,2,7,53,8000
4064020,event,1,2
4068082,packet,1,0,2,7,55,8000
4068097,event,1,2
4072144,packet,1,0,2,7,54,8000
4072158,event,1,2
4076205,packet,1,0,2,7,60,8000
4076219,event,1,2
4080260,packet,1,0,2,7,53,8000
4080274,event,1,2
4084342,packet,1,0,2,7,56,8000
4084356,event,1,2
4088403,packet,1,0,2,7,57,8000
4088417,event,1,2
4096417,event,4,2
4096430,action,1,2
4104700,packet,1,0,0,0,59,8000
4104714,event,0,0
4104727,action,0,0
4105123,packet,0,0,1,1
4105172,packetAck,1
4109147,event,2,1
4109160,action,1,1
4153023,packet,1,0,0,0,56,8000
4153037,event,0,0
4153050,action,0,0
4153080,packet,0,0,1,1
4153120,packetAck,1
4153450,packet,1,0,2,7,54,8000
4153464,event,3,1
4153477,action,2,1
4153867,packet,1,0,2,7,54,8000
4153881,event,1,2
4153927,packet,1,0,2,7,55,8000
4153945,event,1,2
4157978,packet,1,0,2,7,53,8000
4157993,event,1,2
4162049,packet,1,0,2,7,54,8000
4162063,event,1,2
4166109,packet,1,0,2,7,55,8000
4166123,event,1,2
4170167,packet,1,0,2,7,53,8000
4170181,event,1,2
4174231,packet,1,0,2,7,52,8000
4174246,event,1,2
4178293,packet,1,0,2,7,52,8000
4178307,event,1,2
4182360,packet,1,0,2,7,53,8000
4182373,event,1,2
4190373,event,4,2
4190386,action,1,2
4199734,packet,1,0,0,0,53,8000
4199749,event,0,0
4199762,action,0,0
4200265,packet,0,0,1,1
4199792,packetAck,1
4204293,event,2,1
4204305,action,1,1
4248253,packet,1,0,0,0,52,8000
4248267,event,0,0
4248280,action,0,0
4248348,packet,0,0,1,1
4248388,packetAck,1
4252372,event,2,1
4252385,action,1,1
4294112,packet,1,0,0,0,51,8000
4294127,event,0,0
4294140,action,0,0
4294363,packet,0,0,1,1
4294416,packetAck,1
4298406,event,2,1
4298429,action,1,1
4298725,packet,1,0,0,0,51,8000
4298739,event,0,0
4298751,action,0,0
4298998,packet,0,0,1,1
4299037,packetAck,1
4299394,packet,1,0,2,7,52,8000
4299413,event,3,1
4299425,action,2,1
4299796,packet,1,0,2,7,52,8000
4299810,event,1,2
4299860,packet,1,0,2,7,52,8000
4299875,event,1,2
4303912,packet,1,0,2,7,52,8000
4303927,event,1,2
4307993,packet,1,0,2,7,51,8000
4308007,event,1,2
4312052,packet,1,0,2,7,51,8000
4312067,event,1,2
4316125,packet,1,0,2,7,52,8000
4316139,event,1,2
4320189,packet,1,0,2,7,52,8000
4320212,event,1,2
4324248,packet,1,0,2,7,53,8000
4324262,event,1,2
4332262,event,4,2
4332275,action,1,2
4340973,packet,1,0,0,0,52,8000
4340991,event,0,0
4341004,action,0,0
4341211,packet,0,0,1,1
4341251,packetAck,1
4345234,event,2,1
4345248,action,1,1
4345573,packet,1,0,0,0,51,8000
4345587,event,0,0
4345600,action,0,0
4345723,packet,0,0,1,1
4345762,packetAck,1
4349748,event,2,1
4349761,action,1,1
4388618,packet,1,0,0,0,52,8000
4388632,event,0,0
4388645,action,0,0
4389048,packet,0,0,1,1
4389088,packetAck,1
4393071,event,2,1
4393084,action,1,1
4435381,packet,1,0,0,0,51,8000
4435395,event,0,0
4435413,action,0,0
4435824,packet,0,0,1,1
4435864,packetAck,1
4439854,event,2,1
4439867,action,1,1
4483608,packet,1,0,0,0,54,8000
4483622,event,0,0
4483636,action,0,0
4483666,packet,0,0,1,1
4483716,packetAck,1
4484058,packet,1,0,2,7,53,8000
4484072,event,3,1
4484084,action,2,1
4484423,packet,1,0,2,7,53,8000
4484437,event,1,2
4484501,packet,1,0,2,7,53,8000
4484514,event,1,2
4488588,packet,1,0,2,7,59,8000
4488602,event,1,2
4492650,packet,1,0,2,7,51,8000
4492664,event,1,2
4496708,packet,1,0,2,7,51,8000
4496727,event,1,2
4500784,packet,1,0,2,7,51,8000
4500798,event,1,2
4504848,packet,1,0,2,7,51,8000
4504862,event,1,2
4508905,packet,1,0,2,7,51,8000
4508920,event,1,2
4512965,packet,1,0,2,7,51,8000
4512980,event,1,2
4520980,event,4,2
4520994,action,1,2
4529313,packet,1,0,0,0,52,8000
4529327,event,0,0
4529340,action,0,0
4529403,packet,0,0,1,1
4529442,packetAck,1
4529773,packet,1,0,2,7,52,8000
4529787,event,3,1
4529800,action,2,1
4530169,packet,1,0,2,7,52,8000
4530183,event,1,2
4530258,packet,1,0,2,7,52,8000
4530271,event,1,2
4534306,packet,1,0,2,7,56,8000
4534320,event,1,2
4538362,packet,1,0,2,7,63,8000
4538376,event,1,2
4542444,packet,1,0,2,7,59,8000
4542457,event,1,2
4546503,packet,1,0,2,7,59,8000
4546517,event,1,2
4550563,packet,1,0,2,7,54,8000
4550577,event,1,2
4554625,packet,1,0,2,7,56,8000
4554640,event,1,2
4558685,packet,1,0,2,7,53,8000
4558699,event,1,2
4566698,event,4,2
4566712,action,1,2
4576352,packet,1,0,0,0,53,8000
4576366,event,0,0
4576379,action,0,0
4576643,packet,0,0,1,1
4576683,packetAck,1
4580666,event,2,1
4580679,action,1,1
4621992,packet,1,0,0,0,60,8000
4622005,event,0,0
4622019,action,0,0
4622498,packet,0,0,1,1
4622538,packetAck,1
4626519,event,2,1
4626531,action,1,1
4670070,packet,1,0,0,0,59,8000
4670085,event,0,0
4670097,action,0,0
4670301,packet,0,0,1,1
4670340,packetAck,1
4670670,packet,1,0,2,7,52,8000
4670685,event,3,1
4670698,action,2,1
4671066,packet,1,0,2,7,53,8000
4671080,event,1,2
4671139,packet,1,0,2,7,53,8000
4671157,event,1,2
4675188,packet,1,0,2,7,52,8000
4675203,event,1,2
4679249,packet,1,0,2,7,52,8000
4679262,event,1,2
4683308,packet,1,0,2,7,59,8000
4683321,event,1,2
4687369,packet,1,0,2,7,58,8000
4687382,event,1,2
4691428,packet,1,0,2,7,54,8000
4691442,event,1,2
4695512,packet,1,0,2,7,66,8000
4695526,event,1,2
4703523,event,4,2
4703535,action,1,2
