p:4000,20000,6000,600,8000,4000,2000,8000,70
100,0
200,0
300,0
400,0
500,0
600,0
700,0
800,0
900,0
1000,0
1100,0
1200,0
1300,0
1400,0
1500,0
1600,0
1700,0
1800,0
1900,0
2000,0
2100,0
2200,0
2300,0
2504,0
2604,0
2704,0
2804,0
2904,0
3004,0
3104,0
3204,0
3304,0
3404,0
3504,0
3604,0
3704,0
3804,0
3904,0
4056,0
4156,0
4256,0
4356,0
4456,0
4556,0
4656,0
4756,0
4856,0
4956,0
5056,0
5156,0
5256,0
5356,0
5456,0
5556,0
5656,0
5756,0
5856,0
5956,0
6056,0
6156,0
6256,0
6356,0
6456,0
6556,0
6656,0
6756,0
6856,0
6956,0
7056,0
7156,0
7256,0
7356,0
7456,0
7556,0
7656,0
7756,0
7856,0
7956,0
8297,0
8397,0
8497,0
8597,0
8697,0
8797,0
8897,0
8997,0
9097,0
9197,0
9297,0
9397,0
9497,0
9597,0
9697,0
9797,0
9897,0
9997,0
10097,0
10198,0
10298,0
10398,0
10498,0
10598,0
10698,0
10798,0
10898,0
10998,0
11098,0
11198,0
11298,0
11398,0
11498,0
11598,0
11698,0
11798,0
11898,0
11998,0
12098,0
12198,0
12354,0
12454,0
12554,0
12654,0
12754,0
12854,0
12954,0
13054,0
13154,0
13254,0
13355,0
13455,0
13555,0
13655,0
13755,0
13855,0
13955,0
14055,0
14258,0
14358,0
14458,0
14558,0
14658,0
14758,0
14858,0
14958,0
15064,0
15164,0
15264,0
15364,0
15464,0
15564,0
15664,0
15764,0
15864,0
15964,0
16064,0
16164,0
16264,0
16420,0
16520,0
16620,0
16720,0
17060,0
17160,0
17260,0
17360,0
17460,337
17560,347
17660,342
17760,347
17860,366
17960,381
18060,371
18160,356
18260,366
18360,386
18460,366
18560,366
18660,347
18760,337
18860,317
18960,298
19063,298
19163,92
19263,0
19466,0
19566,0
19666,0
19766,0
19866,0
19966,0
20066,0
20166,0
20267,0
20367,0
20467,0
20567,0
20667,0
20767,0
20867,0
20967,0
21079,0
21179,0
21279,0
21379,0
21479,0
21579,0
21679,0
21779,0
21879,0
21979,0
22079,0
22179,0
22279,0
22379,0
22479,0
22579,0
22679,0
22779,0
22879,0
22979,0
23079,0
23179,0
23279,0
23379,0
23479,0
23579,0
23680,0
23780,0
23880,0
23980,0
24080,0
24180,0
24280,0
24380,0
24480,0
24580,0
24680,0
24780,0
24985,0
25085,0
25242,0
25342,0
25442,0
25542,0
25643,0
25743,0
25843,0
25943,0
26043,0
26143,0
26243,0
26343,0
26443,0
26543,0
26643,0
26743,0
26843,0
26943,0
27043,0
27143,0
27243,0
27343,0
27443,0
27543,0
27643,0
27743,0
27843,0
27943,0
28043,0
28143,0
28243,0
28343,0
28443,0
28544,0
28644,0
28744,0
28844,0
28944,0
29044,0
29144,0
29308,0
29408,0
29508,0
29608,0
29708,0
29808,0
29908,0
30008,0
30108,0
30313,0
30413,0
30513,0
30613,0
30713,0
30813,0
30913,0
31013,0
31113,0
31213,0
31313,0
31413,0
31513,0
31613,0
31713,0
31813,0
31913,0
32013,0
32113,0
32214,0
32314,0
32414,0
32514,0
32614,0
32714,0
32814,0
32914,0
33014,0
33114,0
33214,0
33374,0
33474,0
33574,0
33674,0
33774,0
33874,0
33974,0
34074,0
34174,0
34274,0
34374,0
34475,0
34575,0
34675,0
34775,0
34875,0
34975,0
35075,0
35175,0
35275,0
35375,0
35475,0
35575,0
35675,0
35775,0
35977,0
36077,0
36177,0
36277,0
36377,0
36477,0
36577,0
36677,0
36777,0
36877,0
37192,0
37292,0
37442,0
37542,0
37642,0
37742,0
37842,0
37942,0
38348,0
38448,0
38548,0
38648,0
38748,337
38848,347
38948,347
39048,347
39148,351
39248,342
39348,342
39448,332
39548,327
39648,342
39748,337
39848,347
39948,342
40048,342
40148,342
40248,327
40348,337
40448,156
40548,0
40648,0
40748,0
40848,0
40948,0
41048,0
41148,0
41248,0
41453,0
41553,0
41653,0
41753,0
41853,0
41953,0
42053,0
42153,0
42253,0
42365,0
42477,0
42577,0
42677,0
42777,0
42877,0
42977,0
43091,0
43191,0
43291,0
43392,0
43492,0
43592,0
43692,0
43792,0
43892,0
43992,0
44092,0
44192,0
44292,0
44392,0
44492,0
44592,0
44692,0
44792,0
44892,0
44992,0
45092,0
45192,0
45292,0
45392,0
45492,0
45592,0
45692,0
45792,0
45892,0
45992,0
46092,0
46192,0
46292,0
46392,0
46516,0
46735,0
46835,0
46935,0
47035,0
47135,0
47235,0
47335,0
47435,0
47535,0
47635,0
47735,0
47835,0
47935,0
48035,0
48135,0
48235,0
48335,0
48435,0
48535,0
48635,0
48735,0
48835,0
48935,0
49035,0
49135,0
49235,0
49335,0
49435,0
49536,0
49636,0
49736,0
49836,0
49936,0
50036,0
50136,0
50236,0
50336,0
50436,0
50582,0
50682,0
50782,0
50882,0
50982,0
51102,0
51202,0
51302,0
51402,0
51502,0
51602,0
51702,0
51802,0
51902,0
52002,0
52206,0
52306,0
52406,0
52506,0
52606,0
52706,0
52806,0
52907,0
53007,0
53107,0
53207,0
53307,0
53407,0
53507,0
53607,0
53707,0
53807,0
53907,0
54007,0
54107,0
54207,0
54307,0
54407,0
54507,0
54648,0
54748,0
54848,0
54948,0
57538,0
57638,0
57738,0
57838,0
57938,0
58038,0
58138,0
58238,0
58479,0
58579,0
58702,0
58802,0
58902,0
59002,0
59102,0
59202,0
59302,0
59402,0
59502,0
59602,0
59702,0
59802,0
59902,0
60106,0
60206,0
60306,0
60406,0
60506,0
60606,0
60706,0
60806,0
60906,0
61006,0
61106,0
61206,0
61306,0
61406,0
61506,0
61606,0
61706,0
61806,0
61906,0
62006,0
62106,0
62206,0
62306,0
62406,0
62507,0
62607,0
62757,0
62857,0
62957,0
63057,0
63157,0
63257,0
63357,0
63457,0
63557,0
63657,0
63757,0
63857,0
63958,0
64058,0
64158,0
64258,0
64358,0
64458,0
64558,0
64658,0
64758,0
64858,0
64958,0
65058,0
65158,0
65258,0
65358,0
65458,0
65558,0
65658,0
65758,0
65858,0
66061,0
66161,0
66262,0
66362,0
66462,0
66562,0
66662,0
66808,0
66908,0
67008,0
67108,0
67208,0
67308,0
67408,0
67508,0
67608,0
67708,0
67808,0
67908,0
68008,0
68108,0
68208,0
68308,0
68408,0
68508,0
68608,0
68708,0
68808,0
68908,0
69008,0
69108,0
69208,0
69308,0
69408,0
69508,0
69608,0
69708,0
69808,0
69908,0
70008,0
70108,0
70208,0
70308,0
70408,0
70508,0
70608,0
70708,0
70808,0
70926,0
71026,0
71591,0
71691,0
71791,0
71891,0
71991,425
72201,503
72301,508
72401,459
72501,478
72601,498
72701,449
72801,439
72901,454
73001,444
73101,400
73201,381
73302,366
73402,347
73502,351
73602,298
73702,224
73802,219
73902,259
74002,278
74102,298
74202,317
74302,273
74402,288
74502,347
74602,420
74702,410
74802,342
74963,298
75063,263
75163,254
75264,259
75364,278
75464,278
75564,283
75664,278
75764,268
75967,268
76067,273
76167,273
76267,278
76367,278
76467,273
76567,268
76667,278
76767,268
76867,283
76967,288
77067,278
77167,263
77267,273
77367,273
77467,268
77582,259
77682,268
77782,268
77882,263
77982,273
78082,263
78182,273
78282,263
78382,278
78482,278
78582,273
78682,273
78782,263
78882,263
79029,263
79129,268
79229,268
79329,273
79737,273
79837,273
79937,273
80037,273
80248,503
80348,347
80553,347
80653,356
80753,361
80854,376
80954,356
81054,366
81154,376
81254,351
81354,366
81454,376
81554,342
81654,371
81754,356
81854,361
81954,371
82054,342
82154,356
82254,381
82354,371
82454,361
82554,366
82654,347
82754,366
82854,366
82954,366
83097,361
83197,366
83297,366
83397,361
83497,342
83597,356
83697,371
83798,347
83898,366
83998,371
84098,366
84198,347
84298,371
84398,351
84498,351
84598,366
84698,381
84798,361
84898,351
84998,376
85098,371
85198,361
85298,376
85398,371
85498,356
85598,371
85698,371
85798,356
85898,366
86103,366
86203,371
86303,366
86403,376
86503,376
86603,361
86703,342
86803,366
86903,376
87003,361
87160,381
87260,371
87360,376
87460,361
87818,376
87918,371
88018,366
88118,371
88218,415
88318,107
88418,43
88518,43
88619,43
88719,43
88819,43
88919,39
89019,39
89119,39
89219,43
89319,43
89419,43
89519,43
89619,43
89719,39
89819,43
89919,9
90019,0
90119,0
90219,0
90319,0
90419,0
90519,0
90619,0
90719,0
90819,0
90919,0
91019,0
91119,0
91219,0
91423,0
91740,0
91905,0
92005,0
92105,0
92205,0
92305,0
92422,0
92767,0
92867,0
92967,0
93067,0
93167,244
93267,278
93367,288
93467,278
93582,278
93682,278
93782,278
93882,278
93982,273
94082,268
94182,273
94282,278
94382,263
94482,283
94582,278
94682,278
94782,268
94882,4
94982,0
95082,0
95182,0
95282,0
95382,0
95482,0
95582,0
95682,0
95782,0
95882,0
95982,0
96082,0
96182,0
96282,0
96382,0
96583,0
96683,0
96785,0
96905,0
97005,0
97105,0
97205,0
97305,0
97405,0
97505,0
97605,0
97705,0
97805,0
97905,0
98006,0
98106,0
98206,0
98306,0
98406,0
98506,0
98606,0
98706,0
98806,0
98906,0
99006,0
99106,0
99206,0
99306,0
99406,0
99506,0
99606,0
99885,0
99985,0
100085,0
100185,0
100285,0
100385,0
100485,0
100585,0
100685,0
100785,0
100936,0
101036,0
101136,0
101236,0
101336,0
101555,0
101639,0
101739,0
101839,0
101939,0
102039,0
102139,0
102239,0
102339,0
102439,0
102539,0
102639,0
102739,0
102839,0
102939,0
103040,0
103140,0
103240,0
103340,0
103440,0
103540,0
103640,0
103740,0
103840,0
103940,0
104040,0
104140,0
104240,0
104340,0
104440,0
104540,0
104640,0
104740,0
104840,0
105001,0
105101,0
105201,0
105302,0
105402,0
105811,0
105896,0
105996,0
106096,0
106196,361
106296,395
106396,386
106496,386
106704,386
106804,386
106904,386
107004,381
107104,386
107204,366
107304,386
107404,351
107504,371
107604,386
107704,381
107969,371
108069,0
108169,0
108269,0
108369,0
108469,0
108569,0
108669,0
108769,0
108869,0
108969,0
109069,0
109169,0
109270,0
109370,0
109470,0
109570,0
109670,0
109770,0
109914,0
110014,0
110114,0
110214,0
110606,0
110706,0
113273,0
113527,0
113627,0
113727,0
113827,0
113927,0
114130,0
114230,0
114330,0
114430,0
114530,0
114677,0
114777,0
114877,0
114977,0
115077,0
115177,0
115277,0
115377,0
115477,0
115577,0
115677,0
115777,0
115877,0
115977,0
116077,0
116177,0
116277,0
116377,0
116477,0
116577,0
116677,0
116777,0
116877,0
116977,0
117078,0
117178,0
117278,0
117378,0
117478,0
117578,0
117678,0
117778,0
117878,0
117978,0
118078,0
118178,0
118278,0
118378,0
118478,0
118578,0
118735,0
118835,0
118935,0
119035,0
119135,0
119235,0
119335,0
119435,0
119535,0
119745,0
119845,0
119945,0
120045,0
120145,0
120245,0
120345,0
120445,0
120545,0
120645,0
120745,0
120845,0
120945,0
121046,0
121146,0
121246,0
121346,0
121446,0
121546,0
121646,0
121746,0
121846,0
121946,0
122046,0
122146,0
122246,0
122346,0
122446,0
122546,0
122646,0
122790,0
122890,0
122990,0
123090,0
123190,0
123290,0
123390,0
123490,0
123590,0
123691,0
123791,0
123891,0
123991,0
124091,0
124191,0
124291,0
124391,0
124491,0
124591,0
124691,0
124791,0
124891,0
124991,0
125091,0
125191,0
125291,0
125391,0
125592,0
125692,0
126022,0
126058,0
126158,0
126258,0
126358,0
126458,0
126558,0
126658,0
126758,0
126858,0
126958,0
127058,0
127158,0
127258,0
127358,0
127754,0
127854,0
127954,0
128054,0
128154,210
128254,210
128354,215
128454,210
128555,205
128655,219
128755,219
128855,200
128955,205
129055,205
129155,205
129255,215
129355,219
129455,219
129555,229
129655,224
129755,219
129855,78
129955,0
130055,0
130155,0
130255,0
130355,0
130455,0
130555,0
130765,0
130865,0
130965,0
131065,0
131165,0
131265,0
131365,0
131465,0
131565,0
131665,0
131773,0
131894,0
131994,0
132094,0
132194,0
132294,0
132395,0
132495,0
132595,0
132695,0
132795,0
132895,0
132995,0
133095,0
133195,0
133295,0
133395,0
133495,0
133595,0
133695,0
133795,0
133895,0
133995,0
134095,0
134195,0
134295,0
134395,0
134495,0
134595,0
134695,0
134795,0
134895,0
134995,0
135095,0
135195,0
135296,0
135396,0
135496,0
135596,0
135696,0
135796,0
136110,0
136210,0
136310,0
136410,0
136510,0
136610,0
136710,0
136810,0
136910,0
137010,0
137110,0
137210,0
137310,0
137410,0
137510,0
137610,0
137710,0
137810,0
137910,0
138018,0
138118,0
138218,0
138318,0
138418,0
138518,0
138618,0
138718,0
138818,0
138918,0
139018,0
139118,0
139218,0
139318,0
139418,0
139518,0
139618,0
139718,0
139819,0
139919,0
140019,0
140177,0
140277,0
140377,0
140477,0
140577,0
140677,0
140777,0
140877,0
140977,0
141077,0
141177,0
141277,0
141377,0
141477,0
141681,0
141782,0
141882,0
141989,0
142089,0
142189,0
142289,0
142389,0
142489,0
142589,0
142689,0
142789,0
142889,0
142989,0
143089,0
143190,0
143290,0
143390,0
143490,0
143590,0
143690,0
143790,0
143890,0
143990,0
144090,0
144244,0
144344,0
144444,0
144544,0
144644,0
144744,0
144844,0
144944,0
145044,0
145144,0
145244,0
145344,0
145444,0
145544,0
145644,0
145744,0
145844,0
145944,0
146044,0
146144,0
146244,0
146344,0
146444,0
146544,0
146644,0
146744,0
146844,0
146944,0
147044,0
147144,0
147347,0
147447,0
147547,0
147647,0
147894,0
147994,0
148094,0
148194,0
148311,0
148410,0
148510,0
148859,0
148959,0
149059,0
149159,0
149259,219
149359,219
149459,229
149559,229
149659,229
149760,229
149860,229
149960,210
150060,215
150160,219
150260,219
150360,224
150460,224
150560,219
150660,224
150760,210
150860,219
150960,73
151060,0
151160,0
151260,0
151360,0
151460,0
151560,0
151660,0
151760,0
151860,0
151960,0
152060,0
152160,0
152260,0
152360,0
152564,0
152664,0
152764,0
152878,0
152996,0
153096,0
153196,0
153296,0
153413,0
153513,0
153613,0
153713,0
153814,0
153914,0
154024,0
154124,0
154224,0
154324,0
154424,0
154524,0
154624,0
154724,0
154824,0
154924,0
155024,0
155124,0
155224,0
155324,0
155424,0
155524,0
155624,0
155724,0
155824,0
155924,0
156024,0
156124,0
156224,0
156324,0
156424,0
156524,0
156624,0
156724,0
156824,0
156924,0
157037,0
157137,0
157237,0
157337,0
157437,0
157537,0
157740,0
157840,0
157940,0
158040,0
158140,0
158240,0
158340,0
158440,0
158540,0
158640,0
158740,0
158840,0
158940,0
159040,0
159140,0
159240,0
159340,0
159440,0
159540,0
159640,0
159740,0
159840,0
159940,0
160040,0
160140,0
160240,0
160340,0
160440,0
160540,0
160640,0
160740,0
160840,0
160940,0
161104,0
161204,0
161304,0
161404,0
161521,0
161622,0
161722,0
161822,0
161922,0
162031,0
162131,0
162231,0
162331,0
162432,0
162532,0
162632,0
162732,0
162832,0
162932,0
163032,0
163132,0
163335,0
163435,0
163535,0
163635,0
163735,0
163835,0
163935,0
164035,0
164135,0
164235,0
164335,0
164435,0
164535,0
164635,0
164736,0
164836,0
164936,0
165036,0
165170,0
165270,0
165370,0
165710,0
165810,0
165910,0
166023,0
166223,503
166323,899
166423,894
166523,894
166623,904
166723,904
166823,913
166923,869
167023,874
167123,904
167223,913
167323,894
167424,904
169965,899
170477,0
170577,0
170677,0
170777,0
170877,0
170977,0
171077,0
171177,0
171277,0
171377,0
171478,0
171578,0
171678,0
171778,0
171878,0
171978,0
172078,0
172178,0
172278,0
172378,0
172478,0
172578,0
172678,0
172778,0
172878,0
172978,0
173078,0
173178,0
173278,0
173378,0
173478,0
173578,0
173678,0
173778,0
173878,0
173978,0
174078,0
174178,0
174298,0
174398,0
174498,0
174598,0
174698,0
174798,0
174898,0
174998,0
175098,0
175198,0
175298,0
175398,0
175498,0
175598,0
175698,0
175907,0
176007,0
176107,0
176207,0
176307,0
176407,0
176507,0
176607,0
176707,0
176807,0
176907,0
177007,0
177107,0
177207,0
177307,0
177408,0
177508,0
177608,0
177708,0
177808,0
177908,0
178008,0
178108,0
178208,0
178354,0
178454,0
178554,0
178654,0
178754,0
178854,0
178954,0
179054,0
179154,0
179254,0
179354,0
179454,0
179554,0
179654,0
179755,0
179855,0
179955,0
180055,0
180155,0
180255,0
180355,0
180455,0
180555,0
180655,0
180755,0
180855,0
180955,0
181055,0
181155,0
181255,0
181355,0
181455,0
181555,0
181655,0
181858,0
181958,0
182059,0
182159,0
182259,0
182410,0
182510,0
182610,0
182710,0
182810,0
182910,0
183010,0
183110,0
183211,0
183311,0
183411,0
183511,0
183611,0
183711,0
183811,0
183911,0
184011,0
184111,0
184211,0
184311,0
184411,0
184511,0
184611,0
184711,0
184811,0
184911,0
185011,0
185111,0
185211,0
185311,0
185411,0
185511,0
185611,0
185711,0
185811,0
185911,0
186017,0
186117,0
186217,0
186317,0
186478,0
186578,0
186678,0
186778,0
186878,0
186978,0
187563,0
187663,0
187763,0
187863,0
188075,508
188175,3196
188275,3142
188375,3128
188475,3216
188575,3206
188675,3225
188775,3152
188875,2991
188975,3206
189075,3176
189175,3181
189275,3196
189375,3137
189475,3088
189575,3167
189675,3137
189775,3137
189875,3162
189975,3088
190075,3196
190175,3235
190275,3201
190375,2996
190475,3206
190575,3172
190675,3098
190775,2986
190875,3191
190976,3128
191076,3020
191176,3098
191276,3084
191376,3206
191476,3176
191576,3167
191676,3098
191776,3191
191876,3196
191976,3191
192315,3142
192415,3157
192515,3162
192615,3137
192715,3201
192815,3113
192915,3035
193015,3191
193115,2981
193215,3211
193315,3098
193415,3044
193515,3181
193615,3181
193715,3074
193815,3167
193915,3108
194018,2981
194118,3157
194219,3181
194319,3176
194419,3176
194519,3020
194619,3123
194719,3181
194819,3211
194919,3162
195019,3152
195119,3181
195219,3128
195319,3176
195419,3079
195519,3181
195619,3196
195719,3118
195819,3196
195919,3137
196019,3005
196119,3000
196219,3147
196386,3172
196486,3201
196586,3132
196686,3123
196786,3201
196886,3201
196986,3030
197086,3162
197186,3162
197286,3118
197386,3235
197486,3157
197586,3201
197686,3059
197786,3181
197990,3181
198090,3181
198190,3216
198290,3245
198390,3230
198490,3176
198590,3084
198690,3181
198790,3162
198890,3113
198990,3147
199090,3230
199190,3025
199290,3147
199390,2991
199490,3206
199590,3186
199690,3201
199790,3103
199890,3196
199990,3079
200090,3005
200190,3201
200290,3181
200459,3137
200559,3172
200659,3147
200759,3113
200859,3069
200960,3206
201060,3191
201160,3176
201260,3128
201360,3020
201460,3181
201560,3181
201660,3186
201760,3201
201860,3172
201960,3216
202060,2996
202160,3162
202260,3172
202360,3172
202460,3201
202560,3176
202660,3260
202760,3235
202860,3118
202960,3225
203060,3172
203160,3211
203260,3201
203360,3206
203460,3186
203661,3186
203761,3206
203862,3201
203962,3176
204062,3176
204162,3201
204262,3216
204362,3211
204532,3176
204632,3176
204732,3084
204832,3040
204932,3108
205032,3137
205132,2976
205232,3142
205332,3147
205432,3152
205532,3172
205632,3181
205732,3191
205832,3191
205932,3191
206032,2991
206132,3123
206232,3000
206332,3147
206432,3181
206532,3191
206632,3162
206732,3186
206832,3176
206932,3167
207032,3181
207132,3088
207232,3132
207332,3186
207432,3172
207532,3176
207632,3181
207732,3186
207832,3196
207932,3172
208032,3191
208132,3005
208232,3030
208332,3005
208432,3191
208532,3206
208632,3152
208732,3147
208934,3147
209034,3186
209134,3152
209234,3191
209334,3196
209434,3088
209534,3172
209634,3079
209734,3132
209835,3186
209935,2947
210053,3157
210153,3054
210253,3059
210353,3044
210453,2981
210553,3201
210653,3108
210753,3044
210853,3147
210953,2952
211053,3157
211153,3157
211253,3172
211353,3128
211453,3191
211553,3059
211653,3206
211753,3030
211853,3128
211953,2991
212054,3049
212154,3172
212254,2986
212354,3167
212454,3172
212554,3113
212698,3088
212798,3196
212898,3172
212998,3172
213098,3172
213198,3040
213298,3079
213398,3113
213498,3172
213598,3118
213698,3172
213798,3162
213898,3196
213998,3123
214098,3176
214198,3211
214298,3113
214398,3040
214601,3049
214701,3176
214801,2961
214901,3040
215001,3128
215101,3128
215201,3162
215301,3137
215401,3186
215501,3191
215601,3176
215701,3172
215801,3206
215901,3172
216001,3157
216101,3220
216201,3186
216301,3098
216401,3162
216501,2956
216601,3157
216771,3103
216871,3137
216971,3181
217071,3044
217171,3176
217271,3181
217371,3142
217472,3147
217572,3093
217672,3176
217772,3201
217872,3147
217972,3123
218072,3162
218172,3162
218272,2991
218372,3137
218472,3157
218572,3172
218672,3172
218772,3181
218872,3103
218972,3191
219072,3093
219172,3206
219272,3196
219372,3196
219472,3176
219572,3118
219672,3108
219772,3167
219872,3162
219972,3162
220072,3157
220172,3191
220377,3191
220477,3186
220577,3196
220677,3250
220845,3230
220945,3108
221045,3147
221145,3186
221245,3176
221345,3015
221445,3211
221545,3181
221645,3172
221745,3167
221845,3167
221945,3167
222061,3196
222161,3186
222261,3196
222361,3201
222461,3176
222561,3132
222661,3123
222761,3128
222861,3084
222961,3196
223062,3147
223162,3172
223262,3201
223362,3005
223462,3015
223562,3196
223662,3186
223762,3201
223862,3123
223962,3206
224062,3191
224162,3167
226776,3181
227151,0
227251,0
227351,0
227451,0
227551,0
227651,0
227852,0
227952,0
228052,0
228152,0
228252,0
228352,0
228452,0
228552,0
228652,0
228752,0
228852,0
228952,0
229052,0
229152,0
229252,0
229352,0
229452,0
229552,0
229652,0
229752,0
229852,0
229952,0
230052,0
230152,0
230252,0
230352,0
230452,0
230552,0
230652,0
230752,0
230852,0
230986,0
231086,0
231186,0
231286,0
231386,0
231486,0
231586,0
231686,0
231786,0
231886,0
231986,0
232086,0
232186,0
232286,0
232386,0
232486,0
232586,0
232686,0
232786,0
232886,0
232986,0
233086,0
233186,0
233286,0
233387,0
233487,0
233587,0
233790,0
233890,0
233990,0
234090,0
234190,0
234290,0
234390,0
234490,0
234590,0
234690,0
234790,0
234890,0
235041,0
235141,0
235241,0
235341,0
235441,0
235541,0
235641,0
235741,0
235841,0
235941,0
236041,0
236141,0
236241,0
236341,0
236441,0
236541,0
236641,0
236741,0
236841,0
236941,0
237041,0
237142,0
237242,0
237342,0
237442,0
237542,0
237642,0
237742,0
237842,0
237942,0
238042,0
238142,0
238242,0
238342,0
238442,0
238542,0
238642,0
238742,0
238842,0
238942,0
239095,0
239195,0
239477,0
239577,0
239677,0
239777,0
239877,0
239977,0
240077,0
240177,0
240277,0
240377,0
240477,0
240577,0
240677,0
240777,0
240877,0
240977,0
241077,0
241177,0
241277,0
241377,0
241477,0
241577,0
241677,0
241777,0
241878,0
241978,0
242078,0
242178,0
242278,0
242378,0
242478,0
242578,0
242678,0
242791,0
242891,0
242991,0
243091,0
243205,0
243305,0
243686,0
243786,0
243886,0
243986,0
244086,78
244186,87
244286,78
244386,83
244486,78
244586,83
244788,83
244888,78
244988,78
245088,83
245188,78
245288,83
245388,83
245488,83
245588,83
245688,78
245788,4
245888,0
245988,0
246088,0
246188,0
246288,0
246388,0
246488,0
246588,0
246688,0
246792,0
246892,0
246992,0
247092,0
247192,0
247292,0
247392,0
247492,0
247592,0
247704,0
247804,0
247904,0
248004,0
248421,0
248521,0
248621,0
248721,0
248927,508
249027,1182
249127,1153
249329,1153
249430,1138
249530,1168
249630,1168
249730,1124
249830,1158
249930,1153
250030,1153
250130,1163
250230,1153
250330,1153
250430,1158
250530,1138
250630,1148
250730,1153
250830,1143
250930,1158
251030,1177
251130,1143
251230,1143
251330,1143
251430,1138
251530,1173
251630,1173
251730,1173
251830,1119
251930,1153
252030,1148
252130,1148
252230,1133
252331,1104
252431,1168
252531,1153
252631,1109
252731,1148
252831,1158
252983,1153
253083,1158
253184,1119
253284,1124
253384,1148
253484,1143
253584,1158
253684,1168
253784,1163
253884,1094
253984,1119
254084,1163
254184,1168
254284,1099
254384,1163
254484,1109
254584,1129
254684,1133
254791,1168
255014,1158
255114,1163
255214,1148
255314,1153
255414,1143
255514,1158
255614,1158
255714,1158
255814,1138
255915,1148
256015,1158
256115,1158
256215,1158
256315,1129
256415,1158
256515,1143
256615,1138
256715,1148
256815,1158
256915,1163
257057,1158
257157,1153
257257,1104
257357,1099
257457,1148
257557,1129
257657,1119
257757,1143
257857,1173
257957,1173
258057,1133
258157,1163
258257,1158
258357,1163
258457,1163
258557,1158
258657,1158
258757,1153
258857,1163
258957,1138
259057,1148
259158,1129
259258,1114
259358,1119
259458,1153
259558,1138
259658,1153
259758,1119
259858,1153
259958,1143
260058,1163
260158,1163
260258,1099
260358,1153
260458,1173
260669,1173
260769,1148
260869,1109
260969,1114
261129,1158
261229,1158
261329,1153
261429,1158
261529,1173
261629,1143
261729,1148
261829,1133
261929,1129
262029,1133
262129,1138
262230,1158
262330,1158
262430,1143
262530,1153
262630,1133
262730,1143
262830,1148
262930,1158
263030,1153
263130,1109
263230,1133
263330,1148
263430,1089
263530,1124
263630,1104
263730,1143
263830,1089
263930,1133
264030,1119
264130,1163
264230,1143
264330,1163
264430,1163
264530,1158
264630,1158
264730,1153
264830,1153
264930,1158
265030,1158
265200,1153
265300,1143
265400,1148
265500,1148
265600,1119
265700,1129
265800,1143
265900,1138
266102,1138
266201,1143
266301,1109
266401,1153
266501,1124
266601,1143
266701,1153
266801,1163
266901,1148
267001,1158
267101,1129
267201,1119
267301,1133
267401,1124
267501,1153
267601,1109
267701,1143
267801,1148
267901,1104
268001,1119
268101,1143
268201,1153
268301,1153
268401,1158
268502,1089
268602,1153
268702,1138
268802,1158
268902,1143
269002,1133
269102,1129
269270,1099
269370,1158
269470,1158
269570,1158
269670,1158
269770,1089
269870,1158
269970,1153
270070,1153
270170,1158
270270,1109
270370,1119
270470,1163
270570,1153
270670,1148
270770,1153
270870,1158
270970,1138
271070,1124
271170,1138
271270,1153
271370,1153
271470,1133
271570,1133
271775,1138
271875,1148
271975,1148
272075,1148
272175,1114
272275,1143
272375,1143
272475,1094
272575,1148
272675,1138
272775,1153
272875,1158
272975,1153
273075,1158
273175,1138
273348,1114
273448,1148
273548,1124
273648,1143
273748,1104
273848,1129
273948,1143
274048,1143
274148,1114
274248,1143
274348,1158
274448,1133
274548,1094
274648,1104
274748,1143
274848,1129
274948,1158
275048,1158
275148,1089
275248,1148
275348,1153
275448,1104
275548,1148
275648,1119
275748,1148
275848,1143
275948,1153
276048,1109
276148,1119
276248,1148
276348,1143
276448,1099
276548,1153
276648,1153
276748,1129
276848,1148
276948,1153
277048,1119
277148,1133
277248,1153
277521,1153
277621,1143
277721,1158
277821,1158
277921,1148
278021,1148
278121,1158
278221,1158
278321,1138
278421,1129
278521,1148
278621,1133
278721,1163
278832,1124
278932,1168
279032,1163
279132,1153
279232,1173
279332,1168
279432,1173
279532,1153
279632,1143
279732,1163
279832,1168
279932,1177
280032,1114
280132,1173
280232,1153
280332,1104
280432,1158
280532,1114
280632,1148
280732,1119
280832,1158
280932,1143
281032,1148
281132,1168
283682,1158
284058,0
284309,0
284409,0
284509,0
284609,0
284709,0
284911,0
285011,0
285111,0
285211,0
285312,0
285412,0
285512,0
285612,0
285712,0
285812,0
285912,0
286012,0
286112,0
286212,0
286312,0
286412,0
286512,0
286612,0
286712,0
286812,0
286912,0
287012,0
287112,0
287212,0
287312,0
287412,0
287512,0
287612,0
287712,0
287812,0
287912,0
288012,0
288112,0
288212,0
288312,0
288412,0
288512,0
288612,0
288712,0
288812,0
288912,0
289012,0
289112,0
289212,0
289312,0
289412,0
289512,0
289612,0
289712,0
289812,0
289912,0
290012,0
290112,0
290212,0
290312,0
290412,0
290512,0
290612,0
290813,0
290913,0
291013,0
291113,0
291213,0
291313,0
291414,0
291514,0
291614,0
291714,0
291814,0
291945,0
292045,0
292145,0
292245,0
292345,0
292445,0
292545,0
292645,0
292745,0
292845,0
292945,0
293045,0
293145,0
293245,0
293345,0
293445,0
293545,0
293645,0
293745,0
293846,0
293946,0
294046,0
294146,0
294246,0
294346,0
294446,0
294546,0
294646,0
294746,0
294846,0
294946,0
295046,0
295146,0
295246,0
295346,0
295446,0
295546,0
295646,0
295746,0
295846,0
295999,0
296099,0
296200,0
296403,0
296503,0
296603,0
296704,0
296804,0
296904,0
297004,0
297104,0
297204,0
297304,0
297404,0
297504,0
297604,0
297704,0
297804,0
297904,0
298004,0
298104,0
298204,0
298304,0
298404,0
298504,0
298604,0
298704,0
298804,0
298904,0
299004,0
299104,0
299204,0
299304,0
299404,0
299504,0
299604,0
299704,0
299804,0
299904,0
300066,0
300166,0
300530,0
300630,0
300730,0
300830,0
300930,136
301030,175
301130,166
301230,166
301330,166
301532,166
301632,171
301732,171
301832,171
301932,166
302032,175
302132,171
302232,180
302332,166
302432,171
302532,180
302632,175
302732,0
302832,0
302932,0
303032,0
303132,0
303232,0
303332,0
303432,0
303532,0
303632,0
303732,0
303832,0
303932,0
304032,0
304132,0
304232,0
304332,0
304432,0
304552,0
304652,0
304752,0
304852,0
305208,0
305308,0
305408,0
305508,0
305704,532
305927,2707
306027,2688
306127,2683
306227,2609
306327,2639
306427,2722
306527,2683
306627,2653
306727,2644
306827,2668
306927,2697
307027,2678
307127,2707
307227,2717
307328,2707
307428,2644
307528,2683
307628,2570
307728,2678
307828,2688
307928,2678
308028,2644
308128,2546
308228,2653
308328,2678
308428,2678
308528,2678
308628,2678
308728,2678
308828,2634
308928,2697
309028,2595
309128,2663
309228,2634
309328,2722
309428,2678
309528,2697
309628,2658
309756,2639
309856,2649
309956,2693
310056,2693
310156,2658
310256,2697
310356,2697
310456,2688
310556,2683
310656,2688
310756,2717
310856,2707
310956,2668
311056,2678
311156,2683
311256,2722
311356,2702
311559,2702
311659,2688
311759,2663
311859,2673
311959,2678
312059,2702
312159,2717
312259,2678
312359,2536
312459,2668
312559,2697
312659,2658
312759,2683
312859,2663
312960,2663
313060,2712
313160,2595
313260,2619
313360,2688
313460,2673
313560,2707
313660,2693
313827,2702
313927,2673
314027,2605
314127,2673
314227,2619
314327,2702
314427,2712
314527,2712
314627,2605
314727,2673
314827,2683
314927,2683
315027,2556
315127,2561
315227,2707
315327,2605
315427,2688
315527,2605
315627,2683
315727,2614
315827,2693
315927,2653
316027,2570
316127,2702
316227,2693
316327,2653
316427,2673
316527,2702
316627,2658
316727,2722
316827,2722
316928,2624
317130,2634
317230,2673
317330,2668
317430,2688
317530,2678
317630,2556
317730,2653
317897,2658
317997,2649
318097,2629
318197,2678
318297,2600
318397,2653
318497,2678
318597,2658
318697,2624
318797,2507
318897,2639
318997,2697
319097,2619
319197,2531
319297,2570
319397,2605
319497,2556
319597,2619
319697,2697
319797,2683
319897,2683
319997,2683
320097,2487
320197,2678
320297,2693
320397,2673
320497,2678
320598,2688
320698,2688
320798,2639
320898,2678
320998,2531
321098,2575
321198,2658
321298,2512
321398,2585
321498,2673
321598,2663
321698,2585
321798,2507
321969,2663
322069,2546
322169,2658
322269,2649
322369,2683
322574,2683
322674,2678
322774,2663
322874,2614
322974,2653
323074,2512
323174,2673
323274,2541
323374,2683
323474,2649
323574,2649
323674,2619
323774,2673
323874,2634
323974,2678
324074,2663
324174,2639
324274,2663
324374,2683
324474,2585
324574,2688
324674,2673
324774,2556
324874,2658
324974,2678
325074,2678
325174,2575
325274,2565
325374,2693
325474,2683
325574,2663
325675,2531
325775,2668
325875,2688
326042,2693
326142,2688
326242,2693
326342,2683
326443,2717
326543,2683
326643,2707
326743,2702
326843,2688
326943,2653
327043,2600
327143,2575
327243,2693
327343,2678
327443,2663
327543,2629
327643,2668
327743,2609
327843,2712
327943,2575
328043,2693
328247,2693
328347,2673
328448,2541
328548,2619
328648,2619
328748,2619
328848,2688
328948,2688
329048,2658
329148,2521
329248,2663
329348,2663
329448,2644
329548,2678
329648,2688
329748,2658
329848,2580
329948,2561
330113,2688
330213,2668
330313,2546
330413,2644
330513,2507
330613,2688
330713,2693
330813,2693
330913,2565
331013,2668
331113,2634
331213,2541
331313,2634
331413,2653
331513,2673
331613,2668
331713,2673
331813,2678
331913,2536
332013,2551
332113,2683
332213,2663
332313,2683
332413,2561
332513,2556
332613,2668
332713,2614
332813,2693
332913,2644
333014,2697
333114,2653
333214,2663
333314,2639
333414,2644
333514,2693
333614,2653
333714,2580
333913,2590
334013,2688
334113,2678
334213,2693
334313,2673
334413,2546
334513,2683
334613,2678
334713,2697
334813,2727
334913,2707
335013,2653
335113,2707
335213,2658
335313,2697
335413,2707
335513,2663
335613,2678
335713,2688
335813,2658
335913,2688
336013,2556
336113,2697
336214,2688
336314,2693
336414,2697
336514,2546
336614,2629
336714,2556
336814,2737
336914,2683
337014,2546
337114,2722
337214,2565
337314,2624
337414,2712
337514,2663
337614,2683
337714,2712
337814,2683
337914,2697
338014,2570
338114,2717
338274,2707
338374,2712
338475,2702
338575,2575
338675,2673
338775,2634
338875,2561
338975,2668
339075,2678
339276,2678
339376,2702
339476,2624
339576,2663
339676,2712
339776,2673
339876,2653
342428,2717
342801,0
343052,0
343152,0
343252,0
343352,0
343452,0
343552,0
343652,0
343752,0
343852,0
343952,0
344052,0
344152,0
344252,0
344352,0
344452,0
344552,0
344652,0
344752,0
344852,0
344952,0
345052,0
345152,0
345252,0
345352,0
345452,0
345552,0
345652,0
345752,0
345852,0
345952,0
346052,0
346152,0
346252,0
346352,0
346452,0
346552,0
346812,0
346912,0
347012,0
347112,0
347212,0
347312,0
347412,0
347512,0
347612,0
347712,0
347812,0
347912,0
348012,0
348112,0
348212,0
348312,0
348412,0
348512,0
348612,0
348712,0
348812,0
348912,0
349012,0
349112,0
349212,0
349312,0
349412,0
349512,0
349612,0
349712,0
349812,0
349912,0
350012,0
350112,0
350212,0
350312,0
350412,0
350512,0
350612,0
350712,0
350812,0
350912,0
351012,0
351112,0
351212,0
351312,0
351412,0
351512,0
351612,0
351712,0
351812,0
351912,0
352012,0
352112,0
352212,0
352312,0
352412,0
352512,0
352713,0
352813,0
352913,0
353013,0
353113,0
353213,0
353313,0
353413,0
353513,0
353613,0
353713,0
353813,0
353913,0
354013,0
354113,0
354213,0
354313,0
354413,0
354513,0
354613,0
354713,0
354813,0
354960,0
355060,0
355160,0
355260,0
355360,0
355460,0
355560,0
355660,0
355760,0
355860,0
355960,0
356060,0
356160,0
356260,0
356360,0
356460,0
356560,0
356660,0
356760,0
356860,0
356960,0
357060,0
357160,0
357260,0
357360,0
357460,0
357560,0
357660,0
357760,0
357860,0
357960,0
358060,0
358160,0
358260,0
358465,0
358565,0
358665,0
358765,0
358865,0
359009,0
359109,0
359484,0
359584,0
359684,0
359784,0
359884,92
359984,151
360084,185
360184,210
360284,166
360384,68
360484,78
360584,254
360684,283
360784,151
360884,117
360984,107
361084,127
361184,166
361284,185
361384,224
361484,239
361584,73
361684,0
361784,0
361884,0
361984,0
362084,0
362184,0
362284,0
362384,0
362484,0
362584,0
362684,0
362784,0
362884,0
362984,0
363084,0
363184,0
363284,0
363384,0
363484,0
363721,0
363824,0
363924,0
364024,0
364124,0
364522,0
364622,0
364722,0
364822,0
364922,234
365022,268
365122,259
365222,263
365322,244
365422,254
365522,249
365622,249
365722,263
365822,259
365922,249
366022,244
366123,249
366223,244
366323,259
366423,244
366523,219
366623,78
366723,0
366823,0
366923,0
367023,0
367123,0
367223,0
367323,0
367423,0
367523,0
367623,0
367723,0
367823,0
367923,0
368023,0
368123,0
368223,0
368323,0
368423,0
368643,0
368756,0
368856,0
369227,0
369336,0
369436,0
369536,0
369736,508
369836,718
369936,733
370036,738
370136,703
370236,772
370336,777
370436,757
370536,708
370636,713
370736,713
370836,738
370936,742
371036,742
371136,757
371236,752
371336,728
371436,752
371536,762
371636,747
371750,742
371850,762
371950,767
372050,767
372150,742
372250,718
372350,733
372450,767
372550,767
372651,728
372751,767
372957,767
373057,747
373157,762
373257,772
373357,767
373457,742
373557,752
373657,767
373788,762
373888,738
373988,772
374088,782
374188,757
374288,747
374388,752
374488,752
374588,767
374688,772
374788,762
374888,762
374988,767
375088,772
375188,772
375288,772
375388,772
375488,728
375588,767
375688,762
375788,742
375888,742
375988,752
376088,742
376188,767
376288,767
376388,772
376488,738
376588,777
376688,762
376788,767
376888,772
376988,757
377088,738
377188,767
377288,777
377388,733
377488,762
377588,762
377688,762
377788,772
377906,733
378006,757
378106,782
378309,782
378409,757
378509,733
378609,757
378710,777
378810,782
378910,782
379010,767
379110,752
379210,772
379310,738
379410,762
379510,772
379610,767
379721,767
379821,762
379921,723
380021,733
380121,772
380221,742
380321,772
380421,767
380521,782
380621,757
380721,767
380821,772
380921,757
381021,767
381121,767
381221,767
381321,767
381421,742
381521,757
381621,772
381721,786
381821,738
381947,767
382047,752
382147,772
382247,786
382347,757
382447,777
382547,767
382647,742
382747,747
382848,767
382948,782
383048,772
383148,772
383248,762
383348,777
383448,738
383548,772
383648,742
383935,757
384035,767
384135,782
384235,777
384335,757
384435,757
384535,742
384635,777
384735,747
384835,738
384935,782
385035,733
385135,767
385235,762
385335,757
385435,772
385536,762
385636,757
385736,772
385836,772
385936,786
386036,757
386136,738
386236,723
386336,772
386436,782
386536,752
386636,738
386736,767
386836,762
386936,723
387036,752
387136,752
387236,767
387336,742
387436,772
387536,752
387636,752
387750,757
387850,757
387950,747
388050,757
388150,767
388250,762
388350,767
388450,767
388550,767
388651,738
388751,752
388851,757
388951,752
389051,772
389151,772
389251,747
389351,786
389451,762
389654,762
389754,762
389854,738
389954,757
390097,747
390197,752
390297,762
390397,747
390497,738
390597,767
390697,762
390797,767
390897,723
390998,772
391098,777
391198,747
391298,728
391398,747
391498,728
391598,762
391698,742
391798,728
391898,772
391998,777
392098,777
392198,777
392298,757
392398,777
392498,777
392598,767
392698,762
392798,752
392898,747
392998,777
393098,772
393198,762
393298,747
393398,772
393498,762
393598,777
393698,762
393798,777
393899,752
393999,738
394168,767
394268,752
394368,772
394468,772
394568,757
394668,767
394768,782
394868,738
395072,742
395172,733
395272,777
395372,772
395472,777
395572,782
395672,777
395772,762
395872,757
395972,762
396072,772
396172,772
396272,757
396372,772
396472,772
396572,772
396672,752
396772,777
396872,782
396972,782
397072,782
397172,777
397272,777
397372,767
397472,772
397572,772
400109,772
400497,0
400756,0
401007,0
401107,0
401207,0
401307,0
401408,0
401508,0
401608,0
401708,0
401808,0
401908,0
402008,0
402108,0
402208,0
402308,0
402408,0
402508,0
402710,0
402810,0
402910,0
403010,0
403110,0
403210,0
403310,0
403410,0
403510,0
403610,0
403710,0
403810,0
403910,0
404011,0
404111,0
404211,0
404311,0
404411,0
404511,0
404611,0
404711,0
404811,0
404911,0
405011,0
405111,0
405211,0
405311,0
405411,0
405511,0
405611,0
405711,0
405811,0
405911,0
406011,0
406111,0
406211,0
406311,0
406411,0
406511,0
406611,0
406711,0
406811,0
406912,0
407012,0
407112,0
407212,0
407312,0
407412,0
407512,0
407612,0
407712,0
407812,0
407912,0
408012,0
408112,0
408212,0
408550,0
408650,0
408750,0
408850,0
408950,0
409050,0
409150,0
409250,0
409350,0
409450,0
409550,0
409650,0
409750,0
409850,0
409950,0
410050,0
410150,0
410250,0
410350,0
410450,0
410550,0
410650,0
410750,0
410850,0
410950,0
411051,0
411151,0
411251,0
411351,0
411451,0
411551,0
411651,0
411751,0
411851,0
411951,0
412051,0
412151,0
412251,0
412351,0
412451,0
412605,0
412705,0
412805,0
412905,0
413005,0
413105,0
413205,0
413305,0
413405,0
413505,0
413605,0
413705,0
413805,0
413905,0
414005,0
414105,0
414307,0
414407,0
414507,0
414607,0
414707,0
414807,0
414907,0
415007,0
415107,0
415207,0
415307,0
415407,0
415507,0
415607,0
415707,0
415807,0
415907,0
416007,0
416107,0
416207,0
416307,0
416407,0
416507,0
416671,0
416771,0
417167,0
417267,0
417367,0
417467,0
417699,503
417799,610
417899,645
417999,620
418099,659
418199,654
418299,615
418399,650
418499,615
418599,659
418699,601
418903,596
419003,635
419103,625
419203,596
419303,664
419403,625
419503,645
419603,640
419703,645
419803,654
419903,654
420003,650
420103,659
420203,635
420303,650
420403,650
420503,659
420603,654
420703,635
420803,654
420903,650
421003,645
421103,650
421203,674
421303,635
421403,645
421504,650
421604,635
421751,645
421851,625
421951,645
422051,669
422151,664
422251,650
422351,654
422451,650
422551,674
422651,640
422751,650
422851,645
422951,635
423051,615
423151,645
423251,674
423351,650
423451,659
423552,654
423652,664
423752,630
423852,650
423952,654
424052,640
424169,640
424269,654
424369,640
424573,645
424673,645
424773,645
424873,650
424973,659
425073,664
425174,650
425274,654
425374,645
425474,630
425574,645
425674,664
425824,645
425924,620
426024,650
426124,640
426224,659
426324,659
426424,630
426524,610
426624,659
426724,654
426824,669
426924,625
427024,645
427124,650
427224,650
427324,630
427424,630
427524,645
427624,630
427724,630
427824,650
427924,650
428024,610
428124,625
428224,645
428324,645
428424,635
428524,645
428624,645
428724,640
428824,669
428924,650
429024,645
429124,625
429224,635
429324,640
429424,669
429524,645
429624,679
429724,654
429824,664
430098,664
430198,635
430298,659
430398,679
430498,645
430598,664
430698,645
430798,630
430898,645
430998,625
431098,669
431198,635
431298,630
431398,654
431498,674
431598,654
431698,645
431798,635
431898,669
431998,669
432098,630
432198,620
432299,669
432399,635
432499,654
432599,669
432699,635
432799,650
432899,650
432999,615
433099,659
433199,625
433299,640
433399,635
433499,650
433599,610
433699,606
433799,650
433899,669
433999,689
434169,694
434269,689
434369,694
434469,694
434569,713
434669,635
434769,703
434869,718
434969,679
435069,698
435169,679
435269,718
435369,718
435469,723
435569,713
435774,713
435874,723
435974,703
436074,713
436186,694
436286,733
436386,718
436486,718
436586,718
436686,723
436786,703
436886,728
436986,703
437086,703
437186,723
437286,723
437386,713
437486,708
437586,703
437686,698
437786,698
437886,728
437986,698
438086,645
438240,674
438340,713
438440,728
438540,723
438640,723
438740,698
438840,723
438940,684
439040,713
439140,708
439240,664
439340,713
439440,713
439540,674
439640,723
439740,703
439840,723
439940,718
440040,718
440140,694
440240,689
440340,733
440440,723
440540,689
440640,718
440740,703
440840,718
440940,718
441040,698
441140,698
441240,689
441443,689
441543,728
441643,684
441743,718
441843,713
441943,728
442043,708
442143,703
442310,679
442411,718
442511,694
442611,723
442711,669
442811,733
442911,718
443011,718
443111,698
443211,708
443311,689
443411,728
443511,703
443611,718
443711,703
443811,728
443911,718
444011,713
444111,728
444211,728
444311,723
444411,738
444511,723
444611,713
444711,689
444811,728
444911,718
445011,713
445111,713
445211,733
445312,703
445412,713
445512,703
445612,713
445712,689
445812,718
445912,689
446012,703
446112,689
446212,718
446385,669
446485,694
446585,669
446685,684
446888,689
446988,698
447088,713
447188,703
447288,708
447388,669
447488,689
447588,713
447688,708
447788,684
447888,713
447988,703
448088,708
448204,728
448304,723
448404,723
448504,728
448604,694
448704,664
448804,674
448904,703
449004,684
449104,689
449204,723
449304,703
449404,669
449504,703
449604,703
449704,718
449804,698
449904,703
450004,723
450104,728
450204,713
450304,694
450457,674
450557,684
450657,669
450757,703
450857,718
450957,674
451057,713
451158,728
451258,718
451358,679
451458,718
451558,703
451658,679
451758,713
451858,664
451958,708
452058,713
452158,703
452258,718
452358,659
452560,664
452660,689
452760,728
452860,708
452960,674
453060,698
453160,713
453260,723
453360,713
453460,713
453560,654
453660,698
453760,713
453860,713
453960,669
454060,713
454160,703
454260,684
454360,703
454530,689
454630,703
454730,703
454830,674
454930,703
455030,689
455130,718
455230,708
455330,703
455430,674
455530,703
455630,689
455730,698
455830,689
455930,713
456030,689
456130,659
456230,684
456330,703
456430,703
458974,694
459341,0
459441,0
459541,0
459641,0
459741,0
459841,0
460045,0
460145,0
460246,0
460346,0
460446,0
460546,0
460646,0
460746,0
460846,0
460946,0
461046,0
461146,0
461246,0
461346,0
461446,0
461546,0
461646,0
461746,0
461846,0
461946,0
462046,0
462146,0
462246,0
462346,0
462446,0
462546,0
462646,0
462746,0
462846,0
462946,0
463046,0
463176,0
463276,0
463376,0
463476,0
463576,0
463676,0
463776,0
463876,0
463976,0
464076,0
464176,0
464276,0
464376,0
464476,0
464576,0
464676,0
464776,0
464876,0
464976,0
465076,0
465176,0
465276,0
465376,0
465476,0
465576,0
465676,0
465878,0
465978,0
466078,0
466178,0
466278,0
466378,0
466478,0
466578,0
466678,0
466778,0
466878,0
466978,0
467078,0
467230,0
467330,0
467430,0
467530,0
467630,0
467730,0
467830,0
467930,0
468030,0
468130,0
468230,0
468330,0
468430,0
468530,0
468630,0
468730,0
468830,0
468930,0
469030,0
469130,0
469230,0
469330,0
469430,0
469530,0
469630,0
469730,0
469830,0
469931,0
470031,0
470131,0
470231,0
470331,0
470431,0
470531,0
470631,0
470731,0
470831,0
470931,0
471031,0
471131,0
471284,0
471384,0
471608,0
471708,0
471808,0
471908,0
472008,0
472108,0
472209,0
472309,0
472409,0
472509,0
472609,0
472709,0
472809,0
472909,0
473009,0
473109,0
473209,0
473309,0
473409,0
473509,0
473609,0
473709,0
473809,0
473909,0
474009,0
474109,0
474209,0
474309,0
474409,0
474509,0
474609,0
474710,0
474810,0
474910,0
475010,0
475110,0
475210,0
475352,0
475451,0
475551,0
475892,0
475992,0
476092,0
476192,0
476292,303
476392,298
476594,298
476694,303
476794,303
476894,298
476994,288
477094,283
477194,288
477294,298
477394,307
477494,298
477594,307
477694,322
477794,298
477894,312
477995,112
478095,0
478195,0
478295,0
478395,0
478495,0
478595,0
478695,0
478795,0
478895,0
478995,0
479095,0
479195,0
479295,0
479395,0
479495,0
479595,0
479695,0
479795,0
479910,0
480026,0
480126,0
480492,0
480587,0
480687,0
480787,0
481160,537
481260,3152
481360,3255
481460,3304
481560,2937
481660,3181
481760,3079
481860,2390
481960,2844
482060,3323
482160,3025
482260,3211
482360,3299
482460,3211
482560,3230
482660,3269
482760,3255
482860,2468
482960,2903
483060,2448
483160,2448
483260,2712
483360,3299
483460,2873
483560,2536
483660,2810
483760,3132
483860,3201
483960,3216
484060,3279
484160,2712
484260,3044
484360,3186
484460,3049
484560,2478
484660,3064
484760,2668
484860,2908
485026,3264
485126,3147
485226,3279
485326,2712
485426,2781
485526,3035
485626,2820
485726,3299
485826,2482
485926,3299
486026,3142
486126,3059
486226,3137
486326,3172
486426,2556
486526,2702
486626,3123
486831,3181
486930,3294
487030,2419
487130,3274
487230,3035
487330,3103
487430,3304
487530,3079
487630,2653
487730,3059
487830,3172
487930,3044
488030,3098
488130,3269
488230,3274
488330,3191
488430,3264
488530,3318
488630,2663
488730,2556
488830,3250
488930,3274
489097,3191
489197,2614
489297,3323
489397,2727
489497,2800
489597,2399
489697,3167
489797,3108
489897,2844
489997,2688
490097,2463
490198,2438
490298,3176
490398,2961
490498,2609
490598,2497
490698,2634
490798,2908
490898,3216
490998,3025
491098,2385
491198,2624
491298,3333
491398,2649
491498,2751
491598,2795
491698,2766
491798,3088
491898,2688
491998,2458
492098,2575
492198,3142
492298,3049
492398,2673
492616,2429
492701,3005
492801,2751
492901,2487
493001,2453
493174,3264
493274,3118
493374,2771
493474,3000
493574,2419
493674,2746
493774,2507
493874,2663
493974,3255
494074,2746
494174,2756
494274,3299
494374,2453
494474,3308
494574,3118
494674,2766
494774,2565
494874,2913
494974,2737
495074,3318
495174,2482
495275,2971
495375,3333
495475,3054
495575,3255
495675,3059
495775,3299
495875,2482
495975,3220
496075,3220
496175,2873
496275,3054
496375,2932
496475,2512
496575,2932
496675,2468
496775,3167
496875,2722
496975,3220
497075,3299
497245,3318
497345,2996
497445,2737
497545,2482
497645,2521
497854,2639
497954,2893
498054,3162
498154,2443
498254,2336
498354,2419
498454,3118
498554,2678
498654,3084
498754,2624
498854,2634
498954,3284
499054,2917
499154,2854
499254,3049
499354,2996
499454,3289
499554,3225
499654,2927
499755,3333
499855,2991
499955,2370
500055,2741
500155,3152
500255,3030
500355,3206
500455,3152
500555,2844
500655,2561
500755,2942
500855,2575
500955,2536
501055,2829
501155,2971
501316,3162
501416,2829
501516,2942
501616,3201
501716,3005
501816,3230
501916,2561
502016,3025
502116,2473
502216,2668
502316,3040
502416,2981
502516,2834
502616,3113
502716,2536
502816,3201
502916,2521
503016,2952
503116,2644
503216,3289
503316,2781
503416,2541
503618,2482
503718,2854
503818,2722
503918,2981
504018,3079
504118,2521
504218,2937
504318,2712
504418,3069
504518,2683
504619,2937
504719,2502
504819,3098
504919,3304
505019,3142
505119,2424
505219,3000
505385,2737
505485,2394
505585,2869
505686,3260
505786,3328
505886,3049
505986,2517
506086,2673
506186,3079
506286,2810
506386,2658
506486,3157
506586,3049
506686,2776
506786,2751
506886,2653
506986,3132
507086,3142
507186,2644
507286,2448
507386,3049
507486,3264
507586,2810
507686,2932
507786,2693
507886,3147
507986,3167
508086,3245
508186,2375
508286,2653
508386,3118
508486,2947
508587,3059
508687,2971
508787,3328
508887,2394
508987,2409
509087,3079
509288,3137
509455,2805
509555,2326
509655,2482
509755,2590
509855,2663
509955,2722
510055,3235
510155,2360
510255,3255
510355,2893
510455,2839
510555,2634
510655,2712
510755,2360
510855,3250
510955,3201
511055,2526
511155,3304
511255,3137
511355,2947
511455,3313
511555,2380
511655,3098
511755,2996
511855,2565
511955,2771
512055,2751
512155,2712
512256,2614
512356,2913
512456,3152
512556,2482
512656,2947
512756,2649
512856,2761
512956,3079
513056,2883
513156,2854
513256,2399
513356,3137
513533,3044
513633,2644
513733,2790
513833,2961
513933,2478
514033,2424
514134,2482
514234,2829
514334,2438
514434,3157
514637,3206
514737,2595
514837,3044
514937,3157
515037,3318
517578,3035
517960,0
518211,0
518311,0
518411,0
518511,0
518611,0
518711,0
518811,0
518912,0
519012,0
519112,0
519212,0
519312,0
519412,0
519512,0
519612,0
519712,0
519812,0
519912,0
520012,0
520112,0
520212,0
520312,0
520412,0
520512,0
520612,0
520712,0
520812,0
520912,0
521012,0
521112,0
521212,0
521312,0
521412,0
521512,0
521612,0
521712,0
521812,0
521912,0
522012,0
522112,0
522314,0
522414,0
522514,0
522614,0
522714,0
522814,0
522914,0
523014,0
523114,0
523214,0
523314,0
523414,0
523514,0
523614,0
523714,0
523814,0
523914,0
524014,0
524114,0
524214,0
524314,0
524414,0
524514,0
524614,0
524715,0
524815,0
524915,0
525015,0
525115,0
525215,0
525315,0
525415,0
525515,0
525615,0
525715,0
525841,0
525941,0
526041,0
526141,0
526241,0
526341,0
526441,0
526541,0
526641,0
526741,0
526841,0
526941,0
527041,0
527141,0
527241,0
527341,0
527441,0
527541,0
527641,0
527741,0
527841,0
527941,0
528041,0
528244,0
528344,0
528444,0
528544,0
528644,0
528744,0
528844,0
528944,0
529044,0
529144,0
529244,0
529344,0
529444,0
529544,0
529644,0
529744,0
529895,0
529995,0
530096,0
530196,0
530296,0
530396,0
530496,0
530596,0
530696,0
530796,0
530896,0
530996,0
531096,0
531196,0
531296,0
531396,0
531496,0
531596,0
531696,0
531796,0
531896,0
531996,0
532096,0
532196,0
532296,0
532396,0
532496,0
532596,0
532696,0
532796,0
532896,0
532996,0
533096,0
533196,0
533296,0
533396,0
533496,0
533596,0
533696,0
533796,0
534071,0
534171,0
534272,0
534679,0
534779,0
534879,0
534979,0
535185,503
535285,1143
535385,1104
535485,1114
535585,1129
535685,1104
535785,1138
535885,1085
535985,1129
536085,1148
536185,1094
536285,1094
536385,1109
536485,1119
536585,1124
536685,1099
536785,1094
536885,1133
536985,1109
537085,1158
537185,1187
537285,1197
537385,1153
537485,1163
537594,1173
537694,1197
537794,1168
537894,1133
537994,1114
538094,1133
538194,1119
538294,1133
538394,1119
538597,1119
538697,1114
538797,1143
538897,1129
538997,1129
539097,1119
539238,1104
539338,1133
539438,1143
539538,1148
539638,1109
539738,1138
539838,1133
539938,1143
540038,1148
540138,1143
540238,1114
540338,1124
540438,1114
540538,1114
540638,1138
540738,1138
540838,1094
540938,1104
541038,1138
541138,1143
541238,1143
541338,1133
541438,1119
541538,1138
541638,1138
541739,1133
541839,1119
541939,1153
542039,1104
542139,1094
542239,1109
542339,1133
542439,1148
542539,1148
542639,1133
542739,1148
542839,1104
542939,1133
543039,1148
543139,1148
543314,1158
543414,1153
543514,1109
543614,1138
543714,1138
543814,1129
544017,1129
544117,1138
544217,1094
544317,1119
544417,1143
544517,1148
544617,1124
544717,1138
544817,1109
544917,1104
545017,1148
545117,1129
545217,1143
545317,1133
545417,1138
545517,1124
545623,1143
545723,1138
545823,1143
545923,1138
546023,1163
546123,1138
546223,1133
546323,1129
546423,1119
546523,1153
546623,1168
546723,1133
546823,1182
546923,1177
547023,1192
547123,1163
547223,1187
547386,1197
547486,1197
547586,1187
547686,1197
547786,1148
547886,1124
547986,1138
548086,1168
548186,1173
548286,1124
548386,1094
548486,1060
548586,1041
548686,1055
548786,1021
548886,1065
548986,1065
549086,1075
549186,1089
549286,1070
549386,1104
549486,1094
549595,1075
549818,1104
549918,1085
550018,1094
550118,1045
550218,1089
550318,1080
550418,1099
550518,1094
550618,1104
550718,1104
550818,1075
550918,1041
551018,1089
551118,1089
551218,1080
551318,1085
551452,1080
551552,1094
551652,1050
551752,1085
551852,1094
551952,1075
552052,1104
552152,1099
552252,1080
552352,1094
552452,1094
552552,1080
552652,1085
552752,1085
552852,1099
552952,1055
553052,1070
553152,1094
553252,1085
553352,1085
553452,1099
553552,1060
553652,1065
553752,1094
553852,1085
553952,1089
554052,1070
554152,1085
554252,1089
554352,1085
554452,1089
554552,1094
554652,1085
554752,1099
554852,1094
554952,1065
555052,1055
555152,1089
555355,1089
555522,1099
555622,1104
555722,1094
555822,1089
555922,1104
556022,1099
556122,1094
556222,1089
556322,1094
556422,1085
556522,1089
556622,1089
556722,1085
556822,1055
556922,1094
557022,1065
557122,1099
557222,1104
557322,1104
557422,1075
557522,1099
557623,1075
557722,1094
557822,1055
557922,1099
558022,1094
558123,1070
558223,1099
558323,1094
558423,1060
558523,1089
558623,1075
558723,1094
558823,1099
558923,1104
559023,1085
559123,1070
559223,1099
559323,1099
559423,1099
559593,1065
559693,1099
559793,1094
559893,1099
559993,1060
560093,1104
560193,1109
560293,1080
560393,1089
560493,1099
560593,1104
560693,1089
560897,1089
560997,1094
561097,1065
561197,1089
561297,1085
561397,1094
561497,1060
561597,1085
561697,1085
561797,1099
561897,1099
561997,1085
562097,1085
562197,1036
562297,1089
562397,1099
562497,1104
562597,1099
562697,1055
562797,1085
562897,1080
562997,1085
563097,1104
563197,1045
563297,1080
563397,1080
563497,1094
563670,1055
563770,1075
563870,1080
563970,1089
564070,1085
564170,1080
564270,1085
564370,1094
564470,1085
564570,1099
564670,1109
564770,1089
564870,1109
564970,1119
565070,1104
565170,1094
565270,1104
565370,1075
565470,1085
565570,1045
565670,1089
565770,1089
565870,1080
565970,1089
566070,1065
566170,1075
566270,1104
566473,1104
566573,1109
566673,1070
566773,1085
566873,1085
566973,1085
567073,1070
567173,1085
567273,1080
567373,1109
567473,1109
567573,1094
567738,1080
567838,1104
567938,1104
568038,1080
568138,1094
568238,1089
568338,1075
568438,1099
568538,1085
568638,1114
568738,1099
568838,1099
568938,1089
569038,1089
569138,1055
569238,1080
569338,1089
569438,1085
569538,1099
569638,1094
569738,1075
569838,1099
569938,1085
570038,1065
570138,1075
570238,1085
570338,1094
570438,1089
570539,1094
570639,1080
570739,1055
570839,1099
570939,1104
571039,1060
571139,1104
571239,1080
571339,1085
571439,1104
571539,1099
571639,1099
571808,1075
572029,1099
572129,1099
572229,1104
572329,1094
572429,1085
572529,1114
572630,1070
572730,1085
572830,1094
572930,1055
573030,1099
573130,1094
573230,1099
573330,1065
573430,1080
573530,1104
573631,1075
573731,1080
573831,1080
573931,1080
574031,1094
576567,1094
576925,0
577025,0
577125,0
577225,0
577325,0
577425,0
577525,0
577625,0
577725,0
577825,0
577925,0
578025,0
578125,0
578225,0
578325,0
578425,0
578525,0
578625,0
578725,0
578825,0
578925,0
579025,0
579125,0
579225,0
579325,0
579425,0
579525,0
579729,0
579829,0
579929,0
580029,0
580129,0
580229,0
580329,0
580429,0
580529,0
580629,0
580762,0
580862,0
580962,0
581062,0
581163,0
581263,0
581363,0
581463,0
581563,0
581663,0
581763,0
581863,0
581963,0
582063,0
582163,0
582263,0
582363,0
582463,0
582563,0
582663,0
582763,0
582863,0
582963,0
583063,0
583163,0
583263,0
583363,0
583463,0
583563,0
583663,0
583763,0
583863,0
583963,0
584064,0
584164,0
584264,0
584364,0
584464,0
584564,0
584664,0
584816,0
584916,0
585016,0
585116,0
585318,0
585418,0
585518,0
585618,0
585718,0
585818,0
585918,0
586018,0
586118,0
586218,0
586318,0
586418,0
586518,0
586618,0
586718,0
586818,0
586918,0
587018,0
587118,0
587218,0
587318,0
587418,0
587518,0
587618,0
587718,0
587819,0
587919,0
588019,0
588119,0
588219,0
588319,0
588419,0
588519,0
588619,0
588719,0
588871,0
588971,0
