p:4000,20000,6000,600,8000,4000,2000,8000,70
16319,packet,1,0,0,1,56,8000
20386,packet,1,0,0,1,56,8000
24454,packet,1,0,0,1,56,8000
28521,packet,1,0,0,1,56,8000
32589,packet,1,0,0,1,60,8000
36655,packet,1,0,0,1,56,8000
40720,packet,1,0,0,1,56,8000
44787,packet,1,0,0,1,55,8000
48863,packet,1,0,0,1,55,8000
52927,packet,1,0,0,1,56,8000
73826,packet,1,0,0,1,58,8000
77889,packet,1,0,0,1,57,8000
82926,packet,1,0,0,1,58,8000
86993,packet,1,0,0,1,58,8000
91060,packet,1,0,0,1,58,8000
95127,packet,1,0,0,1,58,8000
99193,packet,1,0,0,1,59,8000
103277,packet,1,0,0,1,58,8000
108057,packet,1,0,0,1,59,8000
129573,packet,1,0,0,1,73,8000
134129,packet,1,0,0,1,70,8000
186166,packet,1,0,0,1,59,8000
243168,packet,1,0,0,1,56,8000
247264,packet,1,0,0,1,58,8000
251335,packet,1,0,0,1,58,8000
255402,packet,1,0,0,1,58,8000
259468,packet,1,0,0,1,58,8000
263536,packet,1,0,0,1,58,8000
267605,packet,1,0,0,1,58,8000
271677,packet,1,0,0,1,58,8000
275744,packet,1,0,0,1,58,8000
279810,packet,1,0,0,1,58,8000
296232,packet,1,0,0,1,48,8000
296275,event,0,0
296301,action,0,0
296701,packet,0,0,1,1
296744,packetAck,1
300718,event,2,1
300732,action,1,1
300905,packet,1,0,0,1,53,8000
304972,packet,1,0,0,1,50,8000
309039,packet,1,0,0,1,50,8000
313105,packet,1,0,0,1,50,8000
317151,packet,1,0,0,1,49,8000
317188,event,0,0
317203,action,0,0
317665,packet,0,0,1,1
317707,packetAck,1
321726,event,2,1
321741,action,1,1
322194,packet,1,0,0,1,50,8000
326262,packet,1,0,0,1,50,8000
330331,packet,1,0,0,1,50,8000
334397,packet,1,0,0,1,50,8000
338463,packet,1,0,0,1,50,8000
355806,packet,1,0,0,1,52,8000
359872,packet,1,0,0,1,52,8000
363940,packet,1,0,0,1,52,8000
368007,packet,1,0,0,1,52,8000
372072,packet,1,0,0,1,52,8000
376140,packet,1,0,0,1,52,8000
380207,packet,1,0,0,1,51,8000
384275,packet,1,0,0,1,52,8000
388341,packet,1,0,0,1,52,8000
392409,packet,1,0,0,1,52,8000
396481,packet,1,0,0,1,51,8000
412724,packet,1,0,0,1,61,8000
416781,packet,1,0,0,1,55,8000
420849,packet,1,0,0,1,54,8000
424915,packet,1,0,0,1,54,8000
428983,packet,1,0,0,1,55,8000
433054,packet,1,0,0,1,54,8000
437299,packet,1,0,0,1,53,8000
441366,packet,1,0,0,1,53,8000
445448,packet,1,0,0,1,54,8000
449500,packet,1,0,0,1,54,8000
453576,packet,1,0,0,1,54,8000
475130,packet,1,0,0,1,46,8000
475168,event,0,0
475182,action,0,0
475279,packet,0,0,1,1
475321,packetAck,1
475664,packet,1,0,2,5,46,8000
475681,event,3,1
475695,action,2,1
477721,event,4,2
477735,action,1,2
479763,packet,1,0,0,1,46,8000
479801,event,0,0
479827,action,0,0
480014,packet,0,0,1,1
479817,packetAck,1
484065,event,2,1
484080,action,1,1
487930,packet,1,0,0,1,46,8000
487968,event,0,0
487982,action,0,0
488182,packet,0,0,1,1
488224,packetAck,1
492224,event,2,1
492238,action,1,1
496034,packet,1,0,0,1,46,8000
496072,event,0,0
496086,action,0,0
496533,packet,0,0,1,1
496575,packetAck,1
496909,packet,1,0,2,5,46,8000
496925,event,3,1
496939,action,2,1
498953,event,4,2
498967,action,1,2
501040,packet,1,0,0,1,46,8000
501078,event,0,0
501093,action,0,0
501160,packet,0,0,1,1
501202,packetAck,1
505185,event,2,1
505199,action,1,1
505249,packet,1,0,0,1,46,8000
505287,event,0,0
505301,action,0,0
505374,packet,0,0,1,1
505416,packetAck,1
509399,event,2,1
509414,action,1,1
513383,packet,1,0,0,1,46,8000
513421,event,0,0
513436,action,0,0
513918,packet,0,0,1,1
513960,packetAck,1
517960,event,2,1
517974,action,1,1
533675,packet,1,0,0,1,47,8000
533713,event,0,0
533728,action,0,0
533970,packet,0,0,1,1
534012,packetAck,1
537994,event,2,1
538008,action,1,1
538413,packet,1,0,0,1,47,8000
538451,event,0,0
538465,action,0,0
538669,packet,0,0,1,1
538711,packetAck,1
539054,packet,1,0,2,5,48,8000
539077,event,3,1
539092,action,2,1
539483,packet,1,0,2,5,47,8000
539498,event,1,2
539553,packet,1,0,2,5,47,8000
539569,event,1,2
543627,packet,1,0,2,5,47,8000
543642,event,1,2
547697,packet,1,0,2,5,47,8000
547713,event,1,2
551767,packet,1,0,2,5,47,8000
551782,event,1,2
555835,packet,1,0,2,5,47,8000
555851,event,1,2
559907,packet,1,0,2,5,47,8000
559926,event,1,2
563980,packet,1,0,2,5,47,8000
563996,event,1,2
568050,packet,1,0,2,5,48,8000
568065,event,1,2
572142,packet,1,0,2,5,48,8000
572157,event,1,2
580156,event,4,2
580169,action,1,2
