p:4000,20000,6000,600,8000,4000,2000,8000,70
16212,packet,1,0,0,1,54,8000
20467,packet,1,0,0,1,53,8000
24558,packet,1,0,0,1,53,8000
28618,packet,1,0,0,1,53,8000
32684,packet,1,0,0,1,53,8000
36754,packet,1,0,0,1,53,8000
40822,packet,1,0,0,1,53,8000
44889,packet,1,0,0,1,53,8000
48961,packet,1,0,0,1,53,8000
53028,packet,1,0,0,1,53,8000
73917,packet,1,0,0,1,55,8000
78941,packet,1,0,0,1,56,8000
83007,packet,1,0,0,1,55,8000
87950,packet,1,0,0,1,56,8000
92017,packet,1,0,0,1,56,8000
96088,packet,1,0,0,1,56,8000
101135,packet,1,0,0,1,57,8000
105206,packet,1,0,0,1,56,8000
109275,packet,1,0,0,1,55,8000
126189,packet,1,0,0,1,60,8000
130762,packet,1,0,0,1,60,8000
186416,packet,1,0,0,1,58,8000
243353,packet,1,0,0,1,57,8000
299935,packet,1,0,0,1,50,8000
304951,packet,1,0,0,1,50,8000
309014,packet,1,0,0,1,50,8000
313085,packet,1,0,0,1,50,8000
317152,packet,1,0,0,1,50,8000
321220,packet,1,0,0,1,50,8000
325988,packet,1,0,0,1,50,8000
330058,packet,1,0,0,1,50,8000
334124,packet,1,0,0,1,50,8000
338193,packet,1,0,0,1,50,8000
358803,packet,1,0,0,1,51,8000
362880,packet,1,0,0,1,51,8000
366938,packet,1,0,0,1,51,8000
371010,packet,1,0,0,1,51,8000
375077,packet,1,0,0,1,51,8000
379144,packet,1,0,0,1,51,8000
383211,packet,1,0,0,1,51,8000
387480,packet,1,0,0,1,51,8000
391550,packet,1,0,0,1,50,8000
395618,packet,1,0,0,1,51,8000
416649,packet,1,0,0,1,58,8000
421426,packet,1,0,0,1,58,8000
475333,packet,1,0,0,1,47,8000
475371,event,0,0
475385,action,0,0
475891,packet,0,0,1,1
475933,packetAck,1
476270,packet,1,0,2,5,47,8000
476283,event,3,1
476297,action,2,1
478281,event,4,2
478295,action,1,2
480588,packet,1,0,0,1,47,8000
480626,event,0,0
480640,action,0,0
481043,packet,0,0,1,1
481085,packetAck,1
485066,event,2,1
485080,action,1,1
488710,packet,1,0,0,1,47,8000
488748,event,0,0
488779,action,0,0
488854,packet,0,0,1,1
488897,packetAck,1
492896,event,2,1
492910,action,1,1
496922,packet,1,0,0,1,47,8000
496960,event,0,0
496974,action,0,0
496998,packet,0,0,1,1
497055,packetAck,1
497390,packet,1,0,2,5,47,8000
497403,event,3,1
497418,action,2,1
499432,event,4,2
499446,action,1,2
501573,packet,1,0,0,1,47,8000
501611,event,0,0
501625,action,0,0
502099,packet,0,0,1,1
502159,packetAck,1
506123,event,2,1
506137,action,1,1
509708,packet,1,0,0,1,47,8000
509746,event,0,0
509761,action,0,0
509847,packet,0,0,1,1
509894,packetAck,1
513888,event,2,1
513902,action,1,1
534077,packet,1,0,0,1,47,8000
534133,event,0,0
534147,action,0,0
534205,packet,0,0,1,1
534247,packetAck,1
534581,packet,1,0,2,5,47,8000
534593,event,3,1
534608,action,2,1
534992,packet,1,0,2,5,47,8000
535007,event,1,2
535062,packet,1,0,2,5,47,8000
535078,event,1,2
539145,packet,1,0,2,5,47,8000
539160,event,1,2
543206,packet,1,0,2,5,47,8000
543222,event,1,2
547288,packet,1,0,2,5,47,8000
547321,event,1,2
551369,packet,1,0,2,5,47,8000
551385,event,1,2
555441,packet,1,0,2,5,47,8000
555457,event,1,2
559702,packet,1,0,2,5,47,8000
559719,event,1,2
563793,packet,1,0,2,5,47,8000
563808,event,1,2
567865,packet,1,0,2,5,47,8000
567885,event,1,2
571939,packet,1,0,2,5,47,8000
571955,event,1,2
579953,event,4,2
579967,action,1,2
