p:4000,20000,6000,600,8000,4000,2000,8000,70
16028,packet,1,0,0,1,52,8000
16044,event,0,0
16058,action,0,0
20030,packet,1,0,0,1,52,8000
20045,event,0,1
24032,packet,1,0,0,1,52,8000
24046,event,0,1
28039,packet,1,0,0,1,53,8000
28053,event,0,1
32037,packet,1,0,0,1,52,8000
32051,event,0,1
36036,packet,1,0,0,1,53,8000
36051,event,0,1
40039,packet,1,0,0,1,53,8000
40065,event,0,1
44043,packet,1,0,0,1,53,8000
44058,event,0,1
48227,packet,1,0,0,1,53,8000
48241,event,0,1
52040,packet,1,0,0,1,53,8000
52059,event,0,1
60074,event,1,1
60088,action,1,1
73820,packet,1,0,0,1,47,8000
73834,event,0,0
73849,action,0,0
77830,packet,1,0,0,1,47,8000
77844,event,0,1
81817,packet,1,0,0,1,47,8000
81833,event,0,1
85816,packet,1,0,0,1,47,8000
85831,event,0,1
89818,packet,1,0,0,1,47,8000
89833,event,0,1
93827,packet,1,0,0,1,47,8000
93841,event,0,1
97833,packet,1,0,0,1,47,8000
97848,event,0,1
102020,packet,1,0,0,1,47,8000
102035,event,0,1
105833,packet,1,0,0,1,47,8000
105848,event,0,1
109831,packet,1,0,0,1,47,8000
109850,event,0,1
117865,event,1,1
117880,action,1,1
125858,packet,1,0,0,1,49,8000
125873,event,0,0
125887,action,0,0
129859,packet,1,0,0,1,49,8000
129874,event,0,1
133857,packet,1,0,0,1,49,8000
133884,event,0,1
137856,packet,1,0,0,1,48,8000
137870,event,0,1
141833,packet,1,0,0,1,49,8000
141848,event,0,1
145850,packet,1,0,0,1,48,8000
145865,event,0,1
149934,packet,1,0,0,1,49,8000
149948,event,0,1
153933,packet,1,0,0,1,50,8000
153948,event,0,1
157934,packet,1,0,0,1,48,8000
157953,event,0,1
161933,packet,1,0,0,1,49,8000
161948,event,0,1
165936,packet,1,0,0,1,49,8000
165950,event,0,1
173965,event,1,1
173980,action,1,1
185941,packet,1,0,0,1,56,8000
185956,event,0,0
185970,action,0,0
189941,packet,1,0,0,1,60,8000
189956,event,0,1
193943,packet,1,0,0,1,58,8000
193959,event,0,1
197947,packet,1,0,0,1,58,8000
197962,event,0,1
201951,packet,1,0,0,1,59,8000
201966,event,0,1
205956,packet,1,0,0,1,59,8000
205971,event,0,1
209961,packet,1,0,0,1,59,8000
209993,event,0,1
213967,packet,1,0,0,1,58,8000
213981,event,0,1
217972,packet,1,0,0,1,58,8000
217986,event,0,1
221973,packet,1,0,0,1,59,8000
221988,event,0,1
230003,event,1,1
230017,action,1,1
242710,packet,1,0,0,1,52,8000
242737,event,0,0
242751,action,0,0
246730,packet,1,0,0,1,52,8000
246744,event,0,1
250730,packet,1,0,0,1,53,8000
250746,event,0,1
254738,packet,1,0,0,1,52,8000
254754,event,0,1
258744,packet,1,0,0,1,52,8000
258760,event,0,1
262749,packet,1,0,0,1,53,8000
262764,event,0,1
266750,packet,1,0,0,1,53,8000
266769,event,0,1
270753,packet,1,0,0,1,53,8000
270768,event,0,1
274762,packet,1,0,0,1,53,8000
274777,event,0,1
278763,packet,1,0,0,1,53,8000
278778,event,0,1
286792,event,1,1
286806,action,1,1
299497,packet,1,0,0,1,62,8000
299513,event,0,0
299527,action,0,0
303456,packet,1,0,0,1,71,8000
307499,packet,1,0,0,1,63,8000
307513,event,0,1
311488,packet,1,0,0,1,68,8000
311503,event,0,1
315492,packet,1,0,0,1,67,8000
315508,event,0,1
319500,packet,1,0,0,1,71,8000
323512,packet,1,0,0,1,71,8000
323532,event,1,1
323546,action,1,1
327485,packet,1,0,0,1,72,8000
331516,packet,1,0,0,1,67,8000
331531,event,0,0
331545,action,0,0
335504,packet,1,0,0,1,67,8000
335518,event,0,1
339528,packet,1,0,0,1,67,8000
339543,event,0,1
347544,event,1,1
347570,action,1,1
355515,packet,1,0,0,1,59,8000
355529,event,0,0
355544,action,0,0
359539,packet,1,0,0,1,58,8000
359554,event,0,1
363730,packet,1,0,0,1,61,8000
363744,event,0,1
367535,packet,1,0,0,1,67,8000
367551,event,0,1
371539,packet,1,0,0,1,59,8000
371558,event,0,1
375545,packet,1,0,0,1,59,8000
375559,event,0,1
379547,packet,1,0,0,1,59,8000
379561,event,0,1
383552,packet,1,0,0,1,58,8000
383567,event,0,1
387559,packet,1,0,0,1,59,8000
387575,event,0,1
391558,packet,1,0,0,1,59,8000
391572,event,0,1
395558,packet,1,0,0,1,59,8000
395573,event,0,1
403576,event,1,1
403602,action,1,1
415991,packet,1,0,0,1,55,8000
416005,event,0,0
416020,action,0,0
420033,packet,1,0,0,1,58,8000
420048,event,0,1
424036,packet,1,0,0,1,56,8000
424055,event,0,1
428038,packet,1,0,0,1,57,8000
428052,event,0,1
432041,packet,1,0,0,1,57,8000
432056,event,0,1
436052,packet,1,0,0,1,58,8000
436066,event,0,1
440055,packet,1,0,0,1,55,8000
440070,event,0,1
444058,packet,1,0,0,1,56,8000
444072,event,0,1
448062,packet,1,0,0,1,55,8000
448077,event,0,1
452074,packet,1,0,0,1,55,8000
452089,event,0,1
456070,packet,1,0,0,1,56,8000
456084,event,0,1
464099,event,1,1
464114,action,1,1
472071,packet,1,0,0,1,52,8000
472085,event,0,0
472100,action,0,0
476261,packet,1,0,0,1,55,8000
476277,event,0,1
480071,packet,1,0,0,1,56,8000
480086,event,0,1
484077,packet,1,0,0,1,56,8000
484092,event,0,1
488070,packet,1,0,0,1,56,8000
488084,event,0,1
492070,packet,1,0,0,1,56,8000
492085,event,0,1
496074,packet,1,0,0,1,56,8000
496089,event,0,1
500074,packet,1,0,0,1,56,8000
500088,event,0,1
504265,packet,1,0,0,1,56,8000
504280,event,0,1
508076,packet,1,0,0,1,56,8000
508092,event,0,1
512077,packet,1,0,0,1,56,8000
512091,event,0,1
520107,event,1,1
520126,action,1,1
533509,packet,1,0,0,1,64,8000
533525,event,0,0
533557,action,0,0
537528,packet,1,0,0,1,63,8000
537544,event,0,1
541542,packet,1,0,0,1,63,8000
541558,event,0,1
545550,packet,1,0,0,1,64,8000
545566,event,0,1
549550,packet,1,0,0,1,64,8000
549566,event,0,1
553561,packet,1,0,0,1,64,8000
553575,event,0,1
557562,packet,1,0,0,1,63,8000
557596,event,0,1
561564,packet,1,0,0,1,63,8000
561579,event,0,1
565571,packet,1,0,0,1,63,8000
565586,event,0,1
569570,packet,1,0,0,1,64,8000
569590,event,0,1
573570,packet,1,0,0,1,63,8000
573586,event,0,1
581601,event,1,1
581616,action,1,1
