p:4000,20000,6000,600,8000,4000,2000,8000,70
100,0
200,0
300,0
400,0
500,0
600,0
700,0
800,0
900,0
1000,0
1100,0
1200,0
1300,0
1400,0
1500,0
1600,0
1803,0
1903,0
2003,0
2103,0
2203,0
2304,0
2404,0
2504,0
2604,0
2704,0
2804,0
2904,0
3004,0
3104,0
3204,0
3304,0
3404,0
3504,0
3604,0
3704,0
3804,0
3904,0
4050,0
4150,0
4250,0
4350,0
4450,0
4550,0
4651,0
4751,0
4851,0
4951,0
5051,0
5151,0
5251,0
5351,0
5451,0
5551,0
5651,0
5751,0
5851,0
5951,0
6051,0
6151,0
6251,0
6351,0
6451,0
6551,0
6651,0
6751,0
6851,0
6951,0
7051,0
7151,0
7251,0
7351,0
7451,0
7552,0
7752,0
7852,0
7952,0
8104,0
8204,0
8304,0
8404,0
8504,0
8604,0
8704,0
8804,0
8904,0
9004,0
9104,0
9204,0
9304,0
9404,0
9504,0
9604,0
9704,0
9804,0
9904,0
10004,0
10104,0
10204,0
10304,0
10404,0
10504,0
10604,0
10704,0
10804,0
10904,0
11004,0
11104,0
11204,0
11304,0
11404,0
11504,0
11604,0
11704,0
11804,0
11904,0
12004,0
12154,0
12254,0
12354,0
12454,0
12554,0
12654,0
12754,0
12854,0
12954,0
13054,0
13154,0
13254,0
13456,0
13556,0
13656,0
13756,0
13856,0
13956,0
14056,0
14156,0
14256,0
14356,0
14456,0
14556,0
14656,0
14756,0
14856,0
14956,0
15062,0
15162,0
15262,0
15362,0
15462,0
15562,0
15662,0
15762,0
15862,0
15962,0
16062,0
16217,0
16317,0
16417,0
16517,0
16617,0
16962,0
17062,0
17162,0
17262,0
17459,527
17559,2883
17659,2795
17759,2829
17859,2781
18061,2785
18161,2800
18262,2653
18362,2790
18462,2722
18562,2795
18662,2834
18762,2829
18862,2805
18962,2727
19062,2820
19162,2785
19262,2795
19362,2702
19462,2776
19562,2810
19662,2815
19762,2795
19862,2810
19962,2790
20062,2722
20162,2825
20262,2815
20362,2717
20462,2727
20562,2722
20662,2810
20762,2810
20862,2790
20962,2815
21062,2820
21163,2741
21263,2820
21363,2712
21514,2820
21613,2829
21713,2707
21813,2776
21913,2815
22013,2732
22113,2800
22213,2810
22313,2834
22413,2825
22513,2810
22614,2771
22714,2815
22814,2702
22914,2810
23014,2712
23114,2737
23214,2810
23314,2825
23414,2781
23514,2820
23717,2825
23817,2785
23917,2825
24017,2800
24117,2829
24217,2693
24317,2800
24417,2829
24517,2834
24617,2751
24717,2727
24817,2678
24918,2834
25018,2766
25118,2741
25218,2673
25318,2766
25418,2727
25586,2800
25686,2820
25786,2751
25886,2766
25986,2751
26086,2795
26186,2746
26286,2732
26386,2790
26486,2795
26586,2800
26686,2800
26786,2795
26886,2781
26986,2825
27086,2727
27186,2781
27286,2805
27386,2810
27486,2834
27586,2697
27686,2810
27786,2712
27886,2790
27986,2839
28086,2829
28186,2693
28286,2810
28386,2673
28486,2693
28587,2805
28687,2781
28787,2815
28887,2790
28987,2815
29087,2776
29187,2790
29287,2815
29491,2815
29656,2825
29756,2702
29856,2800
29956,2825
30056,2820
30156,2800
30256,2805
30356,2790
30456,2678
30556,2820
30656,2815
30756,2751
30856,2766
30956,2756
31056,2834
31156,2795
31256,2795
31356,2810
31456,2678
31556,2722
31656,2810
31756,2815
31856,2829
31956,2727
32056,2810
32156,2800
32256,2717
32356,2790
32456,2810
32556,2810
32656,2702
32756,2810
32856,2800
32956,2810
33056,2805
33156,2815
33256,2785
33356,2805
33456,2810
33556,2795
33656,2781
33772,2839
33872,2800
33972,2737
34072,2805
34172,2815
34272,2668
34372,2810
34472,2820
34572,2766
34672,2815
34875,2815
34975,2751
35075,2712
35175,2781
35275,2722
35375,2820
35475,2781
35575,2781
35675,2653
35775,2785
35875,2751
35975,2697
36075,2751
36175,2820
36275,2810
36375,2805
36475,2805
36575,2805
36675,2800
36775,2790
36875,2820
36975,2805
37075,2746
37175,2785
37275,2800
37376,2766
37476,2805
37576,2820
37676,2825
37817,2751
37917,2834
38017,2800
38117,2717
38217,2810
38317,2766
38417,2805
38517,2790
38617,2834
38717,2746
38817,2800
38917,2795
39017,2810
39117,2815
39217,2805
39317,2771
39417,2810
39517,2815
39617,2839
39717,2795
39817,2800
39917,2785
40017,2785
40117,2815
40217,2810
40419,2810
40519,2834
40619,2829
40719,2834
40819,2790
40919,2815
41019,2815
41119,2795
41219,2546
41319,2810
41419,2688
41519,2834
41619,2790
41719,2815
41887,2820
41987,2785
42087,2795
42187,2683
42287,2800
42387,2795
42487,2805
42587,2815
42687,2781
42787,2776
42887,2829
42987,2707
43087,2781
43187,2790
43287,2727
43387,2815
43487,2766
43587,2785
43687,2737
43787,2820
43887,2810
43987,2781
44087,2688
44187,2727
44288,2825
44388,2790
44488,2800
44588,2844
44688,2849
44788,2727
44888,2776
44988,2673
45088,2790
45188,2795
45288,2663
45388,2805
45488,2844
45588,2825
45688,2805
45788,2800
46144,2825
46244,2829
46344,2805
46444,2712
46544,2795
46644,2825
46744,2693
46844,2825
46944,2756
47048,2815
47148,2815
47248,2825
47348,2776
47448,2810
47548,2697
47648,2732
47748,2756
47848,2727
47948,2795
48048,2790
48148,2800
48248,2829
48348,2820
48448,2820
48548,2800
48648,2805
48748,2805
48848,2815
48948,2805
49048,2800
49148,2805
49248,2790
49348,2776
49448,2834
49548,2820
49648,2785
49748,2805
49848,2834
49948,2810
50048,2717
50215,2766
50315,2810
50415,2693
50515,2815
50615,2810
50715,2737
50816,2815
50916,2693
51016,2815
51116,2790
51216,2829
51316,2815
51416,2815
51620,2815
51720,2737
51820,2810
51920,2795
52020,2683
52120,2800
52220,2746
52320,2717
52420,2683
52520,2702
52620,2737
52720,2727
52820,2781
52920,2707
53020,2781
53120,2776
53220,2761
53320,2771
53420,2785
53520,2785
53620,2668
53720,2785
53820,2785
53920,2776
54020,2673
54120,2790
54292,2785
54392,2790
54492,2658
54592,2707
54692,2702
54792,2658
54892,2722
54992,2805
57536,2717
57849,0
57949,0
58049,0
58149,0
58249,0
58349,0
58449,0
58549,0
58649,0
58749,0
58849,0
58949,0
59049,0
59149,0
59351,0
59451,0
59551,0
59651,0
59751,0
59851,0
59951,0
60051,0
60151,0
60251,0
60351,0
60451,0
60551,0
60651,0
60751,0
60851,0
60951,0
61051,0
61151,0
61251,0
61351,0
61451,0
61551,0
61686,0
61786,0
61886,0
61986,0
62086,0
62186,0
62286,0
62386,0
62486,0
62586,0
62686,0
62786,0
62886,0
62986,0
63086,0
63186,0
63286,0
63386,0
63486,0
63586,0
63686,0
63787,0
63887,0
63987,0
64087,0
64187,0
64287,0
64387,0
64487,0
64587,0
64687,0
64787,0
64887,0
64987,0
65087,0
65187,0
65390,0
65490,0
65590,0
65740,0
65840,0
65940,0
66040,0
66140,0
66240,0
66340,0
66440,0
66540,0
66640,0
66740,0
66840,0
66940,0
67040,0
67140,0
67240,0
67340,0
67440,0
67540,0
67640,0
67740,0
67840,0
67940,0
68040,0
68140,0
68240,0
68340,0
68440,0
68540,0
68640,0
68740,0
68840,0
68940,0
69040,0
69140,0
69240,0
69340,0
69440,0
69540,0
69640,0
69740,0
69840,0
69940,0
70052,0
70152,0
70252,0
70352,0
70452,0
70552,0
70652,0
70752,0
70956,0
71056,0
71156,0
71256,0
71356,0
71456,0
71556,0
71656,0
71756,0
71856,0
71956,0
72056,0
72156,0
72256,0
72356,0
72456,0
72556,0
72656,0
72756,0
72856,0
72956,0
73056,0
73156,0
73256,0
73356,0
73456,0
73556,0
73656,0
73756,0
73886,0
73986,0
74086,0
74439,0
74539,0
74639,0
74739,0
74839,4
74939,4
75039,4
75139,4
75239,4
75339,4
75439,4
75539,4
75639,4
75739,4
75839,4
76041,4
76141,4
76241,4
76341,4
76441,4
76541,0
76641,0
76741,0
76841,0
76941,0
77041,0
77142,0
77242,0
77342,0
77442,0
77551,0
77651,0
77751,0
77851,0
77952,0
78052,0
78152,0
78252,0
78352,0
78456,0
78568,0
78668,0
79013,0
79113,0
79213,0
79313,0
79413,219
79513,244
79613,244
79713,244
79813,239
79913,229
80013,239
80113,229
80214,234
80314,239
80414,234
80514,239
80614,229
80714,229
80814,234
80914,229
81118,229
81218,0
81318,0
81418,0
81518,0
81618,0
81718,0
81818,0
81918,0
82018,0
82118,0
82219,0
82319,0
82419,0
82519,0
82619,0
82719,0
82819,0
82919,0
83031,0
83144,0
83244,0
83354,0
83724,0
83824,0
83924,0
84024,0
84124,234
84224,244
84324,219
84424,219
84524,210
84624,200
84724,210
84824,205
84924,195
85024,195
85124,190
85224,195
85324,205
85424,205
85524,215
85624,219
85724,219
85824,210
85924,0
86128,0
86228,0
86328,0
86428,0
86528,0
86628,0
86728,0
86828,0
86928,0
87028,0
87128,0
87228,0
87328,0
87428,0
87528,0
87628,0
87742,0
87856,0
87955,0
88055,0
88155,0
88255,0
88355,0
88455,0
88555,0
88655,0
88755,0
88855,0
88955,0
89055,0
89155,0
89255,0
89355,0
89455,0
89556,0
89656,0
89756,0
89856,0
89956,0
90056,0
90156,0
90256,0
90356,0
90456,0
90556,0
90656,0
90756,0
90856,0
90956,0
91056,0
91156,0
91256,0
91460,0
91560,0
91660,0
91760,0
91893,0
91993,0
92093,0
92193,0
92293,0
92393,0
92493,0
92593,0
92693,0
92793,0
92893,0
92993,0
93093,0
93193,0
93293,0
93393,0
93493,0
93593,0
93693,0
93793,0
93893,0
93993,0
94093,0
94193,0
94294,0
94590,0
94690,0
94790,0
94891,0
94991,0
95091,0
95191,0
95291,0
95391,0
95491,0
95591,0
95691,0
95791,0
95891,0
96006,0
96106,0
96629,0
96729,0
96829,0
96929,0
97029,4
97129,4
97229,4
97329,4
97429,4
97529,4
97629,4
97729,4
97829,4
97929,4
98029,4
98129,4
98229,4
98329,4
98429,4
98529,4
98629,4
98729,0
98829,0
98929,0
99180,0
99280,0
99380,0
99480,0
99580,0
99680,0
99780,0
99880,0
99980,0
100080,0
100180,0
100280,0
100380,0
100480,0
100580,0
100714,0
100814,0
100914,0
101014,0
101361,0
101620,0
101705,73
101805,190
101905,195
102005,195
102105,190
102205,195
102305,190
102405,190
102505,190
102605,185
102705,185
102805,190
102905,190
103005,195
103105,190
103205,185
103305,190
103405,185
103505,0
103605,0
103875,0
103975,0
104075,0
104175,0
104275,0
104375,0
104475,0
104576,0
104676,0
104776,0
104876,0
104976,0
105076,0
105176,0
105276,0
105379,0
105492,0
105592,0
105692,0
105792,0
106182,0
106421,0
106521,0
106621,200
106721,195
106821,205
106921,219
107021,215
107121,215
107222,205
107322,215
107422,219
107522,244
107622,288
107722,327
107822,332
107922,342
108022,332
108122,332
108222,322
108322,0
108422,0
108522,0
108622,0
108722,0
108822,0
108922,0
109022,0
109122,0
109222,0
109322,0
109422,0
109522,0
109626,0
109726,0
109826,0
109926,0
110026,0
110126,0
110266,0
110366,0
110466,0
110566,0
110666,0
113296,0
113396,0
113496,0
113596,0
113696,0
113796,0
113896,0
113996,0
114096,0
114352,0
114452,0
114552,0
114652,0
114752,0
114852,0
114952,0
115052,0
115152,0
115252,0
115352,0
115452,0
115552,0
115652,0
115752,0
115852,0
115952,0
116052,0
116152,0
116252,0
116352,0
116627,0
116727,0
116827,0
116927,0
117027,0
117127,0
117227,0
117327,0
117427,0
117527,0
117627,0
117727,0
117827,0
117927,0
118027,0
118127,0
118227,0
118327,0
118427,0
118528,0
118628,0
118728,0
118828,0
118928,0
119028,0
119128,0
119228,0
119328,0
119428,0
119528,0
119628,0
119728,0
119930,0
120030,0
120130,0
120230,0
120330,0
120430,0
120530,0
120630,0
120730,0
120830,0
120930,0
121030,0
121131,0
121231,0
121502,0
121602,0
121702,0
121802,0
121902,0
122002,0
122102,0
122202,0
122302,0
122402,0
122502,0
122602,0
122702,0
122802,0
122902,0
123002,0
123102,0
123202,0
123302,0
123402,0
123502,0
123602,0
123702,0
123802,0
123902,0
124002,0
124102,0
124203,0
124303,0
124403,0
124503,0
124603,0
124703,0
124803,0
124903,0
125003,0
125103,0
125203,0
125303,0
125403,0
125503,0
125603,0
125839,0
125924,0
126024,0
126124,0
126224,0
126324,0
126424,0
126537,0
126637,0
126737,0
126837,0
127167,0
127267,0
127367,0
127467,0
127710,503
127810,933
127910,889
128010,850
128110,869
128210,826
128310,796
128410,796
128510,874
128610,909
128710,899
128811,899
128911,899
129011,904
129111,889
129211,928
129311,909
129411,884
129511,865
129611,840
129711,879
129811,884
129911,869
130115,855
130215,821
130315,879
130415,879
130515,845
130615,860
130715,840
130816,850
130916,850
131016,860
131116,860
131216,840
131316,845
131416,855
131516,855
131616,855
131765,830
131865,840
131965,821
132065,860
132165,884
132265,879
132365,874
132465,869
132566,865
132666,874
132766,845
132866,845
132966,874
133066,845
133166,869
133266,874
133366,850
133466,860
133566,845
133666,845
133766,855
133873,874
133974,865
134074,865
134174,865
134274,855
134374,860
134474,884
134574,879
134674,865
134774,845
134874,860
134974,879
135074,860
135174,816
135274,869
135374,865
135474,884
135574,884
135674,860
135951,860
136050,899
136150,894
136250,874
136350,874
136450,874
136550,865
136650,860
136750,884
136850,869
136950,874
137050,860
137150,884
137250,889
137350,860
137450,850
137550,889
137650,884
137750,845
137850,865
137950,869
138050,840
138150,884
138250,884
138350,874
138450,855
138550,889
138650,874
138750,884
138850,850
138950,884
139051,884
139151,850
139251,879
139351,879
139451,865
139551,884
139651,865
139751,884
139851,840
140022,879
140122,879
140222,860
140322,845
140422,874
140522,884
140622,894
140722,884
140822,894
140922,894
141022,894
141224,894
141324,865
141424,855
141524,879
141624,889
141724,894
141824,884
141924,899
142024,884
142124,884
142224,918
142324,909
142424,899
142524,899
142624,874
142724,869
142824,850
142924,874
143024,904
143124,889
143224,889
143324,904
143424,894
143524,860
143624,879
143724,889
143824,860
143924,889
144092,899
144192,894
144292,889
144392,850
144492,884
144592,840
144692,889
144792,865
144892,860
144992,889
145092,894
145192,884
145292,899
145392,894
145492,894
145592,874
145692,899
145792,874
145892,899
145992,899
146092,865
146192,899
146292,874
146392,894
146492,899
146592,869
146692,899
146893,899
146993,899
147093,884
147193,855
147293,884
147393,899
147493,855
147593,855
147693,845
147793,899
147893,899
147993,904
148165,860
148265,845
148365,879
148465,884
148566,894
148666,869
148766,904
148866,874
148966,894
149066,899
149166,904
149266,884
149366,879
149466,879
149566,855
149666,845
149766,899
149866,909
149966,913
150066,894
150166,899
150266,889
150366,865
150466,904
150566,904
150666,904
150766,894
150866,850
150966,904
151066,894
151166,869
151266,899
151366,889
151467,879
151567,860
151667,865
151767,874
151867,850
151967,884
152067,889
152239,879
152459,894
152559,894
152659,874
152759,884
152859,894
152960,894
153060,879
153160,855
153260,869
153360,894
153460,879
153560,869
153660,860
153760,869
153860,869
153960,894
154060,894
154160,879
154260,889
154360,889
154460,865
154560,850
154660,860
154760,889
154860,855
154960,899
155060,899
155160,894
155260,889
155360,904
155460,899
155560,855
155660,840
155760,899
155860,855
155960,899
156060,884
156160,855
156314,904
156414,874
156514,889
156614,874
156715,899
156815,855
156915,889
157015,865
157115,904
157215,904
157315,874
157415,879
157515,904
157615,860
157715,904
157815,869
158069,894
158169,899
158269,899
158369,884
158469,889
158569,904
158669,855
158769,884
158869,894
158969,909
159069,913
159169,830
159269,889
159369,894
159469,869
159569,874
159669,909
159769,909
159869,904
159969,899
160069,865
160169,860
160269,865
160385,899
160485,884
160585,865
160685,909
160785,923
160885,909
160985,884
161085,869
161185,855
161285,894
161385,845
161485,899
161585,909
161685,879
161785,874
161889,909
161989,889
162089,894
162189,899
162289,874
162390,865
162490,894
162590,865
162690,899
162790,894
162890,909
162990,904
163090,894
163190,904
163290,865
163390,869
163490,865
163691,865
163791,913
163891,894
163991,850
164091,894
164191,869
164291,909
164455,904
164555,913
164655,894
164755,879
164855,889
164955,850
165055,904
165155,909
165255,860
165355,899
165455,904
165555,904
165655,889
165755,884
165857,913
165957,899
166057,884
166157,884
166257,889
166358,918
166458,918
166558,860
166658,874
166758,904
166858,909
166958,899
167058,909
167158,928
167258,913
169831,909
170188,0
170288,0
170388,0
170488,0
170588,0
170688,0
170788,0
170888,0
170988,0
171190,0
171290,0
171390,0
171490,0
171590,0
171691,0
171791,0
171891,0
171991,0
172091,0
172191,0
172291,0
172391,0
172491,0
172591,0
172691,0
172791,0
172891,0
172991,0
173091,0
173191,0
173291,0
173391,0
173491,0
173591,0
173691,0
173791,0
173891,0
174024,0
174124,0
174224,0
174324,0
174424,0
174524,0
174624,0
174724,0
174824,0
174924,0
175024,0
175124,0
175224,0
175324,0
175424,0
175524,0
175624,0
175724,0
175824,0
175924,0
176024,0
176124,0
176224,0
176324,0
176424,0
176524,0
176624,0
176724,0
176824,0
176924,0
177125,0
177225,0
177325,0
177425,0
177525,0
177625,0
177725,0
177825,0
177925,0
178079,0
178179,0
178279,0
178379,0
178479,0
178579,0
178679,0
178779,0
178879,0
178979,0
179079,0
179179,0
179279,0
179379,0
179479,0
179579,0
179679,0
179779,0
179879,0
179979,0
180079,0
180179,0
180279,0
180379,0
180480,0
180580,0
180680,0
180780,0
180880,0
180980,0
181080,0
181180,0
181280,0
181380,0
181480,0
181580,0
181680,0
181780,0
181880,0
181980,0
182134,0
182234,0
182348,0
182448,0
182548,0
182751,0
182851,0
182951,0
183051,0
183151,0
183251,0
183351,0
183451,0
183552,0
183652,0
183752,0
183852,0
183952,0
184052,0
184152,0
184252,0
184352,0
184452,0
184552,0
184652,0
184752,0
184852,0
184952,0
185052,0
185152,0
185252,0
185352,0
185452,0
185552,0
185652,0
185752,0
185852,0
185963,0
186063,0
186199,0
186299,0
186399,0
186499,0
186599,0
186699,0
187028,0
187128,0
187228,0
187328,0
187712,542
187812,3093
187912,2996
188012,2986
188112,3049
188212,3010
188312,3059
188412,3103
188512,3044
188612,2986
188712,3084
188812,3040
188912,3064
189012,3074
189112,3103
189212,3093
189312,3030
189412,3064
189512,2864
189612,3059
189712,2986
189812,3030
189912,2981
190012,3044
190112,2991
190212,3084
190312,3059
190412,3079
190512,3069
190612,3079
190712,3030
190812,2903
190912,2986
191012,3044
191112,3088
191212,3074
191312,3074
191412,2878
191512,3079
191612,3093
191766,3010
191866,3025
191966,3010
192066,2961
192166,3044
192266,3015
192366,3069
192466,3118
192566,3084
192666,3015
192766,3025
192866,3074
192966,3064
193067,3069
193269,3074
193369,3020
193469,2947
193569,3118
193669,3103
193769,3103
193869,3103
193973,3088
194073,2869
194173,3054
194273,2903
194373,3040
194473,3059
194573,3084
194673,2971
194774,3084
194874,3123
194974,3118
195074,3088
195174,3093
195274,3069
195374,3074
195474,3054
195574,3074
195674,3059
195843,3044
195943,2986
196043,3079
196143,3093
196243,3074
196343,2898
196443,3128
196543,3054
196643,3103
196743,3059
196843,2878
196943,3049
197043,3108
197143,3098
197243,2898
197343,3064
197443,2864
197543,3040
197643,3079
197743,2971
197843,3084
197945,3044
198045,3113
198145,3000
198245,3040
198345,3108
198445,2932
198545,2883
198645,3084
198847,3084
198947,2956
199047,3000
199147,3108
199247,3064
199347,3049
199447,3079
199547,3088
199647,2898
199747,3049
199917,3084
200017,3108
200117,2986
200217,3010
200317,3044
200417,2981
200517,3093
200617,3093
200717,2942
200817,3015
200918,2922
201018,3093
201118,3049
201218,3059
201318,3088
201418,3044
201518,2942
201618,3069
201718,3010
201818,3088
201918,3000
202018,2971
202118,2952
202218,3064
202318,2976
202418,3000
202518,3064
202618,2947
202718,3069
202818,2937
202918,3044
203018,3103
203118,3093
203218,3069
203318,3049
203418,3030
203518,3049
203618,3030
203718,3044
203819,2976
203991,3098
204091,3093
204294,3093
204394,3059
204494,2922
204594,3074
204694,3074
204794,3020
204894,2971
204994,3079
205094,3074
205194,3093
205294,3098
205394,2996
205494,3059
205594,2947
205694,3074
205794,3084
205894,3030
205995,3079
206095,2956
206195,3108
206295,3054
206395,3000
206495,3079
206595,3137
206695,2947
206795,3084
206895,3035
206995,3059
207095,3074
207195,3030
207295,3074
207395,3079
207495,3020
207595,3103
207695,3113
207795,3113
207895,3074
208064,3084
208164,3084
208264,2937
208364,2952
208464,3084
208564,3088
208664,3088
208764,3010
208864,2932
208964,3079
209064,2991
209164,3103
209264,3088
209364,2942
209464,3108
209564,2981
209664,3084
209764,3088
209864,3088
210081,3088
210166,2991
210266,3074
210366,3093
210466,3044
210566,3049
210666,3093
210766,3093
210866,3010
210966,2956
211066,2976
211166,3010
211266,3044
211366,3044
211466,3074
211566,3040
211666,3005
211766,3035
211866,3030
211966,3005
212136,3074
212236,3084
212336,3079
212436,3025
212536,3035
212636,2854
212736,2956
212836,3064
212936,3040
213036,2976
213136,2947
213236,3074
213336,2947
213436,3079
213536,2996
213636,3074
213736,3108
213836,3054
213936,3015
214036,3030
214136,3010
214236,2898
214336,3025
214436,3059
214536,3079
214636,3088
214736,3084
214836,2878
214936,3064
215036,3000
215136,3010
215236,3093
215336,2898
215436,3079
215536,3123
215738,3123
215838,3088
215938,3084
216038,3064
216211,2903
216311,3040
216411,3054
216511,2893
216611,3093
216711,3098
216811,3069
216911,2893
217011,3069
217111,2961
217211,3113
217311,3098
217411,3084
217511,3098
217611,2908
217711,2971
217811,3079
217911,2922
218011,3079
218112,3098
218212,3079
218312,3108
218412,3005
218512,2922
218612,3079
218712,3035
218812,3084
218912,3044
219012,3093
219112,3054
219212,3132
219312,2981
219412,2976
219512,2888
219612,2952
219712,3084
219812,2937
219912,3084
220012,3113
220112,3118
220281,3020
220381,3069
220481,2922
220581,3030
220681,3118
220781,3084
220881,3079
221083,3084
221184,3088
221284,3084
221384,3108
221484,3113
221584,3113
221684,3054
221784,3015
221884,3069
221984,2849
222084,3025
222184,3108
222284,3000
222384,3074
222484,3093
222584,2952
222684,3010
222784,3069
222884,3084
222984,3064
223084,2961
223184,3113
223284,3113
223384,2986
223484,3049
223584,3084
223684,3093
223784,3103
223884,3108
223984,3128
224084,3108
226643,3108
227011,0
227111,0
227211,0
227311,0
227411,0
227511,0
227611,0
227712,0
227812,0
227912,0
228012,0
228112,0
228212,0
228312,0
228412,0
228512,0
228612,0
228712,0
228914,0
229014,0
229114,0
229214,0
229314,0
229414,0
229514,0
229614,0
229714,0
229814,0
229914,0
230014,0
230114,0
230214,0
230315,0
230415,0
230515,0
230615,0
230715,0
230846,0
230946,0
231046,0
231146,0
231246,0
231346,0
231446,0
231546,0
231646,0
231746,0
231846,0
231946,0
232046,0
232146,0
232246,0
232346,0
232446,0
232546,0
232646,0
232747,0
232847,0
232947,0
233047,0
233147,0
233247,0
233347,0
233447,0
233547,0
233647,0
233747,0
233847,0
233947,0
234047,0
234147,0
234247,0
234347,0
234447,0
234547,0
234647,0
234904,0
235004,0
235104,0
235204,0
235304,0
235404,0
235504,0
235604,0
235704,0
235804,0
235904,0
236004,0
236104,0
236204,0
236304,0
236404,0
236504,0
236604,0
236704,0
236804,0
236904,0
237004,0
237104,0
237204,0
237304,0
237404,0
237504,0
237604,0
237704,0
237804,0
237904,0
238004,0
238104,0
238204,0
238304,0
238404,0
238504,0
238604,0
238704,0
238804,0
238904,0
239004,0
239104,0
239204,0
239304,0
239404,0
239504,0
239604,0
239704,0
239804,0
239904,0
240004,0
240104,0
240204,0
240413,0
240513,0
240613,0
240713,0
240813,0
240913,0
241013,0
241113,0
241213,0
241313,0
241413,0
241513,0
241613,0
241713,0
241813,0
241913,0
242013,0
242113,0
242213,0
242313,0
242413,0
242513,0
242613,0
242713,0
242813,0
242913,0
243045,0
243145,0
243509,0
243614,0
243714,0
243814,0
244003,503
244103,1148
244203,1177
244303,1182
244403,1187
244503,1158
244603,1168
244703,1168
244905,1168
245005,1173
245105,1138
245206,1177
245306,1168
245406,1173
245506,1143
245606,1168
245706,1133
245806,1173
245906,1192
246006,1182
246106,1133
246206,1177
246306,1153
246406,1148
246506,1153
246606,1094
246706,1153
246806,1158
246906,1163
247006,1168
247106,1129
247206,1168
247306,1163
247406,1148
247506,1163
247606,1158
247706,1114
247806,1177
247906,1177
248057,1158
248157,1133
248257,1173
248357,1177
248457,1163
248557,1177
248657,1173
248757,1163
248857,1163
248957,1177
249057,1173
249157,1173
249257,1163
249357,1153
249457,1173
249558,1168
249658,1163
249758,1138
249858,1168
249958,1138
250058,1119
250158,1158
250258,1153
250358,1168
250568,1168
250668,1153
250768,1177
250868,1168
250968,1177
251068,1173
251168,1187
251268,1168
251368,1182
251468,1163
251568,1163
251668,1119
251768,1173
251868,1163
251968,1168
252130,1168
252230,1158
252331,1163
252431,1124
252531,1173
252631,1173
252731,1173
252831,1138
252931,1158
253031,1168
253131,1173
253231,1177
253331,1158
253431,1148
253531,1177
253631,1158
253731,1143
253831,1173
253931,1129
254031,1153
254131,1119
254231,1163
254331,1158
254431,1124
254531,1168
254631,1153
254731,1163
254831,1129
254931,1114
255031,1168
255131,1129
255232,1158
255332,1143
255432,1168
255532,1158
255632,1158
255732,1168
255832,1163
255932,1119
256032,1158
256311,1158
256411,1133
256512,1168
256612,1133
256712,1187
256812,1138
256912,1173
257012,1173
257112,1168
257212,1168
257312,1173
257412,1133
257512,1109
257612,1177
257712,1143
257812,1124
257912,1114
258012,1148
258112,1177
258212,1177
258312,1168
258412,1173
258512,1173
258612,1133
258712,1148
258812,1177
258912,1168
259012,1173
259112,1177
259212,1153
259312,1168
259412,1153
259512,1148
259612,1133
259712,1138
259812,1173
259912,1138
260012,1114
260112,1124
260212,1168
260383,1182
260483,1138
260583,1143
260683,1182
260783,1163
260883,1177
260983,1148
261083,1168
261183,1173
261283,1168
261383,1182
261483,1177
261687,1177
261787,1153
261888,1173
261988,1168
262088,1177
262188,1148
262288,1133
262388,1153
262488,1138
262588,1177
262694,1177
262794,1177
262894,1124
262994,1168
263094,1124
263194,1158
263294,1114
263394,1153
263494,1163
263595,1173
263695,1158
263795,1143
263895,1153
263995,1177
264095,1148
264195,1182
264295,1114
264452,1163
264552,1158
264652,1158
264752,1177
264852,1119
264952,1168
265052,1124
265152,1187
265252,1173
265352,1153
265452,1168
265552,1163
265652,1173
265752,1182
265852,1129
265952,1158
266052,1182
266152,1177
266252,1182
266352,1168
266452,1173
266552,1163
266667,1173
266767,1129
266867,1173
266967,1158
267067,1148
267269,1153
267369,1197
267469,1124
267569,1177
267669,1114
267769,1114
267869,1192
267969,1177
268069,1177
268169,1153
268269,1173
268369,1192
268520,1173
268620,1168
268720,1158
268820,1177
268920,1187
269020,1177
269120,1148
269220,1173
269320,1133
269420,1173
269520,1124
269620,1168
269720,1173
269820,1173
269920,1173
270020,1133
270120,1163
270220,1168
270320,1168
270420,1133
270520,1173
270620,1119
270720,1177
270820,1138
270920,1114
271020,1163
271120,1168
271220,1177
271320,1143
271420,1138
271520,1187
271620,1129
271720,1143
271820,1177
271920,1114
272020,1163
272120,1163
272220,1177
272320,1158
272420,1177
272520,1133
272790,1138
272890,1099
272990,1163
273090,1129
273190,1177
273290,1158
273390,1177
273490,1158
273590,1119
273690,1168
273790,1158
273890,1168
273990,1158
274091,1173
274191,1163
274291,1168
274391,1163
274491,1182
274591,1143
274695,1177
274795,1163
274895,1163
274995,1168
275095,1173
275195,1153
275295,1182
275395,1119
275495,1182
275595,1119
275695,1168
275795,1173
275895,1168
275995,1168
276096,1129
276196,1177
276296,1187
276396,1114
276496,1129
276596,1124
276696,1182
276861,1158
276961,1158
277061,1109
277161,1158
277261,1138
277361,1143
277462,1119
277562,1182
277662,1143
277762,1177
277862,1163
277962,1138
278062,1129
278162,1173
278262,1158
278362,1138
278566,1143
278666,1143
278766,1163
278866,1153
278966,1173
279066,1158
279166,1143
279266,1124
279366,1173
279467,1182
279567,1143
279667,1177
279767,1187
279867,1168
279967,1177
280067,1163
280167,1182
280267,1173
280367,1158
280467,1173
280567,1168
280667,1197
280767,1192
283365,1177
283732,0
283832,0
283932,0
284032,0
284132,0
284232,0
284332,0
284432,0
284532,0
284632,0
284732,0
284832,0
284932,0
285032,0
285132,0
285232,0
285332,0
285432,0
285532,0
285632,0
285732,0
285832,0
285932,0
286032,0
286132,0
286232,0
286437,0
286537,0
286637,0
286737,0
286837,0
286937,0
287037,0
287137,0
287237,0
287337,0
287437,0
287571,0
287671,0
287771,0
287872,0
287972,0
288072,0
288172,0
288272,0
288372,0
288472,0
288572,0
288672,0
288772,0
288872,0
288972,0
289072,0
289172,0
289272,0
289372,0
289472,0
289572,0
289672,0
289772,0
289872,0
289972,0
290072,0
290172,0
290272,0
290372,0
290472,0
290572,0
290672,0
290772,0
290872,0
290972,0
291072,0
291172,0
291272,0
291372,0
291472,0
291625,0
291725,0
291825,0
292028,0
292127,0
292227,0
292327,0
292427,0
292527,0
292627,0
292727,0
292827,0
292927,0
293027,0
293127,0
293227,0
293327,0
293427,0
293527,0
293627,0
293727,0
293827,0
293927,0
294027,0
294127,0
294227,0
294327,0
294427,0
294528,0
294628,0
294728,0
294828,0
294928,0
295028,0
295128,0
295228,0
295328,0
295428,0
295528,0
295676,0
295776,0
295882,0
295982,0
296082,0
296182,0
296282,0
296382,0
296482,0
296582,0
296682,0
296782,0
296882,0
296982,0
297082,0
297182,0
297282,0
297382,0
297482,0
297582,0
297682,0
297883,0
297984,0
298084,0
298184,0
298284,0
298384,0
298484,0
298584,0
298684,0
298784,0
298884,0
298984,0
299084,0
299184,0
299284,0
299384,0
299484,0
299584,0
299744,0
299843,0
299943,0
300279,0
300378,0
300478,0
300578,0
300678,215
300778,239
300878,239
300978,224
301078,219
301178,224
301278,249
301378,283
301478,288
301578,273
301678,254
301778,244
301878,219
301978,234
302078,219
302178,224
302278,244
302379,161
302479,0
302579,0
302679,0
302779,0
302879,0
303082,0
303182,0
303282,0
303382,0
303482,0
303582,0
303682,0
303782,0
303882,0
303982,0
304082,0
304182,0
304305,0
304419,0
304519,0
304619,0
304719,0
305065,0
305165,0
305265,0
305366,0
305466,92
305566,102
305666,97
305766,92
305866,97
305966,97
306066,92
306166,97
306266,97
306366,97
306466,97
306566,97
306666,102
306766,102
306866,92
306966,102
307066,102
307166,97
307266,0
307381,0
307481,0
307581,0
307681,0
307781,0
307986,0
308086,0
308186,0
308286,0
308386,0
308486,0
308586,0
308686,0
308786,0
308886,0
308986,0
309089,0
309204,0
309304,0
309406,0
309506,0
309851,0
309951,0
310051,0
310151,0
310350,513
310450,2673
310550,2697
310650,2693
310750,2702
310850,2693
310950,2561
311050,2707
311150,2658
311250,2605
311350,2697
311450,2683
311550,2693
311650,2693
311750,2678
311851,2658
311951,2678
312051,2649
312254,2653
312354,2590
312454,2517
312554,2619
312654,2683
312754,2644
312854,2639
312954,2678
313054,2653
313154,2668
313254,2658
313354,2683
313454,2688
313554,2663
313654,2649
313754,2658
313854,2605
313954,2561
314054,2673
314155,2688
314255,2634
314402,2683
314502,2683
314602,2668
314702,2693
314802,2688
314902,2614
315002,2526
315102,2570
315202,2517
315302,2507
315411,2600
315511,2688
315611,2688
315711,2688
315811,2683
315911,2683
316011,2683
316111,2541
316211,2658
316311,2663
316411,2629
316511,2673
316611,2673
316711,2600
316811,2688
316911,2688
317011,2693
317111,2609
317211,2683
317312,2697
317412,2663
317512,2693
317612,2673
317712,2585
317812,2697
318014,2693
318114,2649
318214,2688
318314,2663
318469,2531
318569,2580
318669,2497
318769,2702
318869,2531
318969,2688
319069,2697
319169,2702
319269,2541
319383,2541
319483,2595
319583,2683
319683,2653
319783,2683
319883,2688
319983,2624
320083,2658
320183,2536
320283,2668
320384,2590
320484,2653
320584,2678
320684,2683
320784,2697
320884,2688
320984,2517
321084,2683
321184,2717
321284,2536
321384,2683
321484,2658
321584,2634
321684,2653
321784,2600
321884,2693
321984,2697
322084,2683
322184,2600
322284,2658
322384,2693
322538,2673
322637,2580
322737,2678
322837,2644
322937,2688
323037,2600
323137,2697
323339,2702
323439,2702
323539,2634
323639,2663
323739,2541
323840,2531
323940,2673
324040,2551
324140,2531
324240,2595
324340,2663
324440,2683
324540,2673
324640,2683
324740,2541
324840,2673
324940,2683
325040,2683
325140,2693
325240,2634
325340,2663
325440,2570
325540,2663
325640,2663
325740,2600
325840,2688
325940,2683
326040,2507
326140,2683
326240,2658
326340,2512
326440,2536
326609,2600
326709,2600
326809,2556
326909,2580
327009,2688
327109,2683
327209,2712
327309,2541
327412,2565
327512,2688
327612,2688
327712,2678
327812,2536
327912,2683
328012,2697
328112,2712
328212,2634
328312,2683
328412,2570
328512,2673
328612,2575
328712,2649
328812,2717
329018,2712
329118,2595
329218,2693
329318,2644
329418,2551
329518,2649
329618,2683
329718,2683
329818,2609
329918,2565
330018,2663
330118,2673
330218,2673
330318,2561
330418,2683
330518,2673
330681,2688
330781,2653
330881,2688
330981,2600
331081,2707
331181,2668
331281,2600
331383,2595
331483,2688
331583,2707
331683,2693
331783,2658
331883,2673
331983,2614
332083,2575
332183,2673
332283,2663
332383,2683
332483,2678
332583,2688
332683,2668
332783,2683
332883,2556
332983,2551
333083,2683
333184,2688
333284,2649
333384,2678
333484,2683
333584,2678
333684,2688
333784,2668
333884,2644
333984,2585
334084,2688
334184,2668
334284,2497
334384,2644
334484,2678
334584,2653
334861,2658
334961,2683
335062,2653
335162,2658
335262,2678
335362,2668
335462,2609
335562,2678
335662,2619
335762,2688
335862,2551
335962,2683
336062,2683
336162,2668
336262,2678
336362,2575
336462,2653
336562,2668
336662,2668
336762,2580
336862,2678
336962,2526
337062,2668
337162,2561
337262,2517
337362,2678
337462,2663
337562,2678
337662,2624
337762,2585
337862,2702
337963,2546
338063,2629
338163,2683
338263,2605
338363,2673
338463,2678
338563,2531
338663,2658
338763,2531
338931,2526
339031,2546
339131,2570
339231,2683
339331,2658
339431,2512
339531,2697
342117,2673
342336,0
342644,0
342903,0
343154,0
343254,0
343354,0
343454,0
343554,0
343654,0
343754,0
343854,0
343954,0
344054,0
344154,0
344254,0
344354,0
344454,0
344554,0
344654,0
344754,0
344854,0
344954,0
345054,0
345154,0
345254,0
345354,0
345454,0
345554,0
345654,0
345754,0
345854,0
345954,0
346054,0
346155,0
346255,0
346355,0
346461,0
346561,0
346661,0
346761,0
346861,0
346961,0
347061,0
347161,0
347261,0
347361,0
347461,0
347561,0
347661,0
347860,0
347960,0
348060,0
348160,0
348260,0
348360,0
348460,0
348560,0
348660,0
348760,0
348860,0
348960,0
349060,0
349160,0
349260,0
349360,0
349460,0
349560,0
349660,0
349760,0
349860,0
349960,0
350060,0
350160,0
350260,0
350360,0
350460,0
350560,0
350660,0
350760,0
350860,0
350960,0
351060,0
351160,0
351260,0
351360,0
351460,0
351560,0
351660,0
351760,0
351860,0
351960,0
352060,0
352160,0
352260,0
352360,0
352460,0
352560,0
352660,0
352760,0
352860,0
352960,0
353060,0
353160,0
353260,0
353360,0
353460,0
353560,0
353764,0
353864,0
353964,0
354064,0
354164,0
354264,0
354364,0
354464,0
354587,0
354688,0
354788,0
354888,0
354988,0
355088,0
355188,0
355288,0
355395,0
355495,0
355595,0
355695,0
355795,0
355895,0
355995,0
356096,0
356196,0
356296,0
356396,0
356496,0
356596,0
356696,0
356796,0
356896,0
356996,0
357096,0
357196,0
357296,0
357396,0
357496,0
357596,0
357696,0
357796,0
357896,0
357996,0
358096,0
358196,0
358296,0
358396,0
358496,0
358654,0
358754,0
359334,0
359435,0
359535,0
359635,0
359735,122
359835,249
359936,175
360036,166
360136,161
360236,195
360336,156
360436,156
360536,151
360636,180
360736,185
360836,146
360936,117
361036,87
361136,87
361236,92
361336,87
361436,14
361536,0
361636,0
361736,0
361836,0
361936,0
362036,0
362136,0
362236,0
362336,0
362436,0
362536,0
362636,0
362736,0
362836,0
362936,0
363036,0
363136,0
363236,0
363353,0
363473,0
363573,0
363673,0
364217,0
364317,0
364417,0
364517,0
364617,171
364717,200
364817,205
364917,200
365017,195
365117,195
365217,200
365317,200
365417,200
365517,200
365617,195
365717,200
365817,200
365917,195
366017,195
366117,190
366217,195
366317,73
366417,0
366517,0
366617,0
366717,0
366817,0
366917,0
367017,0
367117,0
367217,0
367318,0
367418,0
367518,0
367618,0
367718,0
367818,0
367918,0
368018,0
368118,0
368234,0
368346,0
368446,0
368546,0
368646,0
369155,0
369255,0
369355,0
369455,0
369677,503
369777,503
369878,522
369978,527
370078,532
370178,522
370278,513
370378,503
370478,508
370578,513
370678,518
370778,527
370878,518
370978,527
371078,527
371178,508
371278,518
371378,513
371482,508
371582,493
371682,522
371782,513
371883,513
371983,508
372083,513
372183,518
372283,513
372383,498
372483,518
372583,513
372683,513
372783,513
372883,503
372983,493
373083,488
373183,508
373283,518
373383,498
373483,513
373688,513
373788,508
373888,493
373988,513
374088,513
374188,508
374288,518
374388,513
374488,518
374588,518
374688,508
374788,513
374888,513
374988,518
375088,518
375188,488
375288,503
375388,498
375488,513
375588,503
375688,498
375788,513
375888,513
375988,513
376088,488
376188,513
376288,513
376449,518
376549,508
376649,493
376749,513
376849,513
377218,483
377446,513
377546,513
377646,1138
377746,782
377846,777
378051,777
378151,772
378251,762
378351,733
378451,757
378551,772
378651,777
378752,772
378852,782
378952,777
379052,752
379152,752
379578,782
379615,752
379715,786
379815,777
379915,786
380015,782
380115,782
380215,777
380315,757
380416,791
380516,752
380616,767
380716,752
380816,757
380916,767
381016,777
381116,752
381216,786
381316,782
381416,762
381516,782
381616,786
381716,767
381816,738
381916,772
382016,767
382116,782
382216,782
382316,757
382416,772
382516,742
382616,742
382716,772
382816,772
382916,733
383016,752
383116,757
383216,728
383316,757
383416,757
383516,728
383738,728
383838,718
383938,747
384215,752
384315,733
384415,713
384515,742
384629,738
384729,733
384829,757
384929,752
385345,752
385542,752
385642,0
385742,0
385842,0
385942,0
386042,0
386142,0
386242,0
386342,0
386442,0
386542,0
386642,0
386742,0
386842,0
386942,0
387042,0
387142,0
387243,0
387343,0
387443,0
387543,0
387643,0
387743,0
387843,0
387943,0
388146,0
388246,0
388346,0
388446,0
388546,0
388668,0
388768,0
388868,0
389171,0
389594,0
389694,0
389794,0
389894,0
390127,503
390227,527
390327,527
390427,527
390528,508
390628,503
390728,522
390828,532
390928,522
391028,503
391128,513
391228,527
391328,518
391428,498
391538,518
391638,522
391738,508
391838,503
391938,493
392038,522
392138,527
392238,518
392338,527
392539,527
392639,522
392739,522
392839,522
392939,527
393039,518
393439,513
393541,518
393641,527
393741,522
393841,513
393942,522
394042,522
394142,522
394242,522
394342,527
394442,522
394542,503
394642,522
394742,513
394842,513
394942,527
395042,522
395142,522
395242,513
395342,522
395442,527
395542,522
395642,522
395742,518
395842,532
395942,527
396042,532
396142,527
396242,527
396342,527
396442,527
396542,527
396642,513
396798,527
396898,522
397102,522
399919,527
400228,0
400328,0
400428,0
400528,0
400628,0
400728,0
400828,0
400928,0
401028,0
401128,0
401228,0
401328,0
401428,0
401528,0
401628,0
401728,0
401828,0
401928,0
402028,0
402128,0
402228,0
402328,0
402428,0
402528,0
402628,0
402728,0
402828,0
402928,0
403028,0
403128,0
403228,0
403328,0
403428,0
403528,0
403628,0
403728,0
403828,0
403928,0
404028,0
404128,0
404228,0
404328,0
404428,0
404528,0
404628,0
404832,0
404932,0
405032,0
405132,0
405232,0
405506,0
405606,0
405706,0
405806,0
405906,0
406006,0
406106,0
406206,0
406306,0
406406,0
406506,0
406606,0
406706,0
406806,0
406906,0
407006,0
407106,0
407206,0
407306,0
407406,0
407506,0
407606,0
407706,0
407806,0
407906,0
408006,0
408107,0
408207,0
408307,0
408407,0
408507,0
408607,0
408707,0
408807,0
408907,0
409007,0
409107,0
409207,0
409307,0
409407,0
409507,0
409762,0
409862,0
409962,0
410062,0
410162,0
410262,0
410362,0
410564,0
410664,0
410764,0
410864,0
410964,0
411064,0
411164,0
411264,0
411364,0
411464,0
411564,0
411664,0
411764,0
411864,0
411964,0
412064,0
412164,0
412264,0
412364,0
412464,0
412564,0
412664,0
412764,0
412864,0
412964,0
413064,0
413164,0
413264,0
413364,0
413464,0
413564,0
413664,0
413764,0
413864,0
413964,0
414064,0
414164,0
414264,0
414364,0
414464,0
414564,0
414664,0
414764,0
414864,0
414964,0
415064,0
415164,0
415264,0
415364,0
415464,0
415564,0
415664,0
415764,0
415864,0
415968,0
416068,0
416270,0
416370,0
416503,0
416603,0
416703,0
417029,0
417129,0
417229,0
417329,0
417540,503
417640,738
417740,733
417840,742
417940,752
418040,728
418140,738
418240,747
418340,733
418440,747
418540,723
418640,747
418740,747
418840,738
418940,747
419040,728
419140,713
419240,733
419340,742
419440,723
419540,752
419640,767
419740,762
419840,703
419940,723
420040,723
420140,708
420240,762
420340,733
420440,733
420540,723
420640,752
420844,757
420944,752
421044,713
421144,728
421244,742
421344,742
421444,757
421585,752
421685,728
421785,703
421885,742
421985,742
422085,733
422185,752
422285,742
422385,757
422486,713
422586,747
422686,742
422786,738
422886,757
422986,742
423086,752
423186,762
423286,757
423386,757
423486,738
423586,713
423686,713
423786,738
423886,747
423986,742
424086,742
424186,733
424286,747
424386,742
424486,733
424586,752
424686,762
424786,718
424886,728
424986,723
425086,742
425186,742
425286,757
425387,694
425487,728
425657,757
425757,728
425857,796
425957,752
426057,708
426263,713
426363,733
426463,703
426563,733
426663,698
426763,708
426863,767
426963,801
427063,772
427163,777
427264,659
427422,503
427522,493
427622,474
427722,478
427822,483
427922,498
428289,493
428430,503
428530,498
428630,478
428730,503
428830,488
428930,498
429030,503
429130,498
429230,503
429330,498
429430,488
429530,493
429630,498
429730,493
429830,503
429930,469
430030,483
430130,498
430230,493
430330,503
430430,483
430530,493
430630,474
430730,503
430830,498
431033,498
431133,474
431233,493
431333,498
431490,493
431590,498
431690,498
431790,498
431890,498
431990,503
432090,508
432190,498
432290,498
432390,498
432490,474
432590,503
432690,503
432790,503
432890,503
432990,493
433090,493
433190,493
433290,483
433390,493
433490,498
433590,478
433690,498
433790,43
433890,43
433990,48
434091,48
434191,43
434291,43
434391,43
434491,48
434591,43
434691,43
434791,48
434891,43
434991,43
435091,48
435191,43
435291,43
435391,43
435557,43
435657,43
435757,39
435857,43
435957,43
436057,43
436301,43
436401,39
436501,0
436601,0
436701,0
436801,0
436901,0
437173,0
437273,0
437373,0
437473,0
437573,0
437673,0
437773,0
437873,0
437974,0
438074,0
438174,0
438274,0
438374,0
438474,0
438574,0
438674,0
438774,0
438874,0
438974,0
439074,0
439174,0
439274,0
439374,0
439474,0
439629,0
439729,0
439829,0
439929,0
440029,0
440129,0
440229,0
440329,0
440429,0
440529,0
440629,0
440729,0
440829,0
440929,0
441029,0
441129,0
441229,0
441329,0
441430,0
441530,0
441630,0
441730,0
441930,0
442030,0
442130,0
442230,0
442330,0
442430,0
442530,0
442630,0
442730,0
442830,0
442930,0
443030,0
443130,0
443230,0
443330,0
443430,0
443530,0
443698,0
443798,0
444188,0
444272,0
444372,0
444472,0
444572,469
444764,503
444864,498
444964,454
445064,474
445164,488
445264,478
445364,488
445464,488
445564,464
445664,483
445764,474
445864,483
445964,454
446064,449
446164,469
446264,469
446364,488
446567,488
446667,474
446767,454
446867,474
446967,478
447067,478
447167,478
447267,478
447367,478
447467,469
447567,469
447667,464
447767,474
447867,474
447967,449
448067,488
448167,454
448451,449
448799,478
448899,469
448999,474
449099,469
449354,503
449454,469
449554,498
449654,474
449754,508
449854,469
449954,493
450054,503
450154,469
450254,503
450354,498
450454,503
450554,464
450654,478
450754,498
450854,478
451056,478
451156,503
451256,503
451356,498
451456,488
451556,498
451656,483
451756,488
451870,493
451970,493
452070,498
452170,503
452270,503
452370,488
452470,493
452570,498
452670,493
452770,488
452870,43
452970,43
453070,43
453170,43
453270,43
453370,43
453470,43
453570,43
453670,43
453770,43
453870,43
453970,43
454070,43
454170,48
454270,53
454370,48
454470,48
454571,43
454671,48
454771,43
454871,43
454971,43
455071,39
455171,43
455271,43
455371,43
455471,43
455571,43
455671,43
455771,43
455911,43
456011,43
456111,43
456349,43
458911,43
459011,0
459111,0
459211,0
459311,0
459411,0
459511,0
459611,0
459711,0
459811,0
459964,0
460064,0
460164,0
460264,0
460364,0
460464,0
460564,0
460664,0
460764,0
460864,0
460964,0
461064,0
461164,0
461264,0
461364,0
461464,0
461564,0
461664,0
461764,0
461864,0
461964,0
462064,0
462164,0
462264,0
462364,0
462464,0
462564,0
462664,0
462764,0
462864,0
462964,0
463064,0
463164,0
463264,0
463364,0
463464,0
463564,0
463664,0
463764,0
463864,0
463964,0
464064,0
464492,0
464592,0
464692,0
464792,0
464892,0
464992,0
465092,0
465192,0
465292,0
465392,0
465492,0
465592,0
465692,0
465792,0
465892,0
465992,0
466092,0
466192,0
466292,0
466392,0
466492,0
466592,0
466692,0
466792,0
466892,0
466992,0
467092,0
467192,0
467292,0
467392,0
467492,0
467592,0
467692,0
467792,0
467892,0
467992,0
468092,0
468192,0
468292,0
468392,0
468492,0
468592,0
468692,0
468930,0
469030,0
469130,0
469230,0
469330,0
469430,0
469530,0
469630,0
469730,0
469830,0
469931,0
470134,0
470234,0
470334,0
470434,0
470534,0
470634,0
470734,0
470834,0
470934,0
471034,0
471134,0
471234,0
471334,0
471434,0
471534,0
471634,0
471734,0
471834,0
471934,0
472034,0
472154,0
472254,0
472354,0
472698,0
472783,0
472883,0
472983,0
473083,102
473183,112
473283,117
473383,112
473483,112
473583,112
473683,112
473783,112
473883,112
473984,107
474084,112
474184,112
474284,112
474384,112
474484,107
474584,112
474684,112
474784,112
474884,0
474984,0
475188,0
475288,0
475388,0
475488,0
475588,0
475688,0
475788,0
475888,0
475988,0
476088,0
476188,0
476288,0
476388,0
476488,0
476588,0
476736,0
476851,0
476951,0
477067,0
477167,0
477579,0
477679,0
477779,0
477879,0
477979,454
478080,449
478180,439
478280,449
478380,444
478480,444
478580,434
478680,439
478780,434
478880,439
478980,444
479080,439
479180,434
479280,444
479380,449
479480,454
479580,430
479680,278
479780,0
479880,0
479980,0
480080,0
480180,0
480384,0
480484,0
480584,0
480698,0
480798,0
480898,0
480998,0
481098,0
481198,0
481298,0
481398,0
481498,0
481665,0
481765,0
481865,0
481965,0
482320,0
482420,0
482520,0
482620,0
482819,522
482919,3289
483019,3308
483119,2790
483219,3333
483319,3064
483419,2785
483519,2561
483619,2732
483719,2507
483819,2727
483919,2473
484019,3103
484119,2727
484219,3318
484319,2952
484419,3132
484519,3137
484619,2722
484838,2844
484922,2913
485022,2634
485122,2839
485222,2693
485322,3308
485422,3044
485522,3049
485622,2839
485722,3098
485822,2922
485922,2473
486022,3142
486122,3069
486222,2419
486322,2878
486422,3338
486522,3289
486622,2859
486722,3343
486871,2707
486971,2639
487071,2717
487171,3054
487271,3264
487371,3274
487471,2971
487571,3230
487671,3044
487771,3304
487871,3318
487971,2546
488071,3225
488171,2741
488271,3284
488371,2385
488471,2600
488571,2546
488671,2859
488771,3255
488871,3010
488971,3152
489071,2649
489171,2526
489271,3123
489371,3162
489472,3044
489572,2712
489672,2536
489772,3318
489872,3054
489972,2521
490072,3010
490172,3338
490272,3264
490475,3338
490575,3123
490675,2888
490775,3137
490938,3318
491038,3274
491138,2629
491238,3250
491338,2785
491438,3181
491538,2854
491638,3162
491738,2673
491838,3235
491938,3338
492038,2834
492138,3260
492238,2922
492338,3191
492438,3093
492538,3025
492638,2727
492738,2350
492838,2805
492938,2551
493038,3289
493138,3264
493238,3225
493338,2668
493438,2482
493538,3308
493638,3284
493739,3250
493839,2678
493939,2937
494039,3147
494139,2409
494239,3269
494339,2825
494439,2795
494539,3250
494639,2815
494739,3216
494839,2976
495008,3328
495108,2399
495208,3118
495308,3333
495408,2805
495508,2565
495608,3211
495813,3289
495913,2952
496013,3191
496113,3308
496214,2790
496314,2507
496414,3299
496514,3211
496614,2952
496714,2575
496814,2810
496914,3279
497014,2976
497114,2971
497214,2937
497314,3260
497414,3308
497514,3010
497614,3176
497714,2605
497814,2761
497914,3274
498014,3064
498114,2673
498214,2595
498314,3137
498414,2776
498514,3269
498614,3186
498714,3186
498814,2795
498914,2717
499080,2502
499180,2663
499280,2785
499380,2966
499480,3142
499580,2878
499680,2502
499780,2839
499880,2913
499980,2864
500080,2917
500180,2952
500280,3172
500380,3103
500480,2878
500580,3093
500680,2746
500780,3279
500880,2737
500980,3347
501080,3088
501180,3030
501280,2575
501483,2693
501583,2942
501683,3123
501783,3201
501883,3304
501983,3230
502083,2722
502183,3284
502283,3118
502383,2507
502483,2913
502583,2834
502683,2375
502784,3157
502884,3225
502984,3289
503152,3064
503252,2693
503352,2668
503452,2536
503552,3216
503652,2531
503752,3181
503852,3113
503952,3299
504052,2306
504152,3093
504252,2492
504352,3186
504452,2658
504552,2673
504652,3201
504752,2790
504852,2663
504952,3113
505052,2409
505152,3181
505252,3167
505352,2575
505452,2712
505552,3308
505652,3000
505752,2771
505852,2707
505952,2536
506052,3299
506152,2443
506252,3191
506352,3220
506452,2893
506552,3269
506652,2922
506752,2756
506852,2893
506952,3308
507052,3235
507327,3313
507427,2414
507527,3240
507627,2922
507727,3235
507827,2482
507927,2932
508027,3289
508127,2712
508227,3245
508327,3299
508427,2478
508527,2409
508627,2859
508727,3113
508827,2971
508928,3201
509028,3035
509128,2771
509228,2776
509328,2932
509428,2306
509528,2771
509628,3020
509728,2370
509828,2365
509928,2829
510028,2507
510128,2375
510228,2360
510328,3084
510428,2869
510528,2331
510628,3123
510728,2336
510828,2908
510928,3176
511028,3113
511128,2502
511228,3103
511400,3044
511500,2996
511600,3289
511700,3157
511800,2443
511900,2375
512000,2815
512100,2546
512200,2834
512300,2497
512400,2785
512500,3323
512702,2404
512802,2693
512902,2781
513002,3059
513102,3206
513202,3103
513302,2991
513402,3196
513502,2790
513602,3079
513702,2521
513802,3025
513902,3338
514002,3245
514102,3308
514202,2751
514302,2996
514402,2693
514502,3049
514603,2849
514703,2375
514803,2913
517378,3333
517746,0
518005,0
518256,0
518356,0
518456,0
518556,0
518656,0
518756,0
518856,0
518956,0
519056,0
519156,0
519256,0
519356,0
519456,0
519556,0
519656,0
519756,0
519856,0
519956,0
520056,0
520156,0
520357,0
520457,0
520557,0
520657,0
520757,0
520857,0
520957,0
521057,0
521157,0
521257,0
521357,0
521457,0
521566,0
521666,0
521766,0
521866,0
521966,0
522066,0
522166,0
522266,0
522366,0
522466,0
522566,0
522667,0
522767,0
522867,0
522967,0
523067,0
523167,0
523267,0
523367,0
523467,0
523567,0
523667,0
523767,0
523867,0
523967,0
524067,0
524167,0
524267,0
524367,0
524467,0
524567,0
524667,0
524767,0
524867,0
524967,0
525067,0
525167,0
525267,0
525367,0
525467,0
525621,0
525721,0
525821,0
526025,0
526125,0
526225,0
526325,0
526425,0
526525,0
526625,0
526725,0
526825,0
526925,0
527025,0
527125,0
527225,0
527325,0
527425,0
527525,0
527625,0
527725,0
527825,0
527925,0
528025,0
528125,0
528225,0
528325,0
528425,0
528525,0
528625,0
528726,0
528826,0
528926,0
529026,0
529126,0
529226,0
529326,0
529426,0
529526,0
529676,0
529776,0
529876,0
529976,0
530076,0
530176,0
530276,0
530376,0
530476,0
530576,0
530676,0
530776,0
530876,0
530976,0
531076,0
531176,0
531276,0
531376,0
531476,0
531576,0
531676,0
531879,0
531979,0
532079,0
532179,0
532279,0
532379,0
532480,0
532580,0
532680,0
532780,0
532880,0
532980,0
533080,0
533180,0
533280,0
533380,0
533480,0
533580,0
533749,0
533849,0
533949,0
534296,0
534396,0
534496,0
534596,0
534696,327
534796,376
534896,356
534996,376
535096,371
535196,371
535296,366
535396,371
535496,376
535596,356
535696,376
535796,376
535896,361
535996,356
536096,356
536196,361
536296,351
536396,366
536496,0
536596,0
536696,0
536796,0
536896,0
536996,0
537199,0
537299,0
537413,0
537513,0
537613,0
537713,0
537814,0
537914,0
538014,0
538114,0
538214,0
538381,0
538481,0
538582,0
538682,0
538789,0
539207,0
539307,0
539407,0
539507,0
539718,503
539819,1275
539919,1285
540019,1290
540119,1251
540219,1265
540319,1265
540419,1270
540519,1231
540619,1275
540719,1270
540819,1226
540919,1280
541019,1260
541119,1280
541219,1251
541319,1241
541419,1290
541636,1290
541736,1270
541836,1221
541936,1265
542036,1246
542136,1236
542236,1280
542336,1251
542436,1290
542536,1256
542636,1256
542736,1265
542836,1270
542936,1221
543036,1275
543136,1246
543236,1260
543336,1275
543436,1226
543536,1251
543636,1275
543768,1241
543868,1265
543968,1265
544068,1275
544168,1251
544268,1285
544368,1246
544468,1295
544568,1285
544668,1280
544768,1236
544868,1275
544968,1256
545068,1251
545168,1231
545268,1275
545368,1241
545468,1260
545568,1275
545668,1270
545768,1280
545868,1280
545968,1275
546068,1260
546168,1226
546268,1270
546368,1251
546468,1246
546568,1246
546668,1251
546768,1256
546868,1270
546968,1241
547068,1270
547168,1251
547371,1251
547471,1295
547571,1290
547671,1285
547841,1265
547941,1256
548041,1231
548141,1246
548241,1251
548341,1265
548441,1275
548541,1246
548641,1226
548741,1270
548841,1280
548941,1246
549041,1270
549141,1260
549241,1256
549341,1265
549443,1231
549543,1275
549643,1226
549743,1280
549843,1260
549943,1241
550043,1246
550144,1270
550244,1270
550344,1241
550444,1280
550544,1256
550644,1226
550744,1275
550844,1265
550944,1260
551044,1256
551144,1246
551244,1265
551344,1236
551444,1202
551544,1231
551644,1256
551744,1246
551912,1256
552012,1246
552112,1231
552212,1265
552312,1265
552412,1265
552512,1260
552612,1231
552815,1236
552915,1256
553015,1265
553115,1256
553216,1260
553316,1236
553416,1260
553516,1256
553616,1260
553716,1256
553816,1231
553916,1275
554016,1265
554116,1226
554216,1265
554316,1236
554416,1265
554516,1241
554616,1256
554716,1265
554816,1265
554916,1217
555016,1260
555116,1217
555216,1246
555316,1260
555416,1236
555516,1231
555616,1246
555716,1265
555816,1260
555991,1241
556091,1246
556191,1260
556291,1236
556391,1275
556491,1275
556591,1251
556691,1260
556791,1265
556891,1270
556991,1256
557091,1270
557191,1275
557291,1260
557391,1275
557491,1275
557591,1275
557691,1270
557791,1265
557891,1231
557991,1270
558091,1221
558191,1221
558395,1221
558495,1251
558595,1251
558695,1256
558795,1270
558895,1241
558995,1241
559095,1246
559195,1265
559295,1270
559395,1280
559495,1241
559595,1265
559695,1265
559795,1260
559895,1251
560063,1241
560163,1260
560263,1251
560363,1236
560463,1265
560563,1265
560663,1275
560763,1251
560863,1265
560963,1246
561063,1260
561163,1256
561263,1231
561363,1246
561463,1246
561563,1260
561664,1265
561764,1260
561864,1231
561964,1217
562064,1265
562164,1251
562264,1246
562364,1217
562464,1217
562564,1265
562664,1270
562764,1265
562864,1260
562964,1265
563064,1256
563164,1260
563264,1251
563364,1260
563464,1226
563564,1280
563664,1221
563764,1256
563864,1256
563964,1270
564317,1285
564416,1256
564516,1265
564616,1226
564716,1236
564816,1270
564916,1270
565016,1236
565116,1270
565216,1275
565316,1260
565426,1260
565526,1251
565626,1231
565726,1251
565826,1251
565926,1280
566026,1241
566126,1270
566226,1270
566326,1275
566426,1270
566526,1260
566626,1251
566726,1202
566827,1265
566927,1270
567027,1221
567127,1265
567227,1241
567327,1275
567427,1207
567527,1251
567627,1251
567727,1212
567827,1251
567927,1256
568027,1226
568127,1246
568227,1256
568384,1256
568484,1256
568584,1246
568684,1251
568784,1231
568884,1285
568984,1280
569084,1260
569184,1251
569284,1226
569384,1231
569638,1177
569738,1236
569838,1226
569938,1246
570038,1187
570138,1226
570238,1221
570338,1187
570438,1217
570539,1246
570639,1231
570739,1256
570839,1236
570939,1192
571039,1241
571139,1212
571239,1226
571339,1231
571439,1226
571539,1187
571639,1231
571739,1241
571839,1251
571939,1207
572039,1182
572139,1217
572239,1202
572339,1236
572453,1241
572553,1217
572653,1246
572753,1231
572853,1197
572953,1207
573053,1202
573153,1202
573253,1236
573353,1231
573454,1231
573554,1231
573654,1212
573754,1246
573854,1236
576391,1236
576712,0
576963,0
577063,0
577269,0
577369,0
577469,0
577569,0
577669,0
577769,0
577869,0
577969,0
578069,0
578169,0
578269,0
578369,0
578469,0
578569,0
578669,0
578769,0
578869,0
578969,0
579069,0
579169,0
579269,0
579369,0
579469,0
579569,0
579670,0
579770,0
579870,0
579970,0
580070,0
580170,0
580270,0
580370,0
580470,0
580570,0
580670,0
580770,0
580870,0
580970,0
581070,0
581170,0
581270,0
581370,0
581470,0
581570,0
581670,0
581770,0
581870,0
581970,0
582070,0
582170,0
582270,0
582370,0
582470,0
582571,0
582671,0
582771,0
582871,0
582971,0
583175,0
583275,0
583375,0
583475,0
583575,0
583675,0
583775,0
583875,0
583975,0
584075,0
584175,0
584275,0
584375,0
584475,0
584599,0
584699,0
584799,0
584899,0
584999,0
585099,0
585199,0
585299,0
585399,0
585499,0
585600,0
585700,0
585800,0
585900,0
586000,0
586100,0
586200,0
586300,0
586400,0
586500,0
586600,0
586700,0
586800,0
586900,0
587000,0
587100,0
587200,0
587300,0
587400,0
587500,0
587600,0
587700,0
587800,0
587900,0
588000,0
588100,0
588200,0
588300,0
588400,0
588500,0
588654,0
588862,0
