p:4000,20000,6000,600,8000,4000,2000,8000,65
595,0
695,0
795,0
896,0
996,0
1096,0
1196,0
1296,0
1396,0
1496,0
1596,0
1696,0
1796,0
1896,0
1996,0
2096,0
2196,0
2296,0
2396,0
2496,0
2596,0
2696,0
2796,0
2896,0
2996,0
3096,0
3196,0
3296,0
3396,0
3496,0
3596,0
3696,0
3796,0
3896,0
3996,0
4096,0
4196,0
4296,0
4396,0
4496,0
4596,0
4696,0
4796,0
4896,0
4996,0
5096,0
5196,0
5296,0
5396,0
5496,0
5596,0
5696,0
5796,0
5896,0
5996,0
6096,0
6305,0
6405,0
6505,0
6605,0
6705,0
6805,0
6905,0
7005,0
7105,0
7205,0
7305,0
7405,0
7505,0
7605,0
7705,0
7805,0
7905,0
8005,0
8105,0
8205,0
8305,0
8406,0
8506,0
8606,0
8706,0
8806,0
8906,0
9006,0
9106,0
9206,0
9306,0
9406,0
9506,0
9606,0
9706,0
9806,0
9906,0
10006,0
10106,0
10206,0
10306,0
10406,0
10506,0
10606,0
10706,0
10806,0
10906,0
11006,0
11106,0
11206,0
11307,0
11407,0
11507,0
11607,0
11707,0
11807,0
11907,0
12007,0
12254,0
12354,0
12454,0
12554,0
12654,0
12754,0
12854,0
12954,0
13054,0
13154,0
13254,0
13355,0
13455,0
13555,0
13655,0
13755,0
13855,0
13955,0
14055,0
14155,0
14255,0
14355,0
14455,0
14555,0
14655,0
14755,0
14855,0
14955,0
15065,0
15165,0
15265,0
15365,0
15465,0
15565,0
15665,0
15765,0
15865,0
15965,0
16072,0
16172,0
16272,0
16372,0
16472,2756
16572,3000
16672,2986
16772,2937
16872,2952
16972,2971
17072,2849
17172,2956
17272,2859
17372,2976
17472,2986
17572,2869
17672,2810
17884,2820
17984,3005
18084,3005
18184,3025
18284,2917
18384,2908
18484,3000
18584,3020
18684,2927
18784,2961
18884,2986
18984,2942
19084,2903
19184,2859
19284,2883
19384,3010
19484,3020
19584,2966
19684,3000
19784,2986
19884,2976
19984,3010
20100,3005
20200,2996
20300,2971
20400,2996
20500,2976
20600,2996
20700,2961
20800,3005
20900,2961
21000,3005
21100,2952
21200,2927
21300,2913
21400,2883
21500,2981
21600,2981
21700,3010
21800,2986
21900,2981
22000,2961
22100,3000
22200,2961
22300,2981
22400,2976
22500,3010
22600,2971
22700,3010
22800,2878
22900,2996
23000,3005
23100,2961
23200,3040
23300,3000
23400,3040
23611,3035
23711,2986
23811,2991
23911,2961
24011,3020
24111,3030
24211,2952
24311,3005
24411,3010
24511,3020
24611,3020
24711,2932
24811,3010
24911,3005
25011,3015
25111,2971
25211,2991
25311,3005
25411,2942
25511,3025
25611,3000
25711,3040
25811,2927
25911,2922
26011,2986
26112,2986
26212,2917
26312,2913
26412,2971
26512,2991
26612,3005
26712,2961
26812,3020
26912,3044
27012,3020
27112,3020
27212,2991
27312,3015
27412,3044
27512,3044
27612,3010
27712,3005
27812,2981
27912,3044
28012,3044
28112,2947
28212,3010
28312,3044
28412,3044
28512,2971
28612,3005
28712,2996
28812,3020
28912,2883
29122,2864
29222,3010
29322,3005
29422,3030
29522,3020
29622,3005
29722,3015
29822,3025
29922,2942
30022,3020
30123,2991
30223,2981
30323,3020
30423,2996
30523,2996
30623,3005
30723,2873
30823,2991
30923,2864
31023,2883
31123,2942
31223,3015
31323,3000
31423,2981
31523,2996
31623,2932
31723,2996
31823,2966
31923,3010
32023,3000
32123,3020
32223,2825
32323,2820
32423,2839
32523,2727
32623,2829
32723,2864
32823,2834
32923,2849
33024,2864
33124,2854
33224,2697
33324,2839
33424,2795
33524,2869
33624,2795
33724,2834
33824,2820
33924,2756
34024,2834
34124,2761
34224,2829
34324,2776
34424,2805
34524,2810
34624,2844
34724,2825
34929,2829
35030,2834
35130,2869
35230,2766
35330,2839
35430,2766
35530,2829
35630,2785
35730,2761
35830,2810
35930,2839
36030,2810
36130,2815
36230,2815
36330,2790
36430,2702
36530,2771
36630,2854
36730,2844
36830,2864
36930,2854
37030,2746
37130,2825
37230,2820
37330,2815
37430,2839
37530,2810
37630,2844
37730,2815
37830,2859
37931,2829
38031,2864
38131,2854
38231,2854
38331,2815
38431,2810
38531,2805
38631,2834
38731,2771
38831,2849
38931,2859
39031,2810
39131,2810
39231,2839
39331,2825
39431,2722
39531,2805
39631,2751
39731,2810
39831,2815
39931,2785
40031,2820
40131,2815
40339,2825
40439,2956
40539,2913
40639,2869
40739,2903
40839,2908
40939,2829
41039,2859
41139,2913
41239,2873
41339,2908
41439,2913
41539,2854
41639,2820
41739,2878
41839,2883
41939,2854
42039,2873
42139,2883
42240,2864
42340,2888
42440,2829
42540,2913
42640,2727
42740,2903
42840,2888
42940,2917
43040,2878
43140,2903
43240,2942
43340,2878
43440,2961
43540,2922
43640,2864
43740,2878
43840,2903
43940,2864
44040,2922
44140,2903
44240,2859
44340,2883
44440,2815
44540,2883
44640,2805
44740,2903
44840,2839
44940,2869
45040,2893
45140,2917
45240,2903
45340,2805
45440,2908
45540,2908
45640,2932
45740,2898
45840,2932
45940,2903
46146,2908
46246,2942
46346,2927
46446,2893
46546,2947
46646,2932
46746,2942
46846,2956
46946,2942
47046,2873
47147,2937
47247,2927
47347,2952
47447,2966
47547,2956
47647,2961
47747,2981
47847,2947
47947,2976
48047,2839
48147,2932
48247,3005
48347,2966
48447,2981
48547,2922
48647,2976
48747,2942
48847,2937
48947,2903
49047,2859
49147,2966
49247,2981
49347,2956
49447,2976
49547,2991
49647,2976
49747,2864
49847,2947
49947,2854
50048,2947
50148,2947
50248,2873
50348,2927
50448,2859
50548,2898
50648,2903
50748,2898
50848,2888
50948,2976
51048,2898
51148,2996
51248,2961
51348,2971
51448,2966
51548,2966
51648,3035
51856,3030
51956,2996
52056,3020
52156,2976
52256,2869
52356,3005
52456,2981
52556,2991
52656,2956
52756,2976
52856,3025
52956,2869
53056,2966
53156,2849
53256,2976
53356,2971
53456,2956
53556,3015
53656,2991
53756,2952
53856,2917
53956,2947
54056,3005
54156,2956
54256,2971
54356,2981
54456,3020
54556,3064
54656,3040
54756,2898
54856,2996
54956,2844
57539,2956
57639,0
57739,0
57839,0
57939,0
58039,0
58139,0
58240,0
58340,0
58440,0
58540,0
58640,0
58740,0
58840,0
58940,0
59040,0
59140,0
59240,0
59340,0
59440,0
59540,0
59640,0
59740,0
59943,0
60043,0
60143,0
60243,0
60343,0
60443,0
60544,0
60644,0
60744,0
60844,0
60944,0
61044,0
61144,0
61244,0
61344,0
61444,0
61544,0
61644,0
61744,0
61844,0
61944,0
62044,0
62144,0
62244,0
62344,0
62444,0
62544,0
62644,0
62744,0
62844,0
62944,0
63044,0
63144,0
63244,0
63344,0
63444,0
63544,0
63644,0
63744,0
63844,0
63944,0
64044,0
64144,0
64244,0
64344,0
64444,0
64544,0
64644,0
64744,0
64844,0
64944,0
65044,0
65144,0
65244,0
65344,0
65444,0
65544,0
65780,0
65880,0
65980,0
66080,0
66180,0
66280,0
66380,0
66480,0
66580,0
66680,0
66780,0
66880,0
66980,0
67080,0
67180,0
67280,0
67380,0
67480,0
67580,0
67680,0
67780,0
67880,0
67980,0
68080,0
68180,0
68280,0
68380,0
68480,0
68580,0
68680,0
68780,0
68880,0
68980,0
69080,0
69180,0
69280,0
69380,0
69480,0
69604,0
69704,0
69804,0
69904,0
70004,0
70104,0
70204,0
70304,0
70404,0
70504,0
70604,0
70704,0
70804,0
70904,0
71004,0
71104,0
71204,0
71304,0
71404,0
71504,0
71710,0
71810,0
71910,0
72010,0
72110,0
72210,0
72310,0
72410,0
72510,0
72610,0
72710,0
72810,0
72910,0
73010,0
73110,0
73210,0
73310,0
73410,0
73510,0
73627,0
73728,0
73828,0
73928,0
74028,625
74128,723
74228,733
74328,767
74428,747
74528,733
74628,762
74728,801
74828,777
74928,718
75028,664
75128,703
75228,684
75328,679
75428,659
75528,659
75628,669
75728,640
75828,488
75928,586
76028,537
76128,474
76228,439
76328,498
76428,498
76528,503
76628,503
76728,498
76828,508
76928,493
77028,478
77128,488
77228,508
77328,508
77534,508
77634,513
77734,503
77834,537
77934,620
78034,581
78134,547
78234,483
78334,503
78434,508
78534,562
78635,782
78735,879
78835,909
78935,821
79035,845
79135,772
79235,801
79335,777
79435,733
79535,772
79635,718
79735,791
79835,772
79935,816
80035,904
80135,835
80235,826
80335,811
80435,801
80535,806
80635,791
80735,762
80835,777
80935,786
81035,777
81135,777
81235,723
81335,703
81435,708
81536,698
81637,698
81737,664
81837,640
81937,635
82037,659
82137,689
82237,723
82337,679
82437,708
82537,733
82637,698
82737,674
82946,674
83046,694
83146,698
83246,733
83346,757
83446,767
83546,767
83646,767
83746,762
83846,777
83946,767
84046,747
84146,733
84246,718
84346,733
84446,747
84546,757
84646,767
84746,777
84846,777
84946,786
85046,757
85146,733
85246,752
85346,718
85446,742
85547,757
85648,752
85748,777
85848,757
85948,718
86048,698
86148,689
86248,669
86348,610
86448,518
86548,537
86648,537
86748,542
86848,557
86948,552
87048,552
87148,547
87248,566
87348,581
87448,606
87548,640
87648,777
87748,791
87848,791
87948,777
88048,767
88148,752
88248,767
88348,747
88448,654
88548,669
88754,664
88854,811
88954,777
89054,782
89154,782
89254,777
89354,772
89454,728
89554,752
89669,738
89769,694
89869,620
89969,498
90070,488
90170,498
90270,483
90370,498
90470,508
90570,498
90670,498
90770,498
90870,498
90970,508
91070,498
91170,503
91270,498
91370,503
91470,498
91570,508
91670,503
91770,508
91870,493
91970,498
92070,498
92170,503
92270,493
92370,493
92470,503
92570,498
92670,503
92770,508
92870,508
92971,493
93071,508
93171,503
93271,498
93371,508
93471,498
93571,503
93684,508
93784,488
93884,498
93984,503
94186,503
94286,498
94386,508
94486,508
94586,508
94686,493
94786,493
94886,503
94986,498
95086,488
95186,488
95286,503
95386,498
95486,498
95586,503
95686,508
95787,503
95887,508
95987,503
96087,503
96187,498
96287,508
96387,508
96487,488
96587,503
96687,498
96787,488
96887,508
96987,498
97087,503
97187,498
97287,513
97387,483
97487,498
97587,488
97693,498
97793,493
97893,493
97993,498
98093,498
98193,503
98293,503
98393,508
98493,503
98593,498
98693,503
98793,508
98893,498
98993,503
99093,508
99193,503
99293,503
99393,508
99493,503
99593,503
99693,498
99793,498
100000,503
100100,503
100200,503
100300,503
100400,503
100500,503
100600,508
100700,518
100800,557
100900,591
101000,786
101100,782
101200,762
101300,747
101400,752
101500,772
101600,772
101718,806
101818,830
101918,845
102018,791
102118,786
102218,767
102318,747
102418,767
102518,796
102618,777
102718,786
102818,791
102918,791
103018,777
103118,796
103218,777
103318,772
103418,772
103518,767
103618,782
103718,777
103818,762
103918,762
104018,762
104118,757
104218,757
104318,772
104418,752
104518,762
104619,757
104719,757
104819,742
104919,752
105019,752
105119,752
105219,752
105319,752
105419,733
105519,752
105788,752
105873,674
105973,650
106073,674
106173,762
106273,767
106373,762
106473,777
106573,782
106673,752
106773,777
106873,762
106973,767
107073,742
107173,777
107273,762
107373,772
107473,757
107573,762
107673,757
107773,762
107873,772
107973,752
108073,767
108173,757
108273,762
108374,767
108474,752
108574,762
108674,762
108774,767
108874,757
108974,772
109074,772
109174,767
109274,777
109374,772
109474,757
109574,767
109674,757
109807,767
109907,777
110007,767
110107,767
110208,777
110308,777
110408,757
110508,757
110608,762
110708,762
113274,762
113374,0
113582,0
113682,0
113782,0
113882,0
113982,0
114082,0
114182,0
114282,0
114382,0
114482,0
114582,0
114682,0
114782,0
114882,0
114982,0
115082,0
115182,0
115282,0
115382,0
115482,0
115582,0
115682,0
115782,0
115883,0
115983,0
116083,0
116183,0
116283,0
116383,0
116483,0
116583,0
116683,0
116783,0
116883,0
116983,0
117083,0
117183,0
117283,0
117383,0
117483,0
117583,0
117683,0
117783,0
117883,0
117983,0
118083,0
118183,0
118283,0
118383,0
118483,0
118583,0
118683,0
118784,0
118884,0
118984,0
119084,0
119184,0
119388,0
119488,0
119588,0
119688,0
119788,0
119888,0
119988,0
120088,0
120188,0
120288,0
120388,0
120488,0
120588,0
120688,0
120788,0
120888,0
120988,0
121088,0
121188,0
121288,0
121388,0
121488,0
121588,0
121688,0
121788,0
121888,0
121988,0
122088,0
122188,0
122288,0
122388,0
122488,0
122588,0
122688,0
122788,0
122888,0
122988,0
123088,0
123188,0
123288,0
123388,0
123488,0
123588,0
123688,0
123788,0
123888,0
123988,0
124088,0
124188,0
124288,0
124388,0
124488,0
124588,0
124688,0
124788,0
124888,0
124988,0
125088,0
125188,0
125288,0
125493,0
125593,0
125693,0
125794,0
125894,0
125995,0
126095,0
126195,0
126295,0
126395,0
126495,0
126595,0
126695,0
126795,0
126895,0
126995,0
127095,0
127195,0
127295,0
127395,0
127495,0
127595,0
127695,0
127795,0
127895,0
127995,0
128095,0
128195,0
128295,0
128395,0
128495,0
128595,0
128695,0
128795,0
128896,0
128996,0
129096,0
129196,0
129296,0
129396,0
129496,0
129596,0
129696,0
129814,0
129914,0
130014,0
130114,689
130214,982
130314,987
130414,987
130514,977
130614,982
130714,982
130920,982
131020,938
131120,967
131220,972
131320,987
131420,928
131520,972
131620,953
131720,972
131820,992
131920,967
132020,972
132120,962
132220,982
132320,977
132420,967
132520,957
132620,977
132720,953
132820,967
132920,967
133020,953
133120,962
133220,962
133320,977
133420,938
133520,977
133620,962
133720,977
133822,962
133922,928
134022,967
134122,967
134222,1065
134322,1065
134422,1075
134522,1050
134622,1050
134722,1070
134822,1060
134922,1041
135022,1060
135122,1060
135222,1060
135322,1055
135422,1031
135522,1041
135622,1045
135723,1060
135823,1060
135923,1070
136023,1036
136123,1060
136223,1050
136323,1045
136423,1045
136523,1045
136729,1036
136829,1055
136929,1070
137029,1055
137129,1050
137229,1070
137329,1060
137430,1036
137530,1050
137630,1060
137730,1021
137831,1055
137931,1050
138031,1045
138131,1060
138231,1055
138331,1050
138431,1080
138531,1060
138631,1065
138731,1055
138831,1065
138931,1045
139031,1060
139131,1050
139231,1060
139331,1070
139431,1036
139531,1060
139631,1055
139731,1070
139831,1065
139931,1041
140032,1041
140132,1050
140232,1050
140332,1031
140432,1075
140532,1060
140632,1060
140732,1065
140832,1050
140932,1070
141032,1055
141132,1060
141232,1055
141332,1065
141432,1070
141532,1055
141632,1065
141732,1041
141834,1060
141934,1050
142141,1055
142241,1045
142341,1075
142441,1080
142541,1065
142641,1041
142741,1060
142841,1070
142941,1075
143041,1055
143141,1075
143241,1050
143341,1065
143441,1045
143541,1050
143641,1060
143741,1075
143841,1050
143941,1050
144041,1065
144141,1045
144241,1075
144342,1050
144442,1065
144542,1065
144642,1065
144742,1080
144842,1060
144942,1031
145042,1045
145142,1070
145242,1055
145342,1036
145442,1050
145542,1045
145642,1060
145742,1060
145842,1055
145942,1045
146042,1036
146142,1050
146242,1050
146342,1041
146442,1041
146542,1041
146642,1036
146742,1045
146842,1041
146942,1065
147042,1050
147142,1065
147243,1041
147343,1041
147443,1065
147543,1036
147643,1045
147743,1031
147948,1026
148048,1016
148148,1050
148248,1045
148348,1016
148448,1055
148548,1036
148648,1045
148748,1060
148848,1055
148948,1050
149048,1045
149148,1070
149248,1050
149348,1080
149448,1070
149548,1075
149648,1080
149748,1085
149850,1065
149950,987
150050,1006
150150,1006
150250,997
150350,992
150450,997
150550,1011
150650,997
150750,1011
150850,1006
150950,1006
151050,987
151150,997
151250,997
151350,987
151450,1001
151550,1016
151650,1006
151750,987
151851,972
151951,1016
152051,1001
152151,972
152251,1001
152351,992
152451,992
152551,987
152651,987
152751,987
152851,967
152951,1001
153051,987
153151,992
153251,1011
153351,1001
153451,1011
153551,982
153757,987
153859,987
153959,962
154059,992
154159,997
154259,992
154359,1006
154459,992
154559,1011
154659,1001
154759,967
154859,967
154959,972
155059,987
155159,972
155259,987
155359,992
155459,972
155559,957
155659,957
155759,982
155859,962
155959,1006
156059,987
156160,1001
156260,977
156360,1001
156460,962
156560,967
156660,997
156760,962
156860,948
156960,933
157060,948
157160,943
157260,953
157360,957
157460,938
157560,972
157660,982
157760,953
157868,957
157968,962
158068,943
158168,962
158268,948
158368,943
158468,972
158568,977
158668,987
158768,977
158868,972
159073,977
159173,1026
159273,1021
159373,1016
159473,1006
159574,987
159674,992
159774,972
159874,962
159974,967
160074,948
160174,933
160274,933
160374,938
160474,982
160574,948
160674,957
160774,953
160874,962
160974,987
161074,977
161174,957
161274,982
161374,962
161474,967
161574,987
161674,972
161774,982
161876,962
161976,992
162076,982
162176,997
162276,1085
162376,1085
162476,1085
162576,1045
162676,1031
162776,1026
162876,1060
162976,1060
163076,1041
163176,1065
163276,1065
163376,1085
163476,1045
163576,1065
163676,1060
163776,1021
163876,1065
163976,1060
164076,1075
164176,1070
164276,1065
164376,1050
164476,1080
164576,1045
164676,1065
164881,1065
164981,1036
165081,1055
165181,1065
165281,1070
165381,1065
165481,1070
165581,1050
165681,1065
165781,1045
165882,1036
165982,1041
166082,1050
166182,1045
166282,1075
166382,1060
166482,1055
166582,1050
166682,1075
166782,1060
166882,1041
166982,1060
167083,1050
167183,1065
169801,1050
169901,0
170001,0
170101,0
170201,0
170301,0
170401,0
170501,0
170601,0
170701,0
170801,0
170901,0
171001,0
171101,0
171201,0
171301,0
171401,0
171501,0
171601,0
171701,0
171801,0
171901,0
172001,0
172101,0
172201,0
172301,0
172401,0
172502,0
172602,0
172702,0
172907,0
173007,0
173107,0
173207,0
173307,0
173407,0
173507,0
173607,0
173707,0
173807,0
173907,0
174007,0
174107,0
174208,0
174308,0
174408,0
174508,0
174608,0
174708,0
174808,0
174908,0
175008,0
175108,0
175208,0
175308,0
175408,0
175508,0
175608,0
175708,0
175808,0
175908,0
176008,0
176108,0
176208,0
176308,0
176408,0
176508,0
176608,0
176708,0
176808,0
176908,0
177008,0
177108,0
177208,0
177308,0
177408,0
177508,0
177608,0
177708,0
177808,0
177908,0
178008,0
178108,0
178208,0
178308,0
178408,0
178508,0
178712,0
178812,0
178912,0
179012,0
179112,0
179212,0
179312,0
179412,0
179512,0
179612,0
179712,0
179812,0
179912,0
180012,0
180112,0
180212,0
180312,0
180412,0
180512,0
180612,0
180712,0
180812,0
180912,0
181012,0
181112,0
181212,0
181312,0
181412,0
181512,0
181612,0
181712,0
181812,0
181912,0
182012,0
182112,0
182212,0
182320,0
182420,0
182520,0
182620,0
182720,0
182820,0
182920,0
183020,0
183120,0
183220,0
183320,0
183420,0
183520,0
183620,0
183720,0
183820,0
183920,0
184020,0
184120,0
184220,0
184320,0
184420,0
184624,0
184724,0
184824,0
184924,0
185024,0
185124,0
185224,0
185324,0
185424,0
185524,0
185624,0
185724,0
185824,0
185924,0
186024,0
186124,0
186224,1461
186324,2917
186424,2815
186524,3123
186624,3108
186724,2693
186824,2761
186924,2512
187024,2746
187124,2453
187224,3167
187324,3118
187424,3098
187524,3279
187624,3191
187724,3093
187824,3240
187924,2927
188024,3235
188124,3299
188224,3142
188324,3186
188424,3294
188524,3308
188624,3230
188724,3147
188824,2624
188924,3230
189024,3279
189124,3264
189224,3294
189324,3255
189424,3279
189524,3255
189624,3255
189724,3299
189824,3220
189930,3123
190155,3269
190255,3284
190355,3103
190455,3304
190555,3230
190655,3255
190755,3284
190855,3274
190955,3216
191055,3245
191155,3132
191255,3225
191355,3245
191455,3225
191555,3318
191655,3294
191755,3294
191855,3240
191955,3176
192055,3308
192155,3279
192256,3235
192356,3064
192456,3235
192556,2790
192656,3142
192756,2609
192856,3260
192956,3318
193056,2981
193156,3225
193256,3079
193356,2937
193456,2922
193556,3040
193656,3035
193756,2556
193907,3216
193992,3093
194092,2927
194192,3064
194292,3274
194392,2644
194492,2482
194592,3289
194692,3240
194792,3123
194892,2644
194992,2815
195092,2512
195192,3098
195292,3098
195392,3284
195492,3103
195592,3176
195692,3152
195902,3172
196002,3299
196102,3235
196202,2629
196302,3201
196402,3289
196502,3245
196602,3098
196702,3054
196802,3157
196902,3000
197002,3220
197102,3255
197202,3304
197302,2942
197402,3176
197502,3137
197602,3108
197702,3137
197803,2991
197924,3294
198024,3074
198124,2917
198224,3308
198324,3123
198424,3074
198524,3269
198624,3255
198724,3030
198824,3260
198924,3299
199024,3000
199124,3240
199224,3269
199324,3225
199424,2854
199524,3260
199624,3172
199724,3240
199824,3123
199924,3230
200024,3225
200124,3304
200224,3020
200324,2438
200424,2991
200524,3245
200624,3308
200724,3299
200824,2556
200924,3299
201024,3318
201124,3225
201224,3035
201324,3059
201424,2961
201630,2996
201730,3308
201830,3196
201932,2888
202032,3250
202132,2820
202232,2737
202332,2932
202432,2756
202532,3216
202632,3294
202732,3172
202832,3289
202932,3304
203032,3308
203132,3088
203232,3294
203332,3049
203432,3294
203532,3196
203632,3284
203732,2913
203832,3118
203932,3132
204032,3279
204132,2991
204232,3240
204332,3284
204432,2898
204532,3074
204632,3274
204732,2683
204832,2790
204932,3113
205032,3289
205132,3318
205232,2839
205332,3245
205432,3201
205532,2609
205632,3304
205732,3299
205832,2805
205934,3274
206034,3264
206134,3274
206234,2521
206334,3152
206434,2678
206534,3123
206635,3225
206735,3176
206835,2624
206935,2756
207141,2375
207241,3142
207341,3201
207441,3289
207541,3313
207641,3162
207741,3176
207841,2737
207941,2937
208041,3147
208141,3098
208241,3260
208342,3269
208442,2785
208542,2771
208642,3294
208742,3074
208842,3176
208942,3172
209042,3181
209142,2937
209242,2551
209342,2565
209442,2570
209542,3216
209642,2956
209742,3059
209842,3308
209943,3123
210043,3152
210143,3255
210243,2727
210343,3211
210443,3191
210543,2825
210643,2360
210743,3245
210843,3255
210944,3152
211044,3294
211144,2864
211244,2634
211344,2781
211444,2360
211544,2424
211644,2321
211744,3245
211844,2390
211944,3186
212044,2991
212144,3040
212244,2639
212344,3040
212444,2947
212544,3181
212644,3142
212847,3162
212947,3025
213047,2350
213147,3294
213248,3152
213348,3284
213448,3142
213548,3220
213648,3225
213748,3054
213848,3118
213949,3201
214049,3284
214149,2869
214249,3216
214349,3206
214449,2595
214549,3079
214649,3313
214749,2605
214849,2600
214949,3220
215049,3250
215149,3152
215249,3240
215349,3216
215449,3167
215549,3250
215649,3308
215749,3279
215849,3264
215949,3284
216049,2873
216150,3284
216250,3308
216350,2986
216450,3289
216550,3030
216650,2854
216750,2678
216850,2634
216950,2585
217050,2531
217150,3318
217250,3260
217350,3118
217450,3186
217550,2390
217650,3279
217750,3240
217850,3235
217956,3123
218056,2649
218263,2409
218363,3113
218463,3264
218563,3269
218663,3123
218763,3250
218863,2766
218963,3167
219063,3294
219163,2429
219264,2756
219364,3123
219464,3250
219564,3186
219664,2991
219764,3084
219864,3088
219964,3211
220064,3279
220164,3255
220264,3064
220364,3289
220464,2771
220564,3308
220664,3030
220764,3142
220864,3274
220964,2634
221064,3093
221164,3167
221264,2942
221364,2717
221464,3181
221564,2429
221664,3147
221764,3269
221864,2839
221964,3284
222064,3235
222164,2820
222264,3098
222364,3157
222464,3304
222564,3289
222664,2590
222764,3313
222864,3186
222964,2707
223064,2766
223164,3074
223264,2360
223364,3235
223464,2331
223564,2702
223664,3128
223764,3225
223976,3250
224076,3211
226612,3220
226712,0
226812,0
226912,0
227012,0
227112,0
227212,0
227312,0
227412,0
227512,0
227612,0
227712,0
227812,0
227912,0
228012,0
228112,0
228212,0
228312,0
228412,0
228512,0
228612,0
228712,0
228812,0
228912,0
229012,0
229112,0
229212,0
229312,0
229412,0
229512,0
229612,0
229712,0
229812,0
229912,0
230012,0
230112,0
230212,0
230312,0
230412,0
230512,0
230612,0
230712,0
230812,0
230912,0
231012,0
231112,0
231212,0
231312,0
231412,0
231512,0
231612,0
231712,0
231812,0
231912,0
232119,0
232219,0
232320,0
232420,0
232520,0
232620,0
232720,0
232820,0
232920,0
233020,0
233120,0
233220,0
233320,0
233420,0
233520,0
233620,0
233720,0
233820,0
233920,0
234020,0
234120,0
234220,0
234320,0
234420,0
234520,0
234620,0
234720,0
234820,0
234920,0
235020,0
235120,0
235220,0
235320,0
235420,0
235520,0
235620,0
235720,0
235820,0
235920,0
236020,0
236120,0
236220,0
236320,0
236420,0
236520,0
236620,0
236720,0
236820,0
236920,0
237020,0
237120,0
237220,0
237320,0
237420,0
237520,0
237620,0
237720,0
237820,0
237920,0
238124,0
238224,0
238324,0
238424,0
238524,0
238624,0
238724,0
238824,0
238924,0
239024,0
239128,0
239228,0
239328,0
239428,0
239528,0
239628,0
239728,0
239828,0
239928,0
240028,0
240128,0
240228,0
240328,0
240428,0
240528,0
240628,0
240728,0
240828,0
240928,0
241028,0
241128,0
241228,0
241328,0
241428,0
241528,0
241628,0
241728,0
241828,0
241928,0
242028,0
242128,0
242228,0
242328,0
242428,0
242528,0
242628,0
242732,0
242832,0
242932,0
243032,586
243132,1793
243232,1754
243332,1749
243432,1749
243636,1749
243736,1798
243836,1783
243936,1813
244036,1788
244136,1808
244236,1813
244336,1803
244436,1769
244536,1798
244636,1808
244736,1818
244836,1798
244936,1808
245036,1803
245136,1725
245236,1793
245336,1827
245436,1788
245536,1783
245636,1774
245736,1735
245836,1759
245936,1803
246036,1764
246136,1818
246236,1852
246336,1779
246436,1749
246536,1705
246636,1735
246739,1842
246839,1764
246939,1837
247040,1749
247140,1715
247240,1705
247340,1783
247440,1803
247540,1803
247640,1759
247740,1749
247840,1788
247940,1832
248040,1749
248140,1813
248240,1793
248340,1779
248440,1715
248540,1783
248640,1759
248740,1764
248840,1798
248940,1827
249040,1715
249140,1735
249240,1769
249446,1779
249546,1788
249646,1783
249746,1813
249846,1808
249946,1827
250046,1823
250146,1798
250246,1852
250346,1818
250446,1832
250546,1808
250656,1837
250756,1847
250856,1793
250956,1769
251056,1852
251156,1769
251256,1749
251356,1779
251456,1837
251556,1798
251656,1774
251756,1837
251856,1788
251956,1749
252056,1818
252156,1759
252256,1832
252356,1774
252456,1798
252556,1774
252656,1715
252756,1867
252856,1730
252956,1881
253056,1769
253156,1744
253256,1808
253356,1813
253456,1744
253556,1774
253656,1847
253756,1739
253856,1788
253956,1837
254056,1813
254156,1779
254256,1891
254356,1832
254456,1749
254556,1847
254656,1808
254909,1818
255009,1783
255109,1793
255209,1788
255309,1759
255409,1783
255509,1842
255609,1832
255709,1803
255809,1754
255909,1793
256009,1823
256109,1793
256209,1695
256309,1779
256409,1847
256509,1837
256609,1774
256709,1793
256809,1832
256909,1823
257009,1754
257110,1759
257210,1788
257310,1788
257410,1793
257510,1725
257610,1764
257710,1832
257810,1798
257910,1759
258010,1720
258110,1783
258210,1793
258310,1783
258410,1823
258510,1813
258610,1788
258722,1813
258822,1735
258922,1788
259022,1793
259122,1798
259222,1769
259322,1774
259422,1827
259522,1749
259622,1759
259722,1798
259822,1788
259922,1827
260022,1754
260122,1759
260222,1803
260322,1744
260422,1808
260629,1808
260729,1827
260829,1749
260929,1774
261029,1803
261129,1827
261229,1779
261329,1788
261429,1803
261529,1803
261629,1739
261729,1769
261829,1779
261929,1730
262029,1720
262129,1695
262230,1735
262330,1754
262430,1774
262530,1803
262643,1813
262757,1730
262857,1798
262957,1769
263057,1749
263157,1808
263257,1788
263357,1783
263457,1818
263557,1788
263657,1754
263757,1749
263857,1759
263957,1769
264057,1813
264157,1720
264257,1823
264357,1744
264457,1764
264557,1788
264657,1754
264757,1725
264857,1754
264957,1813
265057,1774
265157,1744
265257,1788
265357,1754
265457,1793
265558,1769
265658,1808
265758,1793
265858,1798
265958,1798
266058,1818
266158,1818
266258,1813
266467,1808
266567,1769
266673,1749
266773,1783
266873,1803
266973,1823
267073,1837
267173,1779
267273,1832
267373,1774
267473,1827
267573,1857
267673,1798
267773,1847
267873,1793
267973,1813
268073,1774
268173,1803
268273,1793
268374,1862
268474,1754
268574,1808
268674,1818
268774,1788
268874,1759
268974,1735
269074,1788
269174,1793
269274,1798
269374,1774
269474,1818
269574,1788
269674,1783
269774,1788
269874,1769
269974,1779
270074,1818
270174,1818
270274,1744
270374,1774
270474,1803
270574,1813
270674,1808
270774,1803
270874,1837
270974,1788
271074,1823
271174,1764
271275,1827
271375,1759
271475,1827
271575,1818
271675,1764
271879,1774
271979,1769
272079,1769
272179,1823
272279,1798
272379,1769
272479,1788
272579,1744
272679,1769
272779,1764
272879,1725
272979,1744
273079,1725
273179,1783
273280,1818
273380,1764
273480,1730
273580,1788
273680,1798
273780,1754
273880,1788
273980,1779
274080,1739
274180,1725
274280,1779
274380,1769
274480,1783
274580,1783
274680,1764
274780,1764
274880,1827
274980,1808
275080,1705
275180,1779
275280,1774
275380,1764
275480,1735
275580,1754
275680,1774
275780,1793
275880,1793
275980,1842
276080,1818
276180,1730
276280,1803
276380,1803
276480,1803
276580,1754
276680,1837
276780,1803
276880,1793
276980,1857
277080,1803
277180,1867
277280,1779
277380,1832
277480,1788
277685,1788
277785,1798
277885,1769
277985,1788
278085,1779
278185,1705
278285,1774
278385,1730
278486,1769
278586,1764
278686,1769
278786,1720
278886,1798
278986,1764
279086,1735
279186,1735
279286,1739
279386,1783
279486,1798
279586,1847
279686,1749
279786,1730
279886,1798
279986,1754
280086,1710
280186,1818
280286,1735
280386,1783
280486,1793
280586,1793
280686,1803
280786,1779
283332,1803
283432,0
283532,0
283632,0
283732,0
283832,0
283932,0
284032,0
284132,0
284232,0
284332,0
284432,0
284532,0
284632,0
284732,0
284832,0
284932,0
285032,0
285132,0
285232,0
285332,0
285537,0
285637,0
285737,0
285837,0
285937,0
286038,0
286138,0
286238,0
286338,0
286438,0
286538,0
286638,0
286738,0
286838,0
286938,0
287038,0
287138,0
287238,0
287338,0
287438,0
287538,0
287638,0
287738,0
287838,0
287938,0
288038,0
288138,0
288238,0
288338,0
288438,0
288538,0
288638,0
288738,0
288838,0
288939,0
289039,0
289139,0
289239,0
289339,0
289439,0
289539,0
289639,0
289739,0
289839,0
289939,0
290039,0
290139,0
290239,0
290339,0
290439,0
290539,0
290639,0
290739,0
290839,0
290939,0
291039,0
291139,0
291239,0
291339,0
291580,0
291680,0
291780,0
291880,0
291980,0
292080,0
292180,0
292280,0
292380,0
292480,0
292580,0
292680,0
292780,0
292880,0
292980,0
293080,0
293180,0
293280,0
293380,0
293480,0
293580,0
293680,0
293780,0
293880,0
293980,0
294080,0
294180,0
294280,0
294380,0
294480,0
294580,0
294680,0
294780,0
294880,0
294980,0
295080,0
295180,0
295280,0
295380,0
295480,0
295580,0
295680,0
295780,0
295880,0
295980,0
296080,0
296180,0
296280,0
296380,0
296480,0
296580,0
296680,0
296780,0
296880,0
296980,0
297080,0
297285,0
297385,0
297485,0
297585,0
297686,0
297786,0
297886,0
297986,0
298086,0
298186,0
298286,0
298386,0
298486,0
298586,0
298686,0
298786,0
298886,0
298986,0
299086,0
299186,0
299286,0
299386,0
299486,0
299595,0
299695,0
299795,0
299895,0
299995,3059
300095,2922
300195,2922
300295,2913
300395,2800
300495,2956
300595,2908
300695,2903
300795,2800
300895,2844
300995,2873
301095,2971
301195,2800
301295,2849
301395,2790
301495,2981
301595,3005
301696,2976
301796,2771
301896,2727
301996,2810
302096,2888
302196,2829
302296,2859
302396,2732
302496,2927
302596,2908
302696,2873
302796,2932
302896,2913
303099,2917
303199,2854
303299,2864
303399,2878
303499,2913
303599,2849
303699,2898
303799,2844
303899,2908
304000,2829
304100,2859
304200,2854
304300,2790
304400,2839
304500,2952
304600,2898
304700,2810
304800,2893
304900,2966
305000,2913
305100,2913
305200,2986
305300,2981
305400,2952
305500,2908
305600,2795
305700,2766
305800,3044
305900,2908
306000,2981
306100,3064
306200,2942
306300,3084
306400,2952
306500,2888
306600,2888
306700,2888
306800,2888
306900,2952
307000,3054
307100,2966
307200,2678
307300,2741
307400,2658
307500,2825
307600,2688
307700,2834
307800,2746
307900,2795
308000,2815
308100,2844
308200,2741
308300,2888
308505,2888
308605,3128
308705,3074
308805,3132
308905,3191
309005,3250
309105,3250
309206,3132
309306,3225
309406,3191
309506,3084
309606,2991
309706,2966
309806,2854
309906,2844
310006,2795
310106,2883
310206,2785
310306,2800
310406,2761
310506,2839
310606,2917
310706,2800
310806,2878
310906,2844
311006,2820
311106,2878
311206,2893
311306,2883
311406,2834
311506,2790
311606,2776
311706,2727
311806,2873
311906,2825
312006,2829
312107,2844
312207,2859
312307,2883
312407,2878
312507,2864
312607,2927
312707,2751
312807,2854
312907,2922
313007,2927
313107,2829
313207,2834
313307,2903
313407,2942
313507,2873
313607,2776
313707,2922
313807,2790
313907,2776
314007,2854
314211,2859
314311,2790
314411,2883
314511,2903
314611,2883
314711,2810
314811,2781
314911,2825
315011,2761
315111,2932
315211,2903
315311,2898
315411,2864
315511,2927
315624,2971
315724,2893
315824,2869
315924,2878
316024,2844
316124,2888
316224,2937
316324,2937
316424,2781
316524,2815
316624,2917
316724,2956
316824,2942
316924,2815
317024,2854
317124,2966
317224,2883
317324,2947
317424,2927
317524,2888
317624,2942
317724,2800
317824,2898
317924,2854
318024,2942
318124,2908
318224,2888
318324,2913
318424,2908
318524,2741
318624,2898
318724,2859
318824,2888
318924,2947
319024,2815
319124,2942
319224,2927
319324,2937
319424,2942
319524,2947
319783,2942
319883,2947
319983,2927
320083,2873
320183,2956
320283,2947
320384,2913
320484,2991
320584,2922
320684,2961
320784,2839
320884,2971
320984,2986
321084,2991
321184,2971
321284,2942
321384,2952
321484,3025
321584,2976
321684,2971
321784,2859
321884,2971
321984,2966
322084,2829
322184,2922
322284,2869
322384,2751
322484,2859
322584,2942
322684,2903
322784,3000
322884,2893
322984,2849
323084,2893
323184,2776
323284,2942
323386,2991
323486,2932
323595,2839
323695,566
323795,444
323895,464
323995,434
324096,464
324196,474
324296,488
324396,478
324496,498
324596,493
324696,483
324796,503
324896,483
324996,483
325096,508
325196,493
325296,488
325499,488
325599,478
325699,488
325799,478
325899,493
325999,488
326099,474
326199,483
326299,503
326400,493
326500,508
326600,493
326700,493
326800,498
326900,493
327000,493
327100,488
327200,503
327300,498
327400,503
327500,498
327600,493
327700,493
327800,478
327900,488
328000,478
328100,493
328200,483
328300,508
328400,459
328500,434
328600,415
328700,439
328800,454
328900,464
329000,454
329100,483
329200,478
329300,469
329400,483
329500,483
329600,478
329700,474
329800,459
329900,434
330000,430
330100,430
330200,425
330300,449
330400,454
330500,454
330600,420
330700,400
330800,400
330900,425
331000,454
331100,464
331301,454
331401,449
331501,410
331601,444
331701,444
331801,474
331901,469
332001,459
332101,449
332201,464
332301,483
332401,459
332502,469
332602,464
332702,469
332802,464
332902,488
333002,488
333102,464
333202,483
333302,469
333402,474
333502,469
333602,478
333702,488
333802,483
333902,459
334002,488
334102,478
334202,478
334302,464
334402,474
334502,488
334602,488
334702,469
334802,488
334902,493
335002,474
335102,493
335202,478
335302,474
335403,459
335503,415
335626,415
335726,449
335826,420
335926,1564
336026,2932
336126,2947
336226,2790
336326,2825
336427,2849
336527,2913
336734,2913
336834,2917
336934,2771
337034,2888
337134,2942
337234,2922
337334,2922
337434,2888
337534,2947
337634,2854
337734,2888
337835,2825
337935,2908
338035,2771
338135,2776
338235,2849
338335,2922
338435,2785
338535,2903
338635,2942
338735,2937
338835,2903
338935,2903
339035,2893
339135,2756
339235,2829
339335,2805
339435,2922
339535,2893
342142,2898
342242,0
342342,0
342443,0
342543,0
342643,0
342743,0
342843,0
342943,0
343043,0
343143,0
343243,0
343343,0
343443,0
343543,0
343643,0
343743,0
343843,0
343943,0
344043,0
344143,0
344243,0
344343,0
344443,0
344543,0
344749,0
344849,0
344949,0
345049,0
345149,0
345249,0
345349,0
345449,0
345549,0
345649,0
345749,0
345849,0
345949,0
346049,0
346149,0
346249,0
346349,0
346449,0
346549,0
346649,0
346749,0
346849,0
346949,0
347049,0
347149,0
347249,0
347350,0
347450,0
347550,0
347650,0
347750,0
347850,0
347950,0
348050,0
348150,0
348250,0
348350,0
348450,0
348550,0
348650,0
348750,0
348850,0
348950,0
349050,0
349150,0
349250,0
349350,0
349450,0
349550,0
349650,0
349750,0
349850,0
349950,0
350050,0
350150,0
350251,0
350351,0
350451,0
350658,0
350758,0
350858,0
350958,0
351058,0
351158,0
351258,0
351358,0
351458,0
351558,0
351659,0
351759,0
351859,0
351959,0
352059,0
352159,0
352259,0
352359,0
352459,0
352559,0
352659,0
352759,0
352859,0
352959,0
353059,0
353159,0
353259,0
353359,0
353459,0
353559,0
353659,0
353759,0
353859,0
353959,0
354059,0
354159,0
354259,0
354359,0
354459,0
354560,0
354660,0
354760,0
354860,0
354960,0
355060,0
355160,0
355260,0
355360,0
355460,0
355560,0
355660,0
355760,0
355860,0
355960,249
356163,259
356263,1124
356363,1129
356463,1133
356563,1148
356663,1133
356763,1119
356864,1124
356964,1153
357064,1129
357164,1133
357264,1129
357364,1143
357464,1133
357564,1143
357664,1153
357764,1119
357864,1148
357964,1114
358064,1129
358164,1148
358264,1158
358364,1129
358464,1114
358564,1114
358664,1143
358764,1133
358864,1124
358964,1114
359064,1119
359164,1129
359264,1148
359364,1119
359464,1143
359564,1133
359664,1143
359764,1153
359864,1168
359964,1124
360064,1163
360164,1153
360264,1143
360364,1158
360464,1153
360564,1163
360664,1148
360764,1129
360864,1153
360964,1153
361064,1114
361164,1163
361264,1119
361364,1138
361464,1158
361564,1133
361664,1143
361764,1158
361966,1158
362066,1173
362166,1153
362266,1133
362366,1138
362466,1133
362566,1124
362667,1114
362767,1114
362867,1153
362967,1163
363067,1114
363167,1153
363267,1119
363367,1163
363467,1119
363567,1158
363667,1129
363767,1163
363867,1158
363967,1129
364067,1138
364167,1114
364267,1129
364367,1099
364467,1163
364567,1158
364667,1153
364767,1119
364867,1138
364967,1129
365067,1138
365167,1168
365267,1129
365367,1138
365467,1114
365568,1148
365668,1168
365768,1177
365868,1143
365968,1114
366068,1104
366168,1119
366268,1133
366368,1153
366468,1148
366568,1133
366668,1124
366768,1148
366868,1153
366968,1138
367068,1158
367168,1158
367268,1168
367368,1138
367468,1143
367733,1143
367833,1143
367933,1153
368033,1114
368133,1138
368233,1129
368333,1158
368433,1148
368533,1173
368633,1133
368733,1094
368833,1173
368933,1158
369033,1148
369133,1133
369233,1177
369333,1148
369433,1104
369533,1114
369633,1124
369733,1148
369833,1129
369933,1104
370033,1143
370134,1153
370234,1158
370334,1148
370434,1148
370534,1124
370634,1153
370734,1163
370834,1124
370934,1177
371034,1124
371134,1182
371234,1158
371334,1124
371434,1177
371534,1168
371634,1148
371734,1148
371834,1138
371934,1153
372034,1138
372134,1114
372234,1138
372334,1138
372434,1158
372534,1129
372634,1124
372734,1153
372834,1158
372934,1153
373035,1124
373246,1124
373346,1148
373446,1133
373547,1119
373647,1124
373747,1177
373847,1148
373947,1148
374047,1163
374147,1133
374247,1119
374347,1099
374447,1138
374547,1104
374647,1109
374747,1177
374847,1153
374947,1129
375047,1163
375147,1148
375247,1163
375347,1163
375447,1114
375547,1138
375647,1133
375754,1158
375854,1177
375954,1163
376054,1109
376154,1153
376254,1158
376354,1133
376454,1133
376554,1143
376654,1148
376754,1138
376854,1163
376954,1148
377054,1148
377154,1153
377254,1133
377354,1119
377454,1133
377554,1153
377654,1153
377754,1124
377854,1148
377954,1138
378054,1124
378155,1173
378255,1153
378355,1153
378455,1124
378555,1114
378655,1094
378755,1089
378855,1163
379063,1163
379163,1158
379264,1148
379364,1143
379464,1153
379564,1104
379664,1153
379764,1153
379864,1153
379964,1133
380064,1143
380164,1119
380264,1114
380364,1138
380464,1124
380564,1138
380664,1148
380764,1173
380864,1129
380964,1104
381064,1133
381164,1168
381264,1148
381364,1104
381464,1158
381564,1133
381664,1124
381764,1158
381864,1133
381964,1153
382064,1148
382164,1168
382264,1163
382364,1119
382464,1129
382564,1158
382664,1133
382764,1173
382864,1158
382964,1153
383064,1173
383164,1138
383264,1173
383364,1138
383464,1173
383564,1148
383664,1143
383764,1133
383864,1143
383964,1138
384064,1129
384164,1148
384368,1143
384468,1143
384568,1138
384668,1129
384768,1173
384868,1182
384968,1168
385068,1173
385168,1138
385268,1163
385368,1148
385468,1158
385568,1114
385668,1192
385768,1148
385868,1129
385968,1148
386068,1163
386168,1124
386268,1143
386368,1153
386468,1099
386568,1143
386668,1129
386768,1129
386868,1153
386968,1138
387068,1143
387168,1129
387268,1163
387368,1153
387468,1143
387568,1124
387668,1148
387768,1158
387868,1143
387968,1158
388068,1163
388168,1148
388268,1163
388368,1133
388468,1163
388568,1153
388668,1153
388768,1173
388868,1143
388968,1133
389068,1119
389168,1173
389268,1153
389368,1133
389468,1143
389568,1163
389668,1168
389768,1173
389868,1138
389968,1173
390173,1173
390273,1163
390373,1148
390473,1182
390573,1148
390673,1173
390773,1114
390873,1153
390973,1158
391073,1153
391173,1138
391273,1158
391373,1148
391473,1138
391573,1148
391673,1163
391773,1168
391873,1104
391973,1153
392073,1148
392173,1163
392273,1158
392373,1124
392473,1129
392573,1143
392673,1133
392773,1129
392873,1168
392973,1148
393073,1148
393174,1143
393274,1153
393374,1138
393474,1158
393574,1124
393674,1133
393774,1168
393874,1133
393974,1138
394074,1168
394174,1158
394274,1138
394374,1148
394474,1158
394574,1143
394674,1148
394774,1163
394874,1143
394974,1148
395074,1168
395174,1153
395274,1143
395374,1124
395474,1138
395574,1173
395674,1133
395936,1133
396036,1158
396136,1138
396236,1153
396336,1138
396436,1138
396536,1168
396636,1168
396736,1119
396836,1129
396936,1143
397036,1119
397136,1153
397236,1138
399772,1138
399872,0
399972,0
400072,0
400172,0
400272,0
400372,0
400472,0
400572,0
400672,0
400772,0
400872,0
400972,0
401072,0
401172,0
401272,0
401372,0
401472,0
401572,0
401672,0
401772,0
401872,0
401972,0
402072,0
402172,0
402272,0
402372,0
402472,0
402572,0
402672,0
402772,0
402872,0
402972,0
403072,0
403172,0
403272,0
403372,0
403472,0
403572,0
403672,0
403877,0
403977,0
404077,0
404177,0
404277,0
404377,0
404477,0
404577,0
404677,0
404777,0
404877,0
404977,0
405078,0
405178,0
405278,0
405378,0
405478,0
405578,0
405678,0
405778,0
405878,0
405978,0
406078,0
406178,0
406278,0
406378,0
406478,0
406578,0
406678,0
406778,0
406878,0
406978,0
407078,0
407178,0
407278,0
407378,0
407478,0
407578,0
407678,0
407778,0
407878,0
407979,0
408079,0
408179,0
408279,0
408379,0
408479,0
408579,0
408679,0
408779,0
408879,0
408979,0
409079,0
409179,0
409279,0
409379,0
409479,0
409684,0
409784,0
409884,0
409984,0
410084,0
410184,0
410284,0
410384,0
410484,0
410584,0
410684,0
410784,0
410884,0
410984,0
411084,0
411184,0
411284,0
411384,0
411484,0
411584,0
411684,0
411784,0
411884,0
411984,0
412084,0
412184,0
412290,0
412390,0
412490,0
412590,0
412690,0
412790,0
412890,0
412990,0
413090,0
413190,0
413290,0
413390,0
413490,0
413590,0
413690,0
413790,0
413890,0
413990,0
414090,0
414190,0
414290,0
414390,0
414490,0
414590,0
414690,0
414790,0
414891,0
414991,0
415091,0
415191,0
415291,0
415391,0
415491,0
415694,0
415793,0
415893,0
415995,0
416095,0
416195,0
416295,117
416395,889
416495,899
416595,904
416695,909
416795,894
416896,894
416996,904
417096,899
417196,874
417296,889
417396,894
417496,889
417596,923
417696,884
417796,918
417896,913
417996,913
418096,913
418196,928
418296,928
418396,933
418496,909
418596,923
418696,948
418796,923
418896,918
418996,909
419096,948
419196,904
419296,889
419396,923
419496,953
419596,948
419696,943
419796,899
419896,923
419996,957
420096,909
420196,933
420296,899
420396,943
420496,967
420596,933
420696,933
420796,904
420896,923
421100,923
421200,948
421300,923
421400,889
421500,923
421600,913
421700,938
421800,938
421900,933
422000,943
422100,953
422200,918
422300,928
422400,928
422500,967
422600,923
422700,923
422800,894
422900,938
423000,928
423100,938
423200,948
423300,913
423400,933
423500,928
423600,923
423700,918
423800,913
423900,938
424005,928
424105,909
424205,928
424305,928
424406,923
424506,957
424606,933
424706,938
424806,957
424906,904
425006,933
425106,909
425206,933
425306,923
425406,957
425506,943
425606,948
425706,933
425806,933
425906,923
426006,928
426106,928
426206,948
426306,923
426406,923
426506,943
426606,909
426706,918
426912,928
427012,918
427112,938
427212,909
427312,913
427412,923
427512,953
427612,948
427712,957
427812,948
427921,913
428021,933
428121,918
428221,938
428321,938
428421,938
428521,923
428621,923
428721,918
428821,943
428921,928
429021,889
429121,928
429221,918
429321,899
429421,899
429521,913
429621,923
429721,894
429821,928
429921,928
430021,928
430121,904
430221,928
430321,899
430422,923
430522,899
430622,909
430722,894
430822,918
430922,948
431022,972
431122,987
431222,967
431322,943
431422,948
431522,953
431622,953
431722,962
431822,933
431922,967
432022,972
432122,948
432331,948
432431,913
432531,928
432631,899
432731,904
432831,928
432931,928
433031,909
433131,943
433231,889
433331,918
433431,894
433531,913
433631,933
433731,909
433831,923
433931,879
434031,938
434131,904
434231,909
434331,913
434432,909
434532,894
434632,928
434732,909
434832,938
434932,928
435032,909
435132,913
435232,884
435332,923
435432,913
435532,909
435632,913
435732,904
435832,918
435932,909
436032,923
436132,943
436232,913
436332,943
436432,933
436532,909
436632,923
436732,928
436832,938
436932,923
437032,923
437132,923
437232,904
437332,953
437432,909
437532,923
437632,928
437732,938
437832,967
437932,933
438139,933
438239,899
438339,909
438439,909
438539,928
438639,904
438739,884
438839,918
438939,923
439040,923
439140,894
439240,923
439340,869
439440,918
439540,948
439640,913
439740,938
439840,918
439940,948
440040,913
440140,948
440240,928
440340,894
440440,928
440540,923
440640,938
440740,938
440840,899
440940,923
441040,909
441140,909
441240,904
441340,933
441440,938
441540,923
441640,909
441740,923
441840,928
441940,933
442040,933
442140,928
442240,899
442340,918
442440,933
442540,918
442640,904
442740,909
442840,918
442940,879
443040,899
443140,879
443240,913
443340,923
443440,923
443540,923
443640,928
443740,904
443960,904
444058,894
444158,889
444258,909
444358,923
444459,909
444559,923
444659,933
444759,913
444859,909
444959,913
445059,923
445159,899
445259,928
445359,938
445459,904
445559,943
445659,918
445759,909
445859,884
445959,904
446059,894
446159,904
446259,865
446359,913
446459,879
446559,909
446659,904
446759,884
446859,889
446959,923
447059,933
447159,899
447259,913
447360,913
447460,879
447560,904
447660,913
447760,909
447860,913
447960,913
448064,909
448164,884
448264,928
448364,913
448464,899
448564,889
448664,913
448764,938
448864,928
448964,913
449064,913
449164,923
449370,923
449470,928
449570,923
449670,928
449770,913
449870,913
449970,948
450070,933
450170,923
450270,909
450370,865
450470,918
450570,918
450670,913
450770,899
450870,894
450970,899
451070,889
451170,909
451270,933
451371,904
451471,904
451571,904
451671,928
451771,913
451871,923
451988,909
452088,894
452188,918
452288,918
452388,909
452488,909
452588,913
452688,918
452788,884
452888,913
452988,913
453088,928
453188,923
453288,909
453388,928
453488,913
453588,913
453688,928
453788,909
453888,918
453988,899
454088,933
454188,894
454288,928
454388,894
454488,874
454588,918
454688,913
454788,899
454888,923
454988,894
455196,899
455296,899
455396,918
455496,938
455596,909
455696,923
455796,938
455896,899
455996,899
456096,928
458640,928
458740,0
458840,0
458940,0
459040,0
459140,0
459240,0
459340,0
459440,0
459540,0
459640,0
459740,0
459840,0
459940,0
460050,0
460150,0
460250,0
460350,0
460450,0
460550,0
460650,0
460750,0
460850,0
460950,0
461050,0
461150,0
461250,0
461350,0
461450,0
461550,0
461650,0
461750,0
461850,0
461950,0
462050,0
462150,0
462251,0
462351,0
462451,0
462551,0
462651,0
462751,0
462851,0
463058,0
463158,0
463258,0
463358,0
463458,0
463558,0
463659,0
463759,0
463859,0
463959,0
464059,0
464159,0
464259,0
464359,0
464459,0
464559,0
464659,0
464759,0
464859,0
464959,0
465059,0
465159,0
465259,0
465359,0
465459,0
465559,0
465659,0
465759,0
465859,0
465959,0
466059,0
466159,0
466259,0
466359,0
466459,0
466560,0
466660,0
466760,0
466860,0
466960,0
467060,0
467160,0
467260,0
467360,0
467460,0
467560,0
467660,0
467760,0
467860,0
467960,0
468060,0
468160,0
468260,0
468360,0
468460,0
468560,0
468660,0
468867,0
468967,0
469067,0
469167,0
469267,0
469367,0
469467,0
469567,0
469667,0
469767,0
469867,0
469967,0
470067,0
470167,0
470267,0
470367,0
470467,0
470567,0
470667,0
470767,0
470867,0
470967,0
471067,0
471168,0
471268,0
471368,0
471468,0
471568,0
471668,0
471768,0
471868,0
471974,0
472089,0
472189,0
472289,0
472389,268
472489,3284
472589,2741
472689,3113
472790,3201
472890,2727
472990,2590
473090,2942
473190,3279
473290,2693
473390,2394
473490,2639
473590,2737
473690,3328
473790,2536
473890,3284
473990,2595
474090,3123
474190,2399
474290,2952
474390,2595
474490,2517
474695,2644
474795,3132
474895,2908
474995,3152
475095,2497
475195,3118
475295,2829
475395,2585
475495,2390
475595,2443
475695,3181
475795,2829
475895,2492
476004,2737
476105,3206
476205,2903
476305,2390
476405,3147
476505,2834
476605,2678
476705,3318
476805,3304
476905,2663
477005,3079
477105,3049
477205,3343
477305,2825
477405,3000
477505,2917
477605,3142
477705,3304
477805,3220
477905,2394
478005,3289
478105,3152
478205,3005
478305,3108
478405,3211
478505,3108
478605,2394
478705,3338
478806,3000
478906,3181
479006,2932
479106,3299
479206,2761
479306,3152
479406,3245
479506,2771
479606,2619
479706,3211
479806,2722
479906,3352
480006,3279
480259,3323
480359,2976
480459,2825
480559,2619
480659,2878
480759,2795
480859,3157
480959,2712
481059,2380
481159,2678
481259,3338
481359,3352
481459,3294
481559,3206
481659,3294
481759,2986
481859,3211
481959,3313
482059,2590
482159,3318
482259,3269
482359,3245
482459,2521
482560,2785
482660,3113
482760,3299
482860,2893
482960,3093
483060,2575
483160,3318
483260,2653
483360,3318
483460,3079
483560,3152
483660,2712
483760,2473
483860,2932
483975,2707
484075,2727
484175,3025
484275,2893
484375,3162
484475,2580
484575,2448
484675,3128
484775,2956
484875,3245
484975,3211
485075,3054
485175,2815
485275,3044
485376,3323
485476,2751
485576,2844
485676,3343
485882,2365
485982,3191
486082,3167
486182,2746
486282,3064
486382,3020
486482,3088
486582,3250
486682,2883
486782,3230
486882,3147
486982,2683
487083,2732
487183,3269
487283,3093
487383,3338
487483,2883
487583,2756
487683,2526
487783,3074
487883,2825
487983,3216
488101,3294
488201,2634
488301,2751
488401,3264
488501,3264
488601,2952
488701,2478
488801,2888
488901,3313
489001,2590
489101,2414
489201,2746
489302,2854
489402,2502
489502,2424
489602,3005
489702,3328
489802,2795
489902,2727
490002,2869
490102,3059
490202,2864
490302,2531
490402,3201
490502,2952
490602,2644
490702,3191
490802,2834
490902,2507
491002,2942
491102,2697
491202,2937
491302,3069
491402,3088
491608,3162
491708,2810
491808,2546
491908,2898
492008,2580
492108,2653
492208,3245
492308,2878
492408,2825
492508,2942
492608,2810
492708,2668
492808,3304
492908,3338
493008,2653
493108,3333
493208,2844
493308,2702
493408,3201
493508,2966
493608,2971
493708,3343
493808,2727
493908,3020
494008,3137
494108,3318
494208,3328
494308,3005
494408,2551
494508,3347
494608,3172
494708,2888
494808,3015
494908,3294
495008,2424
495108,2873
495208,2810
495308,3333
495408,3269
495508,3020
495608,2961
495708,3294
495808,3025
495908,3230
496008,3108
496108,3142
496208,2556
496308,2556
496408,2756
496508,3172
496608,3323
496708,2658
496808,2976
497014,3059
497114,3245
497214,3269
497314,2346
497414,2785
497514,2898
497614,2776
497714,3220
497814,2468
497914,2360
498014,2996
498114,2991
498214,3304
498314,3128
498414,2561
498514,3328
498614,3010
498714,2903
498814,2927
498914,2820
499014,2756
499115,3172
499215,3005
499315,2903
499415,3308
499515,2927
499615,2536
499715,2732
499815,3338
499915,3040
500015,3206
500115,2492
500215,2849
500315,3059
500415,3093
500515,2991
500615,2849
500715,2727
500815,3137
500915,2614
501015,2947
501115,3299
501215,3308
501315,2996
501415,3108
501515,3030
501615,3147
501715,2741
501815,2390
501915,2619
502016,3235
502116,3191
502216,3255
502316,2365
502416,2394
502516,3318
502616,3113
502818,3196
502918,2390
503018,3338
503118,2380
503218,2961
503318,2869
503418,3338
503518,2487
503618,3343
503718,2453
503818,3084
503918,2732
504018,3103
504118,2898
504218,2644
504318,3323
504418,2375
504518,3284
504619,2526
504719,3338
504819,2536
504919,2551
505019,3152
505119,3093
505219,2966
505319,3167
505419,3172
505519,2609
505619,2605
505719,2722
505819,2908
505919,3201
506019,2766
506119,2917
506219,2908
506319,2487
506419,2448
506519,2653
506619,2365
506719,2649
506819,2810
506919,2790
507019,3225
507119,2732
507219,2737
507319,2443
507419,2448
507520,2952
507620,3108
507720,2663
507820,2922
507920,3230
508020,3299
508300,3152
508400,2663
508500,2336
508600,3299
508700,3333
508800,2473
508900,2771
509000,3255
509100,2966
509200,2922
509300,2927
509400,2800
509500,3113
509600,2644
509700,2346
509800,2932
509900,3040
510000,3079
510100,2883
510200,3260
510300,3098
510400,3176
510500,3093
510600,3318
510700,3176
510800,3147
510900,2365
511000,3211
511100,2634
511200,2380
511300,2668
511400,2883
511500,3201
511600,2800
511700,3235
511800,2966
511900,3098
512003,3162
512103,2976
512203,3279
512303,2409
512403,3284
512503,2639
512603,3015
512703,3176
512803,2575
512903,2521
513003,2942
513103,2927
513203,2864
513303,2580
513403,2829
513503,3211
513603,3020
513703,2717
513803,3240
514009,3284
514109,2942
514209,2917
514309,2429
514409,2996
514509,3098
517126,3142
517226,0
517326,0
517426,0
517526,0
517626,0
517726,0
517826,0
517926,0
518026,0
518126,0
518226,0
518326,0
518426,0
518526,0
518626,0
518726,0
518827,0
518927,0
519027,0
519127,0
519227,0
519327,0
519427,0
519527,0
519627,0
519727,0
519827,0
519927,0
520027,0
520127,0
520227,0
520327,0
520427,0
520527,0
520627,0
520727,0
520827,0
520927,0
521027,0
521127,0
521227,0
521327,0
521427,0
521527,0
521627,0
521728,0
521828,0
521928,0
522028,0
522233,0
522333,0
522433,0
522533,0
522633,0
522733,0
522833,0
522933,0
523033,0
523133,0
523233,0
523333,0
523433,0
523533,0
523633,0
523734,0
523834,0
523934,0
524034,0
524134,0
524234,0
524334,0
524434,0
524534,0
524634,0
524734,0
524834,0
524934,0
525034,0
525134,0
525234,0
525334,0
525434,0
525534,0
525634,0
525734,0
525834,0
525934,0
526034,0
526134,0
526234,0
526334,0
526434,0
526534,0
526635,0
526735,0
526835,0
526935,0
527035,0
527135,0
527235,0
527335,0
527435,0
527535,0
527635,0
527735,0
527835,0
527935,0
528035,0
528240,0
528340,0
528440,0
528540,0
528640,0
528740,0
528840,0
528940,0
529040,0
529140,0
529240,0
529340,0
529440,0
529540,0
529643,0
529743,0
529843,0
529943,0
530043,0
530143,0
530243,0
530343,0
530443,0
530543,0
530643,0
530743,0
530843,0
530944,0
531044,0
531144,0
531244,0
531344,0
531444,0
531544,0
531644,0
531744,0
531844,0
531944,0
532044,0
532144,0
532244,0
532344,0
532444,0
532544,0
532644,0
532744,0
532844,0
532944,0
533044,0
533144,0
533248,0
533348,0
533448,0
533548,171
533751,185
533851,1407
533951,1402
534051,1407
534151,1363
534251,1378
534351,1412
534451,1378
534551,1407
534651,1392
534751,1378
534851,1407
534951,1392
535051,1397
535151,1402
535251,1407
535351,1388
535451,1363
535552,1378
535652,1348
535752,1373
535852,1397
535952,1378
536052,1378
536152,1368
536252,1402
536352,1388
536452,1407
536552,1383
536652,1383
536752,1383
536852,1392
536952,1363
537052,1383
537152,1363
537252,1392
537352,1388
537452,1378
537552,1368
537652,1407
537752,1368
537852,1378
537952,1402
538052,1407
538152,1446
538252,1436
538352,1441
538452,1427
538552,1446
538652,1441
538752,1383
538852,1304
538952,1358
539052,1412
539152,1436
539252,1436
539352,1451
539558,1451
539658,1456
539758,1446
539858,1422
539958,1417
540058,1446
540158,1422
540258,1412
540358,1441
540459,1412
540559,1397
540659,1402
540759,1407
540859,1432
540959,1461
541059,1417
541170,1456
541270,1436
541370,1427
541470,1427
541570,1427
541670,1915
541770,1920
541870,1837
541970,1862
542070,1857
542170,1847
542270,1871
542370,1906
542470,1832
542570,1862
542670,1876
542770,1901
542870,1896
542970,1852
543070,1881
543170,1901
543270,1837
543370,1871
543470,1871
543570,1867
543670,1935
543770,1847
543870,1862
543970,1886
544070,1842
544171,1896
544271,1857
544371,1886
544471,1881
544571,1867
544671,1827
544771,1867
544871,1901
544971,1886
545071,1862
545359,1896
545459,1827
545559,1857
545659,1886
545759,1891
545859,1862
545959,1862
546059,1886
546159,1857
546259,1891
546359,1881
546459,1862
546560,1881
546660,1876
546760,1862
546860,1896
546960,1896
547060,1911
547160,1842
547260,1881
547360,1867
547460,1808
547560,1871
547660,1847
547760,1876
547860,1881
547960,1798
548060,1901
548160,1915
548260,1886
548360,1911
548460,1886
548560,1852
548660,1852
548760,1852
548860,1891
548960,1886
549060,1867
549170,1867
549270,1827
549370,1852
549470,1886
549570,1837
549670,1940
549770,1779
549870,1837
549970,1847
550070,1886
550170,1867
550270,1832
550370,1876
550470,1837
550571,1891
550777,1891
550877,1837
550977,1857
551077,1911
551177,1881
551277,1876
551377,1867
551477,1886
551577,1871
551677,1871
551777,1911
551877,1896
551977,1881
552077,1925
552177,1896
552278,1823
552378,1906
552478,1891
552578,1827
552678,1906
552778,1871
552878,1857
552978,1862
553078,1871
553178,1896
553278,1813
553378,1920
553478,1847
553578,1842
553678,1867
553778,1862
553878,1901
553978,1876
554078,1852
554178,1886
554278,1871
554378,1881
554478,1906
554578,1827
554678,1862
554778,1847
554878,1896
554978,1881
555078,1862
555179,1901
555279,1857
555379,1862
555479,1906
555579,1867
555679,1881
555779,1847
555879,1901
555979,1842
556079,1896
556179,1911
556279,1925
556379,1886
556585,1886
556685,1876
556785,1857
556886,1867
556986,1876
557086,1881
557186,1871
557286,1862
557386,1847
557486,1871
557586,1881
557686,1876
557786,1891
557886,1881
557986,1881
558086,1891
558186,1862
558286,1867
558386,1891
558486,1901
558586,1876
558686,1886
558786,1886
558886,1881
558986,1896
559086,1901
559186,1847
559286,1876
559386,1896
559486,1906
559586,1837
559686,1881
559787,1886
559887,1896
559987,1862
560087,1886
560187,1881
560287,1876
560387,1847
560487,1871
560587,1911
560687,1881
560787,1896
560887,1886
560987,1906
561087,1901
561187,1867
561287,1891
561387,1857
561487,1842
561587,1920
561687,1847
561787,1891
561991,1891
562091,1867
562191,1896
562291,1867
562391,1891
562491,1876
562591,1896
562691,1886
562791,1823
562891,1935
562991,1891
563091,1876
563191,1901
563291,1935
563391,1896
563491,1891
563591,1920
563691,1911
563791,1906
563891,1871
563991,1876
564091,1876
564191,1857
564291,1896
564391,1896
564491,1906
564591,1852
564691,1906
564791,1871
564891,1886
564992,1891
565092,1896
565192,1871
565292,1876
565392,1832
565492,1925
565592,1901
565692,1906
565792,1876
565892,1876
565992,1867
566092,1915
566192,1881
566292,1886
566392,1896
566492,1896
566592,1886
566692,1881
566792,1915
566892,1867
566992,1945
567092,1857
567192,1896
567292,1915
567392,1906
567492,1920
567592,1915
567799,1915
567899,1881
567999,1881
568099,1906
568199,1955
568299,1896
568399,1857
568499,1852
568599,1891
568699,1911
568799,1891
568899,1906
568999,1862
569099,1876
569199,1871
569299,1857
569399,1876
569499,1847
569600,1842
569700,1906
569800,1876
569900,1886
570000,1876
570100,1876
570200,1920
570300,1827
570400,1920
570500,1901
570600,1871
570700,1847
570800,1862
570900,1920
571000,1847
571100,1915
571200,1813
571300,1857
571400,1915
571500,1867
571600,1842
571700,1891
571800,1915
571900,1881
572000,1881
572100,1871
572200,1901
572300,1881
572400,1862
572500,1901
572600,1925
572700,1881
572800,1906
572900,1871
573000,1920
573100,1867
573200,1857
573300,1906
573560,1891
576115,1911
576215,0
576315,0
576415,0
576515,0
576615,0
576715,0
576815,0
576915,0
577015,0
577115,0
577215,0
577315,0
577415,0
577543,0
577643,0
577743,0
577843,0
577943,0
578043,0
578143,0
578243,0
578343,0
578443,0
578543,0
578643,0
578743,0
578843,0
578944,0
579044,0
579144,0
579244,0
579344,0
579444,0
579544,0
579644,0
579744,0
579844,0
579944,0
580044,0
580144,0
580244,0
580344,0
580444,0
580544,0
580644,0
580744,0
580844,0
580944,0
581044,0
581144,0
581244,0
581344,0
581587,0
581687,0
581787,0
581888,0
581988,0
582088,0
582188,0
582288,0
582388,0
582488,0
582588,0
582688,0
582788,0
582888,0
582988,0
583088,0
583188,0
583288,0
583388,0
583488,0
583588,0
583688,0
583788,0
583888,0
583988,0
584088,0
584188,0
584288,0
584388,0
584488,0
584588,0
584688,0
584788,0
584888,0
584988,0
585088,0
585188,0
585288,0
585388,0
585488,0
585588,0
585688,0
585788,0
585888,0
585988,0
586088,0
586188,0
586288,0
586388,0
586488,0
586588,0
586688,0
586788,0
586888,0
586988,0
587088,0
587188,0
587390,0
587490,0
587590,0
587691,0
587791,0
587891,0
587991,0
588091,0
588191,0
588291,0
588391,0
588491,0
588591,0
