p:4000,20000,6000,600,8000,4000,2000,8000,70
15079,0,0
15179,0,0
15279,0,0
15379,0,0
15479,0,0
15579,0,0
15679,0,0
15779,0,0
15879,0,0
15979,0,0
16079,0,0
16179,0,0
16279,0,0
16379,0,0
16479,0,0
16579,0,0
16679,0,0
16779,0,0
16879,0,0
16979,0,0
17079,0,0
17179,0,0
17279,0,0
17379,0,0
17479,0,0
17579,0,0
17679,0,0
17779,0,0
17879,0,0
17979,0,0
18079,0,0
18179,0,0
18279,0,0
18379,0,0
18479,0,0
18579,0,0
18679,0,0
18779,0,0
18879,0,0
18979,0,0
19077,0,0
19177,0,0
19277,0,0
19377,0,0
19477,0,0
19577,0,0
19677,0,0
19777,0,0
19877,0,0
19977,0,0
20077,0,0
20177,0,0
20277,0,0
20377,0,0
20477,0,0
20577,0,0
20677,0,0
20777,0,0
20877,0,0
20977,0,0
21077,0,0
21177,0,0
21277,0,0
21377,0,0
21477,0,0
21577,0,0
21677,0,0
21777,0,0
21877,0,0
21977,0,0
22077,0,0
22177,0,0
22277,0,0
22377,0,0
22477,0,0
22577,0,0
22677,0,0
22777,0,0
22877,0,0
22977,0,0
23077,0,0
23175,0,0
23275,0,0
23375,0,0
23475,0,0
23575,0,0
23675,0,0
23775,0,0
23875,0,0
23975,0,0
24075,0,0
24175,0,0
24275,0,0
24375,0,0
24475,0,0
24575,0,0
24675,0,0
24775,0,0
24875,0,0
24975,0,0
25075,0,0
25175,0,0
25275,0,0
25375,0,0
25475,0,0
25575,0,0
25675,0,0
25775,0,0
25875,0,0
25975,0,0
26075,0,0
26175,0,0
26275,0,0
26375,0,0
26475,0,0
26575,0,0
26675,0,0
26775,0,0
26875,0,0
26975,0,0
27075,0,0
27173,0,0
27273,0,0
27373,0,0
27473,0,0
27573,0,0
27673,0,0
27773,0,0
27873,0,0
27973,0,0
28073,0,0
28173,0,0
28273,0,0
28373,0,0
28473,0,0
28573,0,0
28673,0,0
28773,0,0
28873,0,0
28973,0,0
29073,0,0
29173,0,0
29273,0,0
29373,0,0
29473,0,0
29573,0,0
29673,0,0
29773,0,0
29873,0,0
29973,0,0
30073,0,0
30173,0,0
30273,0,0
30373,0,0
30473,0,0
30573,0,0
30673,0,0
30773,0,0
30873,0,0
30973,0,0
31073,0,0
31169,0,0
31269,0,0
31369,0,0
31469,0,0
31569,0,0
31669,0,0
31769,0,0
31869,0,0
31969,0,0
32069,0,0
32169,0,0
32269,0,0
32369,0,0
32469,0,0
32569,0,0
32669,0,0
32769,0,0
32869,0,0
32969,0,0
33069,0,0
33169,0,0
33269,0,0
33369,0,0
33469,0,0
33581,0,0
33681,0,0
33781,0,0
33881,0,0
33981,0,0
34095,0,0
34195,0,0
34295,0,0
34395,0,0
34495,0,0
34595,0,0
34695,0,0
34795,0,0
34895,0,0
34995,0,0
35095,0,0
35195,0,0
35293,0,0
35393,0,0
35493,0,0
35593,0,0
35693,0,0
35793,0,0
35893,0,0
35993,0,0
36093,0,0
36193,0,0
36293,0,0
36393,0,0
36493,0,0
36593,0,0
36693,0,0
36793,0,0
36894,0,0
36994,0,0
37094,0,0
37194,0,0
37294,0,0
37394,0,0
37494,0,0
37594,0,0
37694,0,0
37794,0,0
37894,0,0
37994,0,0
38094,0,0
38194,0,0
38294,0,0
38394,0,0
38494,0,0
38594,0,0
38694,0,0
38794,0,0
38894,0,0
38994,0,0
39094,0,0
39194,0,0
39292,0,0
39392,0,0
39492,0,0
39592,0,0
39692,0,0
39793,0,0
39893,0,0
39993,0,0
40093,0,0
40193,0,0
40293,0,0
40393,0,0
40493,0,0
40593,0,0
40693,0,0
40793,0,0
40893,0,0
40993,0,0
41093,0,0
41193,0,0
41293,0,0
41393,0,0
41493,0,0
41593,0,0
41693,0,0
41793,0,0
41893,0,0
41993,0,0
42093,0,0
42193,0,0
42293,0,0
42393,0,0
42493,0,0
42593,0,0
42693,0,0
42793,0,0
42893,0,0
42993,0,0
43093,0,0
43193,0,0
43291,0,0
43391,0,0
43491,0,0
43591,0,0
43691,0,0
43791,0,0
43891,0,0
43991,0,0
44091,0,0
44191,0,0
44291,0,0
44391,0,0
44491,0,0
44591,0,0
44691,0,0
44791,0,0
44891,0,0
44991,0,0
45091,0,0
45191,0,0
45291,0,0
45391,0,0
45491,0,0
45591,0,0
45691,0,0
45791,0,0
45891,0,0
45991,0,0
46091,0,0
46191,0,0
46291,0,0
46391,0,0
46491,0,0
46591,0,0
46691,0,0
46791,0,0
46891,0,0
46991,0,0
47091,0,0
47191,0,0
47288,0,0
47388,0,0
47488,0,0
47588,0,0
47688,0,0
47788,0,0
47888,0,0
47988,0,0
48088,0,0
48188,0,0
48288,0,0
48388,0,0
48488,0,0
48588,0,0
48688,0,0
48788,0,0
48888,0,0
48988,0,0
49088,0,0
49188,0,0
49288,0,0
49388,0,0
49488,0,0
49588,0,0
49688,0,0
49788,0,0
49888,0,0
49988,0,0
50088,0,0
50188,0,0
50288,0,0
50388,0,0
50488,0,0
50588,0,0
50688,0,0
50788,0,0
50888,0,0
50988,0,0
51088,0,0
51188,0,0
51286,0,0
51386,0,0
51486,0,0
51586,0,0
51686,0,0
51786,0,0
51886,0,0
51986,0,0
52086,0,0
52186,0,0
52286,0,0
52386,0,0
52486,0,0
52586,0,0
52686,0,0
52786,0,0
52886,0,0
52986,0,0
53086,0,0
53186,0,0
53286,0,0
53386,0,0
53486,0,0
53586,0,0
53686,0,0
53786,0,0
53886,0,0
53986,0,0
54086,0,0
54186,0,0
54286,0,0
54386,0,0
54486,0,0
54586,0,0
54686,0,0
54786,0,0
54886,0,0
54986,0,0
55086,0,0
55186,0,0
55286,0,0
55386,0,0
55486,0,0
55586,0,0
55686,0,0
55786,0,0
55886,0,0
55986,0,0
56086,0,0
56186,0,0
56286,0,0
56386,0,0
56486,0,0
56586,0,0
56686,0,0
56786,0,0
56886,0,0
56986,0,0
57086,0,0
57186,0,0
57286,0,0
57386,0,0
57486,0,0
57586,0,0
57686,0,0
57786,0,0
57886,0,0
57986,0,0
58086,0,0
58186,0,0
58286,0,0
58386,0,0
58486,0,0
58586,0,0
58686,0,0
58786,0,0
58886,0,0
58986,0,0
59086,0,0
59186,0,0
59286,0,0
59386,0,0
59486,0,0
59586,0,0
59686,0,0
59786,0,0
59886,0,0
59986,0,0
60086,0,0
60186,0,0
60286,0,0
60386,0,0
60486,0,0
60586,0,0
60686,0,0
60786,0,0
60886,0,0
60986,0,0
61086,0,0
61186,0,0
61286,0,0
61386,0,0
61486,0,0
61586,0,0
61686,0,0
61786,0,0
61886,0,0
61986,0,0
62086,0,0
62186,0,0
62286,0,0
62386,0,0
62486,0,0
62586,0,0
62686,0,0
62786,0,0
62886,0,0
62986,0,0
63086,0,0
63186,0,0
63286,0,0
63386,0,0
63486,0,0
63586,0,0
63686,0,0
63786,0,0
63886,0,0
63986,0,0
64086,0,0
64186,0,0
64286,0,0
64386,0,0
64486,0,0
64586,0,0
64686,0,0
64786,0,0
64886,0,0
64986,0,0
65086,0,0
65186,0,0
65286,0,0
65386,0,0
65486,0,0
65586,0,0
65686,0,0
65786,0,0
65886,0,0
65986,0,0
66086,0,0
66186,0,0
66286,0,0
66386,0,0
66486,0,0
66586,0,0
66686,0,0
66786,0,0
66886,0,0
66986,0,0
67086,0,0
67186,0,0
67286,0,0
67386,0,0
67486,0,0
67586,0,0
67686,0,0
67786,0,0
67886,0,0
67986,0,0
68086,0,0
68186,0,0
68286,0,0
68386,0,0
68486,0,0
68586,0,0
68686,0,0
68786,0,0
68886,0,0
68986,0,0
69086,0,0
69186,0,0
69286,0,0
69386,0,0
69486,0,0
69586,0,0
69686,0,0
69786,0,0
69886,0,0
69986,0,0
70086,0,0
70186,0,0
70286,0,0
70386,0,0
70486,0,0
70586,0,0
70686,0,0
70786,0,0
70886,0,0
70986,0,0
71086,0,0
71186,0,0
71286,0,0
71386,0,0
71486,0,0
71586,0,0
71686,0,0
71786,0,0
71886,0,0
71986,0,0
72086,0,0
72186,0,0
72286,0,0
72386,0,0
72486,0,0
72586,0,0
72686,0,0
72786,0,0
72886,0,0
72986,0,0
73086,0,0
73186,0,0
73286,0,0
73386,0,0
73486,0,0
73574,0,0
73674,0,0
73774,0,0
73874,0,0
73974,0,0
74074,0,0
74398,0,0
74498,0,1
74598,0,1
74698,0,1
74798,0,1
74898,0,1
74998,0,1
75098,0,1
75198,0,1
75298,0,1
75398,0,1
75498,0,1
75598,0,1
75698,0,1
75798,0,1
75898,0,1
75998,0,1
76098,0,1
76198,0,1
76298,0,1
76398,0,1
76498,0,1
76598,0,1
76698,0,1
76798,0,1
76898,0,1
76998,0,1
77098,0,1
77198,0,1
77298,0,1
77398,0,1
77498,0,1
77596,0,1
77696,0,1
77796,0,1
77896,0,1
77996,0,1
78096,0,1
78196,0,1
78296,0,1
78424,0,0
78524,0,0
78624,0,0
78724,0,0
78824,0,0
78924,0,0
79024,0,0
79124,0,0
79224,0,0
79324,0,0
79424,0,0
79524,0,0
79624,0,0
79724,0,0
79824,0,0
79924,0,0
80024,0,0
80124,0,0
80224,0,0
80324,0,0
80424,0,0
80524,0,0
80624,0,0
80724,0,0
80824,0,0
80924,0,0
81024,0,0
81124,0,0
81224,0,0
81324,0,0
81424,0,0
81524,0,0
81621,0,0
81721,0,0
81821,0,0
81921,0,0
82021,0,0
82121,0,0
82221,0,0
82554,0,0
82654,0,1
82754,0,1
82854,0,1
82954,0,1
83054,0,1
83154,0,1
83254,0,1
83354,0,1
83454,0,1
83554,0,1
83654,0,1
83754,0,1
83854,0,1
83954,0,1
84054,0,1
84154,0,1
84254,0,1
84354,0,1
84454,0,1
84554,0,1
84655,0,1
84755,0,1
84855,0,1
84955,0,1
85055,0,1
85155,0,1
85255,0,1
85355,0,1
85455,0,1
85553,0,1
85653,0,1
85753,0,1
85853,0,1
85953,0,1
86053,0,1
86153,0,1
86253,0,1
86353,0,1
86453,0,1
86581,0,0
86681,0,0
86781,0,0
86881,0,0
86981,0,0
87081,0,0
87181,0,0
87281,0,0
87381,0,0
87481,0,0
87581,0,0
87682,0,0
87782,0,0
87882,0,0
87982,0,0
88082,0,0
88182,0,0
88282,0,0
88382,0,0
88482,0,0
88582,0,0
88682,0,0
88782,0,0
88882,0,0
88982,0,0
89082,0,0
89182,0,0
89282,0,0
89382,0,0
89482,0,0
89579,0,0
89679,0,0
89779,0,0
89879,0,0
89979,0,0
90079,0,0
90179,0,0
90279,0,0
90379,0,0
90511,0,0
90611,0,1
90711,0,1
90811,0,1
90917,0,1
91017,1,2
91117,1,2
91217,1,2
91317,1,2
91417,1,2
91517,1,2
91617,1,2
91717,1,2
91818,1,2
91918,1,2
92018,1,2
92118,1,2
92218,1,2
92318,1,2
92418,1,2
92518,1,2
92618,1,2
92718,1,2
92818,1,2
92946,0,0
93046,0,0
93146,0,0
93246,0,0
93346,0,0
93446,0,0
93546,0,0
93640,0,0
93740,0,0
93840,0,0
93940,0,0
94040,0,0
94140,0,0
94240,0,0
94340,0,0
94440,0,0
94540,0,0
94640,0,0
94740,0,0
94841,0,0
94941,0,0
95375,0,0
95475,0,1
95575,0,1
95675,0,1
95775,0,1
95875,0,1
95975,0,1
96075,0,1
96175,0,1
96275,0,1
96375,0,1
96475,0,1
96575,0,1
96676,0,1
96776,0,1
96876,0,1
96976,0,1
97076,0,1
97176,0,1
97276,0,1
97376,0,1
97476,0,1
97576,0,1
97676,0,1
97776,0,1
97876,0,1
97976,0,1
98076,0,1
98176,0,1
98276,0,1
98376,0,1
98476,0,1
98576,0,1
98676,0,1
98776,0,1
98876,0,1
98976,0,1
99076,0,1
99176,0,1
99276,0,1
99403,0,0
99503,0,0
99603,0,0
99703,0,0
99803,0,0
99903,0,0
100004,0,0
100104,0,0
100204,0,0
100304,0,0
100404,0,0
100504,0,0
100604,0,0
100704,0,0
100804,0,0
100904,0,0
101004,0,0
101104,0,0
101204,0,0
101304,0,0
101404,0,0
101504,0,0
101603,0,0
101703,0,0
101803,0,0
101903,0,0
102003,0,0
102103,0,0
102203,0,0
102303,0,0
102403,0,0
102503,0,0
102603,0,0
102703,0,0
102803,0,0
102904,0,0
103004,0,0
103311,0,0
103410,0,1
103510,0,1
103610,0,1
103710,0,1
103810,0,1
103910,0,1
104010,0,1
104110,0,1
104210,0,1
104310,0,1
104410,0,1
104510,0,1
104611,0,1
104711,0,1
104811,0,1
104911,0,1
105011,0,1
105111,0,1
105211,0,1
105311,0,1
105411,0,1
105511,0,1
105609,0,1
105709,0,1
105809,0,1
105909,0,1
106009,0,1
106109,0,1
106209,0,1
106309,0,1
106409,0,1
106509,0,1
106609,0,1
106709,0,1
106809,0,1
106909,0,1
107009,0,1
107109,0,1
107209,0,1
107336,0,0
107436,0,0
107536,0,0
107636,0,0
107736,0,0
107836,0,0
107937,0,0
108037,0,0
108431,0,0
108531,0,1
108631,0,1
108731,0,1
108831,0,1
108931,0,1
109031,0,1
109131,0,1
109231,0,1
109331,0,1
109431,0,1
109531,0,1
109628,0,1
109728,0,1
109828,0,1
109928,0,1
110028,0,1
110128,0,1
110228,0,1
110328,0,1
110428,0,1
110528,0,1
110628,0,1
110728,0,1
110828,0,1
110928,0,1
111028,0,1
111128,0,1
111228,0,1
111328,0,1
111428,0,1
111528,0,1
111628,0,1
111728,0,1
111828,0,1
111928,0,1
112028,0,1
112128,0,1
112228,0,1
112328,0,1
112428,0,1
112528,0,0
112628,0,0
112728,0,0
112828,0,0
112928,0,0
113028,0,0
113128,0,0
113228,0,0
113328,0,0
113428,0,0
113528,0,0
113628,0,0
113728,0,0
113828,0,0
113928,0,0
114028,0,0
114128,0,0
114228,0,0
114328,0,0
114428,0,0
114528,0,0
114628,0,0
114728,0,0
114828,0,0
114928,0,0
115028,0,0
115128,0,0
115228,0,0
115328,0,0
115428,0,0
115528,0,0
115628,0,0
115728,0,0
115828,0,0
115928,0,0
116028,0,0
116128,0,0
116228,0,0
116328,0,0
116428,0,0
116528,0,0
116628,0,0
116728,0,0
116828,0,0
116928,0,0
117028,0,0
117128,0,0
117228,0,0
117328,0,0
117428,0,0
117528,0,0
117628,0,0
117728,0,0
117828,0,0
117928,0,0
118028,0,0
118128,0,0
118228,0,0
118328,0,0
118428,0,0
118528,0,0
118628,0,0
118728,0,0
118828,0,0
118928,0,0
119028,0,0
119128,0,0
119228,0,0
119328,0,0
119428,0,0
119528,0,0
119628,0,0
119728,0,0
119828,0,0
119928,0,0
120028,0,0
120128,0,0
120228,0,0
120328,0,0
120428,0,0
120528,0,0
120628,0,0
120728,0,0
120828,0,0
120928,0,0
121028,0,0
121128,0,0
121228,0,0
121328,0,0
121428,0,0
121528,0,0
121628,0,0
121728,0,0
121828,0,0
121928,0,0
122028,0,0
122128,0,0
122228,0,0
122328,0,0
122428,0,0
122528,0,0
122628,0,0
122728,0,0
122828,0,0
122928,0,0
123028,0,0
123128,0,0
123228,0,0
123328,0,0
123428,0,0
123528,0,0
123628,0,0
123728,0,0
123828,0,0
123928,0,0
124028,0,0
124128,0,0
124228,0,0
124328,0,0
124428,0,0
124528,0,0
124628,0,0
124728,0,0
124828,0,0
124928,0,0
125028,0,0
125128,0,0
125228,0,0
125328,0,0
125428,0,0
125528,0,0
125628,0,0
125728,0,0
125828,0,0
125928,0,0
126028,0,0
126128,0,0
126228,0,0
126328,0,0
126428,0,0
126528,0,0
126628,0,0
126728,0,0
126828,0,0
126928,0,0
127028,0,0
127128,0,0
127228,0,0
127328,0,0
127428,0,0
127528,0,0
127628,0,0
127728,0,0
127828,0,0
127928,0,0
128028,0,0
128128,0,0
128228,0,0
128328,0,0
128428,0,0
128528,0,0
128628,0,0
128728,0,0
128828,0,0
128928,0,0
129028,0,0
129128,0,0
129228,0,0
129328,0,0
129428,0,0
129528,0,0
129628,0,0
129718,0,0
129818,0,0
129918,0,0
130018,0,0
130118,0,0
130218,0,0
130318,0,0
130418,0,0
130518,0,0
130618,0,0
130718,0,0
130818,0,0
130918,0,0
131018,0,0
131118,0,0
131218,0,0
131318,0,0
131418,0,0
131518,0,0
131618,0,0
131718,0,0
131818,0,0
131918,0,0
132018,0,0
132118,0,0
132218,0,0
132318,0,0
132418,0,0
132518,0,0
132618,0,0
132718,0,0
132818,0,0
132918,0,0
133018,0,0
133118,0,0
133218,0,0
133318,0,0
133418,0,0
133518,0,0
133618,0,0
133716,0,0
133816,0,0
133916,0,0
134016,0,0
134116,0,0
134216,0,0
134316,0,0
134416,0,0
134516,0,0
134616,0,0
134716,0,0
134816,0,0
134916,0,0
135016,0,0
135116,0,0
135216,0,0
135316,0,0
135416,0,0
135516,0,0
135616,0,0
135716,0,0
135816,0,0
135916,0,0
136016,0,0
136116,0,0
136216,0,0
136316,0,0
136416,0,0
136516,0,0
136616,0,0
136716,0,0
136816,0,0
136916,0,0
137016,0,0
137116,0,0
137216,0,0
137316,0,0
137416,0,0
137516,0,0
137616,0,0
137713,0,0
137813,0,0
137913,0,0
138013,0,0
138113,0,0
138213,0,0
138313,0,0
138413,0,0
138513,0,0
138613,0,0
138713,0,0
138813,0,0
138913,0,0
139013,0,0
139113,0,0
139213,0,0
139313,0,0
139413,0,0
139513,0,0
139613,0,0
139713,0,0
139813,0,0
139913,0,0
140013,0,0
140113,0,0
140213,0,0
140313,0,0
140413,0,0
140513,0,0
140613,0,0
140713,0,0
140813,0,0
140913,0,0
141013,0,0
141113,0,0
141213,0,0
141313,0,0
141413,0,0
141513,0,0
141613,0,0
141710,0,0
141810,0,0
141910,0,0
142010,0,0
142110,0,0
142210,0,0
142310,0,0
142410,0,0
142510,0,0
142610,0,0
142710,0,0
142810,0,0
142910,0,0
143010,0,0
143110,0,0
143210,0,0
143310,0,0
143410,0,0
143510,0,0
143610,0,0
143710,0,0
143810,0,0
143910,0,0
144010,0,0
144110,0,0
144210,0,0
144310,0,0
144410,0,0
144510,0,0
144610,0,0
144710,0,0
144810,0,0
144910,0,0
145010,0,0
145110,0,0
145210,0,0
145310,0,0
145410,0,0
145510,0,0
145610,0,0
145708,0,0
145808,0,0
145908,0,0
146008,0,0
146108,0,0
146208,0,0
146308,0,0
146408,0,0
146508,0,0
146608,0,0
146708,0,0
146808,0,0
146908,0,0
147008,0,0
147108,0,0
147208,0,0
147308,0,0
147408,0,0
147508,0,0
147608,0,0
147708,0,0
147808,0,0
147908,0,0
148008,0,0
148108,0,0
148208,0,0
148308,0,0
148408,0,0
148508,0,0
148608,0,0
148708,0,0
148808,0,0
148908,0,0
149008,0,0
149108,0,0
149208,0,0
149308,0,0
149408,0,0
149508,0,0
149608,0,0
149706,0,0
149806,0,0
149906,0,0
150006,0,0
150106,0,0
150206,0,0
150306,0,0
150406,0,0
150506,0,0
150606,0,0
150706,0,0
150806,0,0
150906,0,0
151006,0,0
151106,0,0
151206,0,0
151306,0,0
151406,0,0
151506,0,0
151606,0,0
151706,0,0
151806,0,0
151906,0,0
152006,0,0
152106,0,0
152206,0,0
152306,0,0
152406,0,0
152506,0,0
152606,0,0
152706,0,0
152806,0,0
152906,0,0
153006,0,0
153106,0,0
153206,0,0
153306,0,0
153406,0,0
153506,0,0
153606,0,0
153703,0,0
153803,0,0
153903,0,0
154003,0,0
154103,0,0
154203,0,0
154303,0,0
154403,0,0
154503,0,0
154603,0,0
154703,0,0
154803,0,0
154903,0,0
155003,0,0
155103,0,0
155203,0,0
155303,0,0
155403,0,0
155503,0,0
155603,0,0
155703,0,0
155803,0,0
155903,0,0
156003,0,0
156103,0,0
156203,0,0
156303,0,0
156403,0,0
156503,0,0
156603,0,0
156703,0,0
156803,0,0
156903,0,0
157003,0,0
157103,0,0
157203,0,0
157303,0,0
157403,0,0
157503,0,0
157603,0,0
157701,0,0
157801,0,0
157901,0,0
158001,0,0
158101,0,0
158201,0,0
158301,0,0
158401,0,0
158501,0,0
158601,0,0
158701,0,0
158801,0,0
158901,0,0
159001,0,0
159101,0,0
159201,0,0
159301,0,0
159401,0,0
159501,0,0
159601,0,0
159701,0,0
159801,0,0
159901,0,0
160001,0,0
160101,0,0
160201,0,0
160301,0,0
160401,0,0
160501,0,0
160601,0,0
160701,0,0
160801,0,0
160901,0,0
161001,0,0
161101,0,0
161201,0,0
161301,0,0
161401,0,0
161501,0,0
161601,0,0
161698,0,0
161798,0,0
161898,0,0
161998,0,0
162098,0,0
162198,0,0
162298,0,0
162398,0,0
162498,0,0
162598,0,0
162698,0,0
162798,0,0
162898,0,0
162998,0,0
163098,0,0
163198,0,0
163298,0,0
163398,0,0
163498,0,0
163598,0,0
163698,0,0
163798,0,0
163898,0,0
163998,0,0
164098,0,0
164198,0,0
164298,0,0
164398,0,0
164498,0,0
164598,0,0
164698,0,0
164798,0,0
164898,0,0
164998,0,0
165098,0,0
165198,0,0
165298,0,0
165398,0,0
165498,0,0
165598,0,0
165697,0,0
165797,0,0
165897,0,0
165997,0,0
166097,0,0
166197,0,0
166297,0,0
166397,0,0
166497,0,0
166597,0,0
166697,0,0
166797,0,0
166897,0,0
166997,0,0
167097,0,0
167197,0,0
167297,0,0
167397,0,0
167497,0,0
167597,0,0
167697,0,0
167797,0,0
167897,0,0
167997,0,0
168097,0,0
168197,0,0
168297,0,0
168397,0,0
168497,0,0
168597,0,0
168697,0,0
168797,0,0
168897,0,0
168997,0,0
169097,0,0
169197,0,0
169297,0,0
169397,0,0
169497,0,0
169597,0,0
169697,0,0
169797,0,0
169897,0,0
169997,0,0
170097,0,0
170197,0,0
170297,0,0
170397,0,0
170497,0,0
170597,0,0
170697,0,0
170797,0,0
170897,0,0
170997,0,0
171097,0,0
171197,0,0
171297,0,0
171397,0,0
171497,0,0
171597,0,0
171697,0,0
171797,0,0
171897,0,0
171997,0,0
172097,0,0
172197,0,0
172297,0,0
172397,0,0
172497,0,0
172597,0,0
172697,0,0
172797,0,0
172897,0,0
172997,0,0
173097,0,0
173197,0,0
173297,0,0
173397,0,0
173497,0,0
173597,0,0
173697,0,0
173797,0,0
173897,0,0
173997,0,0
174097,0,0
174197,0,0
174297,0,0
174397,0,0
174497,0,0
174597,0,0
174697,0,0
174797,0,0
174897,0,0
174997,0,0
175097,0,0
175197,0,0
175297,0,0
175397,0,0
175497,0,0
175597,0,0
175697,0,0
175797,0,0
175897,0,0
175997,0,0
176097,0,0
176197,0,0
176297,0,0
176397,0,0
176497,0,0
176597,0,0
176697,0,0
176797,0,0
176897,0,0
176997,0,0
177097,0,0
177197,0,0
177297,0,0
177397,0,0
177497,0,0
177597,0,0
177697,0,0
177797,0,0
177897,0,0
177997,0,0
178097,0,0
178197,0,0
178297,0,0
178397,0,0
178497,0,0
178597,0,0
178697,0,0
178797,0,0
178897,0,0
178997,0,0
179097,0,0
179197,0,0
179297,0,0
179397,0,0
179497,0,0
179597,0,0
179697,0,0
179797,0,0
179897,0,0
179997,0,0
180097,0,0
180197,0,0
180297,0,0
180397,0,0
180497,0,0
180597,0,0
180697,0,0
180797,0,0
180897,0,0
180997,0,0
181097,0,0
181197,0,0
181297,0,0
181397,0,0
181497,0,0
181597,0,0
181697,0,0
181797,0,0
181897,0,0
181997,0,0
182097,0,0
182197,0,0
182297,0,0
182397,0,0
182497,0,0
182597,0,0
182697,0,0
182797,0,0
182897,0,0
182997,0,0
183097,0,0
183197,0,0
183297,0,0
183397,0,0
183497,0,0
183597,0,0
183697,0,0
183797,0,0
183897,0,0
183997,0,0
184097,0,0
184197,0,0
184297,0,0
184397,0,0
184497,0,0
184597,0,0
184697,0,0
184797,0,0
184897,0,0
184997,0,0
185097,0,0
185197,0,0
185297,0,0
185397,0,0
185497,0,0
185597,0,0
185697,0,0
185797,0,0
185885,0,0
185985,0,0
186085,0,0
186185,0,0
186285,0,0
186398,0,0
186498,0,0
186598,0,0
186698,0,0
186798,0,0
186898,0,0
186998,0,0
187098,0,0
187198,0,0
187298,0,0
187398,0,0
187498,0,0
187598,0,0
187698,0,0
187798,0,0
187898,0,0
187998,0,0
188098,0,0
188198,0,0
188298,0,0
188398,0,0
188498,0,0
188598,0,0
188698,0,0
188798,0,0
188898,0,0
188998,0,0
189098,0,0
189198,0,0
189299,0,0
189399,0,0
189499,0,0
189599,0,0
189699,0,0
189799,0,0
189894,0,0
189994,0,0
190094,0,0
190194,0,0
190294,0,0
190394,0,0
190494,0,0
190594,0,0
190694,0,0
190794,0,0
190894,0,0
190994,0,0
191094,0,0
191194,0,0
191294,0,0
191394,0,0
191494,0,0
191594,0,0
191694,0,0
191794,0,0
191894,0,0
191994,0,0
192094,0,0
192195,0,0
192295,0,0
192395,0,0
192495,0,0
192595,0,0
192695,0,0
192795,0,0
192895,0,0
192995,0,0
193095,0,0
193195,0,0
193295,0,0
193395,0,0
193495,0,0
193595,0,0
193695,0,0
193795,0,0
193895,0,0
193995,0,0
194095,0,0
194195,0,0
194295,0,0
194395,0,0
194495,0,0
194595,0,0
194695,0,0
194795,0,0
194895,0,0
194995,0,0
195096,0,0
195196,0,0
195296,0,0
195396,0,0
195496,0,0
195596,0,0
195696,0,0
195796,0,0
195896,0,0
195996,0,0
196096,0,0
196196,0,0
196296,0,0
196396,0,0
196496,0,0
196596,0,0
196696,0,0
196796,0,0
196896,0,0
196996,0,0
197096,0,0
197196,0,0
197296,0,0
197396,0,0
197496,0,0
197596,0,0
197696,0,0
197796,0,0
197895,0,0
197995,0,0
198095,0,0
198195,0,0
198295,0,0
198395,0,0
198495,0,0
198595,0,0
198695,0,0
198795,0,0
198895,0,0
198995,0,0
199095,0,0
199195,0,0
199295,0,0
199395,0,0
199495,0,0
199595,0,0
199695,0,0
199795,0,0
199895,0,0
199995,0,0
200095,0,0
200195,0,0
200295,0,0
200395,0,0
200495,0,0
200595,0,0
200695,0,0
200795,0,0
200895,0,0
200995,0,0
201095,0,0
201195,0,0
201295,0,0
201395,0,0
201495,0,0
201595,0,0
201695,0,0
201795,0,0
201892,0,0
201992,0,0
202092,0,0
202192,0,0
202292,0,0
202392,0,0
202492,0,0
202592,0,0
202692,0,0
202792,0,0
202892,0,0
202992,0,0
203092,0,0
203192,0,0
203292,0,0
203392,0,0
203492,0,0
203592,0,0
203692,0,0
203792,0,0
203892,0,0
203992,0,0
204092,0,0
204192,0,0
204292,0,0
204392,0,0
204492,0,0
204592,0,0
204692,0,0
204792,0,0
204892,0,0
204992,0,0
205092,0,0
205192,0,0
205292,0,0
205392,0,0
205492,0,0
205592,0,0
205692,0,0
205792,0,0
205892,0,0
205992,0,0
206092,0,0
206192,0,0
206292,0,0
206392,0,0
206492,0,0
206592,0,0
206692,0,0
206792,0,0
206892,0,0
206992,0,0
207092,0,0
207192,0,0
207292,0,0
207392,0,0
207492,0,0
207592,0,0
207692,0,0
207792,0,0
207892,0,0
207992,0,0
208092,0,0
208192,0,0
208292,0,0
208392,0,0
208492,0,0
208592,0,0
208692,0,0
208792,0,0
208892,0,0
208992,0,0
209092,0,0
209192,0,0
209292,0,0
209392,0,0
209492,0,0
209592,0,0
209692,0,0
209792,0,0
209886,0,0
209986,0,0
210086,0,0
210186,0,0
210286,0,0
210386,0,0
210486,0,0
210586,0,0
210686,0,0
210786,0,0
210886,0,0
210986,0,0
211086,0,0
211186,0,0
211286,0,0
211386,0,0
211486,0,0
211586,0,0
211686,0,0
211786,0,0
211886,0,0
211986,0,0
212086,0,0
212186,0,0
212286,0,0
212386,0,0
212486,0,0
212586,0,0
212686,0,0
212786,0,0
212886,0,0
212986,0,0
213086,0,0
213186,0,0
213286,0,0
213386,0,0
213486,0,0
213586,0,0
213686,0,0
213786,0,0
213884,0,0
213984,0,0
214084,0,0
214184,0,0
214284,0,0
214384,0,0
214484,0,0
214584,0,0
214684,0,0
214784,0,0
214884,0,0
214984,0,0
215084,0,0
215184,0,0
215284,0,0
215384,0,0
215484,0,0
215584,0,0
215684,0,0
215784,0,0
215884,0,0
215984,0,0
216084,0,0
216184,0,0
216284,0,0
216384,0,0
216484,0,0
216584,0,0
216684,0,0
216784,0,0
216884,0,0
216984,0,0
217084,0,0
217184,0,0
217284,0,0
217384,0,0
217484,0,0
217584,0,0
217684,0,0
217784,0,0
217882,0,0
217982,0,0
218082,0,0
218182,0,0
218282,0,0
218382,0,0
218482,0,0
218582,0,0
218682,0,0
218782,0,0
218882,0,0
218982,0,0
219082,0,0
219182,0,0
219282,0,0
219382,0,0
219482,0,0
219582,0,0
219682,0,0
219782,0,0
219882,0,0
219982,0,0
220082,0,0
220182,0,0
220282,0,0
220382,0,0
220482,0,0
220582,0,0
220682,0,0
220782,0,0
220882,0,0
220982,0,0
221082,0,0
221182,0,0
221282,0,0
221382,0,0
221482,0,0
221582,0,0
221682,0,0
221782,0,0
221879,0,0
221979,0,0
222079,0,0
222179,0,0
222279,0,0
222379,0,0
222479,0,0
222579,0,0
222679,0,0
222779,0,0
222879,0,0
222979,0,0
223079,0,0
223179,0,0
223279,0,0
223379,0,0
223479,0,0
223579,0,0
223679,0,0
223779,0,0
223879,0,0
223979,0,0
224079,0,0
224179,0,0
224279,0,0
224379,0,0
224479,0,0
224579,0,0
224679,0,0
224779,0,0
224879,0,0
224979,0,0
225079,0,0
225179,0,0
225279,0,0
225379,0,0
225479,0,0
225579,0,0
225679,0,0
225779,0,0
225879,0,0
225979,0,0
226079,0,0
226179,0,0
226279,0,0
226379,0,0
226479,0,0
226579,0,0
226679,0,0
226779,0,0
226879,0,0
226979,0,0
227079,0,0
227179,0,0
227279,0,0
227379,0,0
227479,0,0
227579,0,0
227679,0,0
227779,0,0
227879,0,0
227979,0,0
228079,0,0
228179,0,0
228279,0,0
228379,0,0
228479,0,0
228579,0,0
228679,0,0
228779,0,0
228879,0,0
228979,0,0
229079,0,0
229179,0,0
229279,0,0
229379,0,0
229479,0,0
229579,0,0
229679,0,0
229779,0,0
229879,0,0
229979,0,0
230079,0,0
230179,0,0
230279,0,0
230379,0,0
230479,0,0
230579,0,0
230679,0,0
230779,0,0
230879,0,0
230979,0,0
231079,0,0
231179,0,0
231279,0,0
231379,0,0
231479,0,0
231579,0,0
231679,0,0
231779,0,0
231879,0,0
231979,0,0
232079,0,0
232179,0,0
232279,0,0
232379,0,0
232479,0,0
232579,0,0
232679,0,0
232779,0,0
232879,0,0
232979,0,0
233079,0,0
233179,0,0
233279,0,0
233379,0,0
233479,0,0
233579,0,0
233679,0,0
233779,0,0
233879,0,0
233979,0,0
234079,0,0
234179,0,0
234279,0,0
234379,0,0
234479,0,0
234579,0,0
234679,0,0
234779,0,0
234879,0,0
234979,0,0
235079,0,0
235179,0,0
235279,0,0
235379,0,0
235479,0,0
235579,0,0
235679,0,0
235779,0,0
235879,0,0
235979,0,0
236079,0,0
236179,0,0
236279,0,0
236379,0,0
236479,0,0
236579,0,0
236679,0,0
236779,0,0
236879,0,0
236979,0,0
237079,0,0
237179,0,0
237279,0,0
237379,0,0
237479,0,0
237579,0,0
237679,0,0
237779,0,0
237879,0,0
237979,0,0
238079,0,0
238179,0,0
238279,0,0
238379,0,0
238479,0,0
238579,0,0
238679,0,0
238779,0,0
238879,0,0
238979,0,0
239079,0,0
239179,0,0
239279,0,0
239379,0,0
239479,0,0
239579,0,0
239679,0,0
239779,0,0
239879,0,0
239979,0,0
240079,0,0
240179,0,0
240279,0,0
240379,0,0
240479,0,0
240579,0,0
240679,0,0
240779,0,0
240879,0,0
240979,0,0
241079,0,0
241179,0,0
241279,0,0
241379,0,0
241479,0,0
241579,0,0
241679,0,0
241779,0,0
241879,0,0
241979,0,0
242079,0,0
242179,0,0
242279,0,0
242379,0,0
242479,0,0
242579,0,0
242668,0,0
242768,0,0
242868,0,0
242968,0,0
243068,0,0
243168,0,0
243351,0,0
243452,0,1
243552,0,1
243652,0,1
243754,0,1
243854,1,2
243954,1,2
244054,1,2
244154,1,2
244254,1,2
244354,1,2
244454,1,2
244554,1,2
244654,1,2
244754,1,2
244854,1,2
244954,1,2
245054,1,2
245154,1,2
245254,1,2
245354,1,2
245454,1,2
245554,1,2
245654,1,2
245754,1,2
245854,0,0
245954,0,0
246055,0,0
246155,0,0
246255,0,0
246355,0,0
246455,0,0
246555,0,0
246652,0,0
246752,0,0
246852,0,0
246952,0,0
247052,0,0
247152,0,0
247252,0,0
247352,0,0
247452,0,0
247552,0,0
247652,0,0
247752,0,0
248349,0,0
248449,0,1
248549,0,1
248649,0,1
248749,0,1
248849,0,1
248949,0,1
249049,0,1
249149,0,1
249249,0,1
249349,0,1
249449,0,1
249549,0,1
249649,0,1
249749,0,1
249849,0,1
249949,0,1
250049,0,1
250149,0,1
250249,0,1
250349,0,1
250449,0,1
250549,0,1
250649,0,1
250734,0,1
250834,0,1
250934,0,1
251034,0,1
251134,0,1
251234,0,1
251334,0,1
251434,0,1
251534,0,1
251634,0,1
251734,0,1
251834,0,1
251934,0,1
252034,0,1
252134,0,1
252234,0,1
252363,0,0
252463,0,0
252563,0,0
252663,0,0
252763,0,0
252864,0,0
252964,0,0
253064,0,0
253164,0,0
253264,0,0
253364,0,0
253464,0,0
253564,0,0
253664,0,0
253764,0,0
253864,0,0
253964,0,0
254064,0,0
254164,0,0
254264,0,0
254364,0,0
254464,0,0
254564,0,0
254675,0,0
254775,0,0
254875,0,0
254975,0,0
255075,0,0
255175,0,0
255275,0,0
255375,0,0
255475,0,0
255575,0,0
255675,0,0
255776,0,0
255876,0,0
255976,0,0
256076,0,0
256176,0,0
256276,0,0
256376,0,0
256476,0,0
256576,0,0
256676,0,0
256776,0,0
256876,0,0
256976,0,0
257076,0,0
257176,0,0
257276,0,0
257376,0,0
257476,0,0
257576,0,0
257676,0,0
257776,0,0
257876,0,0
257976,0,0
258076,0,0
258176,0,0
258276,0,0
258376,0,0
258476,0,0
258576,0,0
258675,0,0
258775,0,0
258875,0,0
258975,0,0
259075,0,0
259175,0,0
259275,0,0
259375,0,0
259475,0,0
259575,0,0
259675,0,0
259775,0,0
259875,0,0
259975,0,0
260075,0,0
260175,0,0
260275,0,0
260375,0,0
260475,0,0
260575,0,0
260675,0,0
260775,0,0
260875,0,0
260975,0,0
261075,0,0
261175,0,0
261275,0,0
261375,0,0
261475,0,0
261575,0,0
261675,0,0
261775,0,0
261875,0,0
261975,0,0
262075,0,0
262175,0,0
262275,0,0
262375,0,0
262475,0,0
262575,0,0
262672,0,0
262772,0,0
262872,0,0
262972,0,0
263072,0,0
263172,0,0
263272,0,0
263372,0,0
263472,0,0
263572,0,0
263672,0,0
263772,0,0
263872,0,0
263972,0,0
264072,0,0
264172,0,0
264272,0,0
264372,0,0
264472,0,0
264572,0,0
264672,0,0
264772,0,0
264872,0,0
264972,0,0
265072,0,0
265172,0,0
265272,0,0
265372,0,0
265472,0,0
265572,0,0
265672,0,0
265772,0,0
265872,0,0
265972,0,0
266072,0,0
266172,0,0
266272,0,0
266372,0,0
266472,0,0
266572,0,0
266666,0,0
266766,0,0
266866,0,0
266966,0,0
267066,0,0
267166,0,0
267266,0,0
267366,0,0
267466,0,0
267566,0,0
267666,0,0
267766,0,0
267866,0,0
267966,0,0
268066,0,0
268166,0,0
268266,0,0
268366,0,0
268466,0,0
268566,0,0
268666,0,0
268766,0,0
268866,0,0
268966,0,0
269066,0,0
269166,0,0
269266,0,0
269366,0,0
269466,0,0
269566,0,0
269666,0,0
269766,0,0
269866,0,0
269966,0,0
270066,0,0
270166,0,0
270266,0,0
270366,0,0
270466,0,0
270566,0,0
270668,0,0
270768,0,0
270868,0,0
270968,0,0
271068,0,0
271168,0,0
271268,0,0
271368,0,0
271468,0,0
271568,0,0
271668,0,0
271768,0,0
271868,0,0
271968,0,0
272068,0,0
272168,0,0
272268,0,0
272368,0,0
272468,0,0
272568,0,0
272668,0,0
272768,0,0
272868,0,0
272968,0,0
273068,0,0
273168,0,0
273268,0,0
273368,0,0
273468,0,0
273568,0,0
273668,0,0
273768,0,0
273868,0,0
273968,0,0
274068,0,0
274168,0,0
274268,0,0
274368,0,0
274468,0,0
274568,0,0
274665,0,0
274765,0,0
274865,0,0
274965,0,0
275065,0,0
275165,0,0
275265,0,0
275365,0,0
275465,0,0
275565,0,0
275665,0,0
275765,0,0
275865,0,0
275965,0,0
276065,0,0
276165,0,0
276265,0,0
276365,0,0
276465,0,0
276565,0,0
276665,0,0
276765,0,0
276865,0,0
276965,0,0
277065,0,0
277165,0,0
277265,0,0
277365,0,0
277465,0,0
277565,0,0
277665,0,0
277765,0,0
277865,0,0
277965,0,0
278065,0,0
278165,0,0
278265,0,0
278365,0,0
278465,0,0
278565,0,0
278663,0,0
278763,0,0
278863,0,0
278963,0,0
279063,0,0
279163,0,0
279263,0,0
279363,0,0
279463,0,0
279563,0,0
279663,0,0
279763,0,0
279863,0,0
279963,0,0
280063,0,0
280163,0,0
280263,0,0
280363,0,0
280463,0,0
280563,0,0
280663,0,0
280763,0,0
280863,0,0
280963,0,0
281063,0,0
281163,0,0
281263,0,0
281363,0,0
281463,0,0
281563,0,0
281663,0,0
281763,0,0
281863,0,0
281963,0,0
282063,0,0
282163,0,0
282263,0,0
282363,0,0
282463,0,0
282563,0,0
282663,0,0
282763,0,0
282863,0,0
282963,0,0
283063,0,0
283163,0,0
283263,0,0
283363,0,0
283463,0,0
283563,0,0
283663,0,0
283763,0,0
283863,0,0
283963,0,0
284063,0,0
284163,0,0
284263,0,0
284363,0,0
284463,0,0
284563,0,0
284663,0,0
284763,0,0
284863,0,0
284963,0,0
285063,0,0
285163,0,0
285263,0,0
285363,0,0
285463,0,0
285563,0,0
285663,0,0
285763,0,0
285863,0,0
285963,0,0
286063,0,0
286163,0,0
286263,0,0
286363,0,0
286463,0,0
286563,0,0
286663,0,0
286763,0,0
286863,0,0
286963,0,0
287063,0,0
287163,0,0
287263,0,0
287363,0,0
287463,0,0
287563,0,0
287663,0,0
287763,0,0
287863,0,0
287963,0,0
288063,0,0
288163,0,0
288263,0,0
288363,0,0
288463,0,0
288563,0,0
288663,0,0
288763,0,0
288863,0,0
288963,0,0
289063,0,0
289163,0,0
289263,0,0
289363,0,0
289463,0,0
289563,0,0
289663,0,0
289763,0,0
289863,0,0
289963,0,0
290063,0,0
290163,0,0
290263,0,0
290363,0,0
290463,0,0
290563,0,0
290663,0,0
290763,0,0
290863,0,0
290963,0,0
291063,0,0
291163,0,0
291263,0,0
291363,0,0
291463,0,0
291563,0,0
291663,0,0
291763,0,0
291863,0,0
291963,0,0
292063,0,0
292163,0,0
292263,0,0
292363,0,0
292463,0,0
292563,0,0
292663,0,0
292763,0,0
292863,0,0
292963,0,0
293063,0,0
293163,0,0
293263,0,0
293363,0,0
293463,0,0
293563,0,0
293663,0,0
293763,0,0
293863,0,0
293963,0,0
294063,0,0
294163,0,0
294263,0,0
294363,0,0
294463,0,0
294563,0,0
294663,0,0
294763,0,0
294863,0,0
294963,0,0
295063,0,0
295163,0,0
295263,0,0
295363,0,0
295463,0,0
295563,0,0
295663,0,0
295763,0,0
295863,0,0
295963,0,0
296063,0,0
296163,0,0
296263,0,0
296363,0,0
296463,0,0
296563,0,0
296663,0,0
296763,0,0
296863,0,0
296963,0,0
297063,0,0
297163,0,0
297263,0,0
297363,0,0
297463,0,0
297563,0,0
297663,0,0
297763,0,0
297863,0,0
297963,0,0
298063,0,0
298163,0,0
298263,0,0
298363,0,0
298463,0,0
298563,0,0
298663,0,0
298763,0,0
298863,0,0
298963,0,0
299063,0,0
299163,0,0
299263,0,0
299363,0,0
299450,0,0
299550,0,0
299650,0,0
299750,0,0
299850,0,0
300384,0,0
300484,0,1
300584,0,1
300684,0,1
300784,0,1
300884,0,1
300984,0,1
301084,0,1
301184,0,1
301284,0,1
301384,0,1
301484,0,1
301584,0,1
301684,0,1
301784,0,1
301884,0,1
301984,0,1
302085,0,1
302185,0,1
302285,0,1
302385,0,1
302485,0,1
302585,0,1
302685,0,1
302785,0,1
302885,0,1
302985,0,1
303085,0,1
303185,0,1
303285,0,1
303383,0,1
303483,0,1
303583,0,1
303683,0,1
303783,0,1
303883,0,1
303983,0,1
304083,0,1
304183,0,1
304283,0,1
304411,0,0
304889,0,0
304989,0,1
305089,0,1
305189,0,1
305289,0,1
305389,0,1
305489,0,1
305589,0,1
305689,0,1
305789,0,1
305889,0,1
305989,0,1
306089,0,1
306189,0,1
306289,0,1
306389,0,1
306489,0,1
306589,0,1
306689,0,1
306789,0,1
306889,0,1
306990,0,1
307090,0,1
307190,0,1
307290,0,1
307389,0,1
307489,0,1
307589,0,1
307689,0,1
307789,0,1
307889,0,1
307989,0,1
308089,0,1
308189,0,1
308289,0,1
308389,0,1
308489,0,1
308589,0,1
308689,0,1
308789,0,1
308917,0,0
309017,0,0
309117,0,0
309217,0,0
309317,0,0
309417,0,0
309517,0,0
309617,0,0
309717,0,0
309817,0,0
309917,0,0
310018,0,0
310118,0,0
310218,0,0
310318,0,0
310418,0,0
310518,0,0
310618,0,0
310718,0,0
310818,0,0
310918,0,0
311018,0,0
311118,0,0
311218,0,0
311318,0,0
311415,0,0
311515,0,0
311615,0,0
311715,0,0
311815,0,0
311915,0,0
312015,0,0
312115,0,0
312215,0,0
312315,0,0
312415,0,0
312515,0,0
312615,0,0
312715,0,0
312815,0,0
312916,0,0
313016,0,0
313116,0,0
313216,0,0
313316,0,0
313416,0,0
313516,0,0
313616,0,0
313716,0,0
313816,0,0
313916,0,0
314016,0,0
314116,0,0
314216,0,0
314316,0,0
314416,0,0
314516,0,0
314616,0,0
314716,0,0
314816,0,0
314916,0,0
315016,0,0
315116,0,0
315216,0,0
315316,0,0
315413,0,0
315513,0,0
315613,0,0
315713,0,0
315813,0,0
315913,0,0
316013,0,0
316113,0,0
316213,0,0
316313,0,0
316413,0,0
316513,0,0
316613,0,0
316713,0,0
316813,0,0
316913,0,0
317013,0,0
317113,0,0
317213,0,0
317313,0,0
317413,0,0
317513,0,0
317613,0,0
317713,0,0
317813,0,0
317913,0,0
318013,0,0
318113,0,0
318213,0,0
318313,0,0
318413,0,0
318513,0,0
318613,0,0
318713,0,0
318813,0,0
318913,0,0
319013,0,0
319113,0,0
319213,0,0
319313,0,0
319411,0,0
319511,0,0
319611,0,0
319711,0,0
319811,0,0
319911,0,0
320011,0,0
320111,0,0
320211,0,0
320311,0,0
320411,0,0
320511,0,0
320611,0,0
320711,0,0
320811,0,0
320911,0,0
321011,0,0
321111,0,0
321211,0,0
321311,0,0
321411,0,0
321511,0,0
321611,0,0
321711,0,0
321811,0,0
321911,0,0
322011,0,0
322111,0,0
322211,0,0
322311,0,0
322411,0,0
322511,0,0
322611,0,0
322711,0,0
322811,0,0
322911,0,0
323011,0,0
323111,0,0
323211,0,0
323311,0,0
323409,0,0
323509,0,0
323609,0,0
323709,0,0
323809,0,0
323909,0,0
324009,0,0
324109,0,0
324209,0,0
324309,0,0
324409,0,0
324509,0,0
324609,0,0
324709,0,0
324809,0,0
324909,0,0
325009,0,0
325109,0,0
325209,0,0
325309,0,0
325409,0,0
325509,0,0
325609,0,0
325709,0,0
325809,0,0
325909,0,0
326009,0,0
326109,0,0
326209,0,0
326309,0,0
326409,0,0
326509,0,0
326609,0,0
326709,0,0
326809,0,0
326909,0,0
327009,0,0
327109,0,0
327209,0,0
327309,0,0
327405,0,0
327505,0,0
327605,0,0
327705,0,0
327805,0,0
327905,0,0
328005,0,0
328105,0,0
328205,0,0
328305,0,0
328405,0,0
328505,0,0
328605,0,0
328705,0,0
328805,0,0
328905,0,0
329005,0,0
329105,0,0
329205,0,0
329305,0,0
329405,0,0
329505,0,0
329605,0,0
329705,0,0
329805,0,0
329905,0,0
330005,0,0
330105,0,0
330205,0,0
330305,0,0
330405,0,0
330505,0,0
330605,0,0
330705,0,0
330805,0,0
330905,0,0
331005,0,0
331105,0,0
331205,0,0
331305,0,0
331403,0,0
331503,0,0
331603,0,0
331703,0,0
331803,0,0
331903,0,0
332003,0,0
332103,0,0
332203,0,0
332303,0,0
332403,0,0
332503,0,0
332603,0,0
332703,0,0
332803,0,0
332903,0,0
333003,0,0
333103,0,0
333203,0,0
333303,0,0
333403,0,0
333503,0,0
333603,0,0
333703,0,0
333803,0,0
333903,0,0
334003,0,0
334103,0,0
334203,0,0
334303,0,0
334403,0,0
334503,0,0
334603,0,0
334703,0,0
334803,0,0
334903,0,0
335003,0,0
335103,0,0
335203,0,0
335303,0,0
335400,0,0
335500,0,0
335600,0,0
335700,0,0
335800,0,0
335900,0,0
336000,0,0
336100,0,0
336200,0,0
336300,0,0
336400,0,0
336500,0,0
336600,0,0
336700,0,0
336800,0,0
336900,0,0
337000,0,0
337100,0,0
337200,0,0
337300,0,0
337400,0,0
337500,0,0
337600,0,0
337700,0,0
337800,0,0
337900,0,0
338000,0,0
338100,0,0
338200,0,0
338300,0,0
338400,0,0
338500,0,0
338600,0,0
338700,0,0
338800,0,0
338900,0,0
339000,0,0
339100,0,0
339200,0,0
339300,0,0
339399,0,0
339499,0,0
339599,0,0
339699,0,0
339799,0,0
339899,0,0
339999,0,0
340099,0,0
340199,0,0
340299,0,0
340399,0,0
340499,0,0
340599,0,0
340699,0,0
340799,0,0
340899,0,0
340999,0,0
341099,0,0
341199,0,0
341299,0,0
341399,0,0
341499,0,0
341599,0,0
341699,0,0
341799,0,0
341899,0,0
341999,0,0
342099,0,0
342199,0,0
342299,0,0
342399,0,0
342499,0,0
342599,0,0
342699,0,0
342799,0,0
342899,0,0
342999,0,0
343099,0,0
343199,0,0
343299,0,0
343399,0,0
343499,0,0
343599,0,0
343699,0,0
343799,0,0
343899,0,0
343999,0,0
344099,0,0
344199,0,0
344299,0,0
344399,0,0
344499,0,0
344599,0,0
344699,0,0
344799,0,0
344899,0,0
344999,0,0
345099,0,0
345199,0,0
345299,0,0
345399,0,0
345499,0,0
345599,0,0
345699,0,0
345799,0,0
345899,0,0
345999,0,0
346099,0,0
346199,0,0
346299,0,0
346399,0,0
346499,0,0
346599,0,0
346699,0,0
346799,0,0
346899,0,0
346999,0,0
347099,0,0
347199,0,0
347299,0,0
347399,0,0
347499,0,0
347599,0,0
347699,0,0
347799,0,0
347899,0,0
347999,0,0
348099,0,0
348199,0,0
348299,0,0
348399,0,0
348499,0,0
348599,0,0
348699,0,0
348799,0,0
348899,0,0
348999,0,0
349099,0,0
349199,0,0
349299,0,0
349399,0,0
349499,0,0
349599,0,0
349699,0,0
349799,0,0
349899,0,0
349999,0,0
350099,0,0
350199,0,0
350299,0,0
350399,0,0
350499,0,0
350599,0,0
350699,0,0
350799,0,0
350899,0,0
350999,0,0
351099,0,0
351199,0,0
351299,0,0
351399,0,0
351499,0,0
351599,0,0
351699,0,0
351799,0,0
351899,0,0
351999,0,0
352099,0,0
352199,0,0
352299,0,0
352399,0,0
352499,0,0
352599,0,0
352699,0,0
352799,0,0
352899,0,0
352999,0,0
353099,0,0
353199,0,0
353299,0,0
353399,0,0
353499,0,0
353599,0,0
353699,0,0
353799,0,0
353899,0,0
353999,0,0
354099,0,0
354199,0,0
354299,0,0
354399,0,0
354499,0,0
354599,0,0
354699,0,0
354799,0,0
354899,0,0
354999,0,0
355099,0,0
355199,0,0
355299,0,0
355389,0,0
355489,0,0
355589,0,0
355689,0,0
355789,0,0
355889,0,0
355989,0,0
356089,0,0
356189,0,0
356289,0,0
356389,0,0
356489,0,0
356589,0,0
356689,0,0
356789,0,0
356889,0,0
356989,0,0
357089,0,0
357189,0,0
357289,0,0
357389,0,0
357489,0,0
357589,0,0
357689,0,0
357789,0,0
357889,0,0
357989,0,0
358089,0,0
358189,0,0
358289,0,0
358389,0,0
359056,0,0
359156,0,1
359256,0,1
359356,0,1
359455,0,1
359555,0,1
359655,0,1
359755,0,1
359855,0,1
359955,0,1
360055,0,1
360155,0,1
360255,0,1
360355,0,1
360455,0,1
360555,0,1
360655,0,1
360755,0,1
360855,0,1
360955,0,1
361055,0,1
361155,0,1
361255,0,1
361355,0,1
361455,0,1
361555,0,1
361656,0,1
361756,0,1
361856,0,1
361956,0,1
362056,0,1
362156,0,1
362256,0,1
362356,0,1
362456,0,1
362556,0,1
362656,0,1
362756,0,1
362856,0,1
362956,0,1
363444,0,0
363482,0,1
363582,0,1
363682,0,1
363782,0,1
363882,0,1
363982,0,1
364082,0,1
364182,0,1
364282,0,1
364382,0,1
364482,0,1
364582,0,1
364682,0,1
364782,0,1
364882,0,1
364982,0,1
365082,0,1
365182,0,1
365282,0,1
365382,0,1
365482,0,1
365582,0,1
365682,0,1
365782,0,1
365882,0,1
365982,0,1
366082,0,1
366182,0,1
366282,0,1
366382,0,1
366482,0,1
366582,0,1
366682,0,1
366782,0,1
366882,0,1
366982,0,1
367082,0,1
367182,0,1
367282,0,1
367493,0,0
367593,0,0
367693,0,0
367793,0,0
367893,0,0
367993,0,0
368094,0,0
368194,0,0
368294,0,0
368394,0,0
368494,0,0
368594,0,0
368694,0,0
368794,0,0
368894,0,0
368994,0,0
369094,0,0
369194,0,0
369294,0,0
369394,0,0
369494,0,0
369594,0,0
369694,0,0
369794,0,0
369894,0,0
369994,0,0
370094,0,0
370194,0,0
370294,0,0
370394,0,0
370494,0,0
370594,0,0
370694,0,0
370794,0,0
370894,0,0
370995,0,0
371095,0,0
371195,0,0
371295,0,0
371395,0,0
371491,0,0
371591,0,0
371691,0,0
371791,0,0
371891,0,0
371991,0,0
372091,0,0
372191,0,0
372291,0,0
372391,0,0
372491,0,0
372591,0,0
372691,0,0
372791,0,0
372891,0,0
372991,0,0
373091,0,0
373191,0,0
373291,0,0
373391,0,0
373491,0,0
373591,0,0
373691,0,0
373791,0,0
373891,0,0
373991,0,0
374091,0,0
374191,0,0
374291,0,0
374391,0,0
374491,0,0
374591,0,0
374691,0,0
374791,0,0
374891,0,0
374991,0,0
375091,0,0
375191,0,0
375291,0,0
375391,0,0
375490,0,0
375590,0,0
375690,0,0
375790,0,0
375890,0,0
375990,0,0
376090,0,0
376190,0,0
376290,0,0
376390,0,0
376490,0,0
376590,0,0
376690,0,0
376790,0,0
376890,0,0
376990,0,0
377090,0,0
377190,0,0
377290,0,0
377390,0,0
377490,0,0
377590,0,0
377690,0,0
377790,0,0
377890,0,0
377990,0,0
378090,0,0
378190,0,0
378290,0,0
378390,0,0
378490,0,0
378590,0,0
378690,0,0
378790,0,0
378890,0,0
378990,0,0
379090,0,0
379190,0,0
379290,0,0
379390,0,0
379488,0,0
379588,0,0
379688,0,0
379788,0,0
379888,0,0
379988,0,0
380088,0,0
380188,0,0
380288,0,0
380388,0,0
380488,0,0
380588,0,0
380688,0,0
380788,0,0
380888,0,0
380988,0,0
381088,0,0
381188,0,0
381288,0,0
381388,0,0
381488,0,0
381588,0,0
381688,0,0
381788,0,0
381888,0,0
381988,0,0
382088,0,0
382188,0,0
382288,0,0
382388,0,0
382488,0,0
382588,0,0
382688,0,0
382788,0,0
382888,0,0
382988,0,0
383088,0,0
383188,0,0
383288,0,0
383388,0,0
383485,0,0
383585,0,0
383685,0,0
383785,0,0
383885,0,0
383985,0,0
384085,0,0
384185,0,0
384285,0,0
384385,0,0
384485,0,0
384585,0,0
384685,0,0
384785,0,0
384885,0,0
384985,0,0
385085,0,0
385185,0,0
385285,0,0
385385,0,0
385485,0,0
385585,0,0
385685,0,0
385785,0,0
385885,0,0
385985,0,0
386085,0,0
386185,0,0
386285,0,0
386385,0,0
386485,0,0
386585,0,0
386685,0,0
386785,0,0
386885,0,0
386985,0,0
387085,0,0
387185,0,0
387285,0,0
387385,0,0
387485,0,0
387581,0,0
387681,0,0
387781,0,0
387881,0,0
387981,0,0
388081,0,0
388181,0,0
388281,0,0
388381,0,0
388481,0,0
388581,0,0
388681,0,0
388781,0,0
388881,0,0
388981,0,0
389081,0,0
389181,0,0
389281,0,0
389381,0,0
389481,0,0
389581,0,0
389681,0,0
389781,0,0
389881,0,0
389981,0,0
390081,0,0
390181,0,0
390281,0,0
390381,0,0
390481,0,0
390581,0,0
390681,0,0
390781,0,0
390881,0,0
390981,0,0
391081,0,0
391181,0,0
391281,0,0
391381,0,0
391481,0,0
391581,0,0
391681,0,0
391781,0,0
391881,0,0
391981,0,0
392081,0,0
392181,0,0
392281,0,0
392381,0,0
392481,0,0
392581,0,0
392681,0,0
392781,0,0
392881,0,0
392981,0,0
393081,0,0
393181,0,0
393281,0,0
393381,0,0
393481,0,0
393581,0,0
393681,0,0
393781,0,0
393881,0,0
393981,0,0
394081,0,0
394181,0,0
394281,0,0
394381,0,0
394481,0,0
394581,0,0
394681,0,0
394781,0,0
394881,0,0
394981,0,0
395081,0,0
395181,0,0
395281,0,0
395381,0,0
395481,0,0
395578,0,0
395678,0,0
395778,0,0
395878,0,0
395978,0,0
396078,0,0
396178,0,0
396278,0,0
396378,0,0
396478,0,0
396578,0,0
396678,0,0
396778,0,0
396878,0,0
396978,0,0
397078,0,0
397178,0,0
397278,0,0
397378,0,0
397478,0,0
397578,0,0
397678,0,0
397778,0,0
397878,0,0
397978,0,0
398078,0,0
398178,0,0
398278,0,0
398378,0,0
398478,0,0
398578,0,0
398678,0,0
398778,0,0
398878,0,0
398978,0,0
399078,0,0
399178,0,0
399278,0,0
399378,0,0
399478,0,0
399578,0,0
399678,0,0
399778,0,0
399878,0,0
399978,0,0
400078,0,0
400178,0,0
400278,0,0
400378,0,0
400478,0,0
400578,0,0
400678,0,0
400778,0,0
400878,0,0
400978,0,0
401078,0,0
401178,0,0
401278,0,0
401378,0,0
401478,0,0
401578,0,0
401678,0,0
401778,0,0
401878,0,0
401978,0,0
402078,0,0
402178,0,0
402278,0,0
402378,0,0
402478,0,0
402578,0,0
402678,0,0
402778,0,0
402878,0,0
402978,0,0
403078,0,0
403178,0,0
403278,0,0
403378,0,0
403478,0,0
403578,0,0
403678,0,0
403778,0,0
403878,0,0
403978,0,0
404078,0,0
404178,0,0
404278,0,0
404378,0,0
404478,0,0
404578,0,0
404678,0,0
404778,0,0
404878,0,0
404978,0,0
405078,0,0
405178,0,0
405278,0,0
405378,0,0
405478,0,0
405578,0,0
405678,0,0
405778,0,0
405878,0,0
405978,0,0
406078,0,0
406178,0,0
406278,0,0
406378,0,0
406478,0,0
406578,0,0
406678,0,0
406778,0,0
406878,0,0
406978,0,0
407078,0,0
407178,0,0
407278,0,0
407378,0,0
407478,0,0
407578,0,0
407678,0,0
407778,0,0
407878,0,0
407978,0,0
408078,0,0
408178,0,0
408278,0,0
408378,0,0
408478,0,0
408578,0,0
408678,0,0
408778,0,0
408878,0,0
408978,0,0
409078,0,0
409178,0,0
409278,0,0
409378,0,0
409478,0,0
409578,0,0
409678,0,0
409778,0,0
409878,0,0
409978,0,0
410078,0,0
410178,0,0
410278,0,0
410378,0,0
410478,0,0
410578,0,0
410678,0,0
410778,0,0
410878,0,0
410978,0,0
411078,0,0
411178,0,0
411278,0,0
411378,0,0
411478,0,0
411578,0,0
411678,0,0
411778,0,0
411878,0,0
411978,0,0
412078,0,0
412178,0,0
412278,0,0
412378,0,0
412478,0,0
412578,0,0
412678,0,0
412778,0,0
412878,0,0
412978,0,0
413078,0,0
413178,0,0
413278,0,0
413378,0,0
413478,0,0
413578,0,0
413678,0,0
413778,0,0
413878,0,0
413978,0,0
414078,0,0
414178,0,0
414278,0,0
414378,0,0
414478,0,0
414578,0,0
414678,0,0
414778,0,0
414878,0,0
414978,0,0
415078,0,0
415178,0,0
415278,0,0
415378,0,0
415478,0,0
415578,0,0
415678,0,0
415767,0,0
415867,0,0
415967,0,0
416067,0,0
416167,0,0
416491,0,0
416591,0,1
416691,0,1
416791,0,1
416891,0,1
416991,0,1
417091,0,1
417191,0,1
417291,0,1
417391,0,1
417491,0,1
417591,0,1
417691,0,1
417791,0,1
417891,0,1
417991,0,1
418091,0,1
418191,0,1
418291,0,1
418391,0,1
418491,0,1
418591,0,1
418691,0,1
418791,0,1
418891,0,1
418991,0,1
419091,0,1
419191,0,1
419291,0,1
419391,0,1
419491,0,1
419591,0,1
419691,0,1
419789,0,1
419889,0,1
419989,0,1
420089,0,1
420189,0,1
420289,0,1
420389,0,1
420489,0,1
420589,0,0
420689,0,0
420789,0,0
421358,0,0
421458,0,1
421558,0,1
421658,0,1
421758,0,1
421858,0,1
421958,0,1
422058,0,1
422158,0,1
422258,0,1
422358,0,1
422458,0,1
422558,0,1
422658,0,1
422758,0,1
422858,0,1
422958,0,1
423058,0,1
423158,0,1
423258,0,1
423358,0,1
423458,0,1
423558,0,1
423659,0,1
423759,0,1
423857,0,1
423957,0,1
424057,0,1
424157,0,1
424257,0,1
424357,0,1
424457,0,1
424557,0,1
424657,0,1
424757,0,1
424857,0,1
424957,0,1
425057,0,1
425157,0,1
425257,0,1
425703,0,0
425803,0,1
425903,0,1
426003,0,1
426122,0,1
426222,1,2
426322,1,2
426422,1,2
426522,1,2
426622,1,2
426722,1,2
426822,1,2
426922,1,2
427022,1,2
427122,1,2
427222,1,2
427322,1,2
427422,1,2
427522,1,2
427622,1,2
427722,1,2
427819,1,2
427920,1,2
428020,1,2
428148,0,0
428248,0,0
428348,0,0
428448,0,0
428548,0,0
428648,0,0
428748,0,0
428848,0,0
428948,0,0
429048,0,0
429148,0,0
429248,0,0
429348,0,0
429448,0,0
429548,0,0
429648,0,0
429748,0,0
429848,0,0
429948,0,0
430048,0,0
430148,0,0
430465,0,0
430566,0,1
430666,0,1
430766,0,1
430866,0,1
430966,0,1
431066,0,1
431166,0,1
431266,0,1
431366,0,1
431466,0,1
431566,0,1
431666,0,1
431766,0,1
431859,0,1
431959,0,1
432059,0,1
432159,0,1
432259,0,1
432359,0,1
432459,0,1
432559,0,1
432659,0,1
432759,0,1
432859,0,1
432959,0,1
433059,0,1
433159,0,1
433259,0,1
433359,0,1
433460,0,1
433560,0,1
433660,0,1
433760,0,1
433860,0,1
433960,0,1
434060,0,1
434160,0,1
434260,0,1
434360,0,1
434487,0,0
434587,0,0
434687,0,0
434787,0,0
434887,0,0
434987,0,0
435087,0,0
435187,0,0
435287,0,0
435387,0,0
435487,0,0
435587,0,0
435687,0,0
435789,0,0
435889,0,0
435989,0,0
436089,0,0
436189,0,0
436289,0,0
436389,0,0
436489,0,0
436589,0,0
436689,0,0
436790,0,0
436890,0,0
436990,0,0
437090,0,0
437190,0,0
437290,0,0
437390,0,0
437490,0,0
437590,0,0
437690,0,0
437790,0,0
437890,0,0
437990,0,0
438090,0,0
438190,0,0
438290,0,0
438390,0,0
438490,0,0
438590,0,0
438690,0,0
438790,0,0
438890,0,0
438990,0,0
439090,0,0
439190,0,0
439290,0,0
439390,0,0
439490,0,0
439590,0,0
439691,0,0
439790,0,0
439890,0,0
439990,0,0
440090,0,0
440190,0,0
440290,0,0
440390,0,0
440490,0,0
440590,0,0
440690,0,0
440790,0,0
440890,0,0
440990,0,0
441090,0,0
441190,0,0
441290,0,0
441390,0,0
441490,0,0
441590,0,0
441690,0,0
441790,0,0
441890,0,0
441990,0,0
442090,0,0
442190,0,0
442290,0,0
442390,0,0
442490,0,0
442590,0,0
442690,0,0
442790,0,0
442890,0,0
442990,0,0
443090,0,0
443190,0,0
443290,0,0
443390,0,0
443490,0,0
443590,0,0
443690,0,0
443784,0,0
443884,0,0
443984,0,0
444084,0,0
444184,0,0
444284,0,0
444384,0,0
444484,0,0
444584,0,0
444684,0,0
444784,0,0
444884,0,0
444984,0,0
445084,0,0
445184,0,0
445284,0,0
445384,0,0
445484,0,0
445584,0,0
445684,0,0
445784,0,0
445884,0,0
445984,0,0
446084,0,0
446184,0,0
446284,0,0
446384,0,0
446484,0,0
446584,0,0
446684,0,0
446784,0,0
446884,0,0
446984,0,0
447084,0,0
447184,0,0
447284,0,0
447384,0,0
447484,0,0
447584,0,0
447684,0,0
447784,0,0
447884,0,0
447984,0,0
448084,0,0
448184,0,0
448284,0,0
448384,0,0
448484,0,0
448584,0,0
448684,0,0
448784,0,0
448884,0,0
448984,0,0
449084,0,0
449184,0,0
449284,0,0
449384,0,0
449484,0,0
449584,0,0
449684,0,0
449784,0,0
449884,0,0
449984,0,0
450084,0,0
450184,0,0
450284,0,0
450384,0,0
450484,0,0
450584,0,0
450684,0,0
450784,0,0
450884,0,0
450984,0,0
451084,0,0
451184,0,0
451284,0,0
451384,0,0
451484,0,0
451584,0,0
451684,0,0
451782,0,0
451882,0,0
451982,0,0
452082,0,0
452182,0,0
452282,0,0
452382,0,0
452482,0,0
452582,0,0
452682,0,0
452782,0,0
452882,0,0
452982,0,0
453082,0,0
453182,0,0
453282,0,0
453382,0,0
453482,0,0
453582,0,0
453682,0,0
453782,0,0
453882,0,0
453982,0,0
454082,0,0
454182,0,0
454282,0,0
454382,0,0
454482,0,0
454582,0,0
454682,0,0
454782,0,0
454882,0,0
454982,0,0
455082,0,0
455182,0,0
455282,0,0
455382,0,0
455482,0,0
455582,0,0
455682,0,0
455782,0,0
455879,0,0
455979,0,0
456079,0,0
456179,0,0
456279,0,0
456379,0,0
456479,0,0
456579,0,0
456679,0,0
456779,0,0
456879,0,0
456979,0,0
457079,0,0
457179,0,0
457279,0,0
457379,0,0
457479,0,0
457579,0,0
457679,0,0
457779,0,0
457879,0,0
457979,0,0
458079,0,0
458179,0,0
458279,0,0
458379,0,0
458479,0,0
458579,0,0
458679,0,0
458779,0,0
458879,0,0
458979,0,0
459079,0,0
459179,0,0
459279,0,0
459379,0,0
459479,0,0
459579,0,0
459679,0,0
459779,0,0
459879,0,0
459979,0,0
460079,0,0
460179,0,0
460279,0,0
460379,0,0
460479,0,0
460579,0,0
460679,0,0
460779,0,0
460879,0,0
460979,0,0
461079,0,0
461179,0,0
461279,0,0
461379,0,0
461479,0,0
461579,0,0
461679,0,0
461779,0,0
461879,0,0
461979,0,0
462079,0,0
462179,0,0
462279,0,0
462379,0,0
462479,0,0
462579,0,0
462679,0,0
462779,0,0
462879,0,0
462979,0,0
463079,0,0
463179,0,0
463279,0,0
463379,0,0
463479,0,0
463579,0,0
463679,0,0
463779,0,0
463879,0,0
463979,0,0
464079,0,0
464179,0,0
464279,0,0
464379,0,0
464479,0,0
464579,0,0
464679,0,0
464779,0,0
464879,0,0
464979,0,0
465079,0,0
465179,0,0
465279,0,0
465379,0,0
465479,0,0
465579,0,0
465679,0,0
465779,0,0
465879,0,0
465979,0,0
466079,0,0
466179,0,0
466279,0,0
466379,0,0
466479,0,0
466579,0,0
466679,0,0
466779,0,0
466879,0,0
466979,0,0
467079,0,0
467179,0,0
467279,0,0
467379,0,0
467479,0,0
467579,0,0
467679,0,0
467779,0,0
467879,0,0
467979,0,0
468079,0,0
468179,0,0
468279,0,0
468379,0,0
468479,0,0
468579,0,0
468679,0,0
468779,0,0
468879,0,0
468979,0,0
469079,0,0
469179,0,0
469279,0,0
469379,0,0
469479,0,0
469579,0,0
469679,0,0
469779,0,0
469879,0,0
469979,0,0
470079,0,0
470179,0,0
470279,0,0
470379,0,0
470479,0,0
470579,0,0
470679,0,0
470779,0,0
470879,0,0
470979,0,0
471079,0,0
471179,0,0
471279,0,0
471379,0,0
471479,0,0
471579,0,0
471679,0,0
471779,0,0
471871,0,0
471971,0,0
472071,0,0
472171,0,0
472271,0,0
472371,0,0
472471,0,0
472571,0,0
472671,0,0
472771,0,0
472871,0,0
472971,0,0
473071,0,0
473171,0,0
473271,0,0
473371,0,0
473471,0,0
473571,0,0
473671,0,0
473771,0,0
473871,0,0
473971,0,0
474071,0,0
474171,0,0
474271,0,0
474371,0,0
474471,0,0
474571,0,0
474671,0,0
474771,0,0
474871,0,0
475110,0,0
475210,0,1
475310,0,1
475410,0,1
475511,0,1
475611,0,1
475711,0,1
475811,0,1
475895,0,1
475995,0,1
476095,0,1
476195,0,1
476295,0,1
476395,0,1
476495,0,1
476595,0,1
476695,0,1
476795,0,1
476895,0,1
476995,0,1
477095,0,1
477195,0,1
477295,0,1
477395,0,1
477495,0,1
477595,0,1
477695,0,1
477795,0,1
477895,0,1
477995,0,1
478095,0,1
478195,0,1
478295,0,1
478395,0,1
478495,0,1
478595,0,1
478695,0,1
478795,0,1
478895,0,1
478995,0,1
479123,0,0
479223,0,0
479323,0,0
479423,0,0
479939,0,0
479895,0,1
479995,0,1
480095,0,1
480197,0,1
480297,1,2
480397,1,2
480497,1,2
480597,1,2
480697,1,2
480797,1,2
480898,1,2
480998,1,2
481098,1,2
481198,1,2
481298,1,2
481398,1,2
481498,1,2
481598,1,2
481698,1,2
481798,1,2
481898,1,2
481998,1,2
482098,1,2
482226,0,0
482326,0,0
482426,0,0
482526,0,0
482626,0,0
482726,0,0
482826,0,0
482926,0,0
483026,0,0
483126,0,0
483226,0,0
483326,0,0
483426,0,0
483526,0,0
483626,0,0
483879,0,0
483979,0,0
484080,0,0
484180,0,0
484280,0,0
484380,0,0
484582,0,0
484682,0,1
484782,0,1
484882,0,1
484982,0,1
485082,0,1
485182,0,1
485282,0,1
485382,0,1
485482,0,1
485582,0,1
485682,0,1
485782,0,1
485882,0,1
485982,0,1
486082,0,1
486182,0,1
486282,0,1
486382,0,1
486482,0,1
486582,0,1
486683,0,1
486783,0,1
486883,0,1
486983,0,1
487083,0,1
487183,0,1
487283,0,1
487383,0,1
487483,0,1
487583,0,1
487683,0,1
487783,0,1
487881,0,1
487981,0,1
488081,0,1
488181,0,1
488281,0,1
488381,0,1
488481,0,1
488609,0,0
488709,0,0
488809,0,0
488909,0,0
489009,0,0
489109,0,0
489209,0,0
489309,0,0
489409,0,0
489509,0,0
489609,0,0
489710,0,0
489810,0,0
489910,0,0
490010,0,0
490110,0,0
490210,0,0
490310,0,0
490410,0,0
490510,0,0
490610,0,0
490710,0,0
490810,0,0
490910,0,0
491010,0,0
491110,0,0
491210,0,0
491310,0,0
491410,0,0
491510,0,0
491610,0,0
491710,0,0
491810,0,0
491895,0,0
491995,0,0
492095,0,0
492195,0,0
492295,0,0
492395,0,0
492495,0,0
492595,0,0
492695,0,0
492795,0,0
492895,0,0
492995,0,0
493095,0,0
493195,0,0
493295,0,0
493395,0,0
493495,0,0
493595,0,0
493695,0,0
493795,0,0
493895,0,0
493995,0,0
494095,0,0
494195,0,0
494295,0,0
494395,0,0
494495,0,0
494595,0,0
494695,0,0
494795,0,0
494895,0,0
494995,0,0
495095,0,0
495195,0,0
495295,0,0
495395,0,0
495495,0,0
495595,0,0
495695,0,0
495795,0,0
495894,0,0
495994,0,0
496094,0,0
496194,0,0
496294,0,0
496394,0,0
496494,0,0
496594,0,0
496694,0,0
496794,0,0
496894,0,0
496994,0,0
497094,0,0
497194,0,0
497294,0,0
497394,0,0
497494,0,0
497594,0,0
497694,0,0
497794,0,0
497894,0,0
497994,0,0
498094,0,0
498194,0,0
498294,0,0
498394,0,0
498494,0,0
498594,0,0
498694,0,0
498794,0,0
498894,0,0
498994,0,0
499094,0,0
499194,0,0
499294,0,0
499394,0,0
499494,0,0
499594,0,0
499694,0,0
499794,0,0
499894,0,0
499994,0,0
500094,0,0
500194,0,0
500294,0,0
500394,0,0
500494,0,0
500594,0,0
500694,0,0
500794,0,0
500894,0,0
500994,0,0
501094,0,0
501194,0,0
501294,0,0
501394,0,0
501494,0,0
501594,0,0
501694,0,0
501794,0,0
501894,0,0
501994,0,0
502094,0,0
502194,0,0
502294,0,0
502394,0,0
502494,0,0
502594,0,0
502694,0,0
502794,0,0
502894,0,0
502994,0,0
503094,0,0
503194,0,0
503294,0,0
503394,0,0
503494,0,0
503594,0,0
503694,0,0
503794,0,0
503895,0,0
503995,0,0
504095,0,0
504195,0,0
504295,0,0
504395,0,0
504495,0,0
504595,0,0
504695,0,0
504795,0,0
504895,0,0
504995,0,0
505095,0,0
505195,0,0
505295,0,0
505395,0,0
505495,0,0
505595,0,0
505695,0,0
505795,0,0
505895,0,0
505995,0,0
506095,0,0
506195,0,0
506295,0,0
506395,0,0
506495,0,0
506595,0,0
506695,0,0
506795,0,0
506895,0,0
506995,0,0
507095,0,0
507195,0,0
507295,0,0
507395,0,0
507495,0,0
507595,0,0
507695,0,0
507795,0,0
507895,0,0
507995,0,0
508095,0,0
508195,0,0
508295,0,0
508395,0,0
508495,0,0
508595,0,0
508695,0,0
508795,0,0
508895,0,0
508995,0,0
509095,0,0
509195,0,0
509295,0,0
509395,0,0
509495,0,0
509595,0,0
509695,0,0
509795,0,0
509895,0,0
509995,0,0
510095,0,0
510195,0,0
510295,0,0
510395,0,0
510495,0,0
510595,0,0
510695,0,0
510795,0,0
510895,0,0
510995,0,0
511095,0,0
511195,0,0
511295,0,0
511395,0,0
511495,0,0
511595,0,0
511695,0,0
511795,0,0
511894,0,0
511994,0,0
512094,0,0
512194,0,0
512294,0,0
512394,0,0
512494,0,0
512594,0,0
512694,0,0
512794,0,0
512894,0,0
512994,0,0
513094,0,0
513194,0,0
513294,0,0
513394,0,0
513494,0,0
513594,0,0
513694,0,0
513794,0,0
513894,0,0
513994,0,0
514094,0,0
514194,0,0
514294,0,0
514394,0,0
514494,0,0
514594,0,0
514694,0,0
514794,0,0
514894,0,0
514994,0,0
515094,0,0
515194,0,0
515294,0,0
515394,0,0
515494,0,0
515594,0,0
515694,0,0
515794,0,0
515894,0,0
515994,0,0
516094,0,0
516194,0,0
516294,0,0
516394,0,0
516494,0,0
516594,0,0
516694,0,0
516794,0,0
516894,0,0
516994,0,0
517094,0,0
517194,0,0
517294,0,0
517394,0,0
517494,0,0
517594,0,0
517694,0,0
517794,0,0
517894,0,0
517994,0,0
518094,0,0
518194,0,0
518294,0,0
518394,0,0
518494,0,0
518594,0,0
518694,0,0
518794,0,0
518894,0,0
518994,0,0
519094,0,0
519194,0,0
519294,0,0
519394,0,0
519494,0,0
519594,0,0
519694,0,0
519794,0,0
519894,0,0
519994,0,0
520094,0,0
520194,0,0
520294,0,0
520394,0,0
520494,0,0
520594,0,0
520694,0,0
520794,0,0
520894,0,0
520994,0,0
521094,0,0
521194,0,0
521294,0,0
521394,0,0
521494,0,0
521594,0,0
521694,0,0
521794,0,0
521894,0,0
521994,0,0
522094,0,0
522194,0,0
522294,0,0
522394,0,0
522494,0,0
522594,0,0
522694,0,0
522794,0,0
522894,0,0
522994,0,0
523094,0,0
523194,0,0
523294,0,0
523394,0,0
523494,0,0
523594,0,0
523694,0,0
523794,0,0
523894,0,0
523994,0,0
524094,0,0
524194,0,0
524294,0,0
524394,0,0
524494,0,0
524594,0,0
524694,0,0
524794,0,0
524894,0,0
524994,0,0
525094,0,0
525194,0,0
525294,0,0
525394,0,0
525494,0,0
525594,0,0
525694,0,0
525794,0,0
525894,0,0
525994,0,0
526094,0,0
526194,0,0
526294,0,0
526394,0,0
526494,0,0
526594,0,0
526694,0,0
526794,0,0
526894,0,0
526994,0,0
527094,0,0
527194,0,0
527294,0,0
527394,0,0
527494,0,0
527594,0,0
527694,0,0
527794,0,0
527894,0,0
527994,0,0
528094,0,0
528194,0,0
528294,0,0
528394,0,0
528494,0,0
528594,0,0
528694,0,0
528794,0,0
528894,0,0
528994,0,0
529094,0,0
529194,0,0
529294,0,0
529394,0,0
529494,0,0
529594,0,0
529694,0,0
529794,0,0
529894,0,0
529994,0,0
530094,0,0
530194,0,0
530294,0,0
530394,0,0
530494,0,0
530594,0,0
530694,0,0
530794,0,0
530894,0,0
530994,0,0
531094,0,0
531194,0,0
531294,0,0
531394,0,0
531494,0,0
531594,0,0
531694,0,0
531794,0,0
531894,0,0
531994,0,0
532094,0,0
532194,0,0
532294,0,0
532394,0,0
532494,0,0
532594,0,0
532694,0,0
532794,0,0
532894,0,0
532994,0,0
533094,0,0
533183,0,0
533283,0,0
533383,0,0
533483,0,0
533643,0,0
533743,0,1
533843,0,1
533943,0,1
534043,0,1
534143,0,1
534243,0,1
534343,0,1
534443,0,1
534543,0,1
534643,0,1
534743,0,1
534843,0,1
534943,0,1
535043,0,1
535143,0,1
535243,0,1
535343,0,1
535443,0,1
535543,0,1
535643,0,1
535743,0,1
535843,0,1
535943,0,1
536043,0,1
536143,0,1
536243,0,1
536343,0,1
536443,0,1
536543,0,1
536643,0,1
536743,0,1
536843,0,1
536943,0,1
537043,0,1
537141,0,1
537241,0,1
537341,0,1
537441,0,1
537541,0,1
537641,0,1
537741,0,0
537841,0,0
537941,0,0
538041,0,0
538141,0,0
538241,0,0
538341,0,0
538441,0,0
538541,0,0
538641,0,0
538741,0,0
538841,0,0
538941,0,0
539041,0,0
539141,0,0
539241,0,0
539341,0,0
539441,0,0
539541,0,0
539641,0,0
539741,0,0
539841,0,0
539941,0,0
540041,0,0
540141,0,0
540241,0,0
540341,0,0
540441,0,0
540541,0,0
540641,0,0
540741,0,0
540841,0,0
540941,0,0
541041,0,0
541138,0,0
541238,0,0
541338,0,0
541438,0,0
541538,0,0
541638,0,0
541738,0,0
541838,0,0
541938,0,0
542038,0,0
542138,0,0
542238,0,0
542338,0,0
542438,0,0
542538,0,0
542638,0,0
542738,0,0
542838,0,0
542938,0,0
543038,0,0
543138,0,0
543238,0,0
543338,0,0
543438,0,0
543538,0,0
543638,0,0
543738,0,0
543838,0,0
543938,0,0
544038,0,0
544138,0,0
544238,0,0
544338,0,0
544438,0,0
544538,0,0
544638,0,0
544738,0,0
544838,0,0
544938,0,0
545038,0,0
545135,0,0
545235,0,0
545335,0,0
545435,0,0
545535,0,0
545635,0,0
545735,0,0
545835,0,0
545935,0,0
546035,0,0
546135,0,0
546235,0,0
546335,0,0
546435,0,0
546535,0,0
546635,0,0
546735,0,0
546835,0,0
546935,0,0
547035,0,0
547135,0,0
547235,0,0
547335,0,0
547435,0,0
547535,0,0
547635,0,0
547735,0,0
547835,0,0
547935,0,0
548035,0,0
548135,0,0
548235,0,0
548335,0,0
548435,0,0
548535,0,0
548635,0,0
548735,0,0
548835,0,0
548935,0,0
549035,0,0
549134,0,0
549234,0,0
549334,0,0
549434,0,0
549534,0,0
549634,0,0
549734,0,0
549834,0,0
549934,0,0
550034,0,0
550134,0,0
550234,0,0
550334,0,0
550434,0,0
550534,0,0
550634,0,0
550734,0,0
550834,0,0
550934,0,0
551034,0,0
551134,0,0
551234,0,0
551334,0,0
551434,0,0
551534,0,0
551634,0,0
551734,0,0
551834,0,0
551934,0,0
552034,0,0
552134,0,0
552234,0,0
552334,0,0
552434,0,0
552534,0,0
552634,0,0
552734,0,0
552834,0,0
552934,0,0
553034,0,0
553130,0,0
553230,0,0
553330,0,0
553430,0,0
553530,0,0
553630,0,0
553730,0,0
553830,0,0
553930,0,0
554030,0,0
554130,0,0
554230,0,0
554330,0,0
554430,0,0
554530,0,0
554630,0,0
554730,0,0
554830,0,0
554930,0,0
555030,0,0
555130,0,0
555230,0,0
555330,0,0
555430,0,0
555530,0,0
555630,0,0
555730,0,0
555830,0,0
555930,0,0
556030,0,0
556130,0,0
556230,0,0
556330,0,0
556430,0,0
556530,0,0
556630,0,0
556730,0,0
556830,0,0
556930,0,0
557030,0,0
557129,0,0
557229,0,0
557329,0,0
557429,0,0
557529,0,0
557629,0,0
557729,0,0
557829,0,0
557929,0,0
558029,0,0
558129,0,0
558229,0,0
558329,0,0
558429,0,0
558529,0,0
558629,0,0
558729,0,0
558829,0,0
558929,0,0
559029,0,0
559129,0,0
559229,0,0
559329,0,0
559429,0,0
559529,0,0
559629,0,0
559729,0,0
559829,0,0
559929,0,0
560029,0,0
560129,0,0
560229,0,0
560329,0,0
560429,0,0
560529,0,0
560629,0,0
560729,0,0
560829,0,0
560929,0,0
561029,0,0
561127,0,0
561227,0,0
561327,0,0
561427,0,0
561527,0,0
561627,0,0
561727,0,0
561827,0,0
561927,0,0
562027,0,0
562127,0,0
562227,0,0
562327,0,0
562427,0,0
562527,0,0
562627,0,0
562727,0,0
562827,0,0
562927,0,0
563027,0,0
563127,0,0
563227,0,0
563327,0,0
563427,0,0
563527,0,0
563627,0,0
563727,0,0
563827,0,0
563927,0,0
564027,0,0
564127,0,0
564227,0,0
564327,0,0
564427,0,0
564527,0,0
564627,0,0
564727,0,0
564827,0,0
564927,0,0
565027,0,0
565127,0,0
565211,0,0
565311,0,0
565411,0,0
565511,0,0
565611,0,0
565711,0,0
565811,0,0
565911,0,0
566011,0,0
566111,0,0
566211,0,0
566311,0,0
566411,0,0
566511,0,0
566611,0,0
566711,0,0
566811,0,0
566911,0,0
567011,0,0
567111,0,0
567211,0,0
567311,0,0
567411,0,0
567511,0,0
567611,0,0
567711,0,0
567811,0,0
567911,0,0
568011,0,0
568111,0,0
568211,0,0
568311,0,0
568411,0,0
568511,0,0
568611,0,0
568711,0,0
568811,0,0
568911,0,0
569011,0,0
569111,0,0
569217,0,0
569317,0,0
569417,0,0
569517,0,0
569617,0,0
569717,0,0
569817,0,0
569917,0,0
570017,0,0
570117,0,0
570217,0,0
570317,0,0
570417,0,0
570517,0,0
570617,0,0
570717,0,0
570817,0,0
570917,0,0
571017,0,0
571117,0,0
571217,0,0
571317,0,0
571417,0,0
571517,0,0
571617,0,0
571717,0,0
571817,0,0
571917,0,0
572017,0,0
572117,0,0
572217,0,0
572317,0,0
572417,0,0
572517,0,0
572617,0,0
572717,0,0
572817,0,0
572917,0,0
573017,0,0
573117,0,0
573217,0,0
573317,0,0
573417,0,0
573517,0,0
573617,0,0
573853,0,0
573953,0,0
574053,0,0
574153,0,0
574253,0,0
574353,0,0
574453,0,0
574553,0,0
574653,0,0
574753,0,0
574853,0,0
574953,0,0
575053,0,0
575153,0,0
575253,0,0
575353,0,0
575453,0,0
575553,0,0
575653,0,0
575753,0,0
575853,0,0
575953,0,0
576053,0,0
576153,0,0
576253,0,0
576353,0,0
576453,0,0
576553,0,0
576653,0,0
576753,0,0
576853,0,0
576953,0,0
577053,0,0
577153,0,0
577253,0,0
577353,0,0
577453,0,0
577553,0,0
577653,0,0
577753,0,0
577870,0,0
577970,0,0
578070,0,0
578170,0,0
578270,0,0
578370,0,0
578470,0,0
578570,0,0
578670,0,0
578770,0,0
578870,0,0
578970,0,0
579070,0,0
579170,0,0
579270,0,0
579370,0,0
579471,0,0
579571,0,0
579671,0,0
579771,0,0
579871,0,0
579971,0,0
580071,0,0
580171,0,0
580271,0,0
580371,0,0
580471,0,0
580571,0,0
580671,0,0
580771,0,0
580871,0,0
580971,0,0
581071,0,0
581171,0,0
581271,0,0
581371,0,0
581471,0,0
581571,0,0
581671,0,0
581771,0,0
581871,0,0
581971,0,0
582071,0,0
582171,0,0
582271,0,0
582372,0,0
582472,0,0
582572,0,0
582672,0,0
582772,0,0
582872,0,0
582972,0,0
583072,0,0
583172,0,0
583272,0,0
583372,0,0
583472,0,0
583572,0,0
583672,0,0
583772,0,0
583872,0,0
583972,0,0
584072,0,0
584172,0,0
584272,0,0
584372,0,0
584472,0,0
584572,0,0
584672,0,0
584772,0,0
584872,0,0
584972,0,0
585072,0,0
585172,0,0
585273,0,0
585373,0,0
585473,0,0
585573,0,0
585673,0,0
585773,0,0
585873,0,0
585973,0,0
586073,0,0
586173,0,0
586273,0,0
586373,0,0
586473,0,0
586573,0,0
586673,0,0
586773,0,0
586873,0,0
586973,0,0
587073,0,0
587173,0,0
587273,0,0
587373,0,0
587473,0,0
587573,0,0
587673,0,0
587773,0,0
587873,0,0
587973,0,0
588073,0,0
588173,0,0
588273,0,0
588373,0,0
588473,0,0
588573,0,0
588673,0,0
588773,0,0
588873,0,0
588973,0,0
589073,0,0
589173,0,0
589273,0,0
589373,0,0
589473,0,0
589573,0,0
589673,0,0
589773,0,0
589873,0,0
589973,0,0
590073,0,0
590173,0,0
590273,0,0
590373,0,0
590473,0,0
590573,0,0
590673,0,0
