p:4000,20000,6000,600,8000,4000,2000,8000,70
15097,0,0
15197,0,0
15297,0,0
15397,0,0
15497,0,0
15597,0,0
15697,0,0
15797,0,0
15897,0,0
15997,0,0
16097,0,0
16197,0,0
16735,0,0
16835,0,1
16935,0,1
17035,0,1
17135,0,1
17235,0,1
17335,0,1
17435,0,1
17535,0,1
17635,0,1
17735,0,1
17835,0,1
17936,0,1
18036,0,1
18136,0,1
18236,0,1
18336,0,1
18436,0,1
18536,0,1
18636,0,1
18736,0,1
18836,0,1
18936,0,1
19033,0,1
19133,0,1
19233,0,1
19333,0,1
19433,0,1
19533,0,1
19633,0,1
19733,0,1
19833,0,1
19933,0,1
20033,0,1
20133,0,1
20233,0,1
20333,0,1
20433,0,1
20533,0,1
20633,0,1
20761,0,0
20861,0,0
20962,0,0
21062,0,0
21162,0,0
21262,0,0
21362,0,0
21462,0,0
21562,0,0
21662,0,0
21762,0,0
21862,0,0
21962,0,0
22062,0,0
22162,0,0
22262,0,0
22362,0,0
22462,0,0
22562,0,0
22662,0,0
22762,0,0
22862,0,0
22962,0,0
23060,0,0
23160,0,0
23260,0,0
23360,0,0
23460,0,0
23560,0,0
23660,0,0
23760,0,0
23860,0,0
23960,0,0
24060,0,0
24160,0,0
24260,0,0
24360,0,0
24460,0,0
24560,0,0
24660,0,0
24760,0,0
24860,0,0
24960,0,0
25060,0,0
25160,0,0
25260,0,0
25360,0,0
25460,0,0
25560,0,0
25660,0,0
25760,0,0
25860,0,0
25960,0,0
26060,0,0
26160,0,0
26260,0,0
26360,0,0
26460,0,0
26560,0,0
26660,0,0
26760,0,0
26860,0,0
26960,0,0
27057,0,0
27157,0,0
27257,0,0
27357,0,0
27457,0,0
27557,0,0
27657,0,0
27757,0,0
27857,0,0
27957,0,0
28057,0,0
28157,0,0
28257,0,0
28357,0,0
28457,0,0
28557,0,0
28657,0,0
28757,0,0
28857,0,0
28957,0,0
29057,0,0
29157,0,0
29257,0,0
29357,0,0
29457,0,0
29557,0,0
29657,0,0
29757,0,0
29857,0,0
29957,0,0
30057,0,0
30157,0,0
30257,0,0
30357,0,0
30457,0,0
30557,0,0
30657,0,0
30757,0,0
30857,0,0
30957,0,0
31056,0,0
31156,0,0
31256,0,0
31356,0,0
31456,0,0
31556,0,0
31656,0,0
31756,0,0
31856,0,0
31956,0,0
32056,0,0
32156,0,0
32256,0,0
32356,0,0
32456,0,0
32556,0,0
32656,0,0
32756,0,0
32856,0,0
32956,0,0
33056,0,0
33156,0,0
33256,0,0
33356,0,0
33456,0,0
33556,0,0
33656,0,0
33756,0,0
33856,0,0
33956,0,0
34056,0,0
34156,0,0
34256,0,0
34356,0,0
34456,0,0
34556,0,0
34656,0,0
34756,0,0
34856,0,0
34956,0,0
35053,0,0
35153,0,0
35253,0,0
35353,0,0
35453,0,0
35553,0,0
35653,0,0
35753,0,0
35853,0,0
35953,0,0
36053,0,0
36153,0,0
36253,0,0
36353,0,0
36453,0,0
36553,0,0
36653,0,0
36753,0,0
36853,0,0
36953,0,0
37053,0,0
37153,0,0
37253,0,0
37353,0,0
37453,0,0
37553,0,0
37653,0,0
37753,0,0
37853,0,0
37953,0,0
38053,0,0
38153,0,0
38253,0,0
38353,0,0
38453,0,0
38553,0,0
38653,0,0
38753,0,0
38853,0,0
38953,0,0
39051,0,0
39151,0,0
39251,0,0
39351,0,0
39451,0,0
39551,0,0
39651,0,0
39751,0,0
39851,0,0
39951,0,0
40051,0,0
40151,0,0
40251,0,0
40351,0,0
40451,0,0
40551,0,0
40651,0,0
40751,0,0
40851,0,0
40951,0,0
41051,0,0
41151,0,0
41251,0,0
41351,0,0
41451,0,0
41551,0,0
41651,0,0
41751,0,0
41851,0,0
41951,0,0
42051,0,0
42151,0,0
42251,0,0
42351,0,0
42451,0,0
42551,0,0
42651,0,0
42751,0,0
42851,0,0
42951,0,0
43048,0,0
43148,0,0
43248,0,0
43348,0,0
43448,0,0
43548,0,0
43648,0,0
43748,0,0
43848,0,0
43948,0,0
44048,0,0
44148,0,0
44248,0,0
44348,0,0
44448,0,0
44548,0,0
44648,0,0
44748,0,0
44848,0,0
44948,0,0
45048,0,0
45148,0,0
45248,0,0
45348,0,0
45448,0,0
45548,0,0
45648,0,0
45748,0,0
45848,0,0
45948,0,0
46048,0,0
46148,0,0
46248,0,0
46348,0,0
46448,0,0
46548,0,0
46648,0,0
46748,0,0
46848,0,0
46948,0,0
47046,0,0
47146,0,0
47246,0,0
47346,0,0
47446,0,0
47546,0,0
47646,0,0
47746,0,0
47846,0,0
47946,0,0
48046,0,0
48146,0,0
48246,0,0
48346,0,0
48446,0,0
48546,0,0
48646,0,0
48746,0,0
48846,0,0
48946,0,0
49046,0,0
49146,0,0
49246,0,0
49346,0,0
49446,0,0
49546,0,0
49646,0,0
49746,0,0
49846,0,0
49946,0,0
50046,0,0
50146,0,0
50246,0,0
50346,0,0
50446,0,0
50546,0,0
50646,0,0
50746,0,0
50846,0,0
50946,0,0
51044,0,0
51144,0,0
51244,0,0
51344,0,0
51444,0,0
51544,0,0
51644,0,0
51744,0,0
51844,0,0
51944,0,0
52044,0,0
52144,0,0
52244,0,0
52344,0,0
52444,0,0
52544,0,0
52644,0,0
52744,0,0
52844,0,0
52944,0,0
53044,0,0
53144,0,0
53244,0,0
53344,0,0
53444,0,0
53544,0,0
53644,0,0
53744,0,0
53844,0,0
53944,0,0
54044,0,0
54144,0,0
54244,0,0
54344,0,0
54444,0,0
54544,0,0
54644,0,0
54744,0,0
54844,0,0
54944,0,0
55044,0,0
55144,0,0
55244,0,0
55344,0,0
55444,0,0
55544,0,0
55644,0,0
55744,0,0
55844,0,0
55944,0,0
56044,0,0
56144,0,0
56244,0,0
56344,0,0
56444,0,0
56544,0,0
56644,0,0
56744,0,0
56844,0,0
56944,0,0
57044,0,0
57144,0,0
57244,0,0
57344,0,0
57444,0,0
57544,0,0
57644,0,0
57744,0,0
57844,0,0
57944,0,0
58044,0,0
58144,0,0
58244,0,0
58344,0,0
58444,0,0
58544,0,0
58644,0,0
58744,0,0
58844,0,0
58944,0,0
59044,0,0
59144,0,0
59244,0,0
59344,0,0
59444,0,0
59544,0,0
59644,0,0
59744,0,0
59844,0,0
59944,0,0
60044,0,0
60144,0,0
60244,0,0
60344,0,0
60444,0,0
60544,0,0
60644,0,0
60744,0,0
60844,0,0
60944,0,0
61044,0,0
61144,0,0
61244,0,0
61344,0,0
61444,0,0
61544,0,0
61644,0,0
61744,0,0
61844,0,0
61944,0,0
62044,0,0
62144,0,0
62244,0,0
62344,0,0
62444,0,0
62544,0,0
62644,0,0
62744,0,0
62844,0,0
62944,0,0
63044,0,0
63144,0,0
63244,0,0
63344,0,0
63444,0,0
63544,0,0
63644,0,0
63744,0,0
63844,0,0
63944,0,0
64044,0,0
64144,0,0
64244,0,0
64344,0,0
64444,0,0
64544,0,0
64644,0,0
64744,0,0
64844,0,0
64944,0,0
65044,0,0
65144,0,0
65244,0,0
65344,0,0
65444,0,0
65544,0,0
65644,0,0
65744,0,0
65844,0,0
65944,0,0
66044,0,0
66144,0,0
66244,0,0
66344,0,0
66444,0,0
66544,0,0
66644,0,0
66744,0,0
66844,0,0
66944,0,0
67044,0,0
67144,0,0
67244,0,0
67344,0,0
67444,0,0
67544,0,0
67644,0,0
67744,0,0
67844,0,0
67944,0,0
68044,0,0
68144,0,0
68244,0,0
68344,0,0
68444,0,0
68544,0,0
68644,0,0
68744,0,0
68844,0,0
68944,0,0
69044,0,0
69144,0,0
69244,0,0
69344,0,0
69444,0,0
69544,0,0
69644,0,0
69744,0,0
69844,0,0
69944,0,0
70044,0,0
70144,0,0
70244,0,0
70344,0,0
70444,0,0
70544,0,0
70644,0,0
70744,0,0
70844,0,0
70944,0,0
71044,0,0
71144,0,0
71244,0,0
71344,0,0
71444,0,0
71544,0,0
71644,0,0
71744,0,0
71844,0,0
71944,0,0
72044,0,0
72144,0,0
72244,0,0
72344,0,0
72444,0,0
72544,0,0
72644,0,0
72744,0,0
72844,0,0
72944,0,0
73044,0,0
73144,0,0
73244,0,0
73344,0,0
73444,0,0
73544,0,0
73623,0,0
73723,0,0
73823,0,0
74034,0,0
74134,0,1
74234,0,1
74334,0,1
74434,0,1
74534,0,1
74634,0,1
74734,0,1
74834,0,1
74934,0,1
75034,0,1
75134,0,1
75234,0,1
75334,0,1
75434,0,1
75534,0,1
75634,0,1
75734,0,1
75835,0,1
75935,0,1
76035,0,1
76135,0,1
76235,0,1
76335,0,1
76435,0,1
76535,0,1
76635,0,1
76735,0,1
76835,0,1
76935,0,1
77035,0,1
77135,0,1
77235,0,1
77335,0,1
77435,0,1
77541,0,1
77641,0,1
77741,0,1
77841,0,1
77941,0,1
78069,0,0
78169,0,0
78269,0,0
78369,0,0
78888,0,0
78988,0,1
79088,0,1
79188,0,1
79288,0,1
79388,0,1
79488,0,1
79588,0,1
79688,0,1
79788,0,1
79888,0,1
79988,0,1
80088,0,1
80188,0,1
80288,0,1
80388,0,1
80488,0,1
80588,0,1
80688,0,1
80788,0,1
80888,0,1
80988,0,1
81089,0,1
81189,0,1
81289,0,1
81389,0,1
81489,0,1
81587,0,1
81687,0,1
81787,0,1
81887,0,1
81987,0,1
82087,0,1
82187,0,1
82287,0,1
82387,0,1
82487,0,1
82587,0,1
82687,0,1
82787,0,1
82914,0,0
83575,0,0
83675,0,1
83775,0,1
83875,0,1
83975,0,1
84075,0,1
84175,0,1
84275,0,1
84375,0,1
84475,0,1
84575,0,1
84675,0,1
84775,0,1
84875,0,1
84975,0,1
85075,0,1
85175,0,1
85275,0,1
85375,0,1
85475,0,1
85571,0,1
85671,0,1
85771,0,1
85871,0,1
85971,0,1
86071,0,1
86171,0,1
86271,0,1
86371,0,1
86471,0,1
86571,0,1
86671,0,1
86771,0,1
86871,0,1
86971,0,1
87071,0,1
87171,0,1
87271,0,1
87371,0,1
87471,0,1
87571,0,1
87671,0,0
88121,0,0
88221,0,1
88321,0,1
88422,0,1
88533,0,1
88633,1,2
88733,1,2
88833,1,2
88934,1,2
89034,1,2
89134,1,2
89234,1,2
89334,1,2
89434,1,2
89534,1,2
89545,1,2
89645,1,2
89745,1,2
89845,1,2
89945,1,2
90045,1,2
90145,1,2
90245,1,2
90345,1,2
90445,1,2
90545,1,2
90645,1,2
90745,1,2
90845,1,2
90945,1,2
91045,1,2
91145,1,2
91245,1,2
91345,1,2
91445,1,2
91545,1,2
91645,1,2
91745,1,2
91845,1,2
91945,1,2
92045,1,2
92145,1,2
92245,1,2
92345,1,2
92445,1,2
92545,1,2
92645,1,2
92745,1,2
92845,1,2
92945,1,2
93045,1,2
93145,1,2
93245,1,2
93345,1,2
93445,1,2
93631,1,2
93731,1,2
93831,1,2
93931,1,2
94031,1,2
94131,1,2
94231,1,2
94331,1,2
94431,1,2
94531,1,2
94631,1,2
94731,1,2
94831,1,2
94931,1,2
95031,1,2
95131,1,2
95231,1,2
95331,1,2
95431,1,2
95531,1,2
95631,1,2
95731,1,2
95831,1,2
95931,1,2
96031,1,2
96131,1,2
96231,1,2
96331,1,2
96431,1,2
96531,1,2
96631,1,2
96731,1,2
96831,1,2
96931,1,2
97031,1,2
97131,0,0
97231,0,0
97331,0,0
97431,0,0
97531,0,0
97630,0,0
97730,0,0
97830,0,0
97930,0,0
98030,0,0
98130,0,0
98230,0,0
98330,0,0
98430,0,0
98530,0,0
98630,0,0
98730,0,0
98830,0,0
98930,0,0
99030,0,0
99130,0,0
99230,0,0
99330,0,0
99430,0,0
99530,0,0
99630,0,0
99730,0,0
99830,0,0
99930,0,0
100030,0,0
100244,0,0
100344,0,1
100444,0,1
100544,0,1
100644,0,1
100744,0,1
100844,0,1
100944,0,1
101044,0,1
101144,0,1
101244,0,1
101344,0,1
101444,0,1
101553,0,1
101653,0,1
101753,0,1
101854,0,1
101954,0,1
102054,0,1
102154,0,1
102254,0,1
102354,0,1
102454,0,1
102554,0,1
102654,0,1
102754,0,1
102854,0,1
102954,0,1
103054,0,1
103154,0,1
103254,0,1
103354,0,1
103454,0,1
103554,0,1
103654,0,1
103754,0,1
103854,0,1
103954,0,1
104054,0,1
104154,0,1
104286,0,0
104386,0,0
104486,0,0
104586,0,0
104686,0,0
104786,0,0
105100,0,0
105200,0,1
105300,0,1
105400,0,1
105500,0,1
105600,0,1
105700,0,1
105787,0,1
105887,0,1
105987,0,1
106087,0,1
106187,0,1
106287,0,1
106387,0,1
106487,0,1
106587,0,1
106687,0,1
106787,0,1
106887,0,1
106987,0,1
107087,0,1
107187,0,1
107287,0,1
107388,0,1
107488,0,1
107588,0,1
107688,0,1
107788,0,1
107888,0,1
107988,0,1
108088,0,1
108188,0,1
108288,0,1
108388,0,1
108488,0,1
108588,0,1
108688,0,1
108788,0,1
108888,0,1
108988,0,1
109116,0,0
109216,0,0
109316,0,0
109416,0,0
109516,0,0
109616,0,0
109724,0,0
110318,0,0
110418,0,1
110518,0,1
110618,0,1
110740,0,1
110840,1,2
110940,1,2
111040,1,2
111140,1,2
111240,1,2
111340,1,2
111440,1,2
111540,1,2
111640,1,2
111740,1,2
111840,1,2
111940,1,2
112040,1,2
112140,1,2
112240,1,2
112340,1,2
112440,1,2
112540,1,2
112640,1,2
112768,0,0
112868,0,0
112968,0,0
113068,0,0
113168,0,0
113268,0,0
113369,0,0
113469,0,0
113569,0,0
113669,0,0
113769,0,0
113869,0,0
113969,0,0
114069,0,0
114169,0,0
114269,0,0
114369,0,0
114469,0,0
114569,0,0
114669,0,0
114769,0,0
114869,0,0
114969,0,0
115069,0,0
115169,0,0
115269,0,0
115369,0,0
115469,0,0
115569,0,0
115669,0,0
115769,0,0
115869,0,0
115969,0,0
116069,0,0
116169,0,0
116270,0,0
116370,0,0
116470,0,0
116570,0,0
116670,0,0
116770,0,0
116870,0,0
116970,0,0
117070,0,0
117170,0,0
117270,0,0
117370,0,0
117470,0,0
117570,0,0
117670,0,0
117770,0,0
117870,0,0
117970,0,0
118070,0,0
118170,0,0
118270,0,0
118370,0,0
118470,0,0
118570,0,0
118670,0,0
118770,0,0
118870,0,0
118970,0,0
119070,0,0
119170,0,0
119270,0,0
119370,0,0
119470,0,0
119570,0,0
119670,0,0
119770,0,0
119870,0,0
119970,0,0
120070,0,0
120170,0,0
120270,0,0
120370,0,0
120470,0,0
120570,0,0
120670,0,0
120770,0,0
120870,0,0
120970,0,0
121070,0,0
121170,0,0
121270,0,0
121370,0,0
121470,0,0
121570,0,0
121670,0,0
121770,0,0
121870,0,0
121970,0,0
122070,0,0
122170,0,0
122270,0,0
122370,0,0
122470,0,0
122570,0,0
122670,0,0
122770,0,0
122870,0,0
122970,0,0
123070,0,0
123170,0,0
123270,0,0
123370,0,0
123470,0,0
123570,0,0
123670,0,0
123770,0,0
123870,0,0
123970,0,0
124070,0,0
124170,0,0
124270,0,0
124370,0,0
124470,0,0
124570,0,0
124670,0,0
124770,0,0
124870,0,0
124970,0,0
125070,0,0
125170,0,0
125270,0,0
125370,0,0
125470,0,0
125570,0,0
125670,0,0
125770,0,0
125870,0,0
125911,0,0
126011,0,0
126111,0,0
126211,0,0
126311,0,0
126411,0,0
126511,0,0
126611,0,0
126711,0,0
126811,0,0
127457,0,0
127557,0,1
127657,0,1
127757,0,1
127857,0,1
127957,0,1
128057,0,1
128158,0,1
128258,0,1
128358,0,1
128458,0,1
128558,0,1
128658,0,1
128758,0,1
128858,0,1
128958,0,1
129058,0,1
129158,0,1
129258,0,1
129358,0,1
129458,0,1
129558,0,1
129658,0,1
129758,0,1
129905,0,1
130005,0,1
130105,0,1
130205,0,1
130305,0,1
130405,0,1
130505,0,1
130605,0,1
130705,0,1
130805,0,1
130905,0,1
131005,0,1
131106,0,1
131206,0,1
131306,0,1
131406,0,1
131537,0,0
131637,0,0
131737,0,0
131837,0,0
131937,0,0
132037,0,0
132137,0,0
132237,0,0
132337,0,0
132437,0,0
132537,0,0
132637,0,0
132737,0,0
132837,0,0
132937,0,0
133037,0,0
133137,0,0
133237,0,0
133337,0,0
133437,0,0
133538,0,0
133638,0,0
133738,0,0
133838,0,0
133937,0,0
134037,0,0
134137,0,0
134237,0,0
134337,0,0
134437,0,0
134537,0,0
134637,0,0
134737,0,0
134837,0,0
134937,0,0
135037,0,0
135395,0,0
135495,0,1
135595,0,1
135695,0,1
135795,0,1
135895,0,1
135995,0,1
136095,0,1
136195,0,1
136295,0,1
136396,0,1
136496,0,1
136596,0,1
136696,0,1
136796,0,1
136896,0,1
136996,0,1
137096,0,1
137196,0,1
137296,0,1
137396,0,1
137496,0,1
137596,0,1
137696,0,1
137796,0,1
137894,0,1
137994,0,1
138094,0,1
138194,0,1
138294,0,1
138394,0,1
138494,0,1
138594,0,1
138694,0,1
138794,0,1
138894,0,1
138994,0,1
139094,0,1
139194,0,1
139295,0,1
139437,0,0
139537,0,0
139637,0,0
139737,0,0
139837,0,0
139937,0,0
140037,0,0
140137,0,0
140237,0,0
140337,0,0
140437,0,0
140537,0,0
140637,0,0
140737,0,0
140837,0,0
140937,0,0
141037,0,0
141137,0,0
141237,0,0
141337,0,0
141437,0,0
141537,0,0
141637,0,0
141737,0,0
141837,0,0
141934,0,0
142034,0,0
142134,0,0
142234,0,0
142334,0,0
142434,0,0
142535,0,0
142635,0,0
142735,0,0
142835,0,0
142935,0,0
143035,0,0
143135,0,0
143423,0,0
143523,0,1
143623,0,1
143723,0,1
143830,0,1
143930,1,2
144030,1,2
144130,1,2
144230,1,2
144330,1,2
144430,1,2
144530,1,2
144630,1,2
144730,1,2
144830,1,2
144930,1,2
145030,1,2
145130,1,2
145230,1,2
145330,1,2
145430,1,2
145530,1,2
145630,1,2
145730,1,2
145830,1,2
145926,0,0
146026,0,0
146126,0,0
146226,0,0
146326,0,0
146426,0,0
146526,0,0
146627,0,0
146727,0,0
146827,0,0
146927,0,0
147027,0,0
147127,0,0
147227,0,0
147327,0,0
147427,0,0
147527,0,0
147627,0,0
147727,0,0
147827,0,0
147983,0,0
148083,0,1
148183,0,1
148283,0,1
148383,0,1
148483,0,1
148583,0,1
148683,0,1
148783,0,1
148883,0,1
148983,0,1
149083,0,1
149183,0,1
149283,0,1
149383,0,1
149483,0,1
149583,0,1
149683,0,1
149784,0,1
149883,0,1
149983,0,1
150083,0,1
150183,0,1
150283,0,1
150383,0,1
150483,0,1
150583,0,1
150683,0,1
150783,0,1
150883,0,1
150983,0,1
151083,0,1
151183,0,1
151283,0,1
151383,0,1
151483,0,1
151583,0,1
151683,0,1
151783,0,1
151883,0,1
152015,0,0
152115,0,0
152215,0,0
152315,0,0
152415,0,0
152515,0,0
152615,0,0
152715,0,0
152815,0,0
152915,0,0
153015,0,0
153115,0,0
153215,0,0
153315,0,0
153415,0,0
153515,0,0
153615,0,0
153715,0,0
153815,0,0
153914,0,0
154014,0,0
154114,0,0
154214,0,0
154314,0,0
154414,0,0
154514,0,0
154614,0,0
154714,0,0
154814,0,0
154914,0,0
155014,0,0
155114,0,0
155214,0,0
155314,0,0
155414,0,0
155514,0,0
155614,0,0
155714,0,0
155814,0,0
155914,0,0
156014,0,0
156114,0,0
156214,0,0
156314,0,0
156414,0,0
156514,0,0
156614,0,0
156714,0,0
156814,0,0
156914,0,0
157014,0,0
157114,0,0
157214,0,0
157314,0,0
157414,0,0
157514,0,0
157614,0,0
157714,0,0
157814,0,0
157911,0,0
158011,0,0
158111,0,0
158211,0,0
158311,0,0
158411,0,0
158511,0,0
158611,0,0
158711,0,0
158811,0,0
158911,0,0
159011,0,0
159111,0,0
159211,0,0
159311,0,0
159411,0,0
159511,0,0
159611,0,0
159711,0,0
159811,0,0
159911,0,0
160011,0,0
160111,0,0
160211,0,0
160311,0,0
160411,0,0
160511,0,0
160611,0,0
160711,0,0
160811,0,0
160911,0,0
161011,0,0
161111,0,0
161211,0,0
161311,0,0
161411,0,0
161511,0,0
161611,0,0
161711,0,0
161811,0,0
161908,0,0
162008,0,0
162108,0,0
162208,0,0
162308,0,0
162408,0,0
162508,0,0
162608,0,0
162708,0,0
162808,0,0
162908,0,0
163008,0,0
163108,0,0
163208,0,0
163308,0,0
163408,0,0
163508,0,0
163608,0,0
163708,0,0
163808,0,0
163908,0,0
164008,0,0
164108,0,0
164208,0,0
164308,0,0
164408,0,0
164508,0,0
164608,0,0
164708,0,0
164808,0,0
164908,0,0
165008,0,0
165108,0,0
165208,0,0
165308,0,0
165408,0,0
165508,0,0
165608,0,0
165708,0,0
165808,0,0
165906,0,0
166006,0,0
166106,0,0
166206,0,0
166306,0,0
166406,0,0
166506,0,0
166606,0,0
166706,0,0
166806,0,0
166906,0,0
167006,0,0
167106,0,0
167206,0,0
167306,0,0
167406,0,0
167506,0,0
167606,0,0
167706,0,0
167806,0,0
167906,0,0
168006,0,0
168106,0,0
168206,0,0
168306,0,0
168406,0,0
168506,0,0
168606,0,0
168706,0,0
168806,0,0
168906,0,0
169006,0,0
169106,0,0
169206,0,0
169306,0,0
169406,0,0
169506,0,0
169606,0,0
169706,0,0
169806,0,0
169906,0,0
170006,0,0
170106,0,0
170206,0,0
170306,0,0
170406,0,0
170506,0,0
170606,0,0
170706,0,0
170806,0,0
170906,0,0
171006,0,0
171106,0,0
171206,0,0
171306,0,0
171406,0,0
171506,0,0
171606,0,0
171706,0,0
171806,0,0
171906,0,0
172006,0,0
172106,0,0
172206,0,0
172306,0,0
172406,0,0
172506,0,0
172606,0,0
172706,0,0
172806,0,0
172906,0,0
173006,0,0
173106,0,0
173206,0,0
173306,0,0
173406,0,0
173506,0,0
173606,0,0
173706,0,0
173806,0,0
173906,0,0
174006,0,0
174106,0,0
174206,0,0
174306,0,0
174406,0,0
174506,0,0
174606,0,0
174706,0,0
174806,0,0
174906,0,0
175006,0,0
175106,0,0
175206,0,0
175306,0,0
175406,0,0
175506,0,0
175606,0,0
175706,0,0
175806,0,0
175906,0,0
176006,0,0
176106,0,0
176206,0,0
176306,0,0
176406,0,0
176506,0,0
176606,0,0
176706,0,0
176806,0,0
176906,0,0
177006,0,0
177106,0,0
177206,0,0
177306,0,0
177406,0,0
177506,0,0
177606,0,0
177706,0,0
177806,0,0
177906,0,0
178006,0,0
178106,0,0
178206,0,0
178306,0,0
178406,0,0
178506,0,0
178606,0,0
178706,0,0
178806,0,0
178906,0,0
179006,0,0
179106,0,0
179206,0,0
179306,0,0
179406,0,0
179506,0,0
179606,0,0
179706,0,0
179806,0,0
179906,0,0
180006,0,0
180106,0,0
180206,0,0
180306,0,0
180406,0,0
180506,0,0
180606,0,0
180706,0,0
180806,0,0
180906,0,0
181006,0,0
181106,0,0
181206,0,0
181306,0,0
181406,0,0
181506,0,0
181606,0,0
181706,0,0
181806,0,0
181906,0,0
182006,0,0
182106,0,0
182206,0,0
182306,0,0
182406,0,0
182506,0,0
182606,0,0
182706,0,0
182806,0,0
182906,0,0
183006,0,0
183106,0,0
183206,0,0
183306,0,0
183406,0,0
183506,0,0
183606,0,0
183706,0,0
183806,0,0
183906,0,0
184006,0,0
184106,0,0
184206,0,0
184306,0,0
184406,0,0
184506,0,0
184606,0,0
184706,0,0
184806,0,0
184906,0,0
185006,0,0
185106,0,0
185206,0,0
185306,0,0
185406,0,0
185506,0,0
185606,0,0
185706,0,0
185806,0,0
185906,0,0
185985,0,0
186085,0,0
186185,0,0
186588,0,0
186688,0,1
186788,0,1
186888,0,1
186988,0,1
187088,0,1
187188,0,1
187288,0,1
187388,0,1
187488,0,1
187588,0,1
187688,0,1
187788,0,1
187888,0,1
187988,0,1
188088,0,1
188188,0,1
188288,0,1
188388,0,1
188488,0,1
188588,0,1
188688,0,1
188788,0,1
188888,0,1
188988,0,1
189088,0,1
189188,0,1
189288,0,1
189388,0,1
189488,0,1
189588,0,1
189689,0,1
189789,0,1
189889,0,1
189985,0,1
190085,0,1
190185,0,1
190285,0,1
190385,0,1
190485,0,1
190612,0,0
190712,0,0
190812,0,0
190912,0,0
191012,0,0
191112,0,0
191212,0,0
191312,0,0
191412,0,0
191512,0,0
191612,0,0
191712,0,0
191812,0,0
191912,0,0
192012,0,0
192112,0,0
192212,0,0
192312,0,0
192412,0,0
192512,0,0
192612,0,0
192712,0,0
192812,0,0
192912,0,0
193013,0,0
193113,0,0
193213,0,0
193313,0,0
193413,0,0
193513,0,0
193613,0,0
193713,0,0
193813,0,0
193922,0,0
194022,0,0
194122,0,0
194222,0,0
194322,0,0
194422,0,0
194522,0,0
194622,0,0
194722,0,0
194822,0,0
194922,0,0
195022,0,0
195122,0,0
195222,0,0
195322,0,0
195422,0,0
195522,0,0
195622,0,0
195722,0,0
195822,0,0
195922,0,0
196022,0,0
196122,0,0
196222,0,0
196322,0,0
196422,0,0
196522,0,0
196622,0,0
196722,0,0
196822,0,0
196922,0,0
197022,0,0
197122,0,0
197222,0,0
197322,0,0
197422,0,0
197522,0,0
197622,0,0
197722,0,0
197822,0,0
197920,0,0
198020,0,0
198120,0,0
198220,0,0
198320,0,0
198420,0,0
198520,0,0
198620,0,0
198720,0,0
198820,0,0
198920,0,0
199020,0,0
199120,0,0
199220,0,0
199320,0,0
199420,0,0
199520,0,0
199620,0,0
199720,0,0
199820,0,0
199920,0,0
200020,0,0
200120,0,0
200220,0,0
200320,0,0
200420,0,0
200520,0,0
200620,0,0
200720,0,0
200820,0,0
200920,0,0
201020,0,0
201120,0,0
201220,0,0
201320,0,0
201420,0,0
201520,0,0
201620,0,0
201720,0,0
201820,0,0
201917,0,0
202017,0,0
202117,0,0
202217,0,0
202317,0,0
202417,0,0
202517,0,0
202617,0,0
202717,0,0
202817,0,0
202917,0,0
203017,0,0
203117,0,0
203217,0,0
203317,0,0
203417,0,0
203517,0,0
203617,0,0
203717,0,0
203817,0,0
203917,0,0
204017,0,0
204117,0,0
204217,0,0
204317,0,0
204417,0,0
204517,0,0
204617,0,0
204717,0,0
204817,0,0
204917,0,0
205017,0,0
205117,0,0
205217,0,0
205317,0,0
205417,0,0
205517,0,0
205617,0,0
205717,0,0
205817,0,0
205914,0,0
206014,0,0
206114,0,0
206214,0,0
206314,0,0
206414,0,0
206514,0,0
206614,0,0
206714,0,0
206814,0,0
206914,0,0
207014,0,0
207114,0,0
207214,0,0
207314,0,0
207414,0,0
207514,0,0
207614,0,0
207714,0,0
207814,0,0
207914,0,0
208014,0,0
208114,0,0
208214,0,0
208314,0,0
208414,0,0
208514,0,0
208614,0,0
208714,0,0
208814,0,0
208914,0,0
209014,0,0
209114,0,0
209214,0,0
209314,0,0
209414,0,0
209514,0,0
209614,0,0
209714,0,0
209814,0,0
209912,0,0
210012,0,0
210112,0,0
210212,0,0
210312,0,0
210412,0,0
210512,0,0
210612,0,0
210712,0,0
210812,0,0
210912,0,0
211012,0,0
211112,0,0
211212,0,0
211312,0,0
211412,0,0
211512,0,0
211612,0,0
211712,0,0
211812,0,0
211912,0,0
212012,0,0
212112,0,0
212212,0,0
212312,0,0
212412,0,0
212512,0,0
212612,0,0
212712,0,0
212812,0,0
212912,0,0
213012,0,0
213112,0,0
213212,0,0
213312,0,0
213412,0,0
213512,0,0
213612,0,0
213712,0,0
213812,0,0
213912,0,0
213999,0,0
214099,0,0
214199,0,0
214299,0,0
214399,0,0
214499,0,0
214599,0,0
214699,0,0
214799,0,0
214899,0,0
214999,0,0
215099,0,0
215199,0,0
215299,0,0
215399,0,0
215499,0,0
215599,0,0
215699,0,0
215799,0,0
215899,0,0
215999,0,0
216099,0,0
216199,0,0
216299,0,0
216399,0,0
216499,0,0
216599,0,0
216699,0,0
216799,0,0
216899,0,0
216999,0,0
217099,0,0
217199,0,0
217299,0,0
217399,0,0
217499,0,0
217599,0,0
217699,0,0
217799,0,0
217899,0,0
217994,0,0
218094,0,0
218194,0,0
218294,0,0
218394,0,0
218494,0,0
218594,0,0
218694,0,0
218794,0,0
218894,0,0
218994,0,0
219094,0,0
219194,0,0
219294,0,0
219394,0,0
219494,0,0
219594,0,0
219694,0,0
219794,0,0
219894,0,0
219994,0,0
220094,0,0
220194,0,0
220294,0,0
220394,0,0
220494,0,0
220594,0,0
220694,0,0
220794,0,0
220894,0,0
220994,0,0
221094,0,0
221194,0,0
221294,0,0
221394,0,0
221494,0,0
221594,0,0
221694,0,0
221794,0,0
221894,0,0
222001,0,0
222101,0,0
222201,0,0
222301,0,0
222401,0,0
222501,0,0
222601,0,0
222701,0,0
222801,0,0
222901,0,0
223001,0,0
223101,0,0
223201,0,0
223301,0,0
223401,0,0
223501,0,0
223601,0,0
223701,0,0
223801,0,0
223901,0,0
224001,0,0
224101,0,0
224201,0,0
224301,0,0
224401,0,0
224501,0,0
224601,0,0
224701,0,0
224801,0,0
224901,0,0
225001,0,0
225101,0,0
225201,0,0
225301,0,0
225401,0,0
225501,0,0
225601,0,0
225701,0,0
225801,0,0
225901,0,0
226001,0,0
226101,0,0
226201,0,0
226301,0,0
226401,0,0
226501,0,0
226601,0,0
226701,0,0
226801,0,0
226901,0,0
227001,0,0
227101,0,0
227201,0,0
227301,0,0
227401,0,0
227501,0,0
227601,0,0
227701,0,0
227801,0,0
227901,0,0
228001,0,0
228101,0,0
228201,0,0
228301,0,0
228401,0,0
228501,0,0
228601,0,0
228701,0,0
228801,0,0
228901,0,0
229001,0,0
229101,0,0
229201,0,0
229301,0,0
229401,0,0
229501,0,0
229601,0,0
229701,0,0
229801,0,0
229901,0,0
230001,0,0
230101,0,0
230201,0,0
230301,0,0
230401,0,0
230501,0,0
230601,0,0
230701,0,0
230801,0,0
230901,0,0
231001,0,0
231101,0,0
231201,0,0
231301,0,0
231401,0,0
231501,0,0
231601,0,0
231701,0,0
231801,0,0
231901,0,0
232001,0,0
232101,0,0
232201,0,0
232301,0,0
232401,0,0
232501,0,0
232601,0,0
232701,0,0
232801,0,0
232901,0,0
233001,0,0
233101,0,0
233201,0,0
233301,0,0
233401,0,0
233501,0,0
233601,0,0
233701,0,0
233801,0,0
233901,0,0
234001,0,0
234101,0,0
234201,0,0
234301,0,0
234401,0,0
234501,0,0
234601,0,0
234701,0,0
234801,0,0
234901,0,0
235001,0,0
235101,0,0
235201,0,0
235301,0,0
235401,0,0
235501,0,0
235601,0,0
235701,0,0
235801,0,0
235901,0,0
236001,0,0
236101,0,0
236201,0,0
236301,0,0
236401,0,0
236501,0,0
236601,0,0
236701,0,0
236801,0,0
236901,0,0
237001,0,0
237101,0,0
237201,0,0
237301,0,0
237401,0,0
237501,0,0
237601,0,0
237701,0,0
237801,0,0
237901,0,0
238001,0,0
238101,0,0
238201,0,0
238301,0,0
238401,0,0
238501,0,0
238601,0,0
238701,0,0
238801,0,0
238901,0,0
239001,0,0
239101,0,0
239201,0,0
239301,0,0
239401,0,0
239501,0,0
239601,0,0
239701,0,0
239801,0,0
239901,0,0
240001,0,0
240101,0,0
240201,0,0
240301,0,0
240401,0,0
240501,0,0
240601,0,0
240701,0,0
240801,0,0
240901,0,0
241001,0,0
241101,0,0
241201,0,0
241301,0,0
241401,0,0
241501,0,0
241601,0,0
241701,0,0
241801,0,0
241901,0,0
242001,0,0
242101,0,0
242201,0,0
242301,0,0
242401,0,0
242501,0,0
242601,0,0
242701,0,0
242794,0,0
242894,0,0
242994,0,0
243094,0,0
243431,0,0
243531,0,1
243631,0,1
243731,0,1
243831,0,1
243931,0,1
244031,0,1
244131,0,1
244231,0,1
244331,0,1
244431,0,1
244531,0,1
244631,0,1
244731,0,1
244831,0,1
244931,0,1
245031,0,1
245131,0,1
245231,0,1
245331,0,1
245432,0,1
245532,0,1
245632,0,1
245732,0,1
245832,0,1
245932,0,1
246032,0,1
246132,0,1
246232,0,1
246332,0,1
246432,0,1
246532,0,1
246632,0,1
246732,0,1
246829,0,1
246929,0,1
247029,0,1
247129,0,1
247229,0,1
247329,0,1
247457,0,0
247557,0,0
247657,0,0
247757,0,0
248195,0,0
248295,0,1
248395,0,1
248495,0,1
248595,0,1
248695,0,1
248795,0,1
248895,0,1
248995,0,1
249095,0,1
249195,0,1
249295,0,1
249395,0,1
249495,0,1
249595,0,1
249695,0,1
249795,0,1
249895,0,1
249995,0,1
250095,0,1
250195,0,1
250295,0,1
250395,0,1
250495,0,1
250595,0,1
250695,0,1
250793,0,1
250893,0,1
250993,0,1
251093,0,1
251193,0,1
251293,0,1
251393,0,1
251493,0,1
251593,0,1
251693,0,1
251793,0,1
251893,0,1
251993,0,1
252093,0,1
252193,0,1
252293,0,0
252393,0,0
252493,0,0
252593,0,0
252693,0,0
252793,0,0
252893,0,0
252993,0,0
253093,0,0
253193,0,0
253293,0,0
253393,0,0
253493,0,0
253593,0,0
253693,0,0
253793,0,0
253893,0,0
253993,0,0
254093,0,0
254193,0,0
254293,0,0
254393,0,0
254493,0,0
254593,0,0
254693,0,0
254790,0,0
254890,0,0
254990,0,0
255090,0,0
255190,0,0
255290,0,0
255390,0,0
255490,0,0
255590,0,0
255690,0,0
255790,0,0
255890,0,0
255990,0,0
256090,0,0
256190,0,0
256290,0,0
256390,0,0
256490,0,0
256590,0,0
256690,0,0
256790,0,0
256890,0,0
256990,0,0
257090,0,0
257190,0,0
257290,0,0
257390,0,0
257490,0,0
257590,0,0
257690,0,0
257790,0,0
257890,0,0
257990,0,0
258090,0,0
258190,0,0
258290,0,0
258390,0,0
258490,0,0
258590,0,0
258690,0,0
258787,0,0
258887,0,0
258987,0,0
259087,0,0
259187,0,0
259287,0,0
259387,0,0
259487,0,0
259587,0,0
259687,0,0
259787,0,0
259887,0,0
259987,0,0
260087,0,0
260187,0,0
260287,0,0
260387,0,0
260487,0,0
260587,0,0
260687,0,0
260787,0,0
260887,0,0
260987,0,0
261087,0,0
261187,0,0
261287,0,0
261387,0,0
261487,0,0
261587,0,0
261687,0,0
261787,0,0
261887,0,0
261987,0,0
262087,0,0
262187,0,0
262287,0,0
262387,0,0
262487,0,0
262587,0,0
262687,0,0
262787,0,0
262872,0,0
262972,0,0
263072,0,0
263172,0,0
263272,0,0
263372,0,0
263472,0,0
263572,0,0
263672,0,0
263772,0,0
263872,0,0
263972,0,0
264072,0,0
264172,0,0
264272,0,0
264372,0,0
264472,0,0
264572,0,0
264672,0,0
264772,0,0
264872,0,0
264972,0,0
265072,0,0
265172,0,0
265272,0,0
265372,0,0
265472,0,0
265572,0,0
265672,0,0
265772,0,0
265872,0,0
265972,0,0
266072,0,0
266172,0,0
266272,0,0
266372,0,0
266472,0,0
266572,0,0
266672,0,0
266772,0,0
266871,0,0
266971,0,0
267071,0,0
267171,0,0
267271,0,0
267371,0,0
267471,0,0
267571,0,0
267671,0,0
267771,0,0
267871,0,0
267971,0,0
268071,0,0
268171,0,0
268271,0,0
268371,0,0
268471,0,0
268571,0,0
268671,0,0
268771,0,0
268871,0,0
268971,0,0
269071,0,0
269171,0,0
269271,0,0
269371,0,0
269471,0,0
269571,0,0
269671,0,0
269771,0,0
269871,0,0
269971,0,0
270071,0,0
270171,0,0
270271,0,0
270371,0,0
270471,0,0
270571,0,0
270671,0,0
270771,0,0
270881,0,0
270981,0,0
271081,0,0
271181,0,0
271281,0,0
271381,0,0
271481,0,0
271581,0,0
271681,0,0
271781,0,0
271881,0,0
271981,0,0
272081,0,0
272181,0,0
272281,0,0
272381,0,0
272481,0,0
272581,0,0
272681,0,0
272781,0,0
272881,0,0
272981,0,0
273081,0,0
273181,0,0
273281,0,0
273381,0,0
273481,0,0
273581,0,0
273681,0,0
273781,0,0
273881,0,0
273981,0,0
274081,0,0
274181,0,0
274281,0,0
274381,0,0
274481,0,0
274581,0,0
274681,0,0
274781,0,0
274879,0,0
274979,0,0
275079,0,0
275179,0,0
275279,0,0
275379,0,0
275479,0,0
275579,0,0
275679,0,0
275779,0,0
275879,0,0
275979,0,0
276079,0,0
276179,0,0
276279,0,0
276379,0,0
276479,0,0
276579,0,0
276679,0,0
276779,0,0
276879,0,0
276979,0,0
277079,0,0
277179,0,0
277279,0,0
277379,0,0
277479,0,0
277579,0,0
277679,0,0
277779,0,0
277879,0,0
277979,0,0
278079,0,0
278179,0,0
278279,0,0
278379,0,0
278479,0,0
278579,0,0
278679,0,0
278779,0,0
278876,0,0
278976,0,0
279076,0,0
279176,0,0
279276,0,0
279376,0,0
279476,0,0
279576,0,0
279676,0,0
279776,0,0
279876,0,0
279976,0,0
280076,0,0
280176,0,0
280276,0,0
280376,0,0
280476,0,0
280576,0,0
280676,0,0
280776,0,0
280876,0,0
280976,0,0
281076,0,0
281176,0,0
281276,0,0
281376,0,0
281476,0,0
281576,0,0
281676,0,0
281776,0,0
281876,0,0
281976,0,0
282076,0,0
282176,0,0
282276,0,0
282376,0,0
282476,0,0
282576,0,0
282676,0,0
282776,0,0
282876,0,0
282976,0,0
283076,0,0
283176,0,0
283276,0,0
283376,0,0
283476,0,0
283576,0,0
283676,0,0
283776,0,0
283876,0,0
283976,0,0
284076,0,0
284176,0,0
284276,0,0
284376,0,0
284476,0,0
284576,0,0
284676,0,0
284776,0,0
284876,0,0
284976,0,0
285076,0,0
285176,0,0
285276,0,0
285376,0,0
285476,0,0
285576,0,0
285676,0,0
285776,0,0
285876,0,0
285976,0,0
286076,0,0
286176,0,0
286276,0,0
286376,0,0
286476,0,0
286576,0,0
286676,0,0
286776,0,0
286876,0,0
286976,0,0
287076,0,0
287176,0,0
287276,0,0
287376,0,0
287476,0,0
287576,0,0
287676,0,0
287776,0,0
287876,0,0
287976,0,0
288076,0,0
288176,0,0
288276,0,0
288376,0,0
288476,0,0
288576,0,0
288676,0,0
288776,0,0
288876,0,0
288976,0,0
289076,0,0
289176,0,0
289276,0,0
289376,0,0
289476,0,0
289576,0,0
289676,0,0
289776,0,0
289876,0,0
289976,0,0
290076,0,0
290176,0,0
290276,0,0
290376,0,0
290476,0,0
290576,0,0
290676,0,0
290776,0,0
290876,0,0
290976,0,0
291076,0,0
291176,0,0
291276,0,0
291376,0,0
291476,0,0
291576,0,0
291676,0,0
291776,0,0
291876,0,0
291976,0,0
292076,0,0
292176,0,0
292276,0,0
292376,0,0
292476,0,0
292576,0,0
292676,0,0
292776,0,0
292876,0,0
292976,0,0
293076,0,0
293176,0,0
293276,0,0
293376,0,0
293476,0,0
293576,0,0
293676,0,0
293776,0,0
293876,0,0
293976,0,0
294076,0,0
294176,0,0
294276,0,0
294376,0,0
294476,0,0
294576,0,0
294676,0,0
294776,0,0
294876,0,0
294976,0,0
295076,0,0
295176,0,0
295276,0,0
295376,0,0
295476,0,0
295576,0,0
295676,0,0
295776,0,0
295876,0,0
295976,0,0
296076,0,0
296176,0,0
296276,0,0
296376,0,0
296476,0,0
296576,0,0
296676,0,0
296776,0,0
296876,0,0
296976,0,0
297076,0,0
297176,0,0
297276,0,0
297376,0,0
297476,0,0
297576,0,0
297676,0,0
297776,0,0
297876,0,0
297976,0,0
298076,0,0
298176,0,0
298276,0,0
298376,0,0
298476,0,0
298576,0,0
298676,0,0
298776,0,0
298876,0,0
298976,0,0
299076,0,0
299176,0,0
299276,0,0
299376,0,0
299476,0,0
299565,0,0
299665,0,0
299765,0,0
300347,0,0
300447,0,1
300547,0,1
300647,0,1
300747,0,1
300847,0,1
300947,0,1
301047,0,1
301147,0,1
301247,0,1
301347,0,1
301447,0,1
301548,0,1
301648,0,1
301748,0,1
301848,0,1
301948,0,1
302048,0,1
302148,0,1
302248,0,1
302348,0,1
302448,0,1
302548,0,1
302648,0,1
302748,0,1
302848,0,1
302948,0,1
303048,0,1
303148,0,1
303248,0,1
303348,0,1
303448,0,1
303544,0,1
303644,0,1
303744,0,1
303844,0,1
303944,0,1
304044,0,1
304144,0,1
304244,0,1
304372,0,0
304563,0,0
304663,0,1
304763,0,1
304863,0,1
304983,0,1
305083,1,2
305183,1,2
305283,1,2
305384,1,2
305484,1,2
305584,1,2
305684,1,2
305784,1,2
305884,1,2
305984,1,2
306084,1,2
306184,1,2
306284,1,2
306384,1,2
306484,1,2
306584,1,2
306684,1,2
306784,1,2
306884,1,2
307012,0,0
307112,0,0
307212,0,0
307312,0,0
307412,0,0
307510,0,0
307610,0,0
307710,0,0
307810,0,0
307910,0,0
308010,0,0
308110,0,0
308210,0,0
308310,0,0
308411,0,0
308511,0,0
308611,0,0
308711,0,0
308811,0,0
308911,0,0
309011,0,0
309403,0,0
309503,0,1
309603,0,1
309703,0,1
309803,0,1
309903,0,1
310003,0,1
310103,0,1
310203,0,1
310303,0,1
310403,0,1
310503,0,1
310603,0,1
310703,0,1
310803,0,1
310903,0,1
311003,0,1
311103,0,1
311203,0,1
311303,0,1
311403,0,1
311501,0,1
311601,0,1
311701,0,1
311801,0,1
311901,0,1
312001,0,1
312101,0,1
312201,0,1
312301,0,1
312401,0,1
312501,0,1
312601,0,1
312701,0,1
312801,0,1
312901,0,1
313001,0,1
313101,0,1
313201,0,1
313301,0,1
313401,0,1
313501,0,0
313601,0,0
313701,0,0
313801,0,0
313901,0,0
314001,0,0
314101,0,0
314201,0,0
314301,0,0
314401,0,0
314501,0,0
314601,0,0
314701,0,0
314801,0,0
314901,0,0
315001,0,0
315101,0,0
315201,0,0
315301,0,0
315401,0,0
315500,0,0
315600,0,0
315700,0,0
315800,0,0
315900,0,0
316000,0,0
316100,0,0
316200,0,0
316300,0,0
316400,0,0
316500,0,0
316600,0,0
316700,0,0
316800,0,0
316900,0,0
317000,0,0
317100,0,0
317200,0,0
317300,0,0
317400,0,0
317500,0,0
317600,0,0
317700,0,0
317800,0,0
317900,0,0
318000,0,0
318100,0,0
318200,0,0
318300,0,0
318400,0,0
318500,0,0
318600,0,0
318700,0,0
318800,0,0
318900,0,0
319000,0,0
319100,0,0
319200,0,0
319300,0,0
319400,0,0
319497,0,0
319597,0,0
319697,0,0
319797,0,0
319897,0,0
319997,0,0
320097,0,0
320197,0,0
320297,0,0
320397,0,0
320497,0,0
320597,0,0
320697,0,0
320797,0,0
320897,0,0
320997,0,0
321097,0,0
321197,0,0
321297,0,0
321397,0,0
321497,0,0
321597,0,0
321697,0,0
321797,0,0
321897,0,0
321997,0,0
322097,0,0
322197,0,0
322297,0,0
322397,0,0
322497,0,0
322597,0,0
322697,0,0
322797,0,0
322897,0,0
322997,0,0
323097,0,0
323197,0,0
323297,0,0
323397,0,0
323494,0,0
323594,0,0
323694,0,0
323794,0,0
323894,0,0
323994,0,0
324094,0,0
324194,0,0
324294,0,0
324394,0,0
324494,0,0
324594,0,0
324694,0,0
324794,0,0
324894,0,0
324994,0,0
325094,0,0
325194,0,0
325294,0,0
325394,0,0
325494,0,0
325594,0,0
325694,0,0
325794,0,0
325894,0,0
325994,0,0
326094,0,0
326194,0,0
326294,0,0
326394,0,0
326494,0,0
326594,0,0
326694,0,0
326794,0,0
326894,0,0
326994,0,0
327094,0,0
327194,0,0
327294,0,0
327394,0,0
327492,0,0
327592,0,0
327692,0,0
327792,0,0
327892,0,0
327992,0,0
328092,0,0
328192,0,0
328292,0,0
328392,0,0
328492,0,0
328592,0,0
328692,0,0
328792,0,0
328892,0,0
328992,0,0
329092,0,0
329192,0,0
329292,0,0
329392,0,0
329492,0,0
329592,0,0
329692,0,0
329792,0,0
329892,0,0
329992,0,0
330092,0,0
330192,0,0
330292,0,0
330392,0,0
330492,0,0
330592,0,0
330692,0,0
330792,0,0
330892,0,0
330992,0,0
331092,0,0
331192,0,0
331292,0,0
331392,0,0
331492,0,0
331576,0,0
331676,0,0
331776,0,0
331876,0,0
331976,0,0
332076,0,0
332176,0,0
332276,0,0
332376,0,0
332476,0,0
332576,0,0
332676,0,0
332776,0,0
332876,0,0
332976,0,0
333076,0,0
333176,0,0
333276,0,0
333376,0,0
333476,0,0
333576,0,0
333676,0,0
333776,0,0
333876,0,0
333976,0,0
334076,0,0
334176,0,0
334276,0,0
334376,0,0
334476,0,0
334576,0,0
334676,0,0
334776,0,0
334876,0,0
334976,0,0
335076,0,0
335176,0,0
335276,0,0
335376,0,0
335476,0,0
335575,0,0
335675,0,0
335775,0,0
335875,0,0
335975,0,0
336075,0,0
336175,0,0
336275,0,0
336375,0,0
336475,0,0
336575,0,0
336675,0,0
336775,0,0
336875,0,0
336975,0,0
337075,0,0
337175,0,0
337275,0,0
337375,0,0
337475,0,0
337575,0,0
337675,0,0
337775,0,0
337875,0,0
337975,0,0
338075,0,0
338175,0,0
338275,0,0
338375,0,0
338475,0,0
338575,0,0
338675,0,0
338775,0,0
338875,0,0
338975,0,0
339075,0,0
339175,0,0
339275,0,0
339375,0,0
339475,0,0
339575,0,0
339675,0,0
339775,0,0
339875,0,0
339975,0,0
340075,0,0
340175,0,0
340275,0,0
340375,0,0
340475,0,0
340575,0,0
340675,0,0
340775,0,0
340875,0,0
340975,0,0
341075,0,0
341175,0,0
341275,0,0
341375,0,0
341475,0,0
341575,0,0
341675,0,0
341775,0,0
341875,0,0
341975,0,0
342075,0,0
342175,0,0
342275,0,0
342375,0,0
342475,0,0
342575,0,0
342675,0,0
342775,0,0
342875,0,0
342975,0,0
343075,0,0
343175,0,0
343275,0,0
343375,0,0
343475,0,0
343575,0,0
343675,0,0
343775,0,0
343875,0,0
343975,0,0
344075,0,0
344175,0,0
344275,0,0
344375,0,0
344475,0,0
344575,0,0
344675,0,0
344775,0,0
344875,0,0
344975,0,0
345075,0,0
345175,0,0
345275,0,0
345375,0,0
345475,0,0
345575,0,0
345675,0,0
345775,0,0
345875,0,0
345975,0,0
346075,0,0
346175,0,0
346275,0,0
346375,0,0
346475,0,0
346575,0,0
346675,0,0
346775,0,0
346875,0,0
346975,0,0
347075,0,0
347175,0,0
347275,0,0
347375,0,0
347475,0,0
347575,0,0
347675,0,0
347775,0,0
347875,0,0
347975,0,0
348075,0,0
348175,0,0
348275,0,0
348375,0,0
348475,0,0
348575,0,0
348675,0,0
348775,0,0
348875,0,0
348975,0,0
349075,0,0
349175,0,0
349275,0,0
349375,0,0
349475,0,0
349575,0,0
349675,0,0
349775,0,0
349875,0,0
349975,0,0
350075,0,0
350175,0,0
350275,0,0
350375,0,0
350475,0,0
350575,0,0
350675,0,0
350775,0,0
350875,0,0
350975,0,0
351075,0,0
351175,0,0
351275,0,0
351375,0,0
351475,0,0
351575,0,0
351675,0,0
351775,0,0
351875,0,0
351975,0,0
352075,0,0
352175,0,0
352275,0,0
352375,0,0
352475,0,0
352575,0,0
352675,0,0
352775,0,0
352875,0,0
352975,0,0
353075,0,0
353175,0,0
353275,0,0
353375,0,0
353475,0,0
353575,0,0
353675,0,0
353775,0,0
353875,0,0
353975,0,0
354075,0,0
354175,0,0
354275,0,0
354375,0,0
354475,0,0
354575,0,0
354675,0,0
354775,0,0
354875,0,0
354975,0,0
355075,0,0
355175,0,0
355275,0,0
355375,0,0
355475,0,0
355575,0,0
355675,0,0
355775,0,0
355875,0,0
355975,0,0
356075,0,0
356175,0,0
356275,0,0
356375,0,0
356475,0,0
356575,0,0
356675,0,0
356775,0,0
356875,0,0
356975,0,0
357075,0,0
357175,0,0
357275,0,0
357375,0,0
357475,0,0
357575,0,0
357675,0,0
357775,0,0
357875,0,0
357975,0,0
358075,0,0
358175,0,0
358275,0,0
358375,0,0
358475,0,0
358759,0,0
358859,0,1
358959,0,1
359059,0,1
359159,0,1
359259,0,1
359359,0,1
359459,0,1
359557,0,1
359657,0,1
359757,0,1
359857,0,1
359957,0,1
360057,0,1
360157,0,1
360257,0,1
360357,0,1
360457,0,1
360557,0,1
360657,0,1
360757,0,1
360857,0,1
360957,0,1
361057,0,1
361157,0,1
361257,0,1
361357,0,1
361457,0,1
361557,0,1
361657,0,1
361757,0,1
361857,0,1
361957,0,1
362057,0,1
362157,0,1
362257,0,1
362357,0,1
362457,0,1
362557,0,1
362657,0,1
362786,0,0
362886,0,0
362986,0,0
363086,0,0
363186,0,0
363286,0,0
363571,0,0
363586,0,1
363686,0,1
363786,0,1
363886,0,1
363986,0,1
364086,0,1
364186,0,1
364286,0,1
364386,0,1
364486,0,1
364586,0,1
364686,0,1
364787,0,1
364887,0,1
364987,0,1
365087,0,1
365187,0,1
365287,0,1
365387,0,1
365487,0,1
365587,0,1
365687,0,1
365787,0,1
365887,0,1
365987,0,1
366087,0,1
366187,0,1
366287,0,1
366387,0,1
366487,0,1
366587,0,1
366687,0,1
366787,0,1
366887,0,1
366987,0,1
367087,0,1
367187,0,1
367287,0,1
367387,0,1
367595,0,0
367695,0,0
367795,0,0
367895,0,0
368525,0,0
368625,0,1
368725,0,1
368825,0,1
368925,0,1
369025,0,1
369125,0,1
369225,0,1
369325,0,1
369425,0,1
369525,0,1
369625,0,1
369725,0,1
369825,0,1
369925,0,1
370025,0,1
370125,0,1
370225,0,1
370325,0,1
370425,0,1
370525,0,1
370625,0,1
370725,0,1
370825,0,1
370925,0,1
371025,0,1
371125,0,1
371225,0,1
371325,0,1
371425,0,1
371523,0,1
371623,0,1
371723,0,1
371823,0,1
371923,0,1
372023,0,1
372123,0,1
372223,0,1
372323,0,1
372423,0,1
372523,0,1
372623,0,0
372723,0,0
372823,0,0
372923,0,0
373023,0,0
373123,0,0
373223,0,0
373323,0,0
373423,0,0
373523,0,0
373623,0,0
373723,0,0
373823,0,0
373923,0,0
374023,0,0
374123,0,0
374223,0,0
374323,0,0
374423,0,0
374523,0,0
374623,0,0
374723,0,0
374823,0,0
374923,0,0
375023,0,0
375123,0,0
375223,0,0
375323,0,0
375423,0,0
375520,0,0
375620,0,0
375720,0,0
375820,0,0
375920,0,0
376020,0,0
376586,0,0
376686,0,1
376786,0,1
376886,0,1
377004,0,1
377104,1,2
377204,1,2
377304,1,2
377404,1,2
377504,1,2
377604,1,2
377704,1,2
377804,1,2
377904,1,2
378004,1,2
378104,1,2
378204,1,2
378304,1,2
378404,1,2
378504,1,2
378604,1,2
378704,1,2
378804,1,2
378904,1,2
379004,1,2
379104,1,2
379204,1,2
379304,1,2
379404,1,2
379504,1,2
379587,1,2
379687,1,2
379787,1,2
379887,1,2
379987,1,2
380087,1,2
380187,1,2
380287,1,2
380387,1,2
380487,1,2
380587,1,2
380687,1,2
380787,1,2
380887,1,2
380987,1,2
381087,1,2
381187,1,2
381287,1,2
381387,1,2
381487,1,2
381587,1,2
381687,1,2
381787,1,2
381887,1,2
381987,1,2
382087,1,2
382187,1,2
382287,1,2
382387,1,2
382487,1,2
382587,1,2
382687,1,2
382787,1,2
382887,1,2
382987,1,2
383087,1,2
383187,1,2
383287,1,2
383387,1,2
383487,1,2
383586,1,2
383686,1,2
383786,1,2
383886,1,2
383986,1,2
384086,1,2
384186,1,2
384286,1,2
384386,1,2
384486,1,2
384586,1,2
384686,1,2
384786,1,2
384886,1,2
384986,1,2
385086,1,2
385186,1,2
385286,1,2
385386,0,0
385486,0,0
385586,0,0
385686,0,0
385786,0,0
385886,0,0
385986,0,0
386086,0,0
386186,0,0
386286,0,0
386386,0,0
386486,0,0
386586,0,0
386686,0,0
386786,0,0
386886,0,0
386986,0,0
387086,0,0
387186,0,0
387286,0,0
387386,0,0
387486,0,0
387586,0,0
387686,0,0
387786,0,0
387886,0,0
387986,0,0
388086,0,0
388186,0,0
388286,0,0
388386,0,0
388486,0,0
388586,0,0
388686,0,0
388786,0,0
388886,0,0
389084,0,0
389184,0,1
389284,0,1
389384,0,1
389484,0,1
389584,0,1
389684,0,1
389784,0,1
389884,0,1
389984,0,1
390084,0,1
390184,0,1
390284,0,1
390384,0,1
390484,0,1
390584,0,1
390684,0,1
390784,0,1
390884,0,1
390984,0,1
391085,0,1
391185,0,1
391285,0,1
391385,0,1
391485,0,1
391587,0,1
391687,0,1
391787,0,1
391887,0,1
391987,0,1
392087,0,1
392187,0,1
392287,0,1
392387,0,1
392487,0,1
392587,0,1
392687,0,1
392787,0,1
392887,0,1
392987,0,1
393131,0,0
393231,0,0
393331,0,0
393431,0,0
393531,0,0
393631,0,0
393732,0,0
393832,0,0
393932,0,0
394032,0,0
394132,0,0
394232,0,0
394332,0,0
394432,0,0
394532,0,0
394632,0,0
394732,0,0
394832,0,0
394932,0,0
395032,0,0
395132,0,0
395232,0,0
395332,0,0
395432,0,0
395536,0,0
395636,0,0
395736,0,0
395836,0,0
395936,0,0
396036,0,0
396136,0,0
396236,0,0
396336,0,0
396436,0,0
396536,0,0
396636,0,0
396736,0,0
396836,0,0
396936,0,0
397036,0,0
397136,0,0
397236,0,0
397336,0,0
397519,0,0
397619,0,1
397719,0,1
397819,0,1
397919,0,1
398019,0,1
398119,0,1
398219,0,1
398319,0,1
398419,0,1
398519,0,1
398619,0,1
398719,0,1
398819,0,1
398919,0,1
399019,0,1
399119,0,1
399219,0,1
399319,0,1
399419,0,1
399519,0,1
399619,0,1
399719,0,1
399819,0,1
399919,0,1
400019,0,1
400119,0,1
400219,0,1
400319,0,1
400419,0,1
400520,0,1
400620,0,1
400720,0,1
400820,0,1
400920,0,1
401020,0,1
401120,0,1
401220,0,1
401320,0,1
401420,0,1
401547,0,0
401647,0,0
401747,0,0
401847,0,0
401947,0,0
402047,0,0
402147,0,0
402247,0,0
402347,0,0
402447,0,0
402547,0,0
402647,0,0
402747,0,0
402847,0,0
402947,0,0
403047,0,0
403147,0,0
403247,0,0
403347,0,0
403447,0,0
403547,0,0
403647,0,0
403747,0,0
403848,0,0
403948,0,0
404048,0,0
404148,0,0
404248,0,0
404348,0,0
404448,0,0
404548,0,0
404648,0,0
404748,0,0
404848,0,0
404948,0,0
405048,0,0
405148,0,0
405248,0,0
405348,0,0
405448,0,0
405548,0,0
405648,0,0
405748,0,0
405848,0,0
405948,0,0
406048,0,0
406148,0,0
406248,0,0
406348,0,0
406448,0,0
406548,0,0
406648,0,0
406748,0,0
406848,0,0
406948,0,0
407048,0,0
407148,0,0
407248,0,0
407348,0,0
407448,0,0
407548,0,0
407648,0,0
407748,0,0
407848,0,0
407948,0,0
408048,0,0
408148,0,0
408248,0,0
408348,0,0
408448,0,0
408548,0,0
408648,0,0
408748,0,0
408848,0,0
408948,0,0
409048,0,0
409148,0,0
409248,0,0
409348,0,0
409448,0,0
409548,0,0
409648,0,0
409748,0,0
409848,0,0
409948,0,0
410048,0,0
410148,0,0
410248,0,0
410348,0,0
410448,0,0
410548,0,0
410648,0,0
410748,0,0
410848,0,0
410948,0,0
411048,0,0
411148,0,0
411248,0,0
411348,0,0
411448,0,0
411548,0,0
411648,0,0
411748,0,0
411848,0,0
411948,0,0
412048,0,0
412148,0,0
412248,0,0
412348,0,0
412448,0,0
412548,0,0
412648,0,0
412748,0,0
412848,0,0
412948,0,0
413048,0,0
413148,0,0
413248,0,0
413348,0,0
413448,0,0
413548,0,0
413648,0,0
413748,0,0
413848,0,0
413948,0,0
414048,0,0
414148,0,0
414248,0,0
414348,0,0
414448,0,0
414548,0,0
414648,0,0
414748,0,0
414848,0,0
414948,0,0
415048,0,0
415148,0,0
415248,0,0
415348,0,0
415448,0,0
415548,0,0
415648,0,0
415748,0,0
415848,0,0
415937,0,0
416037,0,0
416137,0,0
416237,0,0
416337,0,0
416437,0,0
416537,0,0
416637,0,0
416816,0,0
416916,0,1
417016,0,1
417116,0,1
417216,0,1
417316,0,1
417416,0,1
417516,0,1
417616,0,1
417716,0,1
417816,0,1
417917,0,1
418017,0,1
418117,0,1
418217,0,1
418317,0,1
418417,0,1
418517,0,1
418617,0,1
418717,0,1
418817,0,1
418917,0,1
419017,0,1
419117,0,1
419217,0,1
419317,0,1
419417,0,1
419517,0,1
419617,0,1
419717,0,1
419817,0,1
419917,0,1
420015,0,1
420115,0,1
420215,0,1
420315,0,1
420415,0,1
420515,0,1
420615,0,1
420715,0,1
420842,0,0
420942,0,0
421042,0,0
421142,0,0
421243,0,0
421594,0,0
421694,0,1
421794,0,1
421894,0,1
421994,0,1
422094,0,1
422194,0,1
422294,0,1
422395,0,1
422495,0,1
422595,0,1
422695,0,1
422795,0,1
422895,0,1
422995,0,1
423095,0,1
423195,0,1
423295,0,1
423395,0,1
423495,0,1
423595,0,1
423695,0,1
423795,0,1
423895,0,1
423992,0,1
424092,0,1
424192,0,1
424292,0,1
424392,0,1
424492,0,1
424592,0,1
424692,0,1
424792,0,1
424892,0,1
424992,0,1
425092,0,1
425192,0,1
425292,0,1
425392,0,1
425492,0,1
425619,0,0
425720,0,0
425820,0,0
425920,0,0
426020,0,0
426120,0,0
426220,0,0
426320,0,0
426420,0,0
426520,0,0
426620,0,0
426720,0,0
426820,0,0
426920,0,0
427020,0,0
427120,0,0
427220,0,0
427320,0,0
427420,0,0
427520,0,0
427620,0,0
427720,0,0
427820,0,0
427920,0,0
428017,0,0
428117,0,0
428217,0,0
428317,0,0
428417,0,0
428517,0,0
428617,0,0
428717,0,0
428817,0,0
428917,0,0
429017,0,0
429117,0,0
429217,0,0
429317,0,0
429417,0,0
429517,0,0
429617,0,0
429717,0,0
429817,0,0
429917,0,0
430017,0,0
430117,0,0
430217,0,0
430317,0,0
430417,0,0
430517,0,0
430617,0,0
430717,0,0
430817,0,0
430917,0,0
431017,0,0
431117,0,0
431217,0,0
431317,0,0
431417,0,0
431517,0,0
431617,0,0
431717,0,0
431817,0,0
431917,0,0
432016,0,0
432116,0,0
432216,0,0
432316,0,0
432416,0,0
432516,0,0
432616,0,0
432716,0,0
432816,0,0
432916,0,0
433016,0,0
433116,0,0
433216,0,0
433316,0,0
433416,0,0
433516,0,0
433616,0,0
433716,0,0
433816,0,0
433916,0,0
434016,0,0
434116,0,0
434216,0,0
434316,0,0
434421,0,0
434521,0,0
434621,0,0
434721,0,0
434821,0,0
434921,0,0
435021,0,0
435121,0,0
435221,0,0
435321,0,0
435421,0,0
435521,0,0
435621,0,0
435721,0,0
435821,0,0
435921,0,0
436019,0,0
436119,0,0
436219,0,0
436319,0,0
436419,0,0
436519,0,0
436619,0,0
436719,0,0
436819,0,0
436919,0,0
437019,0,0
437119,0,0
437219,0,0
437320,0,0
437420,0,0
437520,0,0
437620,0,0
437720,0,0
437820,0,0
437920,0,0
438020,0,0
438120,0,0
438220,0,0
438320,0,0
438420,0,0
438520,0,0
438620,0,0
438720,0,0
438820,0,0
438920,0,0
439020,0,0
439120,0,0
439220,0,0
439320,0,0
439420,0,0
439520,0,0
439620,0,0
439720,0,0
439820,0,0
439920,0,0
440017,0,0
440117,0,0
440218,0,0
440318,0,0
440418,0,0
440518,0,0
440618,0,0
440718,0,0
440818,0,0
440918,0,0
441018,0,0
441118,0,0
441218,0,0
441318,0,0
441418,0,0
441518,0,0
441618,0,0
441718,0,0
441818,0,0
441918,0,0
442018,0,0
442118,0,0
442218,0,0
442318,0,0
442418,0,0
442518,0,0
442618,0,0
442718,0,0
442818,0,0
442918,0,0
443018,0,0
443119,0,0
443219,0,0
443319,0,0
443419,0,0
443519,0,0
443619,0,0
443719,0,0
443819,0,0
443919,0,0
444016,0,0
444116,0,0
444216,0,0
444316,0,0
444416,0,0
444516,0,0
444616,0,0
444716,0,0
444816,0,0
444916,0,0
445016,0,0
445116,0,0
445216,0,0
445316,0,0
445416,0,0
445516,0,0
445616,0,0
445716,0,0
445816,0,0
445916,0,0
446016,0,0
446116,0,0
446216,0,0
446316,0,0
446416,0,0
446516,0,0
446616,0,0
446716,0,0
446816,0,0
446916,0,0
447016,0,0
447116,0,0
447216,0,0
447787,0,0
447887,0,1
447985,0,1
448085,0,1
448185,0,1
448285,0,1
448385,0,1
448485,0,1
448585,0,1
448685,0,1
448785,0,1
448885,0,1
448985,0,1
449085,0,1
449185,0,1
449285,0,1
449386,0,1
449486,0,1
449586,0,1
449686,0,1
449786,0,1
449886,0,1
449986,0,1
450086,0,1
450186,0,1
450286,0,1
450386,0,1
450486,0,1
450586,0,1
450686,0,1
450786,0,1
450886,0,1
450986,0,1
451086,0,1
451186,0,1
451286,0,1
451386,0,1
451486,0,1
451586,0,1
451686,0,1
451813,0,0
451913,0,0
452012,0,0
452112,0,0
452212,0,0
452312,0,0
452412,0,0
452512,0,0
452612,0,0
452713,0,0
452813,0,0
452913,0,0
453013,0,0
453113,0,0
453213,0,0
453313,0,0
453413,0,0
453513,0,0
453613,0,0
453713,0,0
453813,0,0
453913,0,0
454013,0,0
454113,0,0
454213,0,0
454313,0,0
454413,0,0
454513,0,0
454613,0,0
454713,0,0
454813,0,0
454913,0,0
455013,0,0
455113,0,0
455213,0,0
455313,0,0
455413,0,0
455767,0,0
455867,0,1
455967,0,1
456067,0,1
456187,0,1
456238,1,2
456338,1,2
456438,1,2
456538,1,2
456638,1,2
456738,1,2
456838,1,2
456938,1,2
457038,1,2
457138,1,2
457238,1,2
457338,1,2
457438,1,2
457538,1,2
457638,1,2
457738,1,2
457838,1,2
457938,1,2
458038,1,2
458138,1,2
458238,0,0
458339,0,0
458439,0,0
458539,0,0
458639,0,0
458739,0,0
458839,0,0
458939,0,0
459039,0,0
459139,0,0
459239,0,0
459339,0,0
459439,0,0
459539,0,0
459639,0,0
459739,0,0
459839,0,0
459939,0,0
460039,0,0
460139,0,0
460239,0,0
460339,0,0
460439,0,0
460539,0,0
460639,0,0
460739,0,0
460839,0,0
460939,0,0
461039,0,0
461139,0,0
461240,0,0
461340,0,0
461440,0,0
461540,0,0
461640,0,0
461740,0,0
461840,0,0
461940,0,0
462040,0,0
462140,0,0
462240,0,0
462340,0,0
462440,0,0
462540,0,0
462640,0,0
462740,0,0
462840,0,0
462940,0,0
463040,0,0
463140,0,0
463240,0,0
463340,0,0
463440,0,0
463540,0,0
463640,0,0
463740,0,0
463840,0,0
463940,0,0
464040,0,0
464140,0,0
464240,0,0
464340,0,0
464440,0,0
464540,0,0
464640,0,0
464740,0,0
464840,0,0
464940,0,0
465040,0,0
465140,0,0
465240,0,0
465340,0,0
465440,0,0
465540,0,0
465640,0,0
465740,0,0
465840,0,0
465940,0,0
466040,0,0
466140,0,0
466240,0,0
466340,0,0
466440,0,0
466540,0,0
466640,0,0
466740,0,0
466840,0,0
466940,0,0
467040,0,0
467140,0,0
467240,0,0
467340,0,0
467440,0,0
467540,0,0
467640,0,0
467740,0,0
467840,0,0
467940,0,0
468040,0,0
468140,0,0
468240,0,0
468340,0,0
468440,0,0
468540,0,0
468640,0,0
468740,0,0
468840,0,0
468940,0,0
469040,0,0
469140,0,0
469240,0,0
469340,0,0
469440,0,0
469540,0,0
469640,0,0
469740,0,0
469840,0,0
469940,0,0
470040,0,0
470140,0,0
470240,0,0
470340,0,0
470440,0,0
470540,0,0
470640,0,0
470740,0,0
470840,0,0
470940,0,0
471040,0,0
471140,0,0
471240,0,0
471340,0,0
471440,0,0
471540,0,0
471640,0,0
471740,0,0
471840,0,0
471940,0,0
472040,0,0
472140,0,0
472240,0,0
472377,0,0
473007,0,0
473107,0,1
473207,0,1
473307,0,1
473407,0,1
473507,0,1
473608,0,1
473708,0,1
473808,0,1
473908,0,1
474008,0,1
474108,0,1
474208,0,1
474308,0,1
474408,0,1
474508,0,1
474608,0,1
474708,0,1
474808,0,1
474908,0,1
475008,0,1
475108,0,1
475208,0,1
475308,0,1
475408,0,1
475508,0,1
475608,0,1
475708,0,1
475808,0,1
475908,0,1
476008,0,1
476108,0,1
476208,0,1
476308,0,1
476404,0,1
476505,0,1
476605,0,1
476705,0,1
476805,0,1
476905,0,1
477032,0,0
477132,0,0
477232,0,0
477608,0,0
477708,0,1
477808,0,1
477908,0,1
478012,0,1
478112,1,2
478212,1,2
478312,1,2
478412,1,2
478512,1,2
478612,1,2
478712,1,2
478812,1,2
478912,1,2
479012,1,2
479112,1,2
479212,1,2
479312,1,2
479412,1,2
479512,1,2
479612,1,2
479712,1,2
479812,1,2
479912,1,2
480012,1,2
480112,0,0
480212,0,0
480312,0,0
480404,0,0
480504,0,0
480604,0,0
480704,0,0
480804,0,0
480904,0,0
481004,0,0
481105,0,0
481205,0,0
481305,0,0
481405,0,0
481505,0,0
481605,0,0
481705,0,0
481805,0,0
481905,0,0
482005,0,0
482622,0,0
482722,0,1
482822,0,1
482922,0,1
483022,0,1
483122,0,1
483222,0,1
483322,0,1
483422,0,1
483522,0,1
483623,0,1
483723,0,1
483823,0,1
483923,0,1
484023,0,1
484123,0,1
484223,0,1
484328,0,1
484428,0,1
484528,0,1
484628,0,1
484728,0,1
484828,0,1
484928,0,1
485028,0,1
485128,0,1
485228,0,1
485328,0,1
485428,0,1
485528,0,1
485628,0,1
485728,0,1
485828,0,1
485928,0,1
486028,0,1
486128,0,1
486228,0,1
486328,0,1
486428,0,1
486529,0,1
486655,0,0
486755,0,0
486855,0,0
486956,0,0
487056,0,0
487156,0,0
487256,0,0
487356,0,0
487456,0,0
487556,0,0
487656,0,0
487756,0,0
487856,0,0
487956,0,0
488056,0,0
488156,0,0
488256,0,0
488351,0,0
488451,0,0
488551,0,0
488651,0,0
488751,0,0
488851,0,0
488951,0,0
489051,0,0
489151,0,0
489251,0,0
489351,0,0
489451,0,0
489551,0,0
489651,0,0
489751,0,0
489852,0,0
489952,0,0
490052,0,0
490152,0,0
490252,0,0
490352,0,0
490452,0,0
490552,0,0
490652,0,0
490752,0,0
490852,0,0
490952,0,0
491052,0,0
491152,0,0
491252,0,0
491352,0,0
491452,0,0
491552,0,0
491652,0,0
491752,0,0
491852,0,0
491952,0,0
492052,0,0
492152,0,0
492252,0,0
492352,0,0
492452,0,0
492552,0,0
492652,0,0
492753,0,0
492853,0,0
492953,0,0
493053,0,0
493153,0,0
493253,0,0
493353,0,0
493453,0,0
493553,0,0
493653,0,0
493753,0,0
493853,0,0
493953,0,0
494053,0,0
494153,0,0
494253,0,0
494353,0,0
494453,0,0
494553,0,0
494653,0,0
494753,0,0
494853,0,0
494953,0,0
495053,0,0
495153,0,0
495253,0,0
495353,0,0
495453,0,0
495553,0,0
495653,0,0
495753,0,0
495853,0,0
495953,0,0
496053,0,0
496153,0,0
496253,0,0
496351,0,0
496451,0,0
496551,0,0
496651,0,0
496751,0,0
496851,0,0
496951,0,0
497051,0,0
497151,0,0
497251,0,0
497351,0,0
497451,0,0
497551,0,0
497651,0,0
497751,0,0
497851,0,0
497951,0,0
498051,0,0
498151,0,0
498251,0,0
498351,0,0
498451,0,0
498551,0,0
498651,0,0
498751,0,0
498851,0,0
498951,0,0
499051,0,0
499151,0,0
499251,0,0
499351,0,0
499451,0,0
499551,0,0
499651,0,0
499751,0,0
499851,0,0
499951,0,0
500051,0,0
500151,0,0
500251,0,0
500349,0,0
500449,0,0
500549,0,0
500649,0,0
500749,0,0
500849,0,0
500949,0,0
501049,0,0
501149,0,0
501249,0,0
501349,0,0
501449,0,0
501549,0,0
501649,0,0
501749,0,0
501849,0,0
501949,0,0
502049,0,0
502149,0,0
502249,0,0
502349,0,0
502449,0,0
502549,0,0
502649,0,0
502749,0,0
502849,0,0
502949,0,0
503049,0,0
503149,0,0
503249,0,0
503349,0,0
503449,0,0
503549,0,0
503649,0,0
503749,0,0
503849,0,0
503949,0,0
504049,0,0
504149,0,0
504249,0,0
504345,0,0
504445,0,0
504545,0,0
504645,0,0
504745,0,0
504845,0,0
504945,0,0
505045,0,0
505145,0,0
505245,0,0
505345,0,0
505445,0,0
505545,0,0
505645,0,0
505745,0,0
505845,0,0
505945,0,0
506045,0,0
506145,0,0
506245,0,0
506345,0,0
506445,0,0
506545,0,0
506645,0,0
506745,0,0
506845,0,0
506945,0,0
507045,0,0
507145,0,0
507245,0,0
507345,0,0
507445,0,0
507545,0,0
507645,0,0
507745,0,0
507845,0,0
507945,0,0
508045,0,0
508145,0,0
508245,0,0
508343,0,0
508443,0,0
508543,0,0
508643,0,0
508743,0,0
508843,0,0
508943,0,0
509043,0,0
509143,0,0
509243,0,0
509343,0,0
509443,0,0
509543,0,0
509643,0,0
509743,0,0
509843,0,0
509943,0,0
510043,0,0
510143,0,0
510243,0,0
510343,0,0
510443,0,0
510543,0,0
510643,0,0
510743,0,0
510843,0,0
510943,0,0
511043,0,0
511143,0,0
511243,0,0
511343,0,0
511443,0,0
511543,0,0
511643,0,0
511743,0,0
511843,0,0
511943,0,0
512043,0,0
512143,0,0
512243,0,0
512340,0,0
512440,0,0
512540,0,0
512640,0,0
512740,0,0
512840,0,0
512940,0,0
513040,0,0
513140,0,0
513240,0,0
513340,0,0
513440,0,0
513540,0,0
513640,0,0
513740,0,0
513840,0,0
513940,0,0
514040,0,0
514140,0,0
514240,0,0
514340,0,0
514440,0,0
514540,0,0
514640,0,0
514740,0,0
514840,0,0
514940,0,0
515040,0,0
515140,0,0
515240,0,0
515340,0,0
515440,0,0
515540,0,0
515640,0,0
515740,0,0
515840,0,0
515940,0,0
516040,0,0
516140,0,0
516240,0,0
516340,0,0
516440,0,0
516540,0,0
516640,0,0
516740,0,0
516840,0,0
516940,0,0
517040,0,0
517140,0,0
517240,0,0
517340,0,0
517440,0,0
517540,0,0
517640,0,0
517740,0,0
517840,0,0
517940,0,0
518040,0,0
518140,0,0
518240,0,0
518340,0,0
518440,0,0
518540,0,0
518640,0,0
518740,0,0
518840,0,0
518940,0,0
519040,0,0
519140,0,0
519240,0,0
519340,0,0
519440,0,0
519540,0,0
519640,0,0
519740,0,0
519840,0,0
519940,0,0
520040,0,0
520140,0,0
520240,0,0
520340,0,0
520440,0,0
520540,0,0
520640,0,0
520740,0,0
520840,0,0
520940,0,0
521040,0,0
521140,0,0
521240,0,0
521340,0,0
521440,0,0
521540,0,0
521640,0,0
521740,0,0
521840,0,0
521940,0,0
522040,0,0
522140,0,0
522240,0,0
522340,0,0
522440,0,0
522540,0,0
522640,0,0
522740,0,0
522840,0,0
522940,0,0
523040,0,0
523140,0,0
523240,0,0
523340,0,0
523440,0,0
523540,0,0
523640,0,0
523740,0,0
523840,0,0
523940,0,0
524040,0,0
524140,0,0
524240,0,0
524340,0,0
524440,0,0
524540,0,0
524640,0,0
524740,0,0
524840,0,0
524940,0,0
525040,0,0
525140,0,0
525240,0,0
525340,0,0
525440,0,0
525540,0,0
525640,0,0
525740,0,0
525840,0,0
525940,0,0
526040,0,0
526140,0,0
526240,0,0
526340,0,0
526440,0,0
526540,0,0
526640,0,0
526740,0,0
526840,0,0
526940,0,0
527040,0,0
527140,0,0
527240,0,0
527340,0,0
527440,0,0
527540,0,0
527640,0,0
527740,0,0
527840,0,0
527940,0,0
528040,0,0
528140,0,0
528240,0,0
528340,0,0
528440,0,0
528540,0,0
528640,0,0
528740,0,0
528840,0,0
528940,0,0
529040,0,0
529140,0,0
529240,0,0
529340,0,0
529440,0,0
529540,0,0
529640,0,0
529740,0,0
529840,0,0
529940,0,0
530040,0,0
530140,0,0
530240,0,0
530340,0,0
530440,0,0
530540,0,0
530640,0,0
530740,0,0
530840,0,0
530940,0,0
531040,0,0
531140,0,0
531240,0,0
531340,0,0
531440,0,0
531540,0,0
531640,0,0
531740,0,0
531840,0,0
531940,0,0
532040,0,0
532140,0,0
532240,0,0
532340,0,0
532440,0,0
532540,0,0
532640,0,0
532740,0,0
532840,0,0
532940,0,0
533040,0,0
533140,0,0
533240,0,0
533340,0,0
533430,0,0
533530,0,0
533630,0,0
533730,0,0
533830,0,0
533930,0,0
534476,0,0
534576,0,1
534676,0,1
534776,0,1
534876,0,1
534976,0,1
535076,0,1
535176,0,1
535276,0,1
535376,0,1
535476,0,1
535576,0,1
535676,0,1
535776,0,1
535876,0,1
535976,0,1
536076,0,1
536176,0,1
536276,0,1
536376,0,1
536476,0,1
536576,0,1
536677,0,1
536777,0,1
536877,0,1
536977,0,1
537077,0,1
537177,0,1
537277,0,1
537377,0,1
537474,0,1
537574,0,1
537674,0,1
537774,0,1
537874,0,1
537974,0,1
538074,0,1
538174,0,1
538274,0,1
538374,0,1
538501,0,0
538601,0,0
538701,0,0
538801,0,0
538901,0,0
539001,0,0
539101,0,0
539201,0,0
539301,0,0
539401,0,0
539501,0,0
539601,0,0
539701,0,0
539801,0,0
539901,0,0
540002,0,0
540102,0,0
540202,0,0
540302,0,0
540402,0,0
540502,0,0
540602,0,0
540702,0,0
540802,0,0
540902,0,0
541002,0,0
541102,0,0
541202,0,0
541302,0,0
541402,0,0
541500,0,0
541600,0,0
541700,0,0
541800,0,0
541900,0,0
542000,0,0
542100,0,0
542200,0,0
542300,0,0
542400,0,0
542500,0,0
542600,0,0
542700,0,0
542800,0,0
542901,0,0
543001,0,0
543101,0,0
543201,0,0
543301,0,0
543401,0,0
543501,0,0
543601,0,0
543701,0,0
543801,0,0
543901,0,0
544001,0,0
544101,0,0
544201,0,0
544301,0,0
544401,0,0
544501,0,0
544601,0,0
544701,0,0
544801,0,0
544901,0,0
545001,0,0
545101,0,0
545201,0,0
545301,0,0
545401,0,0
545498,0,0
545598,0,0
545698,0,0
545798,0,0
545898,0,0
545998,0,0
546098,0,0
546198,0,0
546298,0,0
546398,0,0
546498,0,0
546598,0,0
546698,0,0
546798,0,0
546898,0,0
546998,0,0
547098,0,0
547198,0,0
547298,0,0
547398,0,0
547498,0,0
547598,0,0
547698,0,0
547798,0,0
547898,0,0
547998,0,0
548098,0,0
548198,0,0
548298,0,0
548398,0,0
548498,0,0
548598,0,0
548698,0,0
548798,0,0
548898,0,0
548998,0,0
549098,0,0
549198,0,0
549298,0,0
549398,0,0
549496,0,0
549596,0,0
549696,0,0
549796,0,0
549896,0,0
549996,0,0
550096,0,0
550196,0,0
550296,0,0
550396,0,0
550496,0,0
550596,0,0
550696,0,0
550796,0,0
550896,0,0
550996,0,0
551096,0,0
551196,0,0
551296,0,0
551396,0,0
551496,0,0
551596,0,0
551696,0,0
551796,0,0
551896,0,0
551996,0,0
552096,0,0
552196,0,0
552296,0,0
552396,0,0
552496,0,0
552596,0,0
552696,0,0
552796,0,0
552896,0,0
552996,0,0
553096,0,0
553196,0,0
553296,0,0
553396,0,0
553494,0,0
553594,0,0
553694,0,0
553794,0,0
553894,0,0
553994,0,0
554094,0,0
554194,0,0
554294,0,0
554394,0,0
554494,0,0
554594,0,0
554694,0,0
554794,0,0
554894,0,0
554994,0,0
555094,0,0
555194,0,0
555294,0,0
555394,0,0
555494,0,0
555594,0,0
555694,0,0
555794,0,0
555894,0,0
555994,0,0
556094,0,0
556194,0,0
556294,0,0
556394,0,0
556494,0,0
556594,0,0
556694,0,0
556794,0,0
556894,0,0
556994,0,0
557094,0,0
557194,0,0
557294,0,0
557394,0,0
557492,0,0
557592,0,0
557692,0,0
557792,0,0
557892,0,0
557992,0,0
558092,0,0
558192,0,0
558292,0,0
558392,0,0
558492,0,0
558592,0,0
558692,0,0
558792,0,0
558892,0,0
558992,0,0
559092,0,0
559192,0,0
559292,0,0
559392,0,0
559492,0,0
559592,0,0
559692,0,0
559792,0,0
559892,0,0
559992,0,0
560092,0,0
560192,0,0
560292,0,0
560392,0,0
560492,0,0
560592,0,0
560692,0,0
560792,0,0
560892,0,0
560992,0,0
561092,0,0
561192,0,0
561292,0,0
561392,0,0
561489,0,0
561589,0,0
561689,0,0
561789,0,0
561889,0,0
561989,0,0
562089,0,0
562189,0,0
562289,0,0
562389,0,0
562489,0,0
562589,0,0
562689,0,0
562789,0,0
562889,0,0
562989,0,0
563089,0,0
563189,0,0
563289,0,0
563389,0,0
563489,0,0
563589,0,0
563689,0,0
563789,0,0
563889,0,0
563989,0,0
564089,0,0
564189,0,0
564289,0,0
564389,0,0
564489,0,0
564589,0,0
564689,0,0
564789,0,0
564889,0,0
564989,0,0
565089,0,0
565189,0,0
565289,0,0
565389,0,0
565487,0,0
565587,0,0
565687,0,0
565787,0,0
565887,0,0
565987,0,0
566087,0,0
566187,0,0
566287,0,0
566387,0,0
566487,0,0
566587,0,0
566687,0,0
566787,0,0
566887,0,0
566987,0,0
567087,0,0
567187,0,0
567287,0,0
567387,0,0
567487,0,0
567587,0,0
567687,0,0
567787,0,0
567887,0,0
567987,0,0
568087,0,0
568187,0,0
568287,0,0
568387,0,0
568487,0,0
568587,0,0
568687,0,0
568787,0,0
568887,0,0
568987,0,0
569087,0,0
569187,0,0
569287,0,0
569387,0,0
569485,0,0
569585,0,0
569685,0,0
569785,0,0
569885,0,0
569985,0,0
570085,0,0
570185,0,0
570285,0,0
570385,0,0
570485,0,0
570585,0,0
570685,0,0
570785,0,0
570885,0,0
570985,0,0
571085,0,0
571185,0,0
571285,0,0
571385,0,0
571485,0,0
571585,0,0
571685,0,0
571785,0,0
571885,0,0
572070,0,0
572170,0,1
572270,0,1
572370,0,1
572470,0,1
572570,1,2
572670,1,2
572770,1,2
572870,1,2
572970,1,2
573070,1,2
573170,1,2
573270,1,2
573370,1,2
573466,1,2
573566,1,2
573666,1,2
573766,1,2
573866,1,2
573966,1,2
574066,1,2
574166,1,2
574266,1,2
574366,1,2
574466,1,2
574566,1,2
574666,1,2
574766,1,2
574866,1,2
574967,1,2
575067,1,2
575167,1,2
575267,1,2
575367,1,2
575467,1,2
575567,1,2
575667,1,2
575767,1,2
575867,1,2
575967,1,2
576067,1,2
576167,1,2
576267,1,2
576367,1,2
576467,1,2
576567,1,2
576667,1,2
576767,1,2
576867,1,2
576967,1,2
577067,1,2
577167,1,2
577267,1,2
577367,1,2
577467,1,2
577567,1,2
577667,1,2
577767,1,2
577868,1,2
577968,1,2
578068,1,2
578168,1,2
578395,1,2
578495,1,2
578595,1,2
578695,1,2
578795,1,2
578895,1,2
578995,1,2
579095,1,2
579195,1,2
579295,1,2
579395,1,2
579495,1,2
579595,1,2
579695,1,2
579795,1,2
579895,1,2
579995,1,2
580095,1,2
580195,1,2
580295,1,2
580395,1,2
580495,1,2
580595,1,2
580695,1,2
580795,1,2
580895,1,2
580995,0,0
581095,0,0
581196,0,0
581296,0,0
581396,0,0
581496,0,0
581596,0,0
581696,0,0
581796,0,0
581896,0,0
581996,0,0
582096,0,0
582196,0,0
582296,0,0
582396,0,0
582496,0,0
582596,0,0
582696,0,0
582796,0,0
582896,0,0
582996,0,0
583096,0,0
583196,0,0
583296,0,0
583396,0,0
583496,0,0
583596,0,0
583696,0,0
583796,0,0
583896,0,0
583996,0,0
584097,0,0
584197,0,0
584297,0,0
584397,0,0
584497,0,0
584597,0,0
584697,0,0
584797,0,0
584897,0,0
584997,0,0
585097,0,0
585197,0,0
585297,0,0
585397,0,0
585497,0,0
585597,0,0
585697,0,0
585797,0,0
585897,0,0
585997,0,0
586097,0,0
586197,0,0
586297,0,0
586397,0,0
586497,0,0
586597,0,0
586697,0,0
586797,0,0
586897,0,0
586997,0,0
587097,0,0
587197,0,0
587297,0,0
587397,0,0
587497,0,0
587597,0,0
587697,0,0
587797,0,0
587897,0,0
587997,0,0
588097,0,0
588197,0,0
588297,0,0
588397,0,0
588497,0,0
588597,0,0
588697,0,0
588797,0,0
588897,0,0
588997,0,0
589097,0,0
589197,0,0
589297,0,0
589397,0,0
589497,0,0
589597,0,0
589697,0,0
589797,0,0
589897,0,0
589997,0,0
590097,0,0
590197,0,0
590297,0,0
590397,0,0
590497,0,0
590597,0,0
590697,0,0
590797,0,0
590897,0,0
590997,0,0
591097,0,0
591197,0,0
591297,0,0
591397,0,0
591497,0,0
591597,0,0
591697,0,0
591797,0,0
591897,0,0
591997,0,0
592097,0,0
592197,0,0
592297,0,0
592397,0,0
592497,0,0
592597,0,0
592697,0,0
592797,0,0
592897,0,0
592997,0,0
593097,0,0
593197,0,0
593297,0,0
593397,0,0
593497,0,0
593597,0,0
593697,0,0
593797,0,0
593897,0,0
593997,0,0
594097,0,0
594197,0,0
