p:4000,20000,6000,600,8000,4000,2000,8000,100
16262,packet,1,0,0,1,56,8000
16278,event,0,0
16292,action,0,0
20260,packet,1,0,0,1,56,8000
20275,event,0,1
24258,packet,1,0,0,1,56,8000
24273,event,0,1
28258,packet,1,0,0,1,56,8000
28274,event,0,1
32256,packet,1,0,0,1,57,8000
32272,event,0,1
36256,packet,1,0,0,1,57,8000
36279,event,0,1
40262,packet,1,0,0,1,57,8000
40277,event,0,1
44450,packet,1,0,0,1,57,8000
44465,event,0,1
48461,packet,1,0,0,1,57,8000
48475,event,0,1
52461,packet,1,0,0,1,57,8000
52480,event,0,1
60495,event,1,1
60510,action,1,1
73585,packet,1,0,0,1,53,8000
73600,event,0,0
73615,action,0,0
77630,packet,1,0,0,1,53,8000
77644,event,0,1
81640,packet,1,0,0,1,53,8000
81655,event,0,1
85656,packet,1,0,0,1,53,8000
85671,event,0,1
89664,packet,1,0,0,1,54,8000
89687,event,0,1
93672,packet,1,0,0,1,56,8000
93688,event,0,1
97677,packet,1,0,0,1,59,8000
97692,event,0,1
101682,packet,1,0,0,1,54,8000
101697,event,0,1
105691,packet,1,0,0,1,59,8000
105706,event,0,1
109704,packet,1,0,0,1,56,8000
109724,event,0,1
117738,event,1,1
117753,action,1,1
129753,packet,1,0,0,1,66,8000
133750,packet,1,0,0,1,65,8000
137753,packet,1,0,0,1,68,8000
141763,packet,1,0,0,1,65,8000
145954,packet,1,0,0,1,63,8000
145968,event,0,0
145997,action,0,0
149762,packet,1,0,0,1,64,8000
149778,event,0,1
153767,packet,1,0,0,1,64,8000
153783,event,0,1
157772,packet,1,0,0,1,61,8000
157787,event,0,1
161767,packet,1,0,0,1,62,8000
161782,event,0,1
165768,packet,1,0,0,1,61,8000
165783,event,0,1
173811,event,1,1
173825,action,1,1
185864,packet,1,0,0,1,60,8000
185891,event,0,0
185906,action,0,0
189896,packet,1,0,0,1,56,8000
189912,event,0,1
194075,packet,1,0,0,1,58,8000
194090,event,0,1
198091,packet,1,0,0,1,56,8000
198106,event,0,1
202103,packet,1,0,0,1,58,8000
202117,event,0,1
206111,packet,1,0,0,1,60,8000
206126,event,0,1
210112,packet,1,0,0,1,59,8000
210128,event,0,1
214110,packet,1,0,0,1,63,8000
214125,event,0,1
218113,packet,1,0,0,1,61,8000
218128,event,0,1
222206,packet,1,0,0,1,60,8000
222225,event,0,1
230240,event,1,1
230255,action,1,1
242893,packet,1,0,0,1,56,8000
242908,event,0,0
242936,action,0,0
246893,packet,1,0,0,1,56,8000
246908,event,0,1
250906,packet,1,0,0,1,57,8000
250920,event,0,1
254908,packet,1,0,0,1,55,8000
254923,event,0,1
258914,packet,1,0,0,1,59,8000
258929,event,0,1
262918,packet,1,0,0,1,58,8000
262932,event,0,1
266918,packet,1,0,0,1,58,8000
266934,event,0,1
270930,packet,1,0,0,1,57,8000
270944,event,0,1
274956,packet,1,0,0,1,58,8000
274975,event,0,1
278965,packet,1,0,0,1,57,8000
278980,event,0,1
287008,event,1,1
287023,action,1,1
299777,packet,1,0,0,1,52,8000
299792,event,0,0
299806,action,0,0
303804,packet,1,0,0,1,55,8000
303818,event,0,1
307812,packet,1,0,0,1,51,8000
307826,event,0,1
311821,packet,1,0,0,1,51,8000
311835,event,0,1
315820,packet,1,0,0,1,51,8000
315835,event,0,1
319829,packet,1,0,0,1,52,8000
319843,event,0,1
323848,packet,1,0,0,1,52,8000
323862,event,0,1
327843,packet,1,0,0,1,52,8000
327857,event,0,1
331871,packet,1,0,0,1,53,8000
331885,event,0,1
335888,packet,1,0,0,1,53,8000
335903,event,0,1
339887,packet,1,0,0,1,56,8000
339903,event,0,1
347917,event,1,1
347931,action,1,1
355887,packet,1,0,0,1,51,8000
355903,event,0,0
355925,action,0,0
360069,packet,1,0,0,1,51,8000
360085,event,0,1
363886,packet,1,0,0,1,51,8000
363901,event,0,1
367893,packet,1,0,0,1,51,8000
367908,event,0,1
371886,packet,1,0,0,1,50,8000
371902,event,0,1
375885,packet,1,0,0,1,53,8000
375901,event,0,1
379887,packet,1,0,0,1,50,8000
379907,event,0,1
383899,packet,1,0,0,1,50,8000
383914,event,0,1
387901,packet,1,0,0,1,51,8000
387915,event,0,1
391913,packet,1,0,0,1,51,8000
391927,event,0,1
395918,packet,1,0,0,1,51,8000
395932,event,0,1
403961,event,1,1
403976,action,1,1
416177,packet,1,0,0,1,47,8000
416191,event,0,0
416221,action,0,0
420195,packet,1,0,0,1,47,8000
420209,event,0,1
424196,packet,1,0,0,1,47,8000
424210,event,0,1
428207,packet,1,0,0,1,47,8000
428221,event,0,1
432209,packet,1,0,0,1,47,8000
432227,event,0,1
436397,packet,1,0,0,1,47,8000
436412,event,0,1
440396,packet,1,0,0,1,51,8000
440428,event,0,1
444397,packet,1,0,0,1,47,8000
444412,event,0,1
448408,packet,1,0,0,1,47,8000
448422,event,0,1
452407,packet,1,0,0,1,47,8000
452422,event,0,1
456414,packet,1,0,0,1,47,8000
456429,event,0,1
464443,event,1,1
464457,action,1,1
472433,packet,1,0,0,1,50,8000
472448,event,0,0
472462,action,0,0
476432,packet,1,0,0,1,50,8000
476446,event,0,1
480430,packet,1,0,0,1,50,8000
480445,event,0,1
484438,packet,1,0,0,1,50,8000
484453,event,0,1
488453,packet,1,0,0,1,50,8000
488468,event,0,1
492442,packet,1,0,0,1,49,8000
492457,event,0,1
496462,packet,1,0,0,1,50,8000
496477,event,0,1
500461,packet,1,0,0,1,50,8000
500477,event,0,1
504452,packet,1,0,0,1,50,8000
504467,event,0,1
508472,packet,1,0,0,1,50,8000
508487,event,0,1
512555,packet,1,0,0,1,47,8000
512570,event,0,1
520586,event,1,1
520600,action,1,1
533528,packet,1,0,0,1,56,8000
533544,event,0,0
533558,action,0,0
537726,packet,1,0,0,1,56,8000
537755,event,0,1
541535,packet,1,0,0,1,56,8000
541559,event,0,1
545535,packet,1,0,0,1,56,8000
545550,event,0,1
549539,packet,1,0,0,1,57,8000
549554,event,0,1
553541,packet,1,0,0,1,58,8000
553556,event,0,1
557545,packet,1,0,0,1,56,8000
557560,event,0,1
561557,packet,1,0,0,1,56,8000
561587,event,0,1
565556,packet,1,0,0,1,56,8000
565571,event,0,1
569563,packet,1,0,0,1,57,8000
569579,event,0,1
573579,packet,1,0,0,1,56,8000
573595,event,0,1
581609,event,1,1
581623,action,1,1
