p:4000,20000,6000,600,8000,4000,2000,8000,70
16233,packet,1,0,0,1,59,8000
20300,packet,1,0,0,1,60,8000
24367,packet,1,0,0,1,56,8000
28435,packet,1,0,0,1,57,8000
32502,packet,1,0,0,1,58,8000
36570,packet,1,0,0,1,57,8000
40641,packet,1,0,0,1,56,8000
44891,packet,1,0,0,1,56,8000
48963,packet,1,0,0,1,57,8000
53031,packet,1,0,0,1,58,8000
73754,packet,1,0,0,1,57,8000
79651,packet,1,0,0,1,56,8000
85334,packet,1,0,0,1,56,8000
89122,packet,1,0,0,1,56,8000
93130,packet,1,0,0,1,56,8000
97150,packet,1,0,0,1,55,8000
101133,packet,1,0,0,1,56,8000
107057,packet,1,0,0,1,55,8000
129567,packet,1,0,0,1,47,8000
129800,event,0,0
130008,action,0,0
130280,packet,0,0,1,1
129824,packetAck,1
130243,packet,1,0,2,5,47,8000
130454,event,3,1
130663,action,2,1
131301,packet,1,0,2,5,47,8000
131511,event,1,2
131930,packet,1,0,2,5,47,8000
132141,event,1,2
136650,packet,1,0,2,5,47,8000
136860,event,1,2
140790,packet,1,0,2,5,47,8000
141001,event,1,2
144871,packet,1,0,2,5,47,8000
145093,event,1,2
148777,packet,1,0,2,5,47,8000
149080,event,1,2
152778,packet,1,0,2,5,47,8000
152988,event,1,2
156959,packet,1,0,2,5,47,8000
157169,event,1,2
160864,packet,1,0,2,5,47,8000
161074,event,1,2
164969,packet,1,0,2,5,47,8000
165177,event,1,2
173293,event,4,2
173502,action,1,2
186031,packet,1,0,0,1,43,8000
186263,event,0,0
186472,action,0,0
186732,packet,0,0,1,1
187176,packetAck,1
187593,packet,1,0,2,5,43,8000
187804,event,3,1
188012,action,2,1
188653,packet,1,0,2,5,43,8000
188863,event,1,2
189283,packet,1,0,2,5,43,8000
189508,event,1,2
192984,packet,1,0,2,5,43,8000
193194,event,1,2
197299,packet,1,0,2,5,43,8000
197508,event,1,2
201205,packet,1,0,2,5,43,8000
201416,event,1,2
205296,packet,1,0,2,5,42,8000
205507,event,1,2
209203,packet,1,0,2,5,43,8000
209413,event,1,2
213414,packet,1,0,2,5,43,8000
213625,event,1,2
217217,packet,1,0,2,5,43,8000
217428,event,1,2
221416,packet,1,0,2,5,43,8000
221627,event,1,2
229413,event,4,2
229635,action,1,2
242855,packet,1,0,0,1,60,8000
299694,packet,1,0,0,1,48,8000
300019,event,0,0
300229,action,0,0
300872,packet,0,0,1,1
301315,packetAck,1
301733,packet,1,0,2,5,48,8000
301943,event,3,1
302165,action,2,1
304533,event,4,2
304743,action,1,2
305802,packet,1,0,0,1,48,8000
306035,event,0,0
306243,action,0,0
306599,packet,0,0,1,1
307030,packetAck,1
310657,event,2,1
310867,action,1,1
313584,packet,1,0,0,1,48,8000
313816,event,0,0
314037,action,0,0
314718,packet,0,0,1,1
315149,packetAck,1
319045,event,2,1
319254,action,1,1
321778,packet,1,0,0,1,48,8000
322104,event,0,0
322314,action,0,0
322689,packet,0,0,1,1
323120,packetAck,1
323550,packet,1,0,2,5,48,8000
323760,event,3,1
323982,action,2,1
325657,event,4,2
325867,action,1,2
326704,packet,1,0,0,1,48,8000
326947,event,0,0
327157,action,0,0
327570,packet,0,0,1,1
327891,packetAck,1
332755,event,2,1
332963,action,1,1
335777,packet,1,0,0,1,48,8000
336009,event,0,0
336230,action,0,0
336823,packet,0,0,1,1
335924,packetAck,1
339493,event,2,1
339703,action,1,1
358339,packet,1,0,0,1,60,8000
362547,packet,1,0,0,1,59,8000
366547,packet,1,0,0,1,59,8000
370756,packet,1,0,0,1,58,8000
374853,packet,1,0,0,1,58,8000
378968,packet,1,0,0,1,58,8000
382969,packet,1,0,0,1,59,8000
386965,packet,1,0,0,1,59,8000
391173,packet,1,0,0,1,58,8000
395173,packet,1,0,0,1,59,8000
416102,packet,1,0,0,1,51,8000
474827,packet,1,0,0,1,67,8000
480520,packet,1,0,0,1,68,8000
484520,packet,1,0,0,1,68,8000
488754,packet,1,0,0,1,67,8000
492755,packet,1,0,0,1,67,8000
496759,packet,1,0,0,1,69,8000
502430,packet,1,0,0,1,68,8000
506428,packet,1,0,0,1,71,8000
510641,packet,1,0,0,1,77,8000
533426,packet,1,0,0,1,50,8000
