p:4000,20000,6000,600,8000,4000,2000,8000,100
16030,packet,1,0,0,1,51,8000
16045,event,0,0
16059,action,0,0
20030,packet,1,0,0,1,51,8000
20045,event,0,1
24043,packet,1,0,0,1,51,8000
24057,event,0,1
28041,packet,1,0,0,1,52,8000
28056,event,0,1
32046,packet,1,0,0,1,52,8000
32061,event,0,1
36045,packet,1,0,0,1,52,8000
36060,event,0,1
40063,packet,1,0,0,1,52,8000
40078,event,0,1
44059,packet,1,0,0,1,52,8000
44075,event,0,1
48067,packet,1,0,0,1,52,8000
48083,event,0,1
52228,packet,1,0,0,1,52,8000
52246,event,0,1
60261,event,1,1
60275,action,1,1
73619,packet,1,0,0,1,63,8000
73634,event,0,0
73648,action,0,0
77800,packet,1,0,0,1,67,8000
81640,event,1,1
81654,action,1,1
85802,packet,1,0,0,1,64,8000
85816,event,0,0
85830,action,0,0
89793,packet,1,0,0,1,63,8000
89808,event,0,1
93803,packet,1,0,0,1,63,8000
93818,event,0,1
97816,packet,1,0,0,1,65,8000
101816,packet,1,0,0,1,62,8000
101832,event,0,1
105902,packet,1,0,0,1,62,8000
105917,event,0,1
109902,packet,1,0,0,1,63,8000
109917,event,0,1
117936,event,1,1
117951,action,1,1
125900,packet,1,0,0,1,58,8000
125915,event,0,0
125929,action,0,0
129902,packet,1,0,0,1,57,8000
129918,event,0,1
133902,packet,1,0,0,1,57,8000
133918,event,0,1
137904,packet,1,0,0,1,57,8000
137919,event,0,1
141905,packet,1,0,0,1,56,8000
141919,event,0,1
145906,packet,1,0,0,1,57,8000
145920,event,0,1
149910,packet,1,0,0,1,58,8000
149925,event,0,1
153910,packet,1,0,0,1,57,8000
153924,event,0,1
157912,packet,1,0,0,1,57,8000
157927,event,0,1
161920,packet,1,0,0,1,57,8000
161939,event,0,1
165923,packet,1,0,0,1,57,8000
165939,event,0,1
173953,event,1,1
173967,action,1,1
185924,packet,1,0,0,1,43,8000
185939,event,0,0
185953,action,0,0
190109,packet,1,0,0,1,43,8000
190124,event,0,1
193922,packet,1,0,0,1,43,8000
193938,event,0,1
197922,packet,1,0,0,1,43,8000
197948,event,0,1
201925,packet,1,0,0,1,43,8000
201940,event,0,1
205924,packet,1,0,0,1,43,8000
205938,event,0,1
209933,packet,1,0,0,1,43,8000
209948,event,0,1
213937,packet,1,0,0,1,43,8000
213956,event,0,1
217932,packet,1,0,0,1,43,8000
217946,event,0,1
221932,packet,1,0,0,1,43,8000
221947,event,0,1
229961,event,1,1
229975,action,1,1
242689,packet,1,0,0,1,55,8000
242703,event,0,0
242717,action,0,0
246695,packet,1,0,0,1,55,8000
246721,event,0,1
250714,packet,1,0,0,1,55,8000
250729,event,0,1
254902,packet,1,0,0,1,53,8000
254917,event,0,1
258722,packet,1,0,0,1,55,8000
258737,event,0,1
262723,packet,1,0,0,1,56,8000
262737,event,0,1
266730,packet,1,0,0,1,56,8000
266745,event,0,1
270735,packet,1,0,0,1,56,8000
270749,event,0,1
274741,packet,1,0,0,1,56,8000
274756,event,0,1
278740,packet,1,0,0,1,55,8000
278755,event,0,1
286769,event,1,1
286783,action,1,1
299590,packet,1,0,0,1,48,8000
299604,event,0,0
299618,action,0,0
303585,packet,1,0,0,1,48,8000
303600,event,0,1
307585,packet,1,0,0,1,48,8000
307601,event,0,1
311583,packet,1,0,0,1,48,8000
311598,event,0,1
315582,packet,1,0,0,1,48,8000
315597,event,0,1
319768,packet,1,0,0,1,48,8000
319783,event,0,1
323583,packet,1,0,0,1,48,8000
323598,event,0,1
327581,packet,1,0,0,1,48,8000
327597,event,0,1
331571,packet,1,0,0,1,48,8000
331587,event,0,1
335581,packet,1,0,0,1,49,8000
335596,event,0,1
339578,packet,1,0,0,1,49,8000
339592,event,0,1
347607,event,1,1
347621,action,1,1
355594,packet,1,0,0,1,59,8000
355608,event,0,0
355622,action,0,0
359598,packet,1,0,0,1,60,8000
359612,event,0,1
363605,packet,1,0,0,1,60,8000
363619,event,0,1
367662,packet,1,0,0,1,60,8000
367677,event,0,1
371673,packet,1,0,0,1,60,8000
371691,event,0,1
375682,packet,1,0,0,1,60,8000
375696,event,0,1
379695,packet,1,0,0,1,60,8000
379709,event,0,1
383697,packet,1,0,0,1,60,8000
383711,event,0,1
387702,packet,1,0,0,1,63,8000
387716,event,0,1
391705,packet,1,0,0,1,61,8000
391719,event,0,1
395793,packet,1,0,0,1,62,8000
395807,event,0,1
403821,event,1,1
403834,action,1,1
415924,packet,1,0,0,1,50,8000
415938,event,0,0
415952,action,0,0
419882,packet,1,0,0,1,50,8000
419896,event,0,1
423900,packet,1,0,0,1,50,8000
423918,event,0,1
427895,packet,1,0,0,1,50,8000
427909,event,0,1
431924,packet,1,0,0,1,49,8000
431939,event,0,1
435924,packet,1,0,0,1,48,8000
435939,event,0,1
439922,packet,1,0,0,1,48,8000
439937,event,0,1
443924,packet,1,0,0,1,48,8000
443938,event,0,1
447923,packet,1,0,0,1,48,8000
447938,event,0,1
451925,packet,1,0,0,1,48,8000
451939,event,0,1
455933,packet,1,0,0,1,48,8000
455947,event,0,1
463982,event,1,1
463996,action,1,1
471946,packet,1,0,0,1,62,8000
471961,event,0,0
471974,action,0,0
475937,packet,1,0,0,1,61,8000
475953,event,0,1
480119,packet,1,0,0,1,61,8000
480135,event,0,1
483928,packet,1,0,0,1,61,8000
483943,event,0,1
487931,packet,1,0,0,1,64,8000
487964,event,0,1
491937,packet,1,0,0,1,62,8000
491951,event,0,1
495938,packet,1,0,0,1,62,8000
495953,event,0,1
499944,packet,1,0,0,1,61,8000
499960,event,0,1
503947,packet,1,0,0,1,61,8000
503963,event,0,1
507949,packet,1,0,0,1,61,8000
507964,event,0,1
511960,packet,1,0,0,1,61,8000
511976,event,0,1
520016,event,1,1
520035,action,1,1
533172,packet,1,0,0,1,50,8000
533188,event,0,0
533220,action,0,0
537179,packet,1,0,0,1,50,8000
537194,event,0,1
541202,packet,1,0,0,1,50,8000
541217,event,0,1
545208,packet,1,0,0,1,50,8000
545222,event,0,1
549210,packet,1,0,0,1,50,8000
549225,event,0,1
553217,packet,1,0,0,1,50,8000
553232,event,0,1
557216,packet,1,0,0,1,50,8000
557249,event,0,1
561219,packet,1,0,0,1,50,8000
561235,event,0,1
565225,packet,1,0,0,1,50,8000
565240,event,0,1
569227,packet,1,0,0,1,50,8000
569243,event,0,1
573242,packet,1,0,0,1,50,8000
573257,event,0,1
581271,event,1,1
581285,action,1,1
