p:4000,20000,6000,600,8000,4000,2000,8000,100
15101,0,0
15201,0,0
15301,0,0
15401,0,0
15501,0,0
15601,0,0
15701,0,0
15801,0,0
15901,0,0
16001,0,0
16101,1,1
16201,1,1
16301,1,1
16401,1,1
16501,1,1
16601,1,1
16701,1,1
16801,1,1
16901,1,1
17001,1,1
17101,1,1
17201,1,1
17301,1,1
17401,1,1
17501,1,1
17601,1,1
17701,1,1
17801,1,1
17901,1,1
18001,1,1
18101,1,1
18201,1,1
18301,1,1
18401,1,1
18501,1,1
18601,1,1
18701,1,1
18801,1,1
18901,1,1
19001,1,1
19096,1,1
19196,1,1
19296,1,1
19396,1,1
19496,1,1
19596,1,1
19696,1,1
19796,1,1
19896,1,1
19996,1,1
20096,1,1
20196,1,1
20296,1,1
20396,1,1
20496,1,1
20596,1,1
20696,1,1
20796,1,1
20896,1,1
20996,1,1
21096,1,1
21196,1,1
21296,1,1
21396,1,1
21496,1,1
21596,1,1
21696,1,1
21796,1,1
21896,1,1
21996,1,1
22096,1,1
22196,1,1
22296,1,1
22396,1,1
22496,1,1
22596,1,1
22696,1,1
22796,1,1
22896,1,1
22996,1,1
23092,1,1
23192,1,1
23292,1,1
23392,1,1
23492,1,1
23592,1,1
23692,1,1
23792,1,1
23892,1,1
23992,1,1
24092,1,1
24192,1,1
24292,1,1
24392,1,1
24492,1,1
24592,1,1
24692,1,1
24792,1,1
24892,1,1
24992,1,1
25092,1,1
25192,1,1
25292,1,1
25392,1,1
25492,1,1
25592,1,1
25692,1,1
25792,1,1
25892,1,1
25992,1,1
26092,1,1
26192,1,1
26292,1,1
26392,1,1
26492,1,1
26592,1,1
26692,1,1
26792,1,1
26892,1,1
26992,1,1
27088,1,1
27188,1,1
27288,1,1
27388,1,1
27488,1,1
27588,1,1
27688,1,1
27788,1,1
27888,1,1
27988,1,1
28088,1,1
28188,1,1
28288,1,1
28388,1,1
28488,1,1
28588,1,1
28688,1,1
28788,1,1
28888,1,1
28988,1,1
29088,1,1
29188,1,1
29288,1,1
29388,1,1
29488,1,1
29588,1,1
29688,1,1
29788,1,1
29888,1,1
29988,1,1
30088,1,1
30188,1,1
30288,1,1
30388,1,1
30488,1,1
30588,1,1
30688,1,1
30788,1,1
30888,1,1
30988,1,1
31088,1,1
31188,1,1
31283,1,1
31383,1,1
31483,1,1
31583,1,1
31683,1,1
31783,1,1
31883,1,1
31983,1,1
32083,1,1
32183,1,1
32283,1,1
32383,1,1
32483,1,1
32583,1,1
32683,1,1
32783,1,1
32883,1,1
32983,1,1
33083,1,1
33183,1,1
33283,1,1
33383,1,1
33483,1,1
33583,1,1
33683,1,1
33783,1,1
33883,1,1
33983,1,1
34083,1,1
34183,1,1
34283,1,1
34383,1,1
34483,1,1
34583,1,1
34683,1,1
34783,1,1
34883,1,1
34983,1,1
35083,1,1
35183,1,1
35277,1,1
35377,1,1
35477,1,1
35577,1,1
35677,1,1
35777,1,1
35877,1,1
35977,1,1
36091,1,1
36191,1,1
36291,1,1
36391,1,1
36491,1,1
36591,1,1
36691,1,1
36791,1,1
36891,1,1
36992,1,1
37092,1,1
37192,1,1
37292,1,1
37392,1,1
37492,1,1
37592,1,1
37692,1,1
37792,1,1
37892,1,1
37992,1,1
38092,1,1
38192,1,1
38292,1,1
38392,1,1
38492,1,1
38592,1,1
38692,1,1
38792,1,1
38892,1,1
38992,1,1
39092,1,1
39192,1,1
39284,1,1
39384,1,1
39484,1,1
39584,1,1
39684,1,1
39784,1,1
39885,1,1
39985,1,1
40088,1,1
40188,1,1
40288,1,1
40388,1,1
40488,1,1
40588,1,1
40688,1,1
40788,1,1
40888,1,1
40988,1,1
41088,1,1
41188,1,1
41288,1,1
41388,1,1
41488,1,1
41588,1,1
41688,1,1
41788,1,1
41888,1,1
41988,1,1
42088,1,1
42189,1,1
42289,1,1
42389,1,1
42489,1,1
42589,1,1
42689,1,1
42789,1,1
42889,1,1
42989,1,1
43089,1,1
43189,1,1
43289,1,1
43389,1,1
43489,1,1
43589,1,1
43689,1,1
43789,1,1
43889,1,1
43989,1,1
44112,1,1
44212,1,1
44312,1,1
44412,1,1
44512,1,1
44612,1,1
44712,1,1
44812,1,1
44912,1,1
45012,1,1
45112,1,1
45212,1,1
45312,1,1
45412,1,1
45512,1,1
45612,1,1
45712,1,1
45812,1,1
45912,1,1
46012,1,1
46112,1,1
46212,1,1
46312,1,1
46413,1,1
46513,1,1
46613,1,1
46713,1,1
46813,1,1
46913,1,1
47013,1,1
47113,1,1
47211,1,1
47311,1,1
47411,1,1
47511,1,1
47611,1,1
47711,1,1
47811,1,1
47911,1,1
48011,1,1
48111,1,1
48211,1,1
48311,1,1
48411,1,1
48511,1,1
48611,1,1
48711,1,1
48811,1,1
48911,1,1
49011,1,1
49111,1,1
49211,1,1
49311,1,1
49411,1,1
49511,1,1
49611,1,1
49711,1,1
49811,1,1
49911,1,1
50011,1,1
50111,1,1
50211,1,1
50311,1,1
50411,1,1
50511,1,1
50611,1,1
50711,1,1
50811,1,1
50911,1,1
51011,1,1
51111,1,1
51211,1,1
51294,1,1
51394,1,1
51494,1,1
51594,1,1
51694,1,1
51794,1,1
51894,1,1
51994,1,1
52094,1,1
52194,1,1
52294,1,1
52394,1,1
52494,1,1
52594,1,1
52694,1,1
52794,1,1
52894,1,1
52994,1,1
53094,1,1
53194,1,1
53294,1,1
53394,1,1
53494,1,1
53594,1,1
53694,1,1
53794,1,1
53894,1,1
53994,1,1
54094,1,1
54194,1,1
54294,1,1
54394,1,1
54494,1,1
54594,1,1
54694,1,1
54794,1,1
54894,1,1
54994,1,1
55094,1,1
55194,1,1
55294,1,1
55394,1,1
55494,1,1
55594,1,1
55694,1,1
55794,1,1
55894,1,1
55994,1,1
56094,1,1
56194,1,1
56294,1,1
56394,1,1
56494,1,1
56594,1,1
56694,1,1
56794,1,1
56894,1,1
56994,1,1
57094,1,1
57194,1,1
57294,1,1
57394,1,1
57494,1,1
57594,1,1
57694,1,1
57794,1,1
57894,1,1
57994,1,1
58094,1,1
58194,1,1
58294,1,1
58394,1,1
58494,1,1
58594,1,1
58694,1,1
58794,1,1
58894,1,1
58994,1,1
59094,1,1
59194,1,1
59294,1,1
59394,1,1
59494,1,1
59594,1,1
59694,1,1
59794,1,1
59894,1,1
59994,1,1
60094,1,1
60194,0,0
60294,0,0
60394,0,0
60494,0,0
60594,0,0
60694,0,0
60794,0,0
60894,0,0
60994,0,0
61094,0,0
61194,0,0
61294,0,0
61394,0,0
61494,0,0
61594,0,0
61694,0,0
61794,0,0
61894,0,0
61994,0,0
62094,0,0
62194,0,0
62294,0,0
62394,0,0
62494,0,0
62594,0,0
62694,0,0
62794,0,0
62894,0,0
62994,0,0
63094,0,0
63194,0,0
63294,0,0
63394,0,0
63494,0,0
63594,0,0
63694,0,0
63794,0,0
63894,0,0
63994,0,0
64094,0,0
64194,0,0
64294,0,0
64394,0,0
64494,0,0
64594,0,0
64694,0,0
64794,0,0
64894,0,0
64994,0,0
65094,0,0
65194,0,0
65294,0,0
65394,0,0
65494,0,0
65594,0,0
65694,0,0
65794,0,0
65894,0,0
65994,0,0
66094,0,0
66194,0,0
66294,0,0
66394,0,0
66494,0,0
66594,0,0
66694,0,0
66794,0,0
66894,0,0
66994,0,0
67094,0,0
67194,0,0
67294,0,0
67394,0,0
67494,0,0
67594,0,0
67694,0,0
67794,0,0
67894,0,0
67994,0,0
68094,0,0
68194,0,0
68294,0,0
68394,0,0
68494,0,0
68594,0,0
68694,0,0
68794,0,0
68894,0,0
68994,0,0
69094,0,0
69194,0,0
69294,0,0
69394,0,0
69494,0,0
69594,0,0
69694,0,0
69794,0,0
69894,0,0
69994,0,0
70094,0,0
70194,0,0
70294,0,0
70394,0,0
70494,0,0
70594,0,0
70694,0,0
70794,0,0
70894,0,0
70994,0,0
71094,0,0
71194,0,0
71294,0,0
71394,0,0
71494,0,0
71594,0,0
71694,0,0
71794,0,0
71894,0,0
71994,0,0
72094,0,0
72194,0,0
72294,0,0
72394,0,0
72494,0,0
72594,0,0
72694,0,0
72794,0,0
72894,0,0
72994,0,0
73094,0,0
73194,0,0
73294,0,0
73394,0,0
73494,0,0
73583,0,0
73683,0,0
73783,0,0
73883,1,1
73983,1,1
74083,1,1
74183,1,1
74283,1,1
74383,1,1
74483,1,1
74583,1,1
74683,1,1
74783,1,1
74883,1,1
74983,1,1
75083,1,1
75183,1,1
75283,1,1
75383,1,1
75483,1,1
75583,1,1
75683,1,1
75783,1,1
75883,1,1
75983,1,1
76083,1,1
76183,1,1
76283,1,1
76383,1,1
76483,1,1
76583,1,1
76683,1,1
76783,1,1
76883,1,1
76983,1,1
77083,1,1
77183,1,1
77283,1,1
77383,1,1
77483,1,1
77578,1,1
77678,1,1
77778,1,1
77878,1,1
77978,1,1
78078,1,1
78178,1,1
78278,1,1
78378,1,1
78478,1,1
78578,1,1
78678,1,1
78778,1,1
78878,1,1
78978,1,1
79078,1,1
79178,1,1
79278,1,1
79378,1,1
79478,1,1
79578,1,1
79678,1,1
79778,1,1
79878,1,1
79978,1,1
80078,1,1
80178,1,1
80278,1,1
80378,1,1
80478,1,1
80578,1,1
80678,1,1
80778,1,1
80878,1,1
80978,1,1
81078,1,1
81178,1,1
81278,1,1
81378,1,1
81478,1,1
81574,1,1
81674,1,1
81774,1,1
81874,1,1
81974,1,1
82074,1,1
82174,1,1
82274,1,1
82374,1,1
82474,1,1
82574,1,1
82674,1,1
82774,1,1
82874,1,1
82974,1,1
83074,1,1
83174,1,1
83274,1,1
83374,1,1
83474,1,1
83574,1,1
83674,1,1
83774,1,1
83874,1,1
83974,1,1
84074,1,1
84174,1,1
84274,1,1
84374,1,1
84474,1,1
84574,1,1
84674,1,1
84774,1,1
84874,1,1
84974,1,1
85074,1,1
85174,1,1
85274,1,1
85374,1,1
85474,1,1
85574,1,1
85657,1,1
85757,1,1
85857,1,1
85957,1,1
86057,1,1
86157,1,1
86257,1,1
86357,1,1
86457,1,1
86557,1,1
86657,1,1
86757,1,1
86857,1,1
86957,1,1
87057,1,1
87157,1,1
87257,1,1
87357,1,1
87457,1,1
87557,1,1
87657,1,1
87757,1,1
87857,1,1
87957,1,1
88057,1,1
88157,1,1
88257,1,1
88357,1,1
88457,1,1
88557,1,1
88657,1,1
88757,1,1
88857,1,1
88957,1,1
89057,1,1
89157,1,1
89257,1,1
89357,1,1
89457,1,1
89557,1,1
89660,1,1
89760,1,1
89860,1,1
89960,1,1
90060,1,1
90160,1,1
90260,1,1
90360,1,1
90460,1,1
90560,1,1
90660,1,1
90760,1,1
90860,1,1
90960,1,1
91060,1,1
91160,1,1
91260,1,1
91360,1,1
91460,1,1
91560,1,1
91660,1,1
91760,1,1
91860,1,1
91960,1,1
92060,1,1
92160,1,1
92260,1,1
92360,1,1
92460,1,1
92560,1,1
92660,1,1
92760,1,1
92860,1,1
92960,1,1
93060,1,1
93160,1,1
93260,1,1
93360,1,1
93460,1,1
93560,1,1
93662,1,1
93762,1,1
93862,1,1
93962,1,1
94062,1,1
94162,1,1
94262,1,1
94362,1,1
94462,1,1
94562,1,1
94662,1,1
94762,1,1
94862,1,1
94962,1,1
95062,1,1
95162,1,1
95262,1,1
95362,1,1
95462,1,1
95562,1,1
95662,1,1
95762,1,1
95862,1,1
95962,1,1
96062,1,1
96162,1,1
96262,1,1
96362,1,1
96462,1,1
96562,1,1
96662,1,1
96762,1,1
96862,1,1
96962,1,1
97062,1,1
97162,1,1
97262,1,1
97362,1,1
97462,1,1
97562,1,1
97655,1,1
97755,1,1
97855,1,1
97955,1,1
98055,1,1
98155,1,1
98255,1,1
98355,1,1
98455,1,1
98555,1,1
98655,1,1
98755,1,1
98855,1,1
98955,1,1
99055,1,1
99155,1,1
99255,1,1
99355,1,1
99455,1,1
99555,1,1
99655,1,1
99755,1,1
99855,1,1
99955,1,1
100055,1,1
100155,1,1
100255,1,1
100355,1,1
100455,1,1
100555,1,1
100655,1,1
100755,1,1
100855,1,1
100955,1,1
101055,1,1
101155,1,1
101255,1,1
101355,1,1
101455,1,1
101555,1,1
101652,1,1
101752,1,1
101852,1,1
101952,1,1
102052,1,1
102152,1,1
102252,1,1
102352,1,1
102452,1,1
102552,1,1
102652,1,1
102752,1,1
102852,1,1
102952,1,1
103052,1,1
103152,1,1
103252,1,1
103352,1,1
103452,1,1
103552,1,1
103652,1,1
103752,1,1
103852,1,1
103952,1,1
104052,1,1
104152,1,1
104252,1,1
104352,1,1
104452,1,1
104552,1,1
104652,1,1
104752,1,1
104852,1,1
104952,1,1
105052,1,1
105152,1,1
105252,1,1
105352,1,1
105452,1,1
105552,1,1
105648,1,1
105748,1,1
105848,1,1
105948,1,1
106048,1,1
106148,1,1
106248,1,1
106348,1,1
106448,1,1
106548,1,1
106648,1,1
106748,1,1
106848,1,1
106948,1,1
107048,1,1
107148,1,1
107248,1,1
107348,1,1
107448,1,1
107548,1,1
107648,1,1
107748,1,1
107848,1,1
107948,1,1
108048,1,1
108148,1,1
108248,1,1
108348,1,1
108448,1,1
108548,1,1
108648,1,1
108748,1,1
108848,1,1
108948,1,1
109048,1,1
109148,1,1
109248,1,1
109348,1,1
109448,1,1
109548,1,1
109644,1,1
109744,1,1
109844,1,1
109944,1,1
110044,1,1
110144,1,1
110244,1,1
110344,1,1
110444,1,1
110544,1,1
110644,1,1
110744,1,1
110844,1,1
110944,1,1
111044,1,1
111144,1,1
111244,1,1
111344,1,1
111444,1,1
111544,1,1
111644,1,1
111744,1,1
111844,1,1
111944,1,1
112044,1,1
112144,1,1
112244,1,1
112344,1,1
112444,1,1
112544,1,1
112644,1,1
112744,1,1
112844,1,1
112944,1,1
113044,1,1
113144,1,1
113244,1,1
113344,1,1
113444,1,1
113544,1,1
113644,1,1
113744,1,1
113844,1,1
113944,1,1
114044,1,1
114144,1,1
114244,1,1
114344,1,1
114444,1,1
114544,1,1
114644,1,1
114744,1,1
114844,1,1
114944,1,1
115044,1,1
115144,1,1
115244,1,1
115344,1,1
115444,1,1
115544,1,1
115644,1,1
115744,1,1
115844,1,1
115944,1,1
116044,1,1
116144,1,1
116244,1,1
116344,1,1
116444,1,1
116544,1,1
116644,1,1
116744,1,1
116844,1,1
116944,1,1
117044,1,1
117144,1,1
117244,1,1
117344,1,1
117444,1,1
117544,1,1
117644,1,1
117744,1,1
117844,1,1
117960,0,0
118060,0,0
118160,0,0
118260,0,0
118360,0,0
118460,0,0
118560,0,0
118660,0,0
118760,0,0
118860,0,0
118960,0,0
119060,0,0
119160,0,0
119260,0,0
119360,0,0
119460,0,0
119560,0,0
119660,0,0
119760,0,0
119860,0,0
119960,0,0
120060,0,0
120160,0,0
120260,0,0
120360,0,0
120460,0,0
120560,0,0
120660,0,0
120760,0,0
120860,0,0
120960,0,0
121060,0,0
121160,0,0
121260,0,0
121360,0,0
121460,0,0
121560,0,0
121660,0,0
121760,0,0
121860,0,0
121960,0,0
122060,0,0
122160,0,0
122260,0,0
122360,0,0
122460,0,0
122560,0,0
122660,0,0
122760,0,0
122860,0,0
122960,0,0
123060,0,0
123160,0,0
123260,0,0
123360,0,0
123460,0,0
123560,0,0
123660,0,0
123760,0,0
123860,0,0
123960,0,0
124060,0,0
124160,0,0
124260,0,0
124360,0,0
124460,0,0
124560,0,0
124660,0,0
124760,0,0
124860,0,0
124960,0,0
125060,0,0
125160,0,0
125260,0,0
125360,0,0
125460,0,0
125560,0,0
125660,0,0
125760,0,0
125860,0,0
125960,1,1
126060,1,1
126160,1,1
126260,1,1
126360,1,1
126460,1,1
126560,1,1
126660,1,1
126760,1,1
126860,1,1
126960,1,1
127060,1,1
127160,1,1
127260,1,1
127360,1,1
127460,1,1
127560,1,1
127660,1,1
127760,1,1
127860,1,1
127960,1,1
128060,1,1
128160,1,1
128260,1,1
128360,1,1
128460,1,1
128560,1,1
128660,1,1
128760,1,1
128860,1,1
128960,1,1
129060,1,1
129160,1,1
129260,1,1
129360,1,1
129460,1,1
129560,1,1
129639,1,1
129739,1,1
129839,1,1
129940,1,1
130040,1,1
130140,1,1
130240,1,1
130340,1,1
130440,1,1
130540,1,1
130640,1,1
130740,1,1
130840,1,1
130940,1,1
131040,1,1
131140,1,1
131240,1,1
131340,1,1
131440,1,1
131540,1,1
131640,1,1
131740,1,1
131840,1,1
131940,1,1
132041,1,1
132141,1,1
132241,1,1
132341,1,1
132441,1,1
132541,1,1
132641,1,1
132741,1,1
132841,1,1
132941,1,1
133041,1,1
133141,1,1
133241,1,1
133341,1,1
133441,1,1
133541,1,1
133636,1,1
133736,1,1
133836,1,1
133936,1,1
134036,1,1
134136,1,1
134236,1,1
134336,1,1
134436,1,1
134536,1,1
134636,1,1
134736,1,1
134836,1,1
134937,1,1
135037,1,1
135137,1,1
135237,1,1
135337,1,1
135437,1,1
135537,1,1
135637,1,1
135737,1,1
135837,1,1
135937,1,1
136037,1,1
136137,1,1
136237,1,1
136337,1,1
136437,1,1
136537,1,1
136637,1,1
136737,1,1
136837,1,1
136937,1,1
137037,1,1
137137,1,1
137237,1,1
137337,1,1
137437,1,1
137537,1,1
137633,1,1
137733,1,1
137834,1,1
137934,1,1
138034,1,1
138134,1,1
138234,1,1
138334,1,1
138434,1,1
138534,1,1
138634,1,1
138734,1,1
138834,1,1
138934,1,1
139034,1,1
139134,1,1
139234,1,1
139334,1,1
139434,1,1
139534,1,1
139634,1,1
139734,1,1
139834,1,1
139934,1,1
140034,1,1
140134,1,1
140234,1,1
140334,1,1
140434,1,1
140534,1,1
140634,1,1
140734,1,1
140834,1,1
140934,1,1
141034,1,1
141134,1,1
141234,1,1
141334,1,1
141434,1,1
141534,1,1
141630,1,1
141730,1,1
141830,1,1
141933,1,1
142033,1,1
142133,1,1
142233,1,1
142333,1,1
142433,1,1
142533,1,1
142633,1,1
142733,1,1
142833,1,1
142933,1,1
143033,1,1
143133,1,1
143233,1,1
143334,1,1
143434,1,1
143534,1,1
143634,1,1
143734,1,1
143834,1,1
143934,1,1
144034,1,1
144134,1,1
144234,1,1
144334,1,1
144434,1,1
144534,1,1
144634,1,1
144734,1,1
144834,1,1
144934,1,1
145034,1,1
145134,1,1
145234,1,1
145334,1,1
145434,1,1
145534,1,1
145631,1,1
145731,1,1
145831,1,1
145937,1,1
146037,1,1
146137,1,1
146237,1,1
146337,1,1
146437,1,1
146537,1,1
146637,1,1
146737,1,1
146837,1,1
146937,1,1
147037,1,1
147137,1,1
147237,1,1
147337,1,1
147437,1,1
147537,1,1
147637,1,1
147737,1,1
147837,1,1
147937,1,1
148037,1,1
148137,1,1
148238,1,1
148338,1,1
148438,1,1
148538,1,1
148638,1,1
148738,1,1
148838,1,1
148938,1,1
149038,1,1
149138,1,1
149238,1,1
149338,1,1
149438,1,1
149538,1,1
149638,1,1
149731,1,1
149831,1,1
149943,1,1
150043,1,1
150143,1,1
150243,1,1
150343,1,1
150443,1,1
150543,1,1
150643,1,1
150743,1,1
150843,1,1
150943,1,1
151043,1,1
151143,1,1
151243,1,1
151343,1,1
151443,1,1
151543,1,1
151644,1,1
151744,1,1
151844,1,1
151944,1,1
152044,1,1
152144,1,1
152244,1,1
152344,1,1
152444,1,1
152544,1,1
152644,1,1
152744,1,1
152844,1,1
152944,1,1
153044,1,1
153144,1,1
153244,1,1
153344,1,1
153444,1,1
153544,1,1
153644,1,1
153741,1,1
153841,1,1
153959,1,1
154059,1,1
154159,1,1
154259,1,1
154359,1,1
154459,1,1
154559,1,1
154659,1,1
154759,1,1
154859,1,1
154959,1,1
155059,1,1
155159,1,1
155259,1,1
155359,1,1
155459,1,1
155559,1,1
155659,1,1
155759,1,1
155859,1,1
155959,1,1
156059,1,1
156159,1,1
156259,1,1
156359,1,1
156459,1,1
156559,1,1
156659,1,1
156759,1,1
156859,1,1
156959,1,1
157060,1,1
157160,1,1
157260,1,1
157360,1,1
157460,1,1
157560,1,1
157660,1,1
157751,1,1
157851,1,1
157973,1,1
158073,1,1
158173,1,1
158273,1,1
158374,1,1
158474,1,1
158574,1,1
158674,1,1
158774,1,1
158874,1,1
158974,1,1
159074,1,1
159174,1,1
159274,1,1
159374,1,1
159474,1,1
159574,1,1
159674,1,1
159774,1,1
159874,1,1
159974,1,1
160074,1,1
160174,1,1
160274,1,1
160374,1,1
160474,1,1
160574,1,1
160674,1,1
160774,1,1
160874,1,1
160974,1,1
161074,1,1
161174,1,1
161275,1,1
161375,1,1
161475,1,1
161575,1,1
161675,1,1
161775,1,1
161875,1,1
161975,1,1
162075,1,1
162175,1,1
162275,1,1
162375,1,1
162475,1,1
162575,1,1
162675,1,1
162775,1,1
162875,1,1
162975,1,1
163075,1,1
163175,1,1
163275,1,1
163375,1,1
163475,1,1
163575,1,1
163675,1,1
163775,1,1
163875,1,1
163975,1,1
164075,1,1
164176,1,1
164276,1,1
164376,1,1
164476,1,1
164576,1,1
164676,1,1
164776,1,1
164876,1,1
164976,1,1
165076,1,1
165176,1,1
165276,1,1
165376,1,1
165476,1,1
165576,1,1
165671,1,1
165771,1,1
165871,1,1
165971,1,1
166071,1,1
166171,1,1
166271,1,1
166371,1,1
166471,1,1
166571,1,1
166671,1,1
166771,1,1
166871,1,1
166971,1,1
167071,1,1
167171,1,1
167271,1,1
167371,1,1
167471,1,1
167571,1,1
167671,1,1
167771,1,1
167871,1,1
167971,1,1
168071,1,1
168171,1,1
168271,1,1
168371,1,1
168471,1,1
168571,1,1
168671,1,1
168771,1,1
168871,1,1
168971,1,1
169071,1,1
169171,1,1
169271,1,1
169371,1,1
169471,1,1
169571,1,1
169671,1,1
169771,1,1
169871,1,1
169971,1,1
170071,1,1
170171,1,1
170271,1,1
170371,1,1
170471,1,1
170571,1,1
170671,1,1
170771,1,1
170871,1,1
170971,1,1
171071,1,1
171171,1,1
171271,1,1
171371,1,1
171471,1,1
171571,1,1
171671,1,1
171771,1,1
171871,1,1
171971,1,1
172071,1,1
172171,1,1
172271,1,1
172371,1,1
172471,1,1
172571,1,1
172671,1,1
172771,1,1
172871,1,1
172971,1,1
173071,1,1
173171,1,1
173271,1,1
173371,1,1
173471,1,1
173571,1,1
173671,1,1
173771,1,1
173871,1,1
173995,0,0
174095,0,0
174195,0,0
174295,0,0
174395,0,0
174495,0,0
174595,0,0
174695,0,0
174795,0,0
174895,0,0
174995,0,0
175095,0,0
175195,0,0
175295,0,0
175395,0,0
175495,0,0
175595,0,0
175695,0,0
175795,0,0
175895,0,0
175995,0,0
176095,0,0
176195,0,0
176295,0,0
176395,0,0
176495,0,0
176595,0,0
176695,0,0
176795,0,0
176895,0,0
176995,0,0
177095,0,0
177195,0,0
177295,0,0
177395,0,0
177495,0,0
177595,0,0
177695,0,0
177795,0,0
177895,0,0
177995,0,0
178095,0,0
178195,0,0
178295,0,0
178395,0,0
178495,0,0
178595,0,0
178695,0,0
178795,0,0
178895,0,0
178995,0,0
179095,0,0
179195,0,0
179295,0,0
179395,0,0
179495,0,0
179595,0,0
179695,0,0
179795,0,0
179895,0,0
179995,0,0
180095,0,0
180195,0,0
180295,0,0
180395,0,0
180495,0,0
180595,0,0
180695,0,0
180795,0,0
180895,0,0
180995,0,0
181095,0,0
181195,0,0
181295,0,0
181395,0,0
181495,0,0
181595,0,0
181695,0,0
181795,0,0
181895,0,0
181995,0,0
182095,0,0
182195,0,0
182295,0,0
182395,0,0
182495,0,0
182595,0,0
182695,0,0
182795,0,0
182895,0,0
182995,0,0
183095,0,0
183195,0,0
183295,0,0
183395,0,0
183495,0,0
183595,0,0
183695,0,0
183795,0,0
183895,0,0
183995,0,0
184095,0,0
184195,0,0
184295,0,0
184395,0,0
184495,0,0
184595,0,0
184695,0,0
184795,0,0
184895,0,0
184995,0,0
185095,0,0
185195,0,0
185295,0,0
185395,0,0
185495,0,0
185595,0,0
185695,0,0
185795,0,0
185874,0,0
185974,0,0
186074,0,0
186174,1,1
186274,1,1
186374,1,1
186474,1,1
186574,1,1
186674,1,1
186774,1,1
186874,1,1
186974,1,1
187074,1,1
187174,1,1
187274,1,1
187374,1,1
187474,1,1
187574,1,1
187674,1,1
187774,1,1
187874,1,1
187974,1,1
188074,1,1
188174,1,1
188274,1,1
188374,1,1
188474,1,1
188574,1,1
188674,1,1
188774,1,1
188874,1,1
188974,1,1
189074,1,1
189174,1,1
189274,1,1
189374,1,1
189474,1,1
189574,1,1
189674,1,1
189774,1,1
189871,1,1
189971,1,1
190071,1,1
190171,1,1
190271,1,1
190371,1,1
190471,1,1
190571,1,1
190671,1,1
190771,1,1
190871,1,1
190971,1,1
191071,1,1
191171,1,1
191271,1,1
191371,1,1
191471,1,1
191571,1,1
191671,1,1
191771,1,1
191871,1,1
191971,1,1
192071,1,1
192171,1,1
192271,1,1
192371,1,1
192471,1,1
192571,1,1
192671,1,1
192771,1,1
192871,1,1
192971,1,1
193071,1,1
193171,1,1
193271,1,1
193371,1,1
193471,1,1
193571,1,1
193671,1,1
193771,1,1
193866,1,1
193967,1,1
194067,1,1
194167,1,1
194267,1,1
194367,1,1
194467,1,1
194567,1,1
194667,1,1
194767,1,1
194867,1,1
194967,1,1
195067,1,1
195167,1,1
195267,1,1
195367,1,1
195467,1,1
195567,1,1
195667,1,1
195767,1,1
195867,1,1
195967,1,1
196067,1,1
196167,1,1
196267,1,1
196367,1,1
196467,1,1
196567,1,1
196667,1,1
196767,1,1
196868,1,1
196968,1,1
197068,1,1
197168,1,1
197268,1,1
197368,1,1
197468,1,1
197568,1,1
197668,1,1
197768,1,1
197863,1,1
197966,1,1
198066,1,1
198166,1,1
198266,1,1
198366,1,1
198466,1,1
198566,1,1
198666,1,1
198766,1,1
198866,1,1
198966,1,1
199066,1,1
199167,1,1
199267,1,1
199367,1,1
199467,1,1
199567,1,1
199667,1,1
199767,1,1
199867,1,1
199967,1,1
200067,1,1
200167,1,1
200267,1,1
200367,1,1
200467,1,1
200567,1,1
200667,1,1
200767,1,1
200867,1,1
200967,1,1
201067,1,1
201167,1,1
201267,1,1
201367,1,1
201467,1,1
201567,1,1
201667,1,1
201767,1,1
201863,1,1
201970,1,1
202070,1,1
202170,1,1
202270,1,1
202370,1,1
202470,1,1
202570,1,1
202670,1,1
202770,1,1
202870,1,1
202970,1,1
203070,1,1
203170,1,1
203270,1,1
203370,1,1
203470,1,1
203570,1,1
203670,1,1
203771,1,1
203871,1,1
203971,1,1
204071,1,1
204171,1,1
204271,1,1
204371,1,1
204471,1,1
204571,1,1
204671,1,1
204771,1,1
204871,1,1
204971,1,1
205071,1,1
205171,1,1
205271,1,1
205371,1,1
205471,1,1
205571,1,1
205671,1,1
205771,1,1
205867,1,1
205975,1,1
206075,1,1
206175,1,1
206275,1,1
206375,1,1
206475,1,1
206575,1,1
206675,1,1
206775,1,1
206875,1,1
206975,1,1
207075,1,1
207175,1,1
207275,1,1
207375,1,1
207475,1,1
207575,1,1
207675,1,1
207775,1,1
207875,1,1
207975,1,1
208076,1,1
208176,1,1
208276,1,1
208376,1,1
208476,1,1
208576,1,1
208676,1,1
208776,1,1
208876,1,1
208976,1,1
209076,1,1
209176,1,1
209276,1,1
209376,1,1
209476,1,1
209576,1,1
209676,1,1
209776,1,1
209871,1,1
209999,1,1
210099,1,1
210199,1,1
210299,1,1
210399,1,1
210499,1,1
210599,1,1
210699,1,1
210799,1,1
210899,1,1
210999,1,1
211100,1,1
211200,1,1
211300,1,1
211400,1,1
211500,1,1
211600,1,1
211700,1,1
211800,1,1
211900,1,1
212000,1,1
212100,1,1
212200,1,1
212300,1,1
212400,1,1
212500,1,1
212600,1,1
212700,1,1
212800,1,1
212900,1,1
213000,1,1
213100,1,1
213200,1,1
213300,1,1
213400,1,1
213500,1,1
213600,1,1
213700,1,1
213800,1,1
213895,1,1
213995,1,1
214095,1,1
214195,1,1
214295,1,1
214395,1,1
214495,1,1
214595,1,1
214695,1,1
214795,1,1
214895,1,1
214995,1,1
215095,1,1
215195,1,1
215295,1,1
215395,1,1
215495,1,1
215595,1,1
215695,1,1
215795,1,1
215895,1,1
215995,1,1
216095,1,1
216195,1,1
216295,1,1
216395,1,1
216495,1,1
216595,1,1
216695,1,1
216795,1,1
216895,1,1
216995,1,1
217095,1,1
217195,1,1
217295,1,1
217395,1,1
217495,1,1
217595,1,1
217695,1,1
217795,1,1
217892,1,1
217993,1,1
218093,1,1
218193,1,1
218293,1,1
218393,1,1
218493,1,1
218593,1,1
218693,1,1
218793,1,1
218893,1,1
218993,1,1
219093,1,1
219193,1,1
219293,1,1
219393,1,1
219493,1,1
219593,1,1
219693,1,1
219793,1,1
219893,1,1
219993,1,1
220093,1,1
220193,1,1
220293,1,1
220394,1,1
220494,1,1
220594,1,1
220694,1,1
220794,1,1
220894,1,1
220994,1,1
221094,1,1
221194,1,1
221294,1,1
221394,1,1
221494,1,1
221594,1,1
221694,1,1
221794,1,1
221889,1,1
221989,1,1
222089,1,1
222189,1,1
222289,1,1
222389,1,1
222489,1,1
222589,1,1
222689,1,1
222789,1,1
222889,1,1
222989,1,1
223089,1,1
223189,1,1
223290,1,1
223390,1,1
223490,1,1
223590,1,1
223690,1,1
223790,1,1
223890,1,1
223990,1,1
224090,1,1
224190,1,1
224290,1,1
224390,1,1
224490,1,1
224590,1,1
224690,1,1
224790,1,1
224890,1,1
224990,1,1
225090,1,1
225190,1,1
225290,1,1
225390,1,1
225490,1,1
225590,1,1
225690,1,1
225790,1,1
225890,1,1
225990,1,1
226090,1,1
226191,1,1
226291,1,1
226391,1,1
226491,1,1
226591,1,1
226691,1,1
226791,1,1
226891,1,1
226991,1,1
227091,1,1
227191,1,1
227291,1,1
227391,1,1
227491,1,1
227591,1,1
227691,1,1
227791,1,1
227891,1,1
227991,1,1
228091,1,1
228191,1,1
228291,1,1
228391,1,1
228491,1,1
228591,1,1
228691,1,1
228791,1,1
228891,1,1
228991,1,1
229091,1,1
229191,1,1
229291,1,1
229391,1,1
229491,1,1
229591,1,1
229691,1,1
229791,1,1
229891,1,1
230010,0,0
230110,0,0
230210,0,0
230310,0,0
230410,0,0
230510,0,0
230610,0,0
230710,0,0
230810,0,0
230910,0,0
231010,0,0
231110,0,0
231210,0,0
231311,0,0
231411,0,0
231511,0,0
231611,0,0
231711,0,0
231811,0,0
231911,0,0
232011,0,0
232111,0,0
232211,0,0
232311,0,0
232411,0,0
232511,0,0
232611,0,0
232711,0,0
232811,0,0
232911,0,0
233011,0,0
233111,0,0
233211,0,0
233311,0,0
233411,0,0
233511,0,0
233611,0,0
233711,0,0
233811,0,0
233911,0,0
234011,0,0
234111,0,0
234211,0,0
234311,0,0
234411,0,0
234511,0,0
234611,0,0
234711,0,0
234811,0,0
234911,0,0
235011,0,0
235111,0,0
235211,0,0
235311,0,0
235411,0,0
235511,0,0
235611,0,0
235711,0,0
235811,0,0
235911,0,0
236011,0,0
236111,0,0
236211,0,0
236311,0,0
236411,0,0
236511,0,0
236611,0,0
236711,0,0
236811,0,0
236911,0,0
237011,0,0
237111,0,0
237211,0,0
237311,0,0
237411,0,0
237511,0,0
237611,0,0
237711,0,0
237811,0,0
237911,0,0
238011,0,0
238111,0,0
238211,0,0
238311,0,0
238411,0,0
238511,0,0
238611,0,0
238711,0,0
238811,0,0
238911,0,0
239011,0,0
239111,0,0
239211,0,0
239311,0,0
239411,0,0
239511,0,0
239611,0,0
239711,0,0
239811,0,0
239911,0,0
240011,0,0
240111,0,0
240211,0,0
240311,0,0
240411,0,0
240511,0,0
240611,0,0
240711,0,0
240811,0,0
240911,0,0
241011,0,0
241111,0,0
241211,0,0
241311,0,0
241411,0,0
241511,0,0
241611,0,0
241711,0,0
241811,0,0
241911,0,0
242011,0,0
242111,0,0
242211,0,0
242311,0,0
242411,0,0
242511,0,0
242611,0,0
242688,0,0
242788,1,1
242888,1,1
242988,1,1
243088,1,1
243188,1,1
243288,1,1
243388,1,1
243488,1,1
243588,1,1
243688,1,1
243788,1,1
243888,1,1
243988,1,1
244088,1,1
244188,1,1
244288,1,1
244388,1,1
244488,1,1
244588,1,1
244688,1,1
244788,1,1
244888,1,1
244988,1,1
245088,1,1
245188,1,1
245288,1,1
245388,1,1
245488,1,1
245588,1,1
245688,1,1
245788,1,1
245888,1,1
245988,1,1
246088,1,1
246188,1,1
246288,1,1
246388,1,1
246488,1,1
246588,1,1
246685,1,1
246785,1,1
246885,1,1
246985,1,1
247085,1,1
247185,1,1
247285,1,1
247385,1,1
247485,1,1
247585,1,1
247685,1,1
247785,1,1
247885,1,1
247985,1,1
248085,1,1
248185,1,1
248285,1,1
248385,1,1
248485,1,1
248585,1,1
248685,1,1
248785,1,1
248885,1,1
248985,1,1
249085,1,1
249185,1,1
249285,1,1
249385,1,1
249485,1,1
249585,1,1
249685,1,1
249785,1,1
249885,1,1
249985,1,1
250085,1,1
250185,1,1
250285,1,1
250385,1,1
250485,1,1
250585,1,1
250678,1,1
250778,1,1
250878,1,1
250978,1,1
251078,1,1
251178,1,1
251278,1,1
251378,1,1
251478,1,1
251578,1,1
251678,1,1
251778,1,1
251878,1,1
251978,1,1
252078,1,1
252178,1,1
252278,1,1
252378,1,1
252478,1,1
252578,1,1
252678,1,1
252778,1,1
252878,1,1
252978,1,1
253078,1,1
253178,1,1
253278,1,1
253378,1,1
253478,1,1
253578,1,1
253678,1,1
253778,1,1
253878,1,1
253978,1,1
254078,1,1
254178,1,1
254278,1,1
254378,1,1
254478,1,1
254578,1,1
254676,1,1
254776,1,1
254876,1,1
254976,1,1
255076,1,1
255176,1,1
255276,1,1
255376,1,1
255476,1,1
255576,1,1
255676,1,1
255776,1,1
255876,1,1
255976,1,1
256076,1,1
256176,1,1
256276,1,1
256376,1,1
256476,1,1
256576,1,1
256676,1,1
256776,1,1
256876,1,1
256976,1,1
257076,1,1
257176,1,1
257276,1,1
257376,1,1
257476,1,1
257576,1,1
257676,1,1
257776,1,1
257876,1,1
257976,1,1
258076,1,1
258176,1,1
258276,1,1
258376,1,1
258476,1,1
258576,1,1
258671,1,1
258771,1,1
258871,1,1
258971,1,1
259071,1,1
259171,1,1
259271,1,1
259371,1,1
259471,1,1
259571,1,1
259671,1,1
259771,1,1
259871,1,1
259971,1,1
260071,1,1
260171,1,1
260271,1,1
260371,1,1
260471,1,1
260571,1,1
260671,1,1
260771,1,1
260871,1,1
260971,1,1
261071,1,1
261171,1,1
261271,1,1
261371,1,1
261471,1,1
261571,1,1
261671,1,1
261771,1,1
261871,1,1
261971,1,1
262071,1,1
262171,1,1
262271,1,1
262371,1,1
262471,1,1
262571,1,1
262667,1,1
262770,1,1
262870,1,1
262970,1,1
263070,1,1
263170,1,1
263270,1,1
263370,1,1
263470,1,1
263570,1,1
263670,1,1
263770,1,1
263870,1,1
263970,1,1
264070,1,1
264170,1,1
264270,1,1
264370,1,1
264470,1,1
264570,1,1
264670,1,1
264770,1,1
264870,1,1
264970,1,1
265070,1,1
265170,1,1
265270,1,1
265370,1,1
265470,1,1
265571,1,1
265671,1,1
265771,1,1
265871,1,1
265971,1,1
266071,1,1
266171,1,1
266271,1,1
266371,1,1
266471,1,1
266571,1,1
266664,1,1
266783,1,1
266883,1,1
266983,1,1
267083,1,1
267183,1,1
267283,1,1
267383,1,1
267484,1,1
267584,1,1
267684,1,1
267784,1,1
267884,1,1
267984,1,1
268084,1,1
268184,1,1
268284,1,1
268384,1,1
268484,1,1
268584,1,1
268684,1,1
268784,1,1
268884,1,1
268984,1,1
269084,1,1
269184,1,1
269284,1,1
269384,1,1
269484,1,1
269584,1,1
269684,1,1
269784,1,1
269884,1,1
269984,1,1
270084,1,1
270184,1,1
270284,1,1
270384,1,1
270484,1,1
270584,1,1
270682,1,1
270782,1,1
270882,1,1
270982,1,1
271082,1,1
271182,1,1
271282,1,1
271382,1,1
271482,1,1
271582,1,1
271682,1,1
271782,1,1
271882,1,1
271982,1,1
272082,1,1
272182,1,1
272282,1,1
272382,1,1
272482,1,1
272582,1,1
272682,1,1
272782,1,1
272882,1,1
272982,1,1
273082,1,1
273182,1,1
273282,1,1
273382,1,1
273482,1,1
273582,1,1
273682,1,1
273782,1,1
273882,1,1
273982,1,1
274082,1,1
274182,1,1
274282,1,1
274382,1,1
274482,1,1
274582,1,1
274678,1,1
274778,1,1
274878,1,1
274978,1,1
275078,1,1
275178,1,1
275278,1,1
275378,1,1
275478,1,1
275578,1,1
275678,1,1
275778,1,1
275878,1,1
275978,1,1
276078,1,1
276178,1,1
276278,1,1
276378,1,1
276478,1,1
276578,1,1
276678,1,1
276778,1,1
276878,1,1
276978,1,1
277078,1,1
277178,1,1
277278,1,1
277378,1,1
277478,1,1
277578,1,1
277678,1,1
277778,1,1
277878,1,1
277978,1,1
278078,1,1
278178,1,1
278278,1,1
278378,1,1
278478,1,1
278578,1,1
278674,1,1
278784,1,1
278884,1,1
278984,1,1
279084,1,1
279184,1,1
279284,1,1
279384,1,1
279484,1,1
279584,1,1
279684,1,1
279784,1,1
279884,1,1
279984,1,1
280084,1,1
280184,1,1
280284,1,1
280384,1,1
280484,1,1
280584,1,1
280684,1,1
280784,1,1
280884,1,1
280984,1,1
281085,1,1
281185,1,1
281285,1,1
281385,1,1
281485,1,1
281585,1,1
281685,1,1
281785,1,1
281885,1,1
281985,1,1
282085,1,1
282185,1,1
282285,1,1
282385,1,1
282485,1,1
282585,1,1
282685,1,1
282785,1,1
282885,1,1
282985,1,1
283085,1,1
283185,1,1
283285,1,1
283385,1,1
283485,1,1
283585,1,1
283685,1,1
283785,1,1
283885,1,1
283986,1,1
284086,1,1
284186,1,1
284286,1,1
284386,1,1
284486,1,1
284586,1,1
284686,1,1
284786,1,1
284886,1,1
284986,1,1
285086,1,1
285186,1,1
285286,1,1
285386,1,1
285486,1,1
285586,1,1
285686,1,1
285786,1,1
285886,1,1
285986,1,1
286086,1,1
286186,1,1
286286,1,1
286386,1,1
286486,1,1
286586,1,1
286686,1,1
286813,0,0
286913,0,0
287013,0,0
287113,0,0
287213,0,0
287314,0,0
287414,0,0
287514,0,0
287614,0,0
287714,0,0
287814,0,0
287914,0,0
288014,0,0
288114,0,0
288214,0,0
288314,0,0
288414,0,0
288514,0,0
288614,0,0
288714,0,0
288814,0,0
288914,0,0
289014,0,0
289114,0,0
289214,0,0
289314,0,0
289414,0,0
289514,0,0
289614,0,0
289714,0,0
289814,0,0
289914,0,0
290014,0,0
290114,0,0
290214,0,0
290314,0,0
290414,0,0
290514,0,0
290614,0,0
290714,0,0
290814,0,0
290914,0,0
291014,0,0
291114,0,0
291214,0,0
291314,0,0
291414,0,0
291514,0,0
291614,0,0
291714,0,0
291814,0,0
291914,0,0
292014,0,0
292114,0,0
292214,0,0
292314,0,0
292414,0,0
292514,0,0
292614,0,0
292714,0,0
292814,0,0
292914,0,0
293014,0,0
293114,0,0
293214,0,0
293314,0,0
293414,0,0
293514,0,0
293614,0,0
293714,0,0
293814,0,0
293914,0,0
294014,0,0
294114,0,0
294214,0,0
294314,0,0
294414,0,0
294514,0,0
294614,0,0
294714,0,0
294814,0,0
294914,0,0
295014,0,0
295114,0,0
295214,0,0
295314,0,0
295414,0,0
295514,0,0
295614,0,0
295714,0,0
295814,0,0
295914,0,0
296014,0,0
296114,0,0
296214,0,0
296314,0,0
296414,0,0
296514,0,0
296614,0,0
296714,0,0
296814,0,0
296914,0,0
297014,0,0
297114,0,0
297214,0,0
297314,0,0
297414,0,0
297514,0,0
297614,0,0
297714,0,0
297814,0,0
297914,0,0
298014,0,0
298114,0,0
298214,0,0
298314,0,0
298414,0,0
298514,0,0
298614,0,0
298714,0,0
298814,0,0
298914,0,0
299014,0,0
299114,0,0
299214,0,0
299314,0,0
299390,0,0
299490,1,1
299590,1,1
299690,1,1
299790,1,1
299890,1,1
299990,1,1
300090,1,1
300190,1,1
300290,1,1
300390,1,1
300490,1,1
300590,1,1
300690,1,1
300790,1,1
300890,1,1
300990,1,1
301090,1,1
301190,1,1
301290,1,1
301390,1,1
301490,1,1
301590,1,1
301690,1,1
301790,1,1
301890,1,1
301990,1,1
302090,1,1
302190,1,1
302290,1,1
302390,1,1
302490,1,1
302590,1,1
302690,1,1
302790,1,1
302890,1,1
302990,1,1
303090,1,1
303190,1,1
303290,1,1
303387,1,1
303487,1,1
303587,1,1
303687,1,1
303787,1,1
303887,1,1
303987,1,1
304087,1,1
304187,1,1
304287,1,1
304387,1,1
304487,1,1
304587,1,1
304687,1,1
304787,1,1
304887,1,1
304987,1,1
305087,1,1
305187,1,1
305287,1,1
305387,1,1
305487,1,1
305587,1,1
305687,1,1
305787,1,1
305887,1,1
305987,1,1
306087,1,1
306187,1,1
306287,1,1
306387,1,1
306487,1,1
306587,1,1
306687,1,1
306787,1,1
306887,1,1
306987,1,1
307087,1,1
307187,1,1
307287,1,1
307383,1,1
307488,1,1
307588,1,1
307688,1,1
307788,1,1
307888,1,1
307988,1,1
308088,1,1
308188,1,1
308288,1,1
308388,1,1
308489,1,1
308589,1,1
308689,1,1
308789,1,1
308889,1,1
308989,1,1
309089,1,1
309189,1,1
309289,1,1
309389,1,1
309489,1,1
309589,1,1
309689,1,1
309789,1,1
309889,1,1
309989,1,1
310089,1,1
310189,1,1
310289,1,1
310389,1,1
310489,1,1
310589,1,1
310689,1,1
310789,1,1
310889,1,1
310989,1,1
311089,1,1
311189,1,1
311289,1,1
311385,1,1
311496,1,1
311596,1,1
311696,1,1
311796,1,1
311897,1,1
311997,1,1
312097,1,1
312197,1,1
312297,1,1
312397,1,1
312497,1,1
312597,1,1
312697,1,1
312797,1,1
312897,1,1
312997,1,1
313097,1,1
313197,1,1
313297,1,1
313397,1,1
313497,1,1
313597,1,1
313697,1,1
313797,1,1
313897,1,1
313997,1,1
314097,1,1
314197,1,1
314297,1,1
314397,1,1
314497,1,1
314597,1,1
314697,1,1
314798,1,1
314898,1,1
314998,1,1
315098,1,1
315198,1,1
315298,1,1
315393,1,1
315507,1,1
315607,1,1
315707,1,1
315807,1,1
315907,1,1
316007,1,1
316107,1,1
316207,1,1
316307,1,1
316407,1,1
316507,1,1
316607,1,1
316707,1,1
316807,1,1
316907,1,1
317007,1,1
317107,1,1
317207,1,1
317307,1,1
317407,1,1
317507,1,1
317607,1,1
317707,1,1
317807,1,1
317908,1,1
318008,1,1
318108,1,1
318208,1,1
318308,1,1
318408,1,1
318508,1,1
318608,1,1
318708,1,1
318808,1,1
318908,1,1
319008,1,1
319108,1,1
319208,1,1
319308,1,1
319404,1,1
319504,1,1
319604,1,1
319704,1,1
319804,1,1
319904,1,1
320004,1,1
320104,1,1
320204,1,1
320304,1,1
320404,1,1
320504,1,1
320604,1,1
320704,1,1
320805,1,1
320905,1,1
321005,1,1
321105,1,1
321205,1,1
321305,1,1
321405,1,1
321505,1,1
321605,1,1
321705,1,1
321805,1,1
321905,1,1
322005,1,1
322105,1,1
322205,1,1
322305,1,1
322405,1,1
322505,1,1
322605,1,1
322705,1,1
322805,1,1
322905,1,1
323005,1,1
323105,1,1
323205,1,1
323305,1,1
323401,1,1
323501,1,1
323601,1,1
323701,1,1
323801,1,1
323901,1,1
324001,1,1
324101,1,1
324201,1,1
324301,1,1
324401,1,1
324501,1,1
324601,1,1
324701,1,1
324801,1,1
324901,1,1
325001,1,1
325101,1,1
325201,1,1
325301,1,1
325401,1,1
325501,1,1
325601,1,1
325701,1,1
325801,1,1
325901,1,1
326001,1,1
326101,1,1
326201,1,1
326301,1,1
326401,1,1
326501,1,1
326601,1,1
326701,1,1
326801,1,1
326901,1,1
327001,1,1
327101,1,1
327201,1,1
327301,1,1
327395,1,1
327525,1,1
327625,1,1
327725,1,1
327825,1,1
327925,1,1
328025,1,1
328125,1,1
328225,1,1
328325,1,1
328425,1,1
328525,1,1
328625,1,1
328725,1,1
328825,1,1
328925,1,1
329025,1,1
329125,1,1
329225,1,1
329325,1,1
329425,1,1
329525,1,1
329625,1,1
329725,1,1
329825,1,1
329926,1,1
330026,1,1
330126,1,1
330226,1,1
330326,1,1
330426,1,1
330526,1,1
330626,1,1
330726,1,1
330826,1,1
330926,1,1
331026,1,1
331126,1,1
331226,1,1
331326,1,1
331423,1,1
331523,1,1
331623,1,1
331723,1,1
331823,1,1
331923,1,1
332023,1,1
332123,1,1
332223,1,1
332323,1,1
332423,1,1
332523,1,1
332623,1,1
332723,1,1
332824,1,1
332924,1,1
333024,1,1
333124,1,1
333224,1,1
333324,1,1
333424,1,1
333524,1,1
333624,1,1
333724,1,1
333824,1,1
333924,1,1
334024,1,1
334124,1,1
334224,1,1
334324,1,1
334424,1,1
334524,1,1
334624,1,1
334724,1,1
334824,1,1
334924,1,1
335024,1,1
335124,1,1
335224,1,1
335324,1,1
335420,1,1
335520,1,1
335620,1,1
335720,1,1
335820,1,1
335920,1,1
336020,1,1
336120,1,1
336220,1,1
336320,1,1
336420,1,1
336520,1,1
336620,1,1
336720,1,1
336820,1,1
336920,1,1
337020,1,1
337120,1,1
337220,1,1
337320,1,1
337420,1,1
337520,1,1
337620,1,1
337720,1,1
337820,1,1
337920,1,1
338020,1,1
338120,1,1
338220,1,1
338320,1,1
338420,1,1
338520,1,1
338620,1,1
338720,1,1
338820,1,1
338920,1,1
339020,1,1
339120,1,1
339220,1,1
339320,1,1
339416,1,1
339519,1,1
339619,1,1
339719,1,1
339819,1,1
339919,1,1
340019,1,1
340119,1,1
340219,1,1
340319,1,1
340419,1,1
340519,1,1
340619,1,1
340719,1,1
340819,1,1
340919,1,1
341019,1,1
341119,1,1
341219,1,1
341319,1,1
341419,1,1
341520,1,1
341620,1,1
341720,1,1
341820,1,1
341920,1,1
342020,1,1
342120,1,1
342220,1,1
342320,1,1
342420,1,1
342520,1,1
342620,1,1
342720,1,1
342820,1,1
342920,1,1
343020,1,1
343120,1,1
343220,1,1
343320,1,1
343420,1,1
343520,1,1
343620,1,1
343720,1,1
343820,1,1
343920,1,1
344020,1,1
344120,1,1
344220,1,1
344320,1,1
344420,1,1
344520,1,1
344620,1,1
344720,1,1
344820,1,1
344920,1,1
345020,1,1
345120,1,1
345220,1,1
345320,1,1
345420,1,1
345520,1,1
345620,1,1
345720,1,1
345820,1,1
345920,1,1
346020,1,1
346120,1,1
346220,1,1
346320,1,1
346420,1,1
346520,1,1
346620,1,1
346720,1,1
346820,1,1
346920,1,1
347020,1,1
347120,1,1
347220,1,1
347320,1,1
347420,1,1
347548,0,0
347648,0,0
347748,0,0
347848,0,0
347948,0,0
348048,0,0
348148,0,0
348248,0,0
348348,0,0
348448,0,0
348548,0,0
348648,0,0
348748,0,0
348848,0,0
348948,0,0
349048,0,0
349148,0,0
349248,0,0
349348,0,0
349448,0,0
349548,0,0
349648,0,0
349748,0,0
349848,0,0
349948,0,0
350048,0,0
350148,0,0
350248,0,0
350348,0,0
350448,0,0
350548,0,0
350648,0,0
350748,0,0
350848,0,0
350948,0,0
351048,0,0
351148,0,0
351248,0,0
351348,0,0
351448,0,0
351548,0,0
351648,0,0
351748,0,0
351848,0,0
351948,0,0
352048,0,0
352148,0,0
352248,0,0
352348,0,0
352448,0,0
352548,0,0
352648,0,0
352748,0,0
352848,0,0
352948,0,0
353048,0,0
353148,0,0
353248,0,0
353348,0,0
353448,0,0
353548,0,0
353648,0,0
353748,0,0
353848,0,0
353948,0,0
354048,0,0
354148,0,0
354248,0,0
354348,0,0
354448,0,0
354548,0,0
354648,0,0
354748,0,0
354848,0,0
354948,0,0
355048,0,0
355148,0,0
355248,0,0
355348,0,0
355430,0,0
355532,0,0
355632,1,1
355732,1,1
355832,1,1
355932,1,1
356032,1,1
356132,1,1
356232,1,1
356332,1,1
356432,1,1
356532,1,1
356632,1,1
356732,1,1
356832,1,1
356932,1,1
357033,1,1
357133,1,1
357233,1,1
357333,1,1
357433,1,1
357533,1,1
357633,1,1
357733,1,1
357833,1,1
357933,1,1
358033,1,1
358133,1,1
358233,1,1
358333,1,1
358433,1,1
358533,1,1
358633,1,1
358733,1,1
358833,1,1
358933,1,1
359033,1,1
359133,1,1
359233,1,1
359333,1,1
359428,1,1
359528,1,1
359628,1,1
359728,1,1
359828,1,1
359929,1,1
360029,1,1
360129,1,1
360229,1,1
360329,1,1
360429,1,1
360529,1,1
360629,1,1
360729,1,1
360829,1,1
360929,1,1
361029,1,1
361129,1,1
361229,1,1
361329,1,1
361429,1,1
361529,1,1
361629,1,1
361729,1,1
361829,1,1
361929,1,1
362029,1,1
362129,1,1
362229,1,1
362329,1,1
362429,1,1
362529,1,1
362629,1,1
362729,1,1
362829,1,1
362929,1,1
363029,1,1
363129,1,1
363229,1,1
363329,1,1
363425,1,1
363525,1,1
363625,1,1
363725,1,1
363825,1,1
363925,1,1
364025,1,1
364125,1,1
364225,1,1
364325,1,1
364425,1,1
364525,1,1
364625,1,1
364725,1,1
364825,1,1
364925,1,1
365025,1,1
365125,1,1
365225,1,1
365325,1,1
365425,1,1
365525,1,1
365625,1,1
365725,1,1
365825,1,1
365925,1,1
366025,1,1
366125,1,1
366225,1,1
366325,1,1
366425,1,1
366525,1,1
366625,1,1
366725,1,1
366825,1,1
366925,1,1
367025,1,1
367125,1,1
367225,1,1
367325,1,1
367421,1,1
367521,1,1
367621,1,1
367726,1,1
367826,1,1
367926,1,1
368026,1,1
368126,1,1
368226,1,1
368327,1,1
368427,1,1
368527,1,1
368627,1,1
368727,1,1
368827,1,1
368927,1,1
369027,1,1
369127,1,1
369227,1,1
369327,1,1
369427,1,1
369527,1,1
369627,1,1
369727,1,1
369827,1,1
369927,1,1
370027,1,1
370127,1,1
370227,1,1
370327,1,1
370427,1,1
370527,1,1
370627,1,1
370727,1,1
370827,1,1
370927,1,1
371027,1,1
371127,1,1
371228,1,1
371328,1,1
371423,1,1
371523,1,1
371623,1,1
371723,1,1
371823,1,1
371923,1,1
372023,1,1
372123,1,1
372223,1,1
372323,1,1
372423,1,1
372523,1,1
372623,1,1
372723,1,1
372823,1,1
372923,1,1
373023,1,1
373123,1,1
373223,1,1
373323,1,1
373423,1,1
373523,1,1
373623,1,1
373723,1,1
373823,1,1
373923,1,1
374023,1,1
374124,1,1
374224,1,1
374324,1,1
374424,1,1
374524,1,1
374624,1,1
374724,1,1
374824,1,1
374924,1,1
375024,1,1
375124,1,1
375224,1,1
375324,1,1
375419,1,1
375519,1,1
375619,1,1
375719,1,1
375819,1,1
375919,1,1
376019,1,1
376119,1,1
376219,1,1
376319,1,1
376419,1,1
376519,1,1
376619,1,1
376719,1,1
376819,1,1
376919,1,1
377019,1,1
377119,1,1
377219,1,1
377319,1,1
377419,1,1
377519,1,1
377619,1,1
377719,1,1
377819,1,1
377919,1,1
378019,1,1
378119,1,1
378219,1,1
378319,1,1
378419,1,1
378519,1,1
378619,1,1
378719,1,1
378819,1,1
378919,1,1
379019,1,1
379119,1,1
379219,1,1
379319,1,1
379415,1,1
379515,1,1
379615,1,1
379716,1,1
379816,1,1
379916,1,1
380016,1,1
380116,1,1
380217,1,1
380317,1,1
380417,1,1
380517,1,1
380617,1,1
380717,1,1
380817,1,1
380917,1,1
381017,1,1
381117,1,1
381217,1,1
381317,1,1
381417,1,1
381517,1,1
381617,1,1
381717,1,1
381817,1,1
381917,1,1
382017,1,1
382117,1,1
382217,1,1
382317,1,1
382417,1,1
382517,1,1
382617,1,1
382717,1,1
382817,1,1
382917,1,1
383017,1,1
383118,1,1
383218,1,1
383318,1,1
383414,1,1
383514,1,1
383614,1,1
383720,1,1
383820,1,1
383920,1,1
384020,1,1
384120,1,1
384220,1,1
384320,1,1
384420,1,1
384520,1,1
384620,1,1
384720,1,1
384821,1,1
384921,1,1
385021,1,1
385121,1,1
385221,1,1
385321,1,1
385421,1,1
385521,1,1
385621,1,1
385721,1,1
385821,1,1
385921,1,1
386021,1,1
386121,1,1
386221,1,1
386321,1,1
386421,1,1
386521,1,1
386621,1,1
386721,1,1
386821,1,1
386921,1,1
387021,1,1
387121,1,1
387221,1,1
387321,1,1
387417,1,1
387517,1,1
387617,1,1
387726,1,1
387826,1,1
387926,1,1
388026,1,1
388126,1,1
388226,1,1
388326,1,1
388426,1,1
388526,1,1
388626,1,1
388726,1,1
388827,1,1
388927,1,1
389027,1,1
389127,1,1
389227,1,1
389327,1,1
389427,1,1
389527,1,1
389627,1,1
389727,1,1
389827,1,1
389927,1,1
390027,1,1
390127,1,1
390227,1,1
390327,1,1
390427,1,1
390527,1,1
390627,1,1
390727,1,1
390827,1,1
390927,1,1
391027,1,1
391127,1,1
391227,1,1
391327,1,1
391422,1,1
391522,1,1
391622,1,1
391722,1,1
391822,1,1
391922,1,1
392022,1,1
392122,1,1
392222,1,1
392322,1,1
392422,1,1
392522,1,1
392622,1,1
392722,1,1
392822,1,1
392922,1,1
393022,1,1
393122,1,1
393222,1,1
393322,1,1
393422,1,1
393522,1,1
393622,1,1
393722,1,1
393822,1,1
393922,1,1
394022,1,1
394122,1,1
394222,1,1
394322,1,1
394422,1,1
394522,1,1
394622,1,1
394722,1,1
394822,1,1
394922,1,1
395022,1,1
395122,1,1
395222,1,1
395322,1,1
395418,1,1
395518,1,1
395618,1,1
395718,1,1
395818,1,1
395918,1,1
396018,1,1
396118,1,1
396218,1,1
396318,1,1
396418,1,1
396518,1,1
396618,1,1
396718,1,1
396818,1,1
396918,1,1
397018,1,1
397118,1,1
397218,1,1
397318,1,1
397418,1,1
397518,1,1
397618,1,1
397718,1,1
397818,1,1
397918,1,1
398018,1,1
398118,1,1
398218,1,1
398318,1,1
398418,1,1
398518,1,1
398618,1,1
398718,1,1
398818,1,1
398918,1,1
399018,1,1
399118,1,1
399218,1,1
399318,1,1
399418,1,1
399518,1,1
399618,1,1
399718,1,1
399818,1,1
399918,1,1
400018,1,1
400118,1,1
400218,1,1
400318,1,1
400418,1,1
400518,1,1
400618,1,1
400718,1,1
400818,1,1
400918,1,1
401018,1,1
401118,1,1
401218,1,1
401318,1,1
401418,1,1
401518,1,1
401618,1,1
401718,1,1
401818,1,1
401918,1,1
402018,1,1
402118,1,1
402218,1,1
402318,1,1
402418,1,1
402518,1,1
402618,1,1
402718,1,1
402818,1,1
402918,1,1
403018,1,1
403118,1,1
403218,1,1
403318,1,1
403418,1,1
403518,1,1
403618,1,1
403718,1,1
403839,0,0
403939,0,0
404039,0,0
404139,0,0
404239,0,0
404339,0,0
404439,0,0
404539,0,0
404639,0,0
404739,0,0
404839,0,0
404939,0,0
405039,0,0
405139,0,0
405239,0,0
405339,0,0
405439,0,0
405539,0,0
405639,0,0
405739,0,0
405839,0,0
405939,0,0
406039,0,0
406139,0,0
406239,0,0
406339,0,0
406440,0,0
406540,0,0
406640,0,0
406740,0,0
406840,0,0
406940,0,0
407040,0,0
407140,0,0
407240,0,0
407340,0,0
407440,0,0
407540,0,0
407640,0,0
407740,0,0
407840,0,0
407940,0,0
408040,0,0
408140,0,0
408240,0,0
408340,0,0
408440,0,0
408540,0,0
408640,0,0
408740,0,0
408840,0,0
408940,0,0
409040,0,0
409140,0,0
409240,0,0
409341,0,0
409441,0,0
409541,0,0
409641,0,0
409741,0,0
409841,0,0
409941,0,0
410041,0,0
410141,0,0
410241,0,0
410341,0,0
410441,0,0
410541,0,0
410641,0,0
410741,0,0
410841,0,0
410941,0,0
411041,0,0
411141,0,0
411241,0,0
411341,0,0
411441,0,0
411541,0,0
411641,0,0
411741,0,0
411841,0,0
411941,0,0
412041,0,0
412141,0,0
412242,0,0
412342,0,0
412442,0,0
412542,0,0
412642,0,0
412742,0,0
412842,0,0
412942,0,0
413042,0,0
413142,0,0
413242,0,0
413342,0,0
413442,0,0
413542,0,0
413642,0,0
413742,0,0
413842,0,0
413942,0,0
414042,0,0
414142,0,0
414242,0,0
414342,0,0
414442,0,0
414542,0,0
414642,0,0
414742,0,0
414842,0,0
414942,0,0
415042,0,0
415142,0,0
415242,0,0
415342,0,0
415442,0,0
415542,0,0
415642,0,0
415742,0,0
415842,0,0
415919,0,0
416019,1,1
416119,1,1
416219,1,1
416319,1,1
416419,1,1
416519,1,1
416619,1,1
416719,1,1
416819,1,1
416919,1,1
417019,1,1
417119,1,1
417219,1,1
417319,1,1
417419,1,1
417519,1,1
417619,1,1
417719,1,1
417819,1,1
417919,1,1
418019,1,1
418119,1,1
418219,1,1
418319,1,1
418419,1,1
418519,1,1
418619,1,1
418719,1,1
418819,1,1
418919,1,1
419019,1,1
419119,1,1
419219,1,1
419319,1,1
419419,1,1
419519,1,1
419619,1,1
419719,1,1
419819,1,1
419914,1,1
420014,1,1
420114,1,1
420214,1,1
420314,1,1
420414,1,1
420514,1,1
420614,1,1
420714,1,1
420814,1,1
420914,1,1
421014,1,1
421114,1,1
421214,1,1
421314,1,1
421414,1,1
421514,1,1
421614,1,1
421714,1,1
421814,1,1
421914,1,1
422014,1,1
422114,1,1
422214,1,1
422314,1,1
422414,1,1
422514,1,1
422614,1,1
422714,1,1
422814,1,1
422914,1,1
423014,1,1
423114,1,1
423214,1,1
423314,1,1
423414,1,1
423514,1,1
423614,1,1
423714,1,1
423814,1,1
423911,1,1
424011,1,1
424111,1,1
424211,1,1
424311,1,1
424411,1,1
424511,1,1
424611,1,1
424711,1,1
424811,1,1
424911,1,1
425011,1,1
425111,1,1
425211,1,1
425311,1,1
425411,1,1
425511,1,1
425611,1,1
425711,1,1
425811,1,1
425911,1,1
426011,1,1
426111,1,1
426211,1,1
426311,1,1
426411,1,1
426511,1,1
426611,1,1
426711,1,1
426811,1,1
426911,1,1
427011,1,1
427111,1,1
427211,1,1
427311,1,1
427411,1,1
427511,1,1
427611,1,1
427711,1,1
427811,1,1
427906,1,1
428006,1,1
428106,1,1
428206,1,1
428306,1,1
428406,1,1
428506,1,1
428606,1,1
428706,1,1
428806,1,1
428906,1,1
429006,1,1
429106,1,1
429206,1,1
429306,1,1
429406,1,1
429506,1,1
429606,1,1
429706,1,1
429806,1,1
429906,1,1
430006,1,1
430106,1,1
430206,1,1
430306,1,1
430406,1,1
430506,1,1
430606,1,1
430706,1,1
430806,1,1
430906,1,1
431006,1,1
431106,1,1
431206,1,1
431306,1,1
431406,1,1
431506,1,1
431606,1,1
431706,1,1
431806,1,1
431902,1,1
432002,1,1
432102,1,1
432202,1,1
432302,1,1
432402,1,1
432502,1,1
432602,1,1
432702,1,1
432802,1,1
432902,1,1
433002,1,1
433102,1,1
433202,1,1
433302,1,1
433402,1,1
433502,1,1
433602,1,1
433702,1,1
433802,1,1
433902,1,1
434002,1,1
434102,1,1
434202,1,1
434302,1,1
434402,1,1
434502,1,1
434602,1,1
434702,1,1
434802,1,1
434902,1,1
435002,1,1
435102,1,1
435202,1,1
435302,1,1
435402,1,1
435502,1,1
435602,1,1
435702,1,1
435802,1,1
435897,1,1
436010,1,1
436110,1,1
436210,1,1
436310,1,1
436410,1,1
436510,1,1
436610,1,1
436710,1,1
436810,1,1
436910,1,1
437010,1,1
437110,1,1
437210,1,1
437310,1,1
437410,1,1
437510,1,1
437610,1,1
437710,1,1
437810,1,1
437910,1,1
438011,1,1
438111,1,1
438211,1,1
438311,1,1
438411,1,1
438511,1,1
438611,1,1
438711,1,1
438811,1,1
438911,1,1
439011,1,1
439111,1,1
439211,1,1
439311,1,1
439411,1,1
439511,1,1
439611,1,1
439711,1,1
439811,1,1
439911,1,1
439998,1,1
440098,1,1
440198,1,1
440298,1,1
440398,1,1
440498,1,1
440599,1,1
440699,1,1
440799,1,1
440899,1,1
440999,1,1
441099,1,1
441199,1,1
441299,1,1
441399,1,1
441499,1,1
441599,1,1
441699,1,1
441799,1,1
441899,1,1
441999,1,1
442099,1,1
442199,1,1
442299,1,1
442399,1,1
442499,1,1
442599,1,1
442699,1,1
442799,1,1
442899,1,1
442999,1,1
443099,1,1
443199,1,1
443299,1,1
443399,1,1
443499,1,1
443599,1,1
443699,1,1
443799,1,1
443899,1,1
444025,1,1
444125,1,1
444225,1,1
444325,1,1
444425,1,1
444525,1,1
444625,1,1
444725,1,1
444825,1,1
444925,1,1
445025,1,1
445125,1,1
445225,1,1
445325,1,1
445425,1,1
445525,1,1
445625,1,1
445725,1,1
445825,1,1
445925,1,1
446025,1,1
446125,1,1
446225,1,1
446325,1,1
446425,1,1
446525,1,1
446625,1,1
446725,1,1
446825,1,1
446925,1,1
447025,1,1
447125,1,1
447225,1,1
447325,1,1
447425,1,1
447525,1,1
447625,1,1
447725,1,1
447825,1,1
447924,1,1
448036,1,1
448136,1,1
448236,1,1
448336,1,1
448436,1,1
448536,1,1
448636,1,1
448736,1,1
448836,1,1
448936,1,1
449036,1,1
449136,1,1
449236,1,1
449336,1,1
449436,1,1
449536,1,1
449636,1,1
449736,1,1
449836,1,1
449936,1,1
450036,1,1
450136,1,1
450236,1,1
450336,1,1
450436,1,1
450536,1,1
450636,1,1
450736,1,1
450836,1,1
450936,1,1
451036,1,1
451136,1,1
451236,1,1
451336,1,1
451436,1,1
451536,1,1
451636,1,1
451736,1,1
451836,1,1
451931,1,1
452048,1,1
452148,1,1
452248,1,1
452348,1,1
452448,1,1
452548,1,1
452648,1,1
452748,1,1
452848,1,1
452948,1,1
453048,1,1
453148,1,1
453248,1,1
453348,1,1
453448,1,1
453548,1,1
453648,1,1
453748,1,1
453848,1,1
453948,1,1
454048,1,1
454148,1,1
454249,1,1
454349,1,1
454449,1,1
454549,1,1
454649,1,1
454749,1,1
454849,1,1
454949,1,1
455049,1,1
455149,1,1
455249,1,1
455349,1,1
455449,1,1
455549,1,1
455649,1,1
455749,1,1
455849,1,1
455945,1,1
456052,1,1
456152,1,1
456252,1,1
456352,1,1
456452,1,1
456552,1,1
456652,1,1
456752,1,1
456852,1,1
456952,1,1
457052,1,1
457152,1,1
457252,1,1
457352,1,1
457452,1,1
457552,1,1
457652,1,1
457752,1,1
457852,1,1
457952,1,1
458052,1,1
458152,1,1
458252,1,1
458352,1,1
458452,1,1
458552,1,1
458652,1,1
458752,1,1
458853,1,1
458953,1,1
459053,1,1
459153,1,1
459253,1,1
459353,1,1
459453,1,1
459553,1,1
459653,1,1
459753,1,1
459853,1,1
459953,1,1
460053,1,1
460153,1,1
460253,1,1
460353,1,1
460453,1,1
460553,1,1
460653,1,1
460753,1,1
460853,1,1
460953,1,1
461053,1,1
461153,1,1
461253,1,1
461353,1,1
461453,1,1
461553,1,1
461653,1,1
461754,1,1
461854,1,1
461954,1,1
462054,1,1
462154,1,1
462254,1,1
462354,1,1
462454,1,1
462554,1,1
462654,1,1
462754,1,1
462854,1,1
462954,1,1
463054,1,1
463154,1,1
463254,1,1
463354,1,1
463454,1,1
463554,1,1
463654,1,1
463754,1,1
463854,1,1
463954,1,1
464080,0,0
464180,0,0
464280,0,0
464380,0,0
464480,0,0
464580,0,0
464680,0,0
464780,0,0
464880,0,0
464980,0,0
465080,0,0
465180,0,0
465280,0,0
465381,0,0
465481,0,0
465581,0,0
465681,0,0
465781,0,0
465881,0,0
465981,0,0
466081,0,0
466181,0,0
466281,0,0
466381,0,0
466481,0,0
466581,0,0
466681,0,0
466781,0,0
466881,0,0
466981,0,0
467081,0,0
467181,0,0
467281,0,0
467381,0,0
467481,0,0
467581,0,0
467681,0,0
467781,0,0
467881,0,0
467981,0,0
468081,0,0
468181,0,0
468282,0,0
468382,0,0
468482,0,0
468582,0,0
468682,0,0
468782,0,0
468882,0,0
468982,0,0
469082,0,0
469182,0,0
469282,0,0
469382,0,0
469482,0,0
469582,0,0
469682,0,0
469782,0,0
469882,0,0
469982,0,0
470082,0,0
470182,0,0
470282,0,0
470382,0,0
470482,0,0
470582,0,0
470682,0,0
470782,0,0
470882,0,0
470982,0,0
471082,0,0
471183,0,0
471283,0,0
471383,0,0
471483,0,0
471583,0,0
471683,0,0
471783,0,0
471883,0,0
471966,0,0
472070,0,0
472170,1,1
472270,1,1
472370,1,1
472470,1,1
472570,1,1
472670,1,1
472770,1,1
472870,1,1
472970,1,1
473070,1,1
473170,1,1
473270,1,1
473370,1,1
473470,1,1
473570,1,1
473670,1,1
473770,1,1
473870,1,1
473970,1,1
474070,1,1
474170,1,1
474270,1,1
474370,1,1
474470,1,1
474570,1,1
474670,1,1
474770,1,1
474870,1,1
474970,1,1
475070,1,1
475170,1,1
475270,1,1
475370,1,1
475470,1,1
475570,1,1
475670,1,1
475770,1,1
475870,1,1
475966,1,1
476066,1,1
476166,1,1
476266,1,1
476366,1,1
476466,1,1
476566,1,1
476666,1,1
476766,1,1
476866,1,1
476966,1,1
477066,1,1
477166,1,1
477266,1,1
477366,1,1
477466,1,1
477566,1,1
477666,1,1
477766,1,1
477866,1,1
477966,1,1
478066,1,1
478166,1,1
478266,1,1
478366,1,1
478466,1,1
478566,1,1
478666,1,1
478766,1,1
478866,1,1
478966,1,1
479066,1,1
479166,1,1
479266,1,1
479366,1,1
479466,1,1
479566,1,1
479666,1,1
479766,1,1
479866,1,1
479961,1,1
480078,1,1
480178,1,1
480278,1,1
480378,1,1
480478,1,1
480578,1,1
480678,1,1
480778,1,1
480878,1,1
480978,1,1
481078,1,1
481178,1,1
481278,1,1
481378,1,1
481478,1,1
481578,1,1
481678,1,1
481778,1,1
481878,1,1
481978,1,1
482078,1,1
482178,1,1
482278,1,1
482379,1,1
482479,1,1
482579,1,1
482679,1,1
482779,1,1
482879,1,1
482979,1,1
483079,1,1
483179,1,1
483279,1,1
483379,1,1
483479,1,1
483579,1,1
483679,1,1
483779,1,1
483879,1,1
483975,1,1
484075,1,1
484175,1,1
484275,1,1
484375,1,1
484475,1,1
484575,1,1
484675,1,1
484775,1,1
484875,1,1
484975,1,1
485075,1,1
485175,1,1
485276,1,1
485376,1,1
485476,1,1
485576,1,1
485676,1,1
485776,1,1
485876,1,1
485976,1,1
486076,1,1
486176,1,1
486276,1,1
486376,1,1
486476,1,1
486576,1,1
486676,1,1
486776,1,1
486876,1,1
486976,1,1
487076,1,1
487176,1,1
487276,1,1
487376,1,1
487476,1,1
487576,1,1
487676,1,1
487776,1,1
487876,1,1
487971,1,1
488071,1,1
488172,1,1
488272,1,1
488372,1,1
488472,1,1
488572,1,1
488672,1,1
488772,1,1
488872,1,1
488972,1,1
489072,1,1
489172,1,1
489272,1,1
489372,1,1
489472,1,1
489572,1,1
489672,1,1
489772,1,1
489872,1,1
489972,1,1
490072,1,1
490172,1,1
490272,1,1
490372,1,1
490472,1,1
490572,1,1
490672,1,1
490772,1,1
490872,1,1
490972,1,1
491072,1,1
491172,1,1
491272,1,1
491372,1,1
491472,1,1
491572,1,1
491672,1,1
491772,1,1
491872,1,1
491967,1,1
492067,1,1
492167,1,1
492267,1,1
492367,1,1
492467,1,1
492567,1,1
492667,1,1
492767,1,1
492867,1,1
492967,1,1
493067,1,1
493167,1,1
493267,1,1
493367,1,1
493467,1,1
493567,1,1
493667,1,1
493767,1,1
493867,1,1
493967,1,1
494067,1,1
494167,1,1
494267,1,1
494367,1,1
494467,1,1
494567,1,1
494667,1,1
494767,1,1
494867,1,1
494967,1,1
495067,1,1
495167,1,1
495267,1,1
495367,1,1
495467,1,1
495567,1,1
495667,1,1
495767,1,1
495867,1,1
495964,1,1
496070,1,1
496170,1,1
496271,1,1
496371,1,1
496471,1,1
496571,1,1
496671,1,1
496771,1,1
496871,1,1
496971,1,1
497071,1,1
497171,1,1
497271,1,1
497371,1,1
497471,1,1
497571,1,1
497671,1,1
497771,1,1
497871,1,1
497971,1,1
498071,1,1
498171,1,1
498271,1,1
498371,1,1
498471,1,1
498571,1,1
498671,1,1
498771,1,1
498871,1,1
498971,1,1
499071,1,1
499172,1,1
499272,1,1
499372,1,1
499472,1,1
499572,1,1
499672,1,1
499772,1,1
499872,1,1
499968,1,1
500072,1,1
500172,1,1
500272,1,1
500372,1,1
500472,1,1
500572,1,1
500672,1,1
500772,1,1
500872,1,1
500972,1,1
501072,1,1
501172,1,1
501272,1,1
501372,1,1
501472,1,1
501572,1,1
501672,1,1
501772,1,1
501872,1,1
501972,1,1
502072,1,1
502172,1,1
502272,1,1
502372,1,1
502472,1,1
502572,1,1
502672,1,1
502772,1,1
502872,1,1
502972,1,1
503072,1,1
503172,1,1
503272,1,1
503372,1,1
503472,1,1
503572,1,1
503672,1,1
503772,1,1
503872,1,1
503966,1,1
504071,1,1
504171,1,1
504271,1,1
504371,1,1
504471,1,1
504571,1,1
504671,1,1
504771,1,1
504871,1,1
504971,1,1
505071,1,1
505171,1,1
505271,1,1
505371,1,1
505471,1,1
505571,1,1
505671,1,1
505771,1,1
505871,1,1
505971,1,1
506071,1,1
506171,1,1
506271,1,1
506371,1,1
506471,1,1
506571,1,1
506672,1,1
506772,1,1
506872,1,1
506972,1,1
507072,1,1
507172,1,1
507272,1,1
507372,1,1
507472,1,1
507572,1,1
507672,1,1
507772,1,1
507872,1,1
507968,1,1
508071,1,1
508171,1,1
508271,1,1
508371,1,1
508471,1,1
508571,1,1
508671,1,1
508771,1,1
508871,1,1
508972,1,1
509072,1,1
509172,1,1
509272,1,1
509372,1,1
509472,1,1
509572,1,1
509672,1,1
509772,1,1
509872,1,1
509972,1,1
510072,1,1
510172,1,1
510272,1,1
510372,1,1
510472,1,1
510572,1,1
510672,1,1
510772,1,1
510872,1,1
510972,1,1
511072,1,1
511172,1,1
511272,1,1
511372,1,1
511472,1,1
511572,1,1
511672,1,1
511772,1,1
511873,1,1
511969,1,1
512102,1,1
512202,1,1
512302,1,1
512402,1,1
512502,1,1
512602,1,1
512702,1,1
512802,1,1
512902,1,1
513002,1,1
513102,1,1
513202,1,1
513302,1,1
513402,1,1
513502,1,1
513602,1,1
513702,1,1
513802,1,1
513902,1,1
514002,1,1
514102,1,1
514202,1,1
514302,1,1
514402,1,1
514502,1,1
514602,1,1
514702,1,1
514802,1,1
514902,1,1
515002,1,1
515102,1,1
515202,1,1
515302,1,1
515402,1,1
515502,1,1
515602,1,1
515702,1,1
515802,1,1
515902,1,1
516002,1,1
516102,1,1
516202,1,1
516302,1,1
516402,1,1
516502,1,1
516602,1,1
516702,1,1
516802,1,1
516902,1,1
517002,1,1
517102,1,1
517202,1,1
517302,1,1
517402,1,1
517502,1,1
517602,1,1
517702,1,1
517802,1,1
517902,1,1
518002,1,1
518102,1,1
518202,1,1
518302,1,1
518402,1,1
518502,1,1
518602,1,1
518702,1,1
518802,1,1
518902,1,1
519002,1,1
519102,1,1
519202,1,1
519302,1,1
519402,1,1
519502,1,1
519602,1,1
519702,1,1
519802,1,1
519902,1,1
520002,1,1
520102,1,1
520202,0,0
520302,0,0
520402,0,0
520502,0,0
520602,0,0
520702,0,0
520802,0,0
520902,0,0
521002,0,0
521102,0,0
521202,0,0
521302,0,0
521402,0,0
521502,0,0
521602,0,0
521702,0,0
521802,0,0
521902,0,0
522002,0,0
522102,0,0
522202,0,0
522302,0,0
522402,0,0
522502,0,0
522602,0,0
522702,0,0
522802,0,0
522902,0,0
523002,0,0
523102,0,0
523202,0,0
523302,0,0
523402,0,0
523502,0,0
523602,0,0
523702,0,0
523802,0,0
523902,0,0
524002,0,0
524102,0,0
524202,0,0
524302,0,0
524402,0,0
524502,0,0
524602,0,0
524702,0,0
524802,0,0
524902,0,0
525002,0,0
525102,0,0
525202,0,0
525302,0,0
525402,0,0
525502,0,0
525602,0,0
525702,0,0
525802,0,0
525902,0,0
526002,0,0
526102,0,0
526202,0,0
526302,0,0
526402,0,0
526502,0,0
526602,0,0
526702,0,0
526802,0,0
526902,0,0
527002,0,0
527102,0,0
527202,0,0
527302,0,0
527402,0,0
527502,0,0
527602,0,0
527702,0,0
527802,0,0
527902,0,0
528002,0,0
528102,0,0
528202,0,0
528302,0,0
528402,0,0
528502,0,0
528602,0,0
528702,0,0
528802,0,0
528902,0,0
529002,0,0
529102,0,0
529202,0,0
529302,0,0
529402,0,0
529502,0,0
529602,0,0
529702,0,0
529802,0,0
529902,0,0
530002,0,0
530102,0,0
530202,0,0
530302,0,0
530402,0,0
530502,0,0
530602,0,0
530702,0,0
530802,0,0
530902,0,0
531002,0,0
531102,0,0
531202,0,0
531302,0,0
531402,0,0
531502,0,0
531602,0,0
531702,0,0
531802,0,0
531902,0,0
532002,0,0
532102,0,0
532202,0,0
532302,0,0
532402,0,0
532502,0,0
532602,0,0
532702,0,0
532802,0,0
532902,0,0
533002,0,0
533102,0,0
533202,0,0
533302,0,0
533402,0,0
533509,0,0
533609,1,1
533709,1,1
533809,1,1
533909,1,1
534009,1,1
534109,1,1
534209,1,1
534309,1,1
534409,1,1
534509,1,1
534609,1,1
534709,1,1
534809,1,1
534909,1,1
535009,1,1
535109,1,1
535209,1,1
535309,1,1
535409,1,1
535509,1,1
535610,1,1
535710,1,1
535810,1,1
535910,1,1
536010,1,1
536110,1,1
536210,1,1
536310,1,1
536410,1,1
536510,1,1
536610,1,1
536710,1,1
536810,1,1
536910,1,1
537010,1,1
537110,1,1
537210,1,1
537310,1,1
537407,1,1
537520,1,1
537620,1,1
537720,1,1
537820,1,1
537920,1,1
538020,1,1
538120,1,1
538220,1,1
538320,1,1
538420,1,1
538520,1,1
538620,1,1
538720,1,1
538820,1,1
538920,1,1
539021,1,1
539121,1,1
539221,1,1
539321,1,1
539421,1,1
539521,1,1
539621,1,1
539721,1,1
539821,1,1
539921,1,1
540021,1,1
540121,1,1
540221,1,1
540321,1,1
540421,1,1
540521,1,1
540621,1,1
540721,1,1
540821,1,1
540921,1,1
541021,1,1
541121,1,1
541221,1,1
541321,1,1
541415,1,1
541520,1,1
541620,1,1
541720,1,1
541820,1,1
541920,1,1
542020,1,1
542120,1,1
542220,1,1
542320,1,1
542420,1,1
542520,1,1
542620,1,1
542720,1,1
542820,1,1
542920,1,1
543020,1,1
543120,1,1
543220,1,1
543320,1,1
543420,1,1
543520,1,1
543620,1,1
543720,1,1
543820,1,1
543921,1,1
544021,1,1
544121,1,1
544221,1,1
544321,1,1
544421,1,1
544521,1,1
544621,1,1
544721,1,1
544821,1,1
544921,1,1
545021,1,1
545121,1,1
545221,1,1
545321,1,1
545417,1,1
545524,1,1
545624,1,1
545724,1,1
545824,1,1
545924,1,1
546024,1,1
546124,1,1
546224,1,1
546324,1,1
546424,1,1
546524,1,1
546624,1,1
546724,1,1
546824,1,1
546924,1,1
547024,1,1
547124,1,1
547224,1,1
547324,1,1
547424,1,1
547524,1,1
547624,1,1
547724,1,1
547824,1,1
547924,1,1
548024,1,1
548124,1,1
548224,1,1
548324,1,1
548424,1,1
548525,1,1
548625,1,1
548725,1,1
548825,1,1
548925,1,1
549025,1,1
549125,1,1
549225,1,1
549325,1,1
549420,1,1
549522,1,1
549622,1,1
549722,1,1
549822,1,1
549922,1,1
550022,1,1
550122,1,1
550222,1,1
550322,1,1
550422,1,1
550522,1,1
550622,1,1
550722,1,1
550822,1,1
550922,1,1
551022,1,1
551123,1,1
551223,1,1
551323,1,1
551423,1,1
551523,1,1
551623,1,1
551723,1,1
551823,1,1
551923,1,1
552023,1,1
552123,1,1
552223,1,1
552323,1,1
552423,1,1
552523,1,1
552623,1,1
552723,1,1
552823,1,1
552923,1,1
553023,1,1
553123,1,1
553223,1,1
553323,1,1
553419,1,1
553530,1,1
553629,1,1
553729,1,1
553829,1,1
553929,1,1
554029,1,1
554129,1,1
554229,1,1
554329,1,1
554429,1,1
554529,1,1
554629,1,1
554729,1,1
554829,1,1
554929,1,1
555029,1,1
555130,1,1
555230,1,1
555330,1,1
555430,1,1
555530,1,1
555630,1,1
555730,1,1
555830,1,1
555930,1,1
556030,1,1
556130,1,1
556230,1,1
556330,1,1
556430,1,1
556530,1,1
556630,1,1
556730,1,1
556830,1,1
556930,1,1
557030,1,1
557130,1,1
557230,1,1
557330,1,1
557425,1,1
557529,1,1
557629,1,1
557729,1,1
557829,1,1
557929,1,1
558029,1,1
558129,1,1
558229,1,1
558329,1,1
558429,1,1
558529,1,1
558629,1,1
558729,1,1
558829,1,1
558929,1,1
559029,1,1
559129,1,1
559229,1,1
559329,1,1
559429,1,1
559529,1,1
559629,1,1
559729,1,1
559829,1,1
559929,1,1
560029,1,1
560129,1,1
560229,1,1
560330,1,1
560430,1,1
560530,1,1
560630,1,1
560730,1,1
560830,1,1
560930,1,1
561030,1,1
561130,1,1
561230,1,1
561330,1,1
561425,1,1
561533,1,1
561633,1,1
561733,1,1
561833,1,1
561933,1,1
562033,1,1
562133,1,1
562233,1,1
562333,1,1
562433,1,1
562533,1,1
562633,1,1
562733,1,1
562833,1,1
562933,1,1
563033,1,1
563133,1,1
563233,1,1
563333,1,1
563433,1,1
563533,1,1
563633,1,1
563733,1,1
563833,1,1
563933,1,1
564033,1,1
564133,1,1
564233,1,1
564333,1,1
564433,1,1
564533,1,1
564634,1,1
564734,1,1
564834,1,1
564934,1,1
565034,1,1
565134,1,1
565234,1,1
565334,1,1
565431,1,1
565541,1,1
565641,1,1
565741,1,1
565841,1,1
565941,1,1
566041,1,1
566141,1,1
566241,1,1
566341,1,1
566441,1,1
566541,1,1
566641,1,1
566741,1,1
566841,1,1
566941,1,1
567041,1,1
567141,1,1
567241,1,1
567341,1,1
567441,1,1
567541,1,1
567641,1,1
567741,1,1
567841,1,1
567941,1,1
568041,1,1
568266,1,1
568366,1,1
568466,1,1
568566,1,1
568666,1,1
568766,1,1
568866,1,1
568966,1,1
569066,1,1
569166,1,1
569266,1,1
569367,1,1
569467,1,1
569558,1,1
569658,1,1
569758,1,1
569858,1,1
569958,1,1
570058,1,1
570158,1,1
570258,1,1
570358,1,1
570458,1,1
570558,1,1
570658,1,1
570758,1,1
570858,1,1
570958,1,1
571058,1,1
571158,1,1
571258,1,1
571358,1,1
571458,1,1
571558,1,1
571658,1,1
571758,1,1
571858,1,1
571958,1,1
572058,1,1
572158,1,1
572258,1,1
572358,1,1
572458,1,1
572558,1,1
572658,1,1
572758,1,1
572858,1,1
572958,1,1
573058,1,1
573158,1,1
573258,1,1
573358,1,1
573458,1,1
573564,1,1
573664,1,1
573764,1,1
573864,1,1
573964,1,1
574064,1,1
574164,1,1
574264,1,1
574364,1,1
574464,1,1
574564,1,1
574664,1,1
574764,1,1
574864,1,1
574964,1,1
575064,1,1
575164,1,1
575264,1,1
575364,1,1
575464,1,1
575564,1,1
575664,1,1
575764,1,1
575864,1,1
575964,1,1
576064,1,1
576164,1,1
576264,1,1
576364,1,1
576465,1,1
576565,1,1
576665,1,1
576765,1,1
576865,1,1
576965,1,1
577065,1,1
577165,1,1
577265,1,1
577365,1,1
577465,1,1
577565,1,1
577665,1,1
577765,1,1
577865,1,1
577965,1,1
578065,1,1
578165,1,1
578265,1,1
578365,1,1
578465,1,1
578565,1,1
578665,1,1
578765,1,1
578865,1,1
578965,1,1
579065,1,1
579165,1,1
579265,1,1
579366,1,1
579466,1,1
579566,1,1
579666,1,1
579766,1,1
579866,1,1
579966,1,1
580066,1,1
580166,1,1
580266,1,1
580366,1,1
580466,1,1
580566,1,1
580666,1,1
580766,1,1
580866,1,1
580966,1,1
581066,1,1
581166,1,1
581266,1,1
581366,1,1
581466,1,1
581593,0,0
581693,0,0
581793,0,0
581893,0,0
581993,0,0
582093,0,0
582193,0,0
582293,0,0
582393,0,0
582493,0,0
582593,0,0
582694,0,0
582794,0,0
582894,0,0
582994,0,0
583094,0,0
583194,0,0
583294,0,0
583394,0,0
583494,0,0
583594,0,0
583694,0,0
583794,0,0
583894,0,0
583994,0,0
584094,0,0
584194,0,0
584294,0,0
584394,0,0
584494,0,0
584594,0,0
584694,0,0
584794,0,0
584894,0,0
584994,0,0
585094,0,0
585194,0,0
585294,0,0
585394,0,0
585494,0,0
585595,0,0
585695,0,0
585795,0,0
585895,0,0
585995,0,0
586095,0,0
586195,0,0
586295,0,0
586395,0,0
586495,0,0
586595,0,0
586695,0,0
586795,0,0
586895,0,0
586995,0,0
587095,0,0
587195,0,0
587295,0,0
587395,0,0
587495,0,0
587595,0,0
587695,0,0
587795,0,0
587895,0,0
587995,0,0
588095,0,0
588195,0,0
588295,0,0
588395,0,0
588495,0,0
588595,0,0
588695,0,0
588795,0,0
588895,0,0
588995,0,0
589095,0,0
589195,0,0
589295,0,0
589395,0,0
589495,0,0
589595,0,0
589695,0,0
589795,0,0
589895,0,0
589995,0,0
590095,0,0
590195,0,0
590295,0,0
590395,0,0
590495,0,0
590595,0,0
590695,0,0
590795,0,0
590895,0,0
590995,0,0
591095,0,0
591195,0,0
591295,0,0
591395,0,0
591495,0,0
591595,0,0
591695,0,0
591795,0,0
591895,0,0
591995,0,0
592095,0,0
592195,0,0
592295,0,0
592395,0,0
592495,0,0
592595,0,0
592695,0,0
592795,0,0
592895,0,0
592995,0,0
593095,0,0
593195,0,0
593295,0,0
593395,0,0
593495,0,0
593595,0,0
593695,0,0
593795,0,0
593895,0,0
593995,0,0
594095,0,0
594195,0,0
594295,0,0
594395,0,0
594495,0,0
594595,0,0
594695,0,0
594795,0,0
594895,0,0
594995,0,0
595095,0,0
595195,0,0
595295,0,0
595395,0,0
595495,0,0
595595,0,0
595695,0,0
595795,0,0
595895,0,0
595995,0,0
596095,0,0
596195,0,0
596295,0,0
596395,0,0
596495,0,0
596595,0,0
596695,0,0
596795,0,0
596895,0,0
596995,0,0
597095,0,0
597195,0,0
597295,0,0
