p:4000,20000,6000,600,8000,4000,2000,8000,70
16217,packet,1,0,0,1,56,8000
16255,event,0,0
16269,action,0,0
16407,packet,0,0,1,1
16449,packetAck,1
20446,event,2,1
20460,action,1,1
20802,packet,1,0,0,1,59,8000
20840,event,0,0
20854,action,0,0
21205,packet,0,0,1,1
21247,packetAck,1
25241,event,2,1
25256,action,1,1
74053,packet,1,0,0,1,55,8000
74090,event,0,0
74105,action,0,0
74234,packet,0,0,1,1
74276,packetAck,1
78256,event,2,1
78271,action,1,1
78817,packet,1,0,0,1,54,8000
78855,event,0,0
78875,action,0,0
79039,packet,0,0,1,1
79081,packetAck,1
83063,event,2,1
83077,action,1,1
83552,packet,1,0,0,1,54,8000
83590,event,0,0
83605,action,0,0
84070,packet,0,0,1,1
84112,packetAck,1
88093,event,2,1
88107,action,1,1
88580,packet,1,0,0,1,54,8000
88618,event,0,0
88633,action,0,0
88833,packet,0,0,1,1
88891,packetAck,1
89424,packet,1,0,2,5,55,8000
89439,event,3,1
89454,action,2,1
91463,event,4,2
91477,action,1,2
93522,packet,1,0,0,1,54,8000
93560,event,0,0
93586,action,0,0
93669,packet,0,0,1,1
93566,packetAck,1
97688,event,2,1
97703,action,1,1
101667,packet,1,0,0,1,53,8000
101704,event,0,0
101720,action,0,0
101959,packet,0,0,1,1
102001,packetAck,1
105982,event,2,1
105996,action,1,1
106277,packet,1,0,0,1,54,8000
106314,event,0,0
106330,action,0,0
106509,packet,0,0,1,1
106551,packetAck,1
110532,event,2,1
110547,action,1,1
129620,packet,1,0,0,1,48,8000
129657,event,0,0
129672,action,0,0
129733,packet,0,0,1,1
129654,packetAck,1
129993,packet,1,0,2,5,48,8000
130009,event,3,1
130021,action,2,1
130413,packet,1,0,2,5,48,8000
130462,event,1,2
130492,packet,1,0,2,5,48,8000
130507,event,1,2
134657,packet,1,0,2,5,48,8000
134673,event,1,2
138732,packet,1,0,2,5,48,8000
138747,event,1,2
142810,packet,1,0,2,5,49,8000
142825,event,1,2
146890,packet,1,0,2,5,49,8000
146906,event,1,2
150957,packet,1,0,2,5,49,8000
150972,event,1,2
155030,packet,1,0,2,5,49,8000
155047,event,1,2
159099,packet,1,0,2,5,49,8000
159114,event,1,2
163203,packet,1,0,2,5,48,8000
163219,event,1,2
167365,packet,1,0,2,5,48,8000
167381,event,1,2
175381,event,4,2
175395,action,1,2
186223,packet,1,0,0,1,47,8000
186261,event,0,0
186276,action,0,0
186616,packet,0,0,1,1
186669,packetAck,1
190637,event,2,1
190651,action,1,1
190885,packet,1,0,0,1,47,8000
190923,event,0,0
190937,action,0,0
191304,packet,0,0,1,1
191345,packetAck,1
195325,event,2,1
195339,action,1,1
195810,packet,1,0,0,1,47,8000
195848,event,0,0
195862,action,0,0
196296,packet,0,0,1,1
196337,packetAck,1
200318,event,2,1
200336,action,1,1
200679,packet,1,0,0,1,47,8000
200717,event,0,0
200733,action,0,0
200833,packet,0,0,1,1
200875,packetAck,1
201253,packet,1,0,2,5,47,8000
201268,event,3,1
201283,action,2,1
201669,packet,1,0,2,5,47,8000
201685,event,1,2
201743,packet,1,0,2,5,47,8000
201759,event,1,2
205816,packet,1,0,2,5,47,8000
205831,event,1,2
209891,packet,1,0,2,5,47,8000
209906,event,1,2
213963,packet,1,0,2,5,47,8000
213978,event,1,2
218047,packet,1,0,2,5,47,8000
218062,event,1,2
222121,packet,1,0,2,5,47,8000
222140,event,1,2
230140,event,4,2
230154,action,1,2
243100,packet,1,0,0,1,59,8000
243137,event,0,0
243151,action,0,0
243169,packet,0,0,1,1
243232,packetAck,1
243576,packet,1,0,2,5,59,8000
243591,event,3,1
243606,action,2,1
243994,packet,1,0,2,5,59,8000
244009,event,1,2
244068,packet,1,0,2,5,59,8000
244099,event,1,2
248126,packet,1,0,2,5,58,8000
248141,event,1,2
252323,packet,1,0,2,5,58,8000
252351,event,1,2
256401,packet,1,0,2,5,58,8000
256416,event,1,2
260480,packet,1,0,2,5,59,8000
260499,event,1,2
264554,packet,1,0,2,5,56,8000
264570,event,1,2
268639,packet,1,0,2,5,56,8000
268654,event,1,2
272707,packet,1,0,2,5,56,8000
272723,event,1,2
276779,packet,1,0,2,5,56,8000
276794,event,1,2
280853,packet,1,0,2,5,56,8000
280868,event,1,2
288868,event,4,2
288882,action,1,2
299928,packet,1,0,0,1,48,8000
299966,event,0,0
299980,action,0,0
300274,packet,0,0,1,1
300316,packetAck,1
304297,event,2,1
304310,action,1,1
304669,packet,1,0,0,1,47,8000
304706,event,0,0
304736,action,0,0
305031,packet,0,0,1,1
305073,packetAck,1
309053,event,2,1
309067,action,1,1
309602,packet,1,0,0,1,48,8000
309640,event,0,0
309654,action,0,0
310155,packet,0,0,1,1
310197,packetAck,1
314177,event,2,1
314191,action,1,1
314522,packet,1,0,0,1,48,8000
314558,event,0,0
314573,action,0,0
314712,packet,0,0,1,1
314771,packetAck,1
315117,packet,1,0,2,5,48,8000
315133,event,3,1
315147,action,2,1
315609,packet,1,0,2,5,48,8000
315624,event,1,2
315684,packet,1,0,2,5,48,8000
315703,event,1,2
323695,event,4,2
323709,action,1,2
326917,packet,1,0,0,1,47,8000
326955,event,0,0
326970,action,0,0
327252,packet,0,0,1,1
327294,packetAck,1
331289,event,2,1
331304,action,1,1
331639,packet,1,0,0,1,47,8000
331677,event,0,0
331692,action,0,0
332143,packet,0,0,1,1
331742,packetAck,1
336159,event,2,1
336174,action,1,1
336402,packet,1,0,0,1,47,8000
336439,event,0,0
336454,action,0,0
336965,packet,0,0,1,1
337006,packetAck,1
337378,packet,1,0,2,5,47,8000
337394,event,3,1
337424,action,2,1
338095,packet,1,0,2,5,47,8000
338111,event,1,2
338168,packet,1,0,2,5,47,8000
338201,event,1,2
346201,event,4,2
346215,action,1,2
358495,packet,1,0,0,1,56,8000
358533,event,0,0
358548,action,0,0
359012,packet,0,0,1,1
359055,packetAck,1
363067,event,2,1
363081,action,1,1
363329,packet,1,0,0,1,56,8000
363367,event,0,0
363381,action,0,0
363773,packet,0,0,1,1
363823,packetAck,1
364163,packet,1,0,2,5,58,8000
364180,event,3,1
364194,action,2,1
364622,packet,1,0,2,5,55,8000
364643,event,1,2
364683,packet,1,0,2,5,56,8000
364699,event,1,2
372689,event,4,2
372704,action,1,2
375529,packet,1,0,0,1,54,8000
375567,event,0,0
375583,action,0,0
375862,packet,0,0,1,1
375904,packetAck,1
379904,event,2,1
379918,action,1,1
384415,packet,1,0,0,1,54,8000
384453,event,0,0
384468,action,0,0
384669,packet,0,0,1,1
384711,packetAck,1
385074,packet,1,0,2,5,54,8000
385089,event,3,1
385104,action,2,1
385583,packet,1,0,2,5,55,8000
385599,event,1,2
385664,packet,1,0,2,5,55,8000
385679,event,1,2
393670,event,4,2
393684,action,1,2
396622,packet,1,0,0,1,54,8000
396660,event,0,0
396675,action,0,0
396724,packet,0,0,1,1
396771,packetAck,1
400766,event,2,1
400780,action,1,1
412876,packet,1,0,0,1,50,8000
412914,event,0,0
412928,action,0,0
413085,packet,0,0,1,1
413128,packetAck,1
417103,event,2,1
417136,action,1,1
417426,packet,1,0,0,1,48,8000
417464,event,0,0
417478,action,0,0
417692,packet,0,0,1,1
417734,packetAck,1
418087,packet,1,0,2,5,48,8000
418104,event,3,1
418118,action,2,1
420146,event,4,2
420160,action,1,2
422177,packet,1,0,0,1,48,8000
422215,event,0,0
422229,action,0,0
422570,packet,0,0,1,1
422612,packetAck,1
426604,event,2,1
426619,action,1,1
475127,packet,1,0,0,1,60,8000
475165,event,0,0
475179,action,0,0
475326,packet,0,0,1,1
475368,packetAck,1
479351,event,2,1
479365,action,1,1
533750,packet,1,0,0,1,50,8000
533788,event,0,0
533803,action,0,0
534298,packet,0,0,1,1
534340,packetAck,1
538321,event,2,1
538335,action,1,1
541883,packet,1,0,0,1,50,8000
541926,event,0,0
541941,action,0,0
542029,packet,0,0,1,1
542071,packetAck,1
542430,packet,1,0,2,5,50,8000
542445,event,3,1
542460,action,2,1
542590,packet,1,0,2,5,51,8000
542605,event,1,2
542847,packet,1,0,2,5,51,8000
542862,event,1,2
550854,event,4,2
550868,action,1,2
554875,packet,1,0,0,1,50,8000
554913,event,0,0
554928,action,0,0
555346,packet,0,0,1,1
555389,packetAck,1
559385,event,2,1
559399,action,1,1
