p:4000,20000,6000,600,8000,4000,2000,8000,70
15072,0,0
15172,0,0
15272,0,0
15372,0,0
15472,0,0
15572,0,0
15672,0,0
15772,0,0
15872,0,0
15972,0,0
16072,0,0
16172,0,0
16435,0,0
16535,0,1
16635,0,1
16735,0,1
16835,0,1
16935,0,1
17035,0,1
17135,0,1
17236,0,1
17336,0,1
17436,0,1
17536,0,1
17636,0,1
17736,0,1
17836,0,1
17936,0,1
18036,0,1
18136,0,1
18236,0,1
18336,0,1
18436,0,1
18536,0,1
18636,0,1
18736,0,1
18836,0,1
18936,0,1
19032,0,1
19132,0,1
19232,0,1
19332,0,1
19432,0,1
19532,0,1
19632,0,1
19732,0,1
19832,0,1
19932,0,1
20032,0,1
20132,0,1
20232,0,1
20332,0,1
20432,0,1
20532,0,0
20632,0,0
20732,0,0
21232,0,0
21332,0,1
21432,0,1
21532,0,1
21632,0,1
21732,0,1
21832,0,1
21932,0,1
22032,0,1
22132,0,1
22232,0,1
22332,0,1
22432,0,1
22532,0,1
22632,0,1
22732,0,1
22832,0,1
22932,0,1
23027,0,1
23127,0,1
23227,0,1
23327,0,1
23427,0,1
23527,0,1
23627,0,1
23727,0,1
23827,0,1
23927,0,1
24027,0,1
24127,0,1
24227,0,1
24327,0,1
24427,0,1
24527,0,1
24627,0,1
24727,0,1
24827,0,1
24927,0,1
25027,0,1
25127,0,1
25227,0,1
25327,0,0
25427,0,0
25527,0,0
25627,0,0
25727,0,0
25827,0,0
25927,0,0
26027,0,0
26127,0,0
26227,0,0
26327,0,0
26427,0,0
26527,0,0
26627,0,0
26727,0,0
26827,0,0
26927,0,0
27024,0,0
27124,0,0
27224,0,0
27324,0,0
27424,0,0
27524,0,0
27624,0,0
27724,0,0
27824,0,0
27924,0,0
28024,0,0
28124,0,0
28224,0,0
28324,0,0
28424,0,0
28524,0,0
28624,0,0
28724,0,0
28824,0,0
28924,0,0
29024,0,0
29124,0,0
29224,0,0
29324,0,0
29424,0,0
29524,0,0
29624,0,0
29724,0,0
29824,0,0
29924,0,0
30024,0,0
30124,0,0
30224,0,0
30324,0,0
30424,0,0
30524,0,0
30624,0,0
30724,0,0
30824,0,0
30924,0,0
31024,0,0
31114,0,0
31214,0,0
31314,0,0
31414,0,0
31514,0,0
31614,0,0
31714,0,0
31814,0,0
31914,0,0
32014,0,0
32114,0,0
32214,0,0
32314,0,0
32414,0,0
32514,0,0
32614,0,0
32714,0,0
32814,0,0
32914,0,0
33014,0,0
33114,0,0
33214,0,0
33314,0,0
33414,0,0
33514,0,0
33614,0,0
33714,0,0
33814,0,0
33914,0,0
34014,0,0
34114,0,0
34214,0,0
34314,0,0
34414,0,0
34514,0,0
34614,0,0
34714,0,0
34814,0,0
34914,0,0
35014,0,0
35114,0,0
35214,0,0
35314,0,0
35414,0,0
35514,0,0
35614,0,0
35714,0,0
35814,0,0
35914,0,0
36014,0,0
36114,0,0
36214,0,0
36314,0,0
36414,0,0
36514,0,0
36614,0,0
36714,0,0
36814,0,0
36914,0,0
37014,0,0
37114,0,0
37214,0,0
37314,0,0
37414,0,0
37514,0,0
37614,0,0
37714,0,0
37814,0,0
37914,0,0
38014,0,0
38114,0,0
38214,0,0
38314,0,0
38414,0,0
38514,0,0
38614,0,0
38714,0,0
38814,0,0
38914,0,0
39014,0,0
39111,0,0
39211,0,0
39311,0,0
39411,0,0
39511,0,0
39611,0,0
39711,0,0
39811,0,0
39911,0,0
40011,0,0
40111,0,0
40211,0,0
40311,0,0
40411,0,0
40511,0,0
40611,0,0
40711,0,0
40811,0,0
40911,0,0
41011,0,0
41111,0,0
41211,0,0
41311,0,0
41411,0,0
41511,0,0
41611,0,0
41711,0,0
41811,0,0
41911,0,0
42011,0,0
42111,0,0
42211,0,0
42311,0,0
42411,0,0
42511,0,0
42611,0,0
42711,0,0
42811,0,0
42911,0,0
43011,0,0
43106,0,0
43206,0,0
43306,0,0
43406,0,0
43506,0,0
43606,0,0
43706,0,0
43806,0,0
43906,0,0
44006,0,0
44106,0,0
44206,0,0
44306,0,0
44406,0,0
44506,0,0
44606,0,0
44706,0,0
44806,0,0
44906,0,0
45006,0,0
45106,0,0
45206,0,0
45306,0,0
45406,0,0
45506,0,0
45606,0,0
45706,0,0
45806,0,0
45906,0,0
46006,0,0
46106,0,0
46206,0,0
46306,0,0
46406,0,0
46506,0,0
46606,0,0
46706,0,0
46806,0,0
46906,0,0
47006,0,0
47103,0,0
47203,0,0
47303,0,0
47403,0,0
47503,0,0
47603,0,0
47703,0,0
47803,0,0
47903,0,0
48003,0,0
48103,0,0
48203,0,0
48303,0,0
48403,0,0
48503,0,0
48603,0,0
48703,0,0
48803,0,0
48903,0,0
49003,0,0
49103,0,0
49203,0,0
49303,0,0
49403,0,0
49503,0,0
49603,0,0
49703,0,0
49803,0,0
49903,0,0
50003,0,0
50103,0,0
50203,0,0
50303,0,0
50403,0,0
50503,0,0
50603,0,0
50703,0,0
50803,0,0
50903,0,0
51003,0,0
51098,0,0
51198,0,0
51298,0,0
51398,0,0
51498,0,0
51598,0,0
51698,0,0
51798,0,0
51898,0,0
51998,0,0
52098,0,0
52198,0,0
52298,0,0
52398,0,0
52498,0,0
52598,0,0
52698,0,0
52798,0,0
52898,0,0
52998,0,0
53098,0,0
53198,0,0
53298,0,0
53398,0,0
53498,0,0
53598,0,0
53698,0,0
53798,0,0
53898,0,0
53998,0,0
54098,0,0
54198,0,0
54298,0,0
54398,0,0
54498,0,0
54598,0,0
54698,0,0
54798,0,0
54898,0,0
54998,0,0
55098,0,0
55198,0,0
55298,0,0
55398,0,0
55498,0,0
55598,0,0
55698,0,0
55798,0,0
55898,0,0
55998,0,0
56098,0,0
56198,0,0
56298,0,0
56398,0,0
56498,0,0
56598,0,0
56698,0,0
56798,0,0
56898,0,0
56998,0,0
57098,0,0
57198,0,0
57298,0,0
57398,0,0
57498,0,0
57598,0,0
57698,0,0
57798,0,0
57898,0,0
57998,0,0
58098,0,0
58198,0,0
58298,0,0
58398,0,0
58498,0,0
58598,0,0
58698,0,0
58798,0,0
58898,0,0
58998,0,0
59098,0,0
59198,0,0
59298,0,0
59398,0,0
59498,0,0
59598,0,0
59698,0,0
59798,0,0
59898,0,0
59998,0,0
60098,0,0
60198,0,0
60298,0,0
60398,0,0
60498,0,0
60598,0,0
60698,0,0
60798,0,0
60898,0,0
60998,0,0
61098,0,0
61198,0,0
61298,0,0
61398,0,0
61498,0,0
61598,0,0
61698,0,0
61798,0,0
61898,0,0
61998,0,0
62098,0,0
62198,0,0
62298,0,0
62398,0,0
62498,0,0
62598,0,0
62698,0,0
62798,0,0
62898,0,0
62998,0,0
63098,0,0
63198,0,0
63298,0,0
63398,0,0
63498,0,0
63598,0,0
63698,0,0
63798,0,0
63898,0,0
63998,0,0
64098,0,0
64198,0,0
64298,0,0
64398,0,0
64498,0,0
64598,0,0
64698,0,0
64798,0,0
64898,0,0
64998,0,0
65098,0,0
65198,0,0
65298,0,0
65398,0,0
65498,0,0
65598,0,0
65698,0,0
65798,0,0
65898,0,0
65998,0,0
66098,0,0
66198,0,0
66298,0,0
66398,0,0
66498,0,0
66598,0,0
66698,0,0
66798,0,0
66898,0,0
66998,0,0
67098,0,0
67198,0,0
67298,0,0
67398,0,0
67498,0,0
67598,0,0
67698,0,0
67798,0,0
67898,0,0
67998,0,0
68098,0,0
68198,0,0
68298,0,0
68398,0,0
68498,0,0
68598,0,0
68698,0,0
68798,0,0
68898,0,0
68998,0,0
69098,0,0
69198,0,0
69298,0,0
69398,0,0
69498,0,0
69598,0,0
69698,0,0
69798,0,0
69898,0,0
69998,0,0
70098,0,0
70198,0,0
70298,0,0
70398,0,0
70498,0,0
70598,0,0
70698,0,0
70798,0,0
70898,0,0
70998,0,0
71098,0,0
71198,0,0
71298,0,0
71398,0,0
71498,0,0
71598,0,0
71698,0,0
71798,0,0
71898,0,0
71998,0,0
72098,0,0
72198,0,0
72298,0,0
72398,0,0
72498,0,0
72598,0,0
72698,0,0
72798,0,0
72898,0,0
72998,0,0
73098,0,0
73198,0,0
73298,0,0
73398,0,0
73498,0,0
73575,0,0
73675,0,0
73775,0,0
73875,0,0
73975,0,0
74260,0,0
74360,0,1
74460,0,1
74560,0,1
74660,0,1
74760,0,1
74861,0,1
74961,0,1
75061,0,1
75161,0,1
75261,0,1
75361,0,1
75461,0,1
75561,0,1
75661,0,1
75761,0,1
75861,0,1
75961,0,1
76061,0,1
76161,0,1
76261,0,1
76361,0,1
76461,0,1
76561,0,1
76661,0,1
76761,0,1
76861,0,1
76961,0,1
77061,0,1
77161,0,1
77261,0,1
77361,0,1
77461,0,1
77557,0,1
77657,0,1
77758,0,1
77858,0,1
77958,0,1
78058,0,1
78158,0,1
78285,0,0
78385,0,0
78485,0,0
78585,0,0
78685,0,0
78785,0,0
79066,0,0
79166,0,1
79266,0,1
79366,0,1
79466,0,1
79566,0,1
79666,0,1
79766,0,1
79866,0,1
79966,0,1
80066,0,1
80166,0,1
80266,0,1
80366,0,1
80466,0,1
80566,0,1
80666,0,1
80766,0,1
80866,0,1
80966,0,1
81066,0,1
81166,0,1
81266,0,1
81366,0,1
81466,0,1
81563,0,1
81663,0,1
81763,0,1
81863,0,1
81963,0,1
82064,0,1
82164,0,1
82264,0,1
82364,0,1
82464,0,1
82564,0,1
82664,0,1
82764,0,1
82864,0,1
82964,0,1
83092,0,0
83192,0,0
83292,0,0
83392,0,0
83492,0,0
84097,0,0
84198,0,1
84298,0,1
84398,0,1
84498,0,1
84598,0,1
84698,0,1
84798,0,1
84898,0,1
84998,0,1
85098,0,1
85198,0,1
85298,0,1
85398,0,1
85498,0,1
85594,0,1
85694,0,1
85794,0,1
85894,0,1
85994,0,1
86094,0,1
86194,0,1
86294,0,1
86394,0,1
86494,0,1
86594,0,1
86694,0,1
86794,0,1
86894,0,1
86994,0,1
87095,0,1
87195,0,1
87295,0,1
87395,0,1
87495,0,1
87595,0,1
87695,0,1
87795,0,1
87895,0,1
87995,0,1
88122,0,0
88222,0,0
88322,0,0
88422,0,0
88522,0,0
88876,0,0
88976,0,1
89076,0,1
89176,0,1
89276,0,1
89376,0,1
89476,1,2
89571,1,2
89671,1,2
89771,1,2
89871,1,2
89971,1,2
90071,1,2
90171,1,2
90271,1,2
90371,1,2
90471,1,2
90571,1,2
90671,1,2
90771,1,2
90871,1,2
90971,1,2
91071,1,2
91171,1,2
91271,1,2
91371,1,2
91492,0,0
91592,0,0
91692,0,0
91792,0,0
91892,0,0
91992,0,0
92092,0,0
92192,0,0
92292,0,0
92392,0,0
92492,0,0
92592,0,0
92692,0,0
92792,0,0
92893,0,0
92993,0,0
93093,0,0
93193,0,0
93293,0,0
93393,0,0
93493,0,0
93700,0,0
93650,0,1
93750,0,1
93850,0,1
93950,0,1
94050,0,1
94151,0,1
94251,0,1
94351,0,1
94451,0,1
94551,0,1
94651,0,1
94751,0,1
94851,0,1
94951,0,1
95051,0,1
95151,0,1
95251,0,1
95351,0,1
95451,0,1
95551,0,1
95651,0,1
95751,0,1
95851,0,1
95951,0,1
96051,0,1
96151,0,1
96251,0,1
96351,0,1
96451,0,1
96551,0,1
96651,0,1
96751,0,1
96851,0,1
96951,0,1
97052,0,1
97152,0,1
97252,0,1
97352,0,1
97452,0,1
97717,0,0
97817,0,0
97917,0,0
98017,0,0
98117,0,0
98217,0,0
98317,0,0
98417,0,0
98517,0,0
98617,0,0
98717,0,0
98817,0,0
98917,0,0
99017,0,0
99117,0,0
99217,0,0
99317,0,0
99417,0,0
99517,0,0
99617,0,0
99717,0,0
99817,0,0
99917,0,0
100017,0,0
100117,0,0
100217,0,0
100317,0,0
100417,0,0
100518,0,0
100618,0,0
100718,0,0
100818,0,0
100918,0,0
101018,0,0
101118,0,0
101218,0,0
101318,0,0
101418,0,0
101518,0,0
101617,0,0
101986,0,0
102086,0,1
102186,0,1
102286,0,1
102386,0,1
102486,0,1
102586,0,1
102686,0,1
102786,0,1
102886,0,1
102986,0,1
103086,0,1
103186,0,1
103286,0,1
103386,0,1
103486,0,1
103586,0,1
103686,0,1
103786,0,1
103886,0,1
103986,0,1
104086,0,1
104186,0,1
104286,0,1
104386,0,1
104486,0,1
104586,0,1
104686,0,1
104786,0,1
104886,0,1
104986,0,1
105086,0,1
105186,0,1
105286,0,1
105386,0,1
105486,0,1
105586,0,1
105682,0,1
105782,0,1
105882,0,1
106026,0,0
106126,0,0
106226,0,0
106537,0,0
106637,0,1
106737,0,1
106837,0,1
106937,0,1
107037,0,1
107137,0,1
107237,0,1
107337,0,1
107437,0,1
107537,0,1
107638,0,1
107738,0,1
107838,0,1
107938,0,1
108038,0,1
108138,0,1
108238,0,1
108338,0,1
108438,0,1
108538,0,1
108638,0,1
108738,0,1
108838,0,1
108938,0,1
109038,0,1
109138,0,1
109238,0,1
109338,0,1
109438,0,1
109538,0,1
109633,0,1
109733,0,1
109833,0,1
109933,0,1
110033,0,1
110133,0,1
110233,0,1
110333,0,1
110433,0,1
110561,0,0
110661,0,0
110761,0,0
110861,0,0
110961,0,0
111061,0,0
111161,0,0
111261,0,0
111361,0,0
111461,0,0
111561,0,0
111661,0,0
111761,0,0
111861,0,0
111961,0,0
112061,0,0
112161,0,0
112261,0,0
112361,0,0
112461,0,0
112561,0,0
112661,0,0
112761,0,0
112861,0,0
112961,0,0
113061,0,0
113161,0,0
113261,0,0
113361,0,0
113461,0,0
113561,0,0
113661,0,0
113761,0,0
113861,0,0
113961,0,0
114061,0,0
114161,0,0
114261,0,0
114361,0,0
114461,0,0
114561,0,0
114661,0,0
114761,0,0
114861,0,0
114961,0,0
115061,0,0
115161,0,0
115261,0,0
115361,0,0
115461,0,0
115561,0,0
115661,0,0
115761,0,0
115861,0,0
115961,0,0
116061,0,0
116161,0,0
116261,0,0
116361,0,0
116461,0,0
116561,0,0
116661,0,0
116761,0,0
116861,0,0
116961,0,0
117061,0,0
117161,0,0
117261,0,0
117361,0,0
117461,0,0
117561,0,0
117661,0,0
117761,0,0
117861,0,0
117961,0,0
118061,0,0
118161,0,0
118261,0,0
118361,0,0
118461,0,0
118561,0,0
118661,0,0
118761,0,0
118861,0,0
118961,0,0
119061,0,0
119161,0,0
119261,0,0
119361,0,0
119461,0,0
119561,0,0
119661,0,0
119761,0,0
119861,0,0
119961,0,0
120061,0,0
120161,0,0
120261,0,0
120361,0,0
120461,0,0
120561,0,0
120661,0,0
120761,0,0
120861,0,0
120961,0,0
121061,0,0
121161,0,0
121261,0,0
121361,0,0
121461,0,0
121561,0,0
121661,0,0
121761,0,0
121861,0,0
121961,0,0
122061,0,0
122161,0,0
122261,0,0
122361,0,0
122461,0,0
122561,0,0
122661,0,0
122761,0,0
122861,0,0
122961,0,0
123061,0,0
123161,0,0
123261,0,0
123361,0,0
123461,0,0
123561,0,0
123661,0,0
123761,0,0
123861,0,0
123961,0,0
124061,0,0
124161,0,0
124261,0,0
124361,0,0
124461,0,0
124561,0,0
124661,0,0
124761,0,0
124861,0,0
124961,0,0
125061,0,0
125161,0,0
125261,0,0
125361,0,0
125461,0,0
125561,0,0
125661,0,0
125761,0,0
125861,0,0
125961,0,0
126061,0,0
126161,0,0
126261,0,0
126361,0,0
126461,0,0
126561,0,0
126661,0,0
126761,0,0
126861,0,0
126961,0,0
127061,0,0
127161,0,0
127261,0,0
127361,0,0
127461,0,0
127561,0,0
127661,0,0
127761,0,0
127861,0,0
127961,0,0
128061,0,0
128161,0,0
128261,0,0
128361,0,0
128461,0,0
128561,0,0
128661,0,0
128761,0,0
128861,0,0
128961,0,0
129061,0,0
129161,0,0
129261,0,0
129361,0,0
129461,0,0
129561,0,0
129760,0,0
129739,0,1
129839,0,1
129939,0,1
130040,1,2
130140,1,2
130240,1,2
130340,1,2
130477,1,2
130577,1,2
130677,1,2
130777,1,2
130877,1,2
130977,1,2
131077,1,2
131177,1,2
131278,1,2
131378,1,2
131478,1,2
131578,1,2
131678,1,2
131778,1,2
131878,1,2
131978,1,2
132078,1,2
132178,1,2
132278,1,2
132378,1,2
132478,1,2
132578,1,2
132678,1,2
132778,1,2
132878,1,2
132978,1,2
133078,1,2
133178,1,2
133278,1,2
133378,1,2
133478,1,2
133578,1,2
133678,1,2
133874,1,2
133974,1,2
134074,1,2
134174,1,2
134275,1,2
134375,1,2
134475,1,2
134575,1,2
134688,1,2
134788,1,2
134888,1,2
134988,1,2
135088,1,2
135188,1,2
135288,1,2
135388,1,2
135488,1,2
135588,1,2
135688,1,2
135788,1,2
135888,1,2
135988,1,2
136088,1,2
136188,1,2
136288,1,2
136388,1,2
136488,1,2
136588,1,2
136688,1,2
136788,1,2
136888,1,2
136988,1,2
137088,1,2
137188,1,2
137288,1,2
137388,1,2
137488,1,2
137588,1,2
137688,1,2
137788,1,2
137884,1,2
137984,1,2
138084,1,2
138184,1,2
138284,1,2
138384,1,2
138484,1,2
138584,1,2
138684,1,2
138784,1,2
138884,1,2
138984,1,2
139084,1,2
139184,1,2
139284,1,2
139384,1,2
139484,1,2
139584,1,2
139684,1,2
139784,1,2
139884,1,2
139984,1,2
140084,1,2
140184,1,2
140284,1,2
140384,1,2
140484,1,2
140584,1,2
140684,1,2
140784,1,2
140884,1,2
140984,1,2
141084,1,2
141184,1,2
141284,1,2
141384,1,2
141484,1,2
141584,1,2
141684,1,2
141784,1,2
141879,1,2
141979,1,2
142079,1,2
142179,1,2
142279,1,2
142379,1,2
142479,1,2
142579,1,2
142679,1,2
142779,1,2
142879,1,2
142979,1,2
143079,1,2
143179,1,2
143279,1,2
143379,1,2
143479,1,2
143579,1,2
143679,1,2
143779,1,2
143879,1,2
143979,1,2
144079,1,2
144179,1,2
144279,1,2
144379,1,2
144479,1,2
144579,1,2
144679,1,2
144779,1,2
144879,1,2
144979,1,2
145079,1,2
145179,1,2
145279,1,2
145379,1,2
145479,1,2
145579,1,2
145679,1,2
145779,1,2
145876,1,2
145976,1,2
146076,1,2
146176,1,2
146276,1,2
146376,1,2
146476,1,2
146576,1,2
146676,1,2
146776,1,2
146876,1,2
146976,1,2
147076,1,2
147176,1,2
147276,1,2
147376,1,2
147476,1,2
147576,1,2
147676,1,2
147776,1,2
147876,1,2
147976,1,2
148076,1,2
148176,1,2
148276,1,2
148376,1,2
148476,1,2
148576,1,2
148676,1,2
148776,1,2
148876,1,2
148976,1,2
149076,1,2
149176,1,2
149276,1,2
149376,1,2
149476,1,2
149576,1,2
149676,1,2
149776,1,2
149872,1,2
149972,1,2
150072,1,2
150172,1,2
150272,1,2
150372,1,2
150472,1,2
150572,1,2
150672,1,2
150772,1,2
150872,1,2
150988,1,2
151087,1,2
151187,1,2
151287,1,2
151387,1,2
151487,1,2
151587,1,2
151687,1,2
151787,1,2
151887,1,2
151987,1,2
152087,1,2
152187,1,2
152287,1,2
152387,1,2
152487,1,2
152587,1,2
152687,1,2
152787,1,2
152887,1,2
152987,1,2
153087,1,2
153187,1,2
153288,1,2
153388,1,2
153488,1,2
153588,1,2
153688,1,2
153788,1,2
153884,1,2
153984,1,2
154084,1,2
154184,1,2
154284,1,2
154384,1,2
154484,1,2
154584,1,2
154684,1,2
154784,1,2
154884,1,2
154984,1,2
155084,1,2
155184,1,2
155284,1,2
155384,1,2
155484,1,2
155584,1,2
155684,1,2
155784,1,2
155884,1,2
155984,1,2
156084,1,2
156184,1,2
156284,1,2
156384,1,2
156484,1,2
156584,1,2
156684,1,2
156784,1,2
156884,1,2
156984,1,2
157084,1,2
157184,1,2
157284,1,2
157384,1,2
157484,1,2
157584,1,2
157684,1,2
157784,1,2
157876,1,2
157976,1,2
158076,1,2
158176,1,2
158276,1,2
158376,1,2
158476,1,2
158576,1,2
158676,1,2
158776,1,2
158876,1,2
158976,1,2
159076,1,2
159176,1,2
159276,1,2
159376,1,2
159476,1,2
159576,1,2
159676,1,2
159776,1,2
159876,1,2
159976,1,2
160076,1,2
160176,1,2
160276,1,2
160376,1,2
160476,1,2
160576,1,2
160676,1,2
160776,1,2
160876,1,2
160976,1,2
161076,1,2
161176,1,2
161276,1,2
161376,1,2
161476,1,2
161576,1,2
161676,1,2
161776,1,2
161875,1,2
161975,1,2
162075,1,2
162175,1,2
162275,1,2
162375,1,2
162475,1,2
162575,1,2
162675,1,2
162775,1,2
162875,1,2
162975,1,2
163075,1,2
163175,1,2
163275,1,2
163375,1,2
163475,1,2
163575,1,2
163675,1,2
163775,1,2
163875,1,2
163975,1,2
164075,1,2
164175,1,2
164275,1,2
164375,1,2
164475,1,2
164575,1,2
164675,1,2
164775,1,2
164875,1,2
164975,1,2
165075,1,2
165175,1,2
165275,1,2
165375,1,2
165475,1,2
165575,1,2
165675,1,2
165775,1,2
165870,1,2
165970,1,2
166070,1,2
166170,1,2
166270,1,2
166370,1,2
166470,1,2
166570,1,2
166670,1,2
166770,1,2
166870,1,2
166970,1,2
167070,1,2
167170,1,2
167270,1,2
167396,1,2
167496,1,2
167596,1,2
167696,1,2
167796,1,2
167896,1,2
167996,1,2
168096,1,2
168196,1,2
168296,1,2
168396,1,2
168496,1,2
168596,1,2
168696,1,2
168796,1,2
168896,1,2
168996,1,2
169096,1,2
169196,1,2
169296,1,2
169396,1,2
169496,1,2
169596,1,2
169697,1,2
169797,1,2
169897,1,2
169997,1,2
170097,1,2
170197,1,2
170297,1,2
170397,1,2
170497,1,2
170597,1,2
170697,1,2
170797,1,2
170897,1,2
170997,1,2
171097,1,2
171197,1,2
171297,1,2
171397,1,2
171497,1,2
171597,1,2
171697,1,2
171797,1,2
171897,1,2
171997,1,2
172097,1,2
172197,1,2
172297,1,2
172397,1,2
172497,1,2
172598,1,2
172698,1,2
172798,1,2
172898,1,2
172998,1,2
173098,1,2
173198,1,2
173298,1,2
173398,1,2
173498,1,2
173598,1,2
173698,1,2
173798,1,2
173898,1,2
173998,1,2
174098,1,2
174198,1,2
174298,1,2
174398,1,2
174498,1,2
174598,1,2
174698,1,2
174798,1,2
174898,1,2
174998,1,2
175098,1,2
175198,1,2
175298,1,2
175409,0,0
175509,0,0
175609,0,0
175709,0,0
175809,0,0
175909,0,0
176009,0,0
176109,0,0
176209,0,0
176310,0,0
176410,0,0
176510,0,0
176610,0,0
176710,0,0
176810,0,0
176910,0,0
177010,0,0
177110,0,0
177210,0,0
177310,0,0
177410,0,0
177510,0,0
177610,0,0
177710,0,0
177810,0,0
177910,0,0
178010,0,0
178110,0,0
178210,0,0
178310,0,0
178410,0,0
178510,0,0
178610,0,0
178710,0,0
178810,0,0
178910,0,0
179010,0,0
179110,0,0
179210,0,0
179310,0,0
179410,0,0
179510,0,0
179610,0,0
179710,0,0
179810,0,0
179910,0,0
180010,0,0
180110,0,0
180210,0,0
180310,0,0
180410,0,0
180510,0,0
180610,0,0
180710,0,0
180810,0,0
180910,0,0
181010,0,0
181110,0,0
181210,0,0
181310,0,0
181410,0,0
181510,0,0
181610,0,0
181710,0,0
181810,0,0
181910,0,0
182010,0,0
182110,0,0
182210,0,0
182310,0,0
182410,0,0
182510,0,0
182610,0,0
182710,0,0
182810,0,0
182910,0,0
183010,0,0
183110,0,0
183210,0,0
183310,0,0
183410,0,0
183510,0,0
183610,0,0
183710,0,0
183810,0,0
183910,0,0
184010,0,0
184110,0,0
184210,0,0
184310,0,0
184410,0,0
184510,0,0
184610,0,0
184710,0,0
184810,0,0
184910,0,0
185010,0,0
185110,0,0
185210,0,0
185310,0,0
185410,0,0
185510,0,0
185610,0,0
185710,0,0
185810,0,0
185910,0,0
185990,0,0
186090,0,0
186190,0,0
186642,0,0
186742,0,1
186842,0,1
186942,0,1
187042,0,1
187142,0,1
187242,0,1
187342,0,1
187442,0,1
187542,0,1
187642,0,1
187742,0,1
187842,0,1
187942,0,1
188042,0,1
188142,0,1
188242,0,1
188342,0,1
188442,0,1
188542,0,1
188642,0,1
188742,0,1
188842,0,1
188942,0,1
189042,0,1
189142,0,1
189242,0,1
189342,0,1
189442,0,1
189542,0,1
189642,0,1
189742,0,1
189842,0,1
189937,0,1
190037,0,1
190137,0,1
190237,0,1
190337,0,1
190437,0,1
190537,0,1
190666,0,0
190766,0,0
190866,0,0
191330,0,0
191430,0,1
191530,0,1
191630,0,1
191731,0,1
191831,0,1
191931,0,1
192031,0,1
192131,0,1
192231,0,1
192331,0,1
192431,0,1
192531,0,1
192631,0,1
192731,0,1
192831,0,1
192931,0,1
193031,0,1
193131,0,1
193231,0,1
193331,0,1
193431,0,1
193531,0,1
193631,0,1
193731,0,1
193831,0,1
193926,0,1
194026,0,1
194126,0,1
194226,0,1
194326,0,1
194426,0,1
194526,0,1
194627,0,1
194727,0,1
194827,0,1
194927,0,1
195027,0,1
195127,0,1
195227,0,1
195354,0,0
195454,0,0
195554,0,0
195654,0,0
195754,0,0
196322,0,0
196422,0,1
196522,0,1
196622,0,1
196722,0,1
196822,0,1
196922,0,1
197022,0,1
197122,0,1
197222,0,1
197322,0,1
197422,0,1
197522,0,1
197622,0,1
197722,0,1
197822,0,1
197918,0,1
198018,0,1
198118,0,1
198218,0,1
198318,0,1
198418,0,1
198518,0,1
198618,0,1
198719,0,1
198819,0,1
198919,0,1
199019,0,1
199119,0,1
199219,0,1
199319,0,1
199419,0,1
199519,0,1
199619,0,1
199719,0,1
199819,0,1
199919,0,1
200019,0,1
200119,0,1
200219,0,1
200351,0,0
200451,0,0
200551,0,0
200651,0,0
200860,0,0
200960,0,1
201060,0,1
201160,0,1
201298,0,1
201398,1,2
201498,1,2
201598,1,2
201699,1,2
201799,1,2
201899,1,2
201995,1,2
202095,1,2
202195,1,2
202295,1,2
202395,1,2
202495,1,2
202595,1,2
202695,1,2
202795,1,2
202896,1,2
202996,1,2
203096,1,2
203196,1,2
203296,1,2
203396,1,2
203496,1,2
203596,1,2
203696,1,2
203796,1,2
203896,1,2
203996,1,2
204096,1,2
204196,1,2
204296,1,2
204396,1,2
204496,1,2
204596,1,2
204696,1,2
204796,1,2
204896,1,2
204996,1,2
205096,1,2
205196,1,2
205296,1,2
205396,1,2
205496,1,2
205596,1,2
205696,1,2
205796,1,2
205896,1,2
205993,1,2
206093,1,2
206193,1,2
206293,1,2
206393,1,2
206493,1,2
206593,1,2
206693,1,2
206793,1,2
206893,1,2
206993,1,2
207093,1,2
207193,1,2
207293,1,2
207393,1,2
207493,1,2
207593,1,2
207693,1,2
207793,1,2
207893,1,2
207993,1,2
208093,1,2
208193,1,2
208293,1,2
208393,1,2
208493,1,2
208593,1,2
208693,1,2
208793,1,2
208893,1,2
208993,1,2
209093,1,2
209193,1,2
209293,1,2
209393,1,2
209493,1,2
209593,1,2
209693,1,2
209793,1,2
209920,1,2
210015,1,2
210115,1,2
210215,1,2
210315,1,2
210415,1,2
210515,1,2
210615,1,2
210715,1,2
210815,1,2
210915,1,2
211015,1,2
211115,1,2
211215,1,2
211315,1,2
211415,1,2
211515,1,2
211615,1,2
211715,1,2
211815,1,2
211915,1,2
212015,1,2
212115,1,2
212215,1,2
212315,1,2
212415,1,2
212515,1,2
212616,1,2
212716,1,2
212816,1,2
212916,1,2
213016,1,2
213116,1,2
213216,1,2
213316,1,2
213416,1,2
213516,1,2
213616,1,2
213716,1,2
213816,1,2
213916,1,2
213994,1,2
214094,1,2
214194,1,2
214294,1,2
214394,1,2
214494,1,2
214594,1,2
214694,1,2
214794,1,2
214894,1,2
214994,1,2
215094,1,2
215194,1,2
215294,1,2
215394,1,2
215494,1,2
215594,1,2
215694,1,2
215794,1,2
215894,1,2
215994,1,2
216094,1,2
216194,1,2
216294,1,2
216394,1,2
216494,1,2
216594,1,2
216694,1,2
216794,1,2
216894,1,2
216994,1,2
217094,1,2
217194,1,2
217294,1,2
217394,1,2
217494,1,2
217594,1,2
217694,1,2
217794,1,2
217894,1,2
218007,1,2
218107,1,2
218207,1,2
218307,1,2
218407,1,2
218507,1,2
218607,1,2
218707,1,2
218807,1,2
218907,1,2
219007,1,2
219107,1,2
219207,1,2
219307,1,2
219407,1,2
219507,1,2
219607,1,2
219707,1,2
219807,1,2
219907,1,2
220007,1,2
220107,1,2
220207,1,2
220307,1,2
220407,1,2
220507,1,2
220607,1,2
220707,1,2
220807,1,2
220907,1,2
221007,1,2
221107,1,2
221207,1,2
221307,1,2
221407,1,2
221507,1,2
221607,1,2
221707,1,2
221807,1,2
221907,1,2
222003,1,2
222103,1,2
222203,1,2
222303,1,2
222403,1,2
222503,1,2
222603,1,2
222703,1,2
222803,1,2
222903,1,2
223003,1,2
223103,1,2
223203,1,2
223303,1,2
223403,1,2
223503,1,2
223603,1,2
223703,1,2
223803,1,2
223903,1,2
224003,1,2
224103,1,2
224203,1,2
224303,1,2
224403,1,2
224503,1,2
224603,1,2
224703,1,2
224803,1,2
224903,1,2
225003,1,2
225103,1,2
225203,1,2
225303,1,2
225403,1,2
225503,1,2
225603,1,2
225703,1,2
225803,1,2
225903,1,2
226003,1,2
226103,1,2
226203,1,2
226303,1,2
226403,1,2
226503,1,2
226603,1,2
226703,1,2
226803,1,2
226903,1,2
227003,1,2
227103,1,2
227203,1,2
227303,1,2
227403,1,2
227503,1,2
227603,1,2
227703,1,2
227803,1,2
227903,1,2
228003,1,2
228103,1,2
228203,1,2
228303,1,2
228403,1,2
228503,1,2
228603,1,2
228703,1,2
228803,1,2
228903,1,2
229003,1,2
229103,1,2
229203,1,2
229303,1,2
229403,1,2
229503,1,2
229603,1,2
229703,1,2
229803,1,2
229903,1,2
230003,1,2
230103,1,2
230203,0,0
230303,0,0
230403,0,0
230503,0,0
230603,0,0
230703,0,0
230803,0,0
230903,0,0
231003,0,0
231103,0,0
231203,0,0
231303,0,0
231403,0,0
231503,0,0
231603,0,0
231703,0,0
231803,0,0
231903,0,0
232003,0,0
232103,0,0
232203,0,0
232303,0,0
232403,0,0
232503,0,0
232603,0,0
232703,0,0
232803,0,0
232903,0,0
233003,0,0
233103,0,0
233203,0,0
233303,0,0
233403,0,0
233503,0,0
233603,0,0
233703,0,0
233803,0,0
233903,0,0
234003,0,0
234103,0,0
234203,0,0
234303,0,0
234403,0,0
234503,0,0
234603,0,0
234703,0,0
234803,0,0
234903,0,0
235003,0,0
235103,0,0
235203,0,0
235303,0,0
235403,0,0
235503,0,0
235603,0,0
235703,0,0
235803,0,0
235903,0,0
236003,0,0
236103,0,0
236203,0,0
236303,0,0
236403,0,0
236503,0,0
236603,0,0
236703,0,0
236803,0,0
236903,0,0
237003,0,0
237103,0,0
237203,0,0
237303,0,0
237403,0,0
237503,0,0
237603,0,0
237703,0,0
237803,0,0
237903,0,0
238003,0,0
238103,0,0
238203,0,0
238303,0,0
238403,0,0
238503,0,0
238603,0,0
238703,0,0
238803,0,0
238903,0,0
239003,0,0
239103,0,0
239203,0,0
239303,0,0
239403,0,0
239503,0,0
239603,0,0
239703,0,0
239803,0,0
239903,0,0
240003,0,0
240103,0,0
240203,0,0
240303,0,0
240403,0,0
240503,0,0
240603,0,0
240703,0,0
240803,0,0
240903,0,0
241003,0,0
241103,0,0
241203,0,0
241303,0,0
241403,0,0
241503,0,0
241603,0,0
241703,0,0
241803,0,0
241903,0,0
242003,0,0
242103,0,0
242203,0,0
242303,0,0
242403,0,0
242503,0,0
242603,0,0
242703,0,0
242780,0,0
242880,0,0
242980,0,0
243080,0,0
243217,0,0
243317,0,1
243417,0,1
243517,0,1
243620,0,1
243720,1,2
243820,1,2
243920,1,2
244023,1,2
244123,1,2
244223,1,2
244324,1,2
244424,1,2
244524,1,2
244624,1,2
244724,1,2
244824,1,2
244924,1,2
245024,1,2
245124,1,2
245224,1,2
245324,1,2
245424,1,2
245524,1,2
245624,1,2
245724,1,2
245824,1,2
245924,1,2
246024,1,2
246124,1,2
246224,1,2
246324,1,2
246424,1,2
246524,1,2
246624,1,2
246724,1,2
246806,1,2
246906,1,2
247006,1,2
247106,1,2
247206,1,2
247306,1,2
247406,1,2
247506,1,2
247606,1,2
247706,1,2
247806,1,2
247906,1,2
248006,1,2
248106,1,2
248206,1,2
248306,1,2
248406,1,2
248506,1,2
248606,1,2
248706,1,2
248806,1,2
248906,1,2
249006,1,2
249106,1,2
249206,1,2
249306,1,2
249406,1,2
249506,1,2
249606,1,2
249706,1,2
249806,1,2
249906,1,2
250006,1,2
250106,1,2
250206,1,2
250306,1,2
250406,1,2
250506,1,2
250606,1,2
250706,1,2
250806,1,2
250906,1,2
251006,1,2
251106,1,2
251206,1,2
251306,1,2
251406,1,2
251506,1,2
251606,1,2
251706,1,2
251806,1,2
251906,1,2
252006,1,2
252106,1,2
252206,1,2
252306,1,2
252406,1,2
252506,1,2
252606,1,2
252706,1,2
252806,1,2
252906,1,2
253006,1,2
253106,1,2
253206,1,2
253306,1,2
253406,1,2
253506,1,2
253606,1,2
253706,1,2
253806,1,2
253906,1,2
254006,1,2
254106,1,2
254206,1,2
254306,1,2
254406,1,2
254506,1,2
254606,1,2
254706,1,2
254805,1,2
254905,1,2
255005,1,2
255105,1,2
255205,1,2
255305,1,2
255405,1,2
255505,1,2
255605,1,2
255705,1,2
255805,1,2
255905,1,2
256005,1,2
256105,1,2
256205,1,2
256305,1,2
256431,1,2
256531,1,2
256631,1,2
256731,1,2
256831,1,2
256931,1,2
257031,1,2
257131,1,2
257231,1,2
257331,1,2
257431,1,2
257532,1,2
257632,1,2
257732,1,2
257832,1,2
257932,1,2
258032,1,2
258132,1,2
258232,1,2
258332,1,2
258432,1,2
258532,1,2
258632,1,2
258734,1,2
258834,1,2
258934,1,2
259034,1,2
259134,1,2
259234,1,2
259334,1,2
259434,1,2
259534,1,2
259634,1,2
259734,1,2
259834,1,2
259934,1,2
260034,1,2
260134,1,2
260234,1,2
260334,1,2
260435,1,2
260535,1,2
260635,1,2
260735,1,2
260835,1,2
260935,1,2
261035,1,2
261135,1,2
261235,1,2
261335,1,2
261435,1,2
261535,1,2
261635,1,2
261735,1,2
261835,1,2
261935,1,2
262035,1,2
262135,1,2
262235,1,2
262335,1,2
262435,1,2
262535,1,2
262635,1,2
262731,1,2
262831,1,2
262931,1,2
263031,1,2
263131,1,2
263231,1,2
263331,1,2
263431,1,2
263531,1,2
263631,1,2
263731,1,2
263831,1,2
263931,1,2
264031,1,2
264131,1,2
264231,1,2
264331,1,2
264431,1,2
264531,1,2
264631,1,2
264731,1,2
264831,1,2
264931,1,2
265031,1,2
265131,1,2
265231,1,2
265331,1,2
265431,1,2
265531,1,2
265631,1,2
265731,1,2
265831,1,2
265931,1,2
266031,1,2
266131,1,2
266231,1,2
266331,1,2
266431,1,2
266531,1,2
266631,1,2
266725,1,2
266825,1,2
266925,1,2
267025,1,2
267125,1,2
267225,1,2
267325,1,2
267425,1,2
267525,1,2
267625,1,2
267725,1,2
267825,1,2
267925,1,2
268025,1,2
268125,1,2
268225,1,2
268325,1,2
268425,1,2
268525,1,2
268625,1,2
268725,1,2
268825,1,2
268925,1,2
269025,1,2
269125,1,2
269225,1,2
269325,1,2
269425,1,2
269525,1,2
269625,1,2
269725,1,2
269825,1,2
269925,1,2
270025,1,2
270125,1,2
270225,1,2
270325,1,2
270425,1,2
270525,1,2
270625,1,2
270723,1,2
270823,1,2
270923,1,2
271023,1,2
271123,1,2
271223,1,2
271323,1,2
271423,1,2
271523,1,2
271623,1,2
271723,1,2
271823,1,2
271923,1,2
272023,1,2
272123,1,2
272223,1,2
272323,1,2
272423,1,2
272523,1,2
272623,1,2
272737,1,2
272837,1,2
272937,1,2
273037,1,2
273138,1,2
273238,1,2
273338,1,2
273438,1,2
273538,1,2
273638,1,2
273738,1,2
273838,1,2
273938,1,2
274038,1,2
274138,1,2
274238,1,2
274338,1,2
274438,1,2
274538,1,2
274638,1,2
274732,1,2
274832,1,2
274932,1,2
275032,1,2
275132,1,2
275232,1,2
275332,1,2
275432,1,2
275532,1,2
275632,1,2
275732,1,2
275832,1,2
275932,1,2
276033,1,2
276133,1,2
276233,1,2
276333,1,2
276433,1,2
276533,1,2
276633,1,2
276733,1,2
276833,1,2
276933,1,2
277033,1,2
277133,1,2
277233,1,2
277333,1,2
277433,1,2
277533,1,2
277633,1,2
277733,1,2
277833,1,2
277933,1,2
278033,1,2
278133,1,2
278233,1,2
278333,1,2
278433,1,2
278533,1,2
278633,1,2
278729,1,2
278829,1,2
278929,1,2
279029,1,2
279129,1,2
279229,1,2
279329,1,2
279429,1,2
279529,1,2
279629,1,2
279729,1,2
279829,1,2
279929,1,2
280029,1,2
280129,1,2
280229,1,2
280329,1,2
280429,1,2
280529,1,2
280629,1,2
280729,1,2
280829,1,2
280929,1,2
281029,1,2
281129,1,2
281229,1,2
281329,1,2
281429,1,2
281529,1,2
281629,1,2
281729,1,2
281829,1,2
281929,1,2
282029,1,2
282129,1,2
282229,1,2
282329,1,2
282429,1,2
282529,1,2
282629,1,2
282729,1,2
282829,1,2
282929,1,2
283029,1,2
283129,1,2
283229,1,2
283329,1,2
283429,1,2
283529,1,2
283629,1,2
283729,1,2
283829,1,2
283929,1,2
284029,1,2
284129,1,2
284229,1,2
284329,1,2
284429,1,2
284529,1,2
284629,1,2
284729,1,2
284829,1,2
284929,1,2
285029,1,2
285129,1,2
285229,1,2
285329,1,2
285429,1,2
285529,1,2
285629,1,2
285729,1,2
285829,1,2
285929,1,2
286029,1,2
286129,1,2
286229,1,2
286329,1,2
286429,1,2
286529,1,2
286629,1,2
286729,1,2
286829,1,2
286929,1,2
287029,1,2
287129,1,2
287229,1,2
287329,1,2
287429,1,2
287529,1,2
287629,1,2
287729,1,2
287829,1,2
287929,1,2
288029,1,2
288129,1,2
288229,1,2
288329,1,2
288429,1,2
288529,1,2
288629,1,2
288729,1,2
288829,1,2
288929,0,0
289029,0,0
289129,0,0
289229,0,0
289329,0,0
289429,0,0
289529,0,0
289629,0,0
289729,0,0
289829,0,0
289929,0,0
290029,0,0
290129,0,0
290229,0,0
290329,0,0
290429,0,0
290529,0,0
290629,0,0
290729,0,0
290829,0,0
290929,0,0
291029,0,0
291129,0,0
291229,0,0
291329,0,0
291429,0,0
291529,0,0
291629,0,0
291729,0,0
291829,0,0
291929,0,0
292029,0,0
292129,0,0
292229,0,0
292329,0,0
292429,0,0
292529,0,0
292629,0,0
292729,0,0
292829,0,0
292929,0,0
293029,0,0
293129,0,0
293229,0,0
293329,0,0
293429,0,0
293529,0,0
293629,0,0
293729,0,0
293829,0,0
293929,0,0
294029,0,0
294129,0,0
294229,0,0
294329,0,0
294429,0,0
294529,0,0
294629,0,0
294729,0,0
294829,0,0
294929,0,0
295029,0,0
295129,0,0
295229,0,0
295329,0,0
295429,0,0
295529,0,0
295629,0,0
295729,0,0
295829,0,0
295929,0,0
296029,0,0
296129,0,0
296229,0,0
296329,0,0
296429,0,0
296529,0,0
296629,0,0
296729,0,0
296829,0,0
296929,0,0
297029,0,0
297129,0,0
297229,0,0
297329,0,0
297429,0,0
297529,0,0
297629,0,0
297729,0,0
297829,0,0
297929,0,0
298029,0,0
298129,0,0
298229,0,0
298329,0,0
298429,0,0
298529,0,0
298629,0,0
298729,0,0
298829,0,0
298929,0,0
299029,0,0
299129,0,0
299229,0,0
299329,0,0
299429,0,0
299529,0,0
299607,0,0
299707,0,0
299807,0,0
299907,0,0
300301,0,0
300401,0,1
300501,0,1
300601,0,1
300701,0,1
300801,0,1
300901,0,1
301001,0,1
301101,0,1
301201,0,1
301301,0,1
301401,0,1
301501,0,1
301601,0,1
301701,0,1
301801,0,1
301901,0,1
302001,0,1
302101,0,1
302201,0,1
302301,0,1
302401,0,1
302501,0,1
302601,0,1
302701,0,1
302802,0,1
302902,0,1
303002,0,1
303102,0,1
303202,0,1
303302,0,1
303402,0,1
303502,0,1
303598,0,1
303698,0,1
303798,0,1
303898,0,1
303998,0,1
304098,0,1
304198,0,1
304324,0,0
304424,0,0
304524,0,0
304624,0,0
305057,0,0
305157,0,1
305257,0,1
305358,0,1
305458,0,1
305558,0,1
305658,0,1
305758,0,1
305858,0,1
305958,0,1
306058,0,1
306158,0,1
306258,0,1
306358,0,1
306458,0,1
306558,0,1
306658,0,1
306758,0,1
306858,0,1
306958,0,1
307058,0,1
307158,0,1
307258,0,1
307358,0,1
307458,0,1
307558,0,1
307654,0,1
307754,0,1
307854,0,1
307954,0,1
308054,0,1
308154,0,1
308255,0,1
308355,0,1
308455,0,1
308555,0,1
308655,0,1
308755,0,1
308855,0,1
308955,0,1
309081,0,0
309181,0,0
309281,0,0
309381,0,0
309481,0,0
309581,0,0
310182,0,0
310282,0,1
310382,0,1
310482,0,1
310582,0,1
310682,0,1
310782,0,1
310882,0,1
310982,0,1
311082,0,1
311182,0,1
311282,0,1
311382,0,1
311482,0,1
311583,0,1
311678,0,1
311778,0,1
311878,0,1
311978,0,1
312078,0,1
312178,0,1
312278,0,1
312378,0,1
312478,0,1
312578,0,1
312678,0,1
312778,0,1
312878,0,1
312978,0,1
313078,0,1
313178,0,1
313278,0,1
313378,0,1
313478,0,1
313578,0,1
313678,0,1
313778,0,1
313878,0,1
313978,0,1
314078,0,1
314205,0,0
314305,0,0
314405,0,0
314505,0,0
314739,0,0
314839,0,1
314939,0,1
315039,0,1
315160,0,1
315260,1,2
315360,1,2
315461,1,2
315561,1,2
315661,1,2
315751,1,2
315851,1,2
315951,1,2
316051,1,2
316151,1,2
316251,1,2
316351,1,2
316451,1,2
316551,1,2
316651,1,2
316751,1,2
316851,1,2
316951,1,2
317051,1,2
317151,1,2
317251,1,2
317351,1,2
317451,1,2
317551,1,2
317651,1,2
317751,1,2
317851,1,2
317951,1,2
318051,1,2
318151,1,2
318251,1,2
318352,1,2
318452,1,2
318552,1,2
318652,1,2
318752,1,2
318852,1,2
318952,1,2
319052,1,2
319152,1,2
319252,1,2
319352,1,2
319452,1,2
319552,1,2
319652,1,2
319754,1,2
319854,1,2
319954,1,2
320054,1,2
320154,1,2
320254,1,2
320354,1,2
320454,1,2
320554,1,2
320654,1,2
320754,1,2
320854,1,2
320954,1,2
321054,1,2
321154,1,2
321254,1,2
321354,1,2
321454,1,2
321554,1,2
321654,1,2
321754,1,2
321854,1,2
321954,1,2
322054,1,2
322154,1,2
322254,1,2
322354,1,2
322454,1,2
322554,1,2
322654,1,2
322754,1,2
322854,1,2
322954,1,2
323054,1,2
323154,1,2
323254,1,2
323354,1,2
323454,1,2
323554,1,2
323654,1,2
323748,0,0
323848,0,0
323948,0,0
324048,0,0
324148,0,0
324248,0,0
324348,0,0
324448,0,0
324548,0,0
324648,0,0
324748,0,0
324848,0,0
324948,0,0
325048,0,0
325148,0,0
325248,0,0
325348,0,0
325448,0,0
325548,0,0
325648,0,0
325748,0,0
325848,0,0
325948,0,0
326048,0,0
326148,0,0
326248,0,0
326348,0,0
326448,0,0
326548,0,0
326648,0,0
326748,0,0
326848,0,0
327280,0,0
327380,0,1
327480,0,1
327580,0,1
327680,0,1
327776,0,1
327876,0,1
327976,0,1
328076,0,1
328176,0,1
328276,0,1
328376,0,1
328476,0,1
328576,0,1
328676,0,1
328776,0,1
328876,0,1
328976,0,1
329076,0,1
329176,0,1
329276,0,1
329376,0,1
329476,0,1
329576,0,1
329676,0,1
329776,0,1
329876,0,1
329976,0,1
330076,0,1
330176,0,1
330276,0,1
330376,0,1
330476,0,1
330576,0,1
330676,0,1
330776,0,1
330876,0,1
330976,0,1
331076,0,1
331176,0,1
331276,0,1
331376,0,0
331476,0,0
331576,0,0
332170,0,0
331827,0,1
331927,0,1
332027,0,1
332127,0,1
332227,0,1
332327,0,1
332427,0,1
332527,0,1
332627,0,1
332727,0,1
332827,0,1
332927,0,1
333027,0,1
333127,0,1
333227,0,1
333327,0,1
333427,0,1
333527,0,1
333627,0,1
333727,0,1
333827,0,1
333927,0,1
334027,0,1
334127,0,1
334227,0,1
334328,0,1
334428,0,1
334528,0,1
334628,0,1
334728,0,1
334828,0,1
334928,0,1
335028,0,1
335128,0,1
335228,0,1
335760,0,1
335860,0,1
335960,0,1
336060,0,1
336188,0,0
336288,0,0
336388,0,0
336992,0,0
337092,0,1
337192,0,1
337292,0,1
337438,0,1
337538,1,2
337638,1,2
337738,1,2
337838,1,2
337938,1,2
338038,1,2
338138,1,2
338238,1,2
338338,1,2
338438,1,2
338538,1,2
338638,1,2
338738,1,2
338838,1,2
338938,1,2
339038,1,2
339138,1,2
339238,1,2
339338,1,2
339438,1,2
339539,1,2
339639,1,2
339739,1,2
339839,1,2
339939,1,2
340039,1,2
340139,1,2
340239,1,2
340339,1,2
340439,1,2
340539,1,2
340639,1,2
340739,1,2
340839,1,2
340939,1,2
341039,1,2
341139,1,2
341239,1,2
341339,1,2
341439,1,2
341539,1,2
341639,1,2
341739,1,2
341839,1,2
341939,1,2
342039,1,2
342139,1,2
342239,1,2
342339,1,2
342440,1,2
342540,1,2
342640,1,2
342740,1,2
342840,1,2
342940,1,2
343040,1,2
343140,1,2
343240,1,2
343340,1,2
343440,1,2
343540,1,2
343640,1,2
343740,1,2
343840,1,2
343940,1,2
344040,1,2
344140,1,2
344240,1,2
344340,1,2
344440,1,2
344540,1,2
344640,1,2
344740,1,2
344840,1,2
344940,1,2
345040,1,2
345140,1,2
345240,1,2
345341,1,2
345441,1,2
345541,1,2
345641,1,2
345741,1,2
345841,1,2
345941,1,2
346041,1,2
346141,1,2
346241,0,0
346341,0,0
346441,0,0
346541,0,0
346641,0,0
346741,0,0
346841,0,0
346941,0,0
347041,0,0
347141,0,0
347241,0,0
347341,0,0
347441,0,0
347541,0,0
347641,0,0
347741,0,0
347841,0,0
347941,0,0
348041,0,0
348141,0,0
348241,0,0
348341,0,0
348441,0,0
348541,0,0
348641,0,0
348741,0,0
348841,0,0
348941,0,0
349041,0,0
349141,0,0
349241,0,0
349341,0,0
349441,0,0
349541,0,0
349641,0,0
349741,0,0
349841,0,0
349941,0,0
350041,0,0
350141,0,0
350241,0,0
350341,0,0
350441,0,0
350541,0,0
350641,0,0
350741,0,0
350841,0,0
350941,0,0
351041,0,0
351141,0,0
351241,0,0
351341,0,0
351441,0,0
351541,0,0
351641,0,0
351741,0,0
351841,0,0
351941,0,0
352041,0,0
352141,0,0
352241,0,0
352341,0,0
352441,0,0
352541,0,0
352641,0,0
352741,0,0
352841,0,0
352941,0,0
353041,0,0
353141,0,0
353241,0,0
353341,0,0
353441,0,0
353541,0,0
353641,0,0
353741,0,0
353841,0,0
353941,0,0
354041,0,0
354141,0,0
354241,0,0
354341,0,0
354441,0,0
354541,0,0
354641,0,0
354741,0,0
354841,0,0
354941,0,0
355041,0,0
355141,0,0
355241,0,0
355341,0,0
355441,0,0
355541,0,0
355641,0,0
355741,0,0
355841,0,0
355941,0,0
356041,0,0
356141,0,0
356241,0,0
356341,0,0
356441,0,0
356541,0,0
356641,0,0
356741,0,0
356841,0,0
356941,0,0
357041,0,0
357141,0,0
357241,0,0
357341,0,0
357441,0,0
357541,0,0
357641,0,0
357741,0,0
357841,0,0
357941,0,0
358041,0,0
358141,0,0
358220,0,0
358320,0,0
358420,0,0
359040,0,0
359140,0,1
359240,0,1
359340,0,1
359440,0,1
359540,0,1
359640,0,1
359740,0,1
359840,0,1
359940,0,1
360040,0,1
360140,0,1
360240,0,1
360340,0,1
360440,0,1
360540,0,1
360640,0,1
360740,0,1
360840,0,1
360940,0,1
361040,0,1
361140,0,1
361240,0,1
361340,0,1
361440,0,1
361540,0,1
361640,0,1
361740,0,1
361840,0,1
361940,0,1
362040,0,1
362140,0,1
362240,0,1
362340,0,1
362434,0,1
362534,0,1
362634,0,1
362734,0,1
362834,0,1
362934,0,1
363034,0,1
363134,0,0
363234,0,0
363801,0,0
363901,0,1
364002,0,1
364102,0,1
364208,0,1
364308,1,2
364408,1,2
364508,1,2
364608,1,2
364714,1,2
364814,1,2
364914,1,2
365014,1,2
365114,1,2
365214,1,2
365314,1,2
365414,1,2
365514,1,2
365614,1,2
365714,1,2
365814,1,2
365914,1,2
366014,1,2
366114,1,2
366214,1,2
366314,1,2
366414,1,2
366514,1,2
366609,1,2
366709,1,2
366809,1,2
366909,1,2
367009,1,2
367109,1,2
367209,1,2
367309,1,2
367409,1,2
367509,1,2
367609,1,2
367709,1,2
367809,1,2
367909,1,2
368009,1,2
368109,1,2
368209,1,2
368309,1,2
368409,1,2
368509,1,2
368609,1,2
368709,1,2
368809,1,2
368909,1,2
369009,1,2
369109,1,2
369209,1,2
369309,1,2
369409,1,2
369509,1,2
369609,1,2
369709,1,2
369809,1,2
369909,1,2
370009,1,2
370109,1,2
370209,1,2
370309,1,2
370409,1,2
370509,1,2
370604,1,2
370704,1,2
370804,1,2
370904,1,2
371004,1,2
371104,1,2
371204,1,2
371304,1,2
371404,1,2
371504,1,2
371604,1,2
371704,1,2
371804,1,2
371904,1,2
372004,1,2
372104,1,2
372204,1,2
372304,1,2
372404,1,2
372504,1,2
372604,1,2
372718,0,0
372818,0,0
372918,0,0
373018,0,0
373118,0,0
373218,0,0
373318,0,0
373418,0,0
373518,0,0
373618,0,0
373718,0,0
373818,0,0
373918,0,0
374019,0,0
374119,0,0
374219,0,0
374319,0,0
374419,0,0
374519,0,0
374598,0,0
374698,0,0
374798,0,0
374898,0,0
374998,0,0
375098,0,0
375198,0,0
375298,0,0
375398,0,0
375498,0,0
375889,0,0
375989,0,1
376089,0,1
376189,0,1
376289,0,1
376389,0,1
376489,0,1
376589,0,1
376689,0,1
376789,0,1
376889,0,1
376989,0,1
377089,0,1
377189,0,1
377289,0,1
377389,0,1
377489,0,1
377589,0,1
377689,0,1
377789,0,1
377889,0,1
377989,0,1
378089,0,1
378189,0,1
378289,0,1
378389,0,1
378489,0,1
378604,0,1
378704,0,1
378804,0,1
378904,0,1
379005,0,1
379105,0,1
379205,0,1
379305,0,1
379405,0,1
379505,0,1
379605,0,1
379705,0,1
379805,0,1
379932,0,0
380032,0,0
380132,0,0
380232,0,0
380332,0,0
380432,0,0
380532,0,0
380632,0,0
380732,0,0
380832,0,0
380932,0,0
381032,0,0
381132,0,0
381232,0,0
381332,0,0
381432,0,0
381532,0,0
381632,0,0
381732,0,0
381832,0,0
381932,0,0
382032,0,0
382132,0,0
382232,0,0
382333,0,0
382433,0,0
382528,0,0
382628,0,0
382728,0,0
382828,0,0
382928,0,0
383028,0,0
383128,0,0
383228,0,0
383328,0,0
383428,0,0
383528,0,0
383628,0,0
383728,0,0
383828,0,0
383928,0,0
384028,0,0
384128,0,0
384228,0,0
384328,0,0
384697,0,0
384797,0,1
384897,0,1
384997,0,1
385119,0,1
385219,1,2
385319,1,2
385419,1,2
385519,1,2
385619,1,2
385719,1,2
385819,1,2
385919,1,2
386019,1,2
386119,1,2
386219,1,2
386319,1,2
386419,1,2
386519,1,2
386614,1,2
386714,1,2
386814,1,2
386914,1,2
387014,1,2
387114,1,2
387214,1,2
387315,1,2
387415,1,2
387515,1,2
387615,1,2
387715,1,2
387815,1,2
387915,1,2
388015,1,2
388115,1,2
388215,1,2
388315,1,2
388415,1,2
388515,1,2
388615,1,2
388715,1,2
388815,1,2
388915,1,2
389015,1,2
389115,1,2
389215,1,2
389315,1,2
389415,1,2
389515,1,2
389615,1,2
389715,1,2
389815,1,2
389915,1,2
390015,1,2
390115,1,2
390216,1,2
390316,1,2
390416,1,2
390516,1,2
390612,1,2
390712,1,2
390812,1,2
390912,1,2
391012,1,2
391112,1,2
391212,1,2
391312,1,2
391412,1,2
391512,1,2
391612,1,2
391712,1,2
391812,1,2
391912,1,2
392012,1,2
392112,1,2
392212,1,2
392312,1,2
392412,1,2
392512,1,2
392612,1,2
392712,1,2
392812,1,2
392912,1,2
393012,1,2
393112,1,2
393212,1,2
393312,1,2
393412,1,2
393512,1,2
393612,1,2
393712,0,0
393812,0,0
393912,0,0
394012,0,0
394112,0,0
394212,0,0
394312,0,0
394412,0,0
394512,0,0
394608,0,0
394708,0,0
394808,0,0
394908,0,0
395008,0,0
395108,0,0
395208,0,0
395308,0,0
395408,0,0
395508,0,0
395608,0,0
395708,0,0
395808,0,0
395908,0,0
396008,0,0
396108,0,0
396208,0,0
396308,0,0
396408,0,0
396508,0,0
396608,0,0
396752,0,0
396852,0,1
396952,0,1
397052,0,1
397152,0,1
397252,0,1
397352,0,1
397452,0,1
397552,0,1
397652,0,1
397752,0,1
397852,0,1
397952,0,1
398052,0,1
398152,0,1
398252,0,1
398352,0,1
398452,0,1
398552,0,1
398652,0,1
398752,0,1
398852,0,1
398952,0,1
399052,0,1
399152,0,1
399252,0,1
399352,0,1
399452,0,1
399552,0,1
399652,0,1
399752,0,1
399852,0,1
399952,0,1
400052,0,1
400152,0,1
400252,0,1
400352,0,1
400452,0,1
400552,0,1
400652,0,1
400752,0,1
400852,0,0
400952,0,0
401052,0,0
401152,0,0
401252,0,0
401352,0,0
401452,0,0
401552,0,0
401652,0,0
401752,0,0
401852,0,0
401952,0,0
402052,0,0
402152,0,0
402252,0,0
402352,0,0
402452,0,0
402552,0,0
402652,0,0
402752,0,0
402852,0,0
402952,0,0
403052,0,0
403152,0,0
403252,0,0
403352,0,0
403452,0,0
403552,0,0
403652,0,0
403752,0,0
403852,0,0
403952,0,0
404052,0,0
404152,0,0
404252,0,0
404352,0,0
404452,0,0
404552,0,0
404652,0,0
404752,0,0
404852,0,0
404952,0,0
405052,0,0
405152,0,0
405252,0,0
405352,0,0
405452,0,0
405552,0,0
405652,0,0
405752,0,0
405852,0,0
405952,0,0
406052,0,0
406152,0,0
406252,0,0
406352,0,0
406452,0,0
406552,0,0
406652,0,0
406752,0,0
406852,0,0
406952,0,0
407052,0,0
407152,0,0
407252,0,0
407352,0,0
407452,0,0
407552,0,0
407652,0,0
407752,0,0
407852,0,0
407952,0,0
408052,0,0
408152,0,0
408252,0,0
408352,0,0
408452,0,0
408552,0,0
408652,0,0
408752,0,0
408852,0,0
408952,0,0
409052,0,0
409152,0,0
409252,0,0
409352,0,0
409452,0,0
409552,0,0
409652,0,0
409752,0,0
409852,0,0
409952,0,0
410052,0,0
410152,0,0
410252,0,0
410352,0,0
410452,0,0
410552,0,0
410652,0,0
410752,0,0
410852,0,0
410952,0,0
411052,0,0
411152,0,0
411252,0,0
411352,0,0
411452,0,0
411552,0,0
411652,0,0
411752,0,0
411852,0,0
411952,0,0
412052,0,0
412152,0,0
412252,0,0
412352,0,0
412452,0,0
412552,0,0
412652,0,0
412752,0,0
412852,0,0
413112,0,0
413212,0,1
413312,0,1
413412,0,1
413512,0,1
413612,0,1
413712,0,1
413812,0,1
413912,0,1
414012,0,1
414112,0,1
414212,0,1
414312,0,1
414412,0,1
414512,0,1
414612,0,1
414712,0,1
414812,0,1
414912,0,1
415012,0,1
415112,0,1
415212,0,1
415312,0,1
415412,0,1
415512,0,1
415612,0,1
415712,0,1
415812,0,1
415889,0,1
415989,0,1
416089,0,1
416189,0,1
416289,0,1
416389,0,1
416489,0,1
416589,0,1
416689,0,1
416789,0,1
416889,0,1
416989,0,1
417089,0,1
417189,0,0
417289,0,0
417389,0,0
417719,0,0
417819,0,1
417919,0,1
418019,0,1
418148,0,1
418248,1,2
418348,1,2
418448,1,2
418548,1,2
418648,1,2
418748,1,2
418848,1,2
418948,1,2
419048,1,2
419148,1,2
419248,1,2
419348,1,2
419448,1,2
419548,1,2
419648,1,2
419748,1,2
419848,1,2
419932,1,2
420032,1,2
420132,1,2
420232,0,0
420332,0,0
420432,0,0
420532,0,0
420633,0,0
420733,0,0
420833,0,0
420933,0,0
421033,0,0
421133,0,0
421233,0,0
421333,0,0
421433,0,0
421533,0,0
421633,0,0
421733,0,0
421833,0,0
421933,0,0
422033,0,0
422133,0,0
422598,0,0
422698,0,1
422798,0,1
422898,0,1
422998,0,1
423098,0,1
423198,0,1
423298,0,1
423398,0,1
423498,0,1
423598,0,1
423698,0,1
423798,0,1
423904,0,1
424004,0,1
424104,0,1
424204,0,1
424304,0,1
424404,0,1
424504,0,1
424604,0,1
424704,0,1
424804,0,1
424904,0,1
425004,0,1
425104,0,1
425205,0,1
425305,0,1
425405,0,1
425505,0,1
425605,0,1
425705,0,1
425805,0,1
425905,0,1
426005,0,1
426105,0,1
426205,0,1
426305,0,1
426405,0,1
426505,0,1
426633,0,0
426733,0,0
426833,0,0
426933,0,0
427033,0,0
427133,0,0
427233,0,0
427333,0,0
427433,0,0
427533,0,0
427633,0,0
427733,0,0
427833,0,0
427929,0,0
428029,0,0
428129,0,0
428230,0,0
428330,0,0
428430,0,0
428530,0,0
428630,0,0
428730,0,0
428830,0,0
428930,0,0
429030,0,0
429130,0,0
429230,0,0
429330,0,0
429430,0,0
429530,0,0
429630,0,0
429730,0,0
429830,0,0
429930,0,0
430030,0,0
430130,0,0
430230,0,0
430330,0,0
430430,0,0
430530,0,0
430630,0,0
430730,0,0
430830,0,0
430930,0,0
431030,0,0
431131,0,0
431231,0,0
431331,0,0
431431,0,0
431531,0,0
431631,0,0
431731,0,0
431831,0,0
431928,0,0
432028,0,0
432128,0,0
432228,0,0
432328,0,0
432428,0,0
432528,0,0
432628,0,0
432728,0,0
432828,0,0
432928,0,0
433028,0,0
433128,0,0
433228,0,0
433328,0,0
433428,0,0
433528,0,0
433628,0,0
433728,0,0
433828,0,0
433928,0,0
434028,0,0
434128,0,0
434228,0,0
434328,0,0
434428,0,0
434528,0,0
434628,0,0
434728,0,0
434828,0,0
434928,0,0
435028,0,0
435128,0,0
435228,0,0
435328,0,0
435428,0,0
435528,0,0
435628,0,0
435728,0,0
435828,0,0
435923,0,0
436023,0,0
436123,0,0
436223,0,0
436323,0,0
436423,0,0
436523,0,0
436623,0,0
436723,0,0
436823,0,0
436923,0,0
437023,0,0
437123,0,0
437223,0,0
437323,0,0
437423,0,0
437523,0,0
437623,0,0
437723,0,0
437823,0,0
437923,0,0
438023,0,0
438123,0,0
438223,0,0
438323,0,0
438423,0,0
438523,0,0
438623,0,0
438723,0,0
438823,0,0
438923,0,0
439023,0,0
439123,0,0
439223,0,0
439323,0,0
439423,0,0
439523,0,0
439623,0,0
439723,0,0
439823,0,0
439918,0,0
440018,0,0
440118,0,0
440218,0,0
440318,0,0
440418,0,0
440518,0,0
440618,0,0
440718,0,0
440818,0,0
440918,0,0
441018,0,0
441118,0,0
441218,0,0
441318,0,0
441418,0,0
441518,0,0
441618,0,0
441718,0,0
441818,0,0
441918,0,0
442018,0,0
442118,0,0
442218,0,0
442318,0,0
442418,0,0
442518,0,0
442618,0,0
442718,0,0
442818,0,0
442918,0,0
443018,0,0
443118,0,0
443218,0,0
443318,0,0
443418,0,0
443518,0,0
443618,0,0
443718,0,0
443818,0,0
443914,0,0
444014,0,0
444114,0,0
444214,0,0
444314,0,0
444414,0,0
444514,0,0
444614,0,0
444714,0,0
444814,0,0
444914,0,0
445014,0,0
445114,0,0
445214,0,0
445314,0,0
445414,0,0
445514,0,0
445614,0,0
445714,0,0
445814,0,0
445914,0,0
446014,0,0
446114,0,0
446214,0,0
446314,0,0
446414,0,0
446514,0,0
446614,0,0
446714,0,0
446814,0,0
446914,0,0
447014,0,0
447114,0,0
447214,0,0
447314,0,0
447414,0,0
447514,0,0
447614,0,0
447714,0,0
447814,0,0
447910,0,0
448010,0,0
448110,0,0
448210,0,0
448310,0,0
448410,0,0
448510,0,0
448610,0,0
448710,0,0
448810,0,0
448910,0,0
449010,0,0
449110,0,0
449210,0,0
449310,0,0
449410,0,0
449510,0,0
449610,0,0
449710,0,0
449810,0,0
449910,0,0
450010,0,0
450110,0,0
450210,0,0
450310,0,0
450410,0,0
450510,0,0
450610,0,0
450710,0,0
450810,0,0
450910,0,0
451010,0,0
451110,0,0
451210,0,0
451310,0,0
451410,0,0
451510,0,0
451610,0,0
451710,0,0
451810,0,0
451910,0,0
452002,0,0
452102,0,0
452202,0,0
452302,0,0
452402,0,0
452502,0,0
452602,0,0
452702,0,0
452802,0,0
452902,0,0
453002,0,0
453102,0,0
453202,0,0
453302,0,0
453402,0,0
453502,0,0
453602,0,0
453702,0,0
453802,0,0
453902,0,0
454002,0,0
454102,0,0
454202,0,0
454302,0,0
454402,0,0
454502,0,0
454602,0,0
454702,0,0
454802,0,0
454902,0,0
455002,0,0
455102,0,0
455202,0,0
455302,0,0
455402,0,0
455502,0,0
455602,0,0
455702,0,0
455802,0,0
455902,0,0
456001,0,0
456101,0,0
456201,0,0
456301,0,0
456401,0,0
456501,0,0
456601,0,0
456701,0,0
456801,0,0
456901,0,0
457001,0,0
457101,0,0
457201,0,0
457301,0,0
457401,0,0
457501,0,0
457601,0,0
457701,0,0
457801,0,0
457901,0,0
458001,0,0
458101,0,0
458201,0,0
458301,0,0
458401,0,0
458501,0,0
458601,0,0
458701,0,0
458801,0,0
458901,0,0
459001,0,0
459101,0,0
459201,0,0
459301,0,0
459401,0,0
459501,0,0
459601,0,0
459701,0,0
459801,0,0
459901,0,0
460001,0,0
460101,0,0
460201,0,0
460301,0,0
460401,0,0
460501,0,0
460601,0,0
460701,0,0
460801,0,0
460901,0,0
461001,0,0
461101,0,0
461201,0,0
461301,0,0
461401,0,0
461501,0,0
461601,0,0
461701,0,0
461801,0,0
461901,0,0
462001,0,0
462101,0,0
462201,0,0
462301,0,0
462401,0,0
462501,0,0
462601,0,0
462701,0,0
462801,0,0
462901,0,0
463001,0,0
463101,0,0
463201,0,0
463301,0,0
463401,0,0
463501,0,0
463601,0,0
463701,0,0
463801,0,0
463901,0,0
464001,0,0
464101,0,0
464201,0,0
464301,0,0
464401,0,0
464501,0,0
464601,0,0
464701,0,0
464801,0,0
464901,0,0
465001,0,0
465101,0,0
465201,0,0
465301,0,0
465401,0,0
465501,0,0
465601,0,0
465701,0,0
465801,0,0
465901,0,0
466001,0,0
466101,0,0
466201,0,0
466301,0,0
466401,0,0
466501,0,0
466601,0,0
466701,0,0
466801,0,0
466901,0,0
467001,0,0
467101,0,0
467201,0,0
467301,0,0
467401,0,0
467501,0,0
467601,0,0
467701,0,0
467801,0,0
467901,0,0
468001,0,0
468101,0,0
468201,0,0
468301,0,0
468401,0,0
468501,0,0
468601,0,0
468701,0,0
468801,0,0
468901,0,0
469001,0,0
469101,0,0
469201,0,0
469301,0,0
469401,0,0
469501,0,0
469601,0,0
469701,0,0
469801,0,0
469901,0,0
470001,0,0
470101,0,0
470201,0,0
470301,0,0
470401,0,0
470501,0,0
470601,0,0
470701,0,0
470801,0,0
470901,0,0
471001,0,0
471101,0,0
471201,0,0
471301,0,0
471401,0,0
471501,0,0
471601,0,0
471701,0,0
471801,0,0
471901,0,0
472001,0,0
472082,0,0
472182,0,0
472282,0,0
472382,0,0
472482,0,0
472582,0,0
472682,0,0
472782,0,0
472882,0,0
472982,0,0
473082,0,0
473182,0,0
473282,0,0
473382,0,0
473482,0,0
473582,0,0
473682,0,0
473782,0,0
473882,0,0
473982,0,0
474082,0,0
474182,0,0
474282,0,0
474382,0,0
474482,0,0
474582,0,0
474682,0,0
474782,0,0
474882,0,0
474982,0,0
475082,0,0
475354,0,0
475454,0,1
475554,0,1
475654,0,1
475754,0,1
475854,0,1
475954,0,1
476054,0,1
476151,0,1
476251,0,1
476351,0,1
476451,0,1
476551,0,1
476651,0,1
476751,0,1
476851,0,1
476951,0,1
477051,0,1
477151,0,1
477251,0,1
477351,0,1
477451,0,1
477551,0,1
477651,0,1
477751,0,1
477851,0,1
477951,0,1
478051,0,1
478151,0,1
478251,0,1
478351,0,1
478451,0,1
478551,0,1
478651,0,1
478751,0,1
478851,0,1
478951,0,1
479051,0,1
479151,0,1
479251,0,1
479380,0,0
479480,0,0
479580,0,0
479680,0,0
479780,0,0
479880,0,0
479980,0,0
480080,0,0
480175,0,0
480275,0,0
480375,0,0
480475,0,0
480575,0,0
480675,0,0
480775,0,0
480875,0,0
480975,0,0
481075,0,0
481175,0,0
481275,0,0
481375,0,0
481475,0,0
481575,0,0
481675,0,0
481775,0,0
481875,0,0
481976,0,0
482076,0,0
482176,0,0
482276,0,0
482376,0,0
482476,0,0
482576,0,0
482676,0,0
482776,0,0
482876,0,0
482976,0,0
483076,0,0
483176,0,0
483276,0,0
483376,0,0
483476,0,0
483576,0,0
483676,0,0
483776,0,0
483876,0,0
483976,0,0
484076,0,0
484171,0,0
484271,0,0
484371,0,0
484471,0,0
484571,0,0
484671,0,0
484771,0,0
484872,0,0
484972,0,0
485072,0,0
485172,0,0
485272,0,0
485372,0,0
485472,0,0
485572,0,0
485672,0,0
485772,0,0
485872,0,0
485972,0,0
486072,0,0
486172,0,0
486272,0,0
486372,0,0
486472,0,0
486572,0,0
486672,0,0
486772,0,0
486872,0,0
486972,0,0
487072,0,0
487172,0,0
487272,0,0
487372,0,0
487472,0,0
487572,0,0
487672,0,0
487773,0,0
487873,0,0
487973,0,0
488073,0,0
488170,0,0
488270,0,0
488370,0,0
488470,0,0
488570,0,0
488670,0,0
488770,0,0
488870,0,0
488970,0,0
489070,0,0
489170,0,0
489270,0,0
489370,0,0
489470,0,0
489570,0,0
489670,0,0
489770,0,0
489870,0,0
489970,0,0
490070,0,0
490170,0,0
490270,0,0
490370,0,0
490470,0,0
490570,0,0
490670,0,0
490770,0,0
490870,0,0
490970,0,0
491070,0,0
491170,0,0
491270,0,0
491370,0,0
491470,0,0
491570,0,0
491670,0,0
491770,0,0
491870,0,0
491970,0,0
492070,0,0
492170,0,0
492270,0,0
492370,0,0
492465,0,0
492565,0,0
492665,0,0
492765,0,0
492865,0,0
492965,0,0
493065,0,0
493165,0,0
493265,0,0
493365,0,0
493465,0,0
493565,0,0
493665,0,0
493765,0,0
493865,0,0
493965,0,0
494065,0,0
494165,0,0
494265,0,0
494365,0,0
494465,0,0
494565,0,0
494665,0,0
494765,0,0
494865,0,0
494965,0,0
495065,0,0
495165,0,0
495265,0,0
495365,0,0
495465,0,0
495565,0,0
495665,0,0
495765,0,0
495865,0,0
495965,0,0
496065,0,0
496165,0,0
496265,0,0
496365,0,0
496461,0,0
496561,0,0
496661,0,0
496761,0,0
496861,0,0
496961,0,0
497061,0,0
497161,0,0
497261,0,0
497361,0,0
497461,0,0
497561,0,0
497661,0,0
497761,0,0
497861,0,0
497961,0,0
498061,0,0
498161,0,0
498261,0,0
498361,0,0
498461,0,0
498561,0,0
498661,0,0
498761,0,0
498861,0,0
498961,0,0
499061,0,0
499161,0,0
499261,0,0
499361,0,0
499461,0,0
499561,0,0
499661,0,0
499761,0,0
499861,0,0
499961,0,0
500061,0,0
500161,0,0
500261,0,0
500361,0,0
500456,0,0
500556,0,0
500656,0,0
500756,0,0
500856,0,0
500956,0,0
501056,0,0
501156,0,0
501256,0,0
501356,0,0
501456,0,0
501556,0,0
501656,0,0
501756,0,0
501856,0,0
501956,0,0
502056,0,0
502156,0,0
502256,0,0
502356,0,0
502456,0,0
502556,0,0
502656,0,0
502756,0,0
502856,0,0
502956,0,0
503056,0,0
503156,0,0
503256,0,0
503356,0,0
503456,0,0
503556,0,0
503656,0,0
503756,0,0
503856,0,0
503956,0,0
504056,0,0
504156,0,0
504256,0,0
504356,0,0
504451,0,0
504551,0,0
504651,0,0
504751,0,0
504851,0,0
504951,0,0
505051,0,0
505151,0,0
505251,0,0
505351,0,0
505451,0,0
505551,0,0
505651,0,0
505751,0,0
505851,0,0
505951,0,0
506051,0,0
506151,0,0
506251,0,0
506351,0,0
506451,0,0
506551,0,0
506651,0,0
506751,0,0
506851,0,0
506951,0,0
507051,0,0
507151,0,0
507251,0,0
507351,0,0
507451,0,0
507551,0,0
507651,0,0
507751,0,0
507851,0,0
507951,0,0
508051,0,0
508151,0,0
508251,0,0
508351,0,0
508447,0,0
508547,0,0
508647,0,0
508747,0,0
508847,0,0
508947,0,0
509047,0,0
509147,0,0
509247,0,0
509347,0,0
509447,0,0
509547,0,0
509647,0,0
509747,0,0
509847,0,0
509947,0,0
510047,0,0
510147,0,0
510247,0,0
510347,0,0
510447,0,0
510547,0,0
510647,0,0
510747,0,0
510847,0,0
510947,0,0
511047,0,0
511147,0,0
511247,0,0
511347,0,0
511447,0,0
511547,0,0
511647,0,0
511747,0,0
511847,0,0
511947,0,0
512047,0,0
512147,0,0
512247,0,0
512347,0,0
512442,0,0
512542,0,0
512642,0,0
512742,0,0
512842,0,0
512942,0,0
513042,0,0
513142,0,0
513242,0,0
513342,0,0
513442,0,0
513542,0,0
513642,0,0
513742,0,0
513842,0,0
513942,0,0
514042,0,0
514142,0,0
514242,0,0
514342,0,0
514442,0,0
514542,0,0
514642,0,0
514742,0,0
514842,0,0
514942,0,0
515042,0,0
515142,0,0
515242,0,0
515342,0,0
515442,0,0
515542,0,0
515642,0,0
515742,0,0
515842,0,0
515942,0,0
516042,0,0
516142,0,0
516242,0,0
516342,0,0
516442,0,0
516542,0,0
516642,0,0
516742,0,0
516842,0,0
516942,0,0
517042,0,0
517142,0,0
517242,0,0
517342,0,0
517442,0,0
517542,0,0
517642,0,0
517742,0,0
517842,0,0
517942,0,0
518042,0,0
518142,0,0
518242,0,0
518342,0,0
518442,0,0
518542,0,0
518642,0,0
518742,0,0
518842,0,0
518942,0,0
519042,0,0
519142,0,0
519242,0,0
519342,0,0
519442,0,0
519542,0,0
519642,0,0
519742,0,0
519842,0,0
519942,0,0
520042,0,0
520142,0,0
520242,0,0
520342,0,0
520442,0,0
520542,0,0
520642,0,0
520742,0,0
520842,0,0
520942,0,0
521042,0,0
521142,0,0
521242,0,0
521342,0,0
521442,0,0
521542,0,0
521642,0,0
521742,0,0
521842,0,0
521942,0,0
522042,0,0
522142,0,0
522242,0,0
522342,0,0
522442,0,0
522542,0,0
522642,0,0
522742,0,0
522842,0,0
522942,0,0
523042,0,0
523142,0,0
523242,0,0
523342,0,0
523442,0,0
523542,0,0
523642,0,0
523742,0,0
523842,0,0
523942,0,0
524042,0,0
524142,0,0
524242,0,0
524342,0,0
524442,0,0
524542,0,0
524642,0,0
524742,0,0
524842,0,0
524942,0,0
525042,0,0
525142,0,0
525242,0,0
525342,0,0
525442,0,0
525542,0,0
525642,0,0
525742,0,0
525842,0,0
525942,0,0
526042,0,0
526142,0,0
526242,0,0
526342,0,0
526442,0,0
526542,0,0
526642,0,0
526742,0,0
526842,0,0
526942,0,0
527042,0,0
527142,0,0
527242,0,0
527342,0,0
527442,0,0
527542,0,0
527642,0,0
527742,0,0
527842,0,0
527942,0,0
528042,0,0
528142,0,0
528242,0,0
528342,0,0
528442,0,0
528542,0,0
528642,0,0
528742,0,0
528842,0,0
528942,0,0
529042,0,0
529142,0,0
529242,0,0
529342,0,0
529442,0,0
529542,0,0
529642,0,0
529742,0,0
529842,0,0
529942,0,0
530042,0,0
530142,0,0
530242,0,0
530342,0,0
530442,0,0
530542,0,0
530642,0,0
530742,0,0
530842,0,0
530942,0,0
531042,0,0
531142,0,0
531242,0,0
531342,0,0
531442,0,0
531542,0,0
531642,0,0
531742,0,0
531842,0,0
531942,0,0
532042,0,0
532142,0,0
532242,0,0
532342,0,0
532442,0,0
532542,0,0
532642,0,0
532742,0,0
532842,0,0
532942,0,0
533042,0,0
533142,0,0
533220,0,0
533320,0,0
533420,0,0
533520,0,0
533620,0,0
533720,0,0
534325,0,0
534425,0,1
534526,0,1
534626,0,1
534726,0,1
534826,0,1
534926,0,1
535026,0,1
535126,0,1
535226,0,1
535326,0,1
535426,0,1
535526,0,1
535626,0,1
535726,0,1
535826,0,1
535926,0,1
536026,0,1
536126,0,1
536226,0,1
536326,0,1
536426,0,1
536526,0,1
536626,0,1
536726,0,1
536826,0,1
536926,0,1
537026,0,1
537126,0,1
537222,0,1
537322,0,1
537423,0,1
537523,0,1
537623,0,1
537723,0,1
537823,0,1
537923,0,1
538023,0,1
538123,0,1
538223,0,1
538349,0,0
538449,0,0
538549,0,0
538649,0,0
538749,0,0
538849,0,0
538949,0,0
539049,0,0
539149,0,0
539249,0,0
539349,0,0
539449,0,0
539549,0,0
539649,0,0
539749,0,0
539849,0,0
539949,0,0
540049,0,0
540149,0,0
540249,0,0
540349,0,0
540449,0,0
540549,0,0
540649,0,0
540749,0,0
540849,0,0
540949,0,0
541050,0,0
541150,0,0
541244,0,0
541344,0,0
541444,0,0
541544,0,0
541644,0,0
541744,0,0
541844,0,0
542056,0,0
542156,0,1
542256,0,1
542356,0,1
542475,0,1
542575,1,2
542675,1,2
542775,1,2
542876,1,2
542976,1,2
543076,1,2
543177,1,2
543277,1,2
543377,1,2
543477,1,2
543577,1,2
543677,1,2
543777,1,2
543877,1,2
543977,1,2
544077,1,2
544177,1,2
544277,1,2
544377,1,2
544477,1,2
544577,1,2
544677,1,2
544777,1,2
544877,1,2
544977,1,2
545077,1,2
545177,1,2
545275,1,2
545375,1,2
545475,1,2
545575,1,2
545675,1,2
545775,1,2
545875,1,2
545975,1,2
546076,1,2
546176,1,2
546276,1,2
546376,1,2
546476,1,2
546576,1,2
546676,1,2
546776,1,2
546876,1,2
546976,1,2
547076,1,2
547176,1,2
547276,1,2
547376,1,2
547476,1,2
547576,1,2
547676,1,2
547776,1,2
547876,1,2
547976,1,2
548076,1,2
548176,1,2
548276,1,2
548376,1,2
548476,1,2
548576,1,2
548676,1,2
548776,1,2
548876,1,2
548976,1,2
549076,1,2
549176,1,2
549270,1,2
549370,1,2
549470,1,2
549570,1,2
549670,1,2
549770,1,2
549870,1,2
549970,1,2
550070,1,2
550170,1,2
550270,1,2
550370,1,2
550470,1,2
550570,1,2
550670,1,2
550770,1,2
550882,0,0
550982,0,0
551082,0,0
551182,0,0
551282,0,0
551382,0,0
551482,0,0
551582,0,0
551682,0,0
551782,0,0
551882,0,0
551982,0,0
552082,0,0
552182,0,0
552282,0,0
552382,0,0
552482,0,0
552582,0,0
552682,0,0
552782,0,0
552882,0,0
552982,0,0
553082,0,0
553182,0,0
553278,0,0
553378,0,0
553478,0,0
553578,0,0
553678,0,0
553778,0,0
553878,0,0
553978,0,0
554078,0,0
554178,0,0
554278,0,0
554378,0,0
554478,0,0
554578,0,0
554678,0,0
554778,0,0
555374,0,0
555474,0,1
555574,0,1
555674,0,1
555774,0,1
555874,0,1
555974,0,1
556074,0,1
556174,0,1
556274,0,1
556374,0,1
556474,0,1
556574,0,1
556674,0,1
556774,0,1
556874,0,1
556974,0,1
557074,0,1
557174,0,1
557270,0,1
557370,0,1
557470,0,1
557570,0,1
557670,0,1
557770,0,1
557870,0,1
557970,0,1
558070,0,1
558170,0,1
558270,0,1
558370,0,1
558470,0,1
558570,0,1
558670,0,1
558770,0,1
558870,0,1
558970,0,1
559070,0,1
559170,0,1
559270,0,1
559370,0,1
559470,0,0
559570,0,0
559670,0,0
559770,0,0
559870,0,0
559970,0,0
560070,0,0
560170,0,0
560270,0,0
560370,0,0
560470,0,0
560570,0,0
560670,0,0
560770,0,0
560870,0,0
560970,0,0
561070,0,0
561170,0,0
561266,0,0
561366,0,0
561466,0,0
561566,0,0
561666,0,0
561766,0,0
561866,0,0
561966,0,0
562066,0,0
562166,0,0
562266,0,0
562366,0,0
562466,0,0
562566,0,0
562666,0,0
562766,0,0
562866,0,0
562966,0,0
563066,0,0
563166,0,0
563266,0,0
563366,0,0
563466,0,0
563566,0,0
563666,0,0
563766,0,0
563866,0,0
563966,0,0
564066,0,0
564166,0,0
564266,0,0
564366,0,0
564466,0,0
564566,0,0
564666,0,0
564766,0,0
564866,0,0
564966,0,0
565066,0,0
565166,0,0
565261,0,0
565361,0,0
565461,0,0
565561,0,0
565661,0,0
565761,0,0
565861,0,0
565961,0,0
566061,0,0
566161,0,0
566261,0,0
566361,0,0
566461,0,0
566561,0,0
566661,0,0
566761,0,0
566861,0,0
566961,0,0
567061,0,0
567161,0,0
567261,0,0
567361,0,0
567461,0,0
567561,0,0
567661,0,0
567761,0,0
567861,0,0
567961,0,0
568061,0,0
568161,0,0
568261,0,0
568361,0,0
568461,0,0
568561,0,0
568661,0,0
568761,0,0
568861,0,0
568961,0,0
569061,0,0
569161,0,0
569257,0,0
569357,0,0
569457,0,0
569557,0,0
569657,0,0
569757,0,0
569857,0,0
569957,0,0
570057,0,0
570157,0,0
570257,0,0
570357,0,0
570457,0,0
570557,0,0
570657,0,0
570757,0,0
570857,0,0
570957,0,0
571057,0,0
571157,0,0
571257,0,0
571357,0,0
571457,0,0
571557,0,0
571657,0,0
571757,0,0
571857,0,0
571957,0,0
572057,0,0
572157,0,0
572257,0,0
572357,0,0
572457,0,0
572557,0,0
572657,0,0
572757,0,0
572857,0,0
572957,0,0
573057,0,0
573157,0,0
573252,0,0
573352,0,0
573452,0,0
573552,0,0
573652,0,0
573752,0,0
573852,0,0
573952,0,0
574052,0,0
574152,0,0
574252,0,0
574352,0,0
574452,0,0
574552,0,0
574652,0,0
574752,0,0
574852,0,0
574952,0,0
575052,0,0
575152,0,0
575252,0,0
575352,0,0
575452,0,0
575552,0,0
575652,0,0
575752,0,0
575852,0,0
575952,0,0
576052,0,0
576152,0,0
576252,0,0
576352,0,0
576452,0,0
576552,0,0
576652,0,0
576752,0,0
576852,0,0
576952,0,0
577052,0,0
577152,0,0
577252,0,0
577352,0,0
577452,0,0
577552,0,0
577652,0,0
577752,0,0
577852,0,0
577952,0,0
578177,0,0
578277,0,0
578377,0,0
578477,0,0
578577,0,0
578677,0,0
578777,0,0
578877,0,0
578977,0,0
579077,0,0
579177,0,0
579277,0,0
579377,0,0
579477,0,0
579577,0,0
579677,0,0
579777,0,0
579877,0,0
579977,0,0
580077,0,0
580178,0,0
580278,0,0
580378,0,0
580478,0,0
580578,0,0
580678,0,0
580778,0,0
580878,0,0
580978,0,0
581078,0,0
581178,0,0
581278,0,0
581378,0,0
581478,0,0
581578,0,0
581678,0,0
581778,0,0
581878,0,0
581978,0,0
582078,0,0
582178,0,0
582278,0,0
582378,0,0
582478,0,0
582578,0,0
582678,0,0
582778,0,0
582878,0,0
582978,0,0
583079,0,0
583179,0,0
583279,0,0
583379,0,0
583479,0,0
583579,0,0
583679,0,0
583779,0,0
583879,0,0
583979,0,0
584079,0,0
584179,0,0
584279,0,0
584379,0,0
584479,0,0
584579,0,0
584679,0,0
584779,0,0
584879,0,0
584979,0,0
585079,0,0
585179,0,0
585279,0,0
585379,0,0
585479,0,0
585579,0,0
585679,0,0
585779,0,0
585879,0,0
585980,0,0
586080,0,0
586180,0,0
586280,0,0
586380,0,0
586480,0,0
586580,0,0
586680,0,0
586780,0,0
586880,0,0
586980,0,0
587080,0,0
587180,0,0
587280,0,0
587380,0,0
587480,0,0
587580,0,0
587680,0,0
587780,0,0
587880,0,0
587980,0,0
588080,0,0
588180,0,0
588280,0,0
588380,0,0
588480,0,0
588580,0,0
588680,0,0
588780,0,0
588880,0,0
588980,0,0
589080,0,0
589180,0,0
589280,0,0
589380,0,0
589480,0,0
589580,0,0
589680,0,0
589780,0,0
589880,0,0
589980,0,0
590080,0,0
590180,0,0
590280,0,0
590380,0,0
590480,0,0
590580,0,0
590680,0,0
590780,0,0
590880,0,0
590980,0,0
591080,0,0
591180,0,0
591280,0,0
591380,0,0
591480,0,0
591580,0,0
591680,0,0
591780,0,0
591880,0,0
591980,0,0
592080,0,0
592180,0,0
592280,0,0
592380,0,0
592480,0,0
592580,0,0
592680,0,0
592780,0,0
592880,0,0
592980,0,0
593080,0,0
593180,0,0
593280,0,0
593380,0,0
593480,0,0
593580,0,0
593680,0,0
593780,0,0
593880,0,0
593980,0,0
594080,0,0
594180,0,0
594280,0,0
594380,0,0
594480,0,0
594580,0,0
594680,0,0
594780,0,0
594880,0,0
594980,0,0
595080,0,0
595180,0,0
595280,0,0
595380,0,0
595480,0,0
595580,0,0
595680,0,0
595780,0,0
595880,0,0
595980,0,0
596080,0,0
596180,0,0
596280,0,0
596380,0,0
596480,0,0
596580,0,0
596680,0,0
596780,0,0
596880,0,0
596980,0,0
597080,0,0
597180,0,0
597280,0,0
597380,0,0
597480,0,0
597580,0,0
597680,0,0
597780,0,0
597880,0,0
597980,0,0
598080,0,0
598180,0,0
598280,0,0
598380,0,0
598480,0,0
598580,0,0
598680,0,0
598780,0,0
598880,0,0
598980,0,0
599080,0,0
599180,0,0
599280,0,0
599380,0,0
599480,0,0
599580,0,0
599680,0,0
599780,0,0
599880,0,0
599980,0,0
600080,0,0
600180,0,0
600280,0,0
600380,0,0
600480,0,0
600580,0,0
600680,0,0
600780,0,0
600880,0,0
600980,0,0
601080,0,0
601180,0,0
601280,0,0
601380,0,0
601480,0,0
601580,0,0
601680,0,0
601780,0,0
601880,0,0
601980,0,0
602080,0,0
602180,0,0
602280,0,0
602380,0,0
602480,0,0
