p:4000,20000,6000,600,8000,4000,2000,8000,70
15035,0,0
15135,0,0
15235,0,0
15335,0,0
15435,0,0
15535,0,0
15635,0,0
15735,0,0
15835,0,0
15935,0,0
16035,0,0
16135,0,0
16484,0,0
16584,0,1
16684,0,1
16784,0,1
16884,0,1
16984,0,1
17084,0,1
17184,0,1
17284,0,1
17384,0,1
17484,0,1
17584,0,1
17684,0,1
17784,0,1
17884,0,1
17984,0,1
18084,0,1
18184,0,1
18284,0,1
18384,0,1
18484,0,1
18584,0,1
18684,0,1
18784,0,1
18884,0,1
18984,0,1
19079,0,1
19179,0,1
19279,0,1
19379,0,1
19480,0,1
19580,0,1
19680,0,1
19780,0,1
19880,0,1
19980,0,1
20080,0,1
20180,0,1
20280,0,1
20380,0,1
20508,0,0
20608,0,0
20708,0,0
20808,0,0
20908,0,0
21008,0,0
21108,0,0
21208,0,0
21308,0,0
21408,0,0
21508,0,0
21608,0,0
21708,0,0
21808,0,0
21908,0,0
22008,0,0
22108,0,0
22208,0,0
22308,0,0
22408,0,0
22509,0,0
22609,0,0
22709,0,0
22809,0,0
22909,0,0
23009,0,0
23105,0,0
23205,0,0
23305,0,0
23405,0,0
23505,0,0
23605,0,0
23705,0,0
23805,0,0
23905,0,0
24005,0,0
24105,0,0
24205,0,0
24305,0,0
24405,0,0
24505,0,0
24605,0,0
24705,0,0
24805,0,0
24905,0,0
25005,0,0
25105,0,0
25205,0,0
25305,0,0
25406,0,0
25506,0,0
25606,0,0
25706,0,0
25806,0,0
25906,0,0
26006,0,0
26106,0,0
26206,0,0
26306,0,0
26406,0,0
26506,0,0
26606,0,0
26706,0,0
26806,0,0
26906,0,0
27006,0,0
27106,0,0
27201,0,0
27301,0,0
27401,0,0
27501,0,0
27601,0,0
27701,0,0
27801,0,0
27901,0,0
28001,0,0
28101,0,0
28201,0,0
28301,0,0
28401,0,0
28501,0,0
28601,0,0
28701,0,0
28801,0,0
28901,0,0
29001,0,0
29101,0,0
29201,0,0
29301,0,0
29401,0,0
29501,0,0
29601,0,0
29701,0,0
29801,0,0
29901,0,0
30001,0,0
30101,0,0
30201,0,0
30301,0,0
30401,0,0
30501,0,0
30601,0,0
30701,0,0
30801,0,0
30901,0,0
31001,0,0
31101,0,0
31197,0,0
31297,0,0
31397,0,0
31497,0,0
31597,0,0
31697,0,0
31797,0,0
31897,0,0
31997,0,0
32097,0,0
32197,0,0
32297,0,0
32397,0,0
32497,0,0
32597,0,0
32697,0,0
32797,0,0
32897,0,0
32997,0,0
33097,0,0
33197,0,0
33297,0,0
33397,0,0
33497,0,0
33597,0,0
33697,0,0
33797,0,0
33897,0,0
33997,0,0
34097,0,0
34197,0,0
34297,0,0
34397,0,0
34497,0,0
34597,0,0
34697,0,0
34797,0,0
34897,0,0
34997,0,0
35097,0,0
35194,0,0
35294,0,0
35394,0,0
35494,0,0
35594,0,0
35694,0,0
35794,0,0
35894,0,0
35994,0,0
36094,0,0
36194,0,0
36294,0,0
36394,0,0
36494,0,0
36594,0,0
36694,0,0
36794,0,0
36894,0,0
36994,0,0
37094,0,0
37194,0,0
37294,0,0
37394,0,0
37494,0,0
37594,0,0
37694,0,0
37794,0,0
37894,0,0
37994,0,0
38094,0,0
38194,0,0
38294,0,0
38394,0,0
38494,0,0
38594,0,0
38694,0,0
38794,0,0
38894,0,0
38994,0,0
39094,0,0
39188,0,0
39288,0,0
39388,0,0
39488,0,0
39588,0,0
39688,0,0
39788,0,0
39888,0,0
39988,0,0
40088,0,0
40188,0,0
40288,0,0
40388,0,0
40488,0,0
40588,0,0
40688,0,0
40788,0,0
40888,0,0
40988,0,0
41088,0,0
41188,0,0
41288,0,0
41388,0,0
41488,0,0
41588,0,0
41688,0,0
41788,0,0
41888,0,0
41988,0,0
42088,0,0
42188,0,0
42288,0,0
42388,0,0
42488,0,0
42588,0,0
42688,0,0
42788,0,0
42888,0,0
42988,0,0
43088,0,0
43184,0,0
43284,0,0
43384,0,0
43484,0,0
43584,0,0
43684,0,0
43784,0,0
43884,0,0
43984,0,0
44084,0,0
44184,0,0
44284,0,0
44384,0,0
44484,0,0
44584,0,0
44684,0,0
44784,0,0
44884,0,0
44984,0,0
45084,0,0
45184,0,0
45284,0,0
45384,0,0
45484,0,0
45584,0,0
45684,0,0
45784,0,0
45884,0,0
45984,0,0
46084,0,0
46184,0,0
46284,0,0
46384,0,0
46484,0,0
46584,0,0
46684,0,0
46784,0,0
46884,0,0
46984,0,0
47084,0,0
47180,0,0
47280,0,0
47380,0,0
47480,0,0
47580,0,0
47680,0,0
47780,0,0
47880,0,0
47980,0,0
48080,0,0
48180,0,0
48280,0,0
48380,0,0
48480,0,0
48580,0,0
48680,0,0
48780,0,0
48880,0,0
48980,0,0
49080,0,0
49180,0,0
49280,0,0
49380,0,0
49480,0,0
49580,0,0
49680,0,0
49780,0,0
49880,0,0
49980,0,0
50080,0,0
50180,0,0
50280,0,0
50380,0,0
50480,0,0
50580,0,0
50680,0,0
50780,0,0
50880,0,0
50980,0,0
51080,0,0
51175,0,0
51275,0,0
51375,0,0
51475,0,0
51575,0,0
51675,0,0
51775,0,0
51875,0,0
51975,0,0
52075,0,0
52175,0,0
52275,0,0
52375,0,0
52475,0,0
52575,0,0
52675,0,0
52775,0,0
52875,0,0
52975,0,0
53075,0,0
53175,0,0
53275,0,0
53375,0,0
53475,0,0
53575,0,0
53675,0,0
53775,0,0
53875,0,0
53975,0,0
54075,0,0
54175,0,0
54275,0,0
54375,0,0
54475,0,0
54575,0,0
54675,0,0
54775,0,0
54875,0,0
54975,0,0
55075,0,0
55175,0,0
55275,0,0
55375,0,0
55475,0,0
55575,0,0
55675,0,0
55775,0,0
55875,0,0
55975,0,0
56075,0,0
56175,0,0
56275,0,0
56375,0,0
56475,0,0
56575,0,0
56675,0,0
56775,0,0
56875,0,0
56975,0,0
57075,0,0
57175,0,0
57275,0,0
57375,0,0
57475,0,0
57575,0,0
57675,0,0
57775,0,0
57875,0,0
57975,0,0
58075,0,0
58175,0,0
58275,0,0
58375,0,0
58475,0,0
58575,0,0
58675,0,0
58775,0,0
58875,0,0
58975,0,0
59075,0,0
59175,0,0
59275,0,0
59375,0,0
59475,0,0
59575,0,0
59675,0,0
59775,0,0
59875,0,0
59975,0,0
60075,0,0
60175,0,0
60275,0,0
60375,0,0
60475,0,0
60575,0,0
60675,0,0
60775,0,0
60875,0,0
60975,0,0
61075,0,0
61175,0,0
61275,0,0
61375,0,0
61475,0,0
61575,0,0
61675,0,0
61775,0,0
61875,0,0
61975,0,0
62075,0,0
62175,0,0
62275,0,0
62375,0,0
62475,0,0
62575,0,0
62675,0,0
62775,0,0
62875,0,0
62975,0,0
63075,0,0
63175,0,0
63275,0,0
63375,0,0
63475,0,0
63575,0,0
63675,0,0
63775,0,0
63875,0,0
63975,0,0
64075,0,0
64175,0,0
64275,0,0
64375,0,0
64475,0,0
64575,0,0
64675,0,0
64775,0,0
64875,0,0
64975,0,0
65075,0,0
65175,0,0
65275,0,0
65375,0,0
65475,0,0
65575,0,0
65675,0,0
65775,0,0
65875,0,0
65975,0,0
66075,0,0
66175,0,0
66275,0,0
66375,0,0
66475,0,0
66575,0,0
66675,0,0
66775,0,0
66875,0,0
66975,0,0
67075,0,0
67175,0,0
67275,0,0
67375,0,0
67475,0,0
67575,0,0
67675,0,0
67775,0,0
67875,0,0
67975,0,0
68075,0,0
68175,0,0
68275,0,0
68375,0,0
68475,0,0
68575,0,0
68675,0,0
68775,0,0
68875,0,0
68975,0,0
69075,0,0
69175,0,0
69275,0,0
69375,0,0
69475,0,0
69575,0,0
69675,0,0
69775,0,0
69875,0,0
69975,0,0
70075,0,0
70175,0,0
70275,0,0
70375,0,0
70475,0,0
70575,0,0
70675,0,0
70775,0,0
70875,0,0
70975,0,0
71075,0,0
71175,0,0
71275,0,0
71375,0,0
71475,0,0
71575,0,0
71675,0,0
71775,0,0
71875,0,0
71975,0,0
72075,0,0
72175,0,0
72275,0,0
72375,0,0
72475,0,0
72575,0,0
72675,0,0
72775,0,0
72875,0,0
72975,0,0
73075,0,0
73175,0,0
73275,0,0
73375,0,0
73475,0,0
73550,0,0
73650,0,0
73750,0,0
74371,0,0
74471,0,1
74571,0,1
74671,0,1
74771,0,1
74871,0,1
74972,0,1
75072,0,1
75172,0,1
75272,0,1
75372,0,1
75472,0,1
75572,0,1
75672,0,1
75772,0,1
75872,0,1
75972,0,1
76072,0,1
76172,0,1
76272,0,1
76372,0,1
76472,0,1
76572,0,1
76672,0,1
76772,0,1
76872,0,1
76972,0,1
77072,0,1
77172,0,1
77272,0,1
77372,0,1
77472,0,1
77568,0,1
77668,0,1
77768,0,1
77869,0,1
77969,0,1
78069,0,1
78169,0,1
78269,0,1
78396,0,0
78496,0,0
79066,0,0
79166,0,1
79266,0,1
79366,0,1
79466,0,1
79566,0,1
79666,0,1
79766,0,1
79866,0,1
79966,0,1
80066,0,1
80166,0,1
80266,0,1
80366,0,1
80466,0,1
80566,0,1
80666,0,1
80766,0,1
80866,0,1
80966,0,1
81066,0,1
81166,0,1
81266,0,1
81366,0,1
81466,0,1
81561,0,1
81661,0,1
81761,0,1
81861,0,1
81961,0,1
82061,0,1
82161,0,1
82261,0,1
82361,0,1
82461,0,1
82561,0,1
82661,0,1
82761,0,1
82861,0,1
82961,0,1
83061,0,1
83161,0,0
83261,0,0
83361,0,0
83683,0,0
83783,0,1
83883,0,1
83983,0,1
84083,0,1
84183,0,1
84297,0,1
84397,1,2
84497,1,2
84597,1,2
84697,1,2
84797,1,2
84897,1,2
84997,1,2
85097,1,2
85197,1,2
85297,1,2
85397,1,2
85497,1,2
85592,1,2
85692,1,2
85792,1,2
85892,1,2
85992,1,2
86092,1,2
86192,1,2
86292,1,2
86392,0,0
86492,0,0
86592,0,0
86692,0,0
86792,0,0
86892,0,0
86992,0,0
87092,0,0
87192,0,0
87292,0,0
87392,0,0
87492,0,0
87592,0,0
87692,0,0
87792,0,0
87892,0,0
87992,0,0
88092,0,0
88192,0,0
88292,0,0
88750,0,0
88850,0,1
88950,0,1
89050,0,1
89150,0,1
89251,0,1
89351,0,1
89451,0,1
89548,0,1
89648,0,1
89748,0,1
89848,0,1
89948,0,1
90048,0,1
90148,0,1
90248,0,1
90348,0,1
90448,0,1
90548,0,1
90648,0,1
90748,0,1
90848,0,1
90948,0,1
91048,0,1
91148,0,1
91248,0,1
91348,0,1
91448,0,1
91548,0,1
91648,0,1
91748,0,1
91848,0,1
91948,0,1
92048,0,1
92149,0,1
92249,0,1
92349,0,1
92449,0,1
92549,0,1
92649,0,1
92791,0,0
92891,0,0
92991,0,0
93091,0,0
93191,0,0
93291,0,0
93391,0,0
93491,0,0
93585,0,0
93685,0,0
93785,0,0
93885,0,0
93985,0,0
94085,0,0
94185,0,0
94285,0,0
94385,0,0
94485,0,0
94585,0,0
94685,0,0
94785,0,0
94885,0,0
94985,0,0
95085,0,0
95185,0,0
95285,0,0
95386,0,0
95486,0,0
95586,0,0
95686,0,0
95786,0,0
95886,0,0
95986,0,0
96086,0,0
96186,0,0
96286,0,0
96386,0,0
96985,0,0
97085,0,1
97185,0,1
97285,0,1
97385,0,1
97485,0,1
97579,0,1
97679,0,1
97779,0,1
97879,0,1
97979,0,1
98079,0,1
98179,0,1
98279,0,1
98379,0,1
98479,0,1
98580,0,1
98680,0,1
98780,0,1
98880,0,1
98980,0,1
99080,0,1
99180,0,1
99280,0,1
99380,0,1
99480,0,1
99580,0,1
99680,0,1
99780,0,1
99880,0,1
99980,0,1
100080,0,1
100180,0,1
100280,0,1
100380,0,1
100480,0,1
100580,0,1
100680,0,1
100780,0,1
100880,0,1
101007,0,0
101107,0,0
101207,0,0
101307,0,0
101407,0,0
101807,0,0
101641,0,1
101741,0,1
101841,0,1
101941,0,1
102041,0,1
102141,0,1
102241,0,1
102341,0,1
102441,0,1
102541,0,1
102641,0,1
102741,0,1
102841,0,1
102941,0,1
103041,0,1
103141,0,1
103241,0,1
103341,0,1
103441,0,1
103541,0,1
103641,0,1
103741,0,1
103841,0,1
103941,0,1
104041,0,1
104141,0,1
104241,0,1
104341,0,1
104441,0,1
104542,0,1
104642,0,1
104742,0,1
104842,0,1
104942,0,1
105042,0,1
105142,0,1
105242,0,1
105602,0,1
105702,0,1
105829,0,0
105929,0,0
106260,0,0
106360,0,1
106460,0,1
106560,0,1
106694,0,1
106794,1,2
106894,1,2
106994,1,2
107094,1,2
107194,1,2
107294,1,2
107394,1,2
107494,1,2
107594,1,2
107694,1,2
107794,1,2
107894,1,2
107994,1,2
108094,1,2
108194,1,2
108294,1,2
108394,1,2
108494,1,2
108594,1,2
108694,1,2
108794,0,0
108894,0,0
108994,0,0
109094,0,0
109194,0,0
109294,0,0
109394,0,0
109494,0,0
109594,0,0
109694,0,0
109788,0,0
109888,0,0
109988,0,0
110088,0,0
110188,0,0
110288,0,0
110388,0,0
110488,0,0
110588,0,0
110688,0,0
111174,0,0
111274,0,1
111374,0,1
111474,0,1
111574,0,1
111674,0,1
111774,0,1
111874,0,1
111974,0,1
112074,0,1
112174,0,1
112274,0,1
112374,0,1
112474,0,1
112574,0,1
112674,0,1
112775,0,1
112875,0,1
112975,0,1
113075,0,1
113175,0,1
113275,0,1
113375,0,1
113475,0,1
113575,0,1
113675,0,1
113775,0,1
113875,0,1
113975,0,1
114075,0,1
114175,0,1
114275,0,1
114375,0,1
114475,0,1
114575,0,1
114675,0,1
114775,0,1
114875,0,1
114975,0,1
115075,0,1
115202,0,0
115302,0,0
115402,0,0
115502,0,0
115602,0,0
115702,0,0
115802,0,0
115902,0,0
116002,0,0
116103,0,0
116203,0,0
116303,0,0
116403,0,0
116503,0,0
116603,0,0
116703,0,0
116803,0,0
116903,0,0
117003,0,0
117103,0,0
117203,0,0
117303,0,0
117403,0,0
117503,0,0
117603,0,0
117703,0,0
117803,0,0
117903,0,0
118003,0,0
118103,0,0
118203,0,0
118303,0,0
118403,0,0
118503,0,0
118603,0,0
118703,0,0
118803,0,0
118903,0,0
119004,0,0
119104,0,0
119204,0,0
119304,0,0
119404,0,0
119504,0,0
119604,0,0
119704,0,0
119804,0,0
119904,0,0
120004,0,0
120104,0,0
120204,0,0
120304,0,0
120404,0,0
120504,0,0
120604,0,0
120704,0,0
120804,0,0
120904,0,0
121004,0,0
121104,0,0
121204,0,0
121304,0,0
121404,0,0
121504,0,0
121604,0,0
121704,0,0
121804,0,0
121904,0,0
122004,0,0
122104,0,0
122204,0,0
122304,0,0
122404,0,0
122504,0,0
122604,0,0
122704,0,0
122804,0,0
122904,0,0
123004,0,0
123104,0,0
123204,0,0
123304,0,0
123404,0,0
123504,0,0
123604,0,0
123704,0,0
123804,0,0
123904,0,0
124004,0,0
124104,0,0
124204,0,0
124304,0,0
124404,0,0
124504,0,0
124604,0,0
124704,0,0
124804,0,0
124904,0,0
125004,0,0
125104,0,0
125204,0,0
125304,0,0
125404,0,0
125504,0,0
125604,0,0
125704,0,0
125804,0,0
125888,0,0
125988,0,0
126088,0,0
126188,0,0
126288,0,0
126388,0,0
126488,0,0
126588,0,0
126688,0,0
126788,0,0
126888,0,0
126988,0,0
127088,0,0
127188,0,0
127288,0,0
127388,0,0
127488,0,0
127588,0,0
127688,0,0
127788,0,0
127888,0,0
127988,0,0
128088,0,0
128188,0,0
128288,0,0
128388,0,0
128488,0,0
128588,0,0
128688,0,0
128788,0,0
128888,0,0
128988,0,0
129088,0,0
129188,0,0
129288,0,0
129388,0,0
129488,0,0
129588,0,0
129688,0,0
129788,0,0
130342,0,0
129975,0,1
130075,0,1
130175,0,1
130275,0,1
130375,0,1
130475,0,1
130575,0,1
130675,0,1
130775,0,1
130875,0,1
130975,0,1
131075,0,1
131175,0,1
131275,0,1
131375,0,1
131475,0,1
131575,0,1
131675,0,1
131775,0,1
131876,0,1
131976,0,1
132076,0,1
132176,0,1
132276,0,1
132376,0,1
132476,0,1
132576,0,1
132676,0,1
132776,0,1
132876,0,1
132976,0,1
133076,0,1
133176,0,1
133276,0,1
133376,0,1
133934,0,1
134034,0,1
134134,0,1
134234,0,1
134362,0,0
134462,0,0
134562,0,0
134984,0,0
135084,0,1
135184,0,1
135284,0,1
135384,0,1
135484,0,1
135584,0,1
135684,0,1
135784,0,1
135884,0,1
135984,0,1
136084,0,1
136184,0,1
136284,0,1
136384,0,1
136484,0,1
136584,0,1
136684,0,1
136784,0,1
136884,0,1
136985,0,1
137085,0,1
137185,0,1
137285,0,1
137385,0,1
137485,0,1
137585,0,1
137685,0,1
137785,0,1
137885,0,1
137981,0,1
138081,0,1
138181,0,1
138281,0,1
138381,0,1
138481,0,1
138581,0,1
138681,0,1
138781,0,1
138881,0,1
139009,0,0
139109,0,0
139209,0,0
139309,0,0
139831,0,0
139931,0,1
140031,0,1
140131,0,1
140231,0,1
140331,0,1
140431,0,1
140531,0,1
140631,0,1
140731,0,1
140831,0,1
140931,0,1
141031,0,1
141131,0,1
141231,0,1
141331,0,1
141431,0,1
141531,0,1
141631,0,1
141731,0,1
141831,0,1
141925,0,1
142025,0,1
142125,0,1
142225,0,1
142325,0,1
142425,0,1
142525,0,1
142625,0,1
142725,0,1
142825,0,1
142925,0,1
143025,0,1
143125,0,1
143225,0,1
143325,0,1
143425,0,1
143525,0,1
143625,0,1
143725,0,1
143825,0,1
143925,0,0
144222,0,0
144322,0,1
144422,0,1
144522,0,1
144662,0,1
144762,1,2
144862,1,2
144962,1,2
145081,1,2
145181,1,2
145281,1,2
145381,1,2
145481,1,2
145581,1,2
145681,1,2
145781,1,2
145881,1,2
145977,1,2
146077,1,2
146177,1,2
146277,1,2
146377,1,2
146477,1,2
146577,1,2
146677,1,2
146777,1,2
146877,1,2
146977,1,2
147077,1,2
147177,1,2
147277,1,2
147377,1,2
147477,1,2
147577,1,2
147677,1,2
147777,1,2
147877,1,2
147977,1,2
148077,1,2
148177,1,2
148277,1,2
148377,1,2
148477,1,2
148577,1,2
148677,1,2
148777,1,2
148877,1,2
148977,1,2
149077,1,2
149177,1,2
149277,1,2
149377,1,2
149477,1,2
149577,1,2
149677,1,2
149777,1,2
149877,1,2
149973,1,2
150073,1,2
150173,1,2
150273,1,2
150373,1,2
150473,1,2
150573,1,2
150673,1,2
150773,1,2
150873,1,2
150973,1,2
151073,1,2
151173,1,2
151273,1,2
151373,1,2
151473,1,2
151573,1,2
151673,1,2
151773,1,2
151873,1,2
151973,1,2
152073,1,2
152173,1,2
152273,1,2
152373,1,2
152473,1,2
152573,1,2
152673,1,2
152773,1,2
152873,1,2
152973,1,2
153073,1,2
153173,1,2
153273,1,2
153373,1,2
153487,1,2
153586,1,2
153686,1,2
153786,1,2
153886,1,2
153981,1,2
154081,1,2
154181,1,2
154281,1,2
154381,1,2
154481,1,2
154581,1,2
154681,1,2
154781,1,2
154882,1,2
154982,1,2
155082,1,2
155182,1,2
155282,1,2
155382,1,2
155482,1,2
155582,1,2
155682,1,2
155782,1,2
155882,1,2
155982,1,2
156082,1,2
156182,1,2
156282,1,2
156382,1,2
156482,1,2
156582,1,2
156682,1,2
156782,1,2
156882,1,2
156982,1,2
157082,1,2
157182,1,2
157282,1,2
157382,1,2
157482,1,2
157582,1,2
157682,1,2
157783,1,2
157883,1,2
157979,1,2
158079,1,2
158179,1,2
158279,1,2
158379,1,2
158479,1,2
158579,1,2
158679,1,2
158779,1,2
158879,1,2
158979,1,2
159079,1,2
159179,1,2
159279,1,2
159379,1,2
159479,1,2
159579,1,2
159679,1,2
159779,1,2
159879,1,2
159979,1,2
160079,1,2
160179,1,2
160279,1,2
160379,1,2
160479,1,2
160579,1,2
160680,1,2
160780,1,2
160880,1,2
160980,1,2
161080,1,2
161180,1,2
161280,1,2
161380,1,2
161480,1,2
161580,1,2
161680,1,2
161780,1,2
161880,1,2
161976,1,2
162076,1,2
162176,1,2
162276,1,2
162376,1,2
162476,1,2
162576,1,2
162676,1,2
162776,1,2
162876,1,2
162976,1,2
163076,1,2
163176,1,2
163276,1,2
163376,1,2
163476,1,2
163576,1,2
163676,1,2
163776,1,2
163876,1,2
163976,1,2
164076,1,2
164176,1,2
164276,1,2
164376,1,2
164476,1,2
164576,1,2
164676,1,2
164776,1,2
164876,1,2
164976,1,2
165076,1,2
165176,1,2
165276,1,2
165376,1,2
165476,1,2
165576,1,2
165676,1,2
165776,1,2
165876,1,2
165971,1,2
166071,1,2
166171,1,2
166271,1,2
166371,1,2
166471,1,2
166571,1,2
166671,1,2
166771,1,2
166871,1,2
166971,1,2
167071,1,2
167171,1,2
167271,1,2
167371,1,2
167471,1,2
167571,1,2
167671,1,2
167771,1,2
167871,1,2
167971,1,2
168071,1,2
168171,1,2
168271,1,2
168371,1,2
168471,1,2
168571,1,2
168671,1,2
168771,1,2
168871,1,2
168971,1,2
169071,1,2
169171,1,2
169271,1,2
169371,1,2
169471,1,2
169571,1,2
169671,1,2
169771,1,2
169871,1,2
169971,1,2
170071,1,2
170171,1,2
170271,1,2
170371,1,2
170471,1,2
170571,1,2
170671,1,2
170771,1,2
170871,1,2
170971,1,2
171071,1,2
171171,1,2
171271,1,2
171371,1,2
171471,1,2
171571,1,2
171671,1,2
171771,1,2
171871,1,2
171971,1,2
172071,1,2
172171,1,2
172271,1,2
172371,1,2
172471,1,2
172571,1,2
172671,1,2
172771,1,2
172871,1,2
172971,1,2
173071,1,2
173171,1,2
173271,1,2
173371,1,2
173471,1,2
173571,1,2
173671,1,2
173771,0,0
173871,0,0
173971,0,0
174071,0,0
174171,0,0
174271,0,0
174371,0,0
174471,0,0
174571,0,0
174671,0,0
174771,0,0
174871,0,0
174971,0,0
175071,0,0
175171,0,0
175271,0,0
175371,0,0
175471,0,0
175571,0,0
175671,0,0
175771,0,0
175871,0,0
175971,0,0
176071,0,0
176171,0,0
176271,0,0
176371,0,0
176471,0,0
176571,0,0
176671,0,0
176771,0,0
176871,0,0
176971,0,0
177071,0,0
177171,0,0
177271,0,0
177371,0,0
177471,0,0
177571,0,0
177671,0,0
177771,0,0
177871,0,0
177971,0,0
178071,0,0
178171,0,0
178271,0,0
178371,0,0
178471,0,0
178571,0,0
178671,0,0
178771,0,0
178871,0,0
178971,0,0
179071,0,0
179171,0,0
179271,0,0
179371,0,0
179471,0,0
179571,0,0
179671,0,0
179771,0,0
179871,0,0
179971,0,0
180071,0,0
180171,0,0
180271,0,0
180371,0,0
180471,0,0
180571,0,0
180671,0,0
180771,0,0
180871,0,0
180971,0,0
181071,0,0
181171,0,0
181271,0,0
181371,0,0
181471,0,0
181571,0,0
181671,0,0
181771,0,0
181871,0,0
181971,0,0
182071,0,0
182171,0,0
182271,0,0
182371,0,0
182471,0,0
182571,0,0
182671,0,0
182771,0,0
182871,0,0
182971,0,0
183071,0,0
183171,0,0
183271,0,0
183371,0,0
183471,0,0
183571,0,0
183671,0,0
183771,0,0
183871,0,0
183971,0,0
184071,0,0
184171,0,0
184271,0,0
184371,0,0
184471,0,0
184571,0,0
184671,0,0
184771,0,0
184871,0,0
184971,0,0
185071,0,0
185171,0,0
185271,0,0
185371,0,0
185471,0,0
185571,0,0
185671,0,0
185771,0,0
185871,0,0
185971,0,0
186038,0,0
186138,0,0
186478,0,0
186578,0,1
186678,0,1
186778,0,1
186878,0,1
186978,0,1
187078,0,1
187178,0,1
187278,0,1
187378,0,1
187478,0,1
187578,0,1
187678,0,1
187778,0,1
187878,0,1
187978,0,1
188078,0,1
188178,0,1
188278,0,1
188378,0,1
188478,0,1
188578,0,1
188678,0,1
188778,0,1
188878,0,1
188978,0,1
189078,0,1
189178,0,1
189278,0,1
189378,0,1
189478,0,1
189578,0,1
189678,0,1
189778,0,1
189878,0,1
189984,0,1
190084,0,1
190184,0,1
190284,0,1
190384,0,1
190484,0,1
190584,0,0
190684,0,0
190784,0,0
190884,0,0
191462,0,0
191562,0,1
191663,0,1
191763,0,1
191863,0,1
191963,0,1
192063,0,1
192163,0,1
192263,0,1
192363,0,1
192463,0,1
192563,0,1
192663,0,1
192763,0,1
192863,0,1
192963,0,1
193063,0,1
193163,0,1
193263,0,1
193363,0,1
193463,0,1
193563,0,1
193663,0,1
193763,0,1
193863,0,1
193959,0,1
194059,0,1
194159,0,1
194259,0,1
194359,0,1
194459,0,1
194560,0,1
194660,0,1
194760,0,1
194860,0,1
194960,0,1
195060,0,1
195160,0,1
195260,0,1
195360,0,1
195486,0,0
195959,0,0
196059,0,1
196159,0,1
196259,0,1
196382,0,1
196482,1,2
196582,1,2
196682,1,2
196782,1,2
196882,1,2
196982,1,2
197082,1,2
197182,1,2
197282,1,2
197382,1,2
197482,1,2
197582,1,2
197682,1,2
197782,1,2
197882,1,2
197976,1,2
198076,1,2
198176,1,2
198276,1,2
198376,1,2
198476,1,2
198576,1,2
198676,1,2
198776,1,2
198876,1,2
198976,1,2
199077,1,2
199177,1,2
199277,1,2
199377,1,2
199477,1,2
199577,1,2
199677,1,2
199777,1,2
199877,1,2
199977,1,2
200077,1,2
200177,1,2
200277,1,2
200377,1,2
200477,1,2
200577,1,2
200677,1,2
200777,1,2
200877,1,2
200977,1,2
201077,1,2
201177,1,2
201277,1,2
201377,1,2
201477,1,2
201577,1,2
201677,1,2
201777,1,2
201877,1,2
201975,1,2
202075,1,2
202175,1,2
202275,1,2
202375,1,2
202475,1,2
202575,1,2
202675,1,2
202775,1,2
202875,1,2
202975,1,2
203075,1,2
203175,1,2
203275,1,2
203375,1,2
203475,1,2
203575,1,2
203675,1,2
203775,1,2
203875,1,2
203975,1,2
204075,1,2
204175,1,2
204275,1,2
204375,1,2
204475,1,2
204575,1,2
204675,1,2
204775,1,2
204875,1,2
204998,1,2
205098,1,2
205198,1,2
205298,1,2
205398,1,2
205498,1,2
205598,1,2
205698,1,2
205798,1,2
205898,1,2
205994,1,2
206094,1,2
206195,1,2
206295,1,2
206395,1,2
206495,1,2
206595,1,2
206695,1,2
206795,1,2
206895,1,2
206995,1,2
207095,1,2
207195,1,2
207295,1,2
207395,1,2
207495,1,2
207595,1,2
207695,1,2
207795,1,2
207895,1,2
207995,1,2
208095,1,2
208195,1,2
208295,1,2
208395,1,2
208495,1,2
208595,1,2
208695,1,2
208795,1,2
208895,1,2
208995,1,2
209095,1,2
209195,1,2
209295,1,2
209395,1,2
209495,1,2
209595,1,2
209695,1,2
209795,1,2
209895,1,2
209990,1,2
210090,1,2
210190,1,2
210290,1,2
210390,1,2
210490,1,2
210590,1,2
210690,1,2
210790,1,2
210890,1,2
210990,1,2
211090,1,2
211190,1,2
211290,1,2
211390,1,2
211490,1,2
211590,1,2
211690,1,2
211790,1,2
211890,1,2
211990,1,2
212090,1,2
212190,1,2
212290,1,2
212390,1,2
212490,1,2
212590,1,2
212690,1,2
212790,1,2
212890,1,2
212990,1,2
213090,1,2
213190,1,2
213290,1,2
213390,1,2
213490,1,2
213590,1,2
213690,1,2
213790,1,2
213890,1,2
213985,1,2
214085,1,2
214185,1,2
214285,1,2
214385,1,2
214485,1,2
214585,1,2
214685,1,2
214785,1,2
214885,1,2
214985,1,2
215085,1,2
215185,1,2
215285,1,2
215385,1,2
215485,1,2
215585,1,2
215685,1,2
215785,1,2
215885,1,2
215985,1,2
216085,1,2
216185,1,2
216285,1,2
216385,1,2
216485,1,2
216585,1,2
216685,1,2
216785,1,2
216885,1,2
216985,1,2
217085,1,2
217185,1,2
217285,1,2
217402,1,2
217502,1,2
217602,1,2
217702,1,2
217802,1,2
217902,1,2
217997,1,2
218097,1,2
218197,1,2
218298,1,2
218398,1,2
218498,1,2
218598,1,2
218698,1,2
218798,1,2
218898,1,2
218998,1,2
219098,1,2
219198,1,2
219298,1,2
219398,1,2
219498,1,2
219598,1,2
219698,1,2
219798,1,2
219898,1,2
219998,1,2
220098,1,2
220198,1,2
220298,1,2
220398,1,2
220498,1,2
220598,1,2
220698,1,2
220798,1,2
220898,1,2
220998,1,2
221098,1,2
221199,1,2
221299,1,2
221399,1,2
221499,1,2
221599,1,2
221699,1,2
221799,1,2
221899,1,2
221995,1,2
222095,1,2
222195,1,2
222295,1,2
222395,1,2
222495,1,2
222595,1,2
222695,1,2
222795,1,2
222895,1,2
222995,1,2
223095,1,2
223195,1,2
223295,1,2
223395,1,2
223495,1,2
223595,1,2
223695,1,2
223795,1,2
223895,1,2
223995,1,2
224096,1,2
224196,1,2
224296,1,2
224396,1,2
224496,1,2
224596,1,2
224696,1,2
224796,1,2
224896,1,2
224996,1,2
225096,1,2
225196,1,2
225296,1,2
225396,1,2
225496,1,2
225596,1,2
225696,1,2
225796,1,2
225896,1,2
225996,1,2
226096,1,2
226196,1,2
226296,1,2
226396,1,2
226496,1,2
226596,1,2
226696,1,2
226796,1,2
226896,1,2
226996,1,2
227096,1,2
227196,1,2
227296,1,2
227396,1,2
227496,1,2
227596,1,2
227696,1,2
227796,1,2
227896,1,2
227996,1,2
228096,1,2
228196,1,2
228296,1,2
228396,1,2
228496,1,2
228596,1,2
228696,1,2
228796,1,2
228896,1,2
228996,1,2
229096,1,2
229196,1,2
229296,1,2
229396,1,2
229496,0,0
229596,0,0
229696,0,0
229796,0,0
229896,0,0
229996,0,0
230096,0,0
230196,0,0
230296,0,0
230396,0,0
230496,0,0
230596,0,0
230696,0,0
230796,0,0
230896,0,0
230996,0,0
231096,0,0
231196,0,0
231296,0,0
231396,0,0
231496,0,0
231596,0,0
231696,0,0
231796,0,0
231896,0,0
231996,0,0
232096,0,0
232196,0,0
232296,0,0
232396,0,0
232496,0,0
232596,0,0
232696,0,0
232796,0,0
232896,0,0
232996,0,0
233096,0,0
233196,0,0
233296,0,0
233396,0,0
233496,0,0
233596,0,0
233696,0,0
233796,0,0
233896,0,0
233996,0,0
234096,0,0
234196,0,0
234296,0,0
234396,0,0
234496,0,0
234596,0,0
234696,0,0
234796,0,0
234896,0,0
234996,0,0
235096,0,0
235196,0,0
235296,0,0
235396,0,0
235496,0,0
235596,0,0
235696,0,0
235796,0,0
235896,0,0
235996,0,0
236096,0,0
236196,0,0
236296,0,0
236396,0,0
236496,0,0
236596,0,0
236696,0,0
236796,0,0
236896,0,0
236996,0,0
237096,0,0
237196,0,0
237296,0,0
237396,0,0
237496,0,0
237596,0,0
237696,0,0
237796,0,0
237896,0,0
237996,0,0
238096,0,0
238196,0,0
238296,0,0
238396,0,0
238496,0,0
238596,0,0
238696,0,0
238796,0,0
238896,0,0
238996,0,0
239096,0,0
239196,0,0
239296,0,0
239396,0,0
239496,0,0
239596,0,0
239696,0,0
239796,0,0
239896,0,0
239996,0,0
240096,0,0
240196,0,0
240296,0,0
240396,0,0
240496,0,0
240596,0,0
240696,0,0
240796,0,0
240896,0,0
240996,0,0
241096,0,0
241196,0,0
241296,0,0
241396,0,0
241496,0,0
241596,0,0
241696,0,0
241796,0,0
241896,0,0
241996,0,0
242096,0,0
242196,0,0
242296,0,0
242396,0,0
242496,0,0
242596,0,0
242674,0,0
242774,0,0
242874,0,0
242974,0,0
243476,0,0
243576,0,1
243676,0,1
243776,0,1
243876,0,1
243976,0,1
244076,0,1
244176,0,1
244276,0,1
244376,0,1
244476,0,1
244576,0,1
244676,0,1
244776,0,1
244876,0,1
244976,0,1
245076,0,1
245176,0,1
245276,0,1
245376,0,1
245476,0,1
245576,0,1
245676,0,1
245776,0,1
245877,0,1
245977,0,1
246077,0,1
246177,0,1
246277,0,1
246377,0,1
246477,0,1
246577,0,1
246672,0,1
246772,0,1
246872,0,1
246972,0,1
247072,0,1
247172,0,1
247272,0,1
247372,0,1
247500,0,0
247600,0,0
247864,0,0
247964,0,1
248064,0,1
248164,0,1
248270,0,1
248370,1,2
248470,1,2
248570,1,2
248688,1,2
248788,1,2
248888,1,2
248988,1,2
249088,1,2
249188,1,2
249288,1,2
249388,1,2
249488,1,2
249588,1,2
249688,1,2
249788,1,2
249888,1,2
249988,1,2
250088,1,2
250188,1,2
250288,1,2
250388,1,2
250488,1,2
250588,1,2
250684,1,2
250784,1,2
250884,1,2
250984,1,2
251084,1,2
251184,1,2
251284,1,2
251384,1,2
251484,1,2
251585,1,2
251685,1,2
251785,1,2
251885,1,2
251985,1,2
252085,1,2
252185,1,2
252285,1,2
252385,1,2
252485,1,2
252585,1,2
252685,1,2
252785,1,2
252885,1,2
252985,1,2
253085,1,2
253185,1,2
253285,1,2
253385,1,2
253485,1,2
253585,1,2
253685,1,2
253785,1,2
253885,1,2
253985,1,2
254085,1,2
254185,1,2
254285,1,2
254385,1,2
254485,1,2
254585,1,2
254679,1,2
254779,1,2
254879,1,2
254979,1,2
255079,1,2
255179,1,2
255279,1,2
255379,1,2
255479,1,2
255579,1,2
255679,1,2
255779,1,2
255879,1,2
255979,1,2
256079,1,2
256179,1,2
256279,1,2
256379,1,2
256479,1,2
256579,1,2
256679,1,2
256779,1,2
256891,1,2
256991,1,2
257091,1,2
257191,1,2
257291,1,2
257391,1,2
257491,1,2
257591,1,2
257691,1,2
257791,1,2
257891,1,2
257991,1,2
258091,1,2
258191,1,2
258291,1,2
258391,1,2
258491,1,2
258591,1,2
258687,1,2
258787,1,2
258887,1,2
258987,1,2
259087,1,2
259187,1,2
259287,1,2
259387,1,2
259487,1,2
259587,1,2
259687,1,2
259787,1,2
259887,1,2
259987,1,2
260087,1,2
260187,1,2
260287,1,2
260387,1,2
260487,1,2
260587,1,2
260687,1,2
260787,1,2
260887,1,2
260987,1,2
261087,1,2
261187,1,2
261287,1,2
261387,1,2
261487,1,2
261587,1,2
261687,1,2
261787,1,2
261887,1,2
261987,1,2
262087,1,2
262187,1,2
262287,1,2
262387,1,2
262487,1,2
262587,1,2
262683,1,2
262783,1,2
262883,1,2
262983,1,2
263083,1,2
263183,1,2
263283,1,2
263383,1,2
263483,1,2
263583,1,2
263683,1,2
263783,1,2
263883,1,2
263983,1,2
264083,1,2
264183,1,2
264283,1,2
264383,1,2
264483,1,2
264583,1,2
264683,1,2
264783,1,2
264883,1,2
264983,1,2
265083,1,2
265183,1,2
265283,1,2
265383,1,2
265483,1,2
265583,1,2
265683,1,2
265783,1,2
265883,1,2
265983,1,2
266083,1,2
266183,1,2
266283,1,2
266383,1,2
266483,1,2
266583,1,2
266676,1,2
266776,1,2
266876,1,2
266976,1,2
267076,1,2
267176,1,2
267276,1,2
267376,1,2
267476,1,2
267576,1,2
267676,1,2
267776,1,2
267876,1,2
267976,1,2
268076,1,2
268176,1,2
268276,1,2
268376,1,2
268476,1,2
268576,1,2
268676,1,2
268776,1,2
268876,1,2
268976,1,2
269076,1,2
269176,1,2
269276,1,2
269376,1,2
269476,1,2
269576,1,2
269676,1,2
269776,1,2
269876,1,2
269976,1,2
270076,1,2
270176,1,2
270276,1,2
270376,1,2
270476,1,2
270576,1,2
270674,1,2
270774,1,2
270874,1,2
270974,1,2
271074,1,2
271174,1,2
271274,1,2
271374,1,2
271474,1,2
271574,1,2
271674,1,2
271774,1,2
271874,1,2
271974,1,2
272074,1,2
272174,1,2
272274,1,2
272374,1,2
272474,1,2
272574,1,2
272674,1,2
272774,1,2
272874,1,2
272974,1,2
273074,1,2
273209,1,2
273309,1,2
273409,1,2
273509,1,2
273609,1,2
273709,1,2
273809,1,2
273909,1,2
274009,1,2
274109,1,2
274209,1,2
274309,1,2
274409,1,2
274509,1,2
274609,1,2
274705,1,2
274805,1,2
274905,1,2
275005,1,2
275105,1,2
275205,1,2
275305,1,2
275405,1,2
275505,1,2
275605,1,2
275705,1,2
275805,1,2
275905,1,2
276006,1,2
276106,1,2
276206,1,2
276306,1,2
276406,1,2
276506,1,2
276606,1,2
276706,1,2
276806,1,2
276906,1,2
277006,1,2
277106,1,2
277206,1,2
277306,1,2
277406,1,2
277506,1,2
277606,1,2
277706,1,2
277806,1,2
277906,1,2
278006,1,2
278106,1,2
278206,1,2
278306,1,2
278406,1,2
278506,1,2
278606,1,2
278701,1,2
278801,1,2
278901,1,2
279001,1,2
279101,1,2
279201,1,2
279301,1,2
279401,1,2
279501,1,2
279601,1,2
279701,1,2
279801,1,2
279901,1,2
280001,1,2
280101,1,2
280201,1,2
280301,1,2
280401,1,2
280501,1,2
280601,1,2
280701,1,2
280801,1,2
280901,1,2
281001,1,2
281101,1,2
281201,1,2
281301,1,2
281401,1,2
281501,1,2
281601,1,2
281701,1,2
281801,1,2
281901,1,2
282001,1,2
282101,1,2
282201,1,2
282301,1,2
282401,1,2
282501,1,2
282601,1,2
282701,1,2
282801,1,2
282901,1,2
283001,1,2
283101,1,2
283201,1,2
283301,1,2
283401,1,2
283501,1,2
283601,1,2
283701,1,2
283801,1,2
283901,1,2
284001,1,2
284101,1,2
284201,1,2
284301,1,2
284401,1,2
284501,1,2
284601,1,2
284701,1,2
284801,1,2
284901,1,2
285001,1,2
285101,1,2
285201,1,2
285301,0,0
285401,0,0
285501,0,0
285601,0,0
285701,0,0
285801,0,0
285901,0,0
286001,0,0
286101,0,0
286201,0,0
286301,0,0
286401,0,0
286501,0,0
286601,0,0
286701,0,0
286801,0,0
286901,0,0
287001,0,0
287101,0,0
287201,0,0
287301,0,0
287401,0,0
287501,0,0
287601,0,0
287701,0,0
287801,0,0
287901,0,0
288001,0,0
288101,0,0
288201,0,0
288301,0,0
288401,0,0
288501,0,0
288601,0,0
288701,0,0
288801,0,0
288901,0,0
289001,0,0
289101,0,0
289201,0,0
289301,0,0
289401,0,0
289501,0,0
289601,0,0
289701,0,0
289801,0,0
289901,0,0
290001,0,0
290101,0,0
290201,0,0
290301,0,0
290401,0,0
290501,0,0
290601,0,0
290701,0,0
290801,0,0
290901,0,0
291001,0,0
291101,0,0
291201,0,0
291301,0,0
291401,0,0
291501,0,0
291601,0,0
291701,0,0
291801,0,0
291901,0,0
292001,0,0
292101,0,0
292201,0,0
292301,0,0
292401,0,0
292501,0,0
292601,0,0
292701,0,0
292801,0,0
292901,0,0
293001,0,0
293101,0,0
293201,0,0
293301,0,0
293401,0,0
293501,0,0
293601,0,0
293701,0,0
293801,0,0
293901,0,0
294001,0,0
294101,0,0
294201,0,0
294301,0,0
294401,0,0
294501,0,0
294601,0,0
294701,0,0
294801,0,0
294901,0,0
295001,0,0
295101,0,0
295201,0,0
295301,0,0
295401,0,0
295501,0,0
295601,0,0
295701,0,0
295801,0,0
295901,0,0
296001,0,0
296101,0,0
296201,0,0
296301,0,0
296401,0,0
296501,0,0
296601,0,0
296701,0,0
296801,0,0
296901,0,0
297001,0,0
297101,0,0
297201,0,0
297301,0,0
297401,0,0
297501,0,0
297601,0,0
297701,0,0
297801,0,0
297901,0,0
298001,0,0
298101,0,0
298201,0,0
298301,0,0
298401,0,0
298501,0,0
298601,0,0
298701,0,0
298801,0,0
298901,0,0
299001,0,0
299101,0,0
299201,0,0
299301,0,0
299401,0,0
299501,0,0
299601,0,0
299667,0,0
299767,0,0
299867,0,0
299967,0,0
300067,0,0
300246,0,0
300346,0,1
300446,0,1
300546,0,1
300646,1,2
300746,1,2
300846,1,2
300946,1,2
301046,1,2
301146,1,2
301246,1,2
301346,1,2
301446,1,2
301546,1,2
301646,1,2
301746,1,2
301846,1,2
301946,1,2
302046,1,2
302146,1,2
302246,1,2
302346,1,2
302446,1,2
302546,1,2
302667,0,0
302767,0,0
302867,0,0
302967,0,0
303067,0,0
303167,0,0
303267,0,0
303367,0,0
303467,0,0
303567,0,0
303666,0,0
303766,0,0
303866,0,0
303966,0,0
304066,0,0
304166,0,0
304266,0,0
304366,0,0
304466,0,0
304566,0,0
304666,0,0
304971,0,0
305071,0,1
305171,0,1
305271,0,1
305371,0,1
305471,0,1
305571,0,1
305671,0,1
305771,0,1
305871,0,1
305971,0,1
306071,0,1
306171,0,1
306271,0,1
306371,0,1
306471,0,1
306571,0,1
306671,0,1
306772,0,1
306872,0,1
306972,0,1
307072,0,1
307172,0,1
307272,0,1
307372,0,1
307472,0,1
307572,0,1
307666,0,1
307766,0,1
307866,0,1
307966,0,1
308066,0,1
308166,0,1
308266,0,1
308366,0,1
308466,0,1
308566,0,1
308666,0,1
308766,0,1
308866,0,1
308993,0,0
309093,0,0
309193,0,0
309531,0,0
309631,0,1
309731,0,1
309831,0,1
309931,0,1
310031,0,1
310131,0,1
310231,0,1
310331,0,1
310431,0,1
310531,0,1
310631,0,1
310731,0,1
310831,0,1
310931,0,1
311032,0,1
311132,0,1
311232,0,1
311332,0,1
311432,0,1
311532,0,1
311637,0,1
311737,0,1
311837,0,1
311937,0,1
312037,0,1
312137,0,1
312237,0,1
312337,0,1
312437,0,1
312537,0,1
312637,0,1
312737,0,1
312837,0,1
312937,0,1
313037,0,1
313137,0,1
313237,0,1
313337,0,1
313437,0,1
313565,0,0
313665,0,0
313765,0,0
313865,0,0
314255,0,0
314354,0,1
314454,0,1
314554,0,1
314654,0,1
314754,0,1
314854,0,1
314954,0,1
315054,0,1
315154,0,1
315254,0,1
315354,0,1
315454,0,1
315554,0,1
315649,0,1
315749,0,1
315849,0,1
315949,0,1
316049,0,1
316149,0,1
316249,0,1
316349,0,1
316449,0,1
316549,0,1
316649,0,1
316750,0,1
316850,0,1
316950,0,1
317050,0,1
317150,0,1
317250,0,1
317350,0,1
317450,0,1
317550,0,1
317650,0,1
317750,0,1
317850,0,1
317950,0,1
318050,0,1
318150,0,1
318289,0,0
318389,0,0
318489,0,0
318589,0,0
318790,0,0
318890,0,1
318990,0,1
319090,0,1
319190,0,1
319290,0,1
319390,0,1
319490,0,1
319586,0,1
319686,0,1
319786,0,1
319886,0,1
319986,0,1
320086,0,1
320186,0,1
320287,0,1
320387,0,1
320487,0,1
320587,0,1
320687,0,1
320787,0,1
320887,0,1
320987,0,1
321087,0,1
321187,0,1
321287,0,1
321387,0,1
321487,0,1
321587,0,1
321687,0,1
321787,0,1
321887,0,1
321987,0,1
322087,0,1
322187,0,1
322287,0,1
322387,0,1
322487,0,1
322587,0,1
322687,0,1
322815,0,0
322915,0,0
323015,0,0
323115,0,0
323215,0,0
323316,0,0
323416,0,0
323516,0,0
323610,0,0
323710,0,0
323810,0,0
323910,0,0
324010,0,0
324110,0,0
324210,0,0
324310,0,0
324410,0,0
324510,0,0
324610,0,0
324710,0,0
324810,0,0
324910,0,0
325010,0,0
325110,0,0
325210,0,0
325310,0,0
325410,0,0
325510,0,0
325610,0,0
325710,0,0
325810,0,0
325910,0,0
326010,0,0
326110,0,0
326210,0,0
326310,0,0
326410,0,0
326510,0,0
326610,0,0
326710,0,0
326810,0,0
326910,0,0
327445,0,0
327545,0,1
327641,0,1
327741,0,1
327841,0,1
327941,0,1
328042,0,1
328142,0,1
328242,0,1
328342,0,1
328442,0,1
328542,0,1
328642,0,1
328742,0,1
328842,0,1
328942,0,1
329042,0,1
329142,0,1
329242,0,1
329342,0,1
329442,0,1
329542,0,1
329642,0,1
329742,0,1
329842,0,1
329942,0,1
330042,0,1
330142,0,1
330242,0,1
330342,0,1
330442,0,1
330542,0,1
330642,0,1
330742,0,1
330842,0,1
330942,0,1
331042,0,1
331142,0,1
331242,0,1
331342,0,1
331468,0,0
331568,0,0
331669,0,0
331769,0,0
332438,0,0
331949,0,1
332049,0,1
332149,0,1
332249,0,1
332349,0,1
332449,0,1
332549,0,1
332649,0,1
332749,0,1
332849,0,1
332949,0,1
333049,0,1
333149,0,1
333249,0,1
333349,0,1
333449,0,1
333549,0,1
333649,0,1
333749,0,1
333849,0,1
333949,0,1
334049,0,1
334149,0,1
334249,0,1
334349,0,1
334449,0,1
334549,0,1
334649,0,1
334749,0,1
334849,0,1
334949,0,1
335049,0,1
335149,0,1
335249,0,1
335929,0,1
336029,0,1
336129,0,1
336229,0,1
336329,0,1
336429,0,1
336529,0,0
336629,0,0
336729,0,0
337287,0,0
337387,0,1
337487,0,1
337587,0,1
337687,0,1
337787,0,1
337887,0,1
337987,0,1
338087,0,1
338188,0,1
338288,0,1
338388,0,1
338488,0,1
338588,0,1
338688,0,1
338788,0,1
338888,0,1
338988,0,1
339088,0,1
339188,0,1
339288,0,1
339388,0,1
339488,0,1
339588,0,1
339688,0,1
339788,0,1
339888,0,1
339988,0,1
340088,0,1
340188,0,1
340288,0,1
340388,0,1
340488,0,1
340588,0,1
340688,0,1
340788,0,1
340888,0,1
340988,0,1
341089,0,1
341189,0,1
341316,0,0
341416,0,0
341516,0,0
341616,0,0
341716,0,0
341816,0,0
341916,0,0
342016,0,0
342116,0,0
342216,0,0
342316,0,0
342416,0,0
342516,0,0
342616,0,0
342716,0,0
342816,0,0
342916,0,0
343016,0,0
343116,0,0
343216,0,0
343316,0,0
343416,0,0
343516,0,0
343616,0,0
343716,0,0
343816,0,0
343916,0,0
344016,0,0
344116,0,0
344216,0,0
344316,0,0
344417,0,0
344517,0,0
344617,0,0
344717,0,0
344817,0,0
344917,0,0
345017,0,0
345117,0,0
345217,0,0
345317,0,0
345417,0,0
345517,0,0
345617,0,0
345717,0,0
345817,0,0
345917,0,0
346017,0,0
346117,0,0
346217,0,0
346317,0,0
346417,0,0
346517,0,0
346617,0,0
346717,0,0
346817,0,0
346917,0,0
347017,0,0
347117,0,0
347217,0,0
347317,0,0
347417,0,0
347517,0,0
347617,0,0
347717,0,0
347817,0,0
347917,0,0
348017,0,0
348117,0,0
348217,0,0
348317,0,0
348417,0,0
348517,0,0
348617,0,0
348717,0,0
348817,0,0
348917,0,0
349017,0,0
349117,0,0
349217,0,0
349317,0,0
349417,0,0
349517,0,0
349617,0,0
349717,0,0
349817,0,0
349917,0,0
350017,0,0
350117,0,0
350217,0,0
350317,0,0
350417,0,0
350517,0,0
350617,0,0
350717,0,0
350817,0,0
350917,0,0
351017,0,0
351117,0,0
351217,0,0
351317,0,0
351417,0,0
351517,0,0
351617,0,0
351717,0,0
351817,0,0
351917,0,0
352017,0,0
352117,0,0
352217,0,0
352317,0,0
352417,0,0
352517,0,0
352617,0,0
352717,0,0
352817,0,0
352917,0,0
353017,0,0
353117,0,0
353217,0,0
353317,0,0
353417,0,0
353517,0,0
353617,0,0
353717,0,0
353817,0,0
353917,0,0
354017,0,0
354117,0,0
354217,0,0
354317,0,0
354417,0,0
354517,0,0
354617,0,0
354717,0,0
354817,0,0
354917,0,0
355017,0,0
355117,0,0
355217,0,0
355317,0,0
355417,0,0
355517,0,0
355617,0,0
355717,0,0
355817,0,0
355917,0,0
356017,0,0
356117,0,0
356217,0,0
356317,0,0
356417,0,0
356517,0,0
356617,0,0
356717,0,0
356817,0,0
356917,0,0
357017,0,0
357117,0,0
357217,0,0
357317,0,0
357417,0,0
357517,0,0
357617,0,0
357717,0,0
357817,0,0
357917,0,0
358017,0,0
358117,0,0
358217,0,0
358317,0,0
358393,0,0
358493,0,0
358593,0,0
359118,0,0
359217,0,1
359317,0,1
359417,0,1
359517,0,1
359617,0,1
359717,0,1
359817,0,1
359917,0,1
360017,0,1
360117,0,1
360217,0,1
360317,0,1
360417,0,1
360517,0,1
360617,0,1
360717,0,1
360817,0,1
360917,0,1
361017,0,1
361117,0,1
361217,0,1
361317,0,1
361417,0,1
361517,0,1
361617,0,1
361717,0,1
361817,0,1
361917,0,1
362017,0,1
362117,0,1
362217,0,1
362317,0,1
362412,0,1
362512,0,1
362612,0,1
362712,0,1
362812,0,1
362912,0,1
363012,0,1
363112,0,1
363212,0,0
363448,0,0
363548,0,1
363648,0,1
363748,0,1
363848,0,1
363948,0,1
364048,0,1
364148,0,1
364248,0,1
364348,0,1
364448,0,1
364548,0,1
364648,0,1
364748,0,1
364848,0,1
364948,0,1
365048,0,1
365148,0,1
365248,0,1
365348,0,1
365448,0,1
365548,0,1
365648,0,1
365748,0,1
365848,0,1
365948,0,1
366048,0,1
366148,0,1
366248,0,1
366343,0,1
366443,0,1
366543,0,1
366643,0,1
366743,0,1
366843,0,1
366943,0,1
367043,0,1
367143,0,1
367243,0,1
367343,0,1
367472,0,0
367572,0,0
367672,0,0
367772,0,0
367872,0,0
368466,0,0
368566,0,1
368666,0,1
368766,0,1
368866,0,1
368966,0,1
369066,0,1
369166,0,1
369266,0,1
369366,0,1
369466,0,1
369566,0,1
369666,0,1
369766,0,1
369866,0,1
369966,0,1
370066,0,1
370166,0,1
370266,0,1
370362,0,1
370462,0,1
370562,0,1
370662,0,1
370762,0,1
370862,0,1
370962,0,1
371062,0,1
371162,0,1
371262,0,1
371362,0,1
371462,0,1
371562,0,1
371662,0,1
371762,0,1
371862,0,1
371962,0,1
372062,0,1
372162,0,1
372262,0,1
372362,0,1
372489,0,0
372589,0,0
373195,0,0
373295,0,1
373395,0,1
373495,0,1
373626,0,1
373726,1,2
373826,1,2
373926,1,2
374026,1,2
374150,1,2
374250,1,2
374346,1,2
374446,1,2
374546,1,2
374646,1,2
374746,1,2
374846,1,2
374946,1,2
375046,1,2
375146,1,2
375246,1,2
375346,1,2
375446,1,2
375546,1,2
375646,1,2
375746,1,2
375846,1,2
375946,1,2
376046,1,2
376146,1,2
376246,1,2
376346,1,2
376446,1,2
376546,1,2
376646,1,2
376746,1,2
376846,1,2
376946,1,2
377046,1,2
377146,1,2
377246,1,2
377346,1,2
377446,1,2
377546,1,2
377646,1,2
377746,1,2
377846,1,2
377946,1,2
378046,1,2
378146,1,2
378246,1,2
378341,1,2
378441,1,2
378541,1,2
378641,1,2
378741,1,2
378841,1,2
378941,1,2
379041,1,2
379141,1,2
379241,1,2
379341,1,2
379441,1,2
379541,1,2
379641,1,2
379741,1,2
379841,1,2
379941,1,2
380041,1,2
380141,1,2
380241,1,2
380341,1,2
380441,1,2
380541,1,2
380641,1,2
380741,1,2
380841,1,2
380941,1,2
381041,1,2
381141,1,2
381241,1,2
381341,1,2
381441,1,2
381541,1,2
381641,1,2
381741,1,2
381841,1,2
381941,1,2
382041,1,2
382152,0,0
382252,0,0
382346,0,0
382446,0,0
382546,0,0
382646,0,0
382746,0,0
382846,0,0
382946,0,0
383046,0,0
383147,0,0
383247,0,0
383347,0,0
383447,0,0
383547,0,0
383647,0,0
383747,0,0
383847,0,0
383947,0,0
384047,0,0
384147,0,0
384247,0,0
384347,0,0
384447,0,0
384547,0,0
384647,0,0
384747,0,0
384847,0,0
385028,0,0
385128,0,1
385228,0,1
385328,0,1
385428,0,1
385528,0,1
385628,0,1
385728,0,1
385828,0,1
385928,0,1
386028,0,1
386128,0,1
386228,0,1
386328,0,1
386425,0,1
386525,0,1
386625,0,1
386725,0,1
386825,0,1
386925,0,1
387025,0,1
387125,0,1
387225,0,1
387326,0,1
387426,0,1
387526,0,1
387626,0,1
387726,0,1
387826,0,1
387926,0,1
388026,0,1
388126,0,1
388226,0,1
388326,0,1
388426,0,1
388526,0,1
388626,0,1
388726,0,1
388826,0,1
388926,0,1
389054,0,0
389154,0,0
389254,0,0
389354,0,0
389454,0,0
389554,0,0
389654,0,0
389754,0,0
389854,0,0
389954,0,0
390054,0,0
390154,0,0
390254,0,0
390355,0,0
390442,0,0
390542,0,0
390642,0,0
390742,0,0
390842,0,0
390942,0,0
391042,0,0
391142,0,0
391242,0,0
391342,0,0
391442,0,0
391542,0,0
391642,0,0
391742,0,0
391842,0,0
391942,0,0
392042,0,0
392142,0,0
392242,0,0
392342,0,0
392442,0,0
392542,0,0
392642,0,0
392742,0,0
392842,0,0
392942,0,0
393042,0,0
393142,0,0
393243,0,0
393343,0,0
393443,0,0
393543,0,0
393643,0,0
393743,0,0
393843,0,0
393943,0,0
394154,0,0
394254,0,1
394354,0,1
394454,0,1
394570,0,1
394629,1,2
394729,1,2
394829,1,2
394929,1,2
395029,1,2
395129,1,2
395229,1,2
395329,1,2
395429,1,2
395529,1,2
395629,1,2
395729,1,2
395829,1,2
395929,1,2
396029,1,2
396129,1,2
396229,1,2
396329,1,2
396429,1,2
396530,1,2
396630,1,2
396730,1,2
396830,1,2
396930,1,2
397030,1,2
397130,1,2
397230,1,2
397330,1,2
397430,1,2
397530,1,2
397630,1,2
397730,1,2
397830,1,2
397930,1,2
398030,1,2
398130,1,2
398230,1,2
398330,1,2
398430,1,2
398530,1,2
398630,1,2
398730,1,2
398830,1,2
398930,1,2
399030,1,2
399130,1,2
399230,1,2
399330,1,2
399430,1,2
399530,1,2
399630,1,2
399730,1,2
399830,1,2
399930,1,2
400030,1,2
400130,1,2
400230,1,2
400330,1,2
400430,1,2
400530,1,2
400630,1,2
400730,1,2
400830,1,2
400930,1,2
401030,1,2
401130,1,2
401230,1,2
401330,1,2
401430,1,2
401530,1,2
401630,1,2
401730,1,2
401830,1,2
401930,1,2
402030,1,2
402130,1,2
402230,1,2
402330,1,2
402430,1,2
402530,1,2
402630,1,2
402730,1,2
402830,1,2
402930,1,2
403030,1,2
403130,0,0
403230,0,0
403330,0,0
403430,0,0
403530,0,0
403630,0,0
403730,0,0
403830,0,0
403930,0,0
404030,0,0
404130,0,0
404230,0,0
404330,0,0
404430,0,0
404530,0,0
404630,0,0
404730,0,0
404830,0,0
404930,0,0
405030,0,0
405130,0,0
405230,0,0
405330,0,0
405430,0,0
405530,0,0
405630,0,0
405730,0,0
405830,0,0
405930,0,0
406030,0,0
406130,0,0
406230,0,0
406330,0,0
406430,0,0
406530,0,0
406630,0,0
406730,0,0
406830,0,0
406930,0,0
407030,0,0
407130,0,0
407230,0,0
407330,0,0
407430,0,0
407530,0,0
407630,0,0
407730,0,0
407830,0,0
407930,0,0
408030,0,0
408130,0,0
408230,0,0
408330,0,0
408430,0,0
408530,0,0
408630,0,0
408730,0,0
408830,0,0
408930,0,0
409030,0,0
409130,0,0
409230,0,0
409330,0,0
409430,0,0
409530,0,0
409630,0,0
409730,0,0
409830,0,0
409930,0,0
410030,0,0
410130,0,0
410230,0,0
410330,0,0
410430,0,0
410530,0,0
410630,0,0
410730,0,0
410830,0,0
410930,0,0
411030,0,0
411130,0,0
411230,0,0
411330,0,0
411430,0,0
411530,0,0
411630,0,0
411730,0,0
411830,0,0
411930,0,0
412030,0,0
412130,0,0
412230,0,0
412330,0,0
412430,0,0
412530,0,0
412630,0,0
412730,0,0
412830,0,0
412930,0,0
413030,0,0
413130,0,0
413230,0,0
413330,0,0
413430,0,0
413530,0,0
413630,0,0
413730,0,0
413830,0,0
413930,0,0
414030,0,0
414130,0,0
414230,0,0
414330,0,0
414430,0,0
414530,0,0
414630,0,0
414730,0,0
414830,0,0
414930,0,0
415030,0,0
415130,0,0
415230,0,0
415330,0,0
415430,0,0
415530,0,0
415630,0,0
415730,0,0
415830,0,0
415930,0,0
416053,0,0
416153,0,0
416253,0,0
416852,0,0
416952,0,1
417052,0,1
417152,0,1
417252,0,1
417352,0,1
417452,0,1
417552,0,1
417652,0,1
417752,0,1
417852,0,1
417952,0,1
418052,0,1
418152,0,1
418252,0,1
418352,0,1
418452,0,1
418552,0,1
418652,0,1
418752,0,1
418852,0,1
418953,0,1
419053,0,1
419153,0,1
419253,0,1
419353,0,1
419453,0,1
419553,0,1
419653,0,1
419753,0,1
419853,0,1
419953,0,1
420047,0,1
420147,0,1
420247,0,1
420347,0,1
420447,0,1
420547,0,1
420647,0,1
420747,0,1
420875,0,0
421289,0,0
421389,0,1
421489,0,1
421589,0,1
421695,0,1
421795,1,2
421895,1,2
421995,1,2
422095,1,2
422195,1,2
422295,1,2
422395,1,2
422495,1,2
422595,1,2
422695,1,2
422795,1,2
422895,1,2
422995,1,2
423095,1,2
423195,1,2
423295,1,2
423395,1,2
423495,1,2
423595,1,2
423723,0,0
423823,0,0
423923,0,0
424019,0,0
424119,0,0
424219,0,0
424319,0,0
424419,0,0
424519,0,0
424619,0,0
424719,0,0
424819,0,0
424919,0,0
425019,0,0
425119,0,0
425219,0,0
425319,0,0
425419,0,0
425519,0,0
425619,0,0
425719,0,0
426128,0,0
426228,0,1
426328,0,1
426428,0,1
426528,0,1
426628,0,1
426728,0,1
426828,0,1
426928,0,1
427028,0,1
427128,0,1
427228,0,1
427328,0,1
427428,0,1
427528,0,1
427628,0,1
427728,0,1
427828,0,1
427928,0,1
428023,0,1
428123,0,1
428223,0,1
428323,0,1
428423,0,1
428523,0,1
428624,0,1
428724,0,1
428824,0,1
428924,0,1
429024,0,1
429124,0,1
429224,0,1
429324,0,1
429424,0,1
429524,0,1
429624,0,1
429724,0,1
429824,0,1
429924,0,1
430024,0,1
430151,0,0
430251,0,0
430351,0,0
430451,0,0
430551,0,0
430651,0,0
430751,0,0
430851,0,0
430951,0,0
431051,0,0
431151,0,0
431251,0,0
431351,0,0
431451,0,0
431551,0,0
431651,0,0
431751,0,0
431851,0,0
431952,0,0
432048,0,0
432148,0,0
432248,0,0
432348,0,0
432448,0,0
432548,0,0
432648,0,0
432748,0,0
432848,0,0
432948,0,0
433048,0,0
433148,0,0
433248,0,0
433348,0,0
433448,0,0
433548,0,0
433648,0,0
433748,0,0
433848,0,0
433948,0,0
434048,0,0
434148,0,0
434248,0,0
434348,0,0
434448,0,0
434548,0,0
434648,0,0
434748,0,0
434849,0,0
434949,0,0
435049,0,0
435149,0,0
435249,0,0
435349,0,0
435449,0,0
435549,0,0
435649,0,0
435749,0,0
435849,0,0
435949,0,0
436045,0,0
436145,0,0
436245,0,0
436345,0,0
436445,0,0
436545,0,0
436645,0,0
436745,0,0
436845,0,0
436945,0,0
437045,0,0
437145,0,0
437245,0,0
437345,0,0
437445,0,0
437545,0,0
437645,0,0
437746,0,0
437846,0,0
437946,0,0
438046,0,0
438146,0,0
438246,0,0
438346,0,0
438446,0,0
438546,0,0
438646,0,0
438746,0,0
438846,0,0
438946,0,0
439046,0,0
439146,0,0
439246,0,0
439346,0,0
439446,0,0
439546,0,0
439646,0,0
439746,0,0
439846,0,0
439946,0,0
440041,0,0
440141,0,0
440241,0,0
440341,0,0
440441,0,0
440541,0,0
440641,0,0
440741,0,0
440841,0,0
440941,0,0
441041,0,0
441141,0,0
441241,0,0
441341,0,0
441441,0,0
441541,0,0
441641,0,0
441741,0,0
441841,0,0
441941,0,0
442041,0,0
442141,0,0
442241,0,0
442341,0,0
442441,0,0
442541,0,0
442641,0,0
442741,0,0
442841,0,0
442941,0,0
443041,0,0
443141,0,0
443241,0,0
443341,0,0
443441,0,0
443541,0,0
443641,0,0
443741,0,0
443841,0,0
443941,0,0
444036,0,0
444136,0,0
444236,0,0
444336,0,0
444436,0,0
444536,0,0
444636,0,0
444736,0,0
444836,0,0
444936,0,0
445036,0,0
445136,0,0
445236,0,0
445336,0,0
445436,0,0
445536,0,0
445636,0,0
445736,0,0
445836,0,0
445936,0,0
446036,0,0
446136,0,0
446236,0,0
446336,0,0
446436,0,0
446536,0,0
446636,0,0
446736,0,0
446836,0,0
446936,0,0
447036,0,0
447136,0,0
447236,0,0
447336,0,0
447436,0,0
447536,0,0
447636,0,0
447736,0,0
447836,0,0
447936,0,0
448032,0,0
448132,0,0
448232,0,0
448332,0,0
448432,0,0
448532,0,0
448632,0,0
448732,0,0
448832,0,0
448932,0,0
449032,0,0
449132,0,0
449232,0,0
449332,0,0
449432,0,0
449532,0,0
449632,0,0
449732,0,0
449832,0,0
449932,0,0
450032,0,0
450132,0,0
450232,0,0
450332,0,0
450432,0,0
450532,0,0
450632,0,0
450732,0,0
450832,0,0
450932,0,0
451032,0,0
451132,0,0
451232,0,0
451332,0,0
451432,0,0
451532,0,0
451632,0,0
451732,0,0
451832,0,0
451932,0,0
452027,0,0
452127,0,0
452227,0,0
452327,0,0
452427,0,0
452527,0,0
452627,0,0
452727,0,0
452827,0,0
452927,0,0
453027,0,0
453127,0,0
453227,0,0
453327,0,0
453427,0,0
453527,0,0
453627,0,0
453727,0,0
453827,0,0
453927,0,0
454027,0,0
454127,0,0
454227,0,0
454327,0,0
454427,0,0
454527,0,0
454627,0,0
454727,0,0
454827,0,0
454927,0,0
455027,0,0
455127,0,0
455227,0,0
455327,0,0
455427,0,0
455527,0,0
455627,0,0
455727,0,0
455827,0,0
455927,0,0
456027,0,0
456119,0,0
456219,0,0
456319,0,0
456419,0,0
456519,0,0
456619,0,0
456719,0,0
456819,0,0
456919,0,0
457019,0,0
457119,0,0
457219,0,0
457319,0,0
457419,0,0
457519,0,0
457619,0,0
457719,0,0
457819,0,0
457919,0,0
458019,0,0
458119,0,0
458219,0,0
458319,0,0
458419,0,0
458519,0,0
458619,0,0
458719,0,0
458819,0,0
458919,0,0
459019,0,0
459119,0,0
459219,0,0
459319,0,0
459419,0,0
459519,0,0
459619,0,0
459719,0,0
459819,0,0
459919,0,0
460019,0,0
460119,0,0
460219,0,0
460319,0,0
460419,0,0
460519,0,0
460619,0,0
460719,0,0
460819,0,0
460919,0,0
461019,0,0
461119,0,0
461219,0,0
461319,0,0
461419,0,0
461519,0,0
461619,0,0
461719,0,0
461819,0,0
461919,0,0
462019,0,0
462119,0,0
462219,0,0
462319,0,0
462419,0,0
462519,0,0
462619,0,0
462719,0,0
462819,0,0
462919,0,0
463019,0,0
463119,0,0
463219,0,0
463319,0,0
463419,0,0
463519,0,0
463619,0,0
463719,0,0
463819,0,0
463919,0,0
464019,0,0
464119,0,0
464219,0,0
464319,0,0
464419,0,0
464519,0,0
464619,0,0
464719,0,0
464819,0,0
464919,0,0
465019,0,0
465119,0,0
465219,0,0
465319,0,0
465419,0,0
465519,0,0
465619,0,0
465719,0,0
465819,0,0
465919,0,0
466019,0,0
466119,0,0
466219,0,0
466319,0,0
466419,0,0
466519,0,0
466619,0,0
466719,0,0
466819,0,0
466919,0,0
467019,0,0
467119,0,0
467219,0,0
467319,0,0
467419,0,0
467519,0,0
467619,0,0
467719,0,0
467819,0,0
467919,0,0
468019,0,0
468119,0,0
468219,0,0
468319,0,0
468419,0,0
468519,0,0
468619,0,0
468719,0,0
468819,0,0
468919,0,0
469019,0,0
469119,0,0
469219,0,0
469319,0,0
469419,0,0
469519,0,0
469619,0,0
469719,0,0
469819,0,0
469919,0,0
470019,0,0
470119,0,0
470219,0,0
470319,0,0
470419,0,0
470519,0,0
470619,0,0
470719,0,0
470819,0,0
470919,0,0
471019,0,0
471119,0,0
471219,0,0
471319,0,0
471419,0,0
471519,0,0
471619,0,0
471719,0,0
471819,0,0
471919,0,0
472019,0,0
472105,0,0
472205,0,0
472305,0,0
472405,0,0
472505,0,0
472605,0,0
472705,0,0
472805,0,0
472905,0,0
473005,0,0
473105,0,0
473205,0,0
473305,0,0
473405,0,0
473505,0,0
473605,0,0
473705,0,0
473805,0,0
473905,0,0
474005,0,0
474105,0,0
474205,0,0
474305,0,0
474405,0,0
474505,0,0
474605,0,0
474705,0,0
474805,0,0
474905,0,0
475005,0,0
475105,0,0
475205,0,0
475305,0,0
475524,0,0
475624,0,1
475724,0,1
475824,0,1
475924,1,2
476024,1,2
476120,1,2
476220,1,2
476320,1,2
476420,1,2
476520,1,2
476620,1,2
476720,1,2
476820,1,2
476920,1,2
477020,1,2
477120,1,2
477220,1,2
477320,1,2
477420,1,2
477520,1,2
477620,1,2
477720,1,2
477820,1,2
477946,0,0
478046,0,0
478146,0,0
478246,0,0
478346,0,0
478446,0,0
478546,0,0
478646,0,0
478747,0,0
478847,0,0
478947,0,0
479047,0,0
479147,0,0
479247,0,0
479347,0,0
479447,0,0
479547,0,0
479647,0,0
479747,0,0
479847,0,0
479947,0,0
480047,0,0
480147,0,0
480510,0,0
480264,0,1
480364,0,1
480464,0,1
480564,0,1
480664,0,1
480764,0,1
480864,0,1
480964,0,1
481064,0,1
481164,0,1
481264,0,1
481364,0,1
481464,0,1
481564,0,1
481664,0,1
481764,0,1
481864,0,1
481964,0,1
482064,0,1
482164,0,1
482264,0,1
482364,0,1
482464,0,1
482564,0,1
482664,0,1
482764,0,1
482864,0,1
482964,0,1
483064,0,1
483164,0,1
483265,0,1
483365,0,1
483465,0,1
483565,0,1
483665,0,1
483765,0,1
484201,0,1
484301,0,1
484401,0,1
484528,0,0
484628,0,0
484728,0,0
484828,0,0
484928,0,0
485028,0,0
485128,0,0
485228,0,0
485328,0,0
485428,0,0
485528,0,0
485628,0,0
485728,0,0
485828,0,0
485928,0,0
486028,0,0
486128,0,0
486228,0,0
486328,0,0
486428,0,0
486528,0,0
486628,0,0
486728,0,0
486828,0,0
486929,0,0
487029,0,0
487129,0,0
487229,0,0
487329,0,0
487429,0,0
487529,0,0
487629,0,0
487729,0,0
487829,0,0
487929,0,0
488029,0,0
488129,0,0
488225,0,0
488325,0,0
488425,0,0
488525,0,0
488625,0,0
488725,0,0
488825,0,0
488925,0,0
489025,0,0
489125,0,0
489225,0,0
489325,0,0
489425,0,0
489525,0,0
489625,0,0
489725,0,0
489826,0,0
489926,0,0
490026,0,0
490126,0,0
490226,0,0
490326,0,0
490426,0,0
490526,0,0
490626,0,0
490726,0,0
490826,0,0
490926,0,0
491026,0,0
491126,0,0
491226,0,0
491326,0,0
491426,0,0
491526,0,0
491626,0,0
491726,0,0
491826,0,0
491926,0,0
492026,0,0
492126,0,0
492222,0,0
492322,0,0
492422,0,0
492522,0,0
492622,0,0
492723,0,0
492823,0,0
492923,0,0
493023,0,0
493123,0,0
493223,0,0
493323,0,0
493423,0,0
493523,0,0
493623,0,0
493723,0,0
493823,0,0
493923,0,0
494023,0,0
494123,0,0
494223,0,0
494323,0,0
494423,0,0
494523,0,0
494623,0,0
494723,0,0
494823,0,0
494923,0,0
495023,0,0
495123,0,0
495223,0,0
495323,0,0
495423,0,0
495523,0,0
495623,0,0
495723,0,0
495823,0,0
495923,0,0
496023,0,0
496123,0,0
496218,0,0
496318,0,0
496418,0,0
496518,0,0
496618,0,0
496718,0,0
496818,0,0
496918,0,0
497018,0,0
497118,0,0
497218,0,0
497318,0,0
497418,0,0
497518,0,0
497618,0,0
497718,0,0
497818,0,0
497918,0,0
498018,0,0
498118,0,0
498218,0,0
498318,0,0
498418,0,0
498518,0,0
498618,0,0
498718,0,0
498818,0,0
498918,0,0
499018,0,0
499118,0,0
499218,0,0
499318,0,0
499418,0,0
499518,0,0
499618,0,0
499718,0,0
499818,0,0
499918,0,0
500018,0,0
500118,0,0
500214,0,0
500314,0,0
500414,0,0
500514,0,0
500614,0,0
500714,0,0
500814,0,0
500914,0,0
501014,0,0
501114,0,0
501214,0,0
501314,0,0
501414,0,0
501514,0,0
501614,0,0
501714,0,0
501814,0,0
501914,0,0
502014,0,0
502114,0,0
502214,0,0
502314,0,0
502414,0,0
502514,0,0
502614,0,0
502714,0,0
502814,0,0
502914,0,0
503014,0,0
503114,0,0
503214,0,0
503314,0,0
503414,0,0
503514,0,0
503614,0,0
503714,0,0
503814,0,0
503914,0,0
504014,0,0
504114,0,0
504209,0,0
504309,0,0
504409,0,0
504509,0,0
504609,0,0
504709,0,0
504809,0,0
504909,0,0
505009,0,0
505109,0,0
505209,0,0
505309,0,0
505409,0,0
505509,0,0
505609,0,0
505709,0,0
505809,0,0
505909,0,0
506009,0,0
506109,0,0
506209,0,0
506309,0,0
506409,0,0
506509,0,0
506609,0,0
506709,0,0
506809,0,0
506909,0,0
507009,0,0
507109,0,0
507209,0,0
507309,0,0
507409,0,0
507509,0,0
507609,0,0
507709,0,0
507809,0,0
507909,0,0
508009,0,0
508109,0,0
508205,0,0
508305,0,0
508405,0,0
508505,0,0
508605,0,0
508705,0,0
508805,0,0
508905,0,0
509005,0,0
509105,0,0
509205,0,0
509305,0,0
509405,0,0
509505,0,0
509605,0,0
509705,0,0
509805,0,0
509905,0,0
510005,0,0
510105,0,0
510205,0,0
510305,0,0
510405,0,0
510505,0,0
510605,0,0
510705,0,0
510805,0,0
510905,0,0
511005,0,0
511105,0,0
511205,0,0
511305,0,0
511405,0,0
511505,0,0
511605,0,0
511705,0,0
511805,0,0
511905,0,0
512005,0,0
512105,0,0
512200,0,0
512300,0,0
512400,0,0
512500,0,0
512600,0,0
512700,0,0
512800,0,0
512900,0,0
513000,0,0
513100,0,0
513200,0,0
513300,0,0
513400,0,0
513500,0,0
513600,0,0
513700,0,0
513800,0,0
513900,0,0
514000,0,0
514100,0,0
514200,0,0
514300,0,0
514400,0,0
514500,0,0
514600,0,0
514700,0,0
514800,0,0
514900,0,0
515000,0,0
515100,0,0
515200,0,0
515300,0,0
515400,0,0
515500,0,0
515600,0,0
515700,0,0
515800,0,0
515900,0,0
516000,0,0
516100,0,0
516200,0,0
516300,0,0
516400,0,0
516500,0,0
516600,0,0
516700,0,0
516800,0,0
516900,0,0
517000,0,0
517100,0,0
517200,0,0
517300,0,0
517400,0,0
517500,0,0
517600,0,0
517700,0,0
517800,0,0
517900,0,0
518000,0,0
518100,0,0
518200,0,0
518300,0,0
518400,0,0
518500,0,0
518600,0,0
518700,0,0
518800,0,0
518900,0,0
519000,0,0
519100,0,0
519200,0,0
519300,0,0
519400,0,0
519500,0,0
519600,0,0
519700,0,0
519800,0,0
519900,0,0
520000,0,0
520100,0,0
520200,0,0
520300,0,0
520400,0,0
520500,0,0
520600,0,0
520700,0,0
520800,0,0
520900,0,0
521000,0,0
521100,0,0
521200,0,0
521300,0,0
521400,0,0
521500,0,0
521600,0,0
521700,0,0
521800,0,0
521900,0,0
522000,0,0
522100,0,0
522200,0,0
522300,0,0
522400,0,0
522500,0,0
522600,0,0
522700,0,0
522800,0,0
522900,0,0
523000,0,0
523100,0,0
523200,0,0
523300,0,0
523400,0,0
523500,0,0
523600,0,0
523700,0,0
523800,0,0
523900,0,0
524000,0,0
524100,0,0
524200,0,0
524300,0,0
524400,0,0
524500,0,0
524600,0,0
524700,0,0
524800,0,0
524900,0,0
525000,0,0
525100,0,0
525200,0,0
525300,0,0
525400,0,0
525500,0,0
525600,0,0
525700,0,0
525800,0,0
525900,0,0
526000,0,0
526100,0,0
526200,0,0
526300,0,0
526400,0,0
526500,0,0
526600,0,0
526700,0,0
526800,0,0
526900,0,0
527000,0,0
527100,0,0
527200,0,0
527300,0,0
527400,0,0
527500,0,0
527600,0,0
527700,0,0
527800,0,0
527900,0,0
528000,0,0
528100,0,0
528200,0,0
528300,0,0
528400,0,0
528500,0,0
528600,0,0
528700,0,0
528800,0,0
528900,0,0
529000,0,0
529100,0,0
529200,0,0
529300,0,0
529400,0,0
529500,0,0
529600,0,0
529700,0,0
529800,0,0
529900,0,0
530000,0,0
530100,0,0
530200,0,0
530300,0,0
530400,0,0
530500,0,0
530600,0,0
530700,0,0
530800,0,0
530900,0,0
531000,0,0
531100,0,0
531200,0,0
531300,0,0
531400,0,0
531500,0,0
531600,0,0
531700,0,0
531800,0,0
531900,0,0
532000,0,0
532100,0,0
532200,0,0
532300,0,0
532400,0,0
532500,0,0
532600,0,0
532700,0,0
532800,0,0
532900,0,0
533000,0,0
533100,0,0
533200,0,0
533300,0,0
533377,0,0
533477,0,0
533577,0,0
533832,0,0
533932,0,1
534032,0,1
534132,0,1
534232,0,1
534332,0,1
534432,0,1
534533,0,1
534633,0,1
534733,0,1
534833,0,1
534933,0,1
535033,0,1
535133,0,1
535233,0,1
535333,0,1
535433,0,1
535533,0,1
535633,0,1
535733,0,1
535833,0,1
535933,0,1
536033,0,1
536133,0,1
536233,0,1
536333,0,1
536433,0,1
536533,0,1
536633,0,1
536733,0,1
536833,0,1
536933,0,1
537033,0,1
537133,0,1
537233,0,1
537328,0,1
537428,0,1
537528,0,1
537628,0,1
537728,0,1
537856,0,0
537956,0,0
538056,0,0
538156,0,0
538256,0,0
538356,0,0
538456,0,0
538556,0,0
538656,0,0
538756,0,0
538856,0,0
538956,0,0
539056,0,0
539156,0,0
539256,0,0
539356,0,0
539456,0,0
539556,0,0
539656,0,0
539756,0,0
539856,0,0
539956,0,0
540056,0,0
540156,0,0
540256,0,0
540356,0,0
540456,0,0
540556,0,0
540656,0,0
540756,0,0
540856,0,0
540956,0,0
541056,0,0
541156,0,0
541256,0,0
541352,0,0
541452,0,0
541552,0,0
541652,0,0
541752,0,0
541852,0,0
541952,0,0
542052,0,0
542152,0,0
542252,0,0
542352,0,0
542452,0,0
542552,0,0
542652,0,0
542752,0,0
542852,0,0
542952,0,0
543052,0,0
543152,0,0
543252,0,0
543352,0,0
543452,0,0
543552,0,0
543652,0,0
543752,0,0
543852,0,0
543952,0,0
544052,0,0
544152,0,0
544252,0,0
544352,0,0
544452,0,0
544552,0,0
544652,0,0
544752,0,0
544852,0,0
544952,0,0
545052,0,0
545152,0,0
545252,0,0
545346,0,0
545446,0,0
545546,0,0
545646,0,0
545746,0,0
545846,0,0
545946,0,0
546046,0,0
546146,0,0
546246,0,0
546346,0,0
546446,0,0
546546,0,0
546646,0,0
546746,0,0
546846,0,0
546946,0,0
547046,0,0
547146,0,0
547246,0,0
547346,0,0
547446,0,0
547546,0,0
547646,0,0
547746,0,0
547846,0,0
547946,0,0
548046,0,0
548146,0,0
548246,0,0
548346,0,0
548446,0,0
548546,0,0
548646,0,0
548746,0,0
548846,0,0
548946,0,0
549046,0,0
549146,0,0
549246,0,0
549343,0,0
549443,0,0
549543,0,0
549643,0,0
549743,0,0
549843,0,0
549943,0,0
550043,0,0
550143,0,0
550243,0,0
550343,0,0
550443,0,0
550543,0,0
550643,0,0
550743,0,0
550843,0,0
550943,0,0
551043,0,0
551143,0,0
551243,0,0
551343,0,0
551443,0,0
551543,0,0
551643,0,0
551743,0,0
551843,0,0
551943,0,0
552043,0,0
552143,0,0
552243,0,0
552343,0,0
552443,0,0
552543,0,0
552643,0,0
552743,0,0
552843,0,0
552943,0,0
553043,0,0
553143,0,0
553243,0,0
553337,0,0
553437,0,0
553537,0,0
553637,0,0
553737,0,0
553837,0,0
553937,0,0
554037,0,0
554137,0,0
554237,0,0
554337,0,0
554437,0,0
554537,0,0
554637,0,0
554737,0,0
554837,0,0
554937,0,0
555037,0,0
555137,0,0
555237,0,0
555337,0,0
555437,0,0
555537,0,0
555637,0,0
555737,0,0
555837,0,0
555937,0,0
556037,0,0
556137,0,0
556237,0,0
556337,0,0
556437,0,0
556537,0,0
556637,0,0
556737,0,0
556837,0,0
556937,0,0
557037,0,0
557137,0,0
557237,0,0
557334,0,0
557434,0,0
557534,0,0
557634,0,0
557734,0,0
557834,0,0
557934,0,0
558034,0,0
558134,0,0
558234,0,0
558334,0,0
558434,0,0
558534,0,0
558634,0,0
558734,0,0
558834,0,0
558934,0,0
559034,0,0
559134,0,0
559234,0,0
559334,0,0
559434,0,0
559534,0,0
559634,0,0
559734,0,0
559834,0,0
559934,0,0
560034,0,0
560134,0,0
560234,0,0
560334,0,0
560434,0,0
560534,0,0
560634,0,0
560734,0,0
560834,0,0
560934,0,0
561034,0,0
561134,0,0
561234,0,0
561334,0,0
561418,0,0
561518,0,0
561618,0,0
561718,0,0
561818,0,0
561918,0,0
562018,0,0
562118,0,0
562218,0,0
562318,0,0
562418,0,0
562518,0,0
562618,0,0
562718,0,0
562818,0,0
562918,0,0
563018,0,0
563118,0,0
563218,0,0
563318,0,0
563418,0,0
563518,0,0
563618,0,0
563718,0,0
563818,0,0
563918,0,0
564018,0,0
564118,0,0
564218,0,0
564318,0,0
564418,0,0
564518,0,0
564618,0,0
564718,0,0
564818,0,0
564918,0,0
565018,0,0
565118,0,0
565218,0,0
565318,0,0
565424,0,0
565524,0,0
565624,0,0
565724,0,0
565824,0,0
565924,0,0
566024,0,0
566124,0,0
566224,0,0
566324,0,0
566424,0,0
566524,0,0
566624,0,0
566724,0,0
566824,0,0
566924,0,0
567024,0,0
567124,0,0
567224,0,0
567324,0,0
567424,0,0
567524,0,0
567624,0,0
567724,0,0
567824,0,0
567924,0,0
568024,0,0
568124,0,0
568224,0,0
568324,0,0
568424,0,0
568524,0,0
568624,0,0
568724,0,0
568824,0,0
568924,0,0
569024,0,0
569124,0,0
569224,0,0
569324,0,0
569421,0,0
569521,0,0
569621,0,0
569721,0,0
569821,0,0
569921,0,0
570021,0,0
570121,0,0
570221,0,0
570321,0,0
570421,0,0
570521,0,0
570621,0,0
570721,0,0
570821,0,0
570921,0,0
571021,0,0
571121,0,0
571221,0,0
571321,0,0
571421,0,0
571521,0,0
571621,0,0
571721,0,0
571821,0,0
571921,0,0
572021,0,0
572121,0,0
572221,0,0
572321,0,0
572421,0,0
572521,0,0
572621,0,0
572721,0,0
572821,0,0
572921,0,0
573021,0,0
573121,0,0
573221,0,0
573321,0,0
573416,0,0
573516,0,0
573616,0,0
573716,0,0
573816,0,0
573916,0,0
574016,0,0
574116,0,0
574216,0,0
574316,0,0
574416,0,0
574516,0,0
574616,0,0
574716,0,0
574816,0,0
574916,0,0
575016,0,0
575116,0,0
575216,0,0
575316,0,0
575416,0,0
575516,0,0
575616,0,0
575716,0,0
575816,0,0
575916,0,0
576016,0,0
576116,0,0
576216,0,0
576316,0,0
576416,0,0
576516,0,0
576616,0,0
576716,0,0
576816,0,0
576916,0,0
577016,0,0
577116,0,0
577216,0,0
577316,0,0
577416,0,0
577516,0,0
577616,0,0
577716,0,0
577816,0,0
577916,0,0
578016,0,0
578116,0,0
578216,0,0
578316,0,0
578416,0,0
578516,0,0
578616,0,0
578716,0,0
578816,0,0
578916,0,0
579016,0,0
579116,0,0
579216,0,0
579316,0,0
579416,0,0
579516,0,0
579616,0,0
579716,0,0
579816,0,0
579916,0,0
580016,0,0
580116,0,0
580216,0,0
580442,0,0
580542,0,0
580642,0,0
580742,0,0
580842,0,0
580942,0,0
581042,0,0
581142,0,0
581242,0,0
581342,0,0
581442,0,0
581542,0,0
581642,0,0
581742,0,0
581842,0,0
581942,0,0
582042,0,0
582142,0,0
582242,0,0
582342,0,0
582442,0,0
582542,0,0
582642,0,0
582742,0,0
582842,0,0
582942,0,0
583043,0,0
583143,0,0
583243,0,0
583343,0,0
583443,0,0
583543,0,0
583643,0,0
583743,0,0
583843,0,0
583943,0,0
584043,0,0
584143,0,0
584243,0,0
584343,0,0
584443,0,0
584543,0,0
584643,0,0
584743,0,0
584843,0,0
584943,0,0
585043,0,0
585143,0,0
585243,0,0
585343,0,0
585443,0,0
585543,0,0
585643,0,0
585743,0,0
585843,0,0
585944,0,0
586044,0,0
586144,0,0
586244,0,0
586344,0,0
586444,0,0
586544,0,0
586644,0,0
586744,0,0
586844,0,0
586944,0,0
587044,0,0
587144,0,0
587244,0,0
587344,0,0
587444,0,0
587544,0,0
587644,0,0
587744,0,0
587844,0,0
587944,0,0
588044,0,0
588144,0,0
588244,0,0
588344,0,0
588444,0,0
588544,0,0
588644,0,0
588744,0,0
588844,0,0
588944,0,0
589044,0,0
589144,0,0
589244,0,0
589344,0,0
589444,0,0
589544,0,0
589644,0,0
589744,0,0
589844,0,0
589944,0,0
590044,0,0
590144,0,0
590244,0,0
590344,0,0
590444,0,0
590544,0,0
590644,0,0
590744,0,0
590844,0,0
590944,0,0
591044,0,0
591144,0,0
591244,0,0
591344,0,0
591444,0,0
591544,0,0
591644,0,0
591744,0,0
591844,0,0
591944,0,0
592044,0,0
592144,0,0
592244,0,0
592344,0,0
592444,0,0
592544,0,0
592644,0,0
592744,0,0
592844,0,0
592944,0,0
593044,0,0
593144,0,0
593244,0,0
593344,0,0
593444,0,0
593544,0,0
593644,0,0
593744,0,0
593844,0,0
593944,0,0
594044,0,0
594144,0,0
594244,0,0
594344,0,0
594444,0,0
594544,0,0
594644,0,0
594744,0,0
594844,0,0
594944,0,0
595044,0,0
595144,0,0
595244,0,0
595344,0,0
595444,0,0
595544,0,0
595644,0,0
595744,0,0
595844,0,0
595944,0,0
596044,0,0
596144,0,0
596244,0,0
596344,0,0
596444,0,0
596544,0,0
596644,0,0
596744,0,0
596844,0,0
596944,0,0
597044,0,0
597144,0,0
597244,0,0
597344,0,0
597444,0,0
597544,0,0
597644,0,0
597744,0,0
597844,0,0
597944,0,0
598044,0,0
598144,0,0
598244,0,0
598344,0,0
598444,0,0
598544,0,0
598644,0,0
598744,0,0
598844,0,0
598944,0,0
599044,0,0
599144,0,0
599244,0,0
599344,0,0
599444,0,0
599544,0,0
599644,0,0
599744,0,0
599844,0,0
599944,0,0
600044,0,0
600144,0,0
600244,0,0
600344,0,0
600444,0,0
600544,0,0
600644,0,0
600744,0,0
600844,0,0
600944,0,0
601044,0,0
601144,0,0
601244,0,0
601344,0,0
601444,0,0
601544,0,0
601644,0,0
601744,0,0
601844,0,0
601944,0,0
602044,0,0
602144,0,0
602244,0,0
602344,0,0
602444,0,0
602544,0,0
602644,0,0
602744,0,0
602844,0,0
602944,0,0
603044,0,0
603144,0,0
603244,0,0
603344,0,0
603444,0,0
603544,0,0
603644,0,0
603744,0,0
603844,0,0
603944,0,0
604044,0,0
604144,0,0
604244,0,0
604344,0,0
604444,0,0
604544,0,0
604644,0,0
604744,0,0
604844,0,0
604944,0,0
