p:4000,20000,6000,600,8000,4000,2000,8000,70
15108,0,0
15208,0,0
15308,0,0
15408,0,0
15508,0,0
15608,0,0
15708,0,0
15808,0,0
15908,0,0
16008,0,0
16108,0,0
16208,0,0
16308,0,0
16408,0,0
16508,0,0
16608,0,0
16708,0,0
16808,0,0
16908,0,0
17008,0,0
17108,0,0
17208,0,0
17308,0,0
17408,0,0
17508,0,0
17608,0,0
17708,0,0
17808,0,0
17908,0,0
18008,0,0
18108,0,0
18208,0,0
18308,0,0
18408,0,0
18508,0,0
18608,0,0
18708,0,0
18808,0,0
18908,0,0
19008,0,0
19104,0,0
19204,0,0
19304,0,0
19404,0,0
19504,0,0
19604,0,0
19704,0,0
19804,0,0
19904,0,0
20004,0,0
20104,0,0
20204,0,0
20304,0,0
20404,0,0
20504,0,0
20604,0,0
20704,0,0
20804,0,0
20904,0,0
21004,0,0
21104,0,0
21204,0,0
21304,0,0
21404,0,0
21504,0,0
21604,0,0
21704,0,0
21804,0,0
21904,0,0
22004,0,0
22104,0,0
22204,0,0
22304,0,0
22404,0,0
22504,0,0
22604,0,0
22704,0,0
22804,0,0
22904,0,0
23004,0,0
23103,0,0
23203,0,0
23303,0,0
23403,0,0
23503,0,0
23603,0,0
23703,0,0
23803,0,0
23903,0,0
24003,0,0
24103,0,0
24203,0,0
24303,0,0
24403,0,0
24503,0,0
24603,0,0
24703,0,0
24803,0,0
24903,0,0
25003,0,0
25103,0,0
25203,0,0
25303,0,0
25403,0,0
25503,0,0
25603,0,0
25703,0,0
25803,0,0
25903,0,0
26003,0,0
26103,0,0
26203,0,0
26303,0,0
26403,0,0
26503,0,0
26603,0,0
26703,0,0
26803,0,0
26903,0,0
27003,0,0
27102,0,0
27202,0,0
27302,0,0
27402,0,0
27502,0,0
27602,0,0
27702,0,0
27802,0,0
27902,0,0
28002,0,0
28102,0,0
28202,0,0
28302,0,0
28402,0,0
28502,0,0
28602,0,0
28702,0,0
28802,0,0
28902,0,0
29002,0,0
29102,0,0
29202,0,0
29302,0,0
29402,0,0
29502,0,0
29602,0,0
29702,0,0
29802,0,0
29902,0,0
30002,0,0
30102,0,0
30202,0,0
30302,0,0
30402,0,0
30502,0,0
30602,0,0
30702,0,0
30802,0,0
30902,0,0
31002,0,0
31102,0,0
31202,0,0
31302,0,0
31402,0,0
31502,0,0
31602,0,0
31702,0,0
31802,0,0
31902,0,0
32002,0,0
32102,0,0
32202,0,0
32302,0,0
32402,0,0
32502,0,0
32602,0,0
32702,0,0
32802,0,0
32902,0,0
33002,0,0
33102,0,0
33202,0,0
33302,0,0
33402,0,0
33502,0,0
33602,0,0
33702,0,0
33802,0,0
33902,0,0
34002,0,0
34102,0,0
34202,0,0
34302,0,0
34402,0,0
34502,0,0
34602,0,0
34702,0,0
34802,0,0
34902,0,0
35002,0,0
35099,0,0
35199,0,0
35299,0,0
35399,0,0
35499,0,0
35599,0,0
35699,0,0
35799,0,0
35899,0,0
35999,0,0
36099,0,0
36199,0,0
36299,0,0
36399,0,0
36499,0,0
36599,0,0
36699,0,0
36799,0,0
36899,0,0
36999,0,0
37099,0,0
37199,0,0
37299,0,0
37399,0,0
37499,0,0
37599,0,0
37699,0,0
37799,0,0
37899,0,0
37999,0,0
38099,0,0
38199,0,0
38299,0,0
38399,0,0
38499,0,0
38599,0,0
38699,0,0
38799,0,0
38899,0,0
38999,0,0
39095,0,0
39195,0,0
39295,0,0
39395,0,0
39495,0,0
39595,0,0
39695,0,0
39795,0,0
39895,0,0
39995,0,0
40095,0,0
40195,0,0
40295,0,0
40395,0,0
40495,0,0
40595,0,0
40695,0,0
40795,0,0
40895,0,0
40995,0,0
41095,0,0
41195,0,0
41295,0,0
41395,0,0
41495,0,0
41595,0,0
41695,0,0
41795,0,0
41895,0,0
41995,0,0
42095,0,0
42195,0,0
42295,0,0
42395,0,0
42495,0,0
42595,0,0
42695,0,0
42795,0,0
42895,0,0
42995,0,0
43096,0,0
43196,0,0
43296,0,0
43396,0,0
43496,0,0
43596,0,0
43696,0,0
43796,0,0
43896,0,0
43996,0,0
44096,0,0
44196,0,0
44296,0,0
44396,0,0
44496,0,0
44596,0,0
44696,0,0
44796,0,0
44896,0,0
44996,0,0
45096,0,0
45196,0,0
45296,0,0
45396,0,0
45496,0,0
45596,0,0
45696,0,0
45796,0,0
45896,0,0
45996,0,0
46096,0,0
46196,0,0
46296,0,0
46396,0,0
46496,0,0
46596,0,0
46696,0,0
46796,0,0
46896,0,0
46996,0,0
47094,0,0
47194,0,0
47294,0,0
47394,0,0
47494,0,0
47594,0,0
47694,0,0
47794,0,0
47894,0,0
47994,0,0
48094,0,0
48194,0,0
48294,0,0
48394,0,0
48494,0,0
48594,0,0
48694,0,0
48794,0,0
48894,0,0
48994,0,0
49094,0,0
49194,0,0
49294,0,0
49394,0,0
49494,0,0
49594,0,0
49694,0,0
49794,0,0
49894,0,0
49994,0,0
50094,0,0
50194,0,0
50294,0,0
50394,0,0
50494,0,0
50594,0,0
50694,0,0
50794,0,0
50894,0,0
50994,0,0
51093,0,0
51193,0,0
51293,0,0
51393,0,0
51493,0,0
51593,0,0
51693,0,0
51793,0,0
51893,0,0
51993,0,0
52093,0,0
52193,0,0
52293,0,0
52393,0,0
52493,0,0
52593,0,0
52693,0,0
52793,0,0
52893,0,0
52993,0,0
53093,0,0
53193,0,0
53293,0,0
53393,0,0
53493,0,0
53593,0,0
53693,0,0
53793,0,0
53893,0,0
53993,0,0
54093,0,0
54193,0,0
54293,0,0
54393,0,0
54493,0,0
54593,0,0
54693,0,0
54793,0,0
54893,0,0
54993,0,0
55093,0,0
55193,0,0
55293,0,0
55393,0,0
55493,0,0
55593,0,0
55693,0,0
55793,0,0
55893,0,0
55993,0,0
56093,0,0
56193,0,0
56293,0,0
56393,0,0
56493,0,0
56593,0,0
56693,0,0
56793,0,0
56893,0,0
56993,0,0
57093,0,0
57193,0,0
57293,0,0
57393,0,0
57493,0,0
57593,0,0
57693,0,0
57793,0,0
57893,0,0
57993,0,0
58093,0,0
58193,0,0
58293,0,0
58393,0,0
58493,0,0
58593,0,0
58693,0,0
58793,0,0
58893,0,0
58993,0,0
59093,0,0
59193,0,0
59293,0,0
59393,0,0
59493,0,0
59593,0,0
59693,0,0
59793,0,0
59893,0,0
59993,0,0
60093,0,0
60193,0,0
60293,0,0
60393,0,0
60493,0,0
60593,0,0
60693,0,0
60793,0,0
60893,0,0
60993,0,0
61093,0,0
61193,0,0
61293,0,0
61393,0,0
61493,0,0
61593,0,0
61693,0,0
61793,0,0
61893,0,0
61993,0,0
62093,0,0
62193,0,0
62293,0,0
62393,0,0
62493,0,0
62593,0,0
62693,0,0
62793,0,0
62893,0,0
62993,0,0
63093,0,0
63193,0,0
63293,0,0
63393,0,0
63493,0,0
63593,0,0
63693,0,0
63793,0,0
63893,0,0
63993,0,0
64093,0,0
64193,0,0
64293,0,0
64393,0,0
64493,0,0
64593,0,0
64693,0,0
64793,0,0
64893,0,0
64993,0,0
65093,0,0
65193,0,0
65293,0,0
65393,0,0
65493,0,0
65593,0,0
65693,0,0
65793,0,0
65893,0,0
65993,0,0
66093,0,0
66193,0,0
66293,0,0
66393,0,0
66493,0,0
66593,0,0
66693,0,0
66793,0,0
66893,0,0
66993,0,0
67093,0,0
67193,0,0
67293,0,0
67393,0,0
67493,0,0
67593,0,0
67693,0,0
67793,0,0
67893,0,0
67993,0,0
68093,0,0
68193,0,0
68293,0,0
68393,0,0
68493,0,0
68593,0,0
68693,0,0
68793,0,0
68893,0,0
68993,0,0
69093,0,0
69193,0,0
69293,0,0
69393,0,0
69493,0,0
69593,0,0
69693,0,0
69793,0,0
69893,0,0
69993,0,0
70093,0,0
70193,0,0
70293,0,0
70393,0,0
70493,0,0
70593,0,0
70693,0,0
70793,0,0
70893,0,0
70993,0,0
71093,0,0
71193,0,0
71293,0,0
71393,0,0
71493,0,0
71593,0,0
71693,0,0
71793,0,0
71893,0,0
71993,0,0
72093,0,0
72193,0,0
72293,0,0
72393,0,0
72493,0,0
72593,0,0
72693,0,0
72793,0,0
72893,0,0
72993,0,0
73093,0,0
73193,0,0
73293,0,0
73393,0,0
73493,0,0
73584,0,0
73684,0,0
73784,0,0
73884,0,0
73984,0,0
74563,0,0
74663,0,1
74763,0,1
74863,0,1
74963,0,1
75063,0,1
75163,0,1
75264,0,1
75364,0,1
75464,0,1
75564,0,1
75664,0,1
75764,0,1
75864,0,1
75964,0,1
76064,0,1
76164,0,1
76264,0,1
76364,0,1
76464,0,1
76564,0,1
76664,0,1
76764,0,1
76864,0,1
76964,0,1
77064,0,1
77164,0,1
77264,0,1
77364,0,1
77464,0,1
77562,0,1
77662,0,1
77762,0,1
77862,0,1
77962,0,1
78062,0,1
78162,0,1
78262,0,1
78362,0,1
78462,0,1
78590,0,0
78805,0,0
78905,0,1
79005,0,1
79105,0,1
79205,1,2
79305,1,2
79405,1,2
79505,1,2
79605,1,2
79705,1,2
79805,1,2
79905,1,2
80005,1,2
80105,1,2
80205,1,2
80305,1,2
80405,1,2
80505,1,2
80605,1,2
80705,1,2
80805,1,2
80905,1,2
81005,1,2
81105,1,2
81232,0,0
81332,0,0
81432,0,0
81532,0,0
81623,0,0
81723,0,0
81824,0,0
81924,0,0
82024,0,0
82124,0,0
82224,0,0
82324,0,0
82424,0,0
82524,0,0
82624,0,0
82724,0,0
82824,0,0
82924,0,0
83024,0,0
83124,0,0
83224,0,0
83511,0,0
83611,0,1
83711,0,1
83811,0,1
83911,0,1
84011,0,1
84111,0,1
84211,0,1
84311,0,1
84411,0,1
84512,0,1
84612,0,1
84712,0,1
84812,0,1
84912,0,1
85012,0,1
85112,0,1
85212,0,1
85312,0,1
85412,0,1
85512,0,1
85618,0,1
85718,0,1
85818,0,1
85918,0,1
86018,0,1
86118,0,1
86218,0,1
86318,0,1
86418,0,1
86518,0,1
86618,0,1
86718,0,1
86818,0,1
86918,0,1
87018,0,1
87118,0,1
87218,0,1
87318,0,1
87419,0,1
87545,0,0
87645,0,0
87745,0,0
87846,0,0
87946,0,0
88046,0,0
88146,0,0
88246,0,0
88863,0,0
88963,0,1
89063,0,1
89163,0,1
89263,0,1
89363,0,1
89464,0,1
89561,0,1
89661,0,1
89761,0,1
89861,0,1
89961,0,1
90062,0,1
90162,0,1
90262,0,1
90362,0,1
90462,0,1
90562,0,1
90662,0,1
90762,0,1
90862,0,1
90962,0,1
91062,0,1
91162,0,1
91262,0,1
91362,0,1
91462,0,1
91562,0,1
91662,0,1
91762,0,1
91862,0,1
91962,0,1
92062,0,1
92162,0,1
92262,0,1
92362,0,1
92462,0,1
92562,0,1
92662,0,1
92762,0,1
92889,0,0
92989,0,0
93089,0,0
93189,0,0
93289,0,0
93390,0,0
93490,0,0
93589,0,0
93689,0,0
93789,0,0
93889,0,0
93989,0,0
94089,0,0
94189,0,0
94289,0,0
94389,0,0
94489,0,0
94589,0,0
94689,0,0
94789,0,0
94889,0,0
94989,0,0
95089,0,0
95189,0,0
95289,0,0
95389,0,0
95489,0,0
95589,0,0
95689,0,0
95789,0,0
95889,0,0
95989,0,0
96089,0,0
96189,0,0
96290,0,0
96390,0,0
97010,0,0
97110,0,1
97210,0,1
97310,0,1
97410,0,1
97510,0,1
97607,0,1
97707,0,1
97807,0,1
97908,0,1
98008,0,1
98108,0,1
98208,0,1
98308,0,1
98408,0,1
98508,0,1
98608,0,1
98708,0,1
98808,0,1
98908,0,1
99008,0,1
99108,0,1
99208,0,1
99308,0,1
99408,0,1
99508,0,1
99608,0,1
99708,0,1
99808,0,1
99908,0,1
100008,0,1
100108,0,1
100208,0,1
100308,0,1
100408,0,1
100508,0,1
100608,0,1
100708,0,1
100808,0,1
100908,0,1
101036,0,0
101136,0,0
101236,0,0
101336,0,0
101436,0,0
101536,0,0
101635,0,0
101735,0,0
101835,0,0
101935,0,0
102035,0,0
102135,0,0
102235,0,0
102335,0,0
102435,0,0
102535,0,0
102635,0,0
102735,0,0
102835,0,0
102935,0,0
103035,0,0
103135,0,0
103235,0,0
103335,0,0
103435,0,0
103535,0,0
103635,0,0
103735,0,0
103835,0,0
103935,0,0
104035,0,0
104135,0,0
104235,0,0
104335,0,0
104435,0,0
104535,0,0
104770,0,0
104870,0,1
104970,0,1
105070,0,1
105179,0,1
105279,0,0
105379,0,0
105479,0,0
105579,0,0
105679,0,0
105778,0,0
105878,0,0
105978,0,0
106078,0,0
106178,0,0
106278,0,0
106378,0,0
106478,0,0
106578,0,0
106678,0,0
106778,0,0
106878,0,0
106978,0,0
107078,0,0
107178,0,0
107278,0,0
107378,0,0
107478,0,0
107578,0,0
107678,0,0
107778,0,0
107878,0,0
107978,0,0
108078,0,0
108178,0,0
108278,0,0
108378,0,0
108478,0,0
108578,0,0
108678,0,0
108971,0,0
109071,0,1
109171,0,1
109271,0,1
109371,0,1
109471,0,1
109571,0,1
109671,0,1
109768,0,1
109868,0,1
109968,0,1
110068,0,1
110168,0,1
110268,0,1
110368,0,1
110468,0,1
110568,0,1
110668,0,1
110768,0,1
110868,0,1
110968,0,1
111068,0,1
111168,0,1
111268,0,1
111368,0,1
111468,0,1
111568,0,1
111668,0,1
111768,0,1
111868,0,1
111968,0,1
112069,0,1
112169,0,1
112269,0,1
112369,0,1
112469,0,1
112569,0,1
112669,0,1
112769,0,1
112869,0,1
112996,0,0
113096,0,0
113196,0,0
113296,0,0
113396,0,0
113496,0,0
113596,0,0
113696,0,0
113796,0,0
113896,0,0
113996,0,0
114096,0,0
114196,0,0
114296,0,0
114396,0,0
114496,0,0
114596,0,0
114696,0,0
114796,0,0
114896,0,0
114996,0,0
115096,0,0
115196,0,0
115296,0,0
115397,0,0
115497,0,0
115597,0,0
115697,0,0
115797,0,0
115897,0,0
115997,0,0
116097,0,0
116197,0,0
116297,0,0
116397,0,0
116497,0,0
116597,0,0
116697,0,0
116797,0,0
116897,0,0
116997,0,0
117097,0,0
117197,0,0
117297,0,0
117397,0,0
117497,0,0
117597,0,0
117697,0,0
117797,0,0
117897,0,0
117997,0,0
118097,0,0
118197,0,0
118298,0,0
118398,0,0
118498,0,0
118598,0,0
118698,0,0
118798,0,0
118898,0,0
118998,0,0
119098,0,0
119198,0,0
119298,0,0
119398,0,0
119498,0,0
119598,0,0
119698,0,0
119798,0,0
119898,0,0
119998,0,0
120098,0,0
120198,0,0
120298,0,0
120398,0,0
120498,0,0
120598,0,0
120698,0,0
120798,0,0
120898,0,0
120998,0,0
121098,0,0
121199,0,0
121299,0,0
121399,0,0
121499,0,0
121599,0,0
121699,0,0
121799,0,0
121899,0,0
121999,0,0
122099,0,0
122199,0,0
122299,0,0
122399,0,0
122499,0,0
122599,0,0
122699,0,0
122799,0,0
122899,0,0
122999,0,0
123099,0,0
123199,0,0
123299,0,0
123399,0,0
123499,0,0
123599,0,0
123699,0,0
123799,0,0
123899,0,0
123999,0,0
124099,0,0
124199,0,0
124299,0,0
124399,0,0
124499,0,0
124599,0,0
124699,0,0
124799,0,0
124899,0,0
124999,0,0
125099,0,0
125199,0,0
125299,0,0
125399,0,0
125499,0,0
125599,0,0
125699,0,0
125799,0,0
125899,0,0
125936,0,0
126036,0,0
126136,0,0
126236,0,0
126336,0,0
126436,0,0
126536,0,0
126636,0,0
126736,0,0
126836,0,0
126936,0,0
127036,0,0
127136,0,0
127236,0,0
127336,0,0
127436,0,0
127536,0,0
127636,0,0
127736,0,0
127836,0,0
127936,0,0
128036,0,0
128136,0,0
128236,0,0
128336,0,0
128436,0,0
128536,0,0
128636,0,0
128736,0,0
128836,0,0
128936,0,0
129036,0,0
129136,0,0
129236,0,0
129336,0,0
129436,0,0
129536,0,0
129636,0,0
129736,0,0
129893,0,0
129993,0,0
130093,0,0
130193,0,0
130293,0,0
130393,0,0
130493,0,0
130593,0,0
130693,0,0
130793,0,0
130893,0,0
130993,0,0
131093,0,0
131193,0,0
131293,0,0
131393,0,0
131493,0,0
131593,0,0
131693,0,0
131793,0,0
131893,0,0
131993,0,0
132093,0,0
132193,0,0
132293,0,0
132393,0,0
132493,0,0
132593,0,0
132693,0,0
132793,0,0
132893,0,0
132993,0,0
133093,0,0
133193,0,0
133293,0,0
133393,0,0
133493,0,0
133593,0,0
133693,0,0
133793,0,0
133891,0,0
133991,0,0
134091,0,0
134191,0,0
134291,0,0
134391,0,0
134491,0,0
134591,0,0
134691,0,0
134791,0,0
134891,0,0
134991,0,0
135091,0,0
135191,0,0
135291,0,0
135391,0,0
135491,0,0
135591,0,0
135691,0,0
135791,0,0
135891,0,0
135991,0,0
136091,0,0
136191,0,0
136291,0,0
136391,0,0
136491,0,0
136591,0,0
136691,0,0
136791,0,0
136891,0,0
136991,0,0
137091,0,0
137191,0,0
137291,0,0
137391,0,0
137491,0,0
137591,0,0
137691,0,0
137791,0,0
137888,0,0
137988,0,0
138088,0,0
138188,0,0
138288,0,0
138388,0,0
138488,0,0
138588,0,0
138688,0,0
138788,0,0
138888,0,0
138988,0,0
139088,0,0
139188,0,0
139288,0,0
139388,0,0
139488,0,0
139588,0,0
139688,0,0
139788,0,0
139888,0,0
139988,0,0
140088,0,0
140188,0,0
140288,0,0
140388,0,0
140488,0,0
140588,0,0
140688,0,0
140788,0,0
140888,0,0
140988,0,0
141088,0,0
141188,0,0
141288,0,0
141388,0,0
141488,0,0
141588,0,0
141688,0,0
141788,0,0
141886,0,0
141986,0,0
142086,0,0
142186,0,0
142286,0,0
142386,0,0
142486,0,0
142586,0,0
142686,0,0
142786,0,0
142886,0,0
142986,0,0
143086,0,0
143186,0,0
143286,0,0
143386,0,0
143486,0,0
143586,0,0
143686,0,0
143786,0,0
143886,0,0
143986,0,0
144086,0,0
144186,0,0
144286,0,0
144386,0,0
144486,0,0
144586,0,0
144686,0,0
144786,0,0
144886,0,0
144986,0,0
145086,0,0
145186,0,0
145286,0,0
145386,0,0
145486,0,0
145586,0,0
145686,0,0
145786,0,0
145885,0,0
145985,0,0
146085,0,0
146185,0,0
146285,0,0
146385,0,0
146485,0,0
146585,0,0
146685,0,0
146785,0,0
146885,0,0
146985,0,0
147085,0,0
147185,0,0
147285,0,0
147385,0,0
147485,0,0
147585,0,0
147685,0,0
147785,0,0
147885,0,0
147985,0,0
148085,0,0
148185,0,0
148285,0,0
148385,0,0
148485,0,0
148585,0,0
148685,0,0
148785,0,0
148885,0,0
148985,0,0
149085,0,0
149185,0,0
149285,0,0
149385,0,0
149485,0,0
149585,0,0
149685,0,0
149785,0,0
149883,0,0
149983,0,0
150083,0,0
150183,0,0
150283,0,0
150383,0,0
150483,0,0
150583,0,0
150683,0,0
150783,0,0
150883,0,0
150983,0,0
151083,0,0
151183,0,0
151283,0,0
151383,0,0
151483,0,0
151583,0,0
151683,0,0
151783,0,0
151883,0,0
151983,0,0
152083,0,0
152183,0,0
152283,0,0
152383,0,0
152483,0,0
152583,0,0
152683,0,0
152783,0,0
152883,0,0
152983,0,0
153083,0,0
153183,0,0
153283,0,0
153383,0,0
153483,0,0
153583,0,0
153683,0,0
153783,0,0
153882,0,0
153982,0,0
154082,0,0
154182,0,0
154282,0,0
154382,0,0
154482,0,0
154582,0,0
154682,0,0
154782,0,0
154882,0,0
154982,0,0
155082,0,0
155182,0,0
155282,0,0
155382,0,0
155482,0,0
155582,0,0
155682,0,0
155782,0,0
155882,0,0
155982,0,0
156082,0,0
156182,0,0
156282,0,0
156382,0,0
156482,0,0
156582,0,0
156682,0,0
156782,0,0
156882,0,0
156982,0,0
157082,0,0
157182,0,0
157282,0,0
157382,0,0
157482,0,0
157582,0,0
157682,0,0
157782,0,0
157880,0,0
157980,0,0
158080,0,0
158180,0,0
158280,0,0
158380,0,0
158480,0,0
158580,0,0
158680,0,0
158780,0,0
158880,0,0
158980,0,0
159080,0,0
159180,0,0
159280,0,0
159380,0,0
159480,0,0
159580,0,0
159680,0,0
159780,0,0
159880,0,0
159980,0,0
160080,0,0
160180,0,0
160280,0,0
160380,0,0
160480,0,0
160580,0,0
160680,0,0
160780,0,0
160880,0,0
160980,0,0
161080,0,0
161180,0,0
161280,0,0
161380,0,0
161480,0,0
161580,0,0
161680,0,0
161780,0,0
161878,0,0
161978,0,0
162078,0,0
162178,0,0
162278,0,0
162378,0,0
162478,0,0
162578,0,0
162678,0,0
162778,0,0
162878,0,0
162978,0,0
163078,0,0
163178,0,0
163278,0,0
163378,0,0
163478,0,0
163578,0,0
163678,0,0
163778,0,0
163878,0,0
163978,0,0
164078,0,0
164178,0,0
164278,0,0
164378,0,0
164478,0,0
164578,0,0
164678,0,0
164778,0,0
164878,0,0
164978,0,0
165078,0,0
165178,0,0
165278,0,0
165378,0,0
165478,0,0
165578,0,0
165678,0,0
165778,0,0
165876,0,0
165976,0,0
166076,0,0
166176,0,0
166276,0,0
166376,0,0
166476,0,0
166576,0,0
166676,0,0
166776,0,0
166876,0,0
166976,0,0
167076,0,0
167176,0,0
167276,0,0
167376,0,0
167476,0,0
167576,0,0
167676,0,0
167776,0,0
167876,0,0
167976,0,0
168076,0,0
168176,0,0
168276,0,0
168376,0,0
168476,0,0
168576,0,0
168676,0,0
168776,0,0
168876,0,0
168976,0,0
169076,0,0
169176,0,0
169276,0,0
169376,0,0
169476,0,0
169576,0,0
169676,0,0
169776,0,0
169876,0,0
169976,0,0
170076,0,0
170176,0,0
170276,0,0
170376,0,0
170476,0,0
170576,0,0
170676,0,0
170776,0,0
170876,0,0
170976,0,0
171076,0,0
171176,0,0
171276,0,0
171376,0,0
171476,0,0
171576,0,0
171676,0,0
171776,0,0
171876,0,0
171976,0,0
172076,0,0
172176,0,0
172276,0,0
172376,0,0
172476,0,0
172576,0,0
172676,0,0
172776,0,0
172876,0,0
172976,0,0
173076,0,0
173176,0,0
173276,0,0
173376,0,0
173476,0,0
173576,0,0
173676,0,0
173776,0,0
173876,0,0
173976,0,0
174076,0,0
174176,0,0
174276,0,0
174376,0,0
174476,0,0
174576,0,0
174676,0,0
174776,0,0
174876,0,0
174976,0,0
175076,0,0
175176,0,0
175276,0,0
175376,0,0
175476,0,0
175576,0,0
175676,0,0
175776,0,0
175876,0,0
175976,0,0
176076,0,0
176176,0,0
176276,0,0
176376,0,0
176476,0,0
176576,0,0
176676,0,0
176776,0,0
176876,0,0
176976,0,0
177076,0,0
177176,0,0
177276,0,0
177376,0,0
177476,0,0
177576,0,0
177676,0,0
177776,0,0
177876,0,0
177976,0,0
178076,0,0
178176,0,0
178276,0,0
178376,0,0
178476,0,0
178576,0,0
178676,0,0
178776,0,0
178876,0,0
178976,0,0
179076,0,0
179176,0,0
179276,0,0
179376,0,0
179476,0,0
179576,0,0
179676,0,0
179776,0,0
179876,0,0
179976,0,0
180076,0,0
180176,0,0
180276,0,0
180376,0,0
180476,0,0
180576,0,0
180676,0,0
180776,0,0
180876,0,0
180976,0,0
181076,0,0
181176,0,0
181276,0,0
181376,0,0
181476,0,0
181576,0,0
181676,0,0
181776,0,0
181876,0,0
181976,0,0
182076,0,0
182176,0,0
182276,0,0
182376,0,0
182476,0,0
182576,0,0
182676,0,0
182776,0,0
182876,0,0
182976,0,0
183076,0,0
183176,0,0
183276,0,0
183376,0,0
183476,0,0
183576,0,0
183676,0,0
183776,0,0
183876,0,0
183976,0,0
184076,0,0
184176,0,0
184276,0,0
184376,0,0
184476,0,0
184576,0,0
184676,0,0
184776,0,0
184876,0,0
184976,0,0
185076,0,0
185176,0,0
185276,0,0
185376,0,0
185476,0,0
185576,0,0
185676,0,0
185776,0,0
185876,0,0
185968,0,0
186068,0,0
186168,0,0
186268,0,0
186619,0,0
186719,0,1
186819,0,1
186919,0,1
187019,0,1
187119,0,1
187219,0,1
187319,0,1
187419,0,1
187519,0,1
187619,0,1
187719,0,1
187819,0,1
187919,0,1
188019,0,1
188119,0,1
188219,0,1
188319,0,1
188419,0,1
188519,0,1
188619,0,1
188719,0,1
188819,0,1
188919,0,1
189019,0,1
189119,0,1
189219,0,1
189319,0,1
189419,0,1
189520,0,1
189620,0,1
189720,0,1
189820,0,1
189918,0,1
190018,0,1
190118,0,1
190218,0,1
190318,0,1
190418,0,1
190518,0,1
190646,0,0
190746,0,0
190846,0,0
190946,0,0
191046,0,0
191146,0,0
191246,0,0
191346,0,0
191446,0,0
191546,0,0
191646,0,0
191746,0,0
191846,0,0
191946,0,0
192046,0,0
192146,0,0
192246,0,0
192346,0,0
192446,0,0
192546,0,0
192646,0,0
192746,0,0
192846,0,0
192946,0,0
193046,0,0
193146,0,0
193246,0,0
193346,0,0
193446,0,0
193546,0,0
193646,0,0
193746,0,0
193846,0,0
193945,0,0
194045,0,0
194145,0,0
194245,0,0
194345,0,0
194445,0,0
194545,0,0
194645,0,0
194745,0,0
194845,0,0
194945,0,0
195045,0,0
195145,0,0
195245,0,0
195345,0,0
195445,0,0
195545,0,0
195645,0,0
195745,0,0
195845,0,0
195945,0,0
196045,0,0
196145,0,0
196245,0,0
196345,0,0
196445,0,0
196545,0,0
196645,0,0
196745,0,0
196845,0,0
196945,0,0
197045,0,0
197145,0,0
197245,0,0
197345,0,0
197445,0,0
197545,0,0
197645,0,0
197745,0,0
197845,0,0
197945,0,0
198043,0,0
198143,0,0
198243,0,0
198343,0,0
198443,0,0
198543,0,0
198643,0,0
198743,0,0
198843,0,0
198943,0,0
199043,0,0
199143,0,0
199243,0,0
199343,0,0
199443,0,0
199543,0,0
199643,0,0
199743,0,0
199843,0,0
199943,0,0
200043,0,0
200143,0,0
200243,0,0
200343,0,0
200443,0,0
200543,0,0
200643,0,0
200743,0,0
200843,0,0
200943,0,0
201043,0,0
201143,0,0
201243,0,0
201343,0,0
201443,0,0
201543,0,0
201643,0,0
201743,0,0
201843,0,0
201943,0,0
202041,0,0
202141,0,0
202241,0,0
202341,0,0
202441,0,0
202541,0,0
202641,0,0
202741,0,0
202841,0,0
202941,0,0
203041,0,0
203141,0,0
203241,0,0
203341,0,0
203441,0,0
203541,0,0
203641,0,0
203741,0,0
203841,0,0
203941,0,0
204041,0,0
204141,0,0
204241,0,0
204341,0,0
204441,0,0
204541,0,0
204641,0,0
204741,0,0
204841,0,0
204941,0,0
205041,0,0
205141,0,0
205241,0,0
205341,0,0
205441,0,0
205541,0,0
205641,0,0
205741,0,0
205841,0,0
205941,0,0
206039,0,0
206139,0,0
206239,0,0
206339,0,0
206439,0,0
206539,0,0
206639,0,0
206739,0,0
206839,0,0
206939,0,0
207039,0,0
207139,0,0
207239,0,0
207339,0,0
207439,0,0
207539,0,0
207639,0,0
207739,0,0
207839,0,0
207939,0,0
208039,0,0
208139,0,0
208239,0,0
208339,0,0
208439,0,0
208539,0,0
208639,0,0
208739,0,0
208839,0,0
208939,0,0
209039,0,0
209139,0,0
209239,0,0
209339,0,0
209439,0,0
209539,0,0
209639,0,0
209739,0,0
209839,0,0
209939,0,0
210037,0,0
210137,0,0
210237,0,0
210337,0,0
210437,0,0
210537,0,0
210637,0,0
210737,0,0
210837,0,0
210937,0,0
211037,0,0
211137,0,0
211237,0,0
211337,0,0
211437,0,0
211537,0,0
211637,0,0
211737,0,0
211837,0,0
211937,0,0
212037,0,0
212137,0,0
212237,0,0
212337,0,0
212437,0,0
212537,0,0
212637,0,0
212737,0,0
212837,0,0
212937,0,0
213037,0,0
213137,0,0
213237,0,0
213337,0,0
213437,0,0
213537,0,0
213637,0,0
213737,0,0
213837,0,0
213937,0,0
214035,0,0
214135,0,0
214235,0,0
214335,0,0
214435,0,0
214535,0,0
214635,0,0
214735,0,0
214835,0,0
214935,0,0
215035,0,0
215135,0,0
215235,0,0
215335,0,0
215435,0,0
215535,0,0
215635,0,0
215735,0,0
215835,0,0
215935,0,0
216035,0,0
216135,0,0
216235,0,0
216335,0,0
216435,0,0
216535,0,0
216635,0,0
216735,0,0
216835,0,0
216935,0,0
217035,0,0
217135,0,0
217235,0,0
217335,0,0
217435,0,0
217535,0,0
217635,0,0
217735,0,0
217835,0,0
217935,0,0
218035,0,0
218135,0,0
218235,0,0
218335,0,0
218435,0,0
218535,0,0
218635,0,0
218735,0,0
218835,0,0
218935,0,0
219035,0,0
219135,0,0
219235,0,0
219335,0,0
219435,0,0
219535,0,0
219635,0,0
219735,0,0
219835,0,0
219935,0,0
220035,0,0
220135,0,0
220235,0,0
220335,0,0
220435,0,0
220535,0,0
220635,0,0
220735,0,0
220835,0,0
220935,0,0
221035,0,0
221135,0,0
221235,0,0
221335,0,0
221435,0,0
221535,0,0
221635,0,0
221735,0,0
221835,0,0
221935,0,0
222033,0,0
222133,0,0
222233,0,0
222333,0,0
222433,0,0
222533,0,0
222633,0,0
222733,0,0
222833,0,0
222933,0,0
223033,0,0
223133,0,0
223233,0,0
223333,0,0
223433,0,0
223533,0,0
223633,0,0
223733,0,0
223833,0,0
223933,0,0
224033,0,0
224133,0,0
224233,0,0
224333,0,0
224433,0,0
224533,0,0
224633,0,0
224733,0,0
224833,0,0
224933,0,0
225033,0,0
225133,0,0
225233,0,0
225333,0,0
225433,0,0
225533,0,0
225633,0,0
225733,0,0
225833,0,0
225933,0,0
226033,0,0
226133,0,0
226233,0,0
226333,0,0
226433,0,0
226533,0,0
226633,0,0
226733,0,0
226833,0,0
226933,0,0
227033,0,0
227133,0,0
227233,0,0
227333,0,0
227433,0,0
227533,0,0
227633,0,0
227733,0,0
227833,0,0
227933,0,0
228033,0,0
228133,0,0
228233,0,0
228333,0,0
228433,0,0
228533,0,0
228633,0,0
228733,0,0
228833,0,0
228933,0,0
229033,0,0
229133,0,0
229233,0,0
229333,0,0
229433,0,0
229533,0,0
229633,0,0
229733,0,0
229833,0,0
229933,0,0
230033,0,0
230133,0,0
230233,0,0
230333,0,0
230433,0,0
230533,0,0
230633,0,0
230733,0,0
230833,0,0
230933,0,0
231033,0,0
231133,0,0
231233,0,0
231333,0,0
231433,0,0
231533,0,0
231633,0,0
231733,0,0
231833,0,0
231933,0,0
232033,0,0
232133,0,0
232233,0,0
232333,0,0
232433,0,0
232533,0,0
232633,0,0
232733,0,0
232833,0,0
232933,0,0
233033,0,0
233133,0,0
233233,0,0
233333,0,0
233433,0,0
233533,0,0
233633,0,0
233733,0,0
233833,0,0
233933,0,0
234033,0,0
234133,0,0
234233,0,0
234333,0,0
234433,0,0
234533,0,0
234633,0,0
234733,0,0
234833,0,0
234933,0,0
235033,0,0
235133,0,0
235233,0,0
235333,0,0
235433,0,0
235533,0,0
235633,0,0
235733,0,0
235833,0,0
235933,0,0
236033,0,0
236133,0,0
236233,0,0
236333,0,0
236433,0,0
236533,0,0
236633,0,0
236733,0,0
236833,0,0
236933,0,0
237033,0,0
237133,0,0
237233,0,0
237333,0,0
237433,0,0
237533,0,0
237633,0,0
237733,0,0
237833,0,0
237933,0,0
238033,0,0
238133,0,0
238233,0,0
238333,0,0
238433,0,0
238533,0,0
238633,0,0
238733,0,0
238833,0,0
238933,0,0
239033,0,0
239133,0,0
239233,0,0
239333,0,0
239433,0,0
239533,0,0
239633,0,0
239733,0,0
239833,0,0
239933,0,0
240033,0,0
240133,0,0
240233,0,0
240333,0,0
240433,0,0
240533,0,0
240633,0,0
240733,0,0
240833,0,0
240933,0,0
241033,0,0
241133,0,0
241233,0,0
241333,0,0
241433,0,0
241533,0,0
241633,0,0
241733,0,0
241833,0,0
241933,0,0
242033,0,0
242133,0,0
242233,0,0
242333,0,0
242433,0,0
242533,0,0
242633,0,0
242724,0,0
242824,0,0
242924,0,0
243338,0,0
243438,0,1
243538,0,1
243638,0,1
243738,0,1
243838,0,1
243939,0,1
244039,0,1
244139,0,1
244239,0,1
244339,0,1
244439,0,1
244539,0,1
244639,0,1
244739,0,1
244839,0,1
244939,0,1
245039,0,1
245139,0,1
245239,0,1
245339,0,1
245439,0,1
245539,0,1
245639,0,1
245739,0,1
245839,0,1
245939,0,1
246039,0,1
246139,0,1
246239,0,1
246339,0,1
246439,0,1
246539,0,1
246639,0,1
246737,0,1
246838,0,1
246938,0,1
247038,0,1
247138,0,1
247238,0,1
247365,0,0
247465,0,0
247565,0,0
247665,0,0
247765,0,0
247865,0,0
247965,0,0
248065,0,0
248165,0,0
248265,0,0
248365,0,0
248465,0,0
248565,0,0
248665,0,0
248765,0,0
248865,0,0
248965,0,0
249065,0,0
249165,0,0
249265,0,0
249365,0,0
249465,0,0
249565,0,0
249665,0,0
249765,0,0
249865,0,0
249965,0,0
250065,0,0
250166,0,0
250266,0,0
250366,0,0
250466,0,0
250566,0,0
250666,0,0
250764,0,0
250864,0,0
250964,0,0
251064,0,0
251164,0,0
251264,0,0
251364,0,0
251464,0,0
251564,0,0
251664,0,0
251764,0,0
251864,0,0
251964,0,0
252064,0,0
252164,0,0
252264,0,0
252364,0,0
252464,0,0
252564,0,0
252664,0,0
252764,0,0
252864,0,0
252964,0,0
253064,0,0
253164,0,0
253264,0,0
253364,0,0
253464,0,0
253564,0,0
253664,0,0
253764,0,0
253864,0,0
253964,0,0
254064,0,0
254164,0,0
254264,0,0
254364,0,0
254464,0,0
254564,0,0
254664,0,0
254764,0,0
254864,0,0
254964,0,0
255064,0,0
255164,0,0
255264,0,0
255364,0,0
255464,0,0
255564,0,0
255664,0,0
255764,0,0
255864,0,0
255964,0,0
256064,0,0
256164,0,0
256264,0,0
256364,0,0
256464,0,0
256564,0,0
256664,0,0
256764,0,0
256864,0,0
256964,0,0
257064,0,0
257164,0,0
257264,0,0
257364,0,0
257464,0,0
257564,0,0
257664,0,0
257764,0,0
257864,0,0
257964,0,0
258064,0,0
258164,0,0
258264,0,0
258364,0,0
258464,0,0
258564,0,0
258664,0,0
258761,0,0
258861,0,0
258961,0,0
259061,0,0
259161,0,0
259261,0,0
259361,0,0
259461,0,0
259561,0,0
259661,0,0
259761,0,0
259861,0,0
259961,0,0
260061,0,0
260161,0,0
260261,0,0
260361,0,0
260461,0,0
260561,0,0
260661,0,0
260761,0,0
260861,0,0
260961,0,0
261061,0,0
261161,0,0
261261,0,0
261361,0,0
261461,0,0
261561,0,0
261661,0,0
261761,0,0
261861,0,0
261961,0,0
262061,0,0
262161,0,0
262261,0,0
262361,0,0
262461,0,0
262561,0,0
262661,0,0
262759,0,0
262859,0,0
262959,0,0
263059,0,0
263159,0,0
263259,0,0
263359,0,0
263459,0,0
263559,0,0
263659,0,0
263759,0,0
263859,0,0
263959,0,0
264059,0,0
264159,0,0
264259,0,0
264359,0,0
264459,0,0
264559,0,0
264659,0,0
264759,0,0
264859,0,0
264959,0,0
265059,0,0
265159,0,0
265259,0,0
265359,0,0
265459,0,0
265559,0,0
265659,0,0
265759,0,0
265859,0,0
265959,0,0
266059,0,0
266159,0,0
266259,0,0
266359,0,0
266459,0,0
266559,0,0
266659,0,0
266756,0,0
266856,0,0
266956,0,0
267056,0,0
267156,0,0
267256,0,0
267356,0,0
267456,0,0
267556,0,0
267656,0,0
267756,0,0
267856,0,0
267956,0,0
268056,0,0
268156,0,0
268256,0,0
268356,0,0
268456,0,0
268556,0,0
268656,0,0
268756,0,0
268856,0,0
268956,0,0
269056,0,0
269156,0,0
269256,0,0
269356,0,0
269456,0,0
269556,0,0
269656,0,0
269756,0,0
269856,0,0
269956,0,0
270056,0,0
270156,0,0
270256,0,0
270356,0,0
270456,0,0
270556,0,0
270656,0,0
270756,0,0
270856,0,0
270956,0,0
271056,0,0
271156,0,0
271256,0,0
271356,0,0
271456,0,0
271556,0,0
271656,0,0
271756,0,0
271856,0,0
271956,0,0
272056,0,0
272156,0,0
272256,0,0
272356,0,0
272456,0,0
272556,0,0
272656,0,0
272756,0,0
272856,0,0
272956,0,0
273056,0,0
273156,0,0
273256,0,0
273356,0,0
273456,0,0
273556,0,0
273656,0,0
273756,0,0
273856,0,0
273956,0,0
274056,0,0
274156,0,0
274256,0,0
274356,0,0
274456,0,0
274556,0,0
274656,0,0
274754,0,0
274854,0,0
274954,0,0
275054,0,0
275154,0,0
275254,0,0
275354,0,0
275454,0,0
275554,0,0
275654,0,0
275754,0,0
275854,0,0
275954,0,0
276054,0,0
276154,0,0
276254,0,0
276354,0,0
276454,0,0
276554,0,0
276654,0,0
276754,0,0
276854,0,0
276954,0,0
277054,0,0
277154,0,0
277254,0,0
277354,0,0
277454,0,0
277554,0,0
277654,0,0
277754,0,0
277854,0,0
277954,0,0
278054,0,0
278154,0,0
278254,0,0
278354,0,0
278454,0,0
278554,0,0
278654,0,0
278753,0,0
278853,0,0
278953,0,0
279053,0,0
279153,0,0
279253,0,0
279353,0,0
279453,0,0
279553,0,0
279653,0,0
279753,0,0
279853,0,0
279953,0,0
280053,0,0
280153,0,0
280253,0,0
280353,0,0
280453,0,0
280553,0,0
280653,0,0
280753,0,0
280853,0,0
280953,0,0
281053,0,0
281153,0,0
281253,0,0
281353,0,0
281453,0,0
281553,0,0
281653,0,0
281753,0,0
281853,0,0
281953,0,0
282053,0,0
282153,0,0
282253,0,0
282353,0,0
282453,0,0
282553,0,0
282653,0,0
282753,0,0
282853,0,0
282953,0,0
283053,0,0
283153,0,0
283253,0,0
283353,0,0
283453,0,0
283553,0,0
283653,0,0
283753,0,0
283853,0,0
283953,0,0
284053,0,0
284153,0,0
284253,0,0
284353,0,0
284453,0,0
284553,0,0
284653,0,0
284753,0,0
284853,0,0
284953,0,0
285053,0,0
285153,0,0
285253,0,0
285353,0,0
285453,0,0
285553,0,0
285653,0,0
285753,0,0
285853,0,0
285953,0,0
286053,0,0
286153,0,0
286253,0,0
286353,0,0
286453,0,0
286553,0,0
286653,0,0
286753,0,0
286853,0,0
286953,0,0
287053,0,0
287153,0,0
287253,0,0
287353,0,0
287453,0,0
287553,0,0
287653,0,0
287753,0,0
287853,0,0
287953,0,0
288053,0,0
288153,0,0
288253,0,0
288353,0,0
288453,0,0
288553,0,0
288653,0,0
288753,0,0
288853,0,0
288953,0,0
289053,0,0
289153,0,0
289253,0,0
289353,0,0
289453,0,0
289553,0,0
289653,0,0
289753,0,0
289853,0,0
289953,0,0
290053,0,0
290153,0,0
290253,0,0
290353,0,0
290453,0,0
290553,0,0
290653,0,0
290753,0,0
290853,0,0
290953,0,0
291053,0,0
291153,0,0
291253,0,0
291353,0,0
291453,0,0
291553,0,0
291653,0,0
291753,0,0
291853,0,0
291953,0,0
292053,0,0
292153,0,0
292253,0,0
292353,0,0
292453,0,0
292553,0,0
292653,0,0
292753,0,0
292853,0,0
292953,0,0
293053,0,0
293153,0,0
293253,0,0
293353,0,0
293453,0,0
293553,0,0
293653,0,0
293753,0,0
293853,0,0
293953,0,0
294053,0,0
294153,0,0
294253,0,0
294353,0,0
294453,0,0
294553,0,0
294653,0,0
294753,0,0
294853,0,0
294953,0,0
295053,0,0
295153,0,0
295253,0,0
295353,0,0
295453,0,0
295553,0,0
295653,0,0
295753,0,0
295853,0,0
295953,0,0
296053,0,0
296153,0,0
296253,0,0
296353,0,0
296453,0,0
296553,0,0
296653,0,0
296753,0,0
296853,0,0
296953,0,0
297053,0,0
297153,0,0
297253,0,0
297353,0,0
297453,0,0
297553,0,0
297653,0,0
297753,0,0
297853,0,0
297953,0,0
298053,0,0
298153,0,0
298253,0,0
298353,0,0
298453,0,0
298553,0,0
298653,0,0
298753,0,0
298853,0,0
298953,0,0
299053,0,0
299153,0,0
299253,0,0
299353,0,0
299444,0,0
299544,0,0
299644,0,0
299888,0,0
299988,0,1
300088,0,1
300188,0,1
300288,0,1
300388,1,2
300488,1,2
300588,1,2
300688,1,2
300788,1,2
300888,1,2
300988,1,2
301088,1,2
301188,1,2
301288,1,2
301388,1,2
301488,1,2
301588,1,2
301688,1,2
301788,1,2
301888,1,2
301988,1,2
302088,1,2
302188,1,2
302288,1,2
302388,0,0
302488,0,0
302588,0,0
302688,0,0
302788,0,0
302888,0,0
302988,0,0
303088,0,0
303188,0,0
303288,0,0
303388,0,0
303485,0,0
303585,0,0
303685,0,0
303785,0,0
303885,0,0
303985,0,0
304085,0,0
304185,0,0
304285,0,0
304534,0,0
304634,0,1
304734,0,1
304834,0,1
304934,0,1
305034,0,1
305134,0,1
305234,0,1
305334,0,1
305434,0,1
305534,0,1
305634,0,1
305734,0,1
305834,0,1
305934,0,1
306035,0,1
306135,0,1
306235,0,1
306335,0,1
306435,0,1
306535,0,1
306635,0,1
306735,0,1
306835,0,1
306935,0,1
307035,0,1
307135,0,1
307235,0,1
307335,0,1
307435,0,1
307532,0,1
307632,0,1
307732,0,1
307832,0,1
307932,0,1
308032,0,1
308132,0,1
308232,0,1
308332,0,1
308432,0,1
308560,0,0
308660,0,0
308760,0,0
308860,0,0
308960,0,0
309061,0,0
309339,0,0
309439,0,1
309539,0,1
309639,0,1
309739,0,1
309839,0,1
309939,0,1
310039,0,1
310139,0,1
310239,0,1
310339,0,1
310439,0,1
310539,0,1
310640,0,1
310740,0,1
310840,0,1
310940,0,1
311040,0,1
311140,0,1
311240,0,1
311340,0,1
311440,0,1
311532,0,1
311632,0,1
311732,0,1
311832,0,1
311932,0,1
312032,0,1
312132,0,1
312232,0,1
312332,0,1
312432,0,1
312532,0,1
312632,0,1
312732,0,1
312832,0,1
312932,0,1
313032,0,1
313132,0,1
313232,0,1
313359,0,0
313459,0,0
313559,0,0
313659,0,0
313759,0,0
313859,0,0
314033,0,0
314133,0,1
314233,0,1
314333,0,1
314433,0,1
314533,0,1
314633,0,1
314733,0,1
314833,0,1
314933,0,1
315033,0,1
315133,0,1
315233,0,1
315333,0,1
315433,0,1
315533,0,1
315633,0,1
315733,0,1
315833,0,1
315933,0,1
316033,0,1
316133,0,1
316233,0,1
316333,0,1
316434,0,1
316534,0,1
316634,0,1
316734,0,1
316834,0,1
316934,0,1
317034,0,1
317134,0,1
317234,0,1
317334,0,1
317434,0,1
317534,0,1
317634,0,1
317734,0,1
317834,0,1
317934,0,1
318062,0,0
318162,0,0
318262,0,0
318362,0,0
318462,0,0
318562,0,0
318662,0,0
318762,0,0
318862,0,0
318962,0,0
319062,0,0
319162,0,0
319262,0,0
319362,0,0
319468,0,0
319568,0,0
319668,0,0
319768,0,0
319868,0,0
319968,0,0
320068,0,0
320168,0,0
320268,0,0
320368,0,0
320468,0,0
320568,0,0
320668,0,0
320768,0,0
320868,0,0
320968,0,0
321068,0,0
321168,0,0
321268,0,0
321368,0,0
321468,0,0
321568,0,0
321668,0,0
321768,0,0
321868,0,0
321968,0,0
322068,0,0
322168,0,0
322268,0,0
322368,0,0
322468,0,0
322568,0,0
322668,0,0
322768,0,0
322868,0,0
322968,0,0
323068,0,0
323168,0,0
323268,0,0
323368,0,0
323465,0,0
323565,0,0
323665,0,0
323765,0,0
323865,0,0
323965,0,0
324065,0,0
324165,0,0
324265,0,0
324365,0,0
324465,0,0
324565,0,0
324665,0,0
324765,0,0
324865,0,0
324965,0,0
325065,0,0
325165,0,0
325265,0,0
325365,0,0
325465,0,0
325565,0,0
325665,0,0
325765,0,0
325865,0,0
325965,0,0
326065,0,0
326165,0,0
326265,0,0
326365,0,0
326465,0,0
326565,0,0
326665,0,0
326765,0,0
326865,0,0
326965,0,0
327065,0,0
327165,0,0
327265,0,0
327365,0,0
327465,0,0
327563,0,0
327663,0,0
327763,0,0
327863,0,0
327963,0,0
328063,0,0
328163,0,0
328263,0,0
328363,0,0
328463,0,0
328563,0,0
328663,0,0
328763,0,0
328863,0,0
328963,0,0
329063,0,0
329163,0,0
329263,0,0
329363,0,0
329463,0,0
329563,0,0
329663,0,0
329763,0,0
329863,0,0
329963,0,0
330063,0,0
330163,0,0
330263,0,0
330363,0,0
330463,0,0
330563,0,0
330663,0,0
330763,0,0
330863,0,0
330963,0,0
331063,0,0
331163,0,0
331263,0,0
331363,0,0
331463,0,0
331563,0,0
331663,0,0
331763,0,0
331863,0,0
331963,0,0
332063,0,0
332163,0,0
332263,0,0
332363,0,0
332463,0,0
332563,0,0
332663,0,0
332763,0,0
332863,0,0
332963,0,0
333063,0,0
333163,0,0
333263,0,0
333363,0,0
333463,0,0
333563,0,0
333663,0,0
333763,0,0
333863,0,0
333963,0,0
334063,0,0
334163,0,0
334263,0,0
334363,0,0
334463,0,0
334563,0,0
334663,0,0
334763,0,0
334863,0,0
334963,0,0
335063,0,0
335163,0,0
335263,0,0
335363,0,0
335463,0,0
335561,0,0
335661,0,0
335761,0,0
335861,0,0
335961,0,0
336061,0,0
336161,0,0
336261,0,0
336361,0,0
336461,0,0
336561,0,0
336661,0,0
336761,0,0
336861,0,0
336961,0,0
337061,0,0
337161,0,0
337261,0,0
337361,0,0
337461,0,0
337561,0,0
337661,0,0
337761,0,0
337861,0,0
337961,0,0
338061,0,0
338161,0,0
338261,0,0
338361,0,0
338461,0,0
338561,0,0
338661,0,0
338761,0,0
338861,0,0
338961,0,0
339061,0,0
339161,0,0
339261,0,0
339361,0,0
339461,0,0
339558,0,0
339658,0,0
339758,0,0
339858,0,0
339958,0,0
340058,0,0
340158,0,0
340258,0,0
340358,0,0
340458,0,0
340558,0,0
340658,0,0
340758,0,0
340858,0,0
340958,0,0
341058,0,0
341158,0,0
341258,0,0
341358,0,0
341458,0,0
341558,0,0
341658,0,0
341758,0,0
341858,0,0
341958,0,0
342058,0,0
342158,0,0
342258,0,0
342358,0,0
342458,0,0
342558,0,0
342658,0,0
342758,0,0
342858,0,0
342958,0,0
343058,0,0
343158,0,0
343258,0,0
343358,0,0
343458,0,0
343558,0,0
343658,0,0
343758,0,0
343858,0,0
343958,0,0
344058,0,0
344158,0,0
344258,0,0
344358,0,0
344458,0,0
344558,0,0
344658,0,0
344758,0,0
344858,0,0
344958,0,0
345058,0,0
345158,0,0
345258,0,0
345358,0,0
345458,0,0
345558,0,0
345658,0,0
345758,0,0
345858,0,0
345958,0,0
346058,0,0
346158,0,0
346258,0,0
346358,0,0
346458,0,0
346558,0,0
346658,0,0
346758,0,0
346858,0,0
346958,0,0
347058,0,0
347158,0,0
347258,0,0
347358,0,0
347458,0,0
347558,0,0
347658,0,0
347758,0,0
347858,0,0
347958,0,0
348058,0,0
348158,0,0
348258,0,0
348358,0,0
348458,0,0
348558,0,0
348658,0,0
348758,0,0
348858,0,0
348958,0,0
349058,0,0
349158,0,0
349258,0,0
349358,0,0
349458,0,0
349558,0,0
349658,0,0
349758,0,0
349858,0,0
349958,0,0
350058,0,0
350158,0,0
350258,0,0
350358,0,0
350458,0,0
350558,0,0
350658,0,0
350758,0,0
350858,0,0
350958,0,0
351058,0,0
351158,0,0
351258,0,0
351358,0,0
351458,0,0
351558,0,0
351658,0,0
351758,0,0
351858,0,0
351958,0,0
352058,0,0
352158,0,0
352258,0,0
352358,0,0
352458,0,0
352558,0,0
352658,0,0
352758,0,0
352858,0,0
352958,0,0
353058,0,0
353158,0,0
353258,0,0
353358,0,0
353458,0,0
353558,0,0
353658,0,0
353758,0,0
353858,0,0
353958,0,0
354058,0,0
354158,0,0
354258,0,0
354358,0,0
354458,0,0
354558,0,0
354658,0,0
354758,0,0
354858,0,0
354958,0,0
355058,0,0
355158,0,0
355258,0,0
355358,0,0
355458,0,0
355552,0,0
355652,0,0
355752,0,0
355852,0,0
355952,0,0
356052,0,0
356152,0,0
356252,0,0
356352,0,0
356452,0,0
356552,0,0
356652,0,0
356752,0,0
356852,0,0
356952,0,0
357052,0,0
357152,0,0
357252,0,0
357352,0,0
357452,0,0
357552,0,0
357652,0,0
357752,0,0
357852,0,0
357952,0,0
358052,0,0
358152,0,0
358252,0,0
358352,0,0
358452,0,0
358552,0,0
358652,0,0
358789,0,0
358889,0,1
358989,0,1
359089,0,1
359189,1,2
359289,1,2
359390,1,2
359490,1,2
359588,1,2
359688,1,2
359788,1,2
359888,1,2
359988,1,2
360088,1,2
360188,1,2
360288,1,2
360388,1,2
360488,1,2
360588,1,2
360688,1,2
360788,1,2
360888,1,2
360988,1,2
361088,1,2
361212,0,0
361312,0,0
361412,0,0
361512,0,0
361612,0,0
361712,0,0
361812,0,0
361912,0,0
362012,0,0
362112,0,0
362212,0,0
362312,0,0
362412,0,0
362512,0,0
362612,0,0
362712,0,0
362812,0,0
362912,0,0
363012,0,0
363112,0,0
363212,0,0
363684,0,0
363784,0,1
363883,0,1
363983,0,1
364083,0,1
364183,0,1
364283,0,1
364383,0,1
364483,0,1
364583,0,1
364683,0,1
364783,0,1
364883,0,1
364983,0,1
365083,0,1
365183,0,1
365283,0,1
365383,0,1
365483,0,1
365583,0,1
365683,0,1
365783,0,1
365883,0,1
365983,0,1
366083,0,1
366183,0,1
366283,0,1
366384,0,1
366484,0,1
366584,0,1
366684,0,1
366784,0,1
366884,0,1
366984,0,1
367084,0,1
367184,0,1
367284,0,1
367384,0,1
367484,0,1
367584,0,1
367712,0,0
367812,0,0
367909,0,0
368009,0,0
368109,0,0
368209,0,0
368309,0,0
368409,0,0
368509,0,0
368609,0,0
368709,0,0
368809,0,0
368909,0,0
369009,0,0
369109,0,0
369209,0,0
369309,0,0
369410,0,0
369510,0,0
369610,0,0
369710,0,0
369810,0,0
369910,0,0
370010,0,0
370110,0,0
370210,0,0
370310,0,0
370410,0,0
370510,0,0
370610,0,0
370710,0,0
370810,0,0
370910,0,0
371010,0,0
371110,0,0
371210,0,0
371310,0,0
371410,0,0
371510,0,0
371805,0,0
371896,0,1
371996,0,1
372096,0,1
372196,0,1
372296,0,1
372396,0,1
372496,0,1
372596,0,1
372696,0,1
372796,0,1
372896,0,1
372996,0,1
373096,0,1
373196,0,1
373296,0,1
373396,0,1
373497,0,1
373597,0,1
373697,0,1
373797,0,1
373897,0,1
373997,0,1
374097,0,1
374197,0,1
374297,0,1
374397,0,1
374497,0,1
374597,0,1
374697,0,1
374797,0,1
374897,0,1
374997,0,1
375097,0,1
375197,0,1
375297,0,1
375397,0,1
375497,0,1
375597,0,1
375697,0,1
375825,0,0
375925,0,0
376025,0,0
376125,0,0
376225,0,0
376325,0,0
376425,0,0
376526,0,0
376626,0,0
376726,0,0
376826,0,0
376926,0,0
377026,0,0
377126,0,0
377226,0,0
377326,0,0
377426,0,0
377526,0,0
377626,0,0
377726,0,0
377826,0,0
377926,0,0
378026,0,0
378126,0,0
378226,0,0
378326,0,0
378426,0,0
378526,0,0
378626,0,0
378726,0,0
378826,0,0
378926,0,0
379026,0,0
379126,0,0
379226,0,0
379326,0,0
379427,0,0
379527,0,0
379627,0,0
380178,0,0
379919,0,1
380019,0,1
380119,0,1
380230,0,1
380330,1,2
380430,1,2
380530,1,2
380630,1,2
380730,1,2
380830,1,2
380930,1,2
381031,1,2
381131,1,2
381231,1,2
381331,1,2
381431,1,2
381531,1,2
381631,1,2
381731,1,2
381831,1,2
381931,1,2
382031,1,2
382131,1,2
382258,0,0
382358,0,0
382458,0,0
382558,0,0
382658,0,0
382758,0,0
382858,0,0
382958,0,0
383058,0,0
383158,0,0
383258,0,0
383358,0,0
383458,0,0
383558,0,0
383658,0,0
384054,0,0
384154,0,0
384254,0,0
384354,0,0
384454,0,0
384554,0,0
384860,0,0
384960,0,1
385060,0,1
385160,0,1
385260,0,1
385360,0,1
385460,0,1
385560,0,1
385660,0,1
385760,0,1
385860,0,1
385960,0,1
386060,0,1
386160,0,1
386260,0,1
386361,0,1
386461,0,1
386561,0,1
386661,0,1
386761,0,1
386861,0,1
386961,0,1
387061,0,1
387161,0,1
387261,0,1
387361,0,1
387461,0,1
387561,0,1
387661,0,1
387761,0,1
387861,0,1
388026,0,1
388126,0,1
388226,0,1
388326,0,1
388426,0,1
388526,0,1
388626,0,1
388726,0,1
388826,0,1
388954,0,0
389054,0,0
389154,0,0
389254,0,0
389354,0,0
389454,0,0
389554,0,0
389654,0,0
389754,0,0
389854,0,0
389954,0,0
390054,0,0
390154,0,0
390254,0,0
390354,0,0
390454,0,0
390554,0,0
390654,0,0
390754,0,0
390854,0,0
390954,0,0
391054,0,0
391154,0,0
391254,0,0
391354,0,0
391454,0,0
391554,0,0
391654,0,0
391754,0,0
391854,0,0
391954,0,0
392053,0,0
392153,0,0
392253,0,0
392353,0,0
392453,0,0
392553,0,0
392653,0,0
392753,0,0
392891,0,0
392991,0,1
393091,0,1
393191,0,1
393291,0,1
393391,0,1
393491,0,1
393591,0,1
393691,0,1
393791,0,1
393892,0,1
393992,0,1
394092,0,1
394192,0,1
394292,0,1
394392,0,1
394492,0,1
394592,0,1
394692,0,1
394792,0,1
394892,0,1
394992,0,1
395092,0,1
395192,0,1
395292,0,1
395392,0,1
395492,0,1
395592,0,1
395692,0,1
395792,0,1
395892,0,1
395990,0,1
396090,0,1
396190,0,1
396290,0,1
396390,0,1
396490,0,1
396590,0,1
396690,0,1
396791,0,1
396917,0,0
397017,0,0
397117,0,0
397218,0,0
397318,0,0
397418,0,0
397518,0,0
397618,0,0
397718,0,0
397818,0,0
397918,0,0
398018,0,0
398118,0,0
398218,0,0
398318,0,0
398418,0,0
398518,0,0
398618,0,0
398718,0,0
398818,0,0
398918,0,0
399018,0,0
399118,0,0
399218,0,0
399318,0,0
399418,0,0
399518,0,0
399618,0,0
399718,0,0
399818,0,0
399918,0,0
400018,0,0
400119,0,0
400219,0,0
400319,0,0
400419,0,0
400519,0,0
400619,0,0
400719,0,0
400819,0,0
400919,0,0
401019,0,0
401119,0,0
401219,0,0
401319,0,0
401419,0,0
401519,0,0
401619,0,0
401719,0,0
401819,0,0
401919,0,0
402019,0,0
402119,0,0
402219,0,0
402319,0,0
402419,0,0
402519,0,0
402619,0,0
402719,0,0
402819,0,0
402919,0,0
403019,0,0
403119,0,0
403219,0,0
403319,0,0
403419,0,0
403519,0,0
403619,0,0
403719,0,0
403819,0,0
403919,0,0
404019,0,0
404119,0,0
404219,0,0
404319,0,0
404419,0,0
404519,0,0
404619,0,0
404719,0,0
404819,0,0
404919,0,0
405019,0,0
405119,0,0
405219,0,0
405319,0,0
405419,0,0
405519,0,0
405619,0,0
405719,0,0
405819,0,0
405919,0,0
406019,0,0
406119,0,0
406219,0,0
406319,0,0
406419,0,0
406519,0,0
406619,0,0
406719,0,0
406819,0,0
406919,0,0
407019,0,0
407119,0,0
407219,0,0
407319,0,0
407419,0,0
407519,0,0
407619,0,0
407719,0,0
407819,0,0
407919,0,0
408019,0,0
408119,0,0
408219,0,0
408319,0,0
408419,0,0
408519,0,0
408619,0,0
408719,0,0
408819,0,0
408919,0,0
409019,0,0
409119,0,0
409219,0,0
409319,0,0
409419,0,0
409519,0,0
409619,0,0
409719,0,0
409819,0,0
409919,0,0
410019,0,0
410119,0,0
410219,0,0
410319,0,0
410419,0,0
410519,0,0
410619,0,0
410719,0,0
410819,0,0
410919,0,0
411019,0,0
411119,0,0
411219,0,0
411319,0,0
411419,0,0
411519,0,0
411619,0,0
411719,0,0
411819,0,0
411919,0,0
412019,0,0
412119,0,0
412219,0,0
412319,0,0
412419,0,0
412519,0,0
412619,0,0
412719,0,0
412819,0,0
412919,0,0
413019,0,0
413119,0,0
413219,0,0
413319,0,0
413419,0,0
413519,0,0
413619,0,0
413719,0,0
413819,0,0
413919,0,0
414019,0,0
414119,0,0
414219,0,0
414319,0,0
414419,0,0
414519,0,0
414619,0,0
414719,0,0
414819,0,0
414919,0,0
415019,0,0
415119,0,0
415219,0,0
415319,0,0
415419,0,0
415519,0,0
415619,0,0
415719,0,0
415819,0,0
415919,0,0
416011,0,0
416111,0,0
416211,0,0
416311,0,0
416411,0,0
416511,0,0
416611,0,0
416711,0,0
416811,0,0
416911,0,0
417011,0,0
417111,0,0
417211,0,0
417311,0,0
417411,0,0
417511,0,0
417611,0,0
417711,0,0
417811,0,0
418123,0,0
418223,0,1
418323,0,1
418423,0,1
418523,0,1
418623,0,1
418723,0,1
418823,0,1
418923,0,1
419023,0,1
419123,0,1
419223,0,1
419323,0,1
419423,0,1
419523,0,1
419623,0,1
419723,0,1
419823,0,1
419923,0,1
420021,0,1
420121,0,1
420221,0,1
420321,0,1
420421,0,1
420521,0,1
420621,0,1
420721,0,1
420821,0,1
420921,0,1
421021,0,1
421121,0,1
421221,0,1
421321,0,1
421421,0,1
421521,0,1
421621,0,1
421721,0,1
421821,0,1
421921,0,1
422021,0,1
422121,0,1
422221,0,0
422321,0,0
422421,0,0
422914,0,0
423014,0,1
423114,0,1
423214,0,1
423314,0,1
423414,0,1
423514,0,1
423614,0,1
423714,0,1
423814,0,1
423914,0,1
424011,0,1
424111,0,1
424211,0,1
424311,0,1
424411,0,1
424512,0,1
424612,0,1
424712,0,1
424812,0,1
424912,0,1
425012,0,1
425112,0,1
425212,0,1
425312,0,1
425412,0,1
425512,0,1
425612,0,1
425712,0,1
425812,0,1
425912,0,1
426012,0,1
426112,0,1
426212,0,1
426312,0,1
426412,0,1
426512,0,1
426612,0,1
426712,0,1
426812,0,1
426939,0,0
427039,0,0
427139,0,0
427239,0,0
427823,0,0
427923,0,1
428023,0,1
428123,0,1
428241,0,1
428295,1,2
428395,1,2
428495,1,2
428595,1,2
428717,1,2
428818,1,2
428918,1,2
429018,1,2
429118,1,2
429218,1,2
429318,1,2
429418,1,2
429518,1,2
429618,1,2
429718,1,2
429818,1,2
429918,1,2
430018,1,2
430118,1,2
430218,1,2
430318,1,2
430418,1,2
430518,1,2
430618,1,2
430718,1,2
430818,1,2
430918,1,2
431018,1,2
431118,1,2
431218,1,2
431318,1,2
431418,1,2
431518,1,2
431618,1,2
431719,1,2
431819,1,2
431919,1,2
432019,1,2
432119,1,2
432262,1,2
432362,1,2
432462,1,2
432562,1,2
432662,1,2
432762,1,2
432862,1,2
432962,1,2
433062,1,2
433162,1,2
433262,1,2
433362,1,2
433462,1,2
433562,1,2
433662,1,2
433762,1,2
433862,1,2
433962,1,2
434062,1,2
434162,1,2
434262,1,2
434362,1,2
434462,1,2
434562,1,2
434663,1,2
434763,1,2
434863,1,2
434963,1,2
435063,1,2
435163,1,2
435263,1,2
435363,1,2
435463,1,2
435563,1,2
435663,1,2
435763,1,2
435863,1,2
435963,1,2
436063,1,2
436163,1,2
436263,1,2
436362,1,2
436462,1,2
436562,1,2
436662,1,2
436762,1,2
436862,0,0
436962,0,0
437062,0,0
437162,0,0
437262,0,0
437362,0,0
437462,0,0
437562,0,0
437662,0,0
437762,0,0
437862,0,0
437962,0,0
438062,0,0
438162,0,0
438262,0,0
438362,0,0
438462,0,0
438562,0,0
438662,0,0
438762,0,0
438862,0,0
438962,0,0
439062,0,0
439162,0,0
439262,0,0
439362,0,0
439462,0,0
439562,0,0
439894,0,0
439994,0,1
440094,0,1
440194,0,1
440294,0,1
440392,0,1
440492,0,1
440592,0,1
440692,0,1
440792,0,1
440892,0,1
440992,0,1
441092,0,1
441192,0,1
441292,0,1
441392,0,1
441492,0,1
441592,0,1
441692,0,1
441792,0,1
441892,0,1
441992,0,1
442092,0,1
442192,0,1
442292,0,1
442392,0,1
442492,0,1
442592,0,1
442692,0,1
442792,0,1
442892,0,1
442992,0,1
443092,0,1
443192,0,1
443292,0,1
443392,0,1
443492,0,1
443592,0,1
443692,0,1
443792,0,1
443892,0,1
443992,0,0
444092,0,0
444192,0,0
444292,0,0
444392,0,0
444492,0,0
444590,0,0
444690,0,0
444790,0,0
444890,0,0
444990,0,0
445090,0,0
445190,0,0
445290,0,0
445390,0,0
445490,0,0
445590,0,0
445690,0,0
445790,0,0
445890,0,0
445990,0,0
446090,0,0
446190,0,0
446290,0,0
446390,0,0
446490,0,0
446590,0,0
446690,0,0
446790,0,0
446890,0,0
446990,0,0
447090,0,0
447190,0,0
447290,0,0
447390,0,0
447490,0,0
447590,0,0
447690,0,0
447790,0,0
447890,0,0
447990,0,0
448090,0,0
448190,0,0
448290,0,0
448390,0,0
448709,0,0
448602,0,1
448702,0,1
448802,0,1
448916,0,1
449016,1,2
449116,1,2
449216,1,2
449316,1,2
449416,1,2
449516,1,2
449616,1,2
449716,1,2
449816,1,2
449916,1,2
450016,1,2
450116,1,2
450216,1,2
450316,1,2
450416,1,2
450516,1,2
450616,1,2
450716,1,2
450816,1,2
450916,1,2
451016,1,2
451116,1,2
451216,1,2
451316,1,2
451416,1,2
451516,1,2
451616,1,2
451716,1,2
451817,1,2
451917,1,2
452017,1,2
452117,1,2
452217,1,2
452317,1,2
452621,1,2
452721,1,2
452821,1,2
452921,1,2
453021,1,2
453121,1,2
453221,1,2
453321,1,2
453421,1,2
453521,1,2
453621,1,2
453721,1,2
453821,1,2
453921,1,2
454021,1,2
454121,1,2
454221,1,2
454321,1,2
454421,1,2
454521,1,2
454621,1,2
454721,1,2
454821,1,2
454922,1,2
455022,1,2
455122,1,2
455222,1,2
455322,1,2
455422,1,2
455522,1,2
455622,1,2
455722,1,2
455822,1,2
455922,1,2
456022,1,2
456122,1,2
456222,1,2
456322,1,2
456422,1,2
456522,1,2
456622,1,2
456722,1,2
456822,1,2
456922,1,2
457022,1,2
457122,1,2
457222,1,2
457322,1,2
457422,1,2
457522,1,2
457622,1,2
457722,0,0
457823,0,0
457923,0,0
458023,0,0
458123,0,0
458223,0,0
458323,0,0
458423,0,0
458523,0,0
458623,0,0
458723,0,0
458823,0,0
458923,0,0
459023,0,0
459123,0,0
459223,0,0
459323,0,0
459423,0,0
459523,0,0
459623,0,0
459723,0,0
459823,0,0
459923,0,0
460023,0,0
460123,0,0
460223,0,0
460323,0,0
460423,0,0
460523,0,0
460623,0,0
460723,0,0
460823,0,0
460923,0,0
461023,0,0
461123,0,0
461223,0,0
461323,0,0
461423,0,0
461523,0,0
461623,0,0
461723,0,0
461823,0,0
461923,0,0
462023,0,0
462123,0,0
462223,0,0
462323,0,0
462423,0,0
462523,0,0
462623,0,0
462723,0,0
462823,0,0
462923,0,0
463023,0,0
463123,0,0
463223,0,0
463323,0,0
463423,0,0
463523,0,0
463623,0,0
463723,0,0
463823,0,0
463923,0,0
464023,0,0
464123,0,0
464223,0,0
464323,0,0
464423,0,0
464523,0,0
464623,0,0
464723,0,0
464823,0,0
464923,0,0
465023,0,0
465123,0,0
465223,0,0
465323,0,0
465423,0,0
465523,0,0
465623,0,0
465723,0,0
465823,0,0
465923,0,0
466023,0,0
466123,0,0
466223,0,0
466323,0,0
466423,0,0
466523,0,0
466623,0,0
466723,0,0
466823,0,0
466923,0,0
467023,0,0
467123,0,0
467223,0,0
467323,0,0
467423,0,0
467523,0,0
467623,0,0
467723,0,0
467823,0,0
467923,0,0
468023,0,0
468123,0,0
468223,0,0
468323,0,0
468423,0,0
468523,0,0
468623,0,0
468723,0,0
468823,0,0
468923,0,0
469023,0,0
469123,0,0
469223,0,0
469323,0,0
469423,0,0
469523,0,0
469623,0,0
469723,0,0
469823,0,0
469923,0,0
470023,0,0
470123,0,0
470223,0,0
470323,0,0
470423,0,0
470523,0,0
470623,0,0
470723,0,0
470823,0,0
470923,0,0
471023,0,0
471123,0,0
471223,0,0
471323,0,0
471423,0,0
471523,0,0
471623,0,0
471723,0,0
471823,0,0
471923,0,0
472023,0,0
472123,0,0
472223,0,0
472323,0,0
472423,0,0
472523,0,0
472623,0,0
472723,0,0
472823,0,0
472923,0,0
473023,0,0
473123,0,0
473223,0,0
473323,0,0
473423,0,0
473523,0,0
473623,0,0
473723,0,0
473823,0,0
473923,0,0
474023,0,0
474123,0,0
474223,0,0
474323,0,0
474423,0,0
474523,0,0
474623,0,0
474714,0,0
474814,0,0
474914,0,0
475375,0,0
475475,0,1
475575,0,1
475675,0,1
475775,0,1
475875,0,1
475975,0,1
476076,0,1
476176,0,1
476276,0,1
476376,0,1
476476,0,1
476576,0,1
476676,0,1
476776,0,1
476876,0,1
476976,0,1
477076,0,1
477176,0,1
477276,0,1
477376,0,1
477476,0,1
477576,0,1
477676,0,1
477776,0,1
477876,0,1
477976,0,1
478076,0,1
478176,0,1
478276,0,1
478376,0,1
478476,0,1
478576,0,1
478675,0,1
478775,0,1
478875,0,1
478976,0,1
479076,0,1
479176,0,1
479276,0,1
479401,0,0
479501,0,0
479601,0,0
479701,0,0
479887,0,0
479986,0,1
480086,0,1
480186,0,1
480291,0,1
480391,1,2
480491,1,2
480591,1,2
480709,1,2
480809,1,2
480909,1,2
481009,1,2
481109,1,2
481209,1,2
481309,1,2
481409,1,2
481509,1,2
481609,1,2
481709,1,2
481809,1,2
481909,1,2
482009,1,2
482109,1,2
482209,1,2
482309,1,2
482409,1,2
482509,1,2
482609,1,2
482706,1,2
482806,1,2
482906,1,2
483006,1,2
483106,1,2
483206,1,2
483306,1,2
483406,1,2
483506,1,2
483606,1,2
483706,1,2
483806,1,2
483906,1,2
484006,1,2
484106,1,2
484206,1,2
484306,1,2
484406,1,2
484506,1,2
484606,1,2
484706,1,2
484831,1,2
484931,1,2
485032,1,2
485132,1,2
485232,1,2
485332,1,2
485432,1,2
485532,1,2
485632,1,2
485732,1,2
485832,1,2
485932,1,2
486032,1,2
486132,1,2
486232,1,2
486332,1,2
486432,1,2
486532,1,2
486632,1,2
486731,1,2
486831,1,2
486931,1,2
487031,1,2
487131,1,2
487231,1,2
487331,1,2
487431,1,2
487531,1,2
487631,1,2
487731,1,2
487831,1,2
487932,1,2
488032,1,2
488132,1,2
488232,1,2
488332,1,2
488432,1,2
488532,1,2
488632,1,2
488732,1,2
488832,1,2
488932,1,2
489032,1,2
489132,1,2
489232,1,2
489332,1,2
489432,1,2
489532,1,2
489632,1,2
489732,1,2
489832,1,2
489932,1,2
490032,1,2
490132,1,2
490232,1,2
490332,1,2
490432,1,2
490532,1,2
490632,1,2
490731,1,2
490832,1,2
490932,1,2
491032,1,2
491132,1,2
491232,1,2
491332,1,2
491432,1,2
491532,1,2
491632,1,2
491732,1,2
491832,1,2
491932,1,2
492032,1,2
492132,1,2
492232,1,2
492332,1,2
492432,1,2
492532,1,2
492632,1,2
492732,1,2
492832,1,2
492932,1,2
493032,1,2
493132,1,2
493232,1,2
493332,1,2
493432,1,2
493532,1,2
493632,1,2
493732,1,2
493832,1,2
493932,1,2
494032,1,2
494132,1,2
494232,1,2
494332,1,2
494432,1,2
494532,1,2
494632,1,2
494730,1,2
494830,1,2
494930,1,2
495030,1,2
495130,1,2
495230,1,2
495330,1,2
495430,1,2
495530,1,2
495630,1,2
495730,1,2
495830,1,2
495930,1,2
496030,1,2
496130,1,2
496230,1,2
496330,1,2
496430,1,2
496530,1,2
496630,1,2
496730,1,2
496830,1,2
496930,1,2
497030,1,2
497130,1,2
497248,1,2
497348,1,2
497448,1,2
497548,1,2
497648,1,2
497748,1,2
497848,1,2
497948,1,2
498048,1,2
498148,1,2
498248,1,2
498348,1,2
498448,1,2
498548,1,2
498648,1,2
498747,1,2
498847,1,2
498947,1,2
499047,1,2
499147,1,2
499247,1,2
499347,1,2
499448,1,2
499548,1,2
499648,1,2
499748,1,2
499848,1,2
499948,1,2
500048,1,2
500148,1,2
500248,1,2
500348,1,2
500448,1,2
500548,1,2
500648,1,2
500748,1,2
500848,1,2
500948,1,2
501048,1,2
501148,1,2
501248,1,2
501348,1,2
501448,1,2
501548,1,2
501648,1,2
501748,1,2
501848,1,2
501948,1,2
502048,1,2
502148,1,2
502248,1,2
502349,1,2
502449,1,2
502549,1,2
502649,1,2
502746,1,2
502846,1,2
502946,1,2
503046,1,2
503146,1,2
503246,1,2
503346,1,2
503446,1,2
503546,1,2
503646,1,2
503746,1,2
503846,1,2
503946,1,2
504046,1,2
504146,1,2
504246,1,2
504346,1,2
504446,1,2
504546,1,2
504646,1,2
504746,1,2
504846,1,2
504946,1,2
505046,1,2
505146,1,2
505246,1,2
505346,1,2
505446,1,2
505546,1,2
505646,1,2
505746,1,2
505846,1,2
505946,1,2
506046,1,2
506146,1,2
506246,1,2
506346,1,2
506446,1,2
506546,1,2
506646,1,2
506744,1,2
506844,1,2
506944,1,2
507044,1,2
507144,1,2
507244,1,2
507344,1,2
507444,1,2
507544,1,2
507644,1,2
507744,1,2
507844,1,2
507944,1,2
508044,1,2
508144,1,2
508244,1,2
508344,1,2
508444,1,2
508544,1,2
508644,1,2
508744,1,2
508844,1,2
508944,1,2
509044,1,2
509144,1,2
509244,1,2
509344,1,2
509460,1,2
509560,1,2
509660,1,2
509760,1,2
509860,1,2
509960,1,2
510060,1,2
510160,1,2
510260,1,2
510360,1,2
510460,1,2
510560,1,2
510660,1,2
510760,1,2
510860,1,2
510960,1,2
511060,1,2
511160,1,2
511260,1,2
511360,1,2
511460,1,2
511560,1,2
511660,1,2
511760,1,2
511860,1,2
511960,1,2
512060,1,2
512160,1,2
512260,1,2
512360,1,2
512460,1,2
512560,1,2
512660,1,2
512760,1,2
512860,1,2
512960,1,2
513060,1,2
513160,1,2
513260,1,2
513360,1,2
513460,1,2
513560,1,2
513660,1,2
513760,1,2
513860,1,2
513960,1,2
514060,1,2
514160,1,2
514260,1,2
514360,1,2
514460,1,2
514560,1,2
514660,1,2
514760,1,2
514860,1,2
514960,1,2
515060,1,2
515160,1,2
515260,1,2
515360,1,2
515460,1,2
515560,1,2
515660,1,2
515760,1,2
515860,1,2
515960,1,2
516060,1,2
516160,1,2
516260,1,2
516360,1,2
516460,1,2
516560,1,2
516660,1,2
516760,1,2
516860,1,2
516960,1,2
517060,1,2
517160,1,2
517260,1,2
517360,1,2
517460,1,2
517560,1,2
517660,1,2
517760,1,2
517860,1,2
517960,1,2
518060,1,2
518160,1,2
518260,1,2
518360,1,2
518460,1,2
518560,1,2
518660,1,2
518760,1,2
518860,1,2
518960,1,2
519060,1,2
519160,1,2
519260,1,2
519360,1,2
519460,1,2
519560,1,2
519660,1,2
519760,1,2
519860,1,2
519960,1,2
520060,1,2
520160,1,2
520260,1,2
520360,1,2
520460,1,2
520560,1,2
520660,1,2
520760,1,2
520860,1,2
520960,1,2
521060,1,2
521160,1,2
521260,1,2
521360,1,2
521460,1,2
521560,0,0
521660,0,0
521760,0,0
521860,0,0
521960,0,0
522060,0,0
522160,0,0
522260,0,0
522360,0,0
522460,0,0
522560,0,0
522660,0,0
522760,0,0
522860,0,0
522960,0,0
523060,0,0
523160,0,0
523260,0,0
523360,0,0
523460,0,0
523560,0,0
523660,0,0
523760,0,0
523860,0,0
523960,0,0
524060,0,0
524160,0,0
524260,0,0
524360,0,0
524460,0,0
524560,0,0
524660,0,0
524760,0,0
524860,0,0
524960,0,0
525060,0,0
525160,0,0
525260,0,0
525360,0,0
525460,0,0
525560,0,0
525660,0,0
525760,0,0
525860,0,0
525960,0,0
526060,0,0
526160,0,0
526260,0,0
526360,0,0
526460,0,0
526560,0,0
526660,0,0
526760,0,0
526860,0,0
526960,0,0
527060,0,0
527160,0,0
527260,0,0
527360,0,0
527460,0,0
527560,0,0
527660,0,0
527760,0,0
527860,0,0
527960,0,0
528060,0,0
528160,0,0
528260,0,0
528360,0,0
528460,0,0
528560,0,0
528660,0,0
528760,0,0
528860,0,0
528960,0,0
529060,0,0
529160,0,0
529260,0,0
529360,0,0
529460,0,0
529560,0,0
529660,0,0
529760,0,0
529860,0,0
529960,0,0
530060,0,0
530160,0,0
530260,0,0
530360,0,0
530460,0,0
530560,0,0
530660,0,0
530760,0,0
530860,0,0
530960,0,0
531060,0,0
531160,0,0
531260,0,0
531360,0,0
531460,0,0
531560,0,0
531660,0,0
531760,0,0
531860,0,0
531960,0,0
532060,0,0
532160,0,0
532260,0,0
532360,0,0
532460,0,0
532560,0,0
532660,0,0
532760,0,0
532860,0,0
532960,0,0
533060,0,0
533160,0,0
533240,0,0
533340,0,0
533440,0,0
533676,0,0
533776,0,1
533876,0,1
533976,0,1
534076,0,1
534176,0,1
534276,0,1
534376,0,1
534476,0,1
534576,0,1
534676,0,1
534776,0,1
534876,0,1
534976,0,1
535076,0,1
535176,0,1
535276,0,1
535376,0,1
535476,0,1
535576,0,1
535676,0,1
535776,0,1
535876,0,1
535976,0,1
536076,0,1
536176,0,1
536276,0,1
536376,0,1
536476,0,1
536576,0,1
536676,0,1
536776,0,1
536876,0,1
536976,0,1
537076,0,1
537184,0,1
537284,0,1
537384,0,1
537484,0,1
537584,0,1
537684,0,1
537784,0,0
537884,0,0
537984,0,0
538084,0,0
538405,0,0
538505,0,1
538605,0,1
538705,0,1
538816,0,1
538916,1,2
539016,1,2
539116,1,2
539216,1,2
539316,1,2
539416,1,2
539516,1,2
539616,1,2
539716,1,2
539816,1,2
539916,1,2
540016,1,2
540116,1,2
540216,1,2
540316,1,2
540416,1,2
540516,1,2
540616,1,2
540716,1,2
540816,1,2
540916,1,2
541016,1,2
541116,1,2
541216,1,2
541316,1,2
541416,1,2
541516,1,2
541616,1,2
541716,1,2
541816,1,2
541916,1,2
542016,1,2
542116,1,2
542216,1,2
542316,1,2
542416,1,2
542516,1,2
542616,1,2
542716,1,2
542816,1,2
542916,1,2
543016,1,2
543116,1,2
543216,1,2
543316,1,2
543416,1,2
543516,1,2
543616,1,2
543716,1,2
543816,1,2
543916,1,2
544016,1,2
544116,1,2
544216,1,2
544316,1,2
544416,1,2
544516,1,2
544616,1,2
544716,1,2
544816,1,2
544916,1,2
545016,1,2
545116,1,2
545214,1,2
545314,1,2
545414,1,2
545514,1,2
545614,1,2
545714,1,2
545814,1,2
545914,1,2
546014,1,2
546114,1,2
546214,1,2
546314,1,2
546414,1,2
546514,1,2
546614,1,2
546714,1,2
546814,1,2
546914,1,2
547014,1,2
547114,1,2
547214,1,2
547314,1,2
547439,1,2
547539,1,2
547639,1,2
547739,1,2
547839,1,2
547939,1,2
548039,1,2
548139,1,2
548240,1,2
548340,1,2
548440,1,2
548540,1,2
548640,1,2
548740,1,2
548840,1,2
548940,1,2
549040,1,2
549140,1,2
549225,1,2
549325,1,2
549425,1,2
549525,1,2
549625,1,2
549725,1,2
549825,1,2
549925,1,2
550025,1,2
550125,1,2
550225,1,2
550325,1,2
550425,1,2
550525,1,2
550625,1,2
550725,1,2
550825,1,2
550925,1,2
551025,1,2
551126,1,2
551226,1,2
551326,1,2
551426,1,2
551526,1,2
551626,1,2
551726,1,2
551826,1,2
551926,1,2
552026,1,2
552126,1,2
552226,1,2
552326,1,2
552426,1,2
552526,1,2
552626,1,2
552726,1,2
552826,1,2
552926,1,2
553026,1,2
553126,1,2
553237,1,2
553337,1,2
553437,1,2
553537,1,2
553637,1,2
553737,1,2
553837,1,2
553937,1,2
554038,1,2
554138,1,2
554238,1,2
554338,1,2
554438,1,2
554538,1,2
554638,1,2
554738,1,2
554838,1,2
554938,1,2
555038,1,2
555138,1,2
555238,1,2
555338,1,2
555438,1,2
555538,1,2
555638,1,2
555738,1,2
555838,1,2
555938,1,2
556038,1,2
556138,1,2
556238,1,2
556338,1,2
556438,1,2
556538,1,2
556638,1,2
556738,1,2
556838,1,2
556938,1,2
557038,1,2
557138,1,2
557236,1,2
557336,1,2
557436,1,2
557536,1,2
557636,1,2
557736,1,2
557836,1,2
557936,1,2
558036,1,2
558136,1,2
558236,1,2
558336,1,2
558436,1,2
558536,1,2
558636,1,2
558736,1,2
558836,1,2
558936,1,2
559036,1,2
559136,1,2
559236,1,2
559336,1,2
559436,1,2
559536,1,2
559662,1,2
559762,1,2
559862,1,2
559962,1,2
560062,1,2
560162,1,2
560262,1,2
560362,1,2
560462,1,2
560562,1,2
560662,1,2
560762,1,2
560863,1,2
560963,1,2
561063,1,2
561163,1,2
561263,1,2
561363,1,2
561463,1,2
561563,1,2
561663,1,2
561763,1,2
561863,1,2
561963,1,2
562063,1,2
562163,1,2
562263,1,2
562363,1,2
562463,1,2
562563,1,2
562663,1,2
562763,1,2
562863,1,2
562963,1,2
563063,1,2
563163,1,2
563263,1,2
563363,1,2
563463,1,2
563563,1,2
563663,1,2
563764,1,2
563864,1,2
563964,1,2
564064,1,2
564164,1,2
564264,1,2
564364,1,2
564464,1,2
564564,1,2
564664,1,2
564764,1,2
564864,1,2
564964,1,2
565064,1,2
565161,1,2
565261,1,2
565361,1,2
565461,1,2
565561,1,2
565661,1,2
565761,1,2
565861,1,2
565961,1,2
566061,1,2
566161,1,2
566261,1,2
566361,1,2
566461,1,2
566561,1,2
566661,1,2
566761,1,2
566861,1,2
566961,1,2
567061,1,2
567161,1,2
567261,1,2
567361,1,2
567461,1,2
567561,1,2
567661,1,2
567761,1,2
567861,1,2
567961,1,2
568061,1,2
568161,1,2
568261,1,2
568361,1,2
568461,1,2
568561,1,2
568661,1,2
568761,1,2
568861,1,2
568961,1,2
569061,1,2
569160,1,2
569260,1,2
569360,1,2
569460,1,2
569560,1,2
569660,1,2
569760,1,2
569860,1,2
569960,1,2
570060,1,2
570160,1,2
570260,1,2
570360,1,2
570460,1,2
570560,1,2
570660,1,2
570760,1,2
570860,1,2
570960,1,2
571060,1,2
571160,1,2
571260,1,2
571360,1,2
571460,1,2
571560,1,2
571660,1,2
571760,1,2
571877,1,2
571977,1,2
572077,1,2
572177,1,2
572277,1,2
572377,1,2
572477,1,2
572577,1,2
572678,1,2
572778,1,2
572878,1,2
572978,1,2
573078,1,2
573176,1,2
573276,1,2
573376,1,2
573476,1,2
573576,1,2
573676,1,2
573776,1,2
573876,1,2
573976,1,2
574076,1,2
574176,1,2
574276,1,2
574376,1,2
574476,1,2
574576,1,2
574676,1,2
574776,1,2
574876,1,2
574976,1,2
575076,1,2
575176,1,2
575407,1,2
575507,1,2
575607,1,2
575707,1,2
575807,1,2
575907,1,2
576007,1,2
576107,1,2
576207,1,2
576307,1,2
576407,1,2
576507,1,2
576607,1,2
576707,1,2
576807,1,2
576907,1,2
577007,1,2
577107,1,2
577207,1,2
577307,1,2
577407,1,2
577507,1,2
577607,1,2
577707,1,2
577807,1,2
577907,1,2
578007,1,2
578107,1,2
578207,1,2
578308,1,2
578408,1,2
578508,1,2
578608,1,2
578708,1,2
578808,1,2
578908,1,2
579008,1,2
579108,1,2
579208,1,2
579308,1,2
579408,1,2
579508,1,2
579608,1,2
579708,1,2
579808,1,2
579908,0,0
580008,0,0
580108,0,0
580208,0,0
580308,0,0
580408,0,0
580508,0,0
580608,0,0
580708,0,0
580808,0,0
580908,0,0
581008,0,0
581108,0,0
581209,0,0
581309,0,0
581409,0,0
581509,0,0
581609,0,0
581709,0,0
581809,0,0
581909,0,0
582009,0,0
582109,0,0
582209,0,0
582309,0,0
582409,0,0
582509,0,0
582609,0,0
582709,0,0
582809,0,0
582909,0,0
583009,0,0
583109,0,0
583209,0,0
583309,0,0
583409,0,0
583509,0,0
583609,0,0
583709,0,0
583809,0,0
583909,0,0
584009,0,0
584110,0,0
584210,0,0
584310,0,0
584410,0,0
584510,0,0
584610,0,0
584710,0,0
584810,0,0
584910,0,0
585010,0,0
585110,0,0
585210,0,0
585310,0,0
585410,0,0
585510,0,0
585610,0,0
585710,0,0
585810,0,0
585910,0,0
586010,0,0
586110,0,0
586210,0,0
586310,0,0
586410,0,0
586510,0,0
586610,0,0
586710,0,0
586810,0,0
586910,0,0
587010,0,0
587110,0,0
587210,0,0
587310,0,0
587410,0,0
587510,0,0
587610,0,0
587710,0,0
587810,0,0
587910,0,0
588010,0,0
588110,0,0
588210,0,0
588310,0,0
588410,0,0
588510,0,0
588610,0,0
588710,0,0
588810,0,0
588910,0,0
589010,0,0
589110,0,0
589210,0,0
589310,0,0
589410,0,0
589510,0,0
589610,0,0
589710,0,0
589810,0,0
589910,0,0
590010,0,0
590110,0,0
590210,0,0
590310,0,0
590410,0,0
590510,0,0
590610,0,0
590710,0,0
590810,0,0
590910,0,0
591010,0,0
591110,0,0
591210,0,0
591310,0,0
591410,0,0
591510,0,0
591610,0,0
591710,0,0
591810,0,0
591910,0,0
592010,0,0
592110,0,0
592210,0,0
592310,0,0
592410,0,0
592510,0,0
592610,0,0
592710,0,0
592810,0,0
592910,0,0
593010,0,0
593110,0,0
593210,0,0
593310,0,0
593410,0,0
593510,0,0
593610,0,0
593710,0,0
593810,0,0
593910,0,0
594010,0,0
594110,0,0
594210,0,0
594310,0,0
594410,0,0
594510,0,0
594610,0,0
594710,0,0
594810,0,0
594910,0,0
595010,0,0
595110,0,0
595210,0,0
595310,0,0
595410,0,0
595510,0,0
595610,0,0
595710,0,0
595810,0,0
595910,0,0
596010,0,0
596110,0,0
596210,0,0
596310,0,0
596410,0,0
596510,0,0
596610,0,0
596710,0,0
596810,0,0
596910,0,0
597010,0,0
597110,0,0
597210,0,0
597310,0,0
597410,0,0
597510,0,0
597610,0,0
597710,0,0
597810,0,0
597910,0,0
598010,0,0
598110,0,0
598210,0,0
598310,0,0
598410,0,0
598510,0,0
598610,0,0
598710,0,0
598810,0,0
598910,0,0
599010,0,0
599110,0,0
599210,0,0
599310,0,0
599410,0,0
599510,0,0
599610,0,0
599710,0,0
599810,0,0
599910,0,0
600010,0,0
600110,0,0
600210,0,0
600310,0,0
600410,0,0
600510,0,0
600610,0,0
600710,0,0
600810,0,0
600910,0,0
601010,0,0
601110,0,0
601210,0,0
601310,0,0
601410,0,0
601510,0,0
601610,0,0
601710,0,0
601810,0,0
601910,0,0
602010,0,0
602110,0,0
602210,0,0
602310,0,0
602410,0,0
602510,0,0
602610,0,0
602710,0,0
602810,0,0
602910,0,0
603010,0,0
603110,0,0
603210,0,0
603310,0,0
603410,0,0
603510,0,0
603610,0,0
603710,0,0
603810,0,0
603910,0,0
604010,0,0
604110,0,0
604210,0,0
604310,0,0
604410,0,0
604510,0,0
604610,0,0
604710,0,0
604810,0,0
604910,0,0
605010,0,0
605110,0,0
605210,0,0
605310,0,0
605410,0,0
605510,0,0
605610,0,0
605710,0,0
605810,0,0
605910,0,0
606010,0,0
606110,0,0
606210,0,0
606310,0,0
606410,0,0
606510,0,0
606610,0,0
606710,0,0
606810,0,0
606910,0,0
607010,0,0
607110,0,0
607210,0,0
607310,0,0
607410,0,0
