p:4000,20000,6000,600,8000,4000,2000,8000,70
15041,0,0
15141,0,0
15241,0,0
15341,0,0
15441,0,0
15541,0,0
15641,0,0
15741,0,0
15841,0,0
15941,0,0
16041,0,0
16141,0,0
16368,0,0
16468,0,1
16568,0,1
16668,0,1
16768,1,2
16868,1,2
16968,1,2
17068,1,2
17168,1,2
17268,1,2
17369,1,2
17469,1,2
17569,1,2
17669,1,2
17769,1,2
17869,1,2
17969,1,2
18069,1,2
18169,1,2
18269,1,2
18369,1,2
18469,1,2
18569,1,2
18669,1,2
18793,0,0
18893,0,0
18993,0,0
19091,0,0
19191,0,0
19291,0,0
19391,0,0
19491,0,0
19591,0,0
19691,0,0
19791,0,0
19891,0,0
19991,0,0
20091,0,0
20191,0,0
20291,0,0
20391,0,0
20491,0,0
20591,0,0
20691,0,0
20791,0,0
21261,0,0
21361,0,1
21461,0,1
21561,0,1
21661,0,1
21762,0,1
21862,0,1
21962,0,1
22062,0,1
22162,0,1
22262,0,1
22362,0,1
22462,0,1
22562,0,1
22662,0,1
22762,0,1
22862,0,1
22962,0,1
23058,0,1
23158,0,1
23258,0,1
23358,0,1
23458,0,1
23558,0,1
23658,0,1
23758,0,1
23858,0,1
23958,0,1
24058,0,1
24158,0,1
24258,0,1
24358,0,1
24458,0,1
24558,0,1
24659,0,1
24759,0,1
24859,0,1
24959,0,1
25059,0,1
25159,0,1
25285,0,0
25385,0,0
25485,0,0
25585,0,0
25685,0,0
25785,0,0
25885,0,0
25985,0,0
26085,0,0
26185,0,0
26285,0,0
26385,0,0
26485,0,0
26585,0,0
26685,0,0
26785,0,0
26885,0,0
26985,0,0
27080,0,0
27180,0,0
27280,0,0
27380,0,0
27480,0,0
27580,0,0
27680,0,0
27780,0,0
27880,0,0
27980,0,0
28080,0,0
28180,0,0
28281,0,0
28381,0,0
28481,0,0
28581,0,0
28681,0,0
28781,0,0
28881,0,0
28981,0,0
29081,0,0
29181,0,0
29281,0,0
29381,0,0
29481,0,0
29581,0,0
29681,0,0
29781,0,0
29881,0,0
29981,0,0
30081,0,0
30181,0,0
30281,0,0
30381,0,0
30481,0,0
30581,0,0
30681,0,0
30781,0,0
30881,0,0
30981,0,0
31077,0,0
31178,0,0
31278,0,0
31378,0,0
31478,0,0
31578,0,0
31678,0,0
31778,0,0
31878,0,0
31978,0,0
32078,0,0
32178,0,0
32278,0,0
32378,0,0
32478,0,0
32578,0,0
32678,0,0
32778,0,0
32878,0,0
32978,0,0
33078,0,0
33178,0,0
33278,0,0
33378,0,0
33478,0,0
33578,0,0
33678,0,0
33778,0,0
33878,0,0
33978,0,0
34078,0,0
34178,0,0
34278,0,0
34378,0,0
34478,0,0
34578,0,0
34678,0,0
34778,0,0
34878,0,0
34978,0,0
35074,0,0
35174,0,0
35274,0,0
35374,0,0
35474,0,0
35574,0,0
35674,0,0
35774,0,0
35874,0,0
35974,0,0
36074,0,0
36174,0,0
36274,0,0
36374,0,0
36474,0,0
36574,0,0
36674,0,0
36774,0,0
36874,0,0
36974,0,0
37074,0,0
37174,0,0
37274,0,0
37374,0,0
37474,0,0
37574,0,0
37674,0,0
37774,0,0
37874,0,0
37974,0,0
38074,0,0
38174,0,0
38274,0,0
38374,0,0
38474,0,0
38574,0,0
38674,0,0
38774,0,0
38874,0,0
38974,0,0
39069,0,0
39169,0,0
39269,0,0
39369,0,0
39469,0,0
39569,0,0
39669,0,0
39769,0,0
39869,0,0
39969,0,0
40069,0,0
40169,0,0
40269,0,0
40369,0,0
40469,0,0
40569,0,0
40669,0,0
40769,0,0
40869,0,0
40969,0,0
41069,0,0
41169,0,0
41269,0,0
41369,0,0
41469,0,0
41569,0,0
41669,0,0
41769,0,0
41869,0,0
41969,0,0
42069,0,0
42169,0,0
42269,0,0
42369,0,0
42469,0,0
42569,0,0
42669,0,0
42769,0,0
42869,0,0
42969,0,0
43064,0,0
43164,0,0
43264,0,0
43364,0,0
43464,0,0
43564,0,0
43664,0,0
43764,0,0
43864,0,0
43964,0,0
44064,0,0
44164,0,0
44264,0,0
44364,0,0
44464,0,0
44564,0,0
44664,0,0
44764,0,0
44864,0,0
44964,0,0
45064,0,0
45164,0,0
45264,0,0
45364,0,0
45464,0,0
45564,0,0
45664,0,0
45764,0,0
45864,0,0
45964,0,0
46064,0,0
46164,0,0
46264,0,0
46364,0,0
46464,0,0
46564,0,0
46664,0,0
46764,0,0
46864,0,0
46964,0,0
47060,0,0
47160,0,0
47260,0,0
47360,0,0
47460,0,0
47560,0,0
47660,0,0
47760,0,0
47860,0,0
47960,0,0
48060,0,0
48160,0,0
48260,0,0
48360,0,0
48460,0,0
48560,0,0
48660,0,0
48760,0,0
48860,0,0
48960,0,0
49060,0,0
49160,0,0
49260,0,0
49360,0,0
49460,0,0
49560,0,0
49660,0,0
49760,0,0
49860,0,0
49960,0,0
50060,0,0
50160,0,0
50260,0,0
50360,0,0
50460,0,0
50560,0,0
50660,0,0
50760,0,0
50860,0,0
50960,0,0
51055,0,0
51155,0,0
51255,0,0
51355,0,0
51455,0,0
51555,0,0
51655,0,0
51755,0,0
51855,0,0
51955,0,0
52055,0,0
52155,0,0
52255,0,0
52355,0,0
52455,0,0
52555,0,0
52655,0,0
52755,0,0
52855,0,0
52955,0,0
53055,0,0
53155,0,0
53255,0,0
53355,0,0
53455,0,0
53555,0,0
53655,0,0
53755,0,0
53855,0,0
53955,0,0
54055,0,0
54155,0,0
54255,0,0
54355,0,0
54455,0,0
54555,0,0
54655,0,0
54755,0,0
54855,0,0
54955,0,0
55055,0,0
55155,0,0
55255,0,0
55355,0,0
55455,0,0
55555,0,0
55655,0,0
55755,0,0
55855,0,0
55955,0,0
56055,0,0
56155,0,0
56255,0,0
56355,0,0
56455,0,0
56555,0,0
56655,0,0
56755,0,0
56855,0,0
56955,0,0
57055,0,0
57155,0,0
57255,0,0
57355,0,0
57455,0,0
57555,0,0
57655,0,0
57755,0,0
57855,0,0
57955,0,0
58055,0,0
58155,0,0
58255,0,0
58355,0,0
58455,0,0
58555,0,0
58655,0,0
58755,0,0
58855,0,0
58955,0,0
59055,0,0
59155,0,0
59255,0,0
59355,0,0
59455,0,0
59555,0,0
59655,0,0
59755,0,0
59855,0,0
59955,0,0
60055,0,0
60155,0,0
60255,0,0
60355,0,0
60455,0,0
60555,0,0
60655,0,0
60755,0,0
60855,0,0
60955,0,0
61055,0,0
61155,0,0
61255,0,0
61355,0,0
61455,0,0
61555,0,0
61655,0,0
61755,0,0
61855,0,0
61955,0,0
62055,0,0
62155,0,0
62255,0,0
62355,0,0
62455,0,0
62555,0,0
62655,0,0
62755,0,0
62855,0,0
62955,0,0
63055,0,0
63155,0,0
63255,0,0
63355,0,0
63455,0,0
63555,0,0
63655,0,0
63755,0,0
63855,0,0
63955,0,0
64055,0,0
64155,0,0
64255,0,0
64355,0,0
64455,0,0
64555,0,0
64655,0,0
64755,0,0
64855,0,0
64955,0,0
65055,0,0
65155,0,0
65255,0,0
65355,0,0
65455,0,0
65555,0,0
65655,0,0
65755,0,0
65855,0,0
65955,0,0
66055,0,0
66155,0,0
66255,0,0
66355,0,0
66455,0,0
66555,0,0
66655,0,0
66755,0,0
66855,0,0
66955,0,0
67055,0,0
67155,0,0
67255,0,0
67355,0,0
67455,0,0
67555,0,0
67655,0,0
67755,0,0
67855,0,0
67955,0,0
68055,0,0
68155,0,0
68255,0,0
68355,0,0
68455,0,0
68555,0,0
68655,0,0
68755,0,0
68855,0,0
68955,0,0
69055,0,0
69155,0,0
69255,0,0
69355,0,0
69455,0,0
69555,0,0
69655,0,0
69755,0,0
69855,0,0
69955,0,0
70055,0,0
70155,0,0
70255,0,0
70355,0,0
70455,0,0
70555,0,0
70655,0,0
70755,0,0
70855,0,0
70955,0,0
71055,0,0
71155,0,0
71255,0,0
71355,0,0
71455,0,0
71555,0,0
71655,0,0
71755,0,0
71855,0,0
71955,0,0
72055,0,0
72155,0,0
72255,0,0
72355,0,0
72455,0,0
72555,0,0
72655,0,0
72755,0,0
72855,0,0
72955,0,0
73055,0,0
73155,0,0
73255,0,0
73355,0,0
73455,0,0
73555,0,0
73630,0,0
73730,0,0
73830,0,0
74131,0,0
74231,0,1
74331,0,1
74431,0,1
74531,0,1
74631,0,1
74731,0,1
74831,0,1
74931,0,1
75031,0,1
75131,0,1
75231,0,1
75331,0,1
75431,0,1
75531,0,1
75632,0,1
75732,0,1
75832,0,1
75932,0,1
76032,0,1
76132,0,1
76232,0,1
76332,0,1
76432,0,1
76532,0,1
76632,0,1
76732,0,1
76832,0,1
76932,0,1
77032,0,1
77132,0,1
77232,0,1
77332,0,1
77432,0,1
77532,0,1
77628,0,1
77728,0,1
77828,0,1
77928,0,1
78028,0,1
78175,0,0
78275,0,0
78375,0,0
78475,0,0
79076,0,0
79176,0,1
79276,0,1
79376,0,1
79476,0,1
79576,0,1
79676,0,1
79776,0,1
79876,0,1
79976,0,1
80076,0,1
80176,0,1
80276,0,1
80376,0,1
80476,0,1
80577,0,1
80677,0,1
80777,0,1
80877,0,1
80977,0,1
81077,0,1
81177,0,1
81277,0,1
81377,0,1
81477,0,1
81574,0,1
81674,0,1
81774,0,1
81874,0,1
81974,0,1
82074,0,1
82174,0,1
82274,0,1
82374,0,1
82474,0,1
82574,0,1
82674,0,1
82774,0,1
82874,0,1
82974,0,1
83102,0,0
83202,0,0
83440,0,0
83540,0,1
83640,0,1
83740,0,1
83840,0,1
83940,0,1
84040,1,2
84140,1,2
84240,1,2
84340,1,2
84440,1,2
84540,1,2
84640,1,2
84740,1,2
84841,1,2
84941,1,2
85041,1,2
85141,1,2
85241,1,2
85341,1,2
85441,1,2
85541,1,2
85636,1,2
85736,1,2
85836,1,2
85936,1,2
86041,0,0
86141,0,0
86241,0,0
86341,0,0
86441,0,0
86542,0,0
86642,0,0
86742,0,0
86842,0,0
86942,0,0
87042,0,0
87142,0,0
87242,0,0
87342,0,0
87442,0,0
87542,0,0
87642,0,0
87742,0,0
87842,0,0
87942,0,0
88042,0,0
88527,0,0
88627,0,1
88727,0,1
88827,0,1
88927,0,1
89027,0,1
89127,0,1
89227,0,1
89327,0,1
89427,0,1
89527,0,1
89622,0,1
89722,0,1
89823,0,1
89923,0,1
90023,0,1
90123,0,1
90223,0,1
90323,0,1
90423,0,1
90523,0,1
90623,0,1
90723,0,1
90823,0,1
90923,0,1
91023,0,1
91123,0,1
91223,0,1
91323,0,1
91423,0,1
91523,0,1
91623,0,1
91723,0,1
91823,0,1
91923,0,1
92023,0,1
92123,0,1
92223,0,1
92323,0,1
92423,0,1
92550,0,0
92650,0,0
92750,0,0
92850,0,0
92950,0,0
93204,0,0
93304,0,1
93404,0,1
93504,0,1
93600,0,1
93701,0,1
93801,0,1
93901,0,1
94001,0,1
94101,0,1
94201,0,1
94301,0,1
94401,0,1
94501,0,1
94601,0,1
94701,0,1
94801,0,1
94901,0,1
95001,0,1
95101,0,1
95201,0,1
95301,0,1
95401,0,1
95501,0,1
95601,0,1
95701,0,1
95801,0,1
95901,0,1
96001,0,1
96101,0,1
96201,0,1
96301,0,1
96401,0,1
96501,0,1
96601,0,1
96701,0,1
96801,0,1
96901,0,1
97001,0,1
97101,0,1
97228,0,0
97328,0,0
97428,0,0
97528,0,0
97621,0,0
97721,0,0
97821,0,0
97921,0,0
98021,0,0
98121,0,0
98221,0,0
98321,0,0
98421,0,0
98521,0,0
98621,0,0
98721,0,0
98821,0,0
98921,0,0
99021,0,0
99121,0,0
99221,0,0
99321,0,0
99421,0,0
99521,0,0
99621,0,0
99721,0,0
99821,0,0
99921,0,0
100021,0,0
100121,0,0
100222,0,0
100322,0,0
100422,0,0
100522,0,0
100622,0,0
100722,0,0
100822,0,0
100922,0,0
101022,0,0
101122,0,0
101612,0,0
101641,0,1
101741,0,1
101841,0,1
101941,0,1
102041,0,1
102141,0,1
102242,0,1
102342,0,1
102442,0,1
102542,0,1
102642,0,1
102742,0,1
102842,0,1
102942,0,1
103042,0,1
103142,0,1
103242,0,1
103342,0,1
103442,0,1
103542,0,1
103642,0,1
103742,0,1
103842,0,1
103942,0,1
104042,0,1
104142,0,1
104242,0,1
104342,0,1
104442,0,1
104542,0,1
104642,0,1
104742,0,1
104842,0,1
104942,0,1
105042,0,1
105143,0,1
105243,0,1
105343,0,1
105443,0,1
105634,0,0
105734,0,0
105834,0,0
105934,0,0
106034,0,0
106612,0,0
106712,0,1
106812,0,1
106912,0,1
107024,0,1
107124,1,2
107224,1,2
107324,1,2
107424,1,2
107524,1,2
107624,1,2
107725,1,2
107825,1,2
107925,1,2
108025,1,2
108125,1,2
108225,1,2
108325,1,2
108425,1,2
108525,1,2
108625,1,2
108725,1,2
108825,1,2
108925,1,2
109053,0,0
109153,0,0
109253,0,0
109353,0,0
109453,0,0
109553,0,0
109648,0,0
109748,0,0
109848,0,0
109948,0,0
110048,0,0
110148,0,0
110248,0,0
110348,0,0
110448,0,0
110548,0,0
110648,0,0
110749,0,0
110849,0,0
110949,0,0
111049,0,0
111149,0,0
111249,0,0
111349,0,0
111449,0,0
111549,0,0
111649,0,0
111749,0,0
111849,0,0
111949,0,0
112049,0,0
112149,0,0
112249,0,0
112349,0,0
112449,0,0
112549,0,0
112649,0,0
112749,0,0
112849,0,0
112949,0,0
113049,0,0
113149,0,0
113249,0,0
113349,0,0
113449,0,0
113549,0,0
113650,0,0
113750,0,0
113850,0,0
113950,0,0
114050,0,0
114150,0,0
114250,0,0
114350,0,0
114450,0,0
114550,0,0
114650,0,0
114750,0,0
114850,0,0
114950,0,0
115050,0,0
115150,0,0
115250,0,0
115350,0,0
115450,0,0
115550,0,0
115650,0,0
115750,0,0
115850,0,0
115950,0,0
116050,0,0
116150,0,0
116250,0,0
116350,0,0
116450,0,0
116550,0,0
116650,0,0
116750,0,0
116850,0,0
116950,0,0
117050,0,0
117150,0,0
117250,0,0
117350,0,0
117450,0,0
117550,0,0
117650,0,0
117750,0,0
117850,0,0
117950,0,0
118050,0,0
118150,0,0
118250,0,0
118350,0,0
118450,0,0
118550,0,0
118650,0,0
118750,0,0
118850,0,0
118950,0,0
119050,0,0
119150,0,0
119250,0,0
119350,0,0
119450,0,0
119550,0,0
119650,0,0
119750,0,0
119850,0,0
119950,0,0
120050,0,0
120150,0,0
120250,0,0
120350,0,0
120450,0,0
120550,0,0
120650,0,0
120750,0,0
120850,0,0
120950,0,0
121050,0,0
121150,0,0
121250,0,0
121350,0,0
121450,0,0
121550,0,0
121650,0,0
121750,0,0
121850,0,0
121950,0,0
122050,0,0
122150,0,0
122250,0,0
122350,0,0
122450,0,0
122550,0,0
122650,0,0
122750,0,0
122850,0,0
122950,0,0
123050,0,0
123150,0,0
123250,0,0
123350,0,0
123450,0,0
123550,0,0
123650,0,0
123750,0,0
123850,0,0
123950,0,0
124050,0,0
124150,0,0
124250,0,0
124350,0,0
124450,0,0
124550,0,0
124650,0,0
124750,0,0
124850,0,0
124950,0,0
125050,0,0
125150,0,0
125250,0,0
125350,0,0
125450,0,0
125550,0,0
125650,0,0
125750,0,0
125850,0,0
125950,0,0
126050,0,0
126150,0,0
126250,0,0
126350,0,0
126450,0,0
126550,0,0
126650,0,0
126750,0,0
126850,0,0
126950,0,0
127050,0,0
127150,0,0
127250,0,0
127350,0,0
127450,0,0
127550,0,0
127650,0,0
127750,0,0
127850,0,0
127950,0,0
128050,0,0
128150,0,0
128250,0,0
128350,0,0
128450,0,0
128550,0,0
128650,0,0
128750,0,0
128850,0,0
128950,0,0
129050,0,0
129150,0,0
129250,0,0
129350,0,0
129450,0,0
129550,0,0
129629,0,0
129870,0,0
129971,0,1
130071,0,1
130171,0,1
130271,0,1
130371,0,1
130471,0,1
130571,0,1
130671,0,1
130771,0,1
130871,0,1
130971,0,1
131071,0,1
131171,0,1
131271,0,1
131371,0,1
131471,0,1
131571,0,1
131671,0,1
131771,0,1
131871,0,1
131971,0,1
132071,0,1
132171,0,1
132271,0,1
132371,0,1
132471,0,1
132571,0,1
132671,0,1
132771,0,1
132872,0,1
132972,0,1
133072,0,1
133172,0,1
133272,0,1
133372,0,1
133472,0,1
133572,0,1
133667,0,1
133767,0,1
133894,0,0
133994,0,0
134094,0,0
134194,0,0
134294,0,0
134550,0,0
134650,0,1
134750,0,1
134850,0,1
134953,0,1
135053,1,2
135153,1,2
135253,1,2
135362,1,2
135462,1,2
135562,1,2
135662,1,2
135762,1,2
135862,1,2
135962,1,2
136062,1,2
136162,1,2
136262,1,2
136362,1,2
136462,1,2
136562,1,2
136662,1,2
136762,1,2
136862,1,2
136963,1,2
137063,1,2
137163,1,2
137263,1,2
137363,1,2
137463,1,2
137563,1,2
137659,1,2
137759,1,2
137859,1,2
137959,1,2
138059,1,2
138159,1,2
138259,1,2
138359,1,2
138459,1,2
138559,1,2
138659,1,2
138759,1,2
138859,1,2
138959,1,2
139059,1,2
139159,1,2
139259,1,2
139359,1,2
139459,1,2
139559,1,2
139659,1,2
139759,1,2
139860,1,2
139960,1,2
140060,1,2
140160,1,2
140260,1,2
140360,1,2
140460,1,2
140560,1,2
140660,1,2
140760,1,2
140860,1,2
140960,1,2
141060,1,2
141160,1,2
141260,1,2
141360,1,2
141460,1,2
141560,1,2
141655,1,2
141755,1,2
141855,1,2
141955,1,2
142055,1,2
142155,1,2
142255,1,2
142355,1,2
142455,1,2
142555,1,2
142655,1,2
142755,1,2
142855,1,2
142955,1,2
143055,1,2
143155,1,2
143255,1,2
143355,1,2
143455,1,2
143589,1,2
143689,1,2
143789,1,2
143889,1,2
143989,1,2
144089,1,2
144189,1,2
144289,1,2
144389,1,2
144489,1,2
144589,1,2
144689,1,2
144789,1,2
144890,1,2
144990,1,2
145090,1,2
145190,1,2
145290,1,2
145390,1,2
145490,1,2
145590,1,2
145686,1,2
145786,1,2
145886,1,2
145986,1,2
146086,1,2
146186,1,2
146286,1,2
146386,1,2
146486,1,2
146586,1,2
146686,1,2
146786,1,2
146886,1,2
146986,1,2
147086,1,2
147186,1,2
147286,1,2
147386,1,2
147486,1,2
147586,1,2
147686,1,2
147787,1,2
147887,1,2
147987,1,2
148087,1,2
148187,1,2
148287,1,2
148387,1,2
148487,1,2
148587,1,2
148687,1,2
148787,1,2
148887,1,2
148987,1,2
149087,1,2
149187,1,2
149287,1,2
149387,1,2
149487,1,2
149587,1,2
149683,1,2
149783,1,2
149883,1,2
149983,1,2
150083,1,2
150183,1,2
150283,1,2
150383,1,2
150483,1,2
150583,1,2
150683,1,2
150783,1,2
150883,1,2
150983,1,2
151083,1,2
151183,1,2
151283,1,2
151383,1,2
151483,1,2
151583,1,2
151683,1,2
151783,1,2
151883,1,2
151983,1,2
152083,1,2
152183,1,2
152283,1,2
152383,1,2
152483,1,2
152583,1,2
152683,1,2
152783,1,2
152883,1,2
152983,1,2
153083,1,2
153183,1,2
153283,1,2
153383,1,2
153483,1,2
153583,1,2
153679,1,2
153779,1,2
153879,1,2
153979,1,2
154079,1,2
154179,1,2
154279,1,2
154379,1,2
154479,1,2
154579,1,2
154679,1,2
154779,1,2
154879,1,2
154979,1,2
155079,1,2
155179,1,2
155279,1,2
155379,1,2
155479,1,2
155579,1,2
155679,1,2
155779,1,2
155926,1,2
156026,1,2
156126,1,2
156227,1,2
156327,1,2
156427,1,2
156527,1,2
156627,1,2
156727,1,2
156827,1,2
156927,1,2
157027,1,2
157127,1,2
157227,1,2
157327,1,2
157427,1,2
157527,1,2
157623,1,2
157723,1,2
157823,1,2
157923,1,2
158023,1,2
158123,1,2
158223,1,2
158323,1,2
158423,1,2
158523,1,2
158623,1,2
158723,1,2
158823,1,2
158923,1,2
159023,1,2
159123,1,2
159223,1,2
159323,1,2
159423,1,2
159523,1,2
159623,1,2
159723,1,2
159823,1,2
159923,1,2
160023,1,2
160123,1,2
160223,1,2
160323,1,2
160423,1,2
160523,1,2
160623,1,2
160723,1,2
160823,1,2
160923,1,2
161023,1,2
161123,1,2
161223,1,2
161323,1,2
161423,1,2
161523,1,2
161617,1,2
161717,1,2
161817,1,2
161917,1,2
162017,1,2
162117,1,2
162217,1,2
162317,1,2
162417,1,2
162517,1,2
162617,1,2
162717,1,2
162817,1,2
162917,1,2
163017,1,2
163117,1,2
163217,1,2
163317,1,2
163417,1,2
163517,1,2
163617,1,2
163717,1,2
163817,1,2
163917,1,2
164017,1,2
164117,1,2
164217,1,2
164317,1,2
164417,1,2
164517,1,2
164617,1,2
164717,1,2
164817,1,2
164917,1,2
165017,1,2
165117,1,2
165217,1,2
165317,1,2
165417,1,2
165517,1,2
165617,1,2
165696,1,2
165796,1,2
165896,1,2
165996,1,2
166096,1,2
166196,1,2
166296,1,2
166396,1,2
166496,1,2
166596,1,2
166696,1,2
166796,1,2
166896,1,2
166996,1,2
167096,1,2
167196,1,2
167296,1,2
167396,1,2
167496,1,2
167596,1,2
167696,1,2
167796,1,2
167896,1,2
167996,1,2
168096,1,2
168196,1,2
168296,1,2
168396,1,2
168496,1,2
168596,1,2
168696,1,2
168796,1,2
168896,1,2
168996,1,2
169096,1,2
169196,1,2
169296,1,2
169396,1,2
169496,1,2
169596,1,2
169696,1,2
169796,1,2
169896,1,2
169996,1,2
170096,1,2
170196,1,2
170296,1,2
170396,1,2
170496,1,2
170596,1,2
170696,1,2
170796,1,2
170896,1,2
170996,1,2
171096,1,2
171196,1,2
171296,1,2
171396,1,2
171496,1,2
171596,1,2
171696,1,2
171796,1,2
171896,1,2
171996,0,0
172096,0,0
172196,0,0
172296,0,0
172396,0,0
172496,0,0
172596,0,0
172696,0,0
172796,0,0
172896,0,0
172996,0,0
173096,0,0
173196,0,0
173296,0,0
173396,0,0
173496,0,0
173596,0,0
173696,0,0
173796,0,0
173896,0,0
173996,0,0
174096,0,0
174196,0,0
174296,0,0
174396,0,0
174496,0,0
174596,0,0
174696,0,0
174796,0,0
174896,0,0
174996,0,0
175096,0,0
175196,0,0
175296,0,0
175396,0,0
175496,0,0
175596,0,0
175696,0,0
175796,0,0
175896,0,0
175996,0,0
176096,0,0
176196,0,0
176296,0,0
176396,0,0
176496,0,0
176596,0,0
176696,0,0
176796,0,0
176896,0,0
176996,0,0
177096,0,0
177196,0,0
177296,0,0
177396,0,0
177496,0,0
177596,0,0
177696,0,0
177796,0,0
177896,0,0
177996,0,0
178096,0,0
178196,0,0
178296,0,0
178396,0,0
178496,0,0
178596,0,0
178696,0,0
178796,0,0
178896,0,0
178996,0,0
179096,0,0
179196,0,0
179296,0,0
179396,0,0
179496,0,0
179596,0,0
179696,0,0
179796,0,0
179896,0,0
179996,0,0
180096,0,0
180196,0,0
180296,0,0
180396,0,0
180496,0,0
180596,0,0
180696,0,0
180796,0,0
180896,0,0
180996,0,0
181096,0,0
181196,0,0
181296,0,0
181396,0,0
181496,0,0
181596,0,0
181696,0,0
181796,0,0
181896,0,0
181996,0,0
182096,0,0
182196,0,0
182296,0,0
182396,0,0
182496,0,0
182596,0,0
182696,0,0
182796,0,0
182896,0,0
182996,0,0
183096,0,0
183196,0,0
183296,0,0
183396,0,0
183496,0,0
183596,0,0
183696,0,0
183796,0,0
183896,0,0
183996,0,0
184096,0,0
184196,0,0
184296,0,0
184396,0,0
184496,0,0
184596,0,0
184696,0,0
184796,0,0
184896,0,0
184996,0,0
185096,0,0
185196,0,0
185296,0,0
185396,0,0
185496,0,0
185596,0,0
185696,0,0
185796,0,0
185890,0,0
185990,0,0
186090,0,0
186190,0,0
186290,0,0
186621,0,0
186721,0,1
186821,0,1
186921,0,1
187021,0,1
187121,0,1
187221,0,1
187321,0,1
187422,0,1
187522,0,1
187622,0,1
187722,0,1
187822,0,1
187922,0,1
188022,0,1
188122,0,1
188222,0,1
188322,0,1
188422,0,1
188522,0,1
188622,0,1
188722,0,1
188822,0,1
188922,0,1
189022,0,1
189122,0,1
189222,0,1
189322,0,1
189422,0,1
189522,0,1
189622,0,1
189722,0,1
189822,0,1
189916,0,1
190016,0,1
190116,0,1
190216,0,1
190316,0,1
190416,0,1
190516,0,1
190616,0,1
190716,0,0
190816,0,0
190916,0,0
191016,0,0
191379,0,0
191479,0,1
191579,0,1
191679,0,1
191779,0,1
191879,0,1
191979,0,1
192079,0,1
192179,0,1
192280,0,1
192380,0,1
192480,0,1
192580,0,1
192680,0,1
192780,0,1
192880,0,1
192980,0,1
193080,0,1
193180,0,1
193280,0,1
193380,0,1
193480,0,1
193580,0,1
193680,0,1
193780,0,1
193879,0,1
193979,0,1
194079,0,1
194179,0,1
194279,0,1
194379,0,1
194479,0,1
194579,0,1
194679,0,1
194779,0,1
194879,0,1
194979,0,1
195079,0,1
195179,0,1
195279,0,1
195407,0,0
195507,0,0
195607,0,0
195707,0,0
195807,0,0
195941,0,0
196041,0,1
196141,0,1
196241,0,1
196363,0,1
196463,1,2
196563,1,2
196663,1,2
196771,1,2
196871,1,2
196971,1,2
197071,1,2
197171,1,2
197271,1,2
197371,1,2
197471,1,2
197571,1,2
197671,1,2
197771,1,2
197866,1,2
197966,1,2
198066,1,2
198166,1,2
198266,1,2
198366,1,2
198466,1,2
198566,1,2
198666,1,2
198766,1,2
198866,1,2
198966,1,2
199066,1,2
199166,1,2
199266,1,2
199366,1,2
199466,1,2
199566,1,2
199666,1,2
199766,1,2
199866,1,2
199966,1,2
200066,1,2
200166,1,2
200266,1,2
200366,1,2
200466,1,2
200566,1,2
200666,1,2
200766,1,2
200866,1,2
200966,1,2
201066,1,2
201166,1,2
201266,1,2
201366,1,2
201466,1,2
201566,1,2
201666,1,2
201766,1,2
201859,1,2
201959,1,2
202059,1,2
202159,1,2
202259,1,2
202359,1,2
202459,1,2
202559,1,2
202659,1,2
202759,1,2
202859,1,2
202959,1,2
203059,1,2
203159,1,2
203259,1,2
203359,1,2
203459,1,2
203559,1,2
203659,1,2
203759,1,2
203859,1,2
203959,1,2
204059,1,2
204159,1,2
204259,1,2
204359,1,2
204459,1,2
204559,1,2
204659,1,2
204759,1,2
204859,1,2
204985,1,2
205085,1,2
205185,1,2
205285,1,2
205385,1,2
205485,1,2
205585,1,2
205685,1,2
205785,1,2
205883,1,2
205983,1,2
206083,1,2
206183,1,2
206283,1,2
206383,1,2
206483,1,2
206583,1,2
206683,1,2
206783,1,2
206883,1,2
206983,1,2
207083,1,2
207183,1,2
207284,1,2
207384,1,2
207484,1,2
207584,1,2
207684,1,2
207784,1,2
207884,1,2
207984,1,2
208084,1,2
208184,1,2
208284,1,2
208384,1,2
208484,1,2
208584,1,2
208684,1,2
208784,1,2
208884,1,2
208984,1,2
209084,1,2
209184,1,2
209284,1,2
209384,1,2
209484,1,2
209584,1,2
209684,1,2
209784,1,2
209879,1,2
209979,1,2
210079,1,2
210180,1,2
210280,1,2
210380,1,2
210480,1,2
210580,1,2
210680,1,2
210780,1,2
210880,1,2
210980,1,2
211080,1,2
211180,1,2
211280,1,2
211380,1,2
211480,1,2
211580,1,2
211680,1,2
211780,1,2
211880,1,2
211980,1,2
212080,1,2
212180,1,2
212280,1,2
212380,1,2
212480,1,2
212580,1,2
212680,1,2
212780,1,2
212880,1,2
212980,1,2
213080,1,2
213180,1,2
213280,1,2
213380,1,2
213480,1,2
213580,1,2
213680,1,2
213780,1,2
213876,1,2
213976,1,2
214076,1,2
214176,1,2
214276,1,2
214376,1,2
214476,1,2
214576,1,2
214676,1,2
214776,1,2
214876,1,2
214976,1,2
215076,1,2
215176,1,2
215276,1,2
215376,1,2
215476,1,2
215576,1,2
215676,1,2
215776,1,2
215876,1,2
215976,1,2
216076,1,2
216176,1,2
216276,1,2
216376,1,2
216476,1,2
216576,1,2
216676,1,2
216776,1,2
216876,1,2
216976,1,2
217076,1,2
217199,1,2
217299,1,2
217399,1,2
217499,1,2
217600,1,2
217700,1,2
217800,1,2
217895,1,2
217995,1,2
218095,1,2
218195,1,2
218295,1,2
218395,1,2
218495,1,2
218595,1,2
218695,1,2
218795,1,2
218895,1,2
218995,1,2
219095,1,2
219195,1,2
219295,1,2
219395,1,2
219495,1,2
219595,1,2
219695,1,2
219795,1,2
219895,1,2
219995,1,2
220095,1,2
220195,1,2
220295,1,2
220395,1,2
220495,1,2
220595,1,2
220695,1,2
220795,1,2
220895,1,2
220995,1,2
221095,1,2
221195,1,2
221295,1,2
221395,1,2
221495,1,2
221595,1,2
221695,1,2
221795,1,2
221892,1,2
221992,1,2
222092,1,2
222192,1,2
222292,1,2
222392,1,2
222492,1,2
222592,1,2
222692,1,2
222792,1,2
222892,1,2
222992,1,2
223092,1,2
223192,1,2
223292,1,2
223392,1,2
223492,1,2
223592,1,2
223692,1,2
223792,1,2
223892,1,2
223992,1,2
224092,1,2
224192,1,2
224292,1,2
224392,1,2
224492,1,2
224592,1,2
224692,1,2
224792,1,2
224892,1,2
224992,1,2
225092,1,2
225192,1,2
225292,1,2
225392,1,2
225492,1,2
225592,1,2
225692,1,2
225792,1,2
225892,1,2
225992,1,2
226092,1,2
226192,1,2
226292,1,2
226392,1,2
226492,1,2
226592,1,2
226692,1,2
226792,1,2
226892,1,2
226992,1,2
227092,1,2
227192,1,2
227292,1,2
227392,1,2
227492,1,2
227592,1,2
227692,1,2
227792,1,2
227892,1,2
227992,1,2
228092,1,2
228192,1,2
228292,1,2
228392,1,2
228492,1,2
228592,1,2
228692,1,2
228792,1,2
228892,1,2
228992,1,2
229092,1,2
229192,1,2
229303,0,0
229403,0,0
229503,0,0
229603,0,0
229703,0,0
229803,0,0
229903,0,0
230003,0,0
230103,0,0
230203,0,0
230303,0,0
230403,0,0
230503,0,0
230603,0,0
230703,0,0
230803,0,0
230904,0,0
231004,0,0
231104,0,0
231204,0,0
231304,0,0
231404,0,0
231504,0,0
231604,0,0
231704,0,0
231804,0,0
231904,0,0
232004,0,0
232104,0,0
232204,0,0
232304,0,0
232404,0,0
232504,0,0
232604,0,0
232704,0,0
232804,0,0
232904,0,0
233004,0,0
233104,0,0
233204,0,0
233304,0,0
233404,0,0
233504,0,0
233604,0,0
233704,0,0
233804,0,0
233904,0,0
234004,0,0
234104,0,0
234204,0,0
234304,0,0
234404,0,0
234504,0,0
234604,0,0
234704,0,0
234804,0,0
234904,0,0
235004,0,0
235104,0,0
235204,0,0
235304,0,0
235404,0,0
235504,0,0
235604,0,0
235704,0,0
235804,0,0
235904,0,0
236004,0,0
236104,0,0
236204,0,0
236304,0,0
236404,0,0
236504,0,0
236604,0,0
236704,0,0
236804,0,0
236904,0,0
237004,0,0
237104,0,0
237204,0,0
237304,0,0
237404,0,0
237504,0,0
237604,0,0
237704,0,0
237804,0,0
237904,0,0
238004,0,0
238104,0,0
238204,0,0
238304,0,0
238404,0,0
238504,0,0
238604,0,0
238704,0,0
238804,0,0
238904,0,0
239004,0,0
239104,0,0
239204,0,0
239304,0,0
239404,0,0
239504,0,0
239604,0,0
239704,0,0
239804,0,0
239904,0,0
240004,0,0
240104,0,0
240204,0,0
240304,0,0
240404,0,0
240504,0,0
240604,0,0
240704,0,0
240804,0,0
240904,0,0
241004,0,0
241104,0,0
241204,0,0
241304,0,0
241404,0,0
241504,0,0
241604,0,0
241704,0,0
241804,0,0
241904,0,0
242004,0,0
242104,0,0
242204,0,0
242304,0,0
242404,0,0
242504,0,0
242604,0,0
242680,0,0
242780,0,0
242880,0,0
242980,0,0
243573,0,0
243673,0,1
243773,0,1
243873,0,1
243973,0,1
244073,0,1
244173,0,1
244273,0,1
244373,0,1
244473,0,1
244573,0,1
244673,0,1
244773,0,1
244873,0,1
244973,0,1
245073,0,1
245174,0,1
245274,0,1
245374,0,1
245474,0,1
245574,0,1
245674,0,1
245774,0,1
245874,0,1
245974,0,1
246074,0,1
246174,0,1
246274,0,1
246374,0,1
246474,0,1
246574,0,1
246670,0,1
246770,0,1
246870,0,1
246970,0,1
247070,0,1
247170,0,1
247270,0,1
247370,0,1
247470,0,1
247935,0,0
248035,0,1
248135,0,1
248235,0,1
248358,0,1
248458,1,2
248558,1,2
248658,1,2
248768,1,2
248868,1,2
248968,1,2
249068,1,2
249168,1,2
249268,1,2
249368,1,2
249468,1,2
249568,1,2
249668,1,2
249768,1,2
249868,1,2
249968,1,2
250068,1,2
250168,1,2
250268,1,2
250368,1,2
250468,1,2
250568,1,2
250663,1,2
250763,1,2
250863,1,2
250963,1,2
251063,1,2
251163,1,2
251263,1,2
251363,1,2
251463,1,2
251563,1,2
251663,1,2
251763,1,2
251863,1,2
251963,1,2
252063,1,2
252163,1,2
252263,1,2
252363,1,2
252463,1,2
252563,1,2
252663,1,2
252763,1,2
252863,1,2
252963,1,2
253063,1,2
253163,1,2
253263,1,2
253363,1,2
253463,1,2
253563,1,2
253663,1,2
253763,1,2
253863,1,2
253963,1,2
254063,1,2
254163,1,2
254263,1,2
254363,1,2
254463,1,2
254563,1,2
254659,1,2
254759,1,2
254859,1,2
254959,1,2
255059,1,2
255159,1,2
255259,1,2
255359,1,2
255459,1,2
255559,1,2
255659,1,2
255759,1,2
255859,1,2
255959,1,2
256059,1,2
256159,1,2
256259,1,2
256359,1,2
256459,1,2
256559,1,2
256659,1,2
256759,1,2
256859,1,2
256984,1,2
257084,1,2
257184,1,2
257284,1,2
257384,1,2
257484,1,2
257584,1,2
257684,1,2
257784,1,2
257884,1,2
257984,1,2
258084,1,2
258184,1,2
258284,1,2
258384,1,2
258484,1,2
258584,1,2
258680,1,2
258780,1,2
258880,1,2
258981,1,2
259081,1,2
259181,1,2
259281,1,2
259381,1,2
259481,1,2
259581,1,2
259681,1,2
259781,1,2
259881,1,2
259981,1,2
260081,1,2
260181,1,2
260281,1,2
260381,1,2
260481,1,2
260581,1,2
260681,1,2
260781,1,2
260881,1,2
260981,1,2
261081,1,2
261181,1,2
261281,1,2
261381,1,2
261481,1,2
261581,1,2
261681,1,2
261781,1,2
261882,1,2
261982,1,2
262082,1,2
262182,1,2
262282,1,2
262382,1,2
262482,1,2
262582,1,2
262678,1,2
262778,1,2
262878,1,2
262978,1,2
263078,1,2
263178,1,2
263278,1,2
263378,1,2
263478,1,2
263578,1,2
263678,1,2
263778,1,2
263878,1,2
263978,1,2
264078,1,2
264178,1,2
264278,1,2
264378,1,2
264478,1,2
264578,1,2
264678,1,2
264779,1,2
264879,1,2
264979,1,2
265079,1,2
265179,1,2
265279,1,2
265379,1,2
265479,1,2
265579,1,2
265679,1,2
265779,1,2
265879,1,2
265979,1,2
266079,1,2
266179,1,2
266279,1,2
266379,1,2
266479,1,2
266579,1,2
266671,1,2
266771,1,2
266871,1,2
266971,1,2
267071,1,2
267171,1,2
267271,1,2
267371,1,2
267471,1,2
267571,1,2
267671,1,2
267771,1,2
267871,1,2
267971,1,2
268071,1,2
268171,1,2
268271,1,2
268371,1,2
268471,1,2
268571,1,2
268671,1,2
268771,1,2
268871,1,2
268971,1,2
269071,1,2
269171,1,2
269271,1,2
269371,1,2
269471,1,2
269571,1,2
269671,1,2
269771,1,2
269871,1,2
269971,1,2
270071,1,2
270171,1,2
270271,1,2
270371,1,2
270471,1,2
270571,1,2
270669,1,2
270769,1,2
270869,1,2
270969,1,2
271069,1,2
271169,1,2
271269,1,2
271369,1,2
271469,1,2
271569,1,2
271669,1,2
271769,1,2
271869,1,2
271969,1,2
272069,1,2
272169,1,2
272269,1,2
272369,1,2
272469,1,2
272569,1,2
272669,1,2
272769,1,2
272869,1,2
272969,1,2
273069,1,2
273169,1,2
273269,1,2
273395,1,2
273495,1,2
273595,1,2
273695,1,2
273795,1,2
273895,1,2
273995,1,2
274095,1,2
274195,1,2
274295,1,2
274395,1,2
274495,1,2
274595,1,2
274692,1,2
274793,1,2
274893,1,2
274993,1,2
275093,1,2
275193,1,2
275293,1,2
275393,1,2
275493,1,2
275593,1,2
275693,1,2
275793,1,2
275893,1,2
275993,1,2
276093,1,2
276193,1,2
276293,1,2
276393,1,2
276493,1,2
276593,1,2
276693,1,2
276793,1,2
276893,1,2
276993,1,2
277093,1,2
277193,1,2
277293,1,2
277393,1,2
277493,1,2
277593,1,2
277694,1,2
277794,1,2
277894,1,2
277994,1,2
278094,1,2
278194,1,2
278294,1,2
278394,1,2
278494,1,2
278594,1,2
278694,1,2
278788,1,2
278888,1,2
278988,1,2
279088,1,2
279188,1,2
279288,1,2
279388,1,2
279488,1,2
279588,1,2
279688,1,2
279788,1,2
279888,1,2
279988,1,2
280088,1,2
280188,1,2
280288,1,2
280388,1,2
280488,1,2
280588,1,2
280688,1,2
280788,1,2
280888,1,2
280988,1,2
281088,1,2
281188,1,2
281288,1,2
281388,1,2
281488,1,2
281588,1,2
281688,1,2
281788,1,2
281888,1,2
281988,1,2
282088,1,2
282188,1,2
282288,1,2
282388,1,2
282488,1,2
282588,1,2
282688,1,2
282788,1,2
282888,1,2
282988,1,2
283088,1,2
283188,1,2
283288,1,2
283388,1,2
283488,1,2
283588,1,2
283688,1,2
283788,1,2
283888,1,2
283988,1,2
284088,1,2
284188,1,2
284288,1,2
284388,1,2
284488,1,2
284588,1,2
284688,1,2
284788,1,2
284888,1,2
284988,1,2
285088,1,2
285188,1,2
285288,1,2
285388,1,2
285488,0,0
285588,0,0
285688,0,0
285788,0,0
285888,0,0
285988,0,0
286088,0,0
286188,0,0
286288,0,0
286388,0,0
286488,0,0
286588,0,0
286688,0,0
286788,0,0
286888,0,0
286988,0,0
287088,0,0
287188,0,0
287288,0,0
287388,0,0
287488,0,0
287588,0,0
287688,0,0
287788,0,0
287888,0,0
287988,0,0
288088,0,0
288188,0,0
288288,0,0
288388,0,0
288488,0,0
288588,0,0
288688,0,0
288788,0,0
288888,0,0
288988,0,0
289088,0,0
289188,0,0
289288,0,0
289388,0,0
289488,0,0
289588,0,0
289688,0,0
289788,0,0
289888,0,0
289988,0,0
290088,0,0
290188,0,0
290288,0,0
290388,0,0
290488,0,0
290588,0,0
290688,0,0
290788,0,0
290888,0,0
290988,0,0
291088,0,0
291188,0,0
291288,0,0
291388,0,0
291488,0,0
291588,0,0
291688,0,0
291788,0,0
291888,0,0
291988,0,0
292088,0,0
292188,0,0
292288,0,0
292388,0,0
292488,0,0
292588,0,0
292688,0,0
292788,0,0
292888,0,0
292988,0,0
293088,0,0
293188,0,0
293288,0,0
293388,0,0
293488,0,0
293588,0,0
293688,0,0
293788,0,0
293888,0,0
293988,0,0
294088,0,0
294188,0,0
294288,0,0
294388,0,0
294488,0,0
294588,0,0
294688,0,0
294788,0,0
294888,0,0
294988,0,0
295088,0,0
295188,0,0
295288,0,0
295388,0,0
295488,0,0
295588,0,0
295688,0,0
295788,0,0
295888,0,0
295988,0,0
296088,0,0
296188,0,0
296288,0,0
296388,0,0
296488,0,0
296588,0,0
296688,0,0
296788,0,0
296888,0,0
296988,0,0
297088,0,0
297188,0,0
297288,0,0
297388,0,0
297488,0,0
297588,0,0
297688,0,0
297788,0,0
297888,0,0
297988,0,0
298088,0,0
298188,0,0
298288,0,0
298388,0,0
298488,0,0
298588,0,0
298688,0,0
298788,0,0
298888,0,0
298988,0,0
299088,0,0
299188,0,0
299288,0,0
299367,0,0
299467,0,0
299567,0,0
299667,0,0
300167,0,0
300267,0,1
300367,0,1
300467,0,1
300567,0,1
300667,0,1
300767,0,1
300867,0,1
300967,0,1
301067,0,1
301167,0,1
301267,0,1
301367,0,1
301467,0,1
301567,0,1
301667,0,1
301767,0,1
301867,0,1
301967,0,1
302067,0,1
302167,0,1
302267,0,1
302367,0,1
302467,0,1
302567,0,1
302667,0,1
302767,0,1
302867,0,1
302967,0,1
303067,0,1
303167,0,1
303267,0,1
303367,0,1
303448,0,1
303548,0,1
303648,0,1
303748,0,1
303848,0,1
303948,0,1
304048,0,1
304148,0,1
304248,0,0
304473,0,0
304573,0,1
304673,0,1
304773,0,1
304896,0,1
304996,1,2
305096,1,2
305196,1,2
305296,1,2
305396,1,2
305496,1,2
305596,1,2
305696,1,2
305796,1,2
305896,1,2
305996,1,2
306096,1,2
306196,1,2
306296,1,2
306396,1,2
306496,1,2
306596,1,2
306696,1,2
306796,1,2
306896,1,2
306996,0,0
307096,0,0
307196,0,0
307296,0,0
307405,0,0
307505,0,0
307605,0,0
307705,0,0
307805,0,0
307905,0,0
308005,0,0
308105,0,0
308205,0,0
308305,0,0
308405,0,0
308505,0,0
308605,0,0
308705,0,0
308805,0,0
308905,0,0
309067,0,0
309167,0,1
309267,0,1
309367,0,1
309467,0,1
309567,0,1
309667,0,1
309767,0,1
309867,0,1
309967,0,1
310067,0,1
310167,0,1
310267,0,1
310367,0,1
310468,0,1
310568,0,1
310668,0,1
310768,0,1
310868,0,1
310968,0,1
311068,0,1
311168,0,1
311268,0,1
311363,0,1
311463,0,1
311563,0,1
311663,0,1
311763,0,1
311863,0,1
311963,0,1
312063,0,1
312163,0,1
312263,0,1
312363,0,1
312463,0,1
312563,0,1
312663,0,1
312763,0,1
312863,0,1
312963,0,1
313090,0,0
313190,0,0
313290,0,0
313390,0,0
313490,0,0
314155,0,0
314255,0,1
314355,0,1
314455,0,1
314555,0,1
314655,0,1
314755,0,1
314855,0,1
314955,0,1
315055,0,1
315156,0,1
315256,0,1
315356,0,1
315447,0,1
315547,0,1
315647,0,1
315747,0,1
315847,0,1
315947,0,1
316047,0,1
316147,0,1
316247,0,1
316347,0,1
316447,0,1
316547,0,1
316647,0,1
316747,0,1
316847,0,1
316947,0,1
317047,0,1
317147,0,1
317247,0,1
317347,0,1
317447,0,1
317547,0,1
317647,0,1
317747,0,1
317847,0,1
317947,0,1
318047,0,1
318174,0,0
318274,0,0
318374,0,0
318475,0,0
318575,0,0
318675,0,0
318775,0,0
318875,0,0
318975,0,0
319075,0,0
319175,0,0
319275,0,0
319375,0,0
319462,0,0
319562,0,0
319662,0,0
319762,0,0
319862,0,0
319962,0,0
320062,0,0
320162,0,0
320262,0,0
320362,0,0
320462,0,0
320562,0,0
320662,0,0
320762,0,0
320862,0,0
320962,0,0
321062,0,0
321162,0,0
321262,0,0
321362,0,0
321462,0,0
321562,0,0
321662,0,0
321762,0,0
321862,0,0
321962,0,0
322062,0,0
322162,0,0
322262,0,0
322362,0,0
322462,0,0
322562,0,0
322662,0,0
322762,0,0
322862,0,0
322962,0,0
323062,0,0
323162,0,0
323262,0,0
323362,0,0
323461,0,0
323561,0,0
323661,0,0
323761,0,0
323861,0,0
323961,0,0
324061,0,0
324161,0,0
324261,0,0
324361,0,0
324461,0,0
324561,0,0
324661,0,0
324761,0,0
324861,0,0
324961,0,0
325061,0,0
325161,0,0
325261,0,0
325361,0,0
325461,0,0
325561,0,0
325661,0,0
325761,0,0
325861,0,0
325961,0,0
326061,0,0
326161,0,0
326261,0,0
326361,0,0
326461,0,0
326561,0,0
326661,0,0
326761,0,0
326861,0,0
326961,0,0
327061,0,0
327161,0,0
327261,0,0
327361,0,0
327462,0,0
327562,0,0
327662,0,0
327762,0,0
327862,0,0
327962,0,0
328062,0,0
328162,0,0
328262,0,0
328362,0,0
328462,0,0
328562,0,0
328662,0,0
328762,0,0
328862,0,0
328962,0,0
329062,0,0
329162,0,0
329262,0,0
329362,0,0
329462,0,0
329562,0,0
329662,0,0
329762,0,0
329862,0,0
329962,0,0
330062,0,0
330162,0,0
330262,0,0
330362,0,0
330462,0,0
330562,0,0
330662,0,0
330762,0,0
330862,0,0
330962,0,0
331062,0,0
331162,0,0
331262,0,0
331362,0,0
331462,0,0
331562,0,0
331662,0,0
331762,0,0
331862,0,0
331962,0,0
332062,0,0
332162,0,0
332262,0,0
332362,0,0
332462,0,0
332562,0,0
332662,0,0
332762,0,0
332862,0,0
332962,0,0
333062,0,0
333162,0,0
333262,0,0
333362,0,0
333462,0,0
333562,0,0
333662,0,0
333762,0,0
333862,0,0
333962,0,0
334062,0,0
334162,0,0
334262,0,0
334362,0,0
334462,0,0
334562,0,0
334662,0,0
334762,0,0
334862,0,0
334962,0,0
335062,0,0
335162,0,0
335262,0,0
335362,0,0
335452,0,0
335552,0,0
335652,0,0
335752,0,0
335852,0,0
335952,0,0
336052,0,0
336152,0,0
336252,0,0
336352,0,0
336452,0,0
336552,0,0
336652,0,0
336752,0,0
336852,0,0
336952,0,0
337052,0,0
337152,0,0
337252,0,0
337352,0,0
337452,0,0
337552,0,0
337652,0,0
337752,0,0
337852,0,0
337952,0,0
338052,0,0
338152,0,0
338252,0,0
338352,0,0
338452,0,0
338552,0,0
338652,0,0
338752,0,0
338852,0,0
338952,0,0
339052,0,0
339152,0,0
339252,0,0
339352,0,0
339454,0,0
339554,0,0
339654,0,0
339754,0,0
339854,0,0
339954,0,0
340054,0,0
340154,0,0
340254,0,0
340354,0,0
340454,0,0
340554,0,0
340654,0,0
340754,0,0
340854,0,0
340954,0,0
341054,0,0
341154,0,0
341254,0,0
341354,0,0
341454,0,0
341554,0,0
341654,0,0
341754,0,0
341854,0,0
341954,0,0
342054,0,0
342154,0,0
342254,0,0
342354,0,0
342454,0,0
342554,0,0
342654,0,0
342754,0,0
342854,0,0
342954,0,0
343054,0,0
343154,0,0
343254,0,0
343354,0,0
343454,0,0
343554,0,0
343654,0,0
343754,0,0
343854,0,0
343954,0,0
344054,0,0
344154,0,0
344254,0,0
344354,0,0
344454,0,0
344554,0,0
344654,0,0
344754,0,0
344854,0,0
344954,0,0
345054,0,0
345154,0,0
345254,0,0
345354,0,0
345454,0,0
345554,0,0
345654,0,0
345754,0,0
345854,0,0
345954,0,0
346054,0,0
346154,0,0
346254,0,0
346354,0,0
346454,0,0
346554,0,0
346654,0,0
346754,0,0
346854,0,0
346954,0,0
347054,0,0
347154,0,0
347254,0,0
347354,0,0
347454,0,0
347554,0,0
347654,0,0
347754,0,0
347854,0,0
347954,0,0
348054,0,0
348154,0,0
348254,0,0
348354,0,0
348454,0,0
348554,0,0
348654,0,0
348754,0,0
348854,0,0
348954,0,0
349054,0,0
349154,0,0
349254,0,0
349354,0,0
349454,0,0
349554,0,0
349654,0,0
349754,0,0
349854,0,0
349954,0,0
350054,0,0
350154,0,0
350254,0,0
350354,0,0
350454,0,0
350554,0,0
350654,0,0
350754,0,0
350854,0,0
350954,0,0
351054,0,0
351154,0,0
351254,0,0
351354,0,0
351454,0,0
351554,0,0
351654,0,0
351754,0,0
351854,0,0
351954,0,0
352054,0,0
352154,0,0
352254,0,0
352354,0,0
352454,0,0
352554,0,0
352654,0,0
352754,0,0
352854,0,0
352954,0,0
353054,0,0
353154,0,0
353254,0,0
353354,0,0
353454,0,0
353554,0,0
353654,0,0
353754,0,0
353854,0,0
353954,0,0
354054,0,0
354154,0,0
354254,0,0
354354,0,0
354454,0,0
354554,0,0
354654,0,0
354754,0,0
354854,0,0
354954,0,0
355054,0,0
355154,0,0
355254,0,0
355354,0,0
355437,0,0
355537,0,0
355637,0,0
355737,0,0
355837,0,0
355937,0,0
356037,0,0
356137,0,0
356237,0,0
356337,0,0
356437,0,0
356537,0,0
356637,0,0
356737,0,0
356837,0,0
356937,0,0
357037,0,0
357137,0,0
357237,0,0
357337,0,0
357437,0,0
357537,0,0
357637,0,0
357737,0,0
357837,0,0
357937,0,0
358037,0,0
358137,0,0
358237,0,0
358337,0,0
358437,0,0
358590,0,0
358690,0,1
358790,0,1
358890,0,1
358990,0,1
359090,0,1
359190,0,1
359290,0,1
359385,0,1
359485,0,1
359585,0,1
359685,0,1
359785,0,1
359885,0,1
359985,0,1
360085,0,1
360185,0,1
360285,0,1
360385,0,1
360485,0,1
360585,0,1
360685,0,1
360785,0,1
360886,0,1
360986,0,1
361086,0,1
361186,0,1
361286,0,1
361386,0,1
361486,0,1
361586,0,1
361686,0,1
361786,0,1
361886,0,1
361986,0,1
362086,0,1
362186,0,1
362286,0,1
362386,0,1
362486,0,1
362614,0,0
362714,0,0
362814,0,0
362914,0,0
363014,0,0
363114,0,0
363406,0,0
363506,0,1
363606,0,1
363706,0,1
363806,0,1
363901,0,1
364001,0,1
364101,0,1
364201,0,1
364301,0,1
364401,0,1
364501,0,1
364601,0,1
364701,0,1
364801,0,1
364901,0,1
365001,0,1
365101,0,1
365201,0,1
365301,0,1
365401,0,1
365501,0,1
365601,0,1
365702,0,1
365802,0,1
365902,0,1
366002,0,1
366102,0,1
366202,0,1
366302,0,1
366402,0,1
366502,0,1
366602,0,1
366702,0,1
366802,0,1
366902,0,1
367002,0,1
367102,0,1
367202,0,1
367302,0,1
367430,0,0
367530,0,0
367630,0,0
367730,0,0
367830,0,0
367926,0,0
368500,0,0
368600,0,1
368700,0,1
368800,0,1
368900,0,1
369000,0,1
369100,0,1
369200,0,1
369300,0,1
369400,0,1
369500,0,1
369600,0,1
369700,0,1
369800,0,1
369900,0,1
370000,0,1
370100,0,1
370200,0,1
370300,0,1
370400,0,1
370500,0,1
370600,0,1
370700,0,1
370800,0,1
370900,0,1
371000,0,1
371100,0,1
371200,0,1
371300,0,1
371400,0,1
371501,0,1
371601,0,1
371701,0,1
371801,0,1
371897,0,1
371997,0,1
372097,0,1
372197,0,1
372297,0,1
372397,0,1
372529,0,0
372629,0,0
372729,0,0
372829,0,0
372929,0,0
373029,0,0
373129,0,0
373229,0,0
373329,0,0
373429,0,0
373529,0,0
373630,0,0
373730,0,0
373830,0,0
373930,0,0
374030,0,0
374130,0,0
374230,0,0
374330,0,0
374430,0,0
374530,0,0
374630,0,0
374730,0,0
374830,0,0
374930,0,0
375030,0,0
375130,0,0
375230,0,0
375330,0,0
375430,0,0
375530,0,0
375630,0,0
375730,0,0
375830,0,0
375925,0,0
376025,0,0
376231,0,0
376331,0,1
376431,0,1
376531,0,1
376664,0,1
376764,0,0
376864,0,0
376964,0,0
377064,0,0
377164,0,0
377264,0,0
377364,0,0
377465,0,0
377565,0,0
377665,0,0
377765,0,0
377865,0,0
377965,0,0
378065,0,0
378165,0,0
378265,0,0
378365,0,0
378465,0,0
378565,0,0
378665,0,0
378765,0,0
378865,0,0
378965,0,0
379065,0,0
379165,0,0
379265,0,0
379365,0,0
379465,0,0
379565,0,0
379665,0,0
379765,0,0
379865,0,0
379946,0,0
380046,0,0
380146,0,0
380725,0,0
380825,0,1
380925,0,1
381025,0,1
381125,0,1
381225,0,1
381325,0,1
381425,0,1
381525,0,1
381625,0,1
381725,0,1
381825,0,1
381926,0,1
382026,0,1
382126,0,1
382226,0,1
382326,0,1
382426,0,1
382526,0,1
382626,0,1
382726,0,1
382826,0,1
382926,0,1
383026,0,1
383126,0,1
383226,0,1
383326,0,1
383426,0,1
383526,0,1
383626,0,1
383726,0,1
383826,0,1
383926,0,1
384026,0,1
384068,0,1
384168,0,1
384268,0,1
384368,0,1
384468,0,1
384568,0,1
384696,0,0
384796,0,0
384897,0,0
384997,0,0
385097,0,0
385197,0,0
385297,0,0
385397,0,0
385497,0,0
385597,0,0
385697,0,0
385797,0,0
385897,0,0
385997,0,0
386097,0,0
386197,0,0
386297,0,0
386397,0,0
386497,0,0
386597,0,0
386697,0,0
386797,0,0
386897,0,0
386997,0,0
387097,0,0
387197,0,0
387297,0,0
387397,0,0
387497,0,0
387597,0,0
387697,0,0
387797,0,0
387897,0,0
388061,0,0
388161,0,0
388261,0,0
388361,0,0
388461,0,0
388561,0,0
388661,0,0
388761,0,0
388861,0,0
388961,0,0
389061,0,0
389242,0,0
389342,0,1
389442,0,1
389542,0,1
389642,0,1
389742,0,1
389842,0,1
389942,0,1
390042,0,1
390142,0,1
390242,0,1
390342,0,1
390442,0,1
390542,0,1
390642,0,1
390742,0,1
390842,0,1
390942,0,1
391042,0,1
391142,0,1
391242,0,1
391342,0,1
391442,0,1
391542,0,1
391642,0,1
391742,0,1
391842,0,1
391942,0,1
392038,0,1
392138,0,1
392238,0,1
392339,0,1
392439,0,1
392539,0,1
392639,0,1
392739,0,1
392839,0,1
392939,0,1
393039,0,1
393139,0,1
393266,0,0
393366,0,0
393466,0,0
393566,0,0
393666,0,0
393766,0,0
393866,0,0
393966,0,0
394164,0,0
394264,0,1
394364,0,1
394464,0,1
394564,0,1
394664,0,1
394764,0,1
394864,0,1
394964,0,1
395064,0,1
395164,0,1
395264,0,1
395364,0,1
395464,0,1
395564,0,1
395664,0,1
395764,0,1
395864,0,1
395965,0,1
396060,0,1
396160,0,1
396260,0,1
396360,0,1
396460,0,1
396560,0,1
396660,0,1
396760,0,1
396860,0,1
396960,0,1
397060,0,1
397160,0,1
397260,0,1
397360,0,1
397460,0,1
397560,0,1
397660,0,1
397760,0,1
397860,0,1
397960,0,1
398060,0,1
398188,0,0
398288,0,0
398388,0,0
398488,0,0
398588,0,0
398688,0,0
398788,0,0
398888,0,0
398988,0,0
399088,0,0
399188,0,0
399288,0,0
399388,0,0
399488,0,0
399588,0,0
399688,0,0
399788,0,0
399888,0,0
399988,0,0
400088,0,0
400188,0,0
400288,0,0
400388,0,0
400488,0,0
400588,0,0
400688,0,0
400788,0,0
400888,0,0
400988,0,0
401088,0,0
401188,0,0
401288,0,0
401388,0,0
401488,0,0
401588,0,0
401688,0,0
401788,0,0
401888,0,0
401988,0,0
402088,0,0
402188,0,0
402288,0,0
402388,0,0
402488,0,0
402588,0,0
402688,0,0
402788,0,0
402888,0,0
402988,0,0
403088,0,0
403188,0,0
403288,0,0
403388,0,0
403488,0,0
403588,0,0
403688,0,0
403788,0,0
403888,0,0
403988,0,0
404088,0,0
404188,0,0
404288,0,0
404388,0,0
404488,0,0
404588,0,0
404688,0,0
404788,0,0
404888,0,0
404988,0,0
405088,0,0
405188,0,0
405288,0,0
405388,0,0
405488,0,0
405588,0,0
405688,0,0
405788,0,0
405888,0,0
405988,0,0
406088,0,0
406188,0,0
406288,0,0
406388,0,0
406488,0,0
406588,0,0
406688,0,0
406788,0,0
406888,0,0
406988,0,0
407088,0,0
407188,0,0
407288,0,0
407388,0,0
407488,0,0
407588,0,0
407688,0,0
407788,0,0
407888,0,0
407988,0,0
408088,0,0
408188,0,0
408288,0,0
408388,0,0
408488,0,0
408588,0,0
408688,0,0
408788,0,0
408888,0,0
408988,0,0
409088,0,0
409188,0,0
409288,0,0
409388,0,0
409488,0,0
409588,0,0
409688,0,0
409788,0,0
409888,0,0
409988,0,0
410088,0,0
410188,0,0
410288,0,0
410388,0,0
410488,0,0
410588,0,0
410688,0,0
410788,0,0
410888,0,0
410988,0,0
411088,0,0
411188,0,0
411288,0,0
411388,0,0
411488,0,0
411588,0,0
411688,0,0
411788,0,0
411888,0,0
411988,0,0
412088,0,0
412188,0,0
412288,0,0
412388,0,0
412488,0,0
412588,0,0
412688,0,0
412788,0,0
412888,0,0
412988,0,0
413088,0,0
413188,0,0
413288,0,0
413388,0,0
413488,0,0
413588,0,0
413688,0,0
413788,0,0
413888,0,0
413988,0,0
414088,0,0
414188,0,0
414288,0,0
414388,0,0
414488,0,0
414588,0,0
414688,0,0
414788,0,0
414888,0,0
414988,0,0
415088,0,0
415188,0,0
415288,0,0
415388,0,0
415488,0,0
415588,0,0
415688,0,0
415788,0,0
415888,0,0
415988,0,0
416088,0,0
416158,0,0
416258,0,0
416652,0,0
416752,0,1
416852,0,1
416952,0,1
417052,0,1
417152,0,1
417252,0,1
417352,0,1
417452,0,1
417552,0,1
417652,0,1
417752,0,1
417852,0,1
417952,0,1
418052,0,1
418152,0,1
418252,0,1
418352,0,1
418452,0,1
418552,0,1
418652,0,1
418752,0,1
418852,0,1
418952,0,1
419052,0,1
419152,0,1
419252,0,1
419352,0,1
419452,0,1
419552,0,1
419653,0,1
419753,0,1
419853,0,1
419953,0,1
420053,0,1
420141,0,1
420241,0,1
420341,0,1
420441,0,1
420541,0,1
420669,0,0
420769,0,0
420869,0,0
420969,0,0
421069,0,0
421169,0,0
421269,0,0
421369,0,0
421469,0,0
421569,0,0
421669,0,0
421769,0,0
421869,0,0
421969,0,0
422069,0,0
422169,0,0
422269,0,0
422369,0,0
422469,0,0
422569,0,0
422670,0,0
422770,0,0
422870,0,0
422970,0,0
423070,0,0
423170,0,0
423270,0,0
423370,0,0
423470,0,0
423570,0,0
423670,0,0
423770,0,0
423870,0,0
423970,0,0
424070,0,0
424170,0,0
424270,0,0
424370,0,0
424806,0,0
424906,0,1
425006,0,1
425106,0,1
425221,0,1
425321,0,0
425421,0,0
425521,0,0
425621,0,0
425721,0,0
425821,0,0
425921,0,0
426021,0,0
426121,0,0
426221,0,0
426321,0,0
426421,0,0
426521,0,0
426621,0,0
426721,0,0
426821,0,0
426921,0,0
427022,0,0
427122,0,0
427222,0,0
427322,0,0
427422,0,0
427522,0,0
427622,0,0
427722,0,0
427822,0,0
427922,0,0
428022,0,0
428130,0,0
428230,0,0
428330,0,0
428430,0,0
428530,0,0
428859,0,0
428959,0,1
429059,0,1
429159,0,1
429259,0,1
429359,0,1
429459,0,1
429559,0,1
429659,0,1
429759,0,1
429859,0,1
429959,0,1
430060,0,1
430160,0,1
430260,0,1
430360,0,1
430460,0,1
430560,0,1
430660,0,1
430760,0,1
430860,0,1
430960,0,1
431060,0,1
431160,0,1
431260,0,1
431360,0,1
431460,0,1
431560,0,1
431660,0,1
431760,0,1
431860,0,1
431960,0,1
432060,0,1
432155,0,1
432255,0,1
432355,0,1
432455,0,1
432555,0,1
432655,0,1
432755,0,1
432883,0,0
432983,0,0
433084,0,0
433184,0,0
433284,0,0
433384,0,0
433484,0,0
433584,0,0
433684,0,0
433784,0,0
433884,0,0
433984,0,0
434084,0,0
434184,0,0
434284,0,0
434384,0,0
434484,0,0
434584,0,0
434684,0,0
434784,0,0
434884,0,0
434984,0,0
435084,0,0
435184,0,0
435284,0,0
435384,0,0
435484,0,0
435584,0,0
435684,0,0
435784,0,0
435884,0,0
435985,0,0
436085,0,0
436185,0,0
436281,0,0
436381,0,0
436481,0,0
436581,0,0
436681,0,0
436781,0,0
436881,0,0
436981,0,0
437081,0,0
437181,0,0
437281,0,0
437649,0,0
437749,0,1
437849,0,1
437949,0,1
438049,0,1
438149,0,1
438249,0,1
438349,0,1
438449,0,1
438549,0,1
438649,0,1
438749,0,1
438849,0,1
438949,0,1
439049,0,1
439149,0,1
439249,0,1
439349,0,1
439449,0,1
439549,0,1
439649,0,1
439749,0,1
439849,0,1
439949,0,1
440049,0,1
440149,0,1
440243,0,1
440343,0,1
440443,0,1
440543,0,1
440643,0,1
440743,0,1
440843,0,1
440943,0,1
441043,0,1
441143,0,1
441243,0,1
441343,0,1
441443,0,1
441543,0,1
441643,0,1
441743,0,0
441843,0,0
441943,0,0
442229,0,0
442329,0,1
442429,0,1
442529,0,1
442629,0,1
442729,0,1
442829,0,1
442930,0,1
443030,0,1
443130,0,1
443230,0,1
443330,0,1
443430,0,1
443530,0,1
443630,0,1
443730,0,1
443830,0,1
443930,0,1
444030,0,1
444130,0,1
444230,0,1
444318,0,1
444418,0,1
444518,0,1
444618,0,1
444718,0,1
444818,0,1
444918,0,1
445018,0,1
445118,0,1
445218,0,1
445318,0,1
445418,0,1
445518,0,1
445618,0,1
445718,0,1
445819,0,1
445919,0,1
446019,0,1
446119,0,1
446246,0,0
446346,0,0
446446,0,0
446546,0,0
446646,0,0
446746,0,0
446846,0,0
446946,0,0
447046,0,0
447146,0,0
447246,0,0
447346,0,0
447446,0,0
447546,0,0
447646,0,0
447746,0,0
447846,0,0
447946,0,0
448046,0,0
448146,0,0
448250,0,0
448350,0,0
448450,0,0
448550,0,0
448650,0,0
448750,0,0
448850,0,0
448950,0,0
449050,0,0
449151,0,0
449251,0,0
449351,0,0
449451,0,0
449551,0,0
449651,0,0
449751,0,0
449851,0,0
449951,0,0
450051,0,0
450417,0,0
450517,0,1
450617,0,1
450717,0,1
450817,0,1
450917,0,1
451041,0,1
451141,0,0
451242,0,0
451342,0,0
451442,0,0
451542,0,0
451642,0,0
451742,0,0
451842,0,0
451942,0,0
452042,0,0
452142,0,0
452238,0,0
452338,0,0
452438,0,0
452538,0,0
452638,0,0
452738,0,0
452838,0,0
452938,0,0
453038,0,0
453138,0,0
453238,0,0
453338,0,0
453438,0,0
453538,0,0
453638,0,0
453738,0,0
453838,0,0
453938,0,0
454038,0,0
454139,0,0
454545,0,0
454645,0,1
454745,0,1
454845,0,1
454945,0,1
455045,0,1
455145,0,1
455245,0,1
455345,0,1
455445,0,1
455545,0,1
455645,0,1
455745,0,1
455846,0,1
455946,0,1
456046,0,1
456146,0,1
456241,0,1
456341,0,1
456441,0,1
456541,0,1
456641,0,1
456741,0,1
456841,0,1
456941,0,1
457041,0,1
457141,0,1
457241,0,1
457341,0,1
457441,0,1
457541,0,1
457641,0,1
457741,0,1
457841,0,1
457941,0,1
458041,0,1
458141,0,1
458241,0,1
458341,0,1
458441,0,1
458568,0,0
458668,0,0
458768,0,0
458868,0,0
458968,0,0
459068,0,0
459169,0,0
459269,0,0
459369,0,0
459469,0,0
459569,0,0
459669,0,0
459769,0,0
459869,0,0
459969,0,0
460069,0,0
460169,0,0
460269,0,0
460369,0,0
460469,0,0
460569,0,0
460669,0,0
460769,0,0
460869,0,0
460969,0,0
461069,0,0
461169,0,0
461269,0,0
461369,0,0
461469,0,0
461569,0,0
461669,0,0
461769,0,0
461869,0,0
461969,0,0
462070,0,0
462170,0,0
462270,0,0
462370,0,0
462470,0,0
462570,0,0
462670,0,0
462770,0,0
462870,0,0
462970,0,0
463070,0,0
463170,0,0
463270,0,0
463370,0,0
463470,0,0
463570,0,0
463670,0,0
463770,0,0
463870,0,0
463970,0,0
464070,0,0
464170,0,0
464270,0,0
464370,0,0
464470,0,0
464570,0,0
464670,0,0
464770,0,0
464870,0,0
464970,0,0
465070,0,0
465170,0,0
465270,0,0
465370,0,0
465470,0,0
465570,0,0
465670,0,0
465770,0,0
465870,0,0
465970,0,0
466070,0,0
466170,0,0
466270,0,0
466370,0,0
466470,0,0
466570,0,0
466670,0,0
466770,0,0
466870,0,0
466970,0,0
467070,0,0
467170,0,0
467270,0,0
467370,0,0
467470,0,0
467570,0,0
467670,0,0
467770,0,0
467870,0,0
467970,0,0
468070,0,0
468170,0,0
468270,0,0
468370,0,0
468470,0,0
468570,0,0
468670,0,0
468770,0,0
468870,0,0
468970,0,0
469070,0,0
469170,0,0
469270,0,0
469370,0,0
469470,0,0
469570,0,0
469670,0,0
469770,0,0
469870,0,0
469970,0,0
470070,0,0
470170,0,0
470270,0,0
470370,0,0
470470,0,0
470570,0,0
470670,0,0
470770,0,0
470870,0,0
470970,0,0
471070,0,0
471170,0,0
471270,0,0
471370,0,0
471470,0,0
471570,0,0
471670,0,0
471770,0,0
471870,0,0
471970,0,0
472070,0,0
472170,0,0
472253,0,0
472353,0,0
472453,0,0
472553,0,0
472653,0,0
472753,0,0
472853,0,0
472953,0,0
473053,0,0
473153,0,0
473253,0,0
473353,0,0
473453,0,0
473553,0,0
473653,0,0
473753,0,0
473853,0,0
473953,0,0
474053,0,0
474153,0,0
474253,0,0
474353,0,0
474453,0,0
474553,0,0
474653,0,0
474753,0,0
474853,0,0
474953,0,0
475053,0,0
475153,0,0
475370,0,0
475470,0,1
475570,0,1
475670,0,1
475770,1,2
475870,1,2
475970,1,2
476070,1,2
476170,1,2
476266,1,2
476366,1,2
476466,1,2
476566,1,2
476666,1,2
476766,1,2
476866,1,2
476966,1,2
477066,1,2
477166,1,2
477266,1,2
477367,1,2
477467,1,2
477567,1,2
477667,1,2
477793,0,0
477893,0,0
477993,0,0
478093,0,0
478193,0,0
478293,0,0
478393,0,0
478493,0,0
478593,0,0
478693,0,0
478793,0,0
478893,0,0
478993,0,0
479093,0,0
479193,0,0
479293,0,0
479393,0,0
479493,0,0
479593,0,0
479693,0,0
479793,0,0
480103,0,0
480203,0,1
480298,0,1
480398,0,1
480498,0,1
480598,0,1
480698,0,1
480798,0,1
480898,0,1
480998,0,1
481098,0,1
481198,0,1
481298,0,1
481398,0,1
481498,0,1
481598,0,1
481698,0,1
481799,0,1
481899,0,1
481999,0,1
482099,0,1
482199,0,1
482299,0,1
482399,0,1
482499,0,1
482599,0,1
482699,0,1
482799,0,1
482899,0,1
482999,0,1
483099,0,1
483199,0,1
483299,0,1
483399,0,1
483499,0,1
483599,0,1
483699,0,1
483799,0,1
483899,0,1
483999,0,1
484138,0,0
484238,0,0
484334,0,0
484434,0,0
484534,0,0
484634,0,0
484734,0,0
484834,0,0
485423,0,0
485523,0,1
485623,0,1
485723,0,1
485823,0,1
485923,0,1
486023,0,1
486123,0,1
486223,0,1
486323,0,1
486423,0,1
486523,0,1
486623,0,1
486723,0,1
486823,0,1
486923,0,1
487023,0,1
487123,0,1
487223,0,1
487323,0,1
487423,0,1
487523,0,1
487623,0,1
487723,0,1
487823,0,1
487923,0,1
488024,0,1
488124,0,1
488224,0,1
488318,0,1
488418,0,1
488518,0,1
488618,0,1
488718,0,1
488818,0,1
488918,0,1
489018,0,1
489118,0,1
489218,0,1
489318,0,1
489446,0,0
489546,0,0
489646,0,0
489746,0,0
489846,0,0
489946,0,0
490046,0,0
490146,0,0
490246,0,0
490346,0,0
490446,0,0
490546,0,0
490646,0,0
490746,0,0
490846,0,0
490946,0,0
491046,0,0
491146,0,0
491246,0,0
491346,0,0
491446,0,0
491546,0,0
491646,0,0
491746,0,0
491846,0,0
491946,0,0
492046,0,0
492146,0,0
492246,0,0
492337,0,0
492437,0,0
492537,0,0
492637,0,0
492737,0,0
492837,0,0
492937,0,0
493037,0,0
493137,0,0
493237,0,0
493337,0,0
493437,0,0
493537,0,0
493637,0,0
493737,0,0
493837,0,0
493937,0,0
494037,0,0
494137,0,0
494237,0,0
494337,0,0
494437,0,0
494537,0,0
494637,0,0
494737,0,0
494837,0,0
494937,0,0
495037,0,0
495137,0,0
495237,0,0
495337,0,0
495437,0,0
495537,0,0
495637,0,0
495737,0,0
495837,0,0
495937,0,0
496037,0,0
496137,0,0
496237,0,0
496336,0,0
496436,0,0
496536,0,0
496636,0,0
496736,0,0
496836,0,0
496936,0,0
497036,0,0
497136,0,0
497236,0,0
497336,0,0
497436,0,0
497536,0,0
497636,0,0
497736,0,0
497836,0,0
497936,0,0
498036,0,0
498136,0,0
498236,0,0
498336,0,0
498436,0,0
498536,0,0
498636,0,0
498736,0,0
498836,0,0
498936,0,0
499036,0,0
499136,0,0
499236,0,0
499336,0,0
499436,0,0
499536,0,0
499636,0,0
499736,0,0
499836,0,0
499936,0,0
500036,0,0
500136,0,0
500236,0,0
500333,0,0
500433,0,0
500533,0,0
500633,0,0
500733,0,0
500833,0,0
500933,0,0
501033,0,0
501133,0,0
501233,0,0
501333,0,0
501433,0,0
501533,0,0
501633,0,0
501733,0,0
501833,0,0
501933,0,0
502033,0,0
502133,0,0
502233,0,0
502333,0,0
502433,0,0
502533,0,0
502633,0,0
502733,0,0
502833,0,0
502933,0,0
503033,0,0
503133,0,0
503233,0,0
503333,0,0
503433,0,0
503533,0,0
503633,0,0
503733,0,0
503833,0,0
503933,0,0
504033,0,0
504133,0,0
504233,0,0
504330,0,0
504430,0,0
504530,0,0
504630,0,0
504730,0,0
504830,0,0
504930,0,0
505030,0,0
505130,0,0
505230,0,0
505330,0,0
505430,0,0
505530,0,0
505630,0,0
505730,0,0
505830,0,0
505930,0,0
506030,0,0
506130,0,0
506230,0,0
506330,0,0
506430,0,0
506530,0,0
506630,0,0
506730,0,0
506830,0,0
506930,0,0
507030,0,0
507130,0,0
507230,0,0
507330,0,0
507430,0,0
507530,0,0
507630,0,0
507730,0,0
507830,0,0
507930,0,0
508030,0,0
508130,0,0
508230,0,0
508326,0,0
508426,0,0
508526,0,0
508626,0,0
508726,0,0
508826,0,0
508926,0,0
509026,0,0
509126,0,0
509226,0,0
509326,0,0
509426,0,0
509526,0,0
509626,0,0
509726,0,0
509826,0,0
509926,0,0
510026,0,0
510126,0,0
510226,0,0
510326,0,0
510426,0,0
510526,0,0
510626,0,0
510726,0,0
510826,0,0
510926,0,0
511026,0,0
511126,0,0
511226,0,0
511326,0,0
511426,0,0
511526,0,0
511626,0,0
511726,0,0
511826,0,0
511926,0,0
512026,0,0
512126,0,0
512226,0,0
512321,0,0
512421,0,0
512521,0,0
512621,0,0
512721,0,0
512821,0,0
512921,0,0
513021,0,0
513121,0,0
513221,0,0
513321,0,0
513421,0,0
513521,0,0
513621,0,0
513721,0,0
513821,0,0
513921,0,0
514021,0,0
514121,0,0
514221,0,0
514321,0,0
514421,0,0
514521,0,0
514621,0,0
514721,0,0
514821,0,0
514921,0,0
515021,0,0
515121,0,0
515221,0,0
515321,0,0
515421,0,0
515521,0,0
515621,0,0
515721,0,0
515821,0,0
515921,0,0
516021,0,0
516121,0,0
516221,0,0
516321,0,0
516421,0,0
516521,0,0
516621,0,0
516721,0,0
516821,0,0
516921,0,0
517021,0,0
517121,0,0
517221,0,0
517321,0,0
517421,0,0
517521,0,0
517621,0,0
517721,0,0
517821,0,0
517921,0,0
518021,0,0
518121,0,0
518221,0,0
518321,0,0
518421,0,0
518521,0,0
518621,0,0
518721,0,0
518821,0,0
518921,0,0
519021,0,0
519121,0,0
519221,0,0
519321,0,0
519421,0,0
519521,0,0
519621,0,0
519721,0,0
519821,0,0
519921,0,0
520021,0,0
520121,0,0
520221,0,0
520321,0,0
520421,0,0
520521,0,0
520621,0,0
520721,0,0
520821,0,0
520921,0,0
521021,0,0
521121,0,0
521221,0,0
521321,0,0
521421,0,0
521521,0,0
521621,0,0
521721,0,0
521821,0,0
521921,0,0
522021,0,0
522121,0,0
522221,0,0
522321,0,0
522421,0,0
522521,0,0
522621,0,0
522721,0,0
522821,0,0
522921,0,0
523021,0,0
523121,0,0
523221,0,0
523321,0,0
523421,0,0
523521,0,0
523621,0,0
523721,0,0
523821,0,0
523921,0,0
524021,0,0
524121,0,0
524221,0,0
524321,0,0
524421,0,0
524521,0,0
524621,0,0
524721,0,0
524821,0,0
524921,0,0
525021,0,0
525121,0,0
525221,0,0
525321,0,0
525421,0,0
525521,0,0
525621,0,0
525721,0,0
525821,0,0
525921,0,0
526021,0,0
526121,0,0
526221,0,0
526321,0,0
526421,0,0
526521,0,0
526621,0,0
526721,0,0
526821,0,0
526921,0,0
527021,0,0
527121,0,0
527221,0,0
527321,0,0
527421,0,0
527521,0,0
527621,0,0
527721,0,0
527821,0,0
527921,0,0
528021,0,0
528121,0,0
528221,0,0
528321,0,0
528421,0,0
528521,0,0
528621,0,0
528721,0,0
528821,0,0
528921,0,0
529021,0,0
529121,0,0
529221,0,0
529321,0,0
529421,0,0
529521,0,0
529621,0,0
529721,0,0
529821,0,0
529921,0,0
530021,0,0
530121,0,0
530221,0,0
530321,0,0
530421,0,0
530521,0,0
530621,0,0
530721,0,0
530821,0,0
530921,0,0
531021,0,0
531121,0,0
531221,0,0
531321,0,0
531421,0,0
531521,0,0
531621,0,0
531721,0,0
531821,0,0
531921,0,0
532021,0,0
532121,0,0
532221,0,0
532321,0,0
532421,0,0
532521,0,0
532621,0,0
532721,0,0
532821,0,0
532921,0,0
533021,0,0
533121,0,0
533221,0,0
533321,0,0
533398,0,0
533498,0,0
533598,0,0
534114,0,0
534214,0,1
534314,0,1
534414,0,1
534514,0,1
534614,0,1
534714,0,1
534814,0,1
534914,0,1
535014,0,1
535114,0,1
535214,0,1
535314,0,1
535414,0,1
535514,0,1
535614,0,1
535714,0,1
535814,0,1
535914,0,1
536014,0,1
536114,0,1
536214,0,1
536314,0,1
536414,0,1
536514,0,1
536614,0,1
536714,0,1
536814,0,1
536914,0,1
537014,0,1
537114,0,1
537214,0,1
537314,0,1
537401,0,1
537501,0,1
537601,0,1
537701,0,1
537801,0,1
537901,0,1
538001,0,1
538101,0,1
538201,0,0
538373,0,0
538473,0,1
538573,0,1
538673,0,1
538773,0,1
538873,0,1
538973,0,1
539073,0,1
539173,0,1
539273,0,1
539373,0,1
539473,0,1
539573,0,1
539673,0,1
539773,0,1
539873,0,1
539973,0,1
540073,0,1
540173,0,1
540273,0,1
540373,0,1
540473,0,1
540573,0,1
540673,0,1
540773,0,1
540873,0,1
540973,0,1
541073,0,1
541173,0,1
541273,0,1
541378,0,1
541478,0,1
541578,0,1
541678,0,1
541778,0,1
541878,0,1
541978,0,1
542078,0,1
542178,0,1
542278,0,1
542407,0,0
542507,0,0
542607,0,0
542707,0,0
542807,0,0
542907,0,0
543007,0,0
543107,0,0
543207,0,0
543307,0,0
543407,0,0
543507,0,0
543607,0,0
543707,0,0
543807,0,0
543907,0,0
544007,0,0
544107,0,0
544207,0,0
544307,0,0
544407,0,0
544507,0,0
544607,0,0
544707,0,0
544807,0,0
544907,0,0
545008,0,0
545108,0,0
545208,0,0
545308,0,0
545408,0,0
545499,0,0
545599,0,0
545699,0,0
545799,0,0
545899,0,0
545999,0,0
546099,0,0
546199,0,0
546299,0,0
546399,0,0
546499,0,0
546599,0,0
546699,0,0
546799,0,0
546899,0,0
546999,0,0
547099,0,0
547199,0,0
547299,0,0
547399,0,0
547499,0,0
547599,0,0
547699,0,0
547799,0,0
547900,0,0
548000,0,0
548100,0,0
548200,0,0
548300,0,0
548400,0,0
548500,0,0
548600,0,0
548700,0,0
548800,0,0
548900,0,0
549000,0,0
549100,0,0
549200,0,0
549300,0,0
549400,0,0
549499,0,0
549599,0,0
549699,0,0
549799,0,0
549899,0,0
549999,0,0
550099,0,0
550199,0,0
550299,0,0
550399,0,0
550499,0,0
550599,0,0
550699,0,0
550800,0,0
550900,0,0
551000,0,0
551100,0,0
551200,0,0
551300,0,0
551400,0,0
551500,0,0
551600,0,0
551700,0,0
551800,0,0
551900,0,0
552000,0,0
552100,0,0
552200,0,0
552300,0,0
552400,0,0
552500,0,0
552600,0,0
552700,0,0
552800,0,0
552900,0,0
553000,0,0
553100,0,0
553200,0,0
553300,0,0
553400,0,0
553487,0,0
553587,0,0
553687,0,0
553787,0,0
553887,0,0
553987,0,0
554087,0,0
554187,0,0
554287,0,0
554387,0,0
554487,0,0
554587,0,0
554687,0,0
554787,0,0
554887,0,0
554987,0,0
555087,0,0
555187,0,0
555287,0,0
555387,0,0
555487,0,0
555587,0,0
555687,0,0
555787,0,0
555887,0,0
555987,0,0
556087,0,0
556187,0,0
556287,0,0
556387,0,0
556487,0,0
556587,0,0
556687,0,0
556787,0,0
556887,0,0
556987,0,0
557087,0,0
557187,0,0
557287,0,0
557387,0,0
557492,0,0
557592,0,0
557692,0,0
557792,0,0
557892,0,0
557992,0,0
558092,0,0
558192,0,0
558292,0,0
558392,0,0
558492,0,0
558592,0,0
558692,0,0
558792,0,0
558892,0,0
558992,0,0
559092,0,0
559192,0,0
559292,0,0
559392,0,0
559492,0,0
559592,0,0
559692,0,0
559792,0,0
559892,0,0
559992,0,0
560092,0,0
560192,0,0
560292,0,0
560392,0,0
560492,0,0
560592,0,0
560692,0,0
560792,0,0
560892,0,0
560992,0,0
561092,0,0
561192,0,0
561292,0,0
561392,0,0
561486,0,0
561586,0,0
561686,0,0
561786,0,0
561886,0,0
561986,0,0
562086,0,0
562186,0,0
562286,0,0
562386,0,0
562486,0,0
562586,0,0
562686,0,0
562786,0,0
562886,0,0
562986,0,0
563086,0,0
563186,0,0
563286,0,0
563386,0,0
563486,0,0
563586,0,0
563686,0,0
563786,0,0
563886,0,0
563986,0,0
564086,0,0
564186,0,0
564286,0,0
564386,0,0
564486,0,0
564586,0,0
564686,0,0
564786,0,0
564886,0,0
564986,0,0
565086,0,0
565186,0,0
565286,0,0
565386,0,0
565483,0,0
565583,0,0
565683,0,0
565783,0,0
565883,0,0
565983,0,0
566083,0,0
566183,0,0
566283,0,0
566383,0,0
566483,0,0
566583,0,0
566683,0,0
566783,0,0
566883,0,0
566983,0,0
567083,0,0
567183,0,0
567283,0,0
567383,0,0
567483,0,0
567583,0,0
567683,0,0
567783,0,0
567883,0,0
567983,0,0
568083,0,0
568183,0,0
568283,0,0
568383,0,0
568483,0,0
568583,0,0
568683,0,0
568783,0,0
568883,0,0
568983,0,0
569083,0,0
569183,0,0
569283,0,0
569383,0,0
569478,0,0
569578,0,0
569678,0,0
569778,0,0
569878,0,0
569978,0,0
570078,0,0
570178,0,0
570278,0,0
570378,0,0
570478,0,0
570578,0,0
570678,0,0
570778,0,0
570878,0,0
570978,0,0
571078,0,0
571178,0,0
571278,0,0
571378,0,0
571478,0,0
571578,0,0
571678,0,0
571778,0,0
571878,0,0
571978,0,0
572078,0,0
572178,0,0
572278,0,0
572378,0,0
572478,0,0
572578,0,0
572678,0,0
572778,0,0
572878,0,0
572978,0,0
573078,0,0
573178,0,0
573278,0,0
573378,0,0
573474,0,0
573574,0,0
573674,0,0
573774,0,0
573874,0,0
573974,0,0
574074,0,0
574174,0,0
574274,0,0
574374,0,0
574474,0,0
574574,0,0
574674,0,0
574774,0,0
574874,0,0
574974,0,0
575074,0,0
575174,0,0
575274,0,0
575374,0,0
575474,0,0
575574,0,0
575674,0,0
575774,0,0
575874,0,0
575974,0,0
576074,0,0
576174,0,0
576274,0,0
576374,0,0
576474,0,0
576574,0,0
576674,0,0
576774,0,0
576874,0,0
576974,0,0
577074,0,0
577174,0,0
577274,0,0
577374,0,0
577474,0,0
577574,0,0
577674,0,0
577774,0,0
577874,0,0
577974,0,0
578074,0,0
578174,0,0
578274,0,0
578374,0,0
578474,0,0
578711,0,0
578811,0,0
578911,0,0
579011,0,0
579111,0,0
579211,0,0
579311,0,0
579411,0,0
579511,0,0
579611,0,0
579711,0,0
579811,0,0
579911,0,0
580011,0,0
580111,0,0
580211,0,0
580311,0,0
580411,0,0
580511,0,0
580611,0,0
580711,0,0
580812,0,0
580912,0,0
581012,0,0
581112,0,0
581212,0,0
581312,0,0
581412,0,0
581512,0,0
581612,0,0
581712,0,0
581812,0,0
581912,0,0
582012,0,0
582112,0,0
582212,0,0
582312,0,0
582412,0,0
582512,0,0
582612,0,0
582712,0,0
582812,0,0
582912,0,0
583012,0,0
583112,0,0
583212,0,0
583312,0,0
583412,0,0
583512,0,0
583612,0,0
583713,0,0
583813,0,0
583913,0,0
584013,0,0
584113,0,0
584213,0,0
584313,0,0
584413,0,0
584513,0,0
584613,0,0
584713,0,0
584813,0,0
584913,0,0
585013,0,0
585113,0,0
585213,0,0
585313,0,0
585413,0,0
585513,0,0
585613,0,0
585713,0,0
585813,0,0
585913,0,0
586013,0,0
586113,0,0
586213,0,0
586313,0,0
586413,0,0
586513,0,0
586614,0,0
586714,0,0
586814,0,0
586914,0,0
587014,0,0
587114,0,0
587214,0,0
587314,0,0
587414,0,0
587514,0,0
587614,0,0
587714,0,0
587814,0,0
587914,0,0
588014,0,0
588114,0,0
588214,0,0
588314,0,0
588414,0,0
588514,0,0
588614,0,0
588714,0,0
588814,0,0
588914,0,0
589014,0,0
589114,0,0
589214,0,0
589314,0,0
589414,0,0
589514,0,0
589614,0,0
589714,0,0
589814,0,0
589914,0,0
590014,0,0
590114,0,0
590214,0,0
590314,0,0
590414,0,0
590514,0,0
590614,0,0
590714,0,0
590814,0,0
590914,0,0
591014,0,0
591114,0,0
591214,0,0
591314,0,0
591414,0,0
591514,0,0
591614,0,0
591714,0,0
591814,0,0
591914,0,0
592014,0,0
592114,0,0
592214,0,0
592314,0,0
592414,0,0
592514,0,0
592614,0,0
592714,0,0
592814,0,0
592914,0,0
593014,0,0
593114,0,0
593214,0,0
593314,0,0
593414,0,0
593514,0,0
593614,0,0
593714,0,0
593814,0,0
593914,0,0
594014,0,0
594114,0,0
594214,0,0
594314,0,0
594414,0,0
594514,0,0
594614,0,0
594714,0,0
594814,0,0
594914,0,0
595014,0,0
595114,0,0
595214,0,0
595314,0,0
595414,0,0
595514,0,0
595614,0,0
595714,0,0
595814,0,0
595914,0,0
596014,0,0
596114,0,0
596214,0,0
596314,0,0
596414,0,0
596514,0,0
596614,0,0
596714,0,0
596814,0,0
596914,0,0
597014,0,0
597114,0,0
597214,0,0
597314,0,0
597414,0,0
597514,0,0
597614,0,0
597714,0,0
597814,0,0
597914,0,0
598014,0,0
598114,0,0
598214,0,0
598314,0,0
598414,0,0
598514,0,0
598614,0,0
598714,0,0
598814,0,0
598914,0,0
599014,0,0
599114,0,0
599214,0,0
599314,0,0
599414,0,0
599514,0,0
599614,0,0
599714,0,0
599814,0,0
599914,0,0
600014,0,0
600114,0,0
600214,0,0
600314,0,0
600414,0,0
600514,0,0
600614,0,0
600714,0,0
600814,0,0
600914,0,0
601014,0,0
601114,0,0
601214,0,0
601314,0,0
601414,0,0
601514,0,0
601614,0,0
601714,0,0
601814,0,0
601914,0,0
602014,0,0
602114,0,0
602214,0,0
602314,0,0
602414,0,0
602514,0,0
602614,0,0
602714,0,0
602814,0,0
602914,0,0
603014,0,0
603114,0,0
603214,0,0
603314,0,0
603414,0,0
603514,0,0
603614,0,0
603714,0,0
603814,0,0
603914,0,0
604014,0,0
604114,0,0
604214,0,0
604314,0,0
604414,0,0
604514,0,0
604614,0,0
604714,0,0
604814,0,0
604914,0,0
605014,0,0
605114,0,0
605214,0,0
605314,0,0
605414,0,0
605514,0,0
605614,0,0
605714,0,0
605814,0,0
605914,0,0
606014,0,0
606114,0,0
606214,0,0
606314,0,0
606414,0,0
606514,0,0
606614,0,0
606714,0,0
606814,0,0
606914,0,0
607014,0,0
607114,0,0
607214,0,0
607314,0,0
607414,0,0
607514,0,0
607614,0,0
607714,0,0
607814,0,0
607914,0,0
608014,0,0
608114,0,0
608214,0,0
608314,0,0
