p:4000,20000,6000,600,8000,4000,2000,8000,100
16199,packet,1,0,0,0,48,8000
16214,event,0,0
16227,action,0,0
16556,packet,0,0,1,1
16596,packetAck,1
20593,event,2,1
20607,action,1,1
20713,packet,1,0,0,0,48,8000
20728,event,0,0
20740,action,0,0
20858,packet,0,0,1,1
20898,packetAck,1
21256,packet,1,0,2,7,49,8000
21270,event,3,1
21284,action,2,1
23296,event,4,2
23309,action,1,2
25335,packet,1,0,0,0,49,8000
25361,event,0,0
25375,action,0,0
25416,packet,0,0,1,1
25455,packetAck,1
29440,event,2,1
29456,action,1,1
30026,packet,1,0,0,0,48,8000
30040,event,0,0
30053,action,0,0
30389,packet,0,0,1,1
30428,packetAck,1
34403,event,2,1
34416,action,1,1
35003,packet,1,0,0,0,48,8000
35017,event,0,0
35030,action,0,0
35310,packet,0,0,1,1
35033,packetAck,1
39344,event,2,1
39356,action,1,1
43155,packet,1,0,0,0,48,8000
43169,event,0,0
43182,action,0,0
43349,packet,0,0,1,1
43396,packetAck,1
43740,packet,1,0,2,7,50,8000
43755,event,3,1
43768,action,2,1
45780,event,4,2
45792,action,1,2
63971,packet,1,0,0,0,50,8000
63988,event,0,0
64001,action,0,0
64252,packet,0,0,1,1
64292,packetAck,1
68268,event,2,1
68281,action,1,1
68506,packet,1,0,0,0,51,8000
68519,event,0,0
68533,action,0,0
68853,packet,0,0,1,1
68892,packetAck,1
72877,event,2,1
72889,action,1,1
73025,packet,1,0,0,0,50,8000
73039,event,0,0
73052,action,0,0
73332,packet,0,0,1,1
73378,packetAck,1
77367,event,2,1
77380,action,1,1
77630,packet,1,0,0,0,51,8000
77644,event,0,0
77657,action,0,0
78131,packet,0,0,1,1
78170,packetAck,1
78517,packet,1,0,2,7,51,8000
78531,event,3,1
78543,action,2,1
78924,packet,1,0,2,7,51,8000
78937,event,1,2
78994,packet,1,0,2,7,51,8000
79008,event,1,2
83054,packet,1,0,2,7,51,8000
83068,event,1,2
87126,packet,1,0,2,7,51,8000
87141,event,1,2
91177,packet,1,0,2,7,50,8000
91190,event,1,2
99181,event,4,2
99194,action,1,2
109366,packet,1,0,0,0,51,8000
109381,event,0,0
109394,action,0,0
109638,packet,0,0,1,1
109678,packetAck,1
113681,event,2,1
113694,action,1,1
114005,packet,1,0,0,0,51,8000
114023,event,0,0
114036,action,0,0
114378,packet,0,0,1,1
114418,packetAck,1
118402,event,2,1
118415,action,1,1
118589,packet,1,0,0,0,50,8000
118603,event,0,0
118617,action,0,0
118692,packet,0,0,1,1
118730,packetAck,1
119076,packet,1,0,2,7,50,8000
119090,event,3,1
119103,action,2,1
119471,packet,1,0,2,7,50,8000
119485,event,1,2
119531,packet,1,0,2,7,51,8000
119545,event,1,2
123589,packet,1,0,2,7,52,8000
123604,event,1,2
127650,packet,1,0,2,7,51,8000
127664,event,1,2
131729,packet,1,0,2,7,51,8000
131747,event,1,2
135781,packet,1,0,2,7,53,8000
135796,event,1,2
139855,packet,1,0,2,7,52,8000
139869,event,1,2
147869,event,4,2
147882,action,1,2
157675,packet,1,0,0,0,52,8000
157690,event,0,0
157703,action,0,0
157860,packet,0,0,1,1
157900,packetAck,1
161879,event,2,1
161892,action,1,1
162183,packet,1,0,0,0,52,8000
162198,event,0,0
162211,action,0,0
162558,packet,0,0,1,1
162598,packetAck,1
162939,packet,1,0,2,7,52,8000
162953,event,3,1
162967,action,2,1
163346,packet,1,0,2,7,52,8000
163364,event,1,2
163406,packet,1,0,2,7,52,8000
163419,event,1,2
167466,packet,1,0,2,7,51,8000
167480,event,1,2
171523,packet,1,0,2,7,50,8000
171537,event,1,2
175581,packet,1,0,2,7,52,8000
175596,event,1,2
179674,packet,1,0,2,7,52,8000
179689,event,1,2
183735,packet,1,0,2,7,52,8000
183749,event,1,2
191749,event,4,2
191763,action,1,2
203387,packet,1,0,0,0,49,8000
203401,event,0,0
203414,action,0,0
203466,packet,0,0,1,1
203446,packetAck,1
203774,packet,1,0,2,7,51,8000
203799,event,3,1
203811,action,2,1
204180,packet,1,0,2,7,50,8000
204193,event,1,2
204246,packet,1,0,2,7,50,8000
204259,event,1,2
208353,packet,1,0,2,7,54,8000
208366,event,1,2
212410,packet,1,0,2,7,52,8000
212424,event,1,2
216507,packet,1,0,2,7,52,8000
216521,event,1,2
220543,packet,1,0,2,7,52,8000
220557,event,1,2
224615,packet,1,0,2,7,52,8000
224628,event,1,2
228674,packet,1,0,2,7,52,8000
228687,event,1,2
232732,packet,1,0,2,7,51,8000
232747,event,1,2
240747,event,4,2
240759,action,1,2
249813,packet,1,0,0,0,50,8000
249826,event,0,0
249838,action,0,0
249859,packet,0,0,1,1
249896,packetAck,1
250229,packet,1,0,2,7,51,8000
250244,event,3,1
250256,action,2,1
250641,packet,1,0,2,7,51,8000
250654,event,1,2
250700,packet,1,0,2,7,51,8000
250715,event,1,2
254755,packet,1,0,2,7,50,8000
254769,event,1,2
258815,packet,1,0,2,7,52,8000
258829,event,1,2
262885,packet,1,0,2,7,51,8000
262900,event,1,2
266955,packet,1,0,2,7,51,8000
266969,event,1,2
271007,packet,1,0,2,7,53,8000
271024,event,1,2
275065,packet,1,0,2,7,51,8000
275079,event,1,2
279126,packet,1,0,2,7,51,8000
279140,event,1,2
287135,event,4,2
287148,action,1,2
297675,packet,1,0,0,0,51,8000
297689,event,0,0
297703,action,0,0
298026,packet,0,0,1,1
298066,packetAck,1
302050,event,2,1
302063,action,1,1
302199,packet,1,0,0,0,51,8000
302213,event,0,0
302227,action,0,0
302671,packet,0,0,1,1
302711,packetAck,1
306699,event,2,1
306712,action,1,1
306756,packet,1,0,0,0,51,8000
306770,event,0,0
306784,action,0,0
307254,packet,0,0,1,1
307308,packetAck,1
311279,event,2,1
311292,action,1,1
311448,packet,1,0,0,0,50,8000
311462,event,0,0
311476,action,0,0
311511,packet,0,0,1,1
311464,packetAck,1
311822,packet,1,0,2,7,50,8000
311836,event,3,1
311857,action,2,1
312225,packet,1,0,2,7,50,8000
312239,event,1,2
312286,packet,1,0,2,7,50,8000
312300,event,1,2
316440,packet,1,0,2,7,51,8000
316454,event,1,2
320504,packet,1,0,2,7,51,8000
320519,event,1,2
324569,packet,1,0,2,7,53,8000
324583,event,1,2
332583,event,4,2
332601,action,1,2
343512,packet,1,0,0,0,54,8000
343527,event,0,0
343540,action,0,0
343781,packet,0,0,1,1
343587,packetAck,1
347799,event,2,1
347813,action,1,1
348140,packet,1,0,0,0,53,8000
348155,event,0,0
348168,action,0,0
348500,packet,0,0,1,1
348540,packetAck,1
348893,packet,1,0,2,7,54,8000
348907,event,3,1
348920,action,2,1
349287,packet,1,0,2,7,54,8000
349301,event,1,2
349347,packet,1,0,2,7,54,8000
349362,event,1,2
353406,packet,1,0,2,7,53,8000
353420,event,1,2
357466,packet,1,0,2,7,54,8000
357484,event,1,2
361560,packet,1,0,2,7,54,8000
361574,event,1,2
365601,packet,1,0,2,7,54,8000
365615,event,1,2
369661,packet,1,0,2,7,53,8000
369675,event,1,2
373741,packet,1,0,2,7,52,8000
373756,event,1,2
381756,event,4,2
381770,action,1,2
390976,packet,1,0,0,0,54,8000
390991,event,0,0
391004,action,0,0
391395,packet,0,0,1,1
391435,packetAck,1
395415,event,2,1
395428,action,1,1
395461,packet,1,0,0,0,52,8000
395475,event,0,0
395488,action,0,0
395718,packet,0,0,1,1
395612,packetAck,1
399744,event,2,1
399757,action,1,1
400013,packet,1,0,0,0,55,8000
400029,event,0,0
400042,action,0,0
400080,packet,0,0,1,1
400120,packetAck,1
400495,packet,1,0,2,7,56,8000
400509,event,3,1
400522,action,2,1
400907,packet,1,0,2,7,56,8000
400922,event,1,2
400967,packet,1,0,2,7,55,8000
400981,event,1,2
405026,packet,1,0,2,7,52,8000
405040,event,1,2
409087,packet,1,0,2,7,50,8000
409102,event,1,2
413167,packet,1,0,2,7,51,8000
413180,event,1,2
417230,packet,1,0,2,7,51,8000
417249,event,1,2
425247,event,4,2
425260,action,1,2
436792,packet,1,0,0,0,52,8000
436806,event,0,0
436819,action,0,0
437193,packet,0,0,1,1
437232,packetAck,1
441222,event,2,1
441235,action,1,1
441327,packet,1,0,0,0,52,8000
441342,event,0,0
441355,action,0,0
441640,packet,0,0,1,1
441678,packetAck,1
445670,event,2,1
445683,action,1,1
446032,packet,1,0,0,0,52,8000
446047,event,0,0
446060,action,0,0
446441,packet,0,0,1,1
446487,packetAck,1
450474,event,2,1
450487,action,1,1
450828,packet,1,0,0,0,55,8000
450845,event,0,0
450859,action,0,0
451079,packet,0,0,1,1
451118,packetAck,1
451483,packet,1,0,2,7,55,8000
451498,event,3,1
451511,action,2,1
451868,packet,1,0,2,7,51,8000
451882,event,1,2
451927,packet,1,0,2,7,51,8000
451941,event,1,2
456000,packet,1,0,2,7,51,8000
456015,event,1,2
460074,packet,1,0,2,7,55,8000
460088,event,1,2
464152,packet,1,0,2,7,54,8000
464166,event,1,2
472166,event,4,2
472179,action,1,2
484247,packet,1,0,0,0,49,8000
484262,event,0,0
484275,action,0,0
484360,packet,0,0,1,1
484415,packetAck,1
484746,packet,1,0,2,7,50,8000
484760,event,3,1
484774,action,2,1
485141,packet,1,0,2,7,50,8000
485156,event,1,2
485214,packet,1,0,2,7,50,8000
485228,event,1,2
489260,packet,1,0,2,7,49,8000
489274,event,1,2
493332,packet,1,0,2,7,48,8000
493347,event,1,2
497409,packet,1,0,2,7,52,8000
497423,event,1,2
501466,packet,1,0,2,7,51,8000
501480,event,1,2
505525,packet,1,0,2,7,52,8000
505540,event,1,2
509583,packet,1,0,2,7,52,8000
509598,event,1,2
513641,packet,1,0,2,7,51,8000
513655,event,1,2
521655,event,4,2
521669,action,1,2
531180,packet,1,0,0,0,50,8000
531194,event,0,0
531207,action,0,0
531272,packet,0,0,1,1
531312,packetAck,1
531639,packet,1,0,2,7,50,8000
531654,event,3,1
531667,action,2,1
532034,packet,1,0,2,7,51,8000
532048,event,1,2
532103,packet,1,0,2,7,51,8000
532117,event,1,2
536156,packet,1,0,2,7,50,8000
536171,event,1,2
540215,packet,1,0,2,7,54,8000
540229,event,1,2
544300,packet,1,0,2,7,53,8000
544314,event,1,2
548378,packet,1,0,2,7,51,8000
548390,event,1,2
552438,packet,1,0,2,7,52,8000
552453,event,1,2
556497,packet,1,0,2,7,51,8000
556512,event,1,2
560571,packet,1,0,2,7,53,8000
560585,event,1,2
568585,event,4,2
568598,action,1,2
579304,packet,1,0,0,0,52,8000
579318,event,0,0
579332,action,0,0
579386,packet,0,0,1,1
579425,packetAck,1
579773,packet,1,0,2,7,56,8000
579787,event,3,1
579811,action,2,1
580116,packet,1,0,2,7,55,8000
580131,event,1,2
580176,packet,1,0,2,7,55,8000
580190,event,1,2
584291,packet,1,0,2,7,55,8000
584309,event,1,2
588350,packet,1,0,2,7,55,8000
588365,event,1,2
592434,packet,1,0,2,7,55,8000
592447,event,1,2
596494,packet,1,0,2,7,55,8000
596508,event,1,2
600553,packet,1,0,2,7,54,8000
600568,event,1,2
604613,packet,1,0,2,7,55,8000
604627,event,1,2
608672,packet,1,0,2,7,55,8000
608686,event,1,2
616686,event,4,2
616699,action,1,2
626035,packet,1,0,0,0,52,8000
626049,event,0,0
626062,action,0,0
626490,packet,0,0,1,1
626530,packetAck,1
630510,event,2,1
630523,action,1,1
630637,packet,1,0,0,0,54,8000
630651,event,0,0
630665,action,0,0
630686,packet,0,0,1,1
630726,packetAck,1
631073,packet,1,0,2,7,54,8000
631087,event,3,1
631102,action,2,1
631469,packet,1,0,2,7,54,8000
631485,event,1,2
631535,packet,1,0,2,7,54,8000
631549,event,1,2
635608,packet,1,0,2,7,54,8000
635623,event,1,2
639668,packet,1,0,2,7,55,8000
639683,event,1,2
643727,packet,1,0,2,7,53,8000
643741,event,1,2
647799,packet,1,0,2,7,52,8000
647814,event,1,2
651889,packet,1,0,2,7,52,8000
651907,event,1,2
659907,event,4,2
659920,action,1,2
671773,packet,1,0,0,0,50,8000
671786,event,0,0
671800,action,0,0
672198,packet,0,0,1,1
671826,packetAck,1
676226,event,2,1
676239,action,1,1
676332,packet,1,0,0,0,55,8000
676346,event,0,0
676373,action,0,0
676863,packet,0,0,1,1
676901,packetAck,1
680888,event,2,1
680901,action,1,1
680963,packet,1,0,0,0,55,8000
680977,event,0,0
680990,action,0,0
681473,packet,0,0,1,1
681513,packetAck,1
685497,event,2,1
685510,action,1,1
685870,packet,1,0,0,0,53,8000
685888,event,0,0
685900,action,0,0
685965,packet,0,0,1,1
686005,packetAck,1
686370,packet,1,0,2,7,54,8000
686385,event,3,1
686398,action,2,1
686767,packet,1,0,2,7,54,8000
686781,event,1,2
686855,packet,1,0,2,7,55,8000
686869,event,1,2
690920,packet,1,0,2,7,51,8000
690934,event,1,2
694976,packet,1,0,2,7,51,8000
694991,event,1,2
699035,packet,1,0,2,7,51,8000
699050,event,1,2
707048,event,4,2
707061,action,1,2
719217,packet,1,0,0,0,51,8000
719252,event,0,0
719266,action,0,0
719765,packet,0,0,1,1
719808,packetAck,1
723785,event,2,1
723798,action,1,1
723825,packet,1,0,0,0,51,8000
723838,event,0,0
723851,action,0,0
724122,packet,0,0,1,1
723832,packetAck,1
724168,packet,1,0,2,7,51,8000
724183,event,3,1
724196,action,2,1
724564,packet,1,0,2,7,52,8000
724578,event,1,2
724632,packet,1,0,2,7,53,8000
724645,event,1,2
729028,packet,1,0,2,7,52,8000
729042,event,1,2
733091,packet,1,0,2,7,52,8000
733105,event,1,2
737149,packet,1,0,2,7,53,8000
737163,event,1,2
741208,packet,1,0,2,7,53,8000
741231,event,1,2
745267,packet,1,0,2,7,53,8000
745282,event,1,2
753282,event,4,2
753296,action,1,2
764641,packet,1,0,0,0,54,8000
764655,event,0,0
764668,action,0,0
764705,packet,0,0,1,1
764745,packetAck,1
765077,packet,1,0,2,7,54,8000
765104,event,3,1
765118,action,2,1
765501,packet,1,0,2,7,54,8000
765515,event,1,2
765560,packet,1,0,2,7,54,8000
765574,event,1,2
769608,packet,1,0,2,7,52,8000
769623,event,1,2
773694,packet,1,0,2,7,52,8000
773708,event,1,2
777762,packet,1,0,2,7,52,8000
777773,event,1,2
781811,packet,1,0,2,7,53,8000
781825,event,1,2
785871,packet,1,0,2,7,53,8000
785886,event,1,2
789931,packet,1,0,2,7,53,8000
789945,event,1,2
793992,packet,1,0,2,7,53,8000
794006,event,1,2
802006,event,4,2
802019,action,1,2
810534,packet,1,0,0,0,53,8000
810549,event,0,0
810562,action,0,0
810615,packet,0,0,1,1
810655,packetAck,1
810984,packet,1,0,2,7,53,8000
810997,event,3,1
811011,action,2,1
811377,packet,1,0,2,7,53,8000
811392,event,1,2
811455,packet,1,0,2,7,53,8000
811472,event,1,2
815486,packet,1,0,2,7,52,8000
815500,event,1,2
819567,packet,1,0,2,7,52,8000
819581,event,1,2
823643,packet,1,0,2,7,52,8000
823658,event,1,2
827704,packet,1,0,2,7,52,8000
827719,event,1,2
831773,packet,1,0,2,7,52,8000
831787,event,1,2
835832,packet,1,0,2,7,52,8000
835846,event,1,2
843814,event,4,2
843827,action,1,2
855614,packet,1,0,0,0,53,8000
855628,event,0,0
855642,action,0,0
855675,packet,0,0,1,1
855713,packetAck,1
856042,packet,1,0,2,7,54,8000
856061,event,3,1
856087,action,2,1
856419,packet,1,0,2,7,54,8000
856433,event,1,2
856478,packet,1,0,2,7,54,8000
856493,event,1,2
860599,packet,1,0,2,7,53,8000
860614,event,1,2
864658,packet,1,0,2,7,53,8000
864672,event,1,2
868742,packet,1,0,2,7,53,8000
868757,event,1,2
872794,packet,1,0,2,7,53,8000
872809,event,1,2
876855,packet,1,0,2,7,53,8000
876869,event,1,2
880937,packet,1,0,2,7,53,8000
880952,event,1,2
888949,event,4,2
888962,action,1,2
900742,packet,1,0,0,0,52,8000
900755,event,0,0
900772,action,0,0
900867,packet,0,0,1,1
900906,packetAck,1
901234,packet,1,0,2,7,53,8000
901248,event,3,1
901262,action,2,1
901628,packet,1,0,2,7,53,8000
901643,event,1,2
901692,packet,1,0,2,7,53,8000
901706,event,1,2
905750,packet,1,0,2,7,52,8000
905764,event,1,2
909823,packet,1,0,2,7,52,8000
909837,event,1,2
913882,packet,1,0,2,7,53,8000
913896,event,1,2
917939,packet,1,0,2,7,53,8000
917953,event,1,2
922004,packet,1,0,2,7,53,8000
922018,event,1,2
926082,packet,1,0,2,7,52,8000
926099,event,1,2
930139,packet,1,0,2,7,51,8000
930153,event,1,2
938153,event,4,2
938166,action,1,2
948048,packet,1,0,0,0,51,8000
948062,event,0,0
948075,action,0,0
948504,packet,0,0,1,1
948094,packetAck,1
952519,event,2,1
952532,action,1,1
952630,packet,1,0,0,0,54,8000
952645,event,0,0
952658,action,0,0
953160,packet,0,0,1,1
953199,packetAck,1
957191,event,2,1
957205,action,1,1
957471,packet,1,0,0,0,51,8000
957485,event,0,0
957514,action,0,0
957578,packet,0,0,1,1
957617,packetAck,1
957979,packet,1,0,2,7,51,8000
957993,event,3,1
958005,action,2,1
958371,packet,1,0,2,7,51,8000
958385,event,1,2
958432,packet,1,0,2,7,51,8000
958446,event,1,2
962493,packet,1,0,2,7,53,8000
962508,event,1,2
966569,packet,1,0,2,7,53,8000
966583,event,1,2
970642,packet,1,0,2,7,53,8000
970669,event,1,2
974701,packet,1,0,2,7,53,8000
974715,event,1,2
978761,packet,1,0,2,7,53,8000
978775,event,1,2
986775,event,4,2
986788,action,1,2
996243,packet,1,0,0,0,51,8000
996257,event,0,0
996270,action,0,0
996408,packet,0,0,1,1
996283,packetAck,1
1000427,event,2,1
1000440,action,1,1
1000722,packet,1,0,0,0,50,8000
1000736,event,0,0
1000749,action,0,0
1000815,packet,0,0,1,1
1000855,packetAck,1
1001206,packet,1,0,2,7,51,8000
1001220,event,3,1
1001234,action,2,1
1001603,packet,1,0,2,7,51,8000
1001618,event,1,2
1001665,packet,1,0,2,7,51,8000
1001679,event,1,2
1005722,packet,1,0,2,7,51,8000
1005736,event,1,2
1009780,packet,1,0,2,7,51,8000
1009795,event,1,2
1013840,packet,1,0,2,7,51,8000
1013855,event,1,2
1017910,packet,1,0,2,7,51,8000
1017924,event,1,2
1021981,packet,1,0,2,7,51,8000
1021996,event,1,2
1026036,packet,1,0,2,7,51,8000
1026051,event,1,2
1034051,event,4,2
1034064,action,1,2
1043663,packet,1,0,0,0,50,8000
1043678,event,0,0
1043691,action,0,0
1043715,packet,0,0,1,1
1043755,packetAck,1
1044094,packet,1,0,2,7,51,8000
1044108,event,3,1
1044121,action,2,1
1044482,packet,1,0,2,7,51,8000
1044496,event,1,2
1044546,packet,1,0,2,7,51,8000
1044561,event,1,2
1048601,packet,1,0,2,7,52,8000
1048620,event,1,2
1052661,packet,1,0,2,7,52,8000
1052675,event,1,2
1056719,packet,1,0,2,7,51,8000
1056733,event,1,2
1060782,packet,1,0,2,7,53,8000
1060796,event,1,2
1064840,packet,1,0,2,7,50,8000
1064854,event,1,2
1068899,packet,1,0,2,7,53,8000
1068914,event,1,2
1072978,packet,1,0,2,7,50,8000
1072992,event,1,2
1080992,event,4,2
1081005,action,1,2
1089817,packet,1,0,0,0,53,8000
1089831,event,0,0
1089844,action,0,0
1090270,packet,0,0,1,1
1090310,packetAck,1
1094302,event,2,1
1094319,action,1,1
1094557,packet,1,0,0,0,52,8000
1094571,event,0,0
1094585,action,0,0
1095050,packet,0,0,1,1
1095090,packetAck,1
1099075,event,2,1
1099088,action,1,1
1099165,packet,1,0,0,0,52,8000
1099179,event,0,0
1099192,action,0,0
1099679,packet,0,0,1,1
1099719,packetAck,1
1103705,event,2,1
1103719,action,1,1
1104045,packet,1,0,0,0,51,8000
1104156,event,0,0
1104169,action,0,0
1104442,packet,0,0,1,1
1104295,packetAck,1
1104661,packet,1,0,2,7,52,8000
1104675,event,3,1
1104689,action,2,1
1105071,packet,1,0,2,7,52,8000
1105085,event,1,2
1105131,packet,1,0,2,7,52,8000
1105145,event,1,2
1109395,packet,1,0,2,7,53,8000
1109408,event,1,2
1113446,packet,1,0,2,7,53,8000
1113460,event,1,2
1117519,packet,1,0,2,7,53,8000
1117534,event,1,2
1125534,event,4,2
1125548,action,1,2
1136028,packet,1,0,0,0,54,8000
1136043,event,0,0
1136056,action,0,0
1136282,packet,0,0,1,1
1136322,packetAck,1
1140319,event,2,1
1140332,action,1,1
1140580,packet,1,0,0,0,53,8000
1140594,event,0,0
1140608,action,0,0
1140798,packet,0,0,1,1
1140837,packetAck,1
1144822,event,2,1
1144836,action,1,1
1145197,packet,1,0,0,0,52,8000
1145212,event,0,0
1145225,action,0,0
1145500,packet,0,0,1,1
1145540,packetAck,1
1149525,event,2,1
1149538,action,1,1
1149932,packet,1,0,0,0,52,8000
1149947,event,0,0
1149960,action,0,0
1149993,packet,0,0,1,1
1150032,packetAck,1
1150390,packet,1,0,2,7,53,8000
1150404,event,3,1
1150418,action,2,1
1150784,packet,1,0,2,7,54,8000
1150800,event,1,2
1150845,packet,1,0,2,7,54,8000
1150863,event,1,2
1154906,packet,1,0,2,7,52,8000
1154920,event,1,2
1158968,packet,1,0,2,7,52,8000
1158982,event,1,2
1163037,packet,1,0,2,7,51,8000
1163051,event,1,2
1171049,event,4,2
1171063,action,1,2
