p:4000,20000,6000,600,8000,4000,2000,8000,70
15092,0,0
15192,0,0
15292,0,0
15392,0,0
15492,0,0
15592,0,0
15692,0,0
15792,0,0
15892,0,0
15992,0,0
16092,0,0
16192,0,0
16292,0,0
16392,0,0
16492,0,0
16592,0,0
16692,0,0
16792,0,0
16892,0,0
16992,0,0
17092,0,0
17192,0,0
17292,0,0
17392,0,0
17492,0,0
17592,0,0
17692,0,0
17792,0,0
17892,0,0
17992,0,0
18092,0,0
18192,0,0
18292,0,0
18392,0,0
18492,0,0
18592,0,0
18692,0,0
18792,0,0
18892,0,0
18992,0,0
19090,0,0
19190,0,0
19290,0,0
19390,0,0
19490,0,0
19590,0,0
19690,0,0
19790,0,0
19890,0,0
19990,0,0
20090,0,0
20190,0,0
20290,0,0
20406,0,0
20506,0,0
20606,0,0
20706,0,0
20806,0,0
20906,0,0
21006,0,0
21106,0,0
21206,0,0
21306,0,0
21406,0,0
21506,0,0
21606,0,0
21706,0,0
21806,0,0
21906,0,0
22006,0,0
22106,0,0
22206,0,0
22306,0,0
22406,0,0
22506,0,0
22606,0,0
22706,0,0
22806,0,0
22906,0,0
23006,0,0
23104,0,0
23204,0,0
23304,0,0
23404,0,0
23504,0,0
23604,0,0
23704,0,0
23804,0,0
23904,0,0
24004,0,0
24104,0,0
24204,0,0
24304,0,0
24404,0,0
24504,0,0
24604,0,0
24704,0,0
24804,0,0
24904,0,0
25004,0,0
25104,0,0
25204,0,0
25304,0,0
25404,0,0
25504,0,0
25604,0,0
25704,0,0
25804,0,0
25904,0,0
26004,0,0
26104,0,0
26204,0,0
26304,0,0
26404,0,0
26504,0,0
26604,0,0
26704,0,0
26804,0,0
26904,0,0
27004,0,0
27103,0,0
27203,0,0
27303,0,0
27403,0,0
27503,0,0
27603,0,0
27703,0,0
27803,0,0
27903,0,0
28003,0,0
28103,0,0
28203,0,0
28303,0,0
28403,0,0
28503,0,0
28603,0,0
28703,0,0
28803,0,0
28903,0,0
29003,0,0
29103,0,0
29203,0,0
29303,0,0
29403,0,0
29503,0,0
29603,0,0
29703,0,0
29803,0,0
29903,0,0
30003,0,0
30103,0,0
30203,0,0
30303,0,0
30403,0,0
30503,0,0
30603,0,0
30703,0,0
30803,0,0
30903,0,0
31003,0,0
31102,0,0
31202,0,0
31302,0,0
31402,0,0
31502,0,0
31602,0,0
31702,0,0
31802,0,0
31902,0,0
32002,0,0
32102,0,0
32202,0,0
32302,0,0
32402,0,0
32502,0,0
32609,0,0
32709,0,0
32809,0,0
32909,0,0
33009,0,0
33109,0,0
33209,0,0
33309,0,0
33409,0,0
33509,0,0
33609,0,0
33709,0,0
33809,0,0
33909,0,0
34009,0,0
34110,0,0
34210,0,0
34310,0,0
34410,0,0
34510,0,0
34610,0,0
34710,0,0
34810,0,0
34910,0,0
35010,0,0
35106,0,0
35206,0,0
35306,0,0
35406,0,0
35506,0,0
35606,0,0
35706,0,0
35806,0,0
35906,0,0
36006,0,0
36106,0,0
36206,0,0
36306,0,0
36406,0,0
36506,0,0
36606,0,0
36706,0,0
36806,0,0
36906,0,0
37006,0,0
37106,0,0
37206,0,0
37306,0,0
37406,0,0
37506,0,0
37606,0,0
37706,0,0
37806,0,0
37906,0,0
38006,0,0
38106,0,0
38206,0,0
38306,0,0
38406,0,0
38506,0,0
38606,0,0
38706,0,0
38806,0,0
38906,0,0
39006,0,0
39105,0,0
39205,0,0
39305,0,0
39405,0,0
39505,0,0
39605,0,0
39705,0,0
39805,0,0
39905,0,0
40005,0,0
40105,0,0
40205,0,0
40305,0,0
40405,0,0
40505,0,0
40605,0,0
40705,0,0
40805,0,0
40905,0,0
41005,0,0
41105,0,0
41205,0,0
41305,0,0
41405,0,0
41505,0,0
41605,0,0
41705,0,0
41805,0,0
41905,0,0
42005,0,0
42105,0,0
42205,0,0
42305,0,0
42405,0,0
42505,0,0
42605,0,0
42705,0,0
42805,0,0
42905,0,0
43005,0,0
43102,0,0
43202,0,0
43302,0,0
43402,0,0
43502,0,0
43602,0,0
43702,0,0
43802,0,0
43902,0,0
44002,0,0
44102,0,0
44202,0,0
44302,0,0
44402,0,0
44502,0,0
44602,0,0
44702,0,0
44807,0,0
44907,0,0
45007,0,0
45107,0,0
45207,0,0
45307,0,0
45407,0,0
45507,0,0
45607,0,0
45708,0,0
45808,0,0
45908,0,0
46008,0,0
46108,0,0
46208,0,0
46308,0,0
46408,0,0
46508,0,0
46608,0,0
46708,0,0
46808,0,0
46908,0,0
47008,0,0
47109,0,0
47209,0,0
47309,0,0
47409,0,0
47509,0,0
47609,0,0
47709,0,0
47809,0,0
47909,0,0
48009,0,0
48109,0,0
48209,0,0
48309,0,0
48409,0,0
48509,0,0
48610,0,0
48710,0,0
48810,0,0
48910,0,0
49010,0,0
49110,0,0
49210,0,0
49310,0,0
49410,0,0
49510,0,0
49610,0,0
49710,0,0
49810,0,0
49910,0,0
50010,0,0
50110,0,0
50210,0,0
50310,0,0
50410,0,0
50510,0,0
50610,0,0
50710,0,0
50810,0,0
50910,0,0
51010,0,0
51107,0,0
51207,0,0
51307,0,0
51407,0,0
51508,0,0
51608,0,0
51708,0,0
51808,0,0
51908,0,0
52008,0,0
52108,0,0
52208,0,0
52308,0,0
52408,0,0
52508,0,0
52608,0,0
52708,0,0
52808,0,0
52908,0,0
53008,0,0
53108,0,0
53208,0,0
53308,0,0
53408,0,0
53508,0,0
53608,0,0
53708,0,0
53808,0,0
53908,0,0
54008,0,0
54108,0,0
54208,0,0
54308,0,0
54408,0,0
54508,0,0
54608,0,0
54708,0,0
54808,0,0
54908,0,0
55008,0,0
55108,0,0
55208,0,0
55308,0,0
55408,0,0
55508,0,0
55608,0,0
55708,0,0
55808,0,0
55908,0,0
56008,0,0
56108,0,0
56208,0,0
56308,0,0
56408,0,0
56508,0,0
56608,0,0
56708,0,0
56808,0,0
56908,0,0
57008,0,0
57108,0,0
57208,0,0
57308,0,0
57408,0,0
57508,0,0
57608,0,0
57708,0,0
57808,0,0
57908,0,0
58008,0,0
58108,0,0
58208,0,0
58308,0,0
58408,0,0
58508,0,0
58608,0,0
58708,0,0
58808,0,0
58908,0,0
59008,0,0
59108,0,0
59208,0,0
59308,0,0
59408,0,0
59508,0,0
59608,0,0
59708,0,0
59808,0,0
59908,0,0
60008,0,0
60108,0,0
60208,0,0
60308,0,0
60408,0,0
60508,0,0
60608,0,0
60708,0,0
60808,0,0
60908,0,0
61008,0,0
61108,0,0
61208,0,0
61308,0,0
61408,0,0
61508,0,0
61608,0,0
61708,0,0
61808,0,0
61908,0,0
62008,0,0
62108,0,0
62208,0,0
62308,0,0
62408,0,0
62508,0,0
62608,0,0
62708,0,0
62808,0,0
62908,0,0
63008,0,0
63108,0,0
63208,0,0
63308,0,0
63408,0,0
63508,0,0
63608,0,0
63708,0,0
63808,0,0
63908,0,0
64008,0,0
64108,0,0
64208,0,0
64308,0,0
64408,0,0
64508,0,0
64608,0,0
64708,0,0
64808,0,0
64908,0,0
65008,0,0
65108,0,0
65208,0,0
65308,0,0
65408,0,0
65508,0,0
65608,0,0
65708,0,0
65808,0,0
65908,0,0
66008,0,0
66108,0,0
66208,0,0
66308,0,0
66408,0,0
66508,0,0
66608,0,0
66708,0,0
66808,0,0
66908,0,0
67008,0,0
67108,0,0
67208,0,0
67308,0,0
67408,0,0
67508,0,0
67608,0,0
67708,0,0
67808,0,0
67908,0,0
68008,0,0
68108,0,0
68208,0,0
68308,0,0
68408,0,0
68508,0,0
68608,0,0
68708,0,0
68808,0,0
68908,0,0
69008,0,0
69108,0,0
69208,0,0
69308,0,0
69408,0,0
69508,0,0
69608,0,0
69708,0,0
69808,0,0
69908,0,0
70008,0,0
70108,0,0
70208,0,0
70308,0,0
70408,0,0
70508,0,0
70608,0,0
70708,0,0
70808,0,0
70908,0,0
71008,0,0
71108,0,0
71208,0,0
71308,0,0
71408,0,0
71508,0,0
71608,0,0
71708,0,0
71808,0,0
71908,0,0
72008,0,0
72108,0,0
72208,0,0
72308,0,0
72408,0,0
72508,0,0
72608,0,0
72708,0,0
72808,0,0
72908,0,0
73008,0,0
73108,0,0
73208,0,0
73308,0,0
73408,0,0
73508,0,0
73599,0,0
73699,0,0
73799,0,0
74243,0,0
74343,0,1
74443,0,1
74543,0,1
74649,0,1
74749,1,2
74849,1,2
74949,1,2
75049,1,2
75149,1,2
75249,1,2
75350,1,2
75450,1,2
75550,1,2
75650,1,2
75750,1,2
75850,1,2
75950,1,2
76050,1,2
76150,1,2
76250,1,2
76350,1,2
76450,1,2
76550,1,2
76678,0,0
76778,0,0
76878,0,0
76978,0,0
77078,0,0
77178,0,0
77278,0,0
77378,0,0
77478,0,0
77577,0,0
77677,0,0
77777,0,0
77877,0,0
77977,0,0
78077,0,0
78177,0,0
78277,0,0
78378,0,0
78478,0,0
78578,0,0
78678,0,0
78981,0,0
79081,0,1
79181,0,1
79281,0,1
79381,0,1
79481,0,1
79581,0,1
79681,0,1
79781,0,1
79881,0,1
79981,0,1
80081,0,1
80181,0,1
80281,0,1
80381,0,1
80481,0,1
80581,0,1
80682,0,1
80782,0,1
80882,0,1
80982,0,1
81082,0,1
81182,0,1
81282,0,1
81382,0,1
81482,0,1
81580,0,1
81680,0,1
81780,0,1
81880,0,1
81980,0,1
82080,0,1
82180,0,1
82280,0,1
82380,0,1
82480,0,1
82580,0,1
82680,0,1
82780,0,1
82880,0,1
83008,0,0
83108,0,0
83208,0,0
83308,0,0
83408,0,0
83508,0,0
83608,0,0
83708,0,0
83808,0,0
83908,0,0
84008,0,0
84108,0,0
84208,0,0
84308,0,0
84408,0,0
84508,0,0
84608,0,0
84708,0,0
84808,0,0
84908,0,0
85008,0,0
85108,0,0
85208,0,0
85308,0,0
85408,0,0
85508,0,0
85607,0,0
85707,0,0
85807,0,0
85907,0,0
86007,0,0
86107,0,0
86207,0,0
86307,0,0
86407,0,0
86507,0,0
86607,0,0
86707,0,0
86807,0,0
86907,0,0
87007,0,0
87139,0,0
87239,0,1
87339,0,1
87439,0,1
87539,0,1
87639,0,1
87739,0,1
87839,0,1
87939,0,1
88039,0,1
88139,0,1
88239,0,1
88339,0,1
88439,0,1
88539,0,1
88639,0,1
88739,0,1
88839,0,1
88939,0,1
89039,0,1
89139,0,1
89239,0,1
89339,0,1
89439,0,1
89539,0,1
89636,0,1
89736,0,1
89836,0,1
89936,0,1
90036,0,1
90136,0,1
90236,0,1
90336,0,1
90436,0,1
90536,0,1
90636,0,1
90736,0,1
90836,0,1
90936,0,1
91036,0,1
91136,0,1
91236,0,0
91336,0,0
91436,0,0
91536,0,0
91636,0,0
91736,0,0
91836,0,0
91936,0,0
92036,0,0
92136,0,0
92236,0,0
92336,0,0
92436,0,0
92536,0,0
92636,0,0
92736,0,0
92836,0,0
92936,0,0
93036,0,0
93136,0,0
93236,0,0
93336,0,0
93436,0,0
93536,0,0
93635,0,0
93735,0,0
93835,0,0
93935,0,0
94035,0,0
94135,0,0
94235,0,0
94335,0,0
94435,0,0
94535,0,0
94635,0,0
94735,0,0
94835,0,0
94935,0,0
95035,0,0
95135,0,0
95235,0,0
95335,0,0
95435,0,0
95535,0,0
95635,0,0
95735,0,0
95835,0,0
95935,0,0
96035,0,0
96135,0,0
96235,0,0
96335,0,0
96435,0,0
96535,0,0
96635,0,0
96735,0,0
96835,0,0
96935,0,0
97035,0,0
97135,0,0
97235,0,0
97335,0,0
97435,0,0
97535,0,0
97632,0,0
97732,0,0
97832,0,0
97932,0,0
98032,0,0
98132,0,0
98232,0,0
98332,0,0
98432,0,0
98532,0,0
98632,0,0
98732,0,0
98832,0,0
98932,0,0
99032,0,0
99132,0,0
99249,0,0
99349,0,0
99449,0,0
99549,0,0
99649,0,0
99749,0,0
99849,0,0
99949,0,0
100049,0,0
100149,0,0
100249,0,0
100349,0,0
100449,0,0
100549,0,0
100649,0,0
100749,0,0
100849,0,0
100949,0,0
101049,0,0
101149,0,0
101249,0,0
101349,0,0
101449,0,0
101549,0,0
101649,0,0
101750,0,0
101850,0,0
101950,0,0
102050,0,0
102150,0,0
102250,0,0
102350,0,0
102450,0,0
102550,0,0
102650,0,0
102750,0,0
102850,0,0
102950,0,0
103050,0,0
103150,0,0
103250,0,0
103350,0,0
103450,0,0
103550,0,0
103650,0,0
103750,0,0
103850,0,0
103950,0,0
104050,0,0
104150,0,0
104250,0,0
104350,0,0
104450,0,0
104550,0,0
104651,0,0
104751,0,0
104851,0,0
104951,0,0
105051,0,0
105151,0,0
105251,0,0
105351,0,0
105451,0,0
105551,0,0
105649,0,0
105749,0,0
105849,0,0
105949,0,0
106049,0,0
106149,0,0
106249,0,0
106349,0,0
106449,0,0
106549,0,0
106649,0,0
106749,0,0
106849,0,0
106949,0,0
107049,0,0
107149,0,0
107249,0,0
107349,0,0
107449,0,0
107550,0,0
107650,0,0
107750,0,0
107850,0,0
107950,0,0
108050,0,0
108150,0,0
108250,0,0
108350,0,0
108450,0,0
108550,0,0
108650,0,0
108750,0,0
108850,0,0
108950,0,0
109050,0,0
109150,0,0
109250,0,0
109350,0,0
109450,0,0
109550,0,0
109648,0,0
109748,0,0
109848,0,0
109948,0,0
110048,0,0
110148,0,0
110248,0,0
110348,0,0
110448,0,0
110548,0,0
110648,0,0
110748,0,0
110848,0,0
110948,0,0
111048,0,0
111148,0,0
111248,0,0
111348,0,0
111448,0,0
111548,0,0
111648,0,0
111748,0,0
111848,0,0
111948,0,0
112048,0,0
112148,0,0
112248,0,0
112348,0,0
112448,0,0
112548,0,0
112648,0,0
112748,0,0
112848,0,0
112948,0,0
113048,0,0
113148,0,0
113248,0,0
113348,0,0
113448,0,0
113548,0,0
113648,0,0
113748,0,0
113848,0,0
113948,0,0
114048,0,0
114148,0,0
114248,0,0
114348,0,0
114448,0,0
114548,0,0
114648,0,0
114748,0,0
114848,0,0
114948,0,0
115048,0,0
115148,0,0
115248,0,0
115348,0,0
115448,0,0
115548,0,0
115648,0,0
115748,0,0
115848,0,0
115948,0,0
116048,0,0
116148,0,0
116248,0,0
116348,0,0
116448,0,0
116548,0,0
116648,0,0
116748,0,0
116848,0,0
116948,0,0
117048,0,0
117148,0,0
117248,0,0
117348,0,0
117448,0,0
117548,0,0
117648,0,0
117748,0,0
117848,0,0
117948,0,0
118048,0,0
118148,0,0
118248,0,0
118348,0,0
118448,0,0
118548,0,0
118648,0,0
118748,0,0
118848,0,0
118948,0,0
119048,0,0
119148,0,0
119248,0,0
119348,0,0
119448,0,0
119548,0,0
119648,0,0
119748,0,0
119848,0,0
119948,0,0
120048,0,0
120148,0,0
120248,0,0
120348,0,0
120448,0,0
120548,0,0
120648,0,0
120748,0,0
120848,0,0
120948,0,0
121048,0,0
121148,0,0
121248,0,0
121348,0,0
121448,0,0
121548,0,0
121648,0,0
121748,0,0
121848,0,0
121948,0,0
122048,0,0
122148,0,0
122248,0,0
122348,0,0
122448,0,0
122548,0,0
122648,0,0
122748,0,0
122848,0,0
122948,0,0
123048,0,0
123148,0,0
123248,0,0
123348,0,0
123448,0,0
123548,0,0
123648,0,0
123748,0,0
123848,0,0
123948,0,0
124048,0,0
124148,0,0
124248,0,0
124348,0,0
124448,0,0
124548,0,0
124648,0,0
124748,0,0
124848,0,0
124948,0,0
125048,0,0
125148,0,0
125248,0,0
125348,0,0
125448,0,0
125548,0,0
125648,0,0
125748,0,0
125848,0,0
125948,0,0
126048,0,0
126148,0,0
126248,0,0
126348,0,0
126448,0,0
126548,0,0
126648,0,0
126748,0,0
126848,0,0
126948,0,0
127048,0,0
127148,0,0
127248,0,0
127348,0,0
127448,0,0
127548,0,0
127648,0,0
127748,0,0
127848,0,0
127948,0,0
128048,0,0
128148,0,0
128248,0,0
128348,0,0
128448,0,0
128548,0,0
128648,0,0
128748,0,0
128848,0,0
128948,0,0
129048,0,0
129148,0,0
129248,0,0
129348,0,0
129448,0,0
129548,0,0
129641,0,0
129741,0,0
129841,0,0
129941,0,0
130041,0,0
130141,0,0
130241,0,0
130341,0,0
130441,0,0
130541,0,0
130641,0,0
130741,0,0
130841,0,0
130941,0,0
131041,0,0
131141,0,0
131241,0,0
131341,0,0
131441,0,0
131541,0,0
131641,0,0
131741,0,0
131841,0,0
131941,0,0
132041,0,0
132141,0,0
132241,0,0
132341,0,0
132441,0,0
132541,0,0
132641,0,0
132741,0,0
132841,0,0
132941,0,0
133041,0,0
133141,0,0
133241,0,0
133341,0,0
133441,0,0
133541,0,0
133641,0,0
133741,0,0
133839,0,0
133939,0,0
134039,0,0
134139,0,0
134239,0,0
134339,0,0
134439,0,0
134539,0,0
134639,0,0
134739,0,0
134839,0,0
134939,0,0
135039,0,0
135139,0,0
135239,0,0
135339,0,0
135439,0,0
135539,0,0
135639,0,0
135739,0,0
135839,0,0
135939,0,0
136039,0,0
136139,0,0
136239,0,0
136339,0,0
136439,0,0
136539,0,0
136639,0,0
136739,0,0
136839,0,0
136939,0,0
137039,0,0
137139,0,0
137239,0,0
137339,0,0
137439,0,0
137539,0,0
137639,0,0
137739,0,0
137837,0,0
137937,0,0
138037,0,0
138137,0,0
138237,0,0
138337,0,0
138437,0,0
138537,0,0
138637,0,0
138737,0,0
138837,0,0
138937,0,0
139037,0,0
139137,0,0
139237,0,0
139337,0,0
139437,0,0
139537,0,0
139637,0,0
139737,0,0
139837,0,0
139937,0,0
140037,0,0
140137,0,0
140237,0,0
140337,0,0
140437,0,0
140537,0,0
140637,0,0
140737,0,0
140837,0,0
140937,0,0
141037,0,0
141137,0,0
141237,0,0
141337,0,0
141437,0,0
141537,0,0
141637,0,0
141737,0,0
141835,0,0
141935,0,0
142035,0,0
142135,0,0
142235,0,0
142335,0,0
142435,0,0
142535,0,0
142635,0,0
142735,0,0
142835,0,0
142935,0,0
143035,0,0
143135,0,0
143235,0,0
143335,0,0
143435,0,0
143535,0,0
143635,0,0
143735,0,0
143835,0,0
143935,0,0
144035,0,0
144135,0,0
144235,0,0
144335,0,0
144435,0,0
144535,0,0
144635,0,0
144735,0,0
144835,0,0
144935,0,0
145035,0,0
145135,0,0
145235,0,0
145335,0,0
145435,0,0
145535,0,0
145635,0,0
145735,0,0
145833,0,0
145933,0,0
146033,0,0
146133,0,0
146233,0,0
146333,0,0
146433,0,0
146533,0,0
146633,0,0
146733,0,0
146833,0,0
146933,0,0
147033,0,0
147133,0,0
147233,0,0
147333,0,0
147433,0,0
147533,0,0
147633,0,0
147733,0,0
147833,0,0
147933,0,0
148033,0,0
148133,0,0
148233,0,0
148333,0,0
148433,0,0
148533,0,0
148633,0,0
148733,0,0
148833,0,0
148933,0,0
149033,0,0
149133,0,0
149233,0,0
149333,0,0
149433,0,0
149533,0,0
149633,0,0
149733,0,0
149831,0,0
149931,0,0
150031,0,0
150131,0,0
150231,0,0
150331,0,0
150431,0,0
150531,0,0
150631,0,0
150731,0,0
150831,0,0
150931,0,0
151031,0,0
151131,0,0
151231,0,0
151331,0,0
151431,0,0
151531,0,0
151631,0,0
151731,0,0
151831,0,0
151931,0,0
152031,0,0
152131,0,0
152231,0,0
152331,0,0
152431,0,0
152531,0,0
152631,0,0
152731,0,0
152831,0,0
152931,0,0
153031,0,0
153131,0,0
153231,0,0
153331,0,0
153431,0,0
153531,0,0
153631,0,0
153731,0,0
153830,0,0
153930,0,0
154030,0,0
154130,0,0
154230,0,0
154330,0,0
154430,0,0
154530,0,0
154630,0,0
154730,0,0
154830,0,0
154930,0,0
155030,0,0
155130,0,0
155230,0,0
155330,0,0
155430,0,0
155530,0,0
155630,0,0
155730,0,0
155830,0,0
155930,0,0
156030,0,0
156130,0,0
156230,0,0
156330,0,0
156430,0,0
156530,0,0
156630,0,0
156730,0,0
156830,0,0
156930,0,0
157030,0,0
157130,0,0
157230,0,0
157330,0,0
157430,0,0
157530,0,0
157630,0,0
157730,0,0
157828,0,0
157928,0,0
158028,0,0
158128,0,0
158228,0,0
158328,0,0
158428,0,0
158528,0,0
158628,0,0
158728,0,0
158828,0,0
158928,0,0
159028,0,0
159128,0,0
159228,0,0
159328,0,0
159428,0,0
159528,0,0
159628,0,0
159728,0,0
159828,0,0
159928,0,0
160028,0,0
160128,0,0
160228,0,0
160328,0,0
160428,0,0
160528,0,0
160628,0,0
160728,0,0
160828,0,0
160928,0,0
161028,0,0
161128,0,0
161228,0,0
161328,0,0
161428,0,0
161528,0,0
161628,0,0
161728,0,0
161826,0,0
161926,0,0
162026,0,0
162126,0,0
162226,0,0
162326,0,0
162426,0,0
162526,0,0
162626,0,0
162726,0,0
162826,0,0
162926,0,0
163026,0,0
163126,0,0
163226,0,0
163326,0,0
163426,0,0
163526,0,0
163626,0,0
163726,0,0
163826,0,0
163926,0,0
164026,0,0
164126,0,0
164226,0,0
164326,0,0
164426,0,0
164526,0,0
164626,0,0
164726,0,0
164826,0,0
164926,0,0
165026,0,0
165126,0,0
165226,0,0
165326,0,0
165426,0,0
165526,0,0
165626,0,0
165726,0,0
165825,0,0
165925,0,0
166025,0,0
166125,0,0
166225,0,0
166325,0,0
166425,0,0
166525,0,0
166625,0,0
166725,0,0
166825,0,0
166925,0,0
167025,0,0
167125,0,0
167225,0,0
167325,0,0
167425,0,0
167525,0,0
167625,0,0
167725,0,0
167825,0,0
167925,0,0
168025,0,0
168125,0,0
168225,0,0
168325,0,0
168425,0,0
168525,0,0
168625,0,0
168725,0,0
168825,0,0
168925,0,0
169025,0,0
169125,0,0
169225,0,0
169325,0,0
169425,0,0
169525,0,0
169625,0,0
169725,0,0
169825,0,0
169925,0,0
170025,0,0
170125,0,0
170225,0,0
170325,0,0
170425,0,0
170525,0,0
170625,0,0
170725,0,0
170825,0,0
170925,0,0
171025,0,0
171125,0,0
171225,0,0
171325,0,0
171425,0,0
171525,0,0
171625,0,0
171725,0,0
171825,0,0
171925,0,0
172025,0,0
172125,0,0
172225,0,0
172325,0,0
172425,0,0
172525,0,0
172625,0,0
172725,0,0
172825,0,0
172925,0,0
173025,0,0
173125,0,0
173225,0,0
173325,0,0
173425,0,0
173525,0,0
173625,0,0
173725,0,0
173825,0,0
173925,0,0
174025,0,0
174125,0,0
174225,0,0
174325,0,0
174425,0,0
174525,0,0
174625,0,0
174725,0,0
174825,0,0
174925,0,0
175025,0,0
175125,0,0
175225,0,0
175325,0,0
175425,0,0
175525,0,0
175625,0,0
175725,0,0
175825,0,0
175925,0,0
176025,0,0
176125,0,0
176225,0,0
176325,0,0
176425,0,0
176525,0,0
176625,0,0
176725,0,0
176825,0,0
176925,0,0
177025,0,0
177125,0,0
177225,0,0
177325,0,0
177425,0,0
177525,0,0
177625,0,0
177725,0,0
177825,0,0
177925,0,0
178025,0,0
178125,0,0
178225,0,0
178325,0,0
178425,0,0
178525,0,0
178625,0,0
178725,0,0
178825,0,0
178925,0,0
179025,0,0
179125,0,0
179225,0,0
179325,0,0
179425,0,0
179525,0,0
179625,0,0
179725,0,0
179825,0,0
179925,0,0
180025,0,0
180125,0,0
180225,0,0
180325,0,0
180425,0,0
180525,0,0
180625,0,0
180725,0,0
180825,0,0
180925,0,0
181025,0,0
181125,0,0
181225,0,0
181325,0,0
181425,0,0
181525,0,0
181625,0,0
181725,0,0
181825,0,0
181925,0,0
182025,0,0
182125,0,0
182225,0,0
182325,0,0
182425,0,0
182525,0,0
182625,0,0
182725,0,0
182825,0,0
182925,0,0
183025,0,0
183125,0,0
183225,0,0
183325,0,0
183425,0,0
183525,0,0
183625,0,0
183725,0,0
183825,0,0
183925,0,0
184025,0,0
184125,0,0
184225,0,0
184325,0,0
184425,0,0
184525,0,0
184625,0,0
184725,0,0
184825,0,0
184925,0,0
185025,0,0
185125,0,0
185225,0,0
185325,0,0
185425,0,0
185525,0,0
185625,0,0
185725,0,0
185825,0,0
185916,0,0
186016,0,0
186116,0,0
186216,0,0
186316,0,0
186416,0,0
186516,0,0
186616,0,0
186716,0,0
186816,0,0
186916,0,0
187016,0,0
187116,0,0
187216,0,0
187316,0,0
187416,0,0
187516,0,0
187616,0,0
187716,0,0
187816,0,0
187916,0,0
188016,0,0
188116,0,0
188216,0,0
188316,0,0
188416,0,0
188516,0,0
188616,0,0
188716,0,0
188816,0,0
188916,0,0
189016,0,0
189116,0,0
189216,0,0
189316,0,0
189416,0,0
189516,0,0
189616,0,0
189716,0,0
189816,0,0
189915,0,0
190015,0,0
190115,0,0
190215,0,0
190315,0,0
190415,0,0
190515,0,0
190615,0,0
190715,0,0
190815,0,0
190915,0,0
191015,0,0
191115,0,0
191215,0,0
191315,0,0
191415,0,0
191515,0,0
191615,0,0
191715,0,0
191815,0,0
191915,0,0
192015,0,0
192115,0,0
192215,0,0
192315,0,0
192415,0,0
192515,0,0
192615,0,0
192715,0,0
192815,0,0
192915,0,0
193015,0,0
193115,0,0
193215,0,0
193315,0,0
193415,0,0
193515,0,0
193615,0,0
193715,0,0
193815,0,0
193913,0,0
194013,0,0
194113,0,0
194213,0,0
194313,0,0
194413,0,0
194513,0,0
194613,0,0
194713,0,0
194813,0,0
194913,0,0
195013,0,0
195113,0,0
195213,0,0
195313,0,0
195413,0,0
195513,0,0
195613,0,0
195713,0,0
195813,0,0
195913,0,0
196013,0,0
196113,0,0
196213,0,0
196313,0,0
196413,0,0
196513,0,0
196613,0,0
196713,0,0
196813,0,0
196913,0,0
197013,0,0
197113,0,0
197213,0,0
197313,0,0
197413,0,0
197513,0,0
197613,0,0
197713,0,0
197813,0,0
197910,0,0
198010,0,0
198110,0,0
198210,0,0
198310,0,0
198410,0,0
198510,0,0
198610,0,0
198710,0,0
198810,0,0
198910,0,0
199010,0,0
199110,0,0
199210,0,0
199310,0,0
199410,0,0
199510,0,0
199610,0,0
199710,0,0
199810,0,0
199910,0,0
200010,0,0
200110,0,0
200210,0,0
200310,0,0
200410,0,0
200510,0,0
200610,0,0
200710,0,0
200810,0,0
200910,0,0
201010,0,0
201110,0,0
201210,0,0
201310,0,0
201410,0,0
201510,0,0
201610,0,0
201710,0,0
201810,0,0
201910,0,0
202010,0,0
202110,0,0
202210,0,0
202310,0,0
202410,0,0
202510,0,0
202610,0,0
202710,0,0
202810,0,0
202910,0,0
203010,0,0
203110,0,0
203210,0,0
203310,0,0
203410,0,0
203510,0,0
203610,0,0
203710,0,0
203810,0,0
203910,0,0
204010,0,0
204110,0,0
204210,0,0
204310,0,0
204410,0,0
204510,0,0
204610,0,0
204710,0,0
204810,0,0
204910,0,0
205010,0,0
205110,0,0
205210,0,0
205310,0,0
205410,0,0
205510,0,0
205610,0,0
205710,0,0
205810,0,0
205908,0,0
206008,0,0
206108,0,0
206208,0,0
206308,0,0
206408,0,0
206508,0,0
206608,0,0
206708,0,0
206808,0,0
206908,0,0
207008,0,0
207108,0,0
207208,0,0
207308,0,0
207408,0,0
207508,0,0
207608,0,0
207708,0,0
207808,0,0
207908,0,0
208008,0,0
208108,0,0
208208,0,0
208308,0,0
208408,0,0
208508,0,0
208608,0,0
208708,0,0
208808,0,0
208908,0,0
209008,0,0
209108,0,0
209208,0,0
209308,0,0
209408,0,0
209508,0,0
209608,0,0
209708,0,0
209808,0,0
209906,0,0
210006,0,0
210106,0,0
210206,0,0
210306,0,0
210406,0,0
210506,0,0
210606,0,0
210706,0,0
210806,0,0
210906,0,0
211006,0,0
211106,0,0
211206,0,0
211306,0,0
211406,0,0
211506,0,0
211606,0,0
211706,0,0
211806,0,0
211906,0,0
212006,0,0
212106,0,0
212206,0,0
212306,0,0
212406,0,0
212506,0,0
212606,0,0
212706,0,0
212806,0,0
212906,0,0
213006,0,0
213106,0,0
213206,0,0
213306,0,0
213406,0,0
213506,0,0
213606,0,0
213706,0,0
213806,0,0
213902,0,0
214002,0,0
214102,0,0
214202,0,0
214302,0,0
214402,0,0
214502,0,0
214602,0,0
214702,0,0
214802,0,0
214902,0,0
215002,0,0
215102,0,0
215202,0,0
215302,0,0
215402,0,0
215502,0,0
215602,0,0
215702,0,0
215802,0,0
215902,0,0
216002,0,0
216102,0,0
216202,0,0
216302,0,0
216402,0,0
216502,0,0
216602,0,0
216702,0,0
216802,0,0
216902,0,0
217002,0,0
217102,0,0
217202,0,0
217302,0,0
217402,0,0
217502,0,0
217602,0,0
217702,0,0
217802,0,0
217902,0,0
218002,0,0
218102,0,0
218202,0,0
218302,0,0
218402,0,0
218502,0,0
218602,0,0
218702,0,0
218802,0,0
218902,0,0
219002,0,0
219102,0,0
219202,0,0
219302,0,0
219402,0,0
219502,0,0
219602,0,0
219702,0,0
219802,0,0
219902,0,0
220002,0,0
220102,0,0
220202,0,0
220302,0,0
220402,0,0
220502,0,0
220602,0,0
220702,0,0
220802,0,0
220902,0,0
221002,0,0
221102,0,0
221202,0,0
221302,0,0
221402,0,0
221502,0,0
221602,0,0
221702,0,0
221802,0,0
221902,0,0
222002,0,0
222102,0,0
222202,0,0
222302,0,0
222402,0,0
222502,0,0
222602,0,0
222702,0,0
222802,0,0
222902,0,0
223002,0,0
223102,0,0
223202,0,0
223302,0,0
223402,0,0
223502,0,0
223602,0,0
223702,0,0
223802,0,0
223902,0,0
224002,0,0
224102,0,0
224202,0,0
224302,0,0
224402,0,0
224502,0,0
224602,0,0
224702,0,0
224802,0,0
224902,0,0
225002,0,0
225102,0,0
225202,0,0
225302,0,0
225402,0,0
225502,0,0
225602,0,0
225702,0,0
225802,0,0
225902,0,0
226002,0,0
226102,0,0
226202,0,0
226302,0,0
226402,0,0
226502,0,0
226602,0,0
226702,0,0
226802,0,0
226902,0,0
227002,0,0
227102,0,0
227202,0,0
227302,0,0
227402,0,0
227502,0,0
227602,0,0
227702,0,0
227802,0,0
227902,0,0
228002,0,0
228102,0,0
228202,0,0
228302,0,0
228402,0,0
228502,0,0
228602,0,0
228702,0,0
228802,0,0
228902,0,0
229002,0,0
229102,0,0
229202,0,0
229302,0,0
229402,0,0
229502,0,0
229602,0,0
229702,0,0
229802,0,0
229902,0,0
230002,0,0
230102,0,0
230202,0,0
230302,0,0
230402,0,0
230502,0,0
230602,0,0
230702,0,0
230802,0,0
230902,0,0
231002,0,0
231102,0,0
231202,0,0
231302,0,0
231402,0,0
231502,0,0
231602,0,0
231702,0,0
231802,0,0
231902,0,0
232002,0,0
232102,0,0
232202,0,0
232302,0,0
232402,0,0
232502,0,0
232602,0,0
232702,0,0
232802,0,0
232902,0,0
233002,0,0
233102,0,0
233202,0,0
233302,0,0
233402,0,0
233502,0,0
233602,0,0
233702,0,0
233802,0,0
233902,0,0
234002,0,0
234102,0,0
234202,0,0
234302,0,0
234402,0,0
234502,0,0
234602,0,0
234702,0,0
234802,0,0
234902,0,0
235002,0,0
235102,0,0
235202,0,0
235302,0,0
235402,0,0
235502,0,0
235602,0,0
235702,0,0
235802,0,0
235902,0,0
236002,0,0
236102,0,0
236202,0,0
236302,0,0
236402,0,0
236502,0,0
236602,0,0
236702,0,0
236802,0,0
236902,0,0
237002,0,0
237102,0,0
237202,0,0
237302,0,0
237402,0,0
237502,0,0
237602,0,0
237702,0,0
237802,0,0
237902,0,0
238002,0,0
238102,0,0
238202,0,0
238302,0,0
238402,0,0
238502,0,0
238602,0,0
238702,0,0
238802,0,0
238902,0,0
239002,0,0
239102,0,0
239202,0,0
239302,0,0
239402,0,0
239502,0,0
239602,0,0
239702,0,0
239802,0,0
239902,0,0
240002,0,0
240102,0,0
240202,0,0
240302,0,0
240402,0,0
240502,0,0
240602,0,0
240702,0,0
240802,0,0
240902,0,0
241002,0,0
241102,0,0
241202,0,0
241302,0,0
241402,0,0
241502,0,0
241602,0,0
241702,0,0
241802,0,0
241902,0,0
242002,0,0
242102,0,0
242202,0,0
242302,0,0
242402,0,0
242502,0,0
242602,0,0
242702,0,0
242792,0,0
242892,0,0
242992,0,0
243092,0,0
243192,0,0
243292,0,0
243392,0,0
243492,0,0
243592,0,0
243692,0,0
243792,0,0
243892,0,0
243992,0,0
244092,0,0
244192,0,0
244292,0,0
244392,0,0
244492,0,0
244592,0,0
244692,0,0
244792,0,0
244892,0,0
244992,0,0
245092,0,0
245192,0,0
245292,0,0
245392,0,0
245492,0,0
245592,0,0
245692,0,0
245792,0,0
245892,0,0
245992,0,0
246092,0,0
246192,0,0
246292,0,0
246392,0,0
246492,0,0
246592,0,0
246692,0,0
246790,0,0
246890,0,0
246990,0,0
247090,0,0
247190,0,0
247307,0,0
247407,0,0
247507,0,0
247608,0,0
247708,0,0
247808,0,0
247908,0,0
248008,0,0
248108,0,0
248208,0,0
248308,0,0
248408,0,0
248508,0,0
248608,0,0
248708,0,0
248808,0,0
248908,0,0
249008,0,0
249108,0,0
249208,0,0
249308,0,0
249408,0,0
249508,0,0
249608,0,0
249708,0,0
249808,0,0
249908,0,0
250008,0,0
250108,0,0
250208,0,0
250308,0,0
250408,0,0
250509,0,0
250609,0,0
250709,0,0
250807,0,0
250907,0,0
251007,0,0
251107,0,0
251207,0,0
251307,0,0
251407,0,0
251507,0,0
251607,0,0
251707,0,0
251807,0,0
251907,0,0
252007,0,0
252107,0,0
252207,0,0
252307,0,0
252407,0,0
252507,0,0
252607,0,0
252707,0,0
252807,0,0
252907,0,0
253007,0,0
253107,0,0
253207,0,0
253307,0,0
253408,0,0
253508,0,0
253608,0,0
253708,0,0
253808,0,0
253908,0,0
254008,0,0
254108,0,0
254208,0,0
254308,0,0
254408,0,0
254508,0,0
254608,0,0
254708,0,0
254808,0,0
254908,0,0
255008,0,0
255108,0,0
255208,0,0
255308,0,0
255408,0,0
255508,0,0
255624,0,0
255724,0,0
255824,0,0
255924,0,0
256024,0,0
256124,0,0
256224,0,0
256324,0,0
256424,0,0
256524,0,0
256624,0,0
256724,0,0
256824,0,0
256924,0,0
257024,0,0
257124,0,0
257224,0,0
257324,0,0
257424,0,0
257524,0,0
257624,0,0
257724,0,0
257824,0,0
257924,0,0
258024,0,0
258124,0,0
258224,0,0
258324,0,0
258424,0,0
258524,0,0
258624,0,0
258724,0,0
258822,0,0
258922,0,0
259022,0,0
259122,0,0
259222,0,0
259322,0,0
259422,0,0
259522,0,0
259622,0,0
259722,0,0
259822,0,0
259922,0,0
260022,0,0
260122,0,0
260222,0,0
260322,0,0
260422,0,0
260522,0,0
260622,0,0
260722,0,0
260822,0,0
260922,0,0
261022,0,0
261122,0,0
261222,0,0
261322,0,0
261422,0,0
261522,0,0
261622,0,0
261722,0,0
261822,0,0
261922,0,0
262022,0,0
262122,0,0
262222,0,0
262322,0,0
262422,0,0
262522,0,0
262622,0,0
262722,0,0
262820,0,0
262920,0,0
263020,0,0
263120,0,0
263220,0,0
263320,0,0
263420,0,0
263520,0,0
263620,0,0
263720,0,0
263820,0,0
263920,0,0
264020,0,0
264120,0,0
264220,0,0
264320,0,0
264420,0,0
264520,0,0
264620,0,0
264720,0,0
264820,0,0
264920,0,0
265020,0,0
265120,0,0
265220,0,0
265320,0,0
265420,0,0
265520,0,0
265620,0,0
265720,0,0
265820,0,0
265920,0,0
266020,0,0
266120,0,0
266220,0,0
266320,0,0
266420,0,0
266520,0,0
266620,0,0
266720,0,0
266818,0,0
266918,0,0
267018,0,0
267118,0,0
267218,0,0
267318,0,0
267418,0,0
267518,0,0
267618,0,0
267718,0,0
267818,0,0
267918,0,0
268018,0,0
268118,0,0
268218,0,0
268318,0,0
268418,0,0
268518,0,0
268618,0,0
268718,0,0
268818,0,0
268918,0,0
269018,0,0
269118,0,0
269218,0,0
269318,0,0
269418,0,0
269518,0,0
269618,0,0
269718,0,0
269818,0,0
269918,0,0
270018,0,0
270118,0,0
270218,0,0
270318,0,0
270418,0,0
270518,0,0
270618,0,0
270718,0,0
270816,0,0
270916,0,0
271016,0,0
271116,0,0
271216,0,0
271316,0,0
271416,0,0
271516,0,0
271616,0,0
271716,0,0
271816,0,0
271916,0,0
272016,0,0
272116,0,0
272216,0,0
272316,0,0
272416,0,0
272516,0,0
272616,0,0
272716,0,0
272816,0,0
272916,0,0
273016,0,0
273116,0,0
273216,0,0
273316,0,0
273416,0,0
273516,0,0
273616,0,0
273716,0,0
273816,0,0
273916,0,0
274016,0,0
274116,0,0
274216,0,0
274316,0,0
274416,0,0
274516,0,0
274616,0,0
274716,0,0
274815,0,0
274915,0,0
275015,0,0
275115,0,0
275215,0,0
275315,0,0
275415,0,0
275515,0,0
275615,0,0
275715,0,0
275815,0,0
275915,0,0
276015,0,0
276115,0,0
276215,0,0
276315,0,0
276415,0,0
276515,0,0
276615,0,0
276715,0,0
276815,0,0
276915,0,0
277015,0,0
277115,0,0
277215,0,0
277315,0,0
277415,0,0
277515,0,0
277615,0,0
277715,0,0
277815,0,0
277915,0,0
278015,0,0
278115,0,0
278215,0,0
278315,0,0
278415,0,0
278515,0,0
278615,0,0
278715,0,0
278813,0,0
278913,0,0
279013,0,0
279113,0,0
279213,0,0
279313,0,0
279413,0,0
279513,0,0
279613,0,0
279713,0,0
279813,0,0
279913,0,0
280013,0,0
280113,0,0
280213,0,0
280313,0,0
280413,0,0
280513,0,0
280613,0,0
280713,0,0
280813,0,0
280913,0,0
281013,0,0
281113,0,0
281213,0,0
281313,0,0
281413,0,0
281513,0,0
281613,0,0
281713,0,0
281813,0,0
281913,0,0
282013,0,0
282113,0,0
282213,0,0
282313,0,0
282413,0,0
282513,0,0
282613,0,0
282713,0,0
282813,0,0
282913,0,0
283013,0,0
283113,0,0
283213,0,0
283313,0,0
283413,0,0
283513,0,0
283613,0,0
283713,0,0
283813,0,0
283913,0,0
284013,0,0
284113,0,0
284213,0,0
284313,0,0
284413,0,0
284513,0,0
284613,0,0
284713,0,0
284813,0,0
284913,0,0
285013,0,0
285113,0,0
285213,0,0
285313,0,0
285413,0,0
285513,0,0
285613,0,0
285713,0,0
285813,0,0
285913,0,0
286013,0,0
286113,0,0
286213,0,0
286313,0,0
286413,0,0
286513,0,0
286613,0,0
286713,0,0
286813,0,0
286913,0,0
287013,0,0
287113,0,0
287213,0,0
287313,0,0
287413,0,0
287513,0,0
287613,0,0
287713,0,0
287813,0,0
287913,0,0
288013,0,0
288113,0,0
288213,0,0
288313,0,0
288413,0,0
288513,0,0
288613,0,0
288713,0,0
288813,0,0
288913,0,0
289013,0,0
289113,0,0
289213,0,0
289313,0,0
289413,0,0
289513,0,0
289613,0,0
289713,0,0
289813,0,0
289913,0,0
290013,0,0
290113,0,0
290213,0,0
290313,0,0
290413,0,0
290513,0,0
290613,0,0
290713,0,0
290813,0,0
290913,0,0
291013,0,0
291113,0,0
291213,0,0
291313,0,0
291413,0,0
291513,0,0
291613,0,0
291713,0,0
291813,0,0
291913,0,0
292013,0,0
292113,0,0
292213,0,0
292313,0,0
292413,0,0
292513,0,0
292613,0,0
292713,0,0
292813,0,0
292913,0,0
293013,0,0
293113,0,0
293213,0,0
293313,0,0
293413,0,0
293513,0,0
293613,0,0
293713,0,0
293813,0,0
293913,0,0
294013,0,0
294113,0,0
294213,0,0
294313,0,0
294413,0,0
294513,0,0
294613,0,0
294713,0,0
294813,0,0
294913,0,0
295013,0,0
295113,0,0
295213,0,0
295313,0,0
295413,0,0
295513,0,0
295613,0,0
295713,0,0
295813,0,0
295913,0,0
296013,0,0
296113,0,0
296213,0,0
296313,0,0
296413,0,0
296513,0,0
296613,0,0
296713,0,0
296813,0,0
296913,0,0
297013,0,0
297113,0,0
297213,0,0
297313,0,0
297413,0,0
297513,0,0
297613,0,0
297713,0,0
297813,0,0
297913,0,0
298013,0,0
298113,0,0
298213,0,0
298313,0,0
298413,0,0
298513,0,0
298613,0,0
298713,0,0
298813,0,0
298913,0,0
299013,0,0
299113,0,0
299213,0,0
299313,0,0
299413,0,0
299513,0,0
299603,0,0
299703,0,0
299803,0,0
299903,0,0
300003,0,0
300103,0,0
300203,0,0
300303,0,0
300403,0,0
300503,0,0
300603,0,0
300703,0,0
300803,0,0
300903,0,0
301003,0,0
301103,0,0
301203,0,0
301303,0,0
301404,0,0
301503,0,0
301603,0,0
301703,0,0
301803,0,0
301903,0,0
302003,0,0
302103,0,0
302203,0,0
302303,0,0
302403,0,0
302503,0,0
302603,0,0
302703,0,0
302803,0,0
302903,0,0
303003,0,0
303103,0,0
303203,0,0
303303,0,0
303403,0,0
303503,0,0
303603,0,0
303703,0,0
303803,0,0
303903,0,0
304003,0,0
304103,0,0
304203,0,0
304303,0,0
304403,0,0
304503,0,0
304603,0,0
304703,0,0
304803,0,0
304903,0,0
305003,0,0
305103,0,0
305203,0,0
305303,0,0
305403,0,0
305503,0,0
305603,0,0
305703,0,0
305803,0,0
305903,0,0
306003,0,0
306103,0,0
306203,0,0
306303,0,0
306439,0,0
306539,0,0
306639,0,0
306739,0,0
306839,0,0
306939,0,0
307039,0,0
307139,0,0
307239,0,0
307339,0,0
307439,0,0
307539,0,0
307637,0,0
307737,0,0
307837,0,0
307937,0,0
308037,0,0
308137,0,0
308237,0,0
308337,0,0
308437,0,0
308537,0,0
308637,0,0
308737,0,0
308837,0,0
308937,0,0
309037,0,0
309137,0,0
309237,0,0
309337,0,0
309437,0,0
309537,0,0
309637,0,0
309737,0,0
309837,0,0
309937,0,0
310037,0,0
310137,0,0
310237,0,0
310337,0,0
310437,0,0
310537,0,0
310637,0,0
310737,0,0
310837,0,0
310937,0,0
311037,0,0
311137,0,0
311237,0,0
311337,0,0
311437,0,0
311537,0,0
311636,0,0
311736,0,0
311836,0,0
311936,0,0
312036,0,0
312136,0,0
312236,0,0
312336,0,0
312436,0,0
312536,0,0
312636,0,0
312736,0,0
312836,0,0
312936,0,0
313036,0,0
313136,0,0
313236,0,0
313336,0,0
313436,0,0
313536,0,0
313636,0,0
313736,0,0
313836,0,0
313936,0,0
314036,0,0
314136,0,0
314236,0,0
314336,0,0
314436,0,0
314546,0,0
314646,0,0
314746,0,0
314846,0,0
314946,0,0
315046,0,0
315146,0,0
315246,0,0
315346,0,0
315446,0,0
315546,0,0
315643,0,0
315743,0,0
315843,0,0
315943,0,0
316043,0,0
316144,0,0
316244,0,0
316344,0,0
316444,0,0
316544,0,0
316644,0,0
316744,0,0
316844,0,0
316944,0,0
317044,0,0
317144,0,0
317244,0,0
317344,0,0
317444,0,0
317544,0,0
317644,0,0
317744,0,0
317844,0,0
317944,0,0
318044,0,0
318144,0,0
318244,0,0
318344,0,0
318444,0,0
318544,0,0
318644,0,0
318744,0,0
318844,0,0
318944,0,0
319045,0,0
319145,0,0
319245,0,0
319345,0,0
319445,0,0
319545,0,0
319643,0,0
319743,0,0
319843,0,0
319943,0,0
320043,0,0
320143,0,0
320243,0,0
320343,0,0
320443,0,0
320543,0,0
320643,0,0
320743,0,0
320843,0,0
320943,0,0
321043,0,0
321143,0,0
321243,0,0
321343,0,0
321443,0,0
321543,0,0
321643,0,0
321743,0,0
321843,0,0
321943,0,0
322043,0,0
322143,0,0
322243,0,0
322343,0,0
322443,0,0
322543,0,0
322643,0,0
322743,0,0
322868,0,0
322969,0,0
323069,0,0
323169,0,0
323269,0,0
323369,0,0
323469,0,0
323569,0,0
323667,0,0
323767,0,0
323867,0,0
323967,0,0
324067,0,0
324167,0,0
324267,0,0
324367,0,0
324467,0,0
324567,0,0
324667,0,0
324767,0,0
324867,0,0
324967,0,0
325067,0,0
325167,0,0
325267,0,0
325367,0,0
325467,0,0
325567,0,0
325667,0,0
325767,0,0
325868,0,0
325968,0,0
326068,0,0
326168,0,0
326268,0,0
326368,0,0
326468,0,0
326568,0,0
326668,0,0
326768,0,0
326868,0,0
326968,0,0
327068,0,0
327168,0,0
327268,0,0
327368,0,0
327468,0,0
327568,0,0
327667,0,0
327767,0,0
327867,0,0
327967,0,0
328067,0,0
328167,0,0
328267,0,0
328367,0,0
328467,0,0
328567,0,0
328667,0,0
328768,0,0
328868,0,0
328968,0,0
329068,0,0
329168,0,0
329268,0,0
329368,0,0
329468,0,0
329568,0,0
329668,0,0
329768,0,0
329868,0,0
329968,0,0
330068,0,0
330168,0,0
330268,0,0
330368,0,0
330468,0,0
330568,0,0
330668,0,0
330768,0,0
330868,0,0
330968,0,0
331068,0,0
331168,0,0
331268,0,0
331368,0,0
331468,0,0
331568,0,0
331667,0,0
331767,0,0
331867,0,0
331967,0,0
332067,0,0
332167,0,0
332267,0,0
332367,0,0
332467,0,0
332567,0,0
332667,0,0
332767,0,0
332867,0,0
332967,0,0
333067,0,0
333167,0,0
333267,0,0
333367,0,0
333467,0,0
333567,0,0
333667,0,0
333767,0,0
333867,0,0
333967,0,0
334067,0,0
334167,0,0
334267,0,0
334367,0,0
334467,0,0
334567,0,0
334667,0,0
334767,0,0
334867,0,0
334967,0,0
335067,0,0
335167,0,0
335267,0,0
335367,0,0
335467,0,0
335567,0,0
335665,0,0
335765,0,0
335874,0,0
335974,0,0
336074,0,0
336174,0,0
336275,0,0
336375,0,0
336475,0,0
336575,0,0
336675,0,0
336775,0,0
336875,0,0
336975,0,0
337075,0,0
337175,0,0
337275,0,0
337375,0,0
337475,0,0
337575,0,0
337675,0,0
337775,0,0
337875,0,0
337975,0,0
338075,0,0
338175,0,0
338275,0,0
338375,0,0
338475,0,0
338575,0,0
338675,0,0
338775,0,0
338875,0,0
338975,0,0
339075,0,0
339176,0,0
339276,0,0
339376,0,0
339476,0,0
339576,0,0
339675,0,0
339775,0,0
339875,0,0
339975,0,0
340075,0,0
340175,0,0
340275,0,0
340375,0,0
340475,0,0
340575,0,0
340675,0,0
340775,0,0
340875,0,0
340975,0,0
341075,0,0
341175,0,0
341275,0,0
341375,0,0
341475,0,0
341575,0,0
341675,0,0
341775,0,0
341875,0,0
341975,0,0
342076,0,0
342176,0,0
342276,0,0
342376,0,0
342476,0,0
342576,0,0
342676,0,0
342776,0,0
342876,0,0
342976,0,0
343076,0,0
343176,0,0
343276,0,0
343376,0,0
343476,0,0
343576,0,0
343676,0,0
343776,0,0
343876,0,0
343976,0,0
344076,0,0
344176,0,0
344276,0,0
344376,0,0
344476,0,0
344576,0,0
344676,0,0
344776,0,0
344876,0,0
344976,0,0
345076,0,0
345176,0,0
345276,0,0
345376,0,0
345476,0,0
345576,0,0
345676,0,0
345776,0,0
345876,0,0
345976,0,0
346076,0,0
346176,0,0
346276,0,0
346376,0,0
346476,0,0
346576,0,0
346676,0,0
346776,0,0
346876,0,0
346976,0,0
347076,0,0
347176,0,0
347276,0,0
347376,0,0
347476,0,0
347576,0,0
347676,0,0
347776,0,0
347876,0,0
347976,0,0
348076,0,0
348176,0,0
348276,0,0
348376,0,0
348476,0,0
348576,0,0
348676,0,0
348776,0,0
348876,0,0
348976,0,0
349076,0,0
349176,0,0
349276,0,0
349376,0,0
349476,0,0
349576,0,0
349676,0,0
349776,0,0
349876,0,0
349976,0,0
350076,0,0
350176,0,0
350276,0,0
350376,0,0
350476,0,0
350576,0,0
350676,0,0
350776,0,0
350876,0,0
350976,0,0
351076,0,0
351176,0,0
351276,0,0
351376,0,0
351476,0,0
351576,0,0
351676,0,0
351776,0,0
351876,0,0
351976,0,0
352076,0,0
352176,0,0
352276,0,0
352376,0,0
352476,0,0
352576,0,0
352676,0,0
352776,0,0
352876,0,0
352976,0,0
353076,0,0
353176,0,0
353276,0,0
353376,0,0
353476,0,0
353576,0,0
353676,0,0
353776,0,0
353876,0,0
353976,0,0
354076,0,0
354176,0,0
354276,0,0
354376,0,0
354476,0,0
354576,0,0
354676,0,0
354776,0,0
354876,0,0
354976,0,0
355076,0,0
355176,0,0
355276,0,0
355376,0,0
355476,0,0
355576,0,0
355676,0,0
355768,0,0
355868,0,0
355968,0,0
356068,0,0
356168,0,0
356268,0,0
356368,0,0
356468,0,0
356568,0,0
356668,0,0
356768,0,0
356868,0,0
356968,0,0
357068,0,0
357168,0,0
357268,0,0
357368,0,0
357468,0,0
357568,0,0
357668,0,0
357768,0,0
357868,0,0
357968,0,0
358068,0,0
358168,0,0
358268,0,0
358368,0,0
358468,0,0
358568,0,0
358668,0,0
358768,0,0
358868,0,0
358968,0,0
359068,0,0
359168,0,0
359268,0,0
359368,0,0
359468,0,0
359568,0,0
359668,0,0
359765,0,0
359865,0,0
359965,0,0
360065,0,0
360165,0,0
360265,0,0
360365,0,0
360465,0,0
360565,0,0
360665,0,0
360765,0,0
360865,0,0
360965,0,0
361065,0,0
361165,0,0
361265,0,0
361365,0,0
361465,0,0
361565,0,0
361665,0,0
361765,0,0
361865,0,0
361965,0,0
362065,0,0
362165,0,0
362265,0,0
362365,0,0
362465,0,0
362565,0,0
362665,0,0
362768,0,0
362868,0,0
362968,0,0
363068,0,0
363168,0,0
363268,0,0
363368,0,0
363468,0,0
363569,0,0
363669,0,0
363769,0,0
363869,0,0
363969,0,0
364069,0,0
364169,0,0
364269,0,0
364369,0,0
364469,0,0
364569,0,0
364669,0,0
364769,0,0
364869,0,0
364969,0,0
365069,0,0
365169,0,0
365269,0,0
365369,0,0
365469,0,0
365569,0,0
365669,0,0
365769,0,0
365869,0,0
365969,0,0
366069,0,0
366169,0,0
366269,0,0
366369,0,0
366469,0,0
366569,0,0
366669,0,0
366769,0,0
366869,0,0
366969,0,0
367069,0,0
367169,0,0
367269,0,0
367369,0,0
367469,0,0
367569,0,0
367669,0,0
367768,0,0
367868,0,0
367968,0,0
368068,0,0
368168,0,0
368268,0,0
368368,0,0
368468,0,0
368568,0,0
368668,0,0
368768,0,0
368868,0,0
368968,0,0
369068,0,0
369168,0,0
369268,0,0
369368,0,0
369468,0,0
369568,0,0
369668,0,0
369768,0,0
369868,0,0
369968,0,0
370068,0,0
370168,0,0
370268,0,0
370368,0,0
370468,0,0
370568,0,0
370668,0,0
370768,0,0
370868,0,0
370968,0,0
371068,0,0
371168,0,0
371268,0,0
371368,0,0
371468,0,0
371568,0,0
371668,0,0
371766,0,0
371866,0,0
371966,0,0
372066,0,0
372166,0,0
372266,0,0
372366,0,0
372466,0,0
372566,0,0
372666,0,0
372766,0,0
372866,0,0
372966,0,0
373066,0,0
373166,0,0
373266,0,0
373366,0,0
373466,0,0
373566,0,0
373666,0,0
373766,0,0
373866,0,0
373966,0,0
374066,0,0
374166,0,0
374266,0,0
374366,0,0
374466,0,0
374566,0,0
374666,0,0
374766,0,0
374866,0,0
374982,0,0
375082,0,0
375182,0,0
375282,0,0
375382,0,0
375482,0,0
375582,0,0
375682,0,0
375780,0,0
375880,0,0
375980,0,0
376080,0,0
376180,0,0
376280,0,0
376380,0,0
376480,0,0
376580,0,0
376680,0,0
376780,0,0
376880,0,0
376980,0,0
377080,0,0
377180,0,0
377280,0,0
377380,0,0
377480,0,0
377580,0,0
377680,0,0
377780,0,0
377880,0,0
377980,0,0
378080,0,0
378180,0,0
378280,0,0
378380,0,0
378480,0,0
378580,0,0
378680,0,0
378780,0,0
378880,0,0
378980,0,0
379080,0,0
379180,0,0
379280,0,0
379380,0,0
379480,0,0
379580,0,0
379680,0,0
379778,0,0
379878,0,0
379978,0,0
380078,0,0
380178,0,0
380278,0,0
380378,0,0
380478,0,0
380578,0,0
380678,0,0
380778,0,0
380878,0,0
380978,0,0
381078,0,0
381178,0,0
381278,0,0
381378,0,0
381478,0,0
381578,0,0
381678,0,0
381778,0,0
381878,0,0
381978,0,0
382078,0,0
382178,0,0
382278,0,0
382378,0,0
382478,0,0
382578,0,0
382678,0,0
382778,0,0
382878,0,0
382978,0,0
383078,0,0
383178,0,0
383278,0,0
383378,0,0
383478,0,0
383578,0,0
383678,0,0
383777,0,0
383877,0,0
383977,0,0
384077,0,0
384177,0,0
384277,0,0
384377,0,0
384477,0,0
384577,0,0
384677,0,0
384777,0,0
384877,0,0
384977,0,0
385077,0,0
385177,0,0
385277,0,0
385377,0,0
385477,0,0
385577,0,0
385677,0,0
385777,0,0
385877,0,0
385977,0,0
386077,0,0
386177,0,0
386277,0,0
386377,0,0
386477,0,0
386577,0,0
386677,0,0
386777,0,0
386877,0,0
386977,0,0
387077,0,0
387185,0,0
387285,0,0
387385,0,0
387485,0,0
387585,0,0
387685,0,0
387783,0,0
387883,0,0
387983,0,0
388083,0,0
388183,0,0
388283,0,0
388383,0,0
388483,0,0
388583,0,0
388683,0,0
388783,0,0
388883,0,0
388983,0,0
389083,0,0
389183,0,0
389283,0,0
389383,0,0
389483,0,0
389583,0,0
389683,0,0
389783,0,0
389883,0,0
389983,0,0
390083,0,0
390183,0,0
390283,0,0
390383,0,0
390483,0,0
390583,0,0
390683,0,0
390783,0,0
390883,0,0
390983,0,0
391083,0,0
391183,0,0
391283,0,0
391383,0,0
391483,0,0
391583,0,0
391683,0,0
391780,0,0
391880,0,0
391980,0,0
392080,0,0
392180,0,0
392280,0,0
392380,0,0
392480,0,0
392580,0,0
392680,0,0
392780,0,0
392880,0,0
392980,0,0
393080,0,0
393180,0,0
393280,0,0
393380,0,0
393480,0,0
393580,0,0
393680,0,0
393780,0,0
393880,0,0
393980,0,0
394080,0,0
394180,0,0
394280,0,0
394380,0,0
394480,0,0
394580,0,0
394680,0,0
394780,0,0
394880,0,0
394980,0,0
395080,0,0
395180,0,0
395280,0,0
395380,0,0
395480,0,0
395580,0,0
395680,0,0
395780,0,0
395880,0,0
395980,0,0
396080,0,0
396180,0,0
396280,0,0
396380,0,0
396480,0,0
396580,0,0
396680,0,0
396780,0,0
396880,0,0
396980,0,0
397080,0,0
397180,0,0
397280,0,0
397380,0,0
397480,0,0
397580,0,0
397680,0,0
397780,0,0
397880,0,0
397980,0,0
398080,0,0
398180,0,0
398280,0,0
398380,0,0
398480,0,0
398580,0,0
398680,0,0
398780,0,0
398880,0,0
398980,0,0
399080,0,0
399180,0,0
399280,0,0
399380,0,0
399480,0,0
399580,0,0
399680,0,0
399780,0,0
399880,0,0
399980,0,0
400080,0,0
400180,0,0
400280,0,0
400380,0,0
400480,0,0
400580,0,0
400680,0,0
400780,0,0
400880,0,0
400980,0,0
401080,0,0
401180,0,0
401280,0,0
401380,0,0
401480,0,0
401580,0,0
401680,0,0
401780,0,0
401880,0,0
401980,0,0
402080,0,0
402180,0,0
402280,0,0
402380,0,0
402480,0,0
402580,0,0
402680,0,0
402780,0,0
402880,0,0
402980,0,0
403080,0,0
403180,0,0
403280,0,0
403380,0,0
403480,0,0
403580,0,0
403680,0,0
403780,0,0
403880,0,0
403980,0,0
404080,0,0
404180,0,0
404280,0,0
404380,0,0
404480,0,0
404580,0,0
404680,0,0
404780,0,0
404880,0,0
404980,0,0
405080,0,0
405180,0,0
405280,0,0
405380,0,0
405480,0,0
405580,0,0
405680,0,0
405780,0,0
405880,0,0
405980,0,0
406080,0,0
406180,0,0
406280,0,0
406380,0,0
406480,0,0
406580,0,0
406680,0,0
406780,0,0
406880,0,0
406980,0,0
407080,0,0
407180,0,0
407280,0,0
407380,0,0
407480,0,0
407580,0,0
407680,0,0
407780,0,0
407880,0,0
407980,0,0
408080,0,0
408180,0,0
408280,0,0
408380,0,0
408480,0,0
408580,0,0
408680,0,0
408780,0,0
408880,0,0
408980,0,0
409080,0,0
409180,0,0
409280,0,0
409380,0,0
409480,0,0
409580,0,0
409680,0,0
409780,0,0
409880,0,0
409980,0,0
410080,0,0
410180,0,0
410280,0,0
410380,0,0
410480,0,0
410580,0,0
410680,0,0
410780,0,0
410880,0,0
410980,0,0
411080,0,0
411180,0,0
411280,0,0
411380,0,0
411480,0,0
411580,0,0
411680,0,0
411780,0,0
411880,0,0
411980,0,0
412080,0,0
412180,0,0
412280,0,0
412380,0,0
412480,0,0
412580,0,0
412680,0,0
412780,0,0
412880,0,0
412980,0,0
413080,0,0
413180,0,0
413280,0,0
413380,0,0
413480,0,0
413580,0,0
413680,0,0
413780,0,0
413880,0,0
413980,0,0
414080,0,0
414180,0,0
414280,0,0
414380,0,0
414480,0,0
414580,0,0
414680,0,0
414780,0,0
414880,0,0
414980,0,0
415080,0,0
415180,0,0
415280,0,0
415380,0,0
415480,0,0
415580,0,0
415680,0,0
415780,0,0
415872,0,0
415972,0,0
416072,0,0
416704,0,0
416804,0,1
416904,0,1
417004,0,1
417104,1,2
417204,1,2
417304,1,2
417404,1,2
417530,1,2
417630,1,2
417730,1,2
417830,1,2
417930,1,2
418030,1,2
418130,1,2
418230,1,2
418330,1,2
418430,1,2
418530,1,2
418631,1,2
418731,1,2
418831,1,2
418931,1,2
419031,1,2
419131,1,2
419231,1,2
419331,1,2
419431,1,2
419531,1,2
419631,1,2
419731,1,2
419831,1,2
419929,1,2
420029,1,2
420129,1,2
420229,1,2
420329,1,2
420429,1,2
420529,1,2
420629,1,2
420729,1,2
420829,1,2
420929,1,2
421029,1,2
421129,1,2
421229,1,2
421329,1,2
421429,1,2
421530,1,2
421630,1,2
421730,1,2
421830,1,2
421930,1,2
422030,1,2
422130,1,2
422230,1,2
422330,1,2
422430,1,2
422530,1,2
422630,1,2
422730,1,2
422830,1,2
422930,1,2
423030,1,2
423130,1,2
423230,1,2
423330,1,2
423430,1,2
423530,1,2
423630,1,2
423730,1,2
423830,1,2
423928,1,2
424028,1,2
424128,1,2
424228,1,2
424328,1,2
424428,1,2
424528,1,2
424628,1,2
424728,1,2
424828,1,2
424928,1,2
425028,1,2
425128,1,2
425228,1,2
425328,1,2
425428,1,2
425528,1,2
425628,0,0
425728,0,0
425828,0,0
425928,0,0
426028,0,0
426128,0,0
426228,0,0
426328,0,0
426428,0,0
426528,0,0
426628,0,0
426728,0,0
426828,0,0
426928,0,0
427028,0,0
427128,0,0
427228,0,0
427328,0,0
427428,0,0
427528,0,0
427628,0,0
427728,0,0
427828,0,0
427926,0,0
428026,0,0
428126,0,0
428226,0,0
428326,0,0
428776,0,0
428876,0,1
428976,0,1
429076,0,1
429176,0,1
429276,0,1
429377,0,1
429477,0,1
429577,0,1
429677,0,1
429777,0,1
429877,0,1
429977,0,1
430077,0,1
430177,0,1
430277,0,1
430377,0,1
430477,0,1
430577,0,1
430677,0,1
430777,0,1
430877,0,1
430977,0,1
431077,0,1
431177,0,1
431277,0,1
431377,0,1
431477,0,1
431577,0,1
431677,0,1
431777,0,1
431876,0,1
431976,0,1
432076,0,1
432176,0,1
432277,0,1
432377,0,1
432477,0,1
432577,0,1
432677,0,1
432804,0,0
432904,0,0
433004,0,0
433104,0,0
433204,0,0
433304,0,0
433404,0,0
433504,0,0
433604,0,0
433704,0,0
433804,0,0
433904,0,0
434004,0,0
434104,0,0
434204,0,0
434304,0,0
434404,0,0
434504,0,0
434604,0,0
434704,0,0
434804,0,0
434904,0,0
435004,0,0
435104,0,0
435204,0,0
435304,0,0
435404,0,0
435504,0,0
435605,0,0
435705,0,0
435805,0,0
435904,0,0
436004,0,0
436104,0,0
436204,0,0
436304,0,0
436404,0,0
436504,0,0
436604,0,0
436704,0,0
436804,0,0
436904,0,0
437004,0,0
437104,0,0
437204,0,0
437644,0,0
437744,0,1
437844,0,1
437944,0,1
438052,0,1
438152,1,2
438252,1,2
438352,1,2
438481,1,2
438581,1,2
438681,1,2
438781,1,2
438881,1,2
438981,1,2
439081,1,2
439181,1,2
439281,1,2
439381,1,2
439481,1,2
439581,1,2
439681,1,2
439781,1,2
439879,1,2
439979,1,2
440079,1,2
440179,1,2
440279,1,2
440379,1,2
440479,1,2
440579,1,2
440680,1,2
440780,1,2
440880,1,2
440980,1,2
441080,1,2
441180,1,2
441280,1,2
441380,1,2
441480,1,2
441580,1,2
441680,1,2
441780,1,2
441880,1,2
441980,1,2
442080,1,2
442180,1,2
442280,1,2
442380,1,2
442480,1,2
442580,1,2
442680,1,2
442780,1,2
442880,1,2
442980,1,2
443080,1,2
443180,1,2
443280,1,2
443380,1,2
443480,1,2
443581,1,2
443681,1,2
443781,1,2
443881,1,2
443981,1,2
444074,1,2
444174,1,2
444274,1,2
444374,1,2
444474,1,2
444574,1,2
444674,1,2
444774,1,2
444874,1,2
444974,1,2
445074,1,2
445174,1,2
445274,1,2
445374,1,2
445474,1,2
445574,1,2
445674,1,2
445774,1,2
445874,1,2
445974,1,2
446074,1,2
446174,1,2
446274,1,2
446374,1,2
446475,1,2
446575,1,2
446675,1,2
446775,0,0
446875,0,0
446975,0,0
447075,0,0
447175,0,0
447275,0,0
447375,0,0
447475,0,0
447575,0,0
447675,0,0
447775,0,0
447875,0,0
447975,0,0
448074,0,0
448174,0,0
448274,0,0
448374,0,0
448474,0,0
448574,0,0
448674,0,0
448774,0,0
448874,0,0
448974,0,0
449074,0,0
449174,0,0
449274,0,0
449374,0,0
449474,0,0
449574,0,0
449674,0,0
449947,0,0
450046,0,1
450146,0,1
450246,0,1
450346,0,1
450446,0,1
450546,0,1
450646,0,1
450746,0,1
450846,0,1
450946,0,1
451046,0,1
451146,0,1
451246,0,1
451346,0,1
451446,0,1
451546,0,1
451646,0,1
451746,0,1
451846,0,1
451946,0,1
452048,0,1
452148,0,1
452248,0,1
452348,0,1
452448,0,1
452548,0,1
452648,0,1
452748,0,1
452848,0,1
452948,0,1
453048,0,1
453148,0,1
453248,0,1
453348,0,1
453448,0,1
453548,0,1
453648,0,1
453748,0,1
453848,0,1
453948,0,1
454048,0,0
454148,0,0
454248,0,0
454348,0,0
454448,0,0
454548,0,0
454648,0,0
454748,0,0
454848,0,0
454948,0,0
455048,0,0
455148,0,0
455248,0,0
455348,0,0
455448,0,0
455548,0,0
455648,0,0
455748,0,0
455848,0,0
455948,0,0
456048,0,0
456148,0,0
456248,0,0
456348,0,0
456448,0,0
456548,0,0
456648,0,0
456748,0,0
456848,0,0
456948,0,0
457048,0,0
457148,0,0
457248,0,0
457348,0,0
457448,0,0
457548,0,0
457648,0,0
457748,0,0
457848,0,0
457948,0,0
458048,0,0
458148,0,0
458248,0,0
458348,0,0
458448,0,0
458548,0,0
458648,0,0
458748,0,0
458848,0,0
458948,0,0
459048,0,0
459148,0,0
459248,0,0
459348,0,0
459448,0,0
459548,0,0
459648,0,0
459748,0,0
459848,0,0
459948,0,0
460048,0,0
460148,0,0
460248,0,0
460348,0,0
460448,0,0
460548,0,0
460648,0,0
460748,0,0
460848,0,0
460948,0,0
461048,0,0
461148,0,0
461248,0,0
461348,0,0
461448,0,0
461548,0,0
461648,0,0
461748,0,0
461848,0,0
461948,0,0
462048,0,0
462148,0,0
462248,0,0
462348,0,0
462448,0,0
462548,0,0
462648,0,0
462748,0,0
462848,0,0
462948,0,0
463048,0,0
463148,0,0
463248,0,0
463348,0,0
463448,0,0
463548,0,0
463648,0,0
463748,0,0
463848,0,0
463948,0,0
464048,0,0
464148,0,0
464248,0,0
464348,0,0
464448,0,0
464548,0,0
464648,0,0
464748,0,0
464848,0,0
464948,0,0
465048,0,0
465148,0,0
465248,0,0
465348,0,0
465448,0,0
465548,0,0
465648,0,0
465748,0,0
465848,0,0
465948,0,0
466048,0,0
466148,0,0
466248,0,0
466348,0,0
466448,0,0
466548,0,0
466648,0,0
466748,0,0
466848,0,0
466948,0,0
467048,0,0
467148,0,0
467248,0,0
467348,0,0
467448,0,0
467548,0,0
467648,0,0
467748,0,0
467848,0,0
467948,0,0
468048,0,0
468148,0,0
468248,0,0
468348,0,0
468448,0,0
468548,0,0
468648,0,0
468748,0,0
468848,0,0
468948,0,0
469048,0,0
469148,0,0
469248,0,0
469348,0,0
469448,0,0
469548,0,0
469648,0,0
469748,0,0
469848,0,0
469948,0,0
470048,0,0
470148,0,0
470248,0,0
470348,0,0
470448,0,0
470548,0,0
470648,0,0
470748,0,0
470848,0,0
470948,0,0
471048,0,0
471148,0,0
471248,0,0
471348,0,0
471448,0,0
471548,0,0
471648,0,0
471748,0,0
471848,0,0
471948,0,0
472041,0,0
472141,0,0
472241,0,0
472341,0,0
472441,0,0
472541,0,0
472641,0,0
472741,0,0
472841,0,0
472941,0,0
473041,0,0
473141,0,0
473241,0,0
473341,0,0
473441,0,0
473541,0,0
473641,0,0
473741,0,0
473841,0,0
473941,0,0
474041,0,0
474141,0,0
474241,0,0
474341,0,0
474441,0,0
474541,0,0
474641,0,0
474741,0,0
474841,0,0
474941,0,0
475041,0,0
475141,0,0
475647,0,0
475747,0,1
475847,0,1
475947,0,1
476046,0,1
476146,0,1
476246,0,1
476346,0,1
476446,0,1
476546,0,1
476646,0,1
476746,0,1
476847,0,1
476947,0,1
477047,0,1
477147,0,1
477247,0,1
477347,0,1
477447,0,1
477547,0,1
477647,0,1
477747,0,1
477847,0,1
477947,0,1
478047,0,1
478147,0,1
478247,0,1
478347,0,1
478447,0,1
478547,0,1
478647,0,1
478747,0,1
478847,0,1
478947,0,1
479047,0,1
479147,0,1
479247,0,1
479347,0,1
479447,0,1
479547,0,1
479675,0,0
479775,0,0
479876,0,0
479976,0,0
480532,0,0
480076,0,1
480176,0,1
480276,0,1
480395,0,1
480495,1,2
480595,1,2
480695,1,2
480795,1,2
480895,1,2
480995,1,2
481095,1,2
481195,1,2
481295,1,2
481395,1,2
481496,1,2
481596,1,2
481696,1,2
481796,1,2
481896,1,2
481996,1,2
482096,1,2
482196,1,2
482296,1,2
482396,1,2
482496,1,2
482596,1,2
482696,1,2
482796,1,2
482896,1,2
482996,1,2
483096,1,2
483196,1,2
483296,1,2
483396,1,2
484048,1,2
484148,1,2
484248,1,2
484348,1,2
484448,1,2
484548,1,2
484648,1,2
484748,1,2
484848,1,2
484948,1,2
485048,1,2
485148,1,2
485248,1,2
485348,1,2
485448,1,2
485548,1,2
485648,1,2
485748,1,2
485848,1,2
485948,1,2
486048,1,2
486148,1,2
486248,1,2
486348,1,2
486448,1,2
486548,1,2
486648,1,2
486748,1,2
486848,1,2
486948,1,2
487048,1,2
487148,1,2
487248,1,2
487348,1,2
487448,1,2
487548,1,2
487648,1,2
487748,1,2
487848,1,2
487948,1,2
488046,1,2
488146,1,2
488246,1,2
488346,1,2
488446,1,2
488546,1,2
488646,1,2
488746,1,2
488846,1,2
488946,1,2
489046,1,2
489146,1,2
489246,1,2
489346,1,2
489446,1,2
489576,1,2
489676,1,2
489776,1,2
489876,1,2
489976,1,2
490076,1,2
490176,1,2
490276,1,2
490376,1,2
490476,1,2
490576,1,2
490676,1,2
490776,1,2
490876,1,2
490976,1,2
491076,1,2
491177,1,2
491277,1,2
491377,1,2
491477,1,2
491577,1,2
491677,1,2
491777,1,2
491877,1,2
491977,1,2
492075,1,2
492175,1,2
492275,1,2
492375,1,2
492475,1,2
492575,1,2
492675,1,2
492775,1,2
492875,1,2
492975,1,2
493075,1,2
493175,1,2
493275,1,2
493375,1,2
493475,1,2
493575,1,2
493675,1,2
493775,1,2
493875,1,2
493975,1,2
494076,1,2
494176,1,2
494276,1,2
494376,1,2
494476,1,2
494576,1,2
494676,1,2
494776,1,2
494876,1,2
494976,1,2
495076,1,2
495176,1,2
495276,1,2
495376,1,2
495476,1,2
495576,1,2
495676,1,2
495776,1,2
495876,1,2
495976,1,2
496075,1,2
496175,1,2
496275,1,2
496375,1,2
496475,1,2
496575,1,2
496675,1,2
496775,1,2
496875,1,2
496975,1,2
497075,1,2
497175,1,2
497275,1,2
497375,1,2
497475,1,2
497575,1,2
497675,1,2
497775,1,2
497875,1,2
497975,1,2
498075,1,2
498175,1,2
498275,1,2
498375,1,2
498475,1,2
498575,1,2
498675,1,2
498775,1,2
498875,1,2
498975,1,2
499075,1,2
499175,1,2
499275,1,2
499375,1,2
499475,1,2
499575,1,2
499675,1,2
499775,1,2
499875,1,2
499975,1,2
500073,1,2
500173,1,2
500273,1,2
500373,1,2
500473,1,2
500573,1,2
500673,1,2
500773,1,2
500873,1,2
500973,1,2
501073,1,2
501173,1,2
501273,1,2
501373,1,2
501473,1,2
501573,1,2
501673,1,2
501798,1,2
501898,1,2
501998,1,2
502098,1,2
502198,1,2
502298,1,2
502398,1,2
502498,1,2
502598,1,2
502698,1,2
502798,1,2
502898,1,2
502998,1,2
503098,1,2
503198,1,2
503298,1,2
503398,1,2
503498,1,2
503598,1,2
503698,1,2
503798,1,2
503898,1,2
503998,1,2
504093,1,2
504193,1,2
504293,1,2
504394,1,2
504494,1,2
504594,1,2
504694,1,2
504794,1,2
504894,1,2
504994,1,2
505094,1,2
505194,1,2
505294,1,2
505394,1,2
505494,1,2
505594,1,2
505694,1,2
505794,1,2
505894,1,2
505994,1,2
506094,1,2
506194,1,2
506294,1,2
506394,1,2
506494,1,2
506594,1,2
506694,1,2
506794,1,2
506894,1,2
506994,1,2
507094,1,2
507194,1,2
507295,1,2
507395,1,2
507495,1,2
507595,1,2
507695,1,2
507795,1,2
507895,1,2
507995,1,2
508093,1,2
508193,1,2
508293,1,2
508393,1,2
508493,1,2
508593,1,2
508693,1,2
508793,1,2
508893,1,2
508993,1,2
509093,1,2
509193,1,2
509293,1,2
509393,1,2
509493,1,2
509593,1,2
509693,1,2
509793,1,2
509893,1,2
509993,1,2
510093,1,2
510194,1,2
510294,1,2
510394,1,2
510494,1,2
510594,1,2
510694,1,2
510794,1,2
510894,1,2
510994,1,2
511094,1,2
511194,1,2
511294,1,2
511394,1,2
511494,1,2
511594,1,2
511694,1,2
511794,1,2
511894,1,2
511994,1,2
512093,1,2
512193,1,2
512293,1,2
512393,1,2
512493,1,2
512593,1,2
512693,1,2
512793,1,2
512893,1,2
512993,1,2
513093,1,2
513193,1,2
513293,1,2
513393,1,2
513493,1,2
513593,1,2
513693,1,2
513793,1,2
513893,1,2
514012,1,2
514112,1,2
514212,1,2
514312,1,2
514412,1,2
514512,1,2
514612,1,2
514712,1,2
514812,1,2
514912,1,2
515012,1,2
515112,1,2
515212,1,2
515313,1,2
515413,1,2
515513,1,2
515613,1,2
515713,1,2
515813,1,2
515913,1,2
516013,1,2
516113,1,2
516213,1,2
516313,1,2
516413,1,2
516513,1,2
516613,1,2
516713,1,2
516813,1,2
516913,1,2
517013,1,2
517113,1,2
517213,1,2
517313,1,2
517413,1,2
517513,1,2
517613,1,2
517713,1,2
517813,1,2
517913,1,2
518013,1,2
518113,1,2
518213,1,2
518313,1,2
518413,1,2
518513,1,2
518613,1,2
518713,1,2
518813,1,2
518913,1,2
519013,1,2
519113,1,2
519213,1,2
519313,1,2
519413,1,2
519513,1,2
519613,1,2
519713,1,2
519813,1,2
519913,1,2
520013,1,2
520113,1,2
520213,1,2
520313,1,2
520413,1,2
520513,1,2
520613,1,2
520713,1,2
520813,1,2
520913,1,2
521013,1,2
521113,1,2
521213,1,2
521313,1,2
521413,1,2
521513,1,2
521613,1,2
521713,1,2
521813,1,2
521913,1,2
522027,0,0
522127,0,0
522227,0,0
522327,0,0
522427,0,0
522527,0,0
522627,0,0
522727,0,0
522827,0,0
522927,0,0
523027,0,0
523127,0,0
523227,0,0
523327,0,0
523427,0,0
523527,0,0
523627,0,0
523727,0,0
523827,0,0
523927,0,0
524027,0,0
524127,0,0
524227,0,0
524327,0,0
524427,0,0
524527,0,0
524627,0,0
524727,0,0
524828,0,0
524928,0,0
525028,0,0
525128,0,0
525228,0,0
525328,0,0
525428,0,0
525528,0,0
525628,0,0
525728,0,0
525828,0,0
525928,0,0
526028,0,0
526128,0,0
526228,0,0
526328,0,0
526428,0,0
526528,0,0
526628,0,0
526728,0,0
526828,0,0
526928,0,0
527028,0,0
527128,0,0
527228,0,0
527328,0,0
527428,0,0
527528,0,0
527628,0,0
527729,0,0
527829,0,0
527929,0,0
528029,0,0
528129,0,0
528229,0,0
528329,0,0
528429,0,0
528529,0,0
528629,0,0
528729,0,0
528829,0,0
528929,0,0
529029,0,0
529129,0,0
529229,0,0
529329,0,0
529429,0,0
529529,0,0
529629,0,0
529729,0,0
529829,0,0
529929,0,0
530029,0,0
530129,0,0
530229,0,0
530329,0,0
530429,0,0
530529,0,0
530629,0,0
530729,0,0
530829,0,0
530929,0,0
531029,0,0
531129,0,0
531229,0,0
531329,0,0
531429,0,0
531529,0,0
531629,0,0
531729,0,0
531829,0,0
531929,0,0
532029,0,0
532129,0,0
532229,0,0
532329,0,0
532429,0,0
532529,0,0
532629,0,0
532729,0,0
532829,0,0
532929,0,0
533029,0,0
533129,0,0
533225,0,0
533325,0,0
533425,0,0
533525,0,0
533625,0,0
533725,0,0
533825,0,0
533925,0,0
534025,0,0
534125,0,0
534225,0,0
534325,0,0
534425,0,0
534525,0,0
534625,0,0
534725,0,0
534825,0,0
534925,0,0
535025,0,0
535125,0,0
535225,0,0
535325,0,0
535425,0,0
535525,0,0
535625,0,0
535725,0,0
535825,0,0
535925,0,0
536025,0,0
536125,0,0
536225,0,0
536325,0,0
536425,0,0
536525,0,0
536625,0,0
536725,0,0
536825,0,0
536925,0,0
537025,0,0
537125,0,0
537222,0,0
537322,0,0
537422,0,0
537522,0,0
537622,0,0
537722,0,0
537822,0,0
537922,0,0
538022,0,0
538122,0,0
538222,0,0
538322,0,0
538422,0,0
538522,0,0
538622,0,0
538722,0,0
538822,0,0
538922,0,0
539022,0,0
539122,0,0
539222,0,0
539322,0,0
539422,0,0
539522,0,0
539622,0,0
539722,0,0
539822,0,0
539922,0,0
540022,0,0
540122,0,0
540222,0,0
540322,0,0
540422,0,0
540522,0,0
540622,0,0
540722,0,0
540822,0,0
540922,0,0
541022,0,0
541122,0,0
541220,0,0
541320,0,0
541420,0,0
541520,0,0
541620,0,0
541720,0,0
541820,0,0
541920,0,0
542020,0,0
542120,0,0
542220,0,0
542320,0,0
542420,0,0
542520,0,0
542620,0,0
542720,0,0
542820,0,0
542920,0,0
543020,0,0
543120,0,0
543220,0,0
543320,0,0
543420,0,0
543520,0,0
543620,0,0
543720,0,0
543820,0,0
543920,0,0
544020,0,0
544120,0,0
544220,0,0
544320,0,0
544420,0,0
544520,0,0
544620,0,0
544720,0,0
544820,0,0
544920,0,0
545020,0,0
545120,0,0
545219,0,0
545319,0,0
545419,0,0
545519,0,0
545619,0,0
545719,0,0
545819,0,0
545919,0,0
546019,0,0
546119,0,0
546219,0,0
546319,0,0
546419,0,0
546519,0,0
546619,0,0
546719,0,0
546819,0,0
546919,0,0
547019,0,0
547119,0,0
547219,0,0
547319,0,0
547419,0,0
547519,0,0
547619,0,0
547719,0,0
547819,0,0
547919,0,0
548019,0,0
548119,0,0
548219,0,0
548319,0,0
548419,0,0
548519,0,0
548619,0,0
548719,0,0
548819,0,0
548919,0,0
549019,0,0
549119,0,0
549219,0,0
549303,0,0
549403,0,0
549503,0,0
549603,0,0
549703,0,0
549803,0,0
549903,0,0
550003,0,0
550103,0,0
550203,0,0
550303,0,0
550403,0,0
550503,0,0
550603,0,0
550703,0,0
550803,0,0
550903,0,0
551003,0,0
551103,0,0
551203,0,0
551303,0,0
551403,0,0
551503,0,0
551603,0,0
551703,0,0
551803,0,0
551903,0,0
552003,0,0
552103,0,0
552203,0,0
552303,0,0
552403,0,0
552503,0,0
552603,0,0
552703,0,0
552803,0,0
552903,0,0
553003,0,0
553103,0,0
553203,0,0
553303,0,0
553403,0,0
553503,0,0
553603,0,0
553703,0,0
553803,0,0
553903,0,0
554003,0,0
554103,0,0
554203,0,0
554303,0,0
554403,0,0
554503,0,0
554603,0,0
554703,0,0
554803,0,0
554903,0,0
555003,0,0
555103,0,0
555203,0,0
555303,0,0
555403,0,0
555503,0,0
555603,0,0
555703,0,0
555803,0,0
555903,0,0
556003,0,0
556103,0,0
556203,0,0
556303,0,0
556403,0,0
556503,0,0
556603,0,0
556703,0,0
556803,0,0
556903,0,0
557003,0,0
557103,0,0
557203,0,0
557304,0,0
557404,0,0
557504,0,0
557604,0,0
557704,0,0
557804,0,0
557904,0,0
558004,0,0
558104,0,0
558204,0,0
558304,0,0
558404,0,0
558504,0,0
558604,0,0
558704,0,0
558804,0,0
558904,0,0
559004,0,0
559104,0,0
559204,0,0
559304,0,0
559404,0,0
559504,0,0
559604,0,0
559704,0,0
559804,0,0
559904,0,0
560004,0,0
560104,0,0
560204,0,0
560304,0,0
560404,0,0
560504,0,0
560604,0,0
560704,0,0
560804,0,0
560904,0,0
561004,0,0
561104,0,0
561204,0,0
561304,0,0
561404,0,0
561504,0,0
561604,0,0
561704,0,0
561804,0,0
561904,0,0
562004,0,0
562104,0,0
562204,0,0
562304,0,0
562404,0,0
562504,0,0
562604,0,0
562704,0,0
562804,0,0
562904,0,0
563004,0,0
563104,0,0
563204,0,0
563304,0,0
563404,0,0
563504,0,0
563604,0,0
563704,0,0
563804,0,0
563904,0,0
564004,0,0
564104,0,0
564204,0,0
564304,0,0
564404,0,0
564504,0,0
564604,0,0
564704,0,0
564804,0,0
564904,0,0
565004,0,0
565104,0,0
565204,0,0
565303,0,0
565403,0,0
565503,0,0
565603,0,0
565703,0,0
565803,0,0
565903,0,0
566003,0,0
566103,0,0
566203,0,0
566303,0,0
566403,0,0
566503,0,0
566603,0,0
566703,0,0
566803,0,0
566903,0,0
567003,0,0
567103,0,0
567203,0,0
567303,0,0
567403,0,0
567503,0,0
567603,0,0
567703,0,0
567803,0,0
567903,0,0
568003,0,0
568103,0,0
568203,0,0
568303,0,0
568403,0,0
568503,0,0
568603,0,0
568703,0,0
568803,0,0
568903,0,0
569003,0,0
569103,0,0
569203,0,0
569309,0,0
569409,0,0
569509,0,0
569609,0,0
569709,0,0
569809,0,0
569909,0,0
570009,0,0
570109,0,0
570209,0,0
570309,0,0
570409,0,0
570509,0,0
570609,0,0
570709,0,0
570809,0,0
570909,0,0
571128,0,0
571229,0,0
571329,0,0
571429,0,0
571529,0,0
571629,0,0
571729,0,0
571829,0,0
571929,0,0
572029,0,0
572129,0,0
572229,0,0
572329,0,0
572429,0,0
572529,0,0
572629,0,0
572729,0,0
572829,0,0
572929,0,0
573029,0,0
573129,0,0
573229,0,0
573318,0,0
573418,0,0
573518,0,0
573618,0,0
573718,0,0
573818,0,0
573918,0,0
574018,0,0
574118,0,0
574218,0,0
574318,0,0
574418,0,0
574518,0,0
574618,0,0
574718,0,0
574818,0,0
574918,0,0
575018,0,0
575118,0,0
575218,0,0
575318,0,0
575418,0,0
575518,0,0
575618,0,0
575718,0,0
575818,0,0
575918,0,0
576018,0,0
576118,0,0
576218,0,0
576318,0,0
576418,0,0
576518,0,0
576618,0,0
576718,0,0
576818,0,0
576918,0,0
577018,0,0
577118,0,0
577218,0,0
577318,0,0
577418,0,0
577518,0,0
577618,0,0
577718,0,0
577818,0,0
577918,0,0
578018,0,0
578118,0,0
578218,0,0
578318,0,0
578418,0,0
578518,0,0
578618,0,0
578718,0,0
578818,0,0
578918,0,0
579018,0,0
579118,0,0
579218,0,0
579318,0,0
579418,0,0
579518,0,0
579618,0,0
579718,0,0
579818,0,0
579918,0,0
580018,0,0
580118,0,0
580218,0,0
580318,0,0
580418,0,0
580518,0,0
580618,0,0
580718,0,0
580818,0,0
580918,0,0
581018,0,0
581118,0,0
581218,0,0
581318,0,0
581418,0,0
581518,0,0
581618,0,0
581718,0,0
581818,0,0
581918,0,0
582018,0,0
582118,0,0
582218,0,0
582318,0,0
582418,0,0
582518,0,0
582618,0,0
582718,0,0
582818,0,0
582918,0,0
583018,0,0
583118,0,0
583218,0,0
583318,0,0
583418,0,0
583518,0,0
583618,0,0
583718,0,0
583818,0,0
583918,0,0
584018,0,0
584118,0,0
584218,0,0
584318,0,0
584418,0,0
584518,0,0
584618,0,0
584718,0,0
584818,0,0
584918,0,0
585018,0,0
585118,0,0
585218,0,0
585318,0,0
585418,0,0
585518,0,0
585618,0,0
585718,0,0
585818,0,0
585918,0,0
586018,0,0
586118,0,0
586218,0,0
586318,0,0
586418,0,0
586518,0,0
586618,0,0
586720,0,0
586820,0,0
586920,0,0
587020,0,0
587120,0,0
587220,0,0
587320,0,0
587420,0,0
587520,0,0
587620,0,0
587720,0,0
587820,0,0
587920,0,0
588020,0,0
588120,0,0
588220,0,0
588320,0,0
588420,0,0
588520,0,0
588620,0,0
588720,0,0
588820,0,0
588920,0,0
589020,0,0
589120,0,0
589220,0,0
589320,0,0
589420,0,0
589520,0,0
589620,0,0
589720,0,0
589821,0,0
589921,0,0
590021,0,0
590121,0,0
590221,0,0
590321,0,0
590421,0,0
590521,0,0
590621,0,0
590721,0,0
590821,0,0
590921,0,0
591021,0,0
591121,0,0
591221,0,0
591321,0,0
591421,0,0
591521,0,0
591621,0,0
591721,0,0
591821,0,0
591921,0,0
592021,0,0
592121,0,0
592221,0,0
592321,0,0
592421,0,0
592521,0,0
592621,0,0
592722,0,0
592822,0,0
592922,0,0
593022,0,0
593122,0,0
593222,0,0
593322,0,0
593422,0,0
593522,0,0
593622,0,0
593722,0,0
593822,0,0
593922,0,0
594022,0,0
594122,0,0
594222,0,0
594322,0,0
594422,0,0
594522,0,0
594622,0,0
594722,0,0
594822,0,0
594922,0,0
595022,0,0
595122,0,0
595222,0,0
595322,0,0
595422,0,0
595522,0,0
595622,0,0
595722,0,0
595822,0,0
595922,0,0
596022,0,0
596122,0,0
596222,0,0
596322,0,0
596422,0,0
596522,0,0
596622,0,0
596722,0,0
596822,0,0
596922,0,0
597022,0,0
597122,0,0
597222,0,0
597322,0,0
597422,0,0
597522,0,0
597622,0,0
597722,0,0
597822,0,0
597922,0,0
598022,0,0
598122,0,0
598222,0,0
598322,0,0
598422,0,0
598522,0,0
598622,0,0
598722,0,0
598822,0,0
598922,0,0
599022,0,0
599122,0,0
599222,0,0
599322,0,0
599422,0,0
599522,0,0
599622,0,0
599722,0,0
599822,0,0
599922,0,0
600022,0,0
600122,0,0
600222,0,0
600322,0,0
600422,0,0
600522,0,0
600622,0,0
600722,0,0
600822,0,0
600922,0,0
601022,0,0
601122,0,0
601222,0,0
601322,0,0
601422,0,0
601522,0,0
601622,0,0
601722,0,0
601822,0,0
601922,0,0
602022,0,0
602122,0,0
602222,0,0
602322,0,0
602422,0,0
602522,0,0
602622,0,0
602722,0,0
602822,0,0
602922,0,0
603022,0,0
603122,0,0
603222,0,0
603322,0,0
603422,0,0
603522,0,0
603622,0,0
603722,0,0
603822,0,0
603922,0,0
604022,0,0
604122,0,0
604222,0,0
604322,0,0
604422,0,0
604522,0,0
604622,0,0
604722,0,0
604822,0,0
604922,0,0
605022,0,0
605122,0,0
605222,0,0
605322,0,0
605422,0,0
605522,0,0
605622,0,0
605722,0,0
605822,0,0
605922,0,0
606022,0,0
606122,0,0
606222,0,0
606322,0,0
606422,0,0
606522,0,0
606622,0,0
606722,0,0
606822,0,0
606922,0,0
607022,0,0
607122,0,0
607222,0,0
607322,0,0
607422,0,0
607522,0,0
607622,0,0
607722,0,0
607822,0,0
607922,0,0
608022,0,0
608122,0,0
608222,0,0
608322,0,0
608422,0,0
608522,0,0
608622,0,0
608722,0,0
608822,0,0
608922,0,0
609022,0,0
609122,0,0
609222,0,0
609322,0,0
609422,0,0
609522,0,0
609622,0,0
609722,0,0
609822,0,0
609922,0,0
610022,0,0
610122,0,0
610222,0,0
610322,0,0
610422,0,0
610522,0,0
610622,0,0
610722,0,0
610822,0,0
610922,0,0
611022,0,0
611122,0,0
611222,0,0
611322,0,0
611422,0,0
611522,0,0
611622,0,0
611722,0,0
611822,0,0
611922,0,0
612022,0,0
612122,0,0
612222,0,0
612322,0,0
612422,0,0
612522,0,0
612622,0,0
612722,0,0
612822,0,0
612922,0,0
613022,0,0
613122,0,0
613222,0,0
613322,0,0
613422,0,0
613522,0,0
613622,0,0
613722,0,0
613822,0,0
613922,0,0
614022,0,0
614122,0,0
614222,0,0
614322,0,0
614422,0,0
614522,0,0
614622,0,0
614722,0,0
614822,0,0
614922,0,0
615022,0,0
615122,0,0
615222,0,0
615322,0,0
615422,0,0
615522,0,0
615622,0,0
615722,0,0
615822,0,0
615922,0,0
616022,0,0
616122,0,0
616222,0,0
616322,0,0
616422,0,0
616522,0,0
616622,0,0
616722,0,0
616822,0,0
616922,0,0
617022,0,0
617122,0,0
617222,0,0
617322,0,0
617422,0,0
617522,0,0
617622,0,0
617722,0,0
617822,0,0
617922,0,0
618022,0,0
618122,0,0
618222,0,0
618322,0,0
618422,0,0
618522,0,0
618622,0,0
618722,0,0
618822,0,0
618922,0,0
619022,0,0
619122,0,0
619222,0,0
619322,0,0
619422,0,0
619522,0,0
619622,0,0
619722,0,0
619822,0,0
619922,0,0
620022,0,0
620122,0,0
620222,0,0
620322,0,0
620422,0,0
620522,0,0
620622,0,0
620722,0,0
620822,0,0
620922,0,0
621022,0,0
621122,0,0
621222,0,0
621322,0,0
621422,0,0
621522,0,0
621622,0,0
621722,0,0
621822,0,0
621922,0,0
622022,0,0
622122,0,0
622222,0,0
622322,0,0
622422,0,0
622522,0,0
622622,0,0
622722,0,0
622822,0,0
622922,0,0
623022,0,0
623122,0,0
623222,0,0
623322,0,0
623422,0,0
623522,0,0
623622,0,0
623722,0,0
623822,0,0
623922,0,0
624022,0,0
624122,0,0
624222,0,0
624322,0,0
624422,0,0
624522,0,0
624622,0,0
624722,0,0
624822,0,0
624922,0,0
625022,0,0
625122,0,0
625222,0,0
625322,0,0
625422,0,0
625522,0,0
625622,0,0
625722,0,0
625822,0,0
625922,0,0
626022,0,0
626122,0,0
626222,0,0
626322,0,0
626422,0,0
626522,0,0
626622,0,0
626722,0,0
626822,0,0
626922,0,0
627022,0,0
627122,0,0
627222,0,0
627322,0,0
627422,0,0
627522,0,0
627622,0,0
627722,0,0
627822,0,0
627922,0,0
628022,0,0
628122,0,0
628222,0,0
628322,0,0
628422,0,0
628522,0,0
628622,0,0
628722,0,0
628822,0,0
628922,0,0
629022,0,0
629122,0,0
629222,0,0
629322,0,0
629422,0,0
629522,0,0
629622,0,0
629722,0,0
629822,0,0
629922,0,0
630022,0,0
630122,0,0
630222,0,0
630322,0,0
630422,0,0
630522,0,0
630622,0,0
630722,0,0
630822,0,0
630922,0,0
631022,0,0
631122,0,0
631222,0,0
631322,0,0
631422,0,0
631522,0,0
631622,0,0
631722,0,0
631822,0,0
631922,0,0
632022,0,0
632122,0,0
632222,0,0
632322,0,0
632422,0,0
632522,0,0
632622,0,0
632722,0,0
632822,0,0
632922,0,0
633022,0,0
633122,0,0
633222,0,0
633322,0,0
633422,0,0
633522,0,0
633622,0,0
633722,0,0
633822,0,0
633922,0,0
634022,0,0
634122,0,0
634222,0,0
634322,0,0
634422,0,0
634522,0,0
634622,0,0
634722,0,0
634822,0,0
634922,0,0
635022,0,0
635122,0,0
635222,0,0
635322,0,0
635422,0,0
635522,0,0
635622,0,0
635722,0,0
635822,0,0
635922,0,0
636022,0,0
636122,0,0
636222,0,0
636322,0,0
636422,0,0
636522,0,0
636622,0,0
636722,0,0
636822,0,0
636922,0,0
637022,0,0
637122,0,0
637222,0,0
637322,0,0
637422,0,0
637522,0,0
637622,0,0
637722,0,0
637822,0,0
637922,0,0
638022,0,0
638122,0,0
638222,0,0
638322,0,0
638422,0,0
638522,0,0
638622,0,0
638722,0,0
638822,0,0
638922,0,0
639022,0,0
639122,0,0
639222,0,0
639322,0,0
639422,0,0
639522,0,0
639622,0,0
639722,0,0
639822,0,0
639922,0,0
640022,0,0
640122,0,0
640222,0,0
640322,0,0
640422,0,0
640522,0,0
640622,0,0
640722,0,0
640822,0,0
640922,0,0
641022,0,0
641122,0,0
641222,0,0
641322,0,0
641422,0,0
641522,0,0
641622,0,0
641722,0,0
641822,0,0
641922,0,0
642022,0,0
642122,0,0
642222,0,0
642322,0,0
642422,0,0
642522,0,0
642622,0,0
642722,0,0
642822,0,0
642922,0,0
643022,0,0
643122,0,0
643222,0,0
643322,0,0
643422,0,0
643522,0,0
643622,0,0
643722,0,0
643822,0,0
643922,0,0
644022,0,0
644122,0,0
644222,0,0
644322,0,0
644422,0,0
644522,0,0
644622,0,0
644722,0,0
644822,0,0
644922,0,0
645022,0,0
645122,0,0
645222,0,0
645322,0,0
645422,0,0
645522,0,0
645622,0,0
645722,0,0
645822,0,0
645922,0,0
646022,0,0
646122,0,0
646222,0,0
646322,0,0
646422,0,0
646522,0,0
646622,0,0
646722,0,0
646822,0,0
646922,0,0
647022,0,0
647122,0,0
647222,0,0
647322,0,0
647422,0,0
647522,0,0
647622,0,0
647722,0,0
647822,0,0
647922,0,0
648022,0,0
648122,0,0
648222,0,0
648322,0,0
648422,0,0
648522,0,0
648622,0,0
648722,0,0
648822,0,0
648922,0,0
649022,0,0
649122,0,0
649222,0,0
649322,0,0
649422,0,0
649522,0,0
649622,0,0
649722,0,0
649822,0,0
649922,0,0
650022,0,0
650122,0,0
650222,0,0
650322,0,0
650422,0,0
650522,0,0
650622,0,0
650722,0,0
650822,0,0
650922,0,0
651022,0,0
651122,0,0
651222,0,0
651322,0,0
651422,0,0
651522,0,0
651622,0,0
651722,0,0
651822,0,0
651922,0,0
652022,0,0
652122,0,0
652222,0,0
652322,0,0
652422,0,0
652522,0,0
652622,0,0
652722,0,0
652822,0,0
652922,0,0
653022,0,0
653122,0,0
653222,0,0
653322,0,0
653422,0,0
653522,0,0
653622,0,0
653722,0,0
653822,0,0
653922,0,0
654022,0,0
654122,0,0
654222,0,0
654322,0,0
654422,0,0
654522,0,0
654622,0,0
654722,0,0
654822,0,0
654922,0,0
655022,0,0
655122,0,0
655222,0,0
655322,0,0
655422,0,0
655522,0,0
655622,0,0
655722,0,0
655822,0,0
655922,0,0
656022,0,0
656122,0,0
656222,0,0
656322,0,0
656422,0,0
656522,0,0
656622,0,0
656722,0,0
656822,0,0
656922,0,0
657022,0,0
657122,0,0
657222,0,0
657322,0,0
657422,0,0
657522,0,0
657622,0,0
657722,0,0
657822,0,0
657922,0,0
658022,0,0
658122,0,0
658222,0,0
658322,0,0
658422,0,0
658522,0,0
658622,0,0
658722,0,0
658822,0,0
658922,0,0
659022,0,0
659122,0,0
659222,0,0
659322,0,0
659422,0,0
659522,0,0
659622,0,0
659722,0,0
659822,0,0
659922,0,0
660022,0,0
660122,0,0
660222,0,0
660322,0,0
660422,0,0
660522,0,0
660622,0,0
660722,0,0
660822,0,0
660922,0,0
661022,0,0
661122,0,0
661222,0,0
661322,0,0
661422,0,0
661522,0,0
661622,0,0
661722,0,0
661822,0,0
661922,0,0
662022,0,0
662122,0,0
662222,0,0
662322,0,0
662422,0,0
662522,0,0
662622,0,0
662722,0,0
662822,0,0
662922,0,0
663022,0,0
663122,0,0
663222,0,0
663322,0,0
663422,0,0
663522,0,0
663622,0,0
663722,0,0
663822,0,0
663922,0,0
664022,0,0
664122,0,0
664222,0,0
664322,0,0
664422,0,0
664522,0,0
664622,0,0
664722,0,0
664822,0,0
664922,0,0
665022,0,0
665122,0,0
665222,0,0
665322,0,0
665422,0,0
665522,0,0
665622,0,0
665722,0,0
665822,0,0
665922,0,0
666022,0,0
666122,0,0
666222,0,0
666322,0,0
666422,0,0
666522,0,0
666622,0,0
666722,0,0
666822,0,0
666922,0,0
667022,0,0
667122,0,0
667222,0,0
667322,0,0
667422,0,0
667522,0,0
667622,0,0
667722,0,0
667822,0,0
667922,0,0
668022,0,0
668122,0,0
668222,0,0
668322,0,0
668422,0,0
668522,0,0
668622,0,0
668722,0,0
668822,0,0
668922,0,0
669022,0,0
669122,0,0
669222,0,0
669322,0,0
669422,0,0
669522,0,0
669622,0,0
669722,0,0
669822,0,0
669922,0,0
670022,0,0
670122,0,0
670222,0,0
670322,0,0
670422,0,0
670522,0,0
670622,0,0
670722,0,0
670822,0,0
670922,0,0
671022,0,0
671122,0,0
671222,0,0
671322,0,0
671422,0,0
671522,0,0
671622,0,0
671722,0,0
671822,0,0
671922,0,0
672022,0,0
672122,0,0
672222,0,0
672322,0,0
672422,0,0
672522,0,0
672622,0,0
672722,0,0
672822,0,0
672922,0,0
673022,0,0
673122,0,0
673222,0,0
673322,0,0
673422,0,0
673522,0,0
673622,0,0
673722,0,0
673822,0,0
673922,0,0
674022,0,0
674122,0,0
674222,0,0
674322,0,0
674422,0,0
674522,0,0
674622,0,0
674722,0,0
674822,0,0
674922,0,0
675022,0,0
675122,0,0
675222,0,0
675322,0,0
675422,0,0
675522,0,0
675622,0,0
675722,0,0
675822,0,0
675922,0,0
676022,0,0
676122,0,0
676222,0,0
676322,0,0
676422,0,0
676522,0,0
676622,0,0
676722,0,0
676822,0,0
676922,0,0
677022,0,0
677122,0,0
677222,0,0
677322,0,0
677422,0,0
677522,0,0
677622,0,0
677722,0,0
677822,0,0
677922,0,0
678022,0,0
678122,0,0
678222,0,0
678322,0,0
678422,0,0
678522,0,0
678622,0,0
678722,0,0
678822,0,0
678922,0,0
679022,0,0
679122,0,0
679222,0,0
679322,0,0
679422,0,0
679522,0,0
679622,0,0
679722,0,0
679822,0,0
679922,0,0
680022,0,0
680122,0,0
680222,0,0
680322,0,0
680422,0,0
680522,0,0
680622,0,0
680722,0,0
680822,0,0
680922,0,0
681022,0,0
681122,0,0
681222,0,0
681322,0,0
681422,0,0
681522,0,0
681622,0,0
681722,0,0
681822,0,0
681922,0,0
682022,0,0
682122,0,0
682222,0,0
682322,0,0
682422,0,0
682522,0,0
682622,0,0
682722,0,0
682822,0,0
682922,0,0
683022,0,0
683122,0,0
683222,0,0
683322,0,0
683422,0,0
683522,0,0
683622,0,0
683722,0,0
683822,0,0
683922,0,0
684022,0,0
684122,0,0
684222,0,0
684322,0,0
684422,0,0
684522,0,0
684622,0,0
684722,0,0
684822,0,0
684922,0,0
685022,0,0
685122,0,0
685222,0,0
685322,0,0
685422,0,0
685522,0,0
685622,0,0
685722,0,0
685822,0,0
685922,0,0
686022,0,0
686122,0,0
686222,0,0
686322,0,0
686422,0,0
686522,0,0
686622,0,0
686722,0,0
686822,0,0
686922,0,0
687022,0,0
687122,0,0
687222,0,0
687322,0,0
687422,0,0
687522,0,0
687622,0,0
687722,0,0
687822,0,0
687922,0,0
688022,0,0
688122,0,0
688222,0,0
688322,0,0
688422,0,0
688522,0,0
688622,0,0
688722,0,0
688822,0,0
688922,0,0
689022,0,0
689122,0,0
689222,0,0
689322,0,0
689422,0,0
689522,0,0
689622,0,0
689722,0,0
689822,0,0
689922,0,0
690022,0,0
690122,0,0
690222,0,0
690322,0,0
690422,0,0
690522,0,0
690622,0,0
690722,0,0
690822,0,0
690922,0,0
691022,0,0
691122,0,0
691222,0,0
691322,0,0
691422,0,0
691522,0,0
691622,0,0
691722,0,0
691822,0,0
691922,0,0
692022,0,0
692122,0,0
692222,0,0
692322,0,0
692422,0,0
692522,0,0
692622,0,0
692722,0,0
692822,0,0
692922,0,0
693022,0,0
