DELAY_PING:6000 RSSI_THRESHOLD:60
882,0
982,0
1082,0
1182,0
1282,0
1382,0
1482,0
1582,0
1682,0
1782,0
1882,0
1982,0
2082,0
2182,0
2282,0
2382,0
2482,0
2582,0
2682,0
2782,0
2882,0
2982,0
3082,0
3182,0
3282,0
3382,0
3482,0
3582,0
3682,0
3782,0
3883,0
3983,0
4083,0
4183,0
4283,0
4383,0
4483,0
4583,0
4683,0
4783,0
4883,0
4983,0
5083,0
5183,0
5283,0
5383,0
5483,0
5583,0
5683,0
5783,0
5883,0
5983,0
6083,0
6183,0
6283,0
6383,0
6483,0
6583,0
6683,0
6784,0
6884,0
6984,0
7084,0
7184,0
7284,0
7384,0
7484,0
7584,0
7684,0
7784,0
7884,0
7984,0
8084,0
8184,0
8284,0
8384,0
8484,0
8584,0
8684,0
8784,0
8884,0
8984,0
9084,0
9184,0
9284,0
9384,0
9484,0
9584,0
9684,0
9784,0
9884,0
9984,0
10084,0
10184,0
10284,0
10384,0
10484,0
10584,0
10684,0
10784,0
10884,0
10984,0
11084,0
11184,0
11284,0
11384,0
11484,0
11584,0
11684,0
11784,0
11884,0
11984,0
12084,0
12184,0
12284,0
12384,0
12484,0
12584,0
12684,0
12784,0
12884,0
12984,0
13084,0
13184,0
13284,0
13384,0
13484,0
13584,0
13684,0
13784,0
13884,0
13984,0
14084,0
14184,0
14284,0
14384,0
14484,0
14584,0
14684,0
14784,0
14884,0
14984,0
15084,0
15184,0
15284,0
15384,0
15484,0
15584,0
15684,0
15784,0
15884,0
15984,0
16084,0
16184,0
16284,0
16384,0
16484,0
16584,0
16684,0
16784,0
16884,0
16984,0
17084,0
17184,0
17284,0
17384,0
17484,0
17584,0
17684,0
17784,0
17884,0
17984,0
18084,0
18184,0
18284,0
18384,0
18484,0
18584,0
18684,0
18784,0
18884,0
18984,0
19084,0
19184,0
19284,0
19384,0
19484,0
19584,0
19684,0
19784,0
19884,0
19984,0
20084,0
20184,0
20284,0
20384,0
20484,0
20584,0
20684,0
20784,0
20884,0
20984,0
21084,0
21184,0
21284,0
21384,0
21484,0
21584,0
21684,0
21784,0
21884,0
21984,0
22084,0
22184,0
22284,0
22384,0
22484,0
22584,0
22684,0
22784,0
22884,0
22984,0
23084,0
23184,0
23284,0
23384,0
23484,0
23584,0
23684,0
23784,0
23884,0
23984,0
24084,0
24184,0
24284,0
24384,1226
24484,3216
24584,3260
24684,3137
24784,3147
24884,3304
24984,3186
25084,3264
25184,3225
25284,3157
25384,3269
25484,3274
25584,3216
25684,3211
25784,3128
25884,3284
25984,3294
26084,3211
26184,3176
26284,3157
26384,3260
26484,3206
26584,3191
26684,3191
26784,3196
26884,3196
26984,3230
27084,3294
27184,3220
27284,3245
27384,3225
27484,3172
27584,3220
27684,3255
27784,3142
27884,3235
27984,3176
28084,3220
28184,3216
28284,3289
28384,3152
28484,3235
28584,3245
28684,3147
28784,3181
28884,3216
28984,3220
29084,3172
29184,3172
29284,3235
29384,3235
29484,3250
29584,3245
29684,3167
29784,3172
29884,3137
29984,3191
30084,3240
30184,3260
30284,3279
30384,3137
30484,3123
30584,3201
30684,3255
30784,3264
30884,3103
30984,3274
31084,3245
31184,3216
31284,3181
31384,3176
31484,3240
31584,3186
31684,3186
31784,3172
31884,3201
31984,3225
32084,3245
32184,3255
32284,3103
32384,3162
32484,3201
32584,3186
32684,3250
32784,3167
32884,3225
32984,3157
33084,3162
33184,3118
33284,3255
33384,3186
33484,3245
33584,3176
33684,3269
33784,3220
33884,3245
33984,3225
34084,3137
34184,3240
34284,3181
34384,3211
34484,3201
34584,3157
34684,3264
34784,3206
34884,3240
34984,3132
35084,3191
35184,3255
35284,3157
35384,3245
35484,3269
35584,3162
35684,3118
35784,3250
35884,3142
35984,3191
36084,3186
36184,3220
36284,3211
36384,3230
36484,3230
36584,3123
36684,3206
36784,3162
36884,3186
36984,3220
37084,3059
37184,3103
37284,3088
37384,3118
37484,3225
37584,3113
37684,3142
37784,3176
37884,3132
37984,3245
38084,3245
38184,3264
38284,3235
38384,3162
38484,3264
38584,3172
38684,3176
38784,3191
38884,3255
38984,3225
39084,3220
39184,3088
39284,3269
39384,3269
39484,2913
39584,3255
39684,3245
39784,3191
39884,3279
39984,3128
40084,3294
40184,3250
40284,3142
40384,3137
40484,3088
40584,3235
40684,3260
40784,3220
40884,3220
40984,3225
41084,3240
41184,3186
41284,3142
41384,3088
41484,3235
41584,3250
41684,3132
41784,3216
41884,3113
41984,3235
42084,3250
42184,3264
42284,3230
42384,3176
42484,3235
42584,3211
42684,3167
42784,3201
42884,3240
42984,3230
43084,3269
43184,3250
43284,3289
43384,3220
43484,3269
43584,3108
43684,3128
43784,3216
43884,3240
43984,3220
44084,3284
44184,3279
44284,3211
44384,3245
44484,3284
44584,3118
44684,3255
44784,3260
44884,3132
44984,3250
45084,3196
45184,3074
45284,3240
45384,3196
45484,3230
45584,3211
45684,3245
45784,3211
45884,3142
45984,3235
46084,3113
46184,3255
46284,3264
46384,3181
46484,3294
46584,3269
46684,3186
46784,3274
46884,3250
46984,3216
47084,3255
47184,3289
47284,3142
47384,3132
47484,3289
47584,3225
47684,3176
47784,3260
47884,3054
47984,3206
48084,3147
48184,3201
48284,2551
48384,3216
48484,3191
48584,3206
48684,3294
48784,3313
48884,2517
48984,3250
49084,3284
49184,3093
49284,3264
49384,3304
49484,3299
49584,3264
49684,3279
49784,3284
49884,3176
49984,3264
50084,3240
50184,3260
50284,3230
50384,3216
50484,3274
50584,2883
50684,3279
50784,3132
50884,3255
50984,3118
51084,3206
51184,3245
51284,3279
51384,3269
51484,3201
51584,3191
51684,3225
51784,3289
51884,3123
51984,3260
52084,3284
52184,3279
52284,3201
52384,3142
52484,3264
52584,3250
52684,3284
52784,3098
52884,3191
52984,3294
53084,3255
53184,3274
53284,3245
53384,3157
53484,3279
53584,3250
53684,3142
53784,3220
53884,3128
53984,3240
54084,3264
54184,3230
54284,3289
54384,3093
54484,3181
54584,3132
54684,3299
54784,3279
54884,3284
54984,3220
55084,3274
55184,3186
55284,3186
55384,3123
55484,3211
55584,3216
55684,3201
55784,3206
55884,3123
55984,3211
56084,3181
56184,3201
56284,3211
56384,3132
56484,3250
56584,3260
56684,3245
56784,3137
56884,3191
56984,3157
57084,3230
57184,3250
57284,3123
57384,3245
57484,3181
57584,3172
57684,3235
57784,3225
57884,3181
57984,3176
58084,3255
58184,3186
58284,3128
58384,3142
58484,3186
58584,3191
58684,3201
58784,3225
58884,3103
58984,3235
59084,3196
59184,3123
59284,3142
59384,3167
59484,3191
59584,3186
59684,3118
59784,3191
59884,3137
59984,3123
60084,3181
60184,3245
60284,3132
60384,3176
60484,3220
60584,3181
60684,3264
60784,3147
60884,3225
60984,3211
61084,3137
61184,3216
61284,3216
61384,3137
61484,3264
61584,3235
61684,3157
61784,3186
61884,3245
61984,3186
62084,3103
62184,3113
62284,3260
62384,3269
62484,3274
62584,3216
62684,3240
62784,3255
62884,3069
62984,3152
63084,3289
63184,3245
63284,3240
63384,3308
63484,3289
63584,3216
63684,3181
63784,3245
63884,3201
63984,3230
64084,3216
64184,3167
64284,3220
64384,3235
64484,3264
64584,3113
64684,3240
64784,3245
64884,3137
64984,3172
65084,3123
65184,3152
65284,3264
65384,3279
65484,3284
65584,3128
65684,3279
65784,3245
65884,3196
65984,3216
66084,3240
66184,3211
66284,3230
66384,3245
66484,3216
66584,3230
66684,3211
66784,3132
66884,3299
66984,3216
67084,3137
67184,3235
67284,3181
67384,3142
67484,3216
67584,3181
67684,3206
67784,3235
67884,3279
67984,3279
68084,3176
68184,3137
68284,3250
68384,3289
68484,3211
68584,3113
68684,3279
68784,3216
68884,3235
68984,3152
69084,3250
69184,3206
69284,3211
69384,3211
69484,3260
69584,3299
69684,3318
69784,3250
69884,3176
69984,3279
70084,3128
70184,3216
70284,3167
70384,3108
70484,3235
70584,3230
70684,3260
70784,3255
70884,3240
70984,3201
71084,3235
71184,3255
71284,3103
71384,3289
71484,3225
71584,3118
71684,3235
71784,3108
71884,3230
71984,3201
72084,3255
72184,3098
72284,3186
72384,3196
72484,3235
72584,3225
72684,3201
72784,3201
72884,3196
72984,3240
73084,3181
73184,3118
73284,3035
73384,3289
73484,3186
73584,3108
73684,3225
73784,3230
73884,3250
73984,3274
74084,3211
74184,3059
74284,3152
74384,3225
74484,3274
74584,3225
74684,3098
74784,3284
74884,3157
74984,3128
75084,3142
75184,3289
75284,3250
75384,3162
75484,3255
75584,3274
75684,3137
75784,3255
75884,3132
75984,3108
76084,3269
76184,3206
76284,3206
76384,3157
76484,3093
76584,3015
76684,3220
76784,3142
76884,3167
76984,3230
77084,3264
77184,3123
77284,3128
77384,3113
77484,3113
77584,3225
77684,3152
77784,3235
77884,3128
77984,3206
78084,3118
78184,3152
78284,3264
78384,3108
78484,3274
78584,3176
78684,3211
78784,3230
78884,3245
78984,3240
79084,3142
79184,3201
79284,3255
79384,3181
79484,3274
79584,3191
79684,3264
79784,3211
79884,3132
79984,3255
85062,0
85163,0
85263,0
85363,0
85463,0
85563,0
85663,0
85763,0
85863,0
85963,0
86063,0
86163,0
86263,0
86363,0
86463,0
86563,0
86663,0
86763,0
86863,0
86963,0
87063,0
87163,0
87263,0
87363,0
87463,0
87563,0
87663,0
87763,0
87863,0
87963,0
88064,0
88164,0
88264,0
88364,0
88464,0
88564,0
88664,0
88764,0
88864,0
88964,0
89064,0
89164,0
89264,0
89364,0
89464,0
89564,0
89664,0
89764,0
89864,0
89964,0
90064,0
90164,0
90264,0
90364,0
90464,0
90564,0
90664,0
90764,0
90864,0
90964,0
91064,0
91164,0
91264,0
91364,0
91464,0
91564,0
91664,0
91764,0
91864,0
91964,0
92064,0
92164,0
92264,0
92364,0
92464,0
92564,0
92664,0
92764,0
92864,0
92964,0
93064,0
93164,0
93264,0
93364,0
93464,0
93564,0
93664,0
93764,0
93864,0
93964,0
94064,0
94164,0
94264,0
94364,0
94464,0
94564,0
94664,0
94764,0
94864,0
94964,0
95064,0
95164,0
95264,0
95364,0
95464,0
95564,0
95664,0
95764,0
95864,0
95964,0
96064,0
96164,0
96264,0
96364,0
96464,0
96564,0
96664,0
96764,0
96864,0
96964,0
97072,0
97172,0
97272,0
97372,0
97472,0
97572,0
97672,0
97772,0
97872,0
97972,0
98072,0
98172,0
98272,0
98372,0
98472,0
98572,0
98672,0
98772,0
98872,0
98972,0
99072,0
99172,0
99272,0
99372,0
99472,0
99572,0
99672,0
99772,0
99872,0
99972,0
100072,0
100172,0
100272,0
100372,0
100472,0
100572,0
100672,0
100772,0
100872,0
100972,0
101088,0
101172,0
101272,0
101372,0
101472,0
101572,0
101672,0
101772,0
101872,0
101972,0
102072,0
102172,0
102272,0
102372,0
102472,0
102572,0
102672,0
102772,0
102872,0
102972,0
103090,0
103174,0
103274,0
103374,0
103474,923
103574,948
103674,982
103774,987
103874,972
103974,943
104074,957
104174,972
104274,967
104374,938
104474,987
104574,948
104674,928
104774,953
104875,967
104975,967
105090,957
105190,953
105290,967
105390,967
105490,938
105590,948
105690,962
105790,948
105890,962
105990,943
106090,987
106190,943
106290,928
106390,953
106490,972
106590,953
106690,948
106790,943
106890,948
106990,943
107090,953
107190,943
107290,957
107390,938
107490,938
107590,948
107691,933
107791,962
107891,948
107991,957
108091,938
108191,962
108291,953
108391,943
108491,943
108591,938
108691,948
108791,953
108891,953
108991,957
109091,948
109191,967
109291,948
109391,953
109491,933
109591,928
109691,938
109791,957
109891,948
109991,938
110091,948
110191,943
110291,953
110391,938
110491,948
110592,953
110692,938
110792,933
110892,938
110992,948
111092,928
111192,967
111292,943
111392,948
111492,933
111592,938
111692,953
111792,943
111892,957
111992,953
112092,923
112192,938
112292,943
112392,987
112492,928
112592,962
112692,933
112792,967
112892,957
112992,938
113092,957
113192,928
113292,948
113392,943
113492,948
113592,948
113692,938
113792,977
113892,938
113992,923
114092,943
114192,938
114292,957
114392,953
114492,928
114592,962
114692,957
114792,948
114892,948
114992,962
115092,938
115192,928
115292,957
115392,938
115492,953
115592,953
115692,957
115792,938
115892,928
115992,948
116092,948
116192,933
116292,933
116392,943
116492,933
116592,962
116692,953
116792,957
116892,928
116992,923
117092,938
117192,948
117292,928
117392,962
117492,943
117592,967
117692,957
117792,938
117892,962
117992,943
118092,928
118192,943
118292,938
118392,953
118492,938
118592,928
118692,913
118792,913
118892,933
118992,938
119092,948
119192,943
119292,928
119392,923
119492,948
119592,948
119692,928
119792,938
119892,953
119992,967
120092,938
120192,923
120292,948
120392,943
120492,918
120592,923
120692,943
120792,933
120892,923
120992,967
121092,943
121192,953
121292,933
121392,943
121492,967
121592,967
121692,953
121792,933
121892,923
121992,938
122092,953
122192,957
122292,957
122392,938
122492,943
122592,933
122692,957
122792,923
122892,948
122992,938
123092,943
123192,948
123292,928
123392,938
123492,957
123592,948
123692,948
123792,962
123892,957
123992,953
124092,923
124192,938
124292,938
124392,948
124492,957
124592,933
124692,923
124792,948
124892,913
124992,928
125092,943
125192,938
125292,962
125392,938
125492,967
125592,933
125692,972
125792,938
125892,943
125992,953
126092,933
126192,943
126292,933
126392,957
126492,938
126592,913
126692,953
126792,953
126892,948
126992,953
127092,962
127192,943
127292,943
127392,948
127492,957
127592,923
127692,918
127792,982
127892,938
127992,957
128092,962
128192,918
128292,933
128392,948
128492,953
128592,943
128692,933
128792,962
128892,923
128992,913
129092,894
129192,894
129292,928
129392,913
129492,918
129592,894
129692,904
129792,884
129892,899
129992,894
130092,874
130192,899
130292,884
130392,894
130492,894
130592,923
130692,918
130792,938
130892,928
130992,904
131092,879
131192,899
131292,894
131392,923
131492,957
131592,948
131692,933
131792,928
131892,923
131992,938
132092,909
132192,909
132292,879
132392,899
132492,889
132592,923
132692,909
132792,928
132892,894
132992,874
133092,904
133192,899
133292,938
133392,928
133492,889
133592,909
133692,904
133792,918
133892,913
133992,923
134092,889
134192,899
134292,904
134392,918
134492,909
134592,923
134692,909
134792,928
134892,904
134992,884
135092,938
135192,913
135292,938
135392,933
135492,948
135592,943
135692,923
135792,948
135892,918
135992,938
136092,938
136192,933
136292,899
136392,918
136492,918
136592,948
136692,918
136792,928
136892,918
136992,913
137092,933
137192,933
137292,913
137392,923
137492,923
137592,948
137692,923
137792,953
137892,923
137992,918
138092,918
138192,923
138292,923
138392,933
138492,938
138592,928
138692,938
138792,909
138892,923
138992,933
139100,913
139200,938
139300,918
139400,923
139500,943
139600,923
139700,953
139800,938
139900,928
140000,928
140100,904
140200,918
140300,933
140400,923
140500,933
140600,938
140700,909
140800,918
140900,933
141000,928
141100,933
141200,918
141300,933
141400,928
141500,918
141600,928
141700,923
141800,904
141900,928
142000,909
142100,918
142200,918
142300,948
142400,938
142500,904
142600,928
142700,909
142800,928
142900,928
143000,918
143100,928
143200,918
143300,933
143400,928
143500,918
143600,918
143700,928
143800,918
143900,923
144000,943
144100,923
144200,918
144300,918
144400,938
144500,928
144600,918
144700,933
144800,948
144900,933
145000,918
145100,933
145200,972
145300,948
145400,953
145500,962
145600,948
145700,977
145800,953
145900,943
146000,943
146100,933
146200,953
146300,982
146400,957
146500,923
146600,933
146700,933
146800,913
146900,933
147000,953
147100,933
147200,948
147300,933
147400,933
147500,928
147600,923
147700,933
147800,918
147900,918
148000,923
148100,913
148200,928
148300,957
148400,933
148500,933
148600,889
148700,928
148800,923
148900,884
149000,909
149100,904
149200,923
149300,899
149400,918
149500,904
149600,894
149700,928
149800,918
149900,913
150000,894
150100,909
150200,909
150300,894
150400,904
150500,909
150600,913
150700,918
150800,913
150900,904
151000,879
151100,913
151200,913
151300,918
151400,904
151500,904
151600,884
151700,894
151800,923
151900,904
152000,909
152100,894
152200,904
152300,904
152400,899
152500,889
152600,913
152700,913
152800,889
152900,909
153000,894
153100,923
153200,913
153300,899
153400,894
153500,913
153600,918
153700,899
153800,879
153900,884
154000,909
154100,909
154200,879
154300,899
154400,869
154500,918
154600,909
154700,904
154800,899
154900,879
155000,889
155100,879
155200,904
155300,879
155400,899
155500,899
155600,899
155700,904
155800,889
155900,874
156000,899
156100,909
156200,899
156300,869
156400,889
156500,879
156600,874
156700,889
156800,889
156900,884
157000,894
157100,899
157200,884
157300,894
157400,904
157500,909
157600,923
157700,928
157800,933
157900,918
158000,869
158100,889
158200,894
158300,909
158400,889
158500,909
158600,899
158700,894
158800,899
158900,855
159000,879
159100,913
159200,938
159300,933
159400,918
159500,938
159600,909
159700,894
159800,899
159900,899
160000,894
160100,889
160200,904
160300,904
160400,928
160500,918
160600,913
160700,904
165793,0
165893,0
165993,0
166093,0
166193,0
166293,0
166393,0
166493,0
166593,0
166693,0
166793,0
166893,0
166993,0
167093,0
167193,0
167293,0
167393,0
167493,0
167593,0
167693,0
167793,0
167894,0
167994,0
168094,0
168194,0
168294,0
168394,0
168494,0
168594,0
168694,0
168794,0
168894,0
168994,0
169094,0
169194,0
169294,0
169394,0
169494,0
169594,0
169694,0
169794,0
169894,0
169994,0
170094,0
170194,0
170294,0
170394,0
170494,0
170594,0
170694,0
170795,0
170895,0
170995,0
171095,0
171195,0
171295,0
171395,0
171495,0
171595,0
171695,0
171795,0
171895,0
171995,0
172095,0
172195,0
172295,0
172395,0
172495,0
172595,0
172695,0
172795,0
172895,0
172995,0
173095,0
173195,0
173295,0
173395,0
173495,0
173595,0
173696,0
173796,0
173896,0
173996,0
174096,0
174196,0
174296,0
174396,0
174496,0
174596,0
174696,0
174796,0
174896,0
174996,0
175096,0
175196,0
175296,0
175396,0
175496,0
175596,0
175696,0
175796,0
175896,0
175996,0
176096,0
176196,0
176296,0
176396,0
176496,0
176596,0
176696,0
176796,0
176896,0
176996,0
177096,0
177196,0
177296,0
177396,0
177496,0
177596,0
177696,0
177796,0
177896,0
177996,0
178096,0
178196,0
178296,0
178396,0
178496,0
178596,0
178696,0
178796,0
178896,0
178996,0
179096,0
179196,0
179296,0
179396,0
179496,0
179596,0
179696,0
179796,0
179896,0
179996,0
180096,0
180196,0
180296,0
180396,0
180496,0
180596,0
180696,0
180796,0
180896,0
180996,0
181096,0
181196,0
181296,0
181396,0
181496,0
181596,0
181696,0
181810,0
181910,0
182010,0
182110,0
182210,0
182310,0
182410,0
182510,0
182610,0
182710,0
182810,0
182910,0
183010,0
183110,0
183211,0
183311,0
183411,0
183511,0
183611,0
183711,0
183820,0
183920,0
184020,0
184120,0
184220,884
184320,913
184420,928
184520,894
184620,894
184720,909
184820,913
184920,918
185020,894
185120,874
185220,909
185320,913
185420,913
185520,909
185620,913
185720,889
185820,904
185920,889
186020,884
186120,899
186220,904
186320,913
186420,918
186520,894
186620,884
186720,928
186820,909
186920,899
187020,860
187120,913
187220,894
187320,874
187420,899
187520,884
187620,909
187720,913
187820,909
187920,879
188020,894
188120,913
188220,899
188320,869
188420,913
188520,899
188620,913
188720,899
188820,889
188920,913
189020,904
189120,904
189220,889
189320,909
189420,879
189520,894
189620,899
189720,879
189831,879
189931,909
190031,899
190131,899
190231,879
190331,894
190431,874
190531,879
190631,909
190731,904
190831,894
190931,909
191031,904
191131,889
191232,894
191332,913
191432,913
191532,909
191632,889
191732,899
191832,879
191932,909
192032,889
192132,899
192232,899
192332,913
192432,879
192532,909
192632,899
192732,879
192832,923
192932,899
193032,913
193132,899
193232,889
193332,899
193432,913
193532,884
193632,918
193732,904
193832,904
193932,894
194032,918
194132,909
194232,894
194332,899
194432,913
194532,904
194632,894
194732,884
194832,904
194932,918
195032,884
195132,889
195232,879
195332,894
195432,909
195532,909
195632,899
195732,913
195832,884
195932,874
196032,899
196132,918
196232,904
196332,904
196432,909
196532,889
196632,904
196732,904
196832,889
196932,889
197032,899
197132,899
197232,904
197332,913
197432,913
197532,904
197632,879
197732,889
197832,894
197932,874
198032,884
198132,904
198232,904
198332,899
198432,909
198532,928
198632,909
198732,894
198832,894
198932,899
199032,913
199132,909
199232,904
199332,884
199432,869
199532,869
199632,913
199732,899
199832,904
199932,909
200032,904
200132,899
200232,889
200332,904
200432,884
200532,894
200632,899
200732,909
200832,913
200932,894
201032,909
201132,899
201232,860
201332,884
201432,904
201532,909
201632,879
201732,923
201832,918
201932,913
202032,879
202132,909
202232,899
202332,865
202432,899
202532,904
202632,889
202732,889
202832,904
202932,904
203032,899
203132,904
203232,899
203332,879
203432,913
203532,909
203632,918
203732,884
203832,899
203932,913
204032,899
204132,879
204232,889
204332,904
204432,913
204532,918
204632,899
204732,889
204832,904
204932,874
205032,869
205132,899
205232,904
205332,865
205432,889
205532,904
205632,884
205732,894
205832,904
205932,904
206032,923
206132,874
206232,913
206332,899
206432,899
206532,894
206632,923
206732,909
206832,889
206932,884
207032,889
207132,904
207232,909
207332,909
207432,894
207532,909
207632,894
207732,879
207832,869
207932,899
208032,899
208132,889
208232,904
208332,899
208432,894
208532,904
208632,923
208732,904
208832,894
208932,899
209032,899
209132,899
209232,899
209332,884
209432,889
209532,909
209632,904
209732,909
209832,865
209932,869
210032,884
210132,904
210232,874
210332,899
210432,909
210532,884
210632,879
210732,869
210832,884
210932,894
211032,899
211132,904
211232,869
211332,909
211432,879
211532,899
211632,899
211732,899
211832,913
211932,894
212032,874
212132,899
212232,918
212332,913
212432,889
212532,889
212632,879
212732,918
212832,909
212932,913
213032,884
213132,889
213232,899
213332,899
213432,913
213532,889
213632,874
213732,889
213832,894
213932,889
214032,909
214132,904
214232,904
214332,899
214432,909
214532,879
214632,904
214732,899
214832,909
214932,909
215032,909
215132,909
215232,909
215332,904
215432,865
215532,904
215632,884
215732,889
215832,913
215932,909
216032,899
216132,904
216232,894
216332,889
216432,894
216532,894
216632,894
216732,904
216832,889
216932,879
217032,889
217132,879
217232,889
217332,909
217432,899
217532,879
217632,879
217732,904
217832,909
217932,904
218032,879
218132,879
218232,894
218332,909
218432,874
218532,884
218632,904
218732,913
218832,899
218932,894
219032,879
219132,884
219232,904
219332,904
219432,904
219532,904
219632,889
219732,865
219832,894
219932,909
220032,894
220132,899
220232,894
220332,904
220432,879
220532,904
220632,869
220732,904
220832,909
220932,913
221032,904
221132,884
221232,869
221332,904
221432,879
221532,904
221632,904
221732,889
221832,899
221932,913
222032,904
222132,909
222232,884
222332,894
222432,899
222532,899
222632,904
222732,894
222832,889
222932,879
223032,869
223132,869
223232,884
223332,899
223432,899
223532,909
223632,904
223732,860
223832,899
223932,904
224032,884
224132,904
224232,874
224332,874
224432,899
224532,865
224632,874
224732,884
224832,894
224932,884
225032,894
225132,904
225232,869
225332,909
225432,889
225532,884
225632,874
225732,894
225832,894
225932,894
226032,904
226132,874
226232,874
226332,899
226432,904
226532,894
226632,889
226732,889
226832,913
226932,889
227032,904
227132,904
227232,879
227332,899
227432,889
227532,899
227632,894
227732,884
227832,874
227932,899
228032,879
228132,899
228232,899
228332,879
228432,889
228532,918
228632,913
228732,909
228832,889
228932,869
229032,889
229132,869
229232,904
229332,879
229432,899
229532,909
229632,899
229732,913
229832,884
229932,860
230032,904
230132,874
230232,909
230332,889
230432,865
230532,894
230632,904
230732,894
230832,884
230932,884
231032,865
231132,899
231232,899
231332,918
231432,869
231532,879
231632,879
231732,894
231832,874
231932,879
232032,904
232132,899
232232,904
232332,889
232432,884
232532,923
232632,899
232732,918
232832,904
232932,889
233032,909
233132,918
233232,913
233332,904
233432,889
233532,899
233632,918
233732,913
233832,928
233932,923
234032,913
234132,913
234232,904
234332,928
234432,889
234532,923
234632,918
234732,904
234832,918
234932,904
235032,884
235132,894
235232,923
235332,918
235432,913
235532,894
235632,913
235732,909
235832,899
235932,899
236032,913
236132,918
236232,918
236332,913
236432,913
236532,918
236632,889
236732,913
236832,909
236932,913
237032,923
237132,918
237232,904
237332,899
237432,918
237532,913
237632,904
237732,913
237832,913
237932,904
238032,899
238132,913
238232,909
238332,889
238432,899
238532,879
238632,899
238732,894
238832,913
238932,904
239032,913
239132,918
239232,909
239332,909
239432,884
239532,879
239632,884
239732,923
239832,909
239932,918
240032,923
240132,918
240232,923
240332,928
240432,918
240532,918
240632,923
240732,904
240832,889
240932,913
241032,909
241132,884
241232,879
241332,923
241432,913
241532,889
241632,909
241732,884
241832,889
241932,879
242032,923
242132,899
242232,899
242332,918
242432,909
242532,909
242632,918
242732,899
242832,928
242932,913
243032,904
243132,889
243232,909
243332,923
243432,928
243532,894
243632,918
243732,884
243832,918
243932,923
244032,918
244132,879
244232,909
244332,918
244432,923
244532,899
244632,889
244732,909
244832,918
244932,918
245032,894
245132,923
245232,909
245332,923
245432,938
245532,918
245632,918
245732,913
245832,909
245932,904
246032,913
246132,923
246232,904
246332,904
246432,909
246532,894
246632,879
246732,899
246832,894
246932,918
247032,923
247132,909
247232,909
247332,904
247432,904
247532,913
247632,894
247732,869
247832,879
247932,894
248032,884
248132,865
248232,889
248332,874
248432,879
248532,879
248632,850
248732,869
248832,850
248932,860
249032,860
249132,869
249232,855
249332,860
249432,840
249532,860
249632,855
249732,860
249832,845
249932,845
250032,879
250132,874
250232,840
250332,884
250432,894
250532,899
250632,865
250732,879
250832,860
250932,850
251032,830
251132,845
251232,816
251332,826
251432,840
251532,850
251632,835
251732,816
251832,830
251932,840
252032,850
252132,855
252232,855
252332,835
252432,850
252532,860
252632,835
252732,830
252832,850
252932,850
253032,855
253132,830
253232,821
253332,840
253432,840
253532,865
253632,830
253732,850
253832,840
253932,830
254032,860
254132,840
254232,855
254332,855
254432,835
254532,855
254632,830
254732,850
254832,840
254932,860
255032,826
255132,845
255232,840
255332,840
255432,855
255532,850
255632,826
255732,835
255832,850
255932,830
256032,830
256132,826
256232,821
256332,821
256432,840
256532,840
256632,850
256732,840
256832,855
256932,830
257032,855
257132,845
257232,835
257332,840
257432,830
257532,845
257632,850
257732,835
257832,845
257932,850
258032,845
258132,850
258232,830
263319,0
263419,0
263519,0
263619,0
263719,0
263819,0
263919,0
264019,0
264119,0
264219,0
264320,0
264420,0
264520,0
264620,0
264720,0
264820,0
264920,0
265020,0
265120,0
265220,0
265320,0
265420,0
265520,0
265620,0
265720,0
265820,0
265920,0
266020,0
266120,0
266220,0
266320,0
266420,0
266520,0
266620,0
266720,0
266820,0
266920,0
267020,0
267120,0
267220,0
267320,0
267420,0
267520,0
267620,0
267720,0
267820,0
267920,0
268020,0
268120,0
268220,0
268320,0
268420,0
268520,0
268620,0
268720,0
268820,0
268920,0
269020,0
269120,0
269220,0
269320,0
269420,0
269520,0
269620,0
269720,0
269820,0
269920,0
270020,0
270120,0
270220,0
270320,0
270420,0
270520,0
270620,0
270720,0
270820,0
270920,0
271020,0
271120,0
271220,0
271320,0
271420,0
271520,0
271620,0
271720,0
271820,0
271920,0
272020,0
272120,0
272220,0
272320,0
272420,0
272520,0
272620,0
272720,0
272820,0
272920,0
273020,0
273120,0
273220,0
273320,0
273420,0
273520,0
273620,0
273720,0
273820,0
273920,0
274020,0
274120,0
274220,0
274320,0
274420,0
274520,0
274620,0
274720,0
274820,0
274920,0
275020,0
275120,0
275220,0
275320,0
275420,0
275520,0
275620,0
275720,0
275820,0
275920,0
276020,0
276120,0
276220,0
276320,0
276420,0
276520,0
276620,0
276720,0
276820,0
276920,0
277020,0
277120,0
277220,0
277320,0
277420,0
277520,0
277620,0
277720,0
277820,0
277920,0
278020,0
278120,0
278220,0
278320,0
278420,0
278520,0
278620,0
278720,0
278820,0
278920,0
279020,0
279120,0
279220,0
279334,0
279434,0
279534,0
279634,0
279734,0
279834,0
279934,0
280034,0
280134,0
280235,0
280335,0
280435,0
280535,0
280635,0
280735,0
280835,0
280935,0
281035,0
281135,0
281235,0
281335,0
281435,0
281535,0
281635,0
281735,2346
281835,3269
281935,2996
282035,3264
282135,3196
282235,3323
282335,3269
282435,3230
282535,3176
282635,3044
282735,3245
282835,3289
282935,3260
283035,3113
283136,2707
283236,3264
283336,3206
283436,3118
283536,3152
283636,3245
283736,3255
283836,3294
283936,3157
284036,3304
284136,3313
284236,3284
284336,3245
284436,2844
284536,3308
284636,3299
284736,3064
284836,3294
284936,3225
285036,3274
285136,3308
285236,3274
285336,3196
285436,3284
285536,2341
285636,3235
285736,3113
285836,3181
285936,3255
286036,3304
286136,3054
286236,3274
286336,3279
286436,3289
286536,3313
286636,3157
286736,3030
286836,3274
286936,3304
287036,3323
287136,3220
287236,3264
287336,3206
287436,3299
287536,3206
287636,3152
287736,3118
287836,3132
287936,3113
288036,3225
288136,3186
288236,3279
288336,3220
288436,3313
288536,3172
288636,3274
288736,3313
288836,3162
288936,3025
289036,2785
289136,3147
289236,3289
289336,3264
289436,3313
289536,2888
289636,3142
289736,3308
289836,3260
289936,3162
290036,3308
290136,3250
290236,2869
290336,3142
290436,2932
290536,3308
290636,3308
290736,3079
290836,3304
290936,3201
291036,2707
291136,3313
291236,3049
291336,3260
291436,3059
291536,2575
291636,2903
291736,2624
291836,2898
291936,3260
292036,3098
292136,2575
292236,2634
292336,3274
292436,3250
292536,2629
292636,2986
292736,3230
292836,3274
292936,3064
293036,3260
293136,3044
293236,3186
293336,3308
293436,3049
293536,2521
293636,3255
293736,3103
293836,3284
293936,3284
294036,2702
294136,3240
294236,3274
294336,2898
294436,2741
294536,3084
294636,3304
294736,3264
294836,3274
294936,3289
295036,2732
295136,3216
295236,3162
295336,2693
295436,3088
295536,2815
295636,3289
295736,3230
295836,3294
295936,3049
296036,2683
296136,3274
296236,3113
296336,3103
296436,3220
296536,3216
296636,3211
296736,2849
296836,3304
296936,2947
297036,3113
297136,3308
297236,3128
297336,3260
297436,3240
297536,3274
297636,3220
297736,3084
297836,3304
297936,3313
298036,3152
298136,3235
298236,3250
298336,3304
298436,3030
298536,3318
298636,3299
298736,3299
298836,3040
298936,3264
299036,3181
299136,3289
299236,3093
299336,3260
299436,3201
299536,3098
299636,3313
299736,3279
299836,3216
299936,3069
300036,3245
300136,3289
300236,3088
300336,3162
300436,3255
300536,3108
300636,2663
300736,3245
300836,2409
300936,3289
301036,3284
301136,3304
301236,3308
301336,3269
301436,3289
301536,3206
301636,3240
301736,3294
301836,2463
301936,3304
302036,3313
302136,3142
302236,3240
302336,3304
302436,3069
302536,2937
302636,3269
302736,3284
302836,3264
302936,3299
303036,3269
303136,3289
303236,3172
303336,3299
303436,3206
303536,2956
303636,3294
303736,3274
303836,3313
303936,3264
304036,3191
304136,3289
304236,2815
304336,3274
304436,3294
304536,3264
304636,3299
304736,3284
304836,3289
304936,3274
305036,3299
305136,3235
305236,3093
305345,3269
305445,3294
305545,3240
305645,3255
305745,2429
305845,3289
305945,3294
306045,3216
306145,3157
306245,3181
306345,3250
306445,3264
306545,3250
306646,3225
306746,2815
306846,3196
306946,3108
307046,3308
307146,2820
307246,3230
307346,3098
307446,2624
307546,2898
307646,3269
307746,2605
307846,3044
307946,3304
308046,2922
308146,2453
308246,3323
308346,2414
308446,3245
308546,3020
308646,3260
308746,2771
308846,3323
308946,2590
309046,3240
309146,3196
309246,3279
309346,3250
309446,3299
309547,3181
309647,3260
309747,2443
309847,3181
309947,3216
310047,3137
310147,2292
310247,3191
310347,3245
310447,2815
310547,3294
310647,3308
310747,3299
310847,3289
310947,3318
311047,2893
311147,3294
311247,3064
311347,3157
311447,3279
311547,3255
311647,2517
311747,3220
311847,3230
311947,3240
312047,3260
312147,3294
312247,3235
312347,3279
312448,3299
312548,3260
312648,3299
312748,3240
312848,3313
312948,3304
313048,3294
313148,3181
313248,3137
313348,2761
313448,3294
313548,2800
313648,3269
313748,3250
313848,3132
313948,2732
314048,3206
314148,3240
314248,3284
314348,3313
314448,3279
314548,2663
314648,2927
314748,3294
314848,3093
314948,2487
315048,3274
315148,2947
315248,2502
315348,2981
315448,3299
315548,3279
315648,3308
315748,3250
315848,3289
315948,3250
316048,3308
316148,2541
316248,3220
316348,3294
316448,2419
316548,3181
316648,3084
316748,3235
316848,3093
316948,3230
317048,3308
317148,3304
317248,3294
317348,3137
317448,3308
317548,3289
317648,3142
317748,2497
317848,3132
317948,3294
318048,3074
318148,3103
318248,3216
318348,3235
318448,3308
318548,3274
318648,3162
318748,3264
318848,3191
318948,2903
319048,3260
319148,3245
319248,3201
319348,3294
319448,3220
319548,3079
319648,3211
319748,3318
319848,3098
319948,2761
320048,2996
320148,3299
320248,3059
320348,2756
320448,3250
320548,3313
320648,2947
320748,3299
320848,3279
320948,3299
321048,3010
321148,3240
321248,3030
321348,3279
321448,3079
321548,2956
321648,3220
321748,3108
321848,3157
321948,3299
322048,3279
322148,2937
322248,3304
322348,3269
322448,2883
322548,3118
322648,3269
322748,3284
322848,3230
322948,3206
323048,3269
323148,3308
323248,2869
323351,2908
323451,3040
323551,2492
323651,3220
323751,3318
323851,3220
323951,3313
324051,3093
324151,3274
324251,3308
324352,3313
324452,3304
324552,3289
324652,2815
324752,3250
324852,3230
324952,2800
325052,3299
325152,3299
325252,3279
325352,3269
325452,3318
325552,3289
325652,2966
325752,3186
325852,3235
325952,3103
326052,2741
326152,3157
326252,2556
326352,3313
326452,3172
326552,3284
326652,3299
326752,2961
326852,3304
326952,3098
327052,3269
327152,3313
327252,2927
327352,3186
327452,3230
327552,3128
327652,3132
327752,3152
327852,3294
327952,2913
328052,2795
328152,3152
328252,3264
328352,3186
328452,3294
328552,3313
328652,3308
328752,3225
328852,3299
328952,3211
329052,3299
329152,3118
329252,3206
329352,2956
329452,3294
329552,3304
329652,3294
329752,3186
329852,2609
329952,2438
330052,3137
330152,2756
330252,3289
330352,3308
330452,3201
330552,3274
330652,3235
330752,3240
330852,3313
330952,3299
331052,3294
331152,3035
331252,2903
331352,3079
331452,2937
331552,3103
331652,2605
331752,2497
331852,2297
331952,2952
332052,2859
332152,3059
332252,3220
332352,3196
332452,3196
332552,3260
332652,3147
332752,3025
332852,3054
332952,3318
333052,3299
333152,3308
333252,3260
333352,3289
333452,3284
333552,3260
333652,3264
333752,3289
333852,3235
333952,3284
334052,3186
334152,3020
334252,3250
334352,3216
334452,3147
334552,2996
334652,3299
334752,3289
334852,3260
334952,3108
335052,3294
335152,3098
335252,2541
335352,2360
335452,2326
335552,2908
335652,3113
335752,3230
335852,3289
335952,3304
336052,3279
336152,3201
336252,3284
336352,3299
336452,3157
336552,3191
336652,3284
336752,3299
336852,3054
336952,2893
337052,3255
337152,3313
337252,3304
337352,2981
337452,3274
337552,3245
337652,3128
337752,3157
337852,3323
337952,3289
338052,3162
338152,2781
338252,2849
338352,3279
338452,3299
338552,2673
338652,3167
338752,3294
338852,2927
338952,3299
339052,2761
339152,3294
339252,3201
339352,3294
339452,3260
339552,3020
339652,2732
339752,3294
339852,3010
339952,2971
340052,3152
340152,3274
340252,3313
340352,2776
340452,2976
340552,2971
340652,3103
340752,3098
340852,3284
340952,3299
341052,3250
341152,3181
341252,3235
341352,3284
341452,2961
341552,3284
341652,3289
341752,3245
341852,3284
341952,2942
342052,3323
342152,3260
342252,2741
342352,2927
342452,3294
342552,3245
342652,3250
342752,3103
342852,3098
342952,2947
343052,3064
343152,3191
343252,3260
343353,3172
343453,3279
343553,3284
343653,3289
343753,3162
343853,3167
343953,3299
344053,3108
344153,3274
344253,3289
344353,3113
344453,3294
344553,2966
344653,3093
344753,3245
344853,3137
344953,3240
345053,3269
345153,2614
345253,3274
345353,3289
345453,3299
345553,3299
345653,3289
345753,3294
345853,3137
345953,3157
346053,3264
346153,3245
346253,3289
346353,3167
346454,3167
346554,2961
346654,2375
346754,2942
346854,3284
346954,3269
347054,3284
347154,3225
347254,3294
347354,3220
347454,3255
347554,3260
347654,3196
347754,3289
347854,3269
347954,3113
348054,3289
348154,3269
348254,3123
348354,3294
348454,3152
348554,3000
348654,3279
348754,3294
348854,3225
348954,3289
349054,3181
349154,3304
349254,3147
349355,3274
349455,3162
349555,3230
349655,3230
349755,3216
349855,3206
349955,3201
350055,3299
350155,3118
350255,3294
350355,3250
350455,3308
350555,3123
350655,3294
350755,3030
350855,3240
350955,2580
351055,3186
351155,3279
351255,3289
351355,3264
351455,2683
351555,3103
351655,3206
351755,3269
351855,3137
351955,3255
352055,3274
357112,0
357211,0
357311,0
357411,0
357511,0
357611,0
357711,0
357811,0
357911,0
358011,0
358111,0
358211,0
358311,0
358411,0
358511,0
358611,0
358711,0
358811,0
358912,0
359012,0
359112,0
359212,0
359312,0
359412,0
359512,0
359612,0
359712,0
359812,0
359912,0
360012,0
360112,0
360212,0
360312,0
360412,0
360512,0
360612,0
360712,0
360812,0
360912,0
361012,0
361112,0
361212,0
361312,0
361412,0
361512,0
361612,0
361712,0
361812,0
361912,0
362012,0
362112,0
362212,0
362312,0
362412,0
362512,0
362612,0
362712,0
362812,0
362912,0
363012,0
363113,0
363213,0
363313,0
363413,0
363513,0
363613,0
363713,0
363813,0
363913,0
364013,0
364113,0
364213,0
364313,0
364413,0
364513,0
364613,0
364713,0
364813,0
364913,0
365014,0
365114,0
365214,0
365314,0
365414,0
365514,0
365614,0
365714,0
365814,0
365914,0
366014,0
366114,0
366214,0
366314,0
366414,0
366514,0
366614,0
366714,0
366814,0
366914,0
367014,0
367114,0
367214,0
367314,0
367414,0
367514,0
367614,0
367714,0
367814,0
367915,0
368015,0
368115,0
368215,0
368315,0
368415,0
368515,0
368615,0
368715,0
368815,0
368915,0
369015,0
369115,0
369215,0
369315,0
369415,0
369515,0
369615,0
369715,0
369815,0
369915,0
370015,0
370115,0
370215,0
370315,0
370415,0
370515,0
370615,0
370715,0
370816,0
370916,0
371016,0
371116,0
371216,0
371316,0
371416,0
371516,0
371616,0
371716,0
371816,0
371916,0
372016,0
372116,0
372216,0
372316,0
372416,0
372516,0
372616,0
372716,0
372816,0
372916,0
373016,0
373129,0
373229,0
373329,0
373429,0
373529,0
373629,0
373729,0
373829,0
373929,0
374029,0
374129,0
374230,0
374330,0
374430,0
374530,0
374630,0
374730,0
374830,0
374930,0
375030,0
375149,0
375233,0
375333,0
375433,0
375533,2003
375633,2013
375733,1969
375833,2018
375933,2003
376033,1950
376133,1906
376233,1999
376333,1979
376433,1925
376534,1989
376634,1979
376734,1955
376834,1984
376934,1935
377034,1979
377148,1940
377248,1930
377348,1974
377448,1984
377548,1974
377648,1979
377748,1945
377848,1984
377948,1984
378048,1969
378148,1959
378248,1935
378348,1979
378448,1984
378548,1955
378648,1984
378748,1964
378848,1959
378948,1969
379048,1969
379149,1940
379249,1969
379350,1930
379450,1994
379550,1955
379650,1886
379750,1896
379850,1974
379950,1935
380050,1964
380150,1959
380250,1989
380350,1945
380450,1974
380550,1984
380650,1920
380750,1911
380850,1994
380950,1935
381050,1935
381150,1979
381250,2018
381350,1984
381450,1925
381550,1915
381650,1969
381750,1950
381850,1984
381950,1984
382050,1999
382150,1935
382251,1940
382351,1969
382451,1994
382551,1999
382651,1969
382751,1950
382851,1969
382951,2003
383051,1974
383151,1925
383251,1974
383351,1984
383451,1999
383551,1979
383651,1950
383751,1969
383851,2013
383951,1969
384051,1974
384151,2003
384251,1955
384351,1969
384451,1969
384551,1945
384651,1945
384751,1969
384851,1979
384951,1989
385051,1959
385152,1984
385252,1989
385352,1974
385452,1984
385552,1994
385652,1989
385752,2003
385852,1964
385952,1989
386052,2003
386152,1920
386252,1989
386352,1935
386452,1964
386552,1979
386652,2013
386752,1901
386852,2008
386952,1945
387052,1969
387152,1984
387252,1964
387352,1945
387452,1984
387552,1974
387652,1950
387752,1955
387852,1999
387952,1911
388052,1945
388152,2008
388252,1984
388352,1999
388452,1974
388552,1955
388652,1999
388752,1930
388852,1896
388952,1964
389052,1964
389152,1964
389252,1984
389352,1950
389452,1974
389552,1969
389652,1979
389752,1959
389852,1959
389952,1999
390052,1999
390152,1940
390252,1945
390352,1994
390452,1969
390552,1945
390652,1969
390752,1974
390852,1989
390952,1969
391052,2018
391152,1969
391252,1974
391352,1950
391452,1974
391552,1989
391652,1989
391752,1940
391852,1984
391952,1925
392052,1935
392152,1969
392252,1955
392352,1915
392452,1911
392552,1891
392652,1950
392752,1950
392852,1940
392952,1964
393052,1940
393152,1974
393252,1950
393352,1925
393452,1896
393552,1901
393652,1906
393752,1964
393852,1940
393952,1945
394052,1911
394152,1901
394252,1964
394352,1979
394452,1930
394552,1974
394652,1945
394752,1945
394852,1989
394952,1984
395052,1955
395152,1959
395252,1906
395352,1940
395452,1974
395552,2003
395652,1945
395752,1979
395852,1940
395952,2003
396052,1959
396152,1945
396252,1979
396352,2003
396452,1964
396552,2003
396652,2003
396752,1969
396852,2023
396952,1984
397052,2003
397152,1974
397252,2003
397352,1979
397452,1959
397552,1955
397652,1999
397752,1969
397852,2008
397952,1925
398052,1969
398152,1994
398252,1950
398352,1999
398452,1955
398552,1969
398652,1984
398752,1906
398852,2008
398952,2013
399052,1935
399160,1999
399260,1945
399360,1969
399460,1930
399560,1969
399660,1940
399760,1994
399860,1964
399960,2003
400060,2003
400160,2013
400260,1989
400360,1959
400460,1999
400560,1955
400660,2013
400760,1964
400860,1950
400960,1955
401060,1989
401160,2003
401260,2018
401360,1984
401460,1979
401560,1940
401660,2018
401760,2018
401860,1989
401960,1964
402060,1969
402160,1969
402260,1935
402360,1950
402460,1959
402560,1969
402660,1945
402760,1959
402860,1955
402960,1999
403060,1994
403160,1989
403260,1959
403360,1959
403460,1925
403560,1999
403660,1989
403760,1994
403860,2018
403960,1994
404060,1984
404160,1994
404260,1984
404360,1920
404460,2023
404560,1974
404660,2008
404760,1969
404860,1945
404960,1955
405060,1994
405160,1989
405260,1999
405360,2003
405460,1974
405560,1989
405660,1999
405760,2008
405860,1989
405960,2008
406060,1959
406160,1989
406260,2008
406360,1999
406460,2003
406560,1989
406660,2018
406760,2018
406860,1974
406960,1955
407060,1906
407160,1994
407260,1999
407360,1979
407460,2003
407560,1964
407660,2013
407760,1964
407860,1994
407960,1964
408060,1979
408160,1955
408260,1994
408360,1945
408460,1955
408560,1959
408660,1955
408760,1999
408860,2003
408960,1984
409060,2003
409160,1950
409260,2008
409360,1989
409460,2003
409560,1955
409660,1999
409760,1999
409860,1959
409960,2018
410060,1999
410160,1979
410260,1964
410360,1945
410460,2013
410560,1989
410660,1959
410760,2008
410860,1994
410960,1994
411060,2003
411160,1984
411260,2018
411360,1974
411460,1979
411560,1999
411660,1935
411760,1979
411860,1945
411960,1984
412060,1969
412160,1974
412260,2013
412360,2008
412460,1989
412560,1959
412660,1925
412760,1955
412860,1950
412960,1915
413060,1974
413160,1999
413260,1959
413360,1959
413460,1969
413560,2003
413660,1935
413760,1994
413860,1940
413960,2028
414060,1930
414160,1994
414260,2013
414360,2033
414460,2003
414560,1994
414660,1979
414760,1964
414860,1989
414960,1955
415060,1989
415160,1994
415260,2023
415360,1989
415460,1979
415560,2013
415660,1994
415760,1925
415860,1940
415960,2008
416060,1999
416160,2003
416260,1935
416360,1964
416460,2018
416560,1999
416660,1964
416760,1974
416860,1955
416960,2008
417060,1955
417160,1974
417260,2008
417360,2013
417460,2008
417560,1969
417660,1994
417760,1994
417860,1984
417960,1940
418060,1994
418160,1964
418260,1974
418360,1979
418460,1950
418560,2023
418660,2018
418760,1984
418860,1969
418960,1989
419060,1911
419160,1930
419260,1979
419360,1979
419460,1999
419560,1994
419660,1969
419760,2003
419860,2018
419960,1969
420060,2013
420160,1945
420260,1974
420360,1950
420460,1935
420560,2003
420660,1959
420760,1940
420860,1989
420960,1964
421060,1999
421160,1969
421260,1950
421360,1994
421460,1950
421560,1994
421660,1984
421760,1984
421860,1994
421960,1999
422060,1999
422160,1979
422260,1979
422360,1984
422460,1989
422560,1959
422660,2013
422760,2033
422860,1930
422960,1999
423060,2018
423160,1994
423260,1974
423360,1959
423460,1925
423560,1989
423660,1974
423760,2013
423860,1989
423960,1969
424060,1964
424160,1945
424260,1984
424360,1950
424460,1994
424560,1964
424660,1950
424760,1964
424860,2018
424960,1999
425060,1974
425160,1974
425260,2008
425360,2023
425460,1984
425560,1930
425660,1994
425760,1974
425860,1945
425960,1969
426060,1964
426160,1925
426260,1984
426360,1984
426460,1964
426560,1984
426660,2018
426760,2013
426860,1979
426960,1969
427060,1964
427160,1979
427260,1950
427360,1955
427460,1959
427560,1984
427660,2013
427760,1974
427860,1994
427960,1959
428060,1959
428160,1984
428260,1999
428360,2018
428460,2008
428560,1984
428660,1906
428760,1999
428860,1969
428960,1999
429060,1935
429160,1930
429260,1925
429360,1974
429460,1979
429560,1901
429660,1974
429760,1959
429860,1955
429960,1984
430060,1999
430160,1955
430260,1950
430360,1994
430460,1901
430560,1901
430660,2003
430760,1969
430860,2003
430960,1920
431060,2008
431160,2023
431260,1979
431360,1930
431460,1925
431560,1974
431660,1969
431760,1955
431860,1999
431960,1989
432060,1950
432160,2008
432260,1984
432360,1984
432460,1959
432560,1930
432660,1994
432760,1974
432860,1969
432960,1979
433060,1999
433160,1945
433260,1945
433360,1974
433460,1964
433560,1984
433660,2023
433760,2013
438824,0
438924,0
439024,0
439124,0
439224,0
439324,0
439424,0
439524,0
439624,0
439724,0
439824,0
439924,0
440024,0
440124,0
440224,0
440324,0
440424,0
440524,0
440624,0
440724,0
440824,0
440924,0
441024,0
441124,0
441224,0
441324,0
441424,0
441524,0
441624,0
441724,0
441824,0
441924,0
442024,0
442124,0
442224,0
442324,0
442424,0
442524,0
442624,0
442724,0
442824,0
442924,0
443024,0
443124,0
443224,0
443324,0
443424,0
443524,0
443624,0
443724,0
443824,0
443924,0
444024,0
444124,0
444224,0
444324,0
444424,0
444524,0
444624,0
444724,0
444824,0
444924,0
445024,0
445124,0
445224,0
445324,0
445424,0
445524,0
445624,0
445724,0
445824,0
445924,0
446024,0
446124,0
446224,0
446324,0
446424,0
446524,0
446624,0
446724,0
446824,0
446924,0
447024,0
447124,0
447224,0
447324,0
447424,0
447524,0
447624,0
447724,0
447824,0
447924,0
448024,0
448124,0
448224,0
448324,0
448424,0
448524,0
448624,0
448724,0
448824,0
448924,0
449024,0
449124,0
449224,0
449324,0
449424,0
449524,0
449624,0
449724,0
449824,0
449924,0
450024,0
450124,0
450224,0
450324,0
450424,0
450524,0
450624,0
450724,0
450824,0
450924,0
451024,0
451124,0
451224,0
451324,0
451424,0
451524,0
451624,0
451724,0
451824,0
451924,0
452024,0
452124,0
452224,0
452324,0
452424,0
452524,0
452624,0
452724,0
452824,0
452924,0
453024,0
453124,0
453224,0
453324,0
453424,0
453524,0
453624,0
453724,0
453824,0
453924,0
454024,0
454124,0
454224,0
454324,0
454424,0
454524,0
454624,0
454724,0
454840,0
454924,0
455024,0
455124,0
455224,0
455324,0
455424,0
455524,0
455624,0
455724,0
455824,0
455924,0
456024,0
456124,0
456224,0
456324,0
456424,0
456524,0
456624,0
456724,0
456851,0
456936,0
457036,0
457136,0
457236,3132
457336,3181
457436,3088
457536,3152
457636,3147
457736,3025
457836,2952
457936,3010
458036,3128
458136,3069
458236,3128
458336,3128
458436,3113
458536,3137
458636,3103
458736,3128
458852,2966
458936,3088
459036,3118
459136,3128
459236,3108
459336,3142
459436,3137
459536,3074
459636,3093
459736,3084
459836,3103
459936,3157
460036,3128
460136,3142
460236,3069
460336,3108
460436,3074
460536,3044
460636,3054
460736,2898
460852,3137
460936,3152
461036,3040
461136,3132
461236,3123
461336,3015
461436,3093
461536,3157
461636,3040
461736,3020
461836,3103
461936,3128
462036,2961
462136,3132
462236,3103
462336,3103
462436,3123
462536,3059
462636,3118
462736,3088
462852,3132
462936,3064
463036,3132
463136,3108
463236,3108
463336,3069
463436,3098
463536,2956
463636,2966
463736,3093
463836,2986
463936,3118
464036,2956
464136,3118
464236,3113
464336,3015
464436,2986
464536,3118
464636,2922
464736,3108
464851,3010
464936,3128
465036,3108
465136,2922
465236,3088
465336,3118
465436,3059
465536,3142
465636,2966
465736,3015
465836,3118
465936,3103
466036,3137
466136,3142
466236,3069
466336,3123
466436,3137
466536,3084
466636,3044
466736,2937
466851,2913
466936,3108
467036,3147
467136,3084
467236,3103
467336,2956
467436,3123
467536,3113
467636,3108
467736,3074
467836,3147
467936,3064
468036,3137
468136,3079
468236,3137
468336,3137
468436,3088
468536,3132
468636,3079
468736,3103
468851,2971
468936,3059
469036,2981
469136,3108
469236,3157
469336,3074
469436,3123
469536,3079
469636,2971
469736,3132
469836,3035
469936,2971
470036,2903
470136,3128
470236,3108
470336,3093
470436,3118
470536,3113
470636,3132
470736,3128
470851,3118
470936,3108
471036,3088
471136,3103
471236,2981
471336,3137
471436,3108
471536,3098
471636,2917
471736,3142
471836,3074
471936,2996
472036,3054
472136,3113
472236,3000
472336,3108
472436,3098
472536,2908
472636,3059
472736,3118
472851,3172
472936,3147
473036,3128
473136,3088
473236,3103
473336,3108
473436,3118
473536,2942
473636,3113
473736,3098
473836,3069
473936,3157
474036,2952
474136,3113
474236,3079
474336,3137
474436,3025
474536,3074
474636,3137
474736,2913
474852,2971
474936,3069
475036,2976
475136,3064
475236,3054
475336,3128
475436,3059
475536,3040
475636,3088
475736,3069
475836,2917
475936,3098
476036,3098
476136,3103
476236,3079
476336,3005
476436,3108
476536,3103
476636,2898
476736,3088
476852,3103
476936,3103
477036,3088
477136,2922
477236,3069
477336,3074
477436,2976
477536,3069
477636,2996
477736,2952
477836,3074
477936,3069
478036,3030
478136,3088
478236,3093
478336,3054
478436,2996
478536,3015
478636,3123
478736,2927
478852,3074
478936,3088
479036,3074
479136,3069
479236,2947
479336,2981
479436,2942
479536,3059
479636,3005
479736,3005
479836,2937
479936,3074
480036,3079
480136,3098
480236,3108
480336,3088
480436,2937
480536,2947
480636,3088
480736,3020
480856,3103
480939,3088
481039,3113
481139,3093
481239,3098
481339,3093
481439,3049
481539,3084
481639,3103
481739,3118
481839,3113
481939,2932
482039,2991
482139,3079
482239,2937
482339,3108
482439,3128
482539,3113
482639,3093
482739,2966
482854,3040
482939,2917
483039,2966
483139,2947
483239,2898
483339,3069
483439,3123
483539,3132
483639,3132
483739,3098
483840,3118
483940,3020
484040,3005
484140,3079
484240,3054
484340,3113
484440,3108
484540,2947
484640,3093
484740,3093
484854,3064
484954,3103
485054,3132
485154,3088
485254,2937
485354,3113
485454,3069
485554,3059
485654,3103
485754,3040
485854,3123
485954,3098
486054,3093
486154,3084
486254,3035
486354,3025
486454,3118
486554,2922
486654,3108
486754,3093
486861,3069
486961,3088
487061,3118
487161,3079
487261,3084
487361,3108
487461,3113
487561,3030
487661,3113
487761,2981
487861,3074
487961,3103
488061,3093
488161,3123
488261,3074
488361,3079
488461,3088
488561,2996
488662,3103
488762,2981
488862,3123
488962,3113
489062,3054
489162,3059
489262,3030
489362,3088
489462,3113
489562,3123
489662,3010
489762,3098
489862,2947
489962,3108
490062,3103
490162,3108
490262,3079
490362,3044
490462,3054
490562,3118
490662,3064
490762,3079
490862,3113
490962,3108
491062,3108
491162,3079
491262,3108
491362,3108
491462,3103
491563,3040
491663,3079
491763,3093
491863,3064
491963,3088
492063,3059
492163,3113
492263,3084
492363,3108
492463,3084
492563,3098
492663,3113
492763,3103
492863,3108
492963,3118
493063,3044
493163,3108
493263,3093
493363,3035
493463,3074
493563,3079
493663,3064
493763,3064
493863,3108
493963,3108
494063,3040
494163,3113
494263,3079
494363,3064
494464,3103
494564,3010
494664,3074
494764,3088
494864,3079
494964,2908
495064,3098
495164,2922
495264,3103
495364,2961
495464,3118
495564,3074
495664,3098
495764,3020
495864,3093
495964,3113
496064,3118
496164,3079
496264,2883
496364,3113
496464,3084
496564,2961
496664,3093
496764,3088
496864,3098
496964,3118
497064,3098
497164,3113
497264,3123
497364,3108
497464,3059
497564,3084
497664,3128
497764,3118
497864,2986
497964,3098
498064,3020
498164,3020
498264,2947
498364,2981
498464,3088
498564,3098
498664,2932
498764,3103
498864,3088
498964,3113
499064,3123
499164,2991
499264,3084
499364,3059
499464,3069
499564,2878
499664,3084
499764,3093
499864,2922
499964,3064
500064,3079
500164,2991
500264,3098
500364,3088
500464,2996
500564,3108
500664,3093
500764,3084
500864,3113
500964,3064
501064,3137
501164,3113
501264,3084
501364,3103
501464,2913
501564,2937
501664,3118
501764,2922
501864,3054
501964,3054
502064,3108
502164,3084
502264,2981
502364,2971
502464,3108
502564,3118
502664,3093
502764,3093
502864,3098
502964,3054
503064,2903
503164,3118
503264,3132
503364,3093
503464,3088
503564,3113
503664,3113
503764,2986
503864,2976
503964,3088
504064,3088
504164,3074
504264,3123
504364,3113
504464,3084
504564,3079
504664,3093
504764,3132
504864,3088
504964,3088
505064,2956
505164,3044
505264,3005
505364,3118
505464,3123
505564,3015
505664,3040
505764,3059
505864,3054
505964,3108
506064,3084
506164,3118
506264,3103
506364,3020
506464,3054
506564,3098
506664,3093
506764,3084
506864,3098
506964,3118
507064,3098
507164,3059
507264,3030
507364,2942
507464,3084
507564,3084
507664,2996
507764,2981
507864,3088
507964,3049
508064,3108
508164,3084
508264,2942
508364,3098
508464,3098
508564,3098
508664,3093
508764,3123
508864,3152
508964,3093
509064,2888
509164,3059
509264,3088
509364,3108
509464,3088
509564,3103
509664,3098
509764,3079
509864,3010
509964,3088
510064,3093
510164,2947
510264,3098
510364,3010
510464,2961
510564,2966
510664,2961
510764,3079
510864,3054
510964,3040
511064,3093
511164,3079
511264,3025
511364,2893
511464,3118
511564,3118
511664,3128
511764,3123
511864,3113
511964,3084
512064,3123
512164,3035
512264,2996
512364,3103
512464,3059
512564,2976
512664,3054
512764,2966
512864,3132
512964,2922
513064,3074
513164,3074
513264,3088
513364,2981
513464,3098
513564,3128
513664,3113
513764,3054
513864,3108
513964,3093
514064,3064
514164,3074
514264,3035
514364,3118
514464,3098
514564,3064
514664,3059
514764,3108
514864,3030
514964,3088
515064,3054
515164,3069
515264,3103
515364,3093
515464,2903
515564,3123
515664,3049
515764,3049
515864,2927
515964,3044
516064,3118
516164,3123
516264,3093
516364,2976
516464,3015
516564,3103
516664,3074
516764,3005
516864,3079
516964,3093
517064,3093
517164,2952
517264,3084
517364,3123
517464,3128
517564,3152
517664,3035
517764,3030
517864,2952
517964,3108
518064,3044
518164,3084
518264,3074
518364,3098
518464,2932
518564,3069
518664,3088
518764,3049
518864,3093
518964,3064
519064,2937
519164,2952
519264,2986
519364,3074
519464,2956
519564,3093
519664,3035
519764,3084
519864,3064
519964,3054
520064,2937
520164,3054
520264,3088
520364,3000
520464,3103
520564,3000
520664,2937
520764,3079
520864,3069
520964,3069
521064,3069
521164,3084
521264,3079
521364,3098
521464,3103
521564,3074
521664,3005
521764,3123
521864,3074
521964,3113
522064,3069
522164,3079
522264,2981
522364,3005
522464,2981
522564,3059
522664,3000
522764,2942
522864,3054
522964,3088
523064,2952
523164,2981
523264,3069
523364,3098
523464,2917
523564,3049
523664,2996
523764,2917
523864,3074
523964,2986
524064,3118
524164,3128
524264,3010
524364,3064
524464,3088
524564,2937
524664,3030
524764,2917
524864,3098
524964,3088
525064,2956
525164,3108
525264,3074
525364,2956
525464,3103
525564,3123
525664,3030
525764,3098
525864,3098
525964,3059
526064,2991
526164,3093
526264,3093
526364,3093
526464,3030
526564,3123
526664,3123
526764,3030
526864,3103
526964,3074
527064,3069
527164,2932
527264,3005
527364,3069
527464,3098
527564,2937
527664,3103
527764,3088
527864,3084
527964,3108
528064,3093
528164,3093
528264,3030
528364,3049
528464,2917
528564,2937
528664,3123
528764,3093
528864,3098
528964,3069
529064,3084
529164,2986
529264,3040
529364,3093
529464,3098
529564,3088
529664,3059
529764,3088
529864,3118
529964,3113
530064,3074
530164,3093
530264,3020
530364,2971
530464,2986
530564,2966
530664,2942
530764,2927
530864,2961
530964,3103
531064,3103
531164,3098
531264,3059
531364,3108
531464,3088
531564,3093
531664,3035
531764,3088
531864,3084
531964,3069
532064,3049
532164,3059
532264,2952
532364,3098
532464,3123
532564,3103
532664,2873
532764,3084
532864,3088
532964,3103
533064,3015
533164,2903
533264,3069
533364,3093
533464,3064
538562,0
538662,0
538762,0
538862,0
538962,0
539062,0
539162,0
539262,0
539362,0
539462,0
539563,0
539663,0
539763,0
539863,0
539963,0
540063,0
540163,0
540263,0
540363,0
540463,0
540563,0
540663,0
540763,0
540863,0
540963,0
541063,0
541163,0
541263,0
541363,0
541463,0
541563,0
541663,0
541763,0
541863,0
541963,0
542063,0
542163,0
542263,0
542363,0
542464,0
542564,0
542664,0
542764,0
542864,0
542964,0
543064,0
543164,0
543264,0
543364,0
543464,0
543564,0
543664,0
543764,0
543864,0
543964,0
544064,0
544164,0
544264,0
544364,0
544464,0
544564,0
544664,0
544764,0
544864,0
544964,0
545064,0
545164,0
545264,0
545364,0
545464,0
545564,0
545664,0
545764,0
545864,0
545964,0
546064,0
546164,0
546264,0
546364,0
546464,0
546564,0
546664,0
546764,0
546864,0
546964,0
547064,0
547164,0
547264,0
547364,0
547464,0
547564,0
547664,0
547764,0
547864,0
547964,0
548064,0
548164,0
548264,0
548364,0
548464,0
548564,0
548664,0
548764,0
548864,0
548964,0
549064,0
549164,0
549264,0
549364,0
549464,0
549564,0
549664,0
549764,0
549864,0
549964,0
550064,0
550164,0
550264,0
550364,0
550464,0
550564,0
550664,0
550764,0
550864,0
550964,0
551064,0
551164,0
551264,0
551364,0
551464,0
551564,0
551664,0
551764,0
551864,0
551964,0
552064,0
552164,0
552264,0
552364,0
552464,0
552564,0
552664,0
552764,0
552864,0
552964,0
553064,0
553164,0
553264,0
553364,0
553464,0
553564,0
553664,0
553764,0
553864,0
553964,0
554064,0
554164,0
554264,0
554364,0
554464,0
554577,0
554677,0
554777,0
554877,0
554977,0
555077,0
555177,0
555277,0
555377,0
555478,0
555578,0
555678,0
555778,0
555878,0
555978,0
556078,0
556178,0
556278,0
556378,0
556478,0
556590,0
556690,0
556790,0
556890,0
556990,850
557090,874
557190,850
557290,855
557390,865
557490,874
557590,860
557690,835
557790,860
557890,840
557990,879
558090,874
558190,865
558290,835
558390,855
558490,845
558590,855
558690,855
558790,850
558891,855
558991,845
559091,850
559191,860
559291,830
559391,850
559491,865
559591,879
559691,874
559791,860
559891,869
559991,845
560091,850
560191,865
560291,855
560391,869
560491,884
560591,869
560691,865
560791,869
560891,884
560991,874
561091,860
561191,860
561291,860
561391,826
561491,860
561591,879
561691,835
561792,865
561892,874
561992,865
562092,865
562192,869
562292,869
562392,860
562492,855
562592,855
562692,865
562792,884
562892,865
562992,884
563092,884
563192,865
563292,884
563392,879
563492,869
563592,860
563692,869
563792,874
563892,884
563992,874
564092,869
564192,874
564292,869
564392,874
564492,860
564592,865
564692,855
564792,874
564892,855
564992,869
565092,879
565192,879
565292,869
565392,845
565492,855
565592,874
565692,889
565792,874
565892,855
565992,835
566092,845
566192,879
566292,884
566392,840
566492,860
566592,874
566692,879
566792,840
566892,869
566992,865
567092,874
567192,894
567292,840
567392,869
567492,865
567592,899
567692,840
567792,855
567892,884
567992,884
568092,879
568192,874
568292,860
568392,860
568492,869
568592,879
568692,855
568792,835
568892,850
568992,850
569092,879
569192,889
569292,835
569392,874
569492,874
569592,865
569692,865
569792,860
569892,860
569992,865
570092,865
570192,855
570292,826
570392,879
570492,855
570592,845
570692,865
570792,855
570892,865
570992,855
571092,850
571192,860
571292,865
571392,860
571492,860
571592,845
571692,850
571792,874
571892,840
571992,830
572092,874
572192,821
572292,830
572392,850
572492,860
572592,874
572692,855
572792,855
572892,855
572992,855
573092,845
573192,865
573292,869
573392,860
573492,845
573592,874
573692,879
573792,865
573892,850
573992,840
574092,855
574192,869
574292,874
574392,845
574492,884
574592,840
574692,874
574792,865
574892,874
574992,840
575092,860
575192,869
575292,860
575392,850
575492,845
575592,860
575692,874
575792,879
575892,879
575992,874
576092,865
576192,840
576292,821
576392,869
576492,855
576592,869
576692,845
576792,860
576892,855
576992,865
577092,855
577192,860
577292,865
577392,869
577492,879
577592,860
577692,855
577792,855
577892,860
577992,840
578092,850
578192,845
578292,855
578392,845
578492,860
578592,845
578692,865
578792,855
578892,865
578992,835
579092,840
579192,865
579292,850
579392,845
579492,840
579592,845
579692,860
579792,869
579892,879
579992,865
580092,835
580192,850
580292,840
580392,869
580492,855
580592,860
580692,874
580792,845
580892,865
580992,860
581092,874
581192,879
581292,845
581392,835
581492,855
581592,874
581692,845
581792,884
581892,860
581992,860
582092,845
582192,879
582292,860
582392,884
582492,865
582592,845
582692,840
582792,865
582892,845
582992,865
583092,884
583192,879
583292,884
583392,865
583492,860
583592,835
583692,879
583792,830
583892,884
583992,879
584092,874
584192,845
584292,840
584392,865
584492,879
584592,894
584692,884
584792,879
584892,884
584992,894
585092,884
585192,879
585292,869
585392,835
585492,840
585592,874
585692,850
585792,869
585892,874
585992,865
586211,850
586311,845
586411,855
586511,850
586611,874
586711,865
586811,869
586911,855
587011,855
587111,865
587211,840
587311,869
587411,850
587511,860
587611,865
587711,865
587811,874
587911,874
588011,874
588111,850
588211,884
588311,874
588411,855
588511,850
588611,869
588711,884
588811,850
588911,869
589011,865
589111,874
589211,840
589312,865
589412,865
589512,884
589612,865
589712,889
589812,850
589912,845
590012,845
590112,865
590212,850
590312,860
590412,860
590512,879
590612,860
590712,845
590812,860
590912,860
591012,879
591112,874
591212,879
591312,879
591412,874
591512,869
591612,874
591712,865
591812,845
591912,840
592012,865
592112,865
592212,874
592312,874
592412,874
592512,879
592612,869
592712,840
592812,869
592912,850
593012,860
593112,845
593212,835
593312,860
593412,845
593512,850
593612,860
593712,865
593812,860
593912,850
594012,865
594112,855
594212,860
594312,865
594412,879
594512,845
594612,874
594712,869
594812,869
594912,855
595012,874
595112,865
595212,874
595312,874
595412,884
595512,860
595612,830
595712,869
595812,874
595912,879
596012,879
596112,889
596212,874
596312,889
596412,865
596512,860
596612,865
596712,845
596812,865
596912,860
597012,840
597112,865
597212,869
597312,845
597412,860
597512,884
597612,835
597712,869
597812,845
597912,889
598012,835
598112,860
598212,865
598312,879
598412,874
598512,869
598612,879
598712,879
598812,869
598912,840
599012,884
599112,894
599212,884
599312,869
599412,860
599512,865
599612,860
599712,874
599812,860
599912,874
600012,830
600112,884
600212,845
600312,874
600412,869
600512,860
600612,855
600712,865
600812,865
600912,835
601012,884
601112,845
601212,874
601312,869
601412,855
601512,879
601612,874
601712,840
601812,855
601912,865
602012,865
602112,850
602212,865
602312,860
602412,865
602512,884
602612,865
602712,840
602812,860
602912,869
603012,840
603112,879
603212,855
603312,845
603412,840
603512,845
603612,835
603712,860
603812,860
603912,865
604012,850
604112,845
604212,826
604312,855
604412,830
604512,840
604612,835
604712,860
604812,840
604912,850
605012,845
605112,860
605212,860
605312,850
605412,850
605512,855
605612,865
605712,840
605812,855
605912,840
606012,855
606112,860
606212,850
606312,860
606412,826
606512,860
606612,845
606712,855
606812,860
606912,830
607012,860
607112,855
607212,855
607312,855
607412,830
607512,835
607612,845
607712,840
607812,850
607912,850
608012,830
608112,845
608212,865
608312,845
608412,850
608512,840
608612,855
608712,845
608812,845
608912,830
609012,865
609112,860
609212,845
609312,826
609412,860
609512,840
609612,845
609712,850
609812,816
609912,845
610012,860
610112,845
610212,869
610312,874
610412,855
610512,850
610612,855
610712,860
610812,821
610912,855
611012,845
611112,860
611212,850
611312,865
611412,850
611512,860
611612,850
611712,855
611812,821
611912,850
612012,845
612112,855
612212,850
612312,840
612412,865
612512,845
612612,826
612712,865
612812,879
612912,884
613012,869
613112,874
613212,874
613312,855
613412,894
613512,889
613612,894
613712,874
613812,865
613912,845
614012,899
614112,909
614212,904
614312,923
614412,928
614512,889
614612,899
614712,899
614812,889
614912,913
615012,899
615112,889
615212,904
615312,894
615412,899
615512,894
615612,855
615712,860
615812,874
615912,869
616012,835
616112,869
616212,869
616312,869
616412,869
616512,850
616612,879
616712,855
616812,874
616912,879
617012,860
617112,884
617212,865
617312,874
617412,879
617512,899
617612,845
617712,889
617812,865
617912,884
618012,850
618112,889
618212,840
618312,835
618412,845
618512,865
618612,840
618712,869
618812,889
618912,884
619012,865
619112,850
619212,884
619312,879
619412,889
619512,899
619612,874
619712,899
619812,860
619912,884
620012,860
620112,860
620212,869
620312,865
620412,874
620512,874
620612,874
620712,874
620812,899
620912,869
621012,874
621112,899
621212,884
621312,874
621412,865
621512,869
621612,860
621712,865
621812,850
621912,860
622012,850
622112,879
622212,855
622312,869
622412,855
622512,865
622612,894
622712,869
622812,855
622912,884
623012,874
623112,855
623212,874
623312,874
623412,879
623512,894
623612,889
623712,884
623812,855
623912,904
624012,874
624112,874
629201,0
629301,0
629401,0
629501,0
629601,0
629701,0
629801,0
629901,0
630001,0
630102,0
630202,0
630302,0
630402,0
630502,0
630602,0
630702,0
630802,0
630902,0
631002,0
631102,0
631202,0
631302,0
631402,0
631502,0
631602,0
631702,0
631802,0
631902,0
632002,0
632102,0
632202,0
632302,0
632402,0
632502,0
632602,0
632702,0
632802,0
632902,0
633003,0
633103,0
633203,0
633303,0
633403,0
633503,0
633603,0
633703,0
633803,0
633903,0
634003,0
634103,0
634203,0
634303,0
634403,0
634503,0
634603,0
634703,0
634803,0
634903,0
635003,0
635103,0
635216,0
635316,0
635416,0
635516,0
635616,0
635716,0
635816,0
635916,0
636016,0
636116,0
636216,0
636316,0
636416,0
636516,0
636616,0
636716,0
636816,0
636916,0
637016,0
637116,0
637216,0
637316,0
637416,0
637516,0
637616,0
637716,0
637816,0
637916,0
638016,0
638116,0
638216,0
638316,0
638416,0
638516,0
638616,0
638716,0
638816,0
638916,0
639016,0
639116,0
639216,0
639316,0
639416,0
639516,0
639616,0
639716,0
639816,0
639916,0
640016,0
640116,0
640216,0
640316,0
640416,0
640516,0
640616,0
640716,0
640816,0
640916,0
641016,0
641116,0
641216,0
641316,0
641416,0
641516,0
641616,0
641716,0
641816,0
641916,0
642016,0
642116,0
642216,0
642316,0
642416,0
642516,0
642616,0
642716,0
642816,0
642916,0
643016,0
643116,0
643216,0
643316,0
643416,0
643516,0
643616,0
643716,0
643816,0
643916,0
644016,0
644116,0
644216,0
644316,0
644416,0
644516,0
644616,0
644716,0
644816,0
644916,0
645016,0
645116,0
645231,0
645316,0
645416,0
645516,0
645616,0
645716,0
645816,0
645916,0
646016,0
646116,0
646216,0
646316,0
646416,0
646516,0
646616,0
646716,0
646816,0
646916,0
647016,0
647116,0
647231,0
647316,0
647416,0
647516,0
647616,967
647716,962
647816,953
647916,997
648016,1001
648116,987
648216,977
648316,972
648416,972
648516,933
648616,977
648716,982
648816,953
648916,977
649016,957
649116,943
649231,923
649316,997
649416,987
649516,957
649616,972
649716,977
649816,967
649916,962
650016,982
650116,953
650216,972
650316,997
650416,967
650516,953
650616,957
650716,972
650816,987
650916,977
651016,953
651116,982
651232,972
651316,982
651416,957
651516,977
651616,967
651716,982
651816,977
651916,943
652016,977
652116,953
652216,987
652316,987
652416,938
652516,962
652616,967
652716,933
652816,987
652916,982
653016,972
653116,972
653244,987
653329,977
653429,967
653529,957
653629,967
653729,967
653829,943
653929,948
654029,962
654129,977
654229,977
654329,943
654429,982
654529,967
654629,962
654729,992
654829,967
654929,943
655029,997
655129,928
655246,967
655329,957
655429,962
655529,972
655629,997
655729,982
655830,967
655930,953
656030,957
656130,972
656230,957
656330,972
656430,982
656530,982
656630,957
656730,953
656830,962
656930,953
657030,957
657130,977
657245,953
657345,953
657445,972
657545,992
657645,967
657745,977
657845,982
657945,957
658045,962
658145,957
658245,953
658345,967
658445,962
658545,933
658646,933
658746,933
658846,972
658946,982
659046,948
659146,982
659246,967
659346,972
659446,962
659546,948
659646,957
659746,953
659846,943
659946,957
660046,982
660146,987
660246,982
660346,992
660446,948
660546,953
660646,938
660746,938
660846,957
660946,957
661046,977
661146,967
661246,972
661346,972
661446,977
661547,972
661647,948
661747,948
661847,938
661947,957
662047,948
662147,982
662247,977
662347,967
662447,972
662547,972
662647,948
662747,992
662847,982
662947,962
663047,962
663147,977
663247,943
663347,972
663447,938
663547,948
663647,972
663747,972
663847,962
663947,943
664047,962
664147,962
664247,953
664347,953
664448,953
664548,948
664648,962
664748,977
664848,972
664948,967
665048,987
665148,1011
665248,953
665348,938
665448,948
665548,928
665648,904
665748,918
665848,933
665948,928
666048,928
666148,948
666248,957
666348,913
666448,938
666548,899
666648,943
666748,943
666848,928
666948,923
667048,923
667148,938
667248,923
667348,933
667448,957
667548,938
667648,948
667748,943
667848,909
667948,918
668048,938
668148,948
668248,938
668348,923
668448,938
668548,948
668648,918
668748,928
668848,928
668948,953
669048,928
669148,923
669248,928
669348,933
669448,943
669548,948
669648,938
669748,913
669848,913
669948,894
670048,909
670148,913
670248,923
670348,938
670448,899
670548,933
670648,923
670748,938
670848,933
670948,918
671048,923
671148,938
671248,938
671348,928
671448,933
671548,918
671648,948
671748,943
671848,957
671948,938
672048,913
672148,909
672248,928
672348,943
672448,933
672548,938
672648,938
672748,928
672848,928
672948,933
673048,923
673148,923
673248,923
673348,943
673448,909
673548,933
673648,938
673748,923
673848,933
673948,913
674048,953
674148,943
674248,918
674348,923
674448,923
674548,928
674648,948
674748,943
674848,953
674948,933
675048,923
675148,928
675248,933
675348,918
675448,933
675548,918
675648,938
675748,933
675848,928
675948,938
676048,923
676148,913
676248,928
676348,913
676448,909
676548,928
676648,943
676748,918
676848,909
676948,933
677048,953
677148,913
677248,933
677348,943
677448,933
677548,913
677648,938
677748,933
677848,923
677948,943
678048,948
678148,923
678248,918
678348,943
678448,943
678548,909
678648,913
678748,904
678848,928
678948,923
679048,948
679148,928
679248,928
679348,879
679448,943
679548,928
679648,909
679748,943
679848,928
679948,933
680048,943
680148,923
680248,913
680348,913
680448,943
680548,948
680648,928
680748,953
680848,938
680948,933
681048,938
681148,953
681248,938
681348,899
681448,933
681548,918
681648,933
681748,943
681848,928
681948,948
682048,953
682148,909
682248,938
682348,913
682448,948
682548,938
682648,943
682748,938
682848,957
682948,918
683048,928
683148,938
683248,933
683348,933
683448,943
683548,928
683648,909
683748,933
683848,918
683948,923
684048,928
684148,923
684248,913
684348,918
684448,943
684548,928
684648,943
684748,943
684848,953
684948,923
685048,948
685148,938
685248,948
685348,928
685448,923
685548,938
685648,938
685748,909
685848,928
685948,923
686048,928
686148,953
686248,928
686348,938
686448,953
686548,933
686648,923
686748,933
686848,923
686948,909
687048,918
687148,938
687248,943
687348,928
687448,913
687548,943
687648,918
687748,894
687848,928
687948,918
688048,918
688148,913
688248,933
688348,938
688448,943
688548,953
688648,948
688748,943
688848,928
688948,953
689048,899
689148,889
689248,904
689348,938
689448,899
689548,928
689648,933
689748,938
689848,923
689948,923
690048,943
690148,953
690248,928
690348,938
690448,899
690548,899
690648,943
690748,938
690848,918
690948,948
691048,928
691148,909
691248,918
691348,909
691448,904
691548,933
691648,928
691748,938
691848,938
691948,928
692048,904
692148,923
692248,918
692348,933
692448,943
692548,918
692648,918
692748,923
692848,933
692948,918
693048,933
693148,948
693248,923
693348,933
693448,943
693548,928
693648,909
693748,933
693848,948
693948,933
694048,933
694148,913
694248,948
694348,953
694448,923
694548,933
694648,899
694748,962
694848,933
694948,948
695048,928
695148,904
695248,933
695348,938
695448,933
695548,923
695648,923
695748,899
695848,918
695948,909
696048,909
696148,933
696248,933
696348,938
696448,909
696548,889
696648,957
696748,943
696848,933
696948,938
697048,923
697148,943
697248,899
697348,948
697448,938
697548,933
697648,943
697748,962
697848,948
697948,913
698048,962
698148,933
698248,904
698348,938
698448,948
698548,948
698648,909
698748,933
698848,933
698948,953
699048,909
699148,948
699248,928
699348,943
699448,948
699548,904
699648,904
699748,889
699848,948
699948,962
700048,913
700148,962
700248,938
700348,948
700448,909
700548,923
700648,948
700748,938
700848,923
700948,933
701048,943
701148,962
701248,928
701348,943
701448,943
701548,957
701648,928
701748,923
701848,933
701948,923
702048,899
702148,938
702248,909
702348,962
702448,933
702548,948
702648,967
702748,933
702848,943
702948,943
703048,928
703148,943
703248,913
703348,923
703448,943
703548,884
703648,938
703748,943
703848,938
703948,918
704048,923
704148,928
704248,909
704348,938
704448,918
704548,953
704648,938
704748,943
704848,928
704948,928
705048,957
705148,923
705248,928
705348,948
705448,923
705548,928
705648,953
705748,928
705848,913
705948,913
706048,928
706148,889
706248,904
706348,904
706448,933
706548,943
706648,909
706748,918
706848,933
706948,923
707048,923
707148,938
707248,918
707348,899
707448,943
707548,953
707648,943
707748,909
707848,884
707948,933
708048,953
708148,923
708248,928
708348,884
708448,933
708548,918
708648,928
708748,909
708848,923
708948,933
709048,928
709148,923
709248,918
709348,938
709448,943
709548,933
709648,953
709748,943
709848,948
709948,953
710048,909
710148,943
710248,933
710348,913
710448,943
710548,933
710648,928
710748,904
710848,943
710948,928
711048,928
711148,962
711248,933
711348,953
711448,938
711548,953
711648,933
711748,938
711848,928
711948,913
712048,928
712148,943
712248,918
712348,918
712448,938
712548,943
712648,899
712748,933
712848,913
712948,923
713048,928
713148,918
713248,918
713348,909
713448,923
713548,918
713648,909
713748,923
713848,938
713948,913
714048,923
714148,923
714248,913
714348,909
714448,943
714548,943
714648,948
714748,957
714848,953
714948,913
715048,923
715148,928
715248,953
715348,953
715448,953
715548,972
715648,957
715748,894
715848,918
715948,953
716048,943
716148,874
716248,943
716348,933
716448,948
716548,948
716648,899
716748,904
716848,933
716948,933
717048,909
717148,918
717248,962
717348,933
717448,899
717548,918
717648,928
717748,948
717848,913
717948,933
718048,899
718148,909
718248,928
718348,933
718448,918
718548,918
718648,923
718748,943
718848,938
718948,948
719048,889
719148,938
719248,918
719348,943
719448,948
719548,909
719648,948
719748,933
719848,918
719948,933
720048,928
720148,923
720248,943
720348,928
720448,913
720548,943
720648,933
720748,928
720848,918
720948,953
721048,889
721148,943
721248,943
721348,923
721448,918
721548,928
721648,899
721748,933
721848,933
721948,943
722048,923
722148,957
722248,928
722348,933
722448,928
722548,943
722648,948
722748,923
722848,938
722948,923
723048,943
723148,913
723248,918
723348,928
723448,938
723548,948
723648,938
723748,913
723848,943
723948,904
729044,0
729144,0
729244,0
729344,0
729444,0
729544,0
729644,0
729744,0
729844,0
729944,0
730044,0
730144,0
730244,0
730344,0
730444,0
730544,0
730644,0
730744,0
730844,0
730944,0
731044,0
731144,0
731244,0
731344,0
731444,0
731544,0
731644,0
731744,0
731844,0
731944,0
732044,0
732144,0
732244,0
732344,0
732444,0
732544,0
732644,0
732744,0
732844,0
732944,0
733044,0
733144,0
733244,0
733344,0
733444,0
733544,0
733644,0
733744,0
733844,0
733944,0
734044,0
734144,0
734244,0
734344,0
734444,0
734544,0
734644,0
734744,0
734844,0
734944,0
735044,0
735144,0
735244,0
735344,0
735444,0
735544,0
735644,0
735744,0
735844,0
735944,0
736044,0
736144,0
736244,0
736344,0
736444,0
736544,0
736644,0
736744,0
736844,0
736944,0
737044,0
737144,0
737244,0
737344,0
737444,0
737544,0
737644,0
737744,0
737844,0
737944,0
738044,0
738144,0
738244,0
738344,0
738444,0
738544,0
738644,0
738744,0
738844,0
738944,0
739044,0
739144,0
739244,0
739344,0
739444,0
739544,0
739644,0
739744,0
739844,0
739944,0
740044,0
740144,0
740244,0
740344,0
740444,0
740544,0
740644,0
740744,0
740844,0
740944,0
741044,0
741144,0
741244,0
741344,0
741444,0
741544,0
741644,0
741744,0
741844,0
741944,0
742044,0
742144,0
742244,0
742344,0
742444,0
742544,0
742644,0
742744,0
742844,0
742944,0
743044,0
743144,0
743244,0
743344,0
743444,0
743544,0
743644,0
743744,0
743844,0
743944,0
744044,0
744144,0
744244,0
744344,0
744444,0
744544,0
744644,0
744744,0
744844,0
744944,0
745060,0
745144,0
745244,0
745344,0
745444,0
745544,0
745644,0
745744,0
745844,0
745944,0
746044,0
746144,0
746244,0
746344,0
746444,0
746544,0
746644,0
746744,0
746844,0
746944,0
747070,0
747155,0
747255,0
747355,0
747455,3079
747555,2365
747655,2448
747755,3147
747855,2986
747955,2913
748055,3084
748155,2849
748255,3284
748355,2458
748455,2966
748555,2512
748655,2399
748755,2482
748855,2634
748955,2732
749071,3157
749156,2688
749256,3123
749356,2913
749456,2996
749556,2541
749656,2903
749756,3015
749856,2869
749956,3304
750056,3186
750156,2448
750256,2653
750356,3118
750456,3269
750556,2712
750656,2673
750756,3137
750856,3269
750956,2873
751072,3318
751156,3274
751256,3274
751356,2800
751456,3264
751556,2370
751656,3074
751756,3245
751856,3191
751956,2565
752056,3289
752156,3245
752256,3220
752356,2746
752456,3103
752556,3020
752656,3103
752756,3084
752856,3157
752956,3035
753073,3308
753156,2873
753256,2859
753356,3142
753456,2517
753556,3186
753656,2438
753756,3318
753856,2756
753956,2463
754056,2932
754156,2781
754256,3142
754356,2961
754456,2375
754556,2331
754656,2810
754756,3142
754856,2614
754956,2986
755072,2966
755156,3118
755256,2375
755356,3064
755456,3118
755556,2800
755656,3025
755756,3240
755856,2668
755956,3000
756056,3010
756156,2614
756256,2986
756356,3098
756456,3323
756556,3093
756656,3304
756756,3128
756856,3284
756956,3196
757071,3235
757156,2629
757256,3225
757356,3294
757456,3079
757556,3235
757656,3176
757756,2761
757856,3084
757956,3313
758056,2927
758156,2336
758256,3015
758356,3123
758456,2859
758556,2815
758656,2922
758756,2409
758856,3044
758956,3235
759071,2590
759156,3132
759256,3142
759356,3123
759456,2683
759556,3284
759656,2844
759756,3299
759856,3304
759956,2702
760056,3245
760156,3000
760256,2565
760356,3079
760456,2917
760556,3294
760656,3294
760756,3225
760856,3176
760956,2908
761071,3132
761156,3098
761256,3147
761356,3308
761456,3172
761556,3084
761656,2570
761756,3230
761856,2746
761956,2722
762056,3294
762156,2976
762256,3260
762356,3157
762456,2785
762556,2595
762656,3289
762756,3260
762856,3147
762956,3299
763071,2913
763156,3260
763256,2580
763356,3220
763456,2956
763556,3328
763656,2917
763756,3255
763856,2668
763956,3245
764056,2927
764156,3279
764256,2966
764356,3137
764456,3206
764556,2795
764656,3137
764756,2917
764856,3088
764956,3269
765071,2521
765156,3005
765256,2355
765356,2947
765456,3167
765556,3049
765656,3279
765756,3098
765856,3274
765956,3206
766056,2883
766156,3103
766256,3230
766356,2570
766456,2737
766556,2766
766656,3084
766756,3299
766856,2678
766956,3103
767072,2453
767156,2815
767256,2790
767356,3274
767456,3020
767556,3064
767656,3172
767756,3176
767856,2888
767956,2913
768056,3230
768156,2468
768256,3167
768356,3113
768456,2551
768556,3157
768656,3240
768756,2805
768856,3093
768956,2629
769072,2859
769156,3069
769256,3294
769356,2390
769456,2649
769556,3299
769656,2653
769756,2463
769856,2492
769956,2580
770056,3172
770156,2600
770256,2438
770356,2883
770456,3279
770556,2282
770656,3010
770756,2800
770856,3201
770956,2878
771072,2810
771156,3035
771256,3201
771356,2595
771456,3279
771556,2585
771656,3206
771756,2292
771856,2355
771956,3079
772056,3279
772156,3103
772256,2859
772356,3304
772456,3015
772556,2825
772656,3318
772756,3113
772856,3211
772956,2898
773071,3284
773156,2443
773256,3093
773356,3079
773456,3035
773556,3181
773656,3299
773756,3289
773856,2453
773956,2658
774056,3176
774156,3333
774256,3230
774356,2653
774456,3250
774556,2438
774656,3255
774756,2888
774856,3049
774956,3074
775071,3176
775156,3020
775256,2986
775356,3069
775456,2849
775556,3191
775656,2697
775756,3176
775856,3264
775956,3142
776056,2991
776156,3167
776256,3299
776356,3279
776456,3294
776556,3059
776656,3128
776756,2971
776856,2986
776956,2771
777071,2649
777156,2908
777256,2859
777356,3079
777456,3338
777556,3220
777656,3201
777756,3152
777856,3313
777956,3020
778056,2424
778156,3113
778256,2917
778356,2873
778456,3274
778556,3206
778656,3313
778756,2776
778856,3328
778956,2634
779071,2326
779156,3274
779256,3318
779356,2834
779456,2859
779556,2287
779656,3289
779756,2697
779856,2585
779956,3338
780056,3245
780156,3147
780256,2727
780356,3059
780456,3274
780556,3000
780656,2629
780756,3172
780856,2297
780956,2913
781071,2942
781156,2502
781256,3084
781356,2580
781456,2453
781556,3015
781656,2947
781756,2663
781856,3230
781956,2878
782056,3167
782156,2903
782256,3176
782356,2849
782456,3084
782556,3103
782656,3230
782756,2580
782856,2673
782956,3260
783072,3054
783156,3025
783256,3206
783356,2678
783456,3269
783556,3103
783656,3108
783756,2331
783856,3172
783956,2785
784056,2942
784156,2829
784256,2683
784356,2653
784456,3284
784556,2663
784656,3142
784756,3064
784856,2781
784956,2590
785072,2776
785156,3328
785256,2614
785356,2893
785456,3294
785556,3040
785656,3264
785756,3328
785856,2541
785956,2854
786056,3069
786156,2986
786256,2834
786356,3176
786456,3191
786556,3206
786656,2717
786756,2722
786856,2834
786956,3059
787072,3313
787156,2834
787256,2561
787356,2624
787456,2825
787556,2976
787656,3255
787756,2619
787856,2854
787956,3250
788056,2399
788156,2834
788256,3064
788356,3264
788456,3010
788556,2942
788656,3088
788756,2702
788856,2605
788956,3308
789071,2722
789156,3118
789256,3020
789356,2873
789456,2492
789556,3079
789656,2585
789756,2375
789856,3308
789956,2634
790056,3128
790156,2722
790256,3269
790356,3074
790456,2825
790556,2781
790656,3264
790756,3044
790856,3186
790956,3025
791071,2634
791156,3196
791256,3328
791356,2956
791456,3318
791556,3313
791656,3235
791756,3054
791856,3333
791956,3020
792056,3299
792156,2888
792256,2658
792356,3284
792456,2707
792556,3152
792656,2526
792756,2790
792856,3240
792956,3299
793071,3137
793156,2815
793256,3088
793356,2771
793456,2947
793556,3211
793656,3250
793756,3044
793856,2267
793956,3098
794056,3035
794156,3181
794256,2956
794356,3118
794456,3284
794556,2737
794656,2448
794756,2634
794856,2419
794956,2644
795071,2321
795156,3313
795256,3069
795356,2585
795456,3230
795556,3181
795656,2722
795756,3137
795856,3264
795956,2326
796056,2844
796156,2996
796256,3308
796356,2854
796456,3279
796556,3030
796656,3240
796756,3304
796856,3323
796956,2937
797071,3220
797156,2991
797256,2834
797356,2385
797456,3162
797556,3284
797656,2722
797756,3098
797856,2473
797956,3201
798056,3152
798156,2737
798256,3318
798356,2937
798456,2487
798556,3240
798656,2922
798756,2922
798856,3142
798956,3142
799072,2336
799156,3069
799256,2639
799356,3308
799456,3049
799556,2888
799656,2781
799756,3318
799856,3137
799956,3162
800056,2702
800156,3152
800256,3128
800356,3005
800456,2952
800556,3079
800656,2575
800756,3123
800856,3230
800956,3191
801075,2991
801159,3323
801259,2712
801359,3274
801459,2883
801559,3030
801659,2644
801759,2316
801859,2937
801959,3333
802059,2859
802159,3074
802259,2966
802359,3206
802459,2663
802560,2683
802660,2839
802760,2771
802860,3172
802960,3196
803075,3269
803175,3245
803275,3181
803375,2761
803475,3225
803575,2404
803675,3137
803775,2409
803875,3167
803975,2561
804075,3054
804175,2683
804275,3054
804375,2766
804475,3108
804575,2390
804675,3211
804775,3289
804875,2961
804975,3059
805075,2649
805175,2883
805275,3260
805376,2991
805476,2810
805576,3225
805676,3206
805776,3196
805876,3304
805976,3191
806076,3142
806176,3230
806276,3118
806376,3260
806476,2771
806576,2971
806676,2737
806776,3250
806876,2609
806976,2331
807076,2898
807176,3313
807276,3235
807376,3167
807476,3323
812508,0
812608,0
812708,0
812808,0
812908,0
813008,0
813108,0
813208,0
813308,0
813408,0
813508,0
813608,0
813708,0
813808,0
813908,0
814008,0
814108,0
814208,0
814308,0
814408,0
814508,0
814608,0
814708,0
814808,0
814908,0
815008,0
815108,0
815208,0
815308,0
815408,0
815508,0
815608,0
815708,0
815808,0
815908,0
816008,0
816108,0
816208,0
816308,0
816408,0
816508,0
816608,0
816708,0
816808,0
816908,0
817008,0
817108,0
817208,0
817308,0
817408,0
817508,0
817608,0
817708,0
817808,0
817908,0
818008,0
818108,0
818208,0
818308,0
818408,0
818508,0
818608,0
818708,0
818808,0
818908,0
819008,0
819108,0
819208,0
819308,0
819408,0
819508,0
819608,0
819708,0
819808,0
819908,0
820008,0
820108,0
820208,0
820308,0
820408,0
820508,0
820608,0
820708,0
820808,0
820908,0
821008,0
821108,0
821208,0
821308,0
821408,0
821508,0
821608,0
821708,0
821808,0
821908,0
822008,0
822108,0
822208,0
822308,0
822408,0
822508,0
822608,0
822708,0
822808,0
822908,0
823008,0
823108,0
823208,0
823308,0
823408,0
823508,0
823608,0
823708,0
823808,0
823908,0
824008,0
824108,0
824208,0
824308,0
824408,0
824508,0
824608,0
824708,0
824808,0
824908,0
825008,0
825108,0
825208,0
825308,0
825408,0
825508,0
825608,0
825708,0
825808,0
825908,0
826008,0
826108,0
826208,0
826308,0
826408,0
826508,0
826608,0
826708,0
826808,0
826908,0
827008,0
827108,0
827208,0
827308,0
827408,0
827520,0
827620,0
827720,0
827820,0
827920,0
828020,0
828120,0
828220,0
828320,0
828420,0
828523,0
828623,0
828723,0
828823,0
828923,0
829023,0
829123,0
829223,0
829323,0
829423,0
829523,0
829623,0
829723,0
829824,0
829924,0
830024,0
830124,0
830224,0
830324,0
830424,0
830524,0
830624,0
830724,0
830824,0
830924,0
831024,0
831124,0
831224,0
831324,0
831424,1187
831524,2023
831624,1959
831724,1935
831824,1915
831924,1842
832024,1842
832124,1867
832224,1896
832324,1886
832424,1940
832524,1911
832624,1862
832724,1876
832824,1891
832924,1827
833024,1832
833124,1847
833224,1823
833324,1837
833424,1818
833524,1842
833624,1832
833724,1808
833824,1808
833924,1857
834024,1886
834124,1881
834224,1827
834324,1847
834424,1818
834524,1803
834624,1823
834724,1818
834824,1793
834924,1798
835024,1827
835124,1852
835224,1867
835324,1823
835424,1779
835524,1779
835624,1813
835724,1832
835824,1798
835924,1852
836024,1827
836124,1827
836224,1813
836324,1779
836424,1764
836524,1788
836624,1813
836724,1832
836824,1779
836924,1837
837024,1823
837124,1803
837224,1788
837324,1832
837424,1774
837524,1832
837624,1847
837724,1871
837824,1842
837924,1779
838024,1847
838124,1793
838224,1827
838324,1803
838424,1847
838524,1842
838624,1803
838724,1827
838824,1798
838924,1818
839024,1827
839124,1827
839224,1827
839324,1744
839424,1852
839524,1827
839624,1813
839724,1823
839824,1818
839924,1803
840024,1886
840124,1808
840224,1823
840324,1837
840424,1808
840524,1862
840624,1823
840724,1827
840824,1788
840924,1783
841024,1827
841124,1823
841224,1832
841324,1876
841424,1808
841524,1827
841624,1798
841724,1793
841824,1857
841924,1832
842024,1798
842124,1813
842224,1837
842324,1857
842424,1837
842524,1798
842624,1842
842724,1852
842824,1808
842924,1876
843024,1803
843124,1867
843224,1837
843324,1813
843424,1827
843524,1823
843624,1876
843724,1862
843824,1876
843924,1803
844024,1842
844124,1823
844224,1793
844324,1818
844424,1837
844524,1759
844624,1818
844724,1837
844824,1823
844924,1798
845024,1813
845124,1818
845224,1852
845324,1842
845424,1827
845524,1818
845624,1823
845724,1803
845824,1862
845924,1779
846024,1823
846124,1867
846224,1862
846324,1827
846424,1827
846524,1827
846624,1837
846724,1876
846824,1827
846924,1832
847024,1857
847124,1857
847224,1813
847324,1827
847424,1793
847524,1837
847624,1862
847724,1832
847824,1788
847924,1871
848024,1852
848124,1803
848224,1847
848324,1837
848424,1788
848524,1813
848624,1793
848724,1832
848824,1803
848924,1774
849024,1827
849124,1803
849224,1808
849324,1818
849424,1842
849524,1783
849624,1808
849724,1852
849824,1803
849924,1798
850024,1808
850124,1862
850224,1818
850324,1818
850424,1798
850524,1842
850624,1823
850724,1837
850824,1827
850924,1808
851024,1808
851124,1837
851224,1798
851324,1803
851424,1823
851524,1867
851624,1793
851724,1808
851824,1862
851924,1862
852024,1823
852124,1808
852224,1803
852324,1842
852424,1842
852524,1857
852624,1788
852724,1827
852824,1871
852924,1827
853024,1779
853124,1818
853224,1837
853324,1823
853424,1759
853524,1818
853624,1798
853724,1837
853824,1808
853924,1837
854024,1832
854124,1852
854224,1823
854324,1793
854424,1837
854524,1803
854624,1847
854724,1823
854824,1769
854924,1813
855024,1774
855124,1842
855224,1818
855324,1813
855424,1808
855524,1832
855624,1857
855724,1827
855824,1827
855924,1813
856024,1842
856124,1906
856224,1798
856324,1813
856424,1857
856524,1876
856624,1832
856724,1852
856824,1852
856924,1857
857024,1842
857124,1852
857224,1871
857324,1823
857424,1842
857524,1881
857624,1832
857724,1847
857824,1842
857924,1881
858024,1881
858124,1867
858224,1862
858324,1862
858424,1857
858524,1818
858624,1896
858724,1881
858824,1847
858924,1857
859024,1847
859124,1862
859224,1857
859324,1847
859424,1867
859524,1891
859624,1837
859724,1867
859824,1876
859924,1876
860024,1867
860124,1857
860224,1847
860324,1857
860424,1881
860524,1871
860624,1852
860724,1818
860824,1813
860924,1886
861024,1827
861124,1852
861224,1886
861324,1857
861424,1852
861524,1837
861624,1818
861724,1857
861824,1852
861924,1867
862024,1847
862124,1808
862224,1852
862324,1842
862424,1862
862524,1847
862624,1837
862724,1891
862824,1832
862924,1818
863024,1823
863124,1827
863224,1842
863324,1857
863424,1876
863524,1862
863624,1911
863724,1915
863824,1852
863924,1847
864024,1842
864124,1896
864224,1862
864324,1852
864424,1857
864524,1823
864624,1818
864724,1891
864824,1847
864924,1867
865024,1823
865124,1862
865224,1896
865324,1891
865424,1832
865524,1871
865624,1886
865724,1842
865824,1813
865924,1788
866024,1827
866124,1808
866224,1852
866324,1906
866424,1857
866524,1876
866624,1857
866724,1842
866824,1881
866924,1847
867024,1881
867124,1876
867224,1857
867324,1876
867424,1862
867524,1867
867624,1871
867724,1852
867824,1847
867924,1818
868024,1808
868124,1813
868224,1818
868324,1837
868424,1857
868524,1827
868624,1876
868724,1891
868824,1915
868924,1847
869024,1847
869124,1857
869224,1862
869324,1871
869424,1876
869524,1876
869624,1837
869724,1886
869824,1876
869924,1842
870024,1862
870124,1847
870224,1881
870324,1906
870424,1871
870524,1837
870624,1867
870724,1881
870824,1852
870924,1783
871024,1832
871124,1837
871224,1842
871324,1915
871424,1911
871524,1852
871624,1798
871724,1837
871824,1896
871924,1876
872024,1876
872124,1837
872224,1876
872324,1862
872424,1852
872524,1891
872624,1901
872724,1915
872824,1813
872924,1871
873024,1837
873124,1813
873224,1857
873324,1901
873424,1876
873524,1881
873624,1867
873724,1847
873824,1808
873924,1837
874024,1901
874124,1886
874224,1906
874324,1837
874424,1876
874524,1832
874624,1852
874724,1925
874824,1857
874924,1862
875024,1827
875124,1827
875224,1876
875324,1847
875424,1813
875524,1842
875624,1847
875724,1896
875824,1847
875924,1852
876024,1798
876124,1920
876224,1813
876324,1906
876424,1832
876524,1827
876624,1881
876724,1867
876824,1857
876924,1803
877024,1847
877124,1876
877224,1832
877324,1896
877424,1881
877524,1876
877624,1823
877724,1823
877824,1881
877924,1881
878024,1857
878124,1842
878224,1827
878324,1876
878424,1852
878524,1881
878624,1837
878724,1852
878824,1876
878924,1837
879024,1847
879124,1832
879224,1832
879324,1857
879424,1886
879524,1862
879624,1823
879724,1862
879824,1818
879924,1886
880024,1827
880124,1871
880224,1842
880324,1813
880424,1876
880524,1827
880624,1871
880724,1867
880824,1891
880924,1862
881024,1813
881124,1823
881224,1852
881324,1871
881424,1896
881524,1857
881624,1862
881724,1852
881824,1886
881924,1881
882024,1852
882124,1827
882224,1881
882324,1906
882424,1862
882524,1798
882624,1827
882724,1847
882824,1798
882924,1891
883024,1823
883124,1852
883224,1862
883324,1847
883424,1818
883524,1832
883624,1867
883724,1867
883824,1871
883924,1832
884024,1871
884124,1901
884224,1867
884324,1857
884424,1852
884524,1837
884624,1847
884724,1901
884824,1881
884924,1891
885024,1813
885124,1813
885224,1837
885324,1852
885424,1847
885524,1803
885624,1818
885724,1867
885824,1891
885924,1847
886024,1788
886124,1876
886224,1886
886324,1876
886424,1852
886524,1832
886624,1857
886724,1832
886824,1827
886924,1852
887024,1842
887124,1808
887224,1852
887324,1891
887424,1886
887524,1862
887624,1867
887724,1857
887824,1837
887924,1867
888024,1852
888124,1837
888224,1837
888324,1886
888424,1896
888524,1871
888624,1852
888724,1832
888824,1852
888924,1867
889024,1837
889124,1862
889224,1881
889324,1901
889424,1862
889524,1891
889624,1842
889724,1867
889824,1827
889924,1857
890024,1837
890124,1847
890224,1871
890324,1832
890424,1832
890524,1867
890624,1857
890724,1808
890824,1823
890924,1808
891024,1813
891124,1813
891224,1827
891324,1823
891424,1788
891524,1827
891624,1803
891724,1793
891824,1818
891924,1857
892024,1832
892124,1827
892224,1769
892324,1813
892424,1818
892524,1837
892624,1842
892724,1852
892824,1832
892924,1862
893024,1862
893124,1857
893224,1876
893324,1813
893424,1832
893524,1842
893624,1813
893724,1818
893824,1818
893924,1803
894024,1769
894124,1774
894224,1764
894324,1813
894424,1808
894524,1823
894624,1823
894724,1867
894824,1832
894924,1871
895024,1867
895124,1876
895224,1901
895324,1852
895424,1915
900515,0
900615,0
900715,0
900815,0
900915,0
901015,0
901115,0
901215,0
901315,0
901415,0
901515,0
901615,0
901715,0
901815,0
901915,0
902016,0
902116,0
902216,0
902316,0
902416,0
902516,0
902616,0
902716,0
902816,0
902916,0
903016,0
903116,0
903216,0
903316,0
903416,0
903516,0
903616,0
903716,0
903816,0
903916,0
904016,0
904116,0
904216,0
904316,0
904416,0
904516,0
904616,0
904716,0
904816,0
904916,0
905016,0
905116,0
905216,0
905316,0
905416,0
905516,0
905616,0
905716,0
905816,0
905916,0
906016,0
906116,0
906216,0
906316,0
906416,0
906516,0
906616,0
906716,0
906816,0
906916,0
907016,0
907116,0
907216,0
907316,0
907416,0
907516,0
907616,0
907716,0
907816,0
907916,0
908016,0
908116,0
908216,0
908316,0
908416,0
908516,0
908616,0
908716,0
908816,0
908916,0
909016,0
909116,0
909216,0
909316,0
909416,0
909516,0
909616,0
909716,0
909816,0
909916,0
910016,0
910116,0
910216,0
910316,0
910416,0
910516,0
910616,0
910716,0
910816,0
910916,0
911016,0
911116,0
911216,0
911316,0
911416,0
911516,0
911616,0
911716,0
911816,0
911916,0
912016,0
912116,0
912216,0
912316,0
912416,0
912525,0
912625,0
912726,0
912826,0
912926,0
913026,0
913126,0
913226,0
913326,0
913426,0
913526,0
913626,0
913726,0
913826,0
913926,0
914026,0
914126,0
914226,0
914326,0
914426,0
914526,0
914626,0
914726,0
914826,0
914926,0
915026,0
915126,0
915226,0
915326,0
915426,0
