p:4000,20000,6000,600,8000,4000,2000,8000,70
15114,0,0
15214,0,0
15314,0,0
15414,0,0
15514,0,0
15614,0,0
15714,0,0
15814,0,0
15914,0,0
16014,0,0
16114,0,0
16214,0,0
16314,1,1
16414,1,1
16514,1,1
16614,1,1
16714,1,1
16814,1,1
16914,1,1
17014,1,1
17114,1,1
17214,1,1
17314,1,1
17414,1,1
17514,1,1
17614,1,1
17714,1,1
17814,1,1
17914,1,1
18014,1,1
18114,1,1
18214,1,1
18314,1,1
18414,1,1
18514,1,1
18614,1,1
18714,1,1
18814,1,1
18914,1,1
19014,1,1
19105,1,1
19205,1,1
19305,1,1
19405,1,1
19505,1,1
19605,1,1
19705,1,1
19805,1,1
19905,1,1
20005,1,1
20105,1,1
20205,1,1
20305,1,1
20405,1,1
20505,1,1
20605,1,1
20705,1,1
20805,1,1
20905,1,1
21005,1,1
21105,1,1
21205,1,1
21305,1,1
21405,1,1
21505,1,1
21605,1,1
21705,1,1
21805,1,1
21905,1,1
22005,1,1
22105,1,1
22205,1,1
22305,1,1
22405,1,1
22505,1,1
22605,1,1
22705,1,1
22805,1,1
22905,1,1
23005,1,1
23105,1,1
23205,1,1
23305,1,1
23405,1,1
23505,1,1
23605,1,1
23705,1,1
23805,1,1
23905,1,1
24005,1,1
24105,1,1
24205,1,1
24305,1,1
24405,1,1
24505,1,1
24605,1,1
24705,1,1
24805,1,1
24905,1,1
25005,1,1
25105,1,1
25205,1,1
25305,1,1
25405,1,1
25505,1,1
25605,1,1
25705,1,1
25805,1,1
25905,1,1
26005,1,1
26105,1,1
26205,1,1
26305,1,1
26405,1,1
26505,1,1
26605,1,1
26705,1,1
26805,1,1
26905,1,1
27005,1,1
27107,1,1
27207,1,1
27307,1,1
27407,1,1
27507,1,1
27607,1,1
27707,1,1
27807,1,1
27907,1,1
28007,1,1
28107,1,1
28207,1,1
28307,1,1
28407,1,1
28507,1,1
28607,1,1
28707,1,1
28807,1,1
28907,1,1
29007,1,1
29107,1,1
29207,1,1
29307,1,1
29407,1,1
29507,1,1
29607,1,1
29707,1,1
29807,1,1
29907,1,1
30007,1,1
30107,1,1
30207,1,1
30307,1,1
30407,1,1
30507,1,1
30607,1,1
30707,1,1
30807,1,1
30907,1,1
31007,1,1
31104,1,1
31204,1,1
31304,1,1
31404,1,1
31504,1,1
31604,1,1
31704,1,1
31804,1,1
31904,1,1
32004,1,1
32104,1,1
32204,1,1
32304,1,1
32404,1,1
32504,1,1
32604,1,1
32704,1,1
32804,1,1
32904,1,1
33004,1,1
33104,1,1
33204,1,1
33304,1,1
33404,1,1
33504,1,1
33604,1,1
33704,1,1
33804,1,1
33904,1,1
34004,1,1
34104,1,1
34204,1,1
34304,1,1
34404,1,1
34504,1,1
34604,1,1
34704,1,1
34804,1,1
34904,1,1
35004,1,1
35102,1,1
35202,1,1
35302,1,1
35402,1,1
35502,1,1
35602,1,1
35702,1,1
35802,1,1
35902,1,1
36002,1,1
36102,1,1
36202,1,1
36302,1,1
36402,1,1
36502,1,1
36602,1,1
36702,1,1
36802,1,1
36902,1,1
37002,1,1
37102,1,1
37202,1,1
37302,1,1
37402,1,1
37502,1,1
37602,1,1
37702,1,1
37802,1,1
37902,1,1
38002,1,1
38102,1,1
38202,1,1
38302,1,1
38402,1,1
38502,1,1
38602,1,1
38702,1,1
38802,1,1
38902,1,1
39002,1,1
39100,1,1
39200,1,1
39300,1,1
39400,1,1
39500,1,1
39600,1,1
39700,1,1
39800,1,1
39900,1,1
40000,1,1
40100,1,1
40200,1,1
40300,1,1
40400,1,1
40500,1,1
40600,1,1
40700,1,1
40800,1,1
40900,1,1
41000,1,1
41100,1,1
41200,1,1
41300,1,1
41400,1,1
41500,1,1
41600,1,1
41700,1,1
41800,1,1
41900,1,1
42000,1,1
42100,1,1
42200,1,1
42300,1,1
42400,1,1
42500,1,1
42600,1,1
42700,1,1
42800,1,1
42900,1,1
43000,1,1
43097,1,1
43197,1,1
43297,1,1
43397,1,1
43497,1,1
43597,1,1
43697,1,1
43797,1,1
43897,1,1
43997,1,1
44097,1,1
44197,1,1
44297,1,1
44397,1,1
44497,1,1
44597,1,1
44697,1,1
44797,1,1
44897,1,1
44997,1,1
45097,1,1
45197,1,1
45297,1,1
45397,1,1
45497,1,1
45597,1,1
45697,1,1
45797,1,1
45897,1,1
45997,1,1
46097,1,1
46197,1,1
46297,1,1
46397,1,1
46497,1,1
46597,1,1
46697,1,1
46797,1,1
46897,1,1
46997,1,1
47095,1,1
47195,1,1
47295,1,1
47395,1,1
47495,1,1
47595,1,1
47695,1,1
47795,1,1
47895,1,1
47995,1,1
48095,1,1
48195,1,1
48295,1,1
48395,1,1
48495,1,1
48595,1,1
48695,1,1
48795,1,1
48895,1,1
48995,1,1
49095,1,1
49195,1,1
49295,1,1
49395,1,1
49495,1,1
49595,1,1
49695,1,1
49795,1,1
49895,1,1
49995,1,1
50095,1,1
50195,1,1
50295,1,1
50395,1,1
50495,1,1
50595,1,1
50695,1,1
50795,1,1
50895,1,1
50995,1,1
51093,1,1
51193,1,1
51293,1,1
51393,1,1
51493,1,1
51593,1,1
51693,1,1
51793,1,1
51893,1,1
51993,1,1
52093,1,1
52193,1,1
52310,1,1
52410,1,1
52510,1,1
52610,1,1
52710,1,1
52810,1,1
52910,1,1
53010,1,1
53110,1,1
53210,1,1
53310,1,1
53410,1,1
53510,1,1
53610,1,1
53710,1,1
53810,1,1
53910,1,1
54010,1,1
54110,1,1
54210,1,1
54310,1,1
54410,1,1
54510,1,1
54610,1,1
54710,1,1
54810,1,1
54910,1,1
55010,1,1
55111,1,1
55211,1,1
55311,1,1
55411,1,1
55511,1,1
55611,1,1
55711,1,1
55811,1,1
55911,1,1
56011,1,1
56111,1,1
56211,1,1
56311,1,1
56411,1,1
56511,1,1
56611,1,1
56711,1,1
56811,1,1
56911,1,1
57011,1,1
57111,1,1
57211,1,1
57311,1,1
57411,1,1
57511,1,1
57611,1,1
57711,1,1
57811,1,1
57911,1,1
58012,1,1
58112,1,1
58212,1,1
58312,1,1
58412,1,1
58512,1,1
58612,1,1
58712,1,1
58812,1,1
58912,1,1
59012,1,1
59112,1,1
59212,1,1
59312,1,1
59412,1,1
59512,1,1
59612,1,1
59712,1,1
59812,1,1
59912,1,1
60012,1,1
60112,1,1
60212,1,1
60351,0,0
60451,0,0
60551,0,0
60651,0,0
60751,0,0
60851,0,0
60951,0,0
61051,0,0
61151,0,0
61251,0,0
61351,0,0
61451,0,0
61551,0,0
61651,0,0
61751,0,0
61852,0,0
61952,0,0
62052,0,0
62152,0,0
62252,0,0
62352,0,0
62452,0,0
62552,0,0
62652,0,0
62752,0,0
62852,0,0
62952,0,0
63052,0,0
63152,0,0
63252,0,0
63352,0,0
63452,0,0
63552,0,0
63652,0,0
63752,0,0
63852,0,0
63952,0,0
64052,0,0
64152,0,0
64252,0,0
64352,0,0
64452,0,0
64552,0,0
64652,0,0
64753,0,0
64853,0,0
64953,0,0
65053,0,0
65153,0,0
65253,0,0
65353,0,0
65453,0,0
65553,0,0
65653,0,0
65753,0,0
65853,0,0
65953,0,0
66053,0,0
66153,0,0
66253,0,0
66353,0,0
66453,0,0
66553,0,0
66653,0,0
66753,0,0
66853,0,0
66953,0,0
67053,0,0
67153,0,0
67253,0,0
67353,0,0
67453,0,0
67553,0,0
67653,0,0
67753,0,0
67853,0,0
67953,0,0
68053,0,0
68153,0,0
68253,0,0
68353,0,0
68453,0,0
68553,0,0
68653,0,0
68753,0,0
68853,0,0
68953,0,0
69053,0,0
69153,0,0
69253,0,0
69353,0,0
69453,0,0
69553,0,0
69653,0,0
69753,0,0
69853,0,0
69953,0,0
70053,0,0
70153,0,0
70253,0,0
70353,0,0
70453,0,0
70553,0,0
70653,0,0
70753,0,0
70853,0,0
70953,0,0
71053,0,0
71153,0,0
71253,0,0
71353,0,0
71453,0,0
71553,0,0
71653,0,0
71753,0,0
71853,0,0
71953,0,0
72053,0,0
72153,0,0
72253,0,0
72353,0,0
72453,0,0
72553,0,0
72653,0,0
72753,0,0
72853,0,0
72953,0,0
73053,0,0
73153,0,0
73253,0,0
73353,0,0
73453,0,0
73553,0,0
73653,0,0
73791,0,0
73837,1,1
73937,1,1
74037,1,1
74137,1,1
74237,1,1
74337,1,1
74437,1,1
74537,1,1
74637,1,1
74737,1,1
74837,1,1
74937,1,1
75037,1,1
75137,1,1
75238,1,1
75338,1,1
75438,1,1
75538,1,1
75638,1,1
75738,1,1
75838,1,1
75938,1,1
76038,1,1
76138,1,1
76238,1,1
76338,1,1
76438,1,1
76538,1,1
76638,1,1
76738,1,1
76838,1,1
76938,1,1
77038,1,1
77138,1,1
77238,1,1
77338,1,1
77438,1,1
77538,1,1
77638,1,1
77764,1,1
77864,1,1
77964,1,1
78064,1,1
78165,1,1
78265,1,1
78365,1,1
78465,1,1
78565,1,1
78665,1,1
78765,1,1
78865,1,1
78965,1,1
79065,1,1
79165,1,1
79265,1,1
79365,1,1
79465,1,1
79565,1,1
79665,1,1
79765,1,1
79865,1,1
79965,1,1
80065,1,1
80165,1,1
80265,1,1
80365,1,1
80465,1,1
80565,1,1
80665,1,1
80765,1,1
80865,1,1
80965,1,1
81065,1,1
81165,1,1
81265,1,1
81365,1,1
81465,1,1
81565,1,1
81665,1,1
81766,1,1
81850,1,1
81950,1,1
82050,1,1
82150,1,1
82250,1,1
82350,1,1
82450,1,1
82550,1,1
82650,1,1
82750,1,1
82850,1,1
82950,1,1
83050,1,1
83150,1,1
83250,1,1
83350,1,1
83450,1,1
83550,1,1
83650,1,1
83750,1,1
83850,1,1
83950,1,1
84050,1,1
84150,1,1
84251,1,1
84351,1,1
84451,1,1
84551,1,1
84651,1,1
84751,1,1
84851,1,1
84951,1,1
85051,1,1
85151,1,1
85251,1,1
85351,1,1
85451,1,1
85551,1,1
85651,1,1
85754,1,1
85852,1,1
85952,1,1
86052,1,1
86152,1,1
86252,1,1
86352,1,1
86452,1,1
86553,1,1
86653,1,1
86753,1,1
86853,1,1
86953,1,1
87053,1,1
87153,1,1
87253,1,1
87353,1,1
87453,1,1
87553,1,1
87653,1,1
87753,1,1
87853,1,1
87953,1,1
88053,1,1
88153,1,1
88253,1,1
88353,1,1
88453,1,1
88553,1,1
88653,1,1
88753,1,1
88853,1,1
88953,1,1
89053,1,1
89153,1,1
89253,1,1
89353,1,1
89454,1,1
89554,1,1
89654,1,1
89755,1,1
89852,1,1
89952,1,1
90052,1,1
90152,1,1
90252,1,1
90352,1,1
90452,1,1
90552,1,1
90652,1,1
90752,1,1
90852,1,1
90952,1,1
91052,1,1
91152,1,1
91252,1,1
91352,1,1
91452,1,1
91552,1,1
91652,1,1
91752,1,1
91852,1,1
91952,1,1
92052,1,1
92152,1,1
92252,1,1
92352,1,1
92452,1,1
92552,1,1
92652,1,1
92752,1,1
92852,1,1
92952,1,1
93052,1,1
93152,1,1
93252,1,1
93352,1,1
93452,1,1
93552,1,1
93652,1,1
93754,1,1
93851,1,1
93951,1,1
94051,1,1
94151,1,1
94251,1,1
94351,1,1
94451,1,1
94551,1,1
94651,1,1
94751,1,1
94851,1,1
94952,1,1
95052,1,1
95152,1,1
95252,1,1
95352,1,1
95452,1,1
95552,1,1
95652,1,1
95752,1,1
95852,1,1
95952,1,1
96052,1,1
96152,1,1
96252,1,1
96352,1,1
96452,1,1
96552,1,1
96652,1,1
96752,1,1
96852,1,1
96952,1,1
97052,1,1
97152,1,1
97252,1,1
97352,1,1
97452,1,1
97552,1,1
97652,1,1
97752,1,1
97853,1,1
97959,1,1
98046,1,1
98146,1,1
98246,1,1
98346,1,1
98446,1,1
98546,1,1
98646,1,1
98746,1,1
98846,1,1
98946,1,1
99046,1,1
99146,1,1
99246,1,1
99346,1,1
99446,1,1
99547,1,1
99647,1,1
99747,1,1
99847,1,1
99947,1,1
100047,1,1
100147,1,1
100247,1,1
100347,1,1
100447,1,1
100547,1,1
100647,1,1
100747,1,1
100847,1,1
100947,1,1
101047,1,1
101147,1,1
101247,1,1
101347,1,1
101447,1,1
101547,1,1
101647,1,1
101747,1,1
101847,1,1
101982,1,1
102082,1,1
102182,1,1
102282,1,1
102382,1,1
102483,1,1
102583,1,1
102683,1,1
102783,1,1
102883,1,1
102983,1,1
103083,1,1
103183,1,1
103283,1,1
103383,1,1
103483,1,1
103583,1,1
103683,1,1
103783,1,1
103883,1,1
103983,1,1
104083,1,1
104183,1,1
104283,1,1
104383,1,1
104483,1,1
104583,1,1
104683,1,1
104783,1,1
104883,1,1
104983,1,1
105083,1,1
105183,1,1
105283,1,1
105383,1,1
105483,1,1
105583,1,1
105683,1,1
105798,1,1
105898,1,1
105996,1,1
106096,1,1
106196,1,1
106296,1,1
106396,1,1
106496,1,1
106596,1,1
106696,1,1
106796,1,1
106896,1,1
106996,1,1
107096,1,1
107196,1,1
107296,1,1
107396,1,1
107496,1,1
107596,1,1
107696,1,1
107796,1,1
107896,1,1
107996,1,1
108096,1,1
108196,1,1
108296,1,1
108396,1,1
108497,1,1
108597,1,1
108697,1,1
108797,1,1
108897,1,1
108997,1,1
109097,1,1
109197,1,1
109297,1,1
109397,1,1
109497,1,1
109597,1,1
109697,1,1
109797,1,1
109897,1,1
109994,1,1
110094,1,1
110194,1,1
110294,1,1
110394,1,1
110494,1,1
110594,1,1
110694,1,1
110794,1,1
110894,1,1
110994,1,1
111094,1,1
111194,1,1
111294,1,1
111394,1,1
111494,1,1
111594,1,1
111694,1,1
111794,1,1
111894,1,1
111994,1,1
112094,1,1
112194,1,1
112294,1,1
112394,1,1
112494,1,1
112594,1,1
112694,1,1
112794,1,1
112894,1,1
112994,1,1
113094,1,1
113194,1,1
113294,1,1
113394,1,1
113494,1,1
113594,1,1
113694,1,1
113794,1,1
113894,1,1
113994,1,1
114094,1,1
114194,1,1
114294,1,1
114394,1,1
114494,1,1
114594,1,1
114694,1,1
114794,1,1
114894,1,1
114994,1,1
115094,1,1
115194,1,1
115294,1,1
115394,1,1
115494,1,1
115594,1,1
115694,1,1
115794,1,1
115894,1,1
115994,1,1
116094,1,1
116194,1,1
116294,1,1
116394,1,1
116494,1,1
116594,1,1
116694,1,1
116794,1,1
116894,1,1
116994,1,1
117094,1,1
117194,1,1
117294,1,1
117394,1,1
117494,1,1
117594,1,1
117694,1,1
117818,0,0
117918,0,0
118018,0,0
118118,0,0
118218,0,0
118318,0,0
118418,0,0
118518,0,0
118618,0,0
118718,0,0
118818,0,0
118918,0,0
119018,0,0
119118,0,0
119218,0,0
119318,0,0
119418,0,0
119518,0,0
119618,0,0
119718,0,0
119818,0,0
119918,0,0
120018,0,0
120118,0,0
120218,0,0
120318,0,0
120418,0,0
120518,0,0
120618,0,0
120718,0,0
120818,0,0
120918,0,0
121018,0,0
121118,0,0
121218,0,0
121318,0,0
121418,0,0
121518,0,0
121618,0,0
121718,0,0
121818,0,0
121918,0,0
122018,0,0
122118,0,0
122218,0,0
122318,0,0
122418,0,0
122518,0,0
122618,0,0
122718,0,0
122818,0,0
122918,0,0
123018,0,0
123118,0,0
123218,0,0
123318,0,0
123418,0,0
123518,0,0
123618,0,0
123718,0,0
123818,0,0
123918,0,0
124018,0,0
124118,0,0
124218,0,0
124318,0,0
124418,0,0
124518,0,0
124618,0,0
124718,0,0
124818,0,0
124918,0,0
125018,0,0
125118,0,0
125218,0,0
125318,0,0
125418,0,0
125518,0,0
125618,0,0
125718,0,0
125818,0,0
125918,0,0
126009,0,0
126109,0,0
126209,0,0
126309,0,0
126409,0,0
126509,0,0
126609,0,0
126709,0,0
126809,0,0
126909,0,0
127009,0,0
127109,0,0
127209,0,0
127309,0,0
127409,0,0
127509,0,0
127609,0,0
127709,0,0
127809,0,0
127909,0,0
128009,0,0
128109,0,0
128209,0,0
128309,0,0
128409,0,0
128509,0,0
128609,0,0
128709,0,0
128809,0,0
128909,0,0
129009,0,0
129109,0,0
129209,0,0
129309,0,0
129409,0,0
129509,0,0
129609,0,0
129709,0,0
129809,1,1
129909,1,1
130006,1,1
130106,1,1
130206,1,1
130306,1,1
130406,1,1
130506,1,1
130606,1,1
130706,1,1
130806,1,1
130906,1,1
131006,1,1
131106,1,1
131206,1,1
131306,1,1
131406,1,1
131506,1,1
131606,1,1
131706,1,1
131806,1,1
131906,1,1
132006,1,1
132106,1,1
132206,1,1
132306,1,1
132406,1,1
132506,1,1
132606,1,1
132706,1,1
132806,1,1
132906,1,1
133006,1,1
133106,1,1
133206,1,1
133306,1,1
133406,1,1
133506,1,1
133606,1,1
133706,1,1
133806,1,1
133906,1,1
134004,1,1
134104,1,1
134204,1,1
134304,1,1
134404,1,1
134504,1,1
134604,1,1
134704,1,1
134804,1,1
134904,1,1
135004,1,1
135104,1,1
135204,1,1
135304,1,1
135404,1,1
135504,1,1
135604,1,1
135704,1,1
135804,1,1
135904,1,1
136004,1,1
136104,1,1
136204,1,1
136304,1,1
136404,1,1
136504,1,1
136604,1,1
136704,1,1
136804,1,1
136904,1,1
137004,1,1
137104,1,1
137204,1,1
137304,1,1
137404,1,1
137504,1,1
137604,1,1
137704,1,1
137804,1,1
137904,1,1
138001,1,1
138101,1,1
138201,1,1
138301,1,1
138401,1,1
138501,1,1
138601,1,1
138701,1,1
138801,1,1
138901,1,1
139001,1,1
139101,1,1
139201,1,1
139301,1,1
139401,1,1
139501,1,1
139601,1,1
139701,1,1
139801,1,1
139901,1,1
140001,1,1
140101,1,1
140201,1,1
140301,1,1
140401,1,1
140501,1,1
140601,1,1
140701,1,1
140801,1,1
140901,1,1
141001,1,1
141101,1,1
141201,1,1
141301,1,1
141401,1,1
141501,1,1
141601,1,1
141701,1,1
141801,1,1
141901,1,1
142000,1,1
142100,1,1
142200,1,1
142300,1,1
142400,1,1
142500,1,1
142600,1,1
142700,1,1
142800,1,1
142900,1,1
143000,1,1
143100,1,1
143200,1,1
143300,1,1
143400,1,1
143500,1,1
143600,1,1
143700,1,1
143800,1,1
143900,1,1
144000,1,1
144100,1,1
144200,1,1
144300,1,1
144400,1,1
144500,1,1
144600,1,1
144700,1,1
144800,1,1
144900,1,1
145000,1,1
145100,1,1
145200,1,1
145300,1,1
145400,1,1
145500,1,1
145600,1,1
145700,1,1
145800,1,1
145900,1,1
145986,1,1
146086,1,1
146186,1,1
146286,1,1
146386,1,1
146486,1,1
146586,1,1
146686,1,1
146786,1,1
146886,1,1
146986,1,1
147086,1,1
147186,1,1
147286,1,1
147386,1,1
147486,1,1
147586,1,1
147686,1,1
147786,1,1
147886,1,1
147986,1,1
148086,1,1
148186,1,1
148286,1,1
148386,1,1
148486,1,1
148586,1,1
148686,1,1
148786,1,1
148886,1,1
148986,1,1
149086,1,1
149186,1,1
149286,1,1
149386,1,1
149486,1,1
149586,1,1
149686,1,1
149786,1,1
149886,1,1
149984,1,1
150084,1,1
150184,1,1
150284,1,1
150384,1,1
150484,1,1
150584,1,1
150684,1,1
150784,1,1
150884,1,1
150984,1,1
151084,1,1
151184,1,1
151284,1,1
151384,1,1
151484,1,1
151584,1,1
151684,1,1
151784,1,1
151884,1,1
151984,1,1
152084,1,1
152184,1,1
152284,1,1
152384,1,1
152484,1,1
152584,1,1
152684,1,1
152784,1,1
152884,1,1
152984,1,1
153084,1,1
153184,1,1
153284,1,1
153384,1,1
153484,1,1
153584,1,1
153684,1,1
153784,1,1
153884,1,1
153981,1,1
154081,1,1
154181,1,1
154281,1,1
154381,1,1
154481,1,1
154581,1,1
154681,1,1
154781,1,1
154881,1,1
154981,1,1
155081,1,1
155181,1,1
155281,1,1
155381,1,1
155481,1,1
155581,1,1
155681,1,1
155781,1,1
155881,1,1
155981,1,1
156081,1,1
156181,1,1
156281,1,1
156381,1,1
156481,1,1
156581,1,1
156681,1,1
156781,1,1
156881,1,1
156981,1,1
157081,1,1
157181,1,1
157281,1,1
157381,1,1
157481,1,1
157581,1,1
157681,1,1
157781,1,1
157881,1,1
157978,1,1
158078,1,1
158178,1,1
158278,1,1
158378,1,1
158478,1,1
158578,1,1
158678,1,1
158778,1,1
158878,1,1
158978,1,1
159078,1,1
159178,1,1
159278,1,1
159378,1,1
159478,1,1
159578,1,1
159678,1,1
159778,1,1
159878,1,1
159978,1,1
160078,1,1
160178,1,1
160278,1,1
160378,1,1
160478,1,1
160578,1,1
160678,1,1
160778,1,1
160878,1,1
160978,1,1
161078,1,1
161178,1,1
161278,1,1
161378,1,1
161478,1,1
161578,1,1
161678,1,1
161778,1,1
161878,1,1
161977,1,1
162077,1,1
162177,1,1
162277,1,1
162377,1,1
162477,1,1
162577,1,1
162677,1,1
162777,1,1
162877,1,1
162977,1,1
163077,1,1
163177,1,1
163277,1,1
163377,1,1
163477,1,1
163577,1,1
163677,1,1
163777,1,1
163877,1,1
163977,1,1
164077,1,1
164177,1,1
164277,1,1
164377,1,1
164477,1,1
164577,1,1
164677,1,1
164777,1,1
164877,1,1
164977,1,1
165077,1,1
165177,1,1
165277,1,1
165377,1,1
165477,1,1
165577,1,1
165677,1,1
165777,1,1
165877,1,1
165985,1,1
166068,1,1
166168,1,1
166268,1,1
166368,1,1
166468,1,1
166568,1,1
166668,1,1
166768,1,1
166868,1,1
166968,1,1
167068,1,1
167168,1,1
167268,1,1
167368,1,1
167468,1,1
167568,1,1
167668,1,1
167768,1,1
167868,1,1
167968,1,1
168068,1,1
168168,1,1
168268,1,1
168368,1,1
168468,1,1
168568,1,1
168668,1,1
168768,1,1
168868,1,1
168968,1,1
169068,1,1
169168,1,1
169268,1,1
169368,1,1
169468,1,1
169568,1,1
169668,1,1
169768,1,1
169868,1,1
169968,1,1
170068,1,1
170168,1,1
170268,1,1
170368,1,1
170468,1,1
170568,1,1
170668,1,1
170768,1,1
170868,1,1
170968,1,1
171068,1,1
171168,1,1
171268,1,1
171368,1,1
171468,1,1
171568,1,1
171668,1,1
171768,1,1
171868,1,1
171968,1,1
172068,1,1
172168,1,1
172268,1,1
172368,1,1
172468,1,1
172568,1,1
172668,1,1
172768,1,1
172868,1,1
172968,1,1
173068,1,1
173168,1,1
173268,1,1
173368,1,1
173468,1,1
173568,1,1
173668,1,1
173768,1,1
173868,1,1
173968,1,1
174068,0,0
174168,0,0
174268,0,0
174368,0,0
174468,0,0
174568,0,0
174668,0,0
174768,0,0
174868,0,0
174968,0,0
175068,0,0
175168,0,0
175268,0,0
175368,0,0
175468,0,0
175568,0,0
175668,0,0
175768,0,0
175868,0,0
175968,0,0
176068,0,0
176168,0,0
176268,0,0
176368,0,0
176468,0,0
176568,0,0
176668,0,0
176768,0,0
176868,0,0
176968,0,0
177068,0,0
177168,0,0
177268,0,0
177368,0,0
177468,0,0
177568,0,0
177668,0,0
177768,0,0
177868,0,0
177968,0,0
178068,0,0
178168,0,0
178268,0,0
178368,0,0
178468,0,0
178568,0,0
178668,0,0
178768,0,0
178868,0,0
178968,0,0
179068,0,0
179168,0,0
179268,0,0
179368,0,0
179468,0,0
179568,0,0
179668,0,0
179768,0,0
179868,0,0
179968,0,0
180068,0,0
180168,0,0
180268,0,0
180368,0,0
180468,0,0
180568,0,0
180668,0,0
180768,0,0
180868,0,0
180968,0,0
181068,0,0
181168,0,0
181268,0,0
181368,0,0
181468,0,0
181568,0,0
181668,0,0
181768,0,0
181868,0,0
181968,0,0
182068,0,0
182168,0,0
182268,0,0
182368,0,0
182468,0,0
182568,0,0
182668,0,0
182768,0,0
182868,0,0
182968,0,0
183068,0,0
183168,0,0
183268,0,0
183368,0,0
183468,0,0
183568,0,0
183668,0,0
183768,0,0
183868,0,0
183968,0,0
184068,0,0
184168,0,0
184268,0,0
184368,0,0
184468,0,0
184568,0,0
184668,0,0
184768,0,0
184868,0,0
184968,0,0
185068,0,0
185168,0,0
185268,0,0
185368,0,0
185468,0,0
185568,0,0
185668,0,0
185768,0,0
185868,0,0
185994,0,0
186068,1,1
186168,1,1
186268,1,1
186368,1,1
186468,1,1
186568,1,1
186668,1,1
186768,1,1
186868,1,1
186968,1,1
187068,1,1
187168,1,1
187268,1,1
187368,1,1
187468,1,1
187568,1,1
187668,1,1
187768,1,1
187868,1,1
187968,1,1
188069,1,1
188169,1,1
188269,1,1
188369,1,1
188469,1,1
188569,1,1
188669,1,1
188769,1,1
188869,1,1
188969,1,1
189069,1,1
189169,1,1
189269,1,1
189369,1,1
189469,1,1
189569,1,1
189669,1,1
189769,1,1
189869,1,1
189994,1,1
190094,1,1
190194,1,1
190294,1,1
190394,1,1
190494,1,1
190594,1,1
190694,1,1
190794,1,1
190894,1,1
190995,1,1
191095,1,1
191195,1,1
191295,1,1
191395,1,1
191495,1,1
191595,1,1
191695,1,1
191795,1,1
191895,1,1
191995,1,1
192095,1,1
192195,1,1
192295,1,1
192395,1,1
192495,1,1
192595,1,1
192695,1,1
192795,1,1
192895,1,1
192995,1,1
193095,1,1
193195,1,1
193295,1,1
193395,1,1
193495,1,1
193595,1,1
193695,1,1
193795,1,1
193895,1,1
193995,1,1
194093,1,1
194193,1,1
194293,1,1
194393,1,1
194493,1,1
194593,1,1
194693,1,1
194793,1,1
194893,1,1
194993,1,1
195093,1,1
195193,1,1
195293,1,1
195393,1,1
195493,1,1
195593,1,1
195693,1,1
195793,1,1
195893,1,1
195993,1,1
196093,1,1
196193,1,1
196293,1,1
196393,1,1
196493,1,1
196593,1,1
196693,1,1
196793,1,1
196893,1,1
196993,1,1
197093,1,1
197193,1,1
197293,1,1
197393,1,1
197493,1,1
197593,1,1
197693,1,1
197793,1,1
197893,1,1
197993,1,1
198090,1,1
198190,1,1
198290,1,1
198390,1,1
198490,1,1
198590,1,1
198690,1,1
198790,1,1
198890,1,1
198990,1,1
199090,1,1
199190,1,1
199290,1,1
199390,1,1
199490,1,1
199590,1,1
199690,1,1
199790,1,1
199890,1,1
199990,1,1
200090,1,1
200190,1,1
200290,1,1
200390,1,1
200490,1,1
200590,1,1
200690,1,1
200790,1,1
200890,1,1
200990,1,1
201090,1,1
201190,1,1
201290,1,1
201390,1,1
201490,1,1
201590,1,1
201690,1,1
201790,1,1
201890,1,1
201990,1,1
202092,1,1
202192,1,1
202292,1,1
202392,1,1
202492,1,1
202592,1,1
202692,1,1
202792,1,1
202892,1,1
202992,1,1
203092,1,1
203192,1,1
203292,1,1
203392,1,1
203492,1,1
203592,1,1
203692,1,1
203792,1,1
203892,1,1
203992,1,1
204092,1,1
204192,1,1
204292,1,1
204392,1,1
204492,1,1
204592,1,1
204692,1,1
204792,1,1
204892,1,1
204992,1,1
205092,1,1
205192,1,1
205292,1,1
205392,1,1
205492,1,1
205592,1,1
205692,1,1
205792,1,1
205892,1,1
205992,1,1
206097,1,1
206178,1,1
206278,1,1
206378,1,1
206478,1,1
206578,1,1
206678,1,1
206778,1,1
206878,1,1
206978,1,1
207078,1,1
207178,1,1
207278,1,1
207378,1,1
207478,1,1
207578,1,1
207678,1,1
207778,1,1
207878,1,1
207978,1,1
208078,1,1
208178,1,1
208278,1,1
208378,1,1
208478,1,1
208578,1,1
208678,1,1
208778,1,1
208878,1,1
208979,1,1
209079,1,1
209179,1,1
209279,1,1
209379,1,1
209479,1,1
209579,1,1
209679,1,1
209779,1,1
209879,1,1
209979,1,1
210083,1,1
210164,1,1
210264,1,1
210364,1,1
210464,1,1
210564,1,1
210664,1,1
210764,1,1
210864,1,1
210965,1,1
211065,1,1
211165,1,1
211265,1,1
211365,1,1
211465,1,1
211565,1,1
211665,1,1
211765,1,1
211865,1,1
211965,1,1
212065,1,1
212165,1,1
212265,1,1
212365,1,1
212465,1,1
212565,1,1
212665,1,1
212765,1,1
212865,1,1
212965,1,1
213065,1,1
213165,1,1
213265,1,1
213365,1,1
213465,1,1
213565,1,1
213665,1,1
213765,1,1
213866,1,1
213966,1,1
214086,1,1
214183,1,1
214283,1,1
214383,1,1
214483,1,1
214583,1,1
214683,1,1
214783,1,1
214883,1,1
214983,1,1
215083,1,1
215183,1,1
215283,1,1
215383,1,1
215483,1,1
215583,1,1
215683,1,1
215783,1,1
215883,1,1
215983,1,1
216083,1,1
216183,1,1
216283,1,1
216383,1,1
216483,1,1
216583,1,1
216683,1,1
216783,1,1
216883,1,1
216983,1,1
217083,1,1
217183,1,1
217283,1,1
217383,1,1
217483,1,1
217583,1,1
217683,1,1
217783,1,1
217883,1,1
217983,1,1
218112,1,1
218212,1,1
218312,1,1
218412,1,1
218512,1,1
218612,1,1
218712,1,1
218812,1,1
218912,1,1
219012,1,1
219112,1,1
219212,1,1
219312,1,1
219412,1,1
219512,1,1
219612,1,1
219712,1,1
219812,1,1
219912,1,1
220012,1,1
220112,1,1
220212,1,1
220312,1,1
220412,1,1
220512,1,1
220612,1,1
220712,1,1
220812,1,1
220912,1,1
221012,1,1
221112,1,1
221212,1,1
221312,1,1
221412,1,1
221512,1,1
221612,1,1
221712,1,1
221812,1,1
221912,1,1
222012,1,1
222112,1,1
222212,1,1
222309,1,1
222409,1,1
222509,1,1
222609,1,1
222709,1,1
222809,1,1
222909,1,1
223009,1,1
223109,1,1
223209,1,1
223309,1,1
223409,1,1
223509,1,1
223609,1,1
223709,1,1
223809,1,1
223909,1,1
224009,1,1
224109,1,1
224209,1,1
224309,1,1
224409,1,1
224509,1,1
224609,1,1
224709,1,1
224809,1,1
224909,1,1
225009,1,1
225109,1,1
225209,1,1
225309,1,1
225409,1,1
225509,1,1
225609,1,1
225709,1,1
225809,1,1
225909,1,1
226009,1,1
226109,1,1
226209,1,1
226309,1,1
226409,1,1
226509,1,1
226609,1,1
226709,1,1
226809,1,1
226909,1,1
227009,1,1
227109,1,1
227209,1,1
227309,1,1
227409,1,1
227509,1,1
227609,1,1
227709,1,1
227809,1,1
227909,1,1
228009,1,1
228109,1,1
228209,1,1
228309,1,1
228409,1,1
228509,1,1
228609,1,1
228709,1,1
228809,1,1
228909,1,1
229009,1,1
229109,1,1
229209,1,1
229309,1,1
229409,1,1
229509,1,1
229609,1,1
229709,1,1
229809,1,1
229909,1,1
230009,1,1
230109,1,1
230209,1,1
230313,0,0
230413,0,0
230513,0,0
230613,0,0
230713,0,0
230813,0,0
230913,0,0
231013,0,0
231113,0,0
231213,0,0
231313,0,0
231413,0,0
231513,0,0
231613,0,0
231713,0,0
231813,0,0
231913,0,0
232013,0,0
232113,0,0
232213,0,0
232313,0,0
232413,0,0
232513,0,0
232613,0,0
232713,0,0
232813,0,0
232913,0,0
233013,0,0
233113,0,0
233213,0,0
233313,0,0
233413,0,0
233513,0,0
233613,0,0
233713,0,0
233813,0,0
233913,0,0
234013,0,0
234113,0,0
234213,0,0
234313,0,0
234413,0,0
234513,0,0
234613,0,0
234713,0,0
234813,0,0
234913,0,0
235013,0,0
235113,0,0
235213,0,0
235313,0,0
235413,0,0
235513,0,0
235613,0,0
235713,0,0
235813,0,0
235913,0,0
236013,0,0
236113,0,0
236213,0,0
236313,0,0
236413,0,0
236513,0,0
236613,0,0
236713,0,0
236813,0,0
236913,0,0
237013,0,0
237113,0,0
237213,0,0
237313,0,0
237413,0,0
237513,0,0
237613,0,0
237713,0,0
237813,0,0
237913,0,0
238013,0,0
238113,0,0
238213,0,0
238313,0,0
238413,0,0
238513,0,0
238613,0,0
238713,0,0
238813,0,0
238913,0,0
239013,0,0
239113,0,0
239213,0,0
239313,0,0
239413,0,0
239513,0,0
239613,0,0
239713,0,0
239813,0,0
239913,0,0
240013,0,0
240113,0,0
240213,0,0
240313,0,0
240413,0,0
240513,0,0
240613,0,0
240713,0,0
240813,0,0
240913,0,0
241013,0,0
241113,0,0
241213,0,0
241313,0,0
241413,0,0
241513,0,0
241613,0,0
241713,0,0
241813,0,0
241913,0,0
242013,0,0
242113,0,0
242213,0,0
242313,0,0
242413,0,0
242513,0,0
242613,0,0
242713,0,0
242812,0,0
242912,1,1
243012,1,1
243112,1,1
243212,1,1
243312,1,1
243412,1,1
243512,1,1
243612,1,1
243712,1,1
243812,1,1
243912,1,1
244012,1,1
244112,1,1
244212,1,1
244312,1,1
244412,1,1
244512,1,1
244612,1,1
244712,1,1
244812,1,1
244912,1,1
245012,1,1
245112,1,1
245212,1,1
245312,1,1
245412,1,1
245512,1,1
245612,1,1
245712,1,1
245812,1,1
245912,1,1
246012,1,1
246112,1,1
246212,1,1
246312,1,1
246412,1,1
246512,1,1
246612,1,1
246712,1,1
246810,1,1
246910,1,1
247010,1,1
247110,1,1
247210,1,1
247310,1,1
247410,1,1
247510,1,1
247610,1,1
247710,1,1
247810,1,1
247910,1,1
248010,1,1
248110,1,1
248210,1,1
248310,1,1
248410,1,1
248510,1,1
248610,1,1
248710,1,1
248810,1,1
248910,1,1
249010,1,1
249110,1,1
249210,1,1
249310,1,1
249410,1,1
249510,1,1
249610,1,1
249710,1,1
249810,1,1
249910,1,1
250010,1,1
250110,1,1
250210,1,1
250310,1,1
250410,1,1
250510,1,1
250610,1,1
250710,1,1
250808,1,1
250923,1,1
251022,1,1
251122,1,1
251222,1,1
251322,1,1
251422,1,1
251522,1,1
251622,1,1
251722,1,1
251822,1,1
251922,1,1
252022,1,1
252122,1,1
252222,1,1
252322,1,1
252422,1,1
252522,1,1
252622,1,1
252722,1,1
252822,1,1
252922,1,1
253022,1,1
253122,1,1
253223,1,1
253323,1,1
253423,1,1
253523,1,1
253623,1,1
253723,1,1
253823,1,1
253923,1,1
254023,1,1
254123,1,1
254223,1,1
254323,1,1
254423,1,1
254523,1,1
254623,1,1
254723,1,1
254820,1,1
254928,1,1
255028,1,1
255128,1,1
255228,1,1
255328,1,1
255428,1,1
255528,1,1
255628,1,1
255728,1,1
255828,1,1
255928,1,1
256028,1,1
256128,1,1
256228,1,1
256328,1,1
256428,1,1
256528,1,1
256628,1,1
256728,1,1
256828,1,1
256928,1,1
257028,1,1
257128,1,1
257228,1,1
257328,1,1
257428,1,1
257529,1,1
257629,1,1
257729,1,1
257829,1,1
257929,1,1
258029,1,1
258129,1,1
258229,1,1
258329,1,1
258429,1,1
258529,1,1
258629,1,1
258729,1,1
258829,1,1
258929,1,1
259015,1,1
259115,1,1
259215,1,1
259315,1,1
259415,1,1
259515,1,1
259615,1,1
259715,1,1
259815,1,1
259915,1,1
260015,1,1
260115,1,1
260215,1,1
260315,1,1
260415,1,1
260515,1,1
260615,1,1
260715,1,1
260815,1,1
260915,1,1
261015,1,1
261115,1,1
261215,1,1
261315,1,1
261415,1,1
261515,1,1
261615,1,1
261715,1,1
261815,1,1
261915,1,1
262015,1,1
262115,1,1
262215,1,1
262315,1,1
262415,1,1
262515,1,1
262615,1,1
262715,1,1
262815,1,1
262915,1,1
263014,1,1
263114,1,1
263214,1,1
263314,1,1
263414,1,1
263514,1,1
263614,1,1
263714,1,1
263814,1,1
263914,1,1
264014,1,1
264114,1,1
264214,1,1
264314,1,1
264414,1,1
264514,1,1
264614,1,1
264714,1,1
264814,1,1
264914,1,1
265014,1,1
265114,1,1
265214,1,1
265314,1,1
265414,1,1
265514,1,1
265614,1,1
265714,1,1
265814,1,1
265914,1,1
266014,1,1
266114,1,1
266214,1,1
266314,1,1
266414,1,1
266514,1,1
266614,1,1
266714,1,1
266814,1,1
266914,1,1
267010,1,1
267110,1,1
267210,1,1
267310,1,1
267410,1,1
267510,1,1
267610,1,1
267710,1,1
267810,1,1
267910,1,1
268010,1,1
268110,1,1
268210,1,1
268310,1,1
268410,1,1
268510,1,1
268610,1,1
268710,1,1
268810,1,1
268910,1,1
269010,1,1
269110,1,1
269210,1,1
269310,1,1
269410,1,1
269510,1,1
269610,1,1
269710,1,1
269810,1,1
269910,1,1
270010,1,1
270110,1,1
270210,1,1
270310,1,1
270410,1,1
270510,1,1
270610,1,1
270710,1,1
270810,1,1
270910,1,1
271010,1,1
271089,1,1
271189,1,1
271289,1,1
271389,1,1
271489,1,1
271589,1,1
271689,1,1
271789,1,1
271889,1,1
271989,1,1
272089,1,1
272189,1,1
272289,1,1
272389,1,1
272489,1,1
272589,1,1
272689,1,1
272789,1,1
272889,1,1
272989,1,1
273089,1,1
273189,1,1
273289,1,1
273389,1,1
273489,1,1
273589,1,1
273689,1,1
273789,1,1
273889,1,1
273989,1,1
274089,1,1
274189,1,1
274289,1,1
274389,1,1
274489,1,1
274589,1,1
274689,1,1
274789,1,1
274889,1,1
274991,1,1
275093,1,1
275193,1,1
275293,1,1
275393,1,1
275493,1,1
275593,1,1
275693,1,1
275793,1,1
275893,1,1
275993,1,1
276094,1,1
276194,1,1
276294,1,1
276394,1,1
276494,1,1
276594,1,1
276694,1,1
276794,1,1
276894,1,1
276994,1,1
277094,1,1
277194,1,1
277294,1,1
277394,1,1
277494,1,1
277594,1,1
277694,1,1
277794,1,1
277894,1,1
277994,1,1
278094,1,1
278194,1,1
278294,1,1
278394,1,1
278494,1,1
278594,1,1
278694,1,1
278794,1,1
278894,1,1
279003,1,1
279101,1,1
279201,1,1
279301,1,1
279401,1,1
279501,1,1
279601,1,1
279701,1,1
279801,1,1
279901,1,1
280001,1,1
280101,1,1
280201,1,1
280301,1,1
280401,1,1
280501,1,1
280601,1,1
280701,1,1
280801,1,1
280901,1,1
281001,1,1
281101,1,1
281201,1,1
281301,1,1
281401,1,1
281501,1,1
281601,1,1
281701,1,1
281801,1,1
281901,1,1
282001,1,1
282101,1,1
282201,1,1
282301,1,1
282401,1,1
282501,1,1
282601,1,1
282701,1,1
282801,1,1
282901,1,1
283001,1,1
283101,1,1
283201,1,1
283301,1,1
283401,1,1
283501,1,1
283601,1,1
283701,1,1
283801,1,1
283901,1,1
284001,1,1
284101,1,1
284201,1,1
284301,1,1
284401,1,1
284501,1,1
284601,1,1
284701,1,1
284801,1,1
284901,1,1
285001,1,1
285101,1,1
285201,1,1
285301,1,1
285401,1,1
285501,1,1
285601,1,1
285701,1,1
285801,1,1
285901,1,1
286001,1,1
286101,1,1
286201,1,1
286301,1,1
286401,1,1
286501,1,1
286601,1,1
286701,1,1
286801,1,1
286901,1,1
287001,1,1
287101,0,0
287201,0,0
287301,0,0
287401,0,0
287501,0,0
287601,0,0
287701,0,0
287801,0,0
287901,0,0
288001,0,0
288101,0,0
288201,0,0
288301,0,0
288401,0,0
288501,0,0
288601,0,0
288701,0,0
288801,0,0
288901,0,0
289001,0,0
289101,0,0
289201,0,0
289301,0,0
289401,0,0
289501,0,0
289601,0,0
289701,0,0
289801,0,0
289901,0,0
290001,0,0
290101,0,0
290201,0,0
290301,0,0
290401,0,0
290501,0,0
290601,0,0
290701,0,0
290801,0,0
290901,0,0
291001,0,0
291101,0,0
291201,0,0
291301,0,0
291401,0,0
291501,0,0
291601,0,0
291701,0,0
291801,0,0
291901,0,0
292001,0,0
292101,0,0
292201,0,0
292301,0,0
292401,0,0
292501,0,0
292601,0,0
292701,0,0
292801,0,0
292901,0,0
293001,0,0
293101,0,0
293201,0,0
293301,0,0
293401,0,0
293501,0,0
293601,0,0
293701,0,0
293801,0,0
293901,0,0
294001,0,0
294101,0,0
294201,0,0
294301,0,0
294401,0,0
294501,0,0
294601,0,0
294701,0,0
294801,0,0
294901,0,0
295001,0,0
295101,0,0
295201,0,0
295301,0,0
295401,0,0
295501,0,0
295601,0,0
295701,0,0
295801,0,0
295901,0,0
296001,0,0
296101,0,0
296201,0,0
296301,0,0
296401,0,0
296501,0,0
296601,0,0
296701,0,0
296801,0,0
296901,0,0
297001,0,0
297101,0,0
297201,0,0
297301,0,0
297401,0,0
297501,0,0
297601,0,0
297701,0,0
297801,0,0
297901,0,0
298001,0,0
298101,0,0
298201,0,0
298301,0,0
298401,0,0
298501,0,0
298601,0,0
298701,0,0
298801,0,0
298901,0,0
299001,0,0
299101,0,0
299201,0,0
299301,0,0
299401,0,0
299501,0,0
299657,0,0
299714,1,1
299814,1,1
299914,1,1
300014,1,1
300114,1,1
300214,1,1
300314,1,1
300414,1,1
300514,1,1
300614,1,1
300714,1,1
300814,1,1
300914,1,1
301014,1,1
301114,1,1
301214,1,1
301314,1,1
301414,1,1
301514,1,1
301614,1,1
301714,1,1
301814,1,1
301914,1,1
302014,1,1
302114,1,1
302214,1,1
302314,1,1
302414,1,1
302514,1,1
302614,1,1
302714,1,1
302814,1,1
302914,1,1
303014,1,1
303114,1,1
303214,1,1
303314,1,1
303414,1,1
303514,1,1
303656,1,1
303756,1,1
303856,1,1
303956,1,1
304056,1,1
304156,1,1
304256,1,1
304356,1,1
304456,1,1
304556,1,1
304656,1,1
304756,1,1
304856,1,1
304956,1,1
305056,1,1
305156,1,1
305256,1,1
305356,1,1
305456,1,1
305556,1,1
305656,1,1
305756,1,1
305856,1,1
305956,1,1
306056,1,1
306156,1,1
306256,1,1
306356,1,1
306456,1,1
306556,1,1
306656,1,1
306756,1,1
306856,1,1
306956,1,1
307056,1,1
307156,1,1
307256,1,1
307356,1,1
307456,1,1
307556,1,1
307654,1,1
307754,1,1
307854,1,1
307954,1,1
308054,1,1
308154,1,1
308254,1,1
308354,1,1
308454,1,1
308554,1,1
308654,1,1
308754,1,1
308854,1,1
308954,1,1
309054,1,1
309154,1,1
309254,1,1
309354,1,1
309454,1,1
309554,1,1
309654,1,1
309754,1,1
309854,1,1
309954,1,1
310054,1,1
310154,1,1
310254,1,1
310354,1,1
310454,1,1
310554,1,1
310654,1,1
310754,1,1
310854,1,1
310954,1,1
311054,1,1
311154,1,1
311254,1,1
311354,1,1
311454,1,1
311554,1,1
311662,1,1
311734,1,1
311834,1,1
311934,1,1
312034,1,1
312134,1,1
312234,1,1
312334,1,1
312434,1,1
312534,1,1
312634,1,1
312734,1,1
312834,1,1
312934,1,1
313034,1,1
313134,1,1
313234,1,1
313334,1,1
313434,1,1
313534,1,1
313634,1,1
313734,1,1
313834,1,1
313934,1,1
314034,1,1
314134,1,1
314234,1,1
314334,1,1
314434,1,1
314534,1,1
314634,1,1
314734,1,1
314834,1,1
314934,1,1
315034,1,1
315134,1,1
315234,1,1
315334,1,1
315434,1,1
315534,1,1
315658,1,1
315758,1,1
315858,1,1
315958,1,1
316058,1,1
316158,1,1
316258,1,1
316358,1,1
316458,1,1
316558,1,1
316658,1,1
316758,1,1
316858,1,1
316958,1,1
317058,1,1
317158,1,1
317258,1,1
317358,1,1
317458,1,1
317558,1,1
317658,1,1
317758,1,1
317858,1,1
317958,1,1
318058,1,1
318158,1,1
318258,1,1
318358,1,1
318458,1,1
318558,1,1
318658,1,1
318758,1,1
318858,1,1
318958,1,1
319058,1,1
319158,1,1
319258,1,1
319358,1,1
319458,1,1
319558,1,1
319658,1,1
319740,1,1
319840,1,1
319940,1,1
320040,1,1
320140,1,1
320240,1,1
320340,1,1
320440,1,1
320540,1,1
320640,1,1
320740,1,1
320840,1,1
320940,1,1
321040,1,1
321140,1,1
321240,1,1
321340,1,1
321440,1,1
321540,1,1
321640,1,1
321740,1,1
321840,1,1
321940,1,1
322040,1,1
322140,1,1
322240,1,1
322340,1,1
322440,1,1
322540,1,1
322640,1,1
322740,1,1
322840,1,1
322940,1,1
323040,1,1
323140,1,1
323240,1,1
323340,1,1
323440,1,1
323540,1,1
323640,1,1
323740,1,1
323848,1,1
323942,1,1
324042,1,1
324142,1,1
324242,1,1
324342,1,1
324442,1,1
324542,1,1
324642,1,1
324742,1,1
324842,1,1
324942,1,1
325042,1,1
325142,1,1
325242,1,1
325342,1,1
325442,1,1
325542,1,1
325642,1,1
325742,1,1
325842,1,1
325942,1,1
326042,1,1
326142,1,1
326242,1,1
326342,1,1
326442,1,1
326542,1,1
326642,1,1
326742,1,1
326842,1,1
326942,1,1
327042,1,1
327142,1,1
327242,1,1
327342,1,1
327442,1,1
327542,1,1
327674,1,1
327774,1,1
327902,1,1
328002,1,1
328102,1,1
328202,1,1
328302,1,1
328402,1,1
328502,1,1
328602,1,1
328702,1,1
328802,1,1
328902,1,1
329002,1,1
329102,1,1
329202,1,1
329302,1,1
329402,1,1
329502,1,1
329602,1,1
329702,1,1
329802,1,1
329902,1,1
330002,1,1
330102,1,1
330202,1,1
330302,1,1
330402,1,1
330502,1,1
330602,1,1
330702,1,1
330802,1,1
330902,1,1
331002,1,1
331102,1,1
331202,1,1
331302,1,1
331402,1,1
331502,1,1
331602,1,1
331702,1,1
331802,1,1
331898,1,1
331998,1,1
332098,1,1
332198,1,1
332298,1,1
332398,1,1
332498,1,1
332598,1,1
332698,1,1
332798,1,1
332898,1,1
332998,1,1
333098,1,1
333198,1,1
333298,1,1
333398,1,1
333498,1,1
333598,1,1
333698,1,1
333798,1,1
333898,1,1
333998,1,1
334098,1,1
334198,1,1
334298,1,1
334398,1,1
334498,1,1
334598,1,1
334698,1,1
334798,1,1
334898,1,1
334998,1,1
335098,1,1
335198,1,1
335298,1,1
335398,1,1
335498,1,1
335598,1,1
335698,1,1
335798,1,1
335897,1,1
335997,1,1
336097,1,1
336197,1,1
336297,1,1
336397,1,1
336497,1,1
336597,1,1
336697,1,1
336797,1,1
336897,1,1
336997,1,1
337097,1,1
337197,1,1
337297,1,1
337397,1,1
337497,1,1
337597,1,1
337697,1,1
337797,1,1
337897,1,1
337997,1,1
338097,1,1
338197,1,1
338297,1,1
338397,1,1
338497,1,1
338597,1,1
338697,1,1
338797,1,1
338897,1,1
338997,1,1
339097,1,1
339197,1,1
339297,1,1
339397,1,1
339497,1,1
339597,1,1
339697,1,1
339797,1,1
339897,1,1
339997,1,1
340097,1,1
340197,1,1
340297,1,1
340397,1,1
340497,1,1
340597,1,1
340697,1,1
340797,1,1
340897,1,1
340997,1,1
341097,1,1
341197,1,1
341297,1,1
341397,1,1
341497,1,1
341597,1,1
341697,1,1
341797,1,1
341897,1,1
341997,1,1
342097,1,1
342197,1,1
342297,1,1
342397,1,1
342497,1,1
342597,1,1
342697,1,1
342797,1,1
342897,1,1
342997,1,1
343097,1,1
343197,1,1
343297,1,1
343397,1,1
343497,1,1
343597,1,1
343697,1,1
343797,1,1
343897,1,1
343997,1,1
344097,1,1
344197,1,1
344297,1,1
344397,1,1
344497,1,1
344597,1,1
344697,1,1
344797,1,1
344897,1,1
344997,1,1
345097,1,1
345197,1,1
345297,1,1
345397,1,1
345497,1,1
345597,1,1
345697,1,1
345797,1,1
345897,1,1
345997,1,1
346097,1,1
346197,1,1
346297,1,1
346397,1,1
346497,1,1
346597,1,1
346697,1,1
346797,1,1
346897,1,1
346997,1,1
347097,1,1
347197,1,1
347297,1,1
347397,1,1
347497,1,1
347597,1,1
347714,0,0
347814,0,0
347914,0,0
348014,0,0
348114,0,0
348214,0,0
348314,0,0
348414,0,0
348514,0,0
348614,0,0
348714,0,0
348814,0,0
348914,0,0
349014,0,0
349114,0,0
349215,0,0
349315,0,0
349415,0,0
349515,0,0
349615,0,0
349715,0,0
349815,0,0
349915,0,0
350015,0,0
350115,0,0
350215,0,0
350315,0,0
350415,0,0
350515,0,0
350615,0,0
350715,0,0
350815,0,0
350915,0,0
351015,0,0
351115,0,0
351215,0,0
351315,0,0
351415,0,0
351515,0,0
351615,0,0
351715,0,0
351815,0,0
351915,0,0
352015,0,0
352116,0,0
352216,0,0
352316,0,0
352416,0,0
352516,0,0
352616,0,0
352716,0,0
352816,0,0
352916,0,0
353016,0,0
353116,0,0
353216,0,0
353316,0,0
353416,0,0
353516,0,0
353616,0,0
353716,0,0
353816,0,0
353916,0,0
354016,0,0
354116,0,0
354216,0,0
354316,0,0
354416,0,0
354516,0,0
354616,0,0
354716,0,0
354816,0,0
354916,0,0
355017,0,0
355117,0,0
355217,0,0
355317,0,0
355417,0,0
355517,0,0
355617,0,0
355717,1,1
355817,1,1
355917,1,1
356017,1,1
356117,1,1
356217,1,1
356317,1,1
356417,1,1
356517,1,1
356617,1,1
356717,1,1
356817,1,1
356917,1,1
357017,1,1
357117,1,1
357217,1,1
357317,1,1
357417,1,1
357517,1,1
357617,1,1
357717,1,1
357817,1,1
357917,1,1
358017,1,1
358117,1,1
358217,1,1
358304,1,1
358404,1,1
358504,1,1
358604,1,1
358704,1,1
358804,1,1
358904,1,1
359004,1,1
359104,1,1
359204,1,1
359304,1,1
359404,1,1
359504,1,1
359604,1,1
359704,1,1
359804,1,1
359904,1,1
360004,1,1
360104,1,1
360204,1,1
360304,1,1
360404,1,1
360504,1,1
360604,1,1
360704,1,1
360804,1,1
360904,1,1
361004,1,1
361104,1,1
361204,1,1
361304,1,1
361404,1,1
361504,1,1
361604,1,1
361704,1,1
361804,1,1
361904,1,1
362004,1,1
362104,1,1
362204,1,1
362301,1,1
362401,1,1
362501,1,1
362601,1,1
362701,1,1
362801,1,1
362901,1,1
363001,1,1
363101,1,1
363201,1,1
363301,1,1
363401,1,1
363501,1,1
363601,1,1
363701,1,1
363801,1,1
363901,1,1
364001,1,1
364101,1,1
364201,1,1
364301,1,1
364401,1,1
364501,1,1
364601,1,1
364701,1,1
364801,1,1
364901,1,1
365001,1,1
365101,1,1
365201,1,1
365301,1,1
365401,1,1
365501,1,1
365601,1,1
365701,1,1
365801,1,1
365901,1,1
366001,1,1
366101,1,1
366201,1,1
366299,1,1
366399,1,1
366499,1,1
366599,1,1
366699,1,1
366799,1,1
366899,1,1
366999,1,1
367099,1,1
367199,1,1
367299,1,1
367399,1,1
367499,1,1
367599,1,1
367715,1,1
367815,1,1
367915,1,1
368015,1,1
368115,1,1
368215,1,1
368315,1,1
368415,1,1
368515,1,1
368615,1,1
368715,1,1
368815,1,1
368915,1,1
369015,1,1
369115,1,1
369215,1,1
369315,1,1
369415,1,1
369515,1,1
369615,1,1
369715,1,1
369815,1,1
369915,1,1
370015,1,1
370115,1,1
370215,1,1
370312,1,1
370412,1,1
370512,1,1
370612,1,1
370712,1,1
370812,1,1
370912,1,1
371012,1,1
371112,1,1
371212,1,1
371312,1,1
371412,1,1
371512,1,1
371612,1,1
371714,1,1
371814,1,1
371914,1,1
372014,1,1
372114,1,1
372214,1,1
372314,1,1
372414,1,1
372514,1,1
372614,1,1
372714,1,1
372814,1,1
372914,1,1
373014,1,1
373114,1,1
373215,1,1
373315,1,1
373415,1,1
373515,1,1
373615,1,1
373715,1,1
373815,1,1
373915,1,1
374015,1,1
374115,1,1
374215,1,1
374314,1,1
374414,1,1
374514,1,1
374614,1,1
374714,1,1
374814,1,1
374914,1,1
375014,1,1
375114,1,1
375214,1,1
375314,1,1
375414,1,1
375514,1,1
375614,1,1
375714,1,1
375814,1,1
375914,1,1
376014,1,1
376115,1,1
376215,1,1
376315,1,1
376415,1,1
376515,1,1
376615,1,1
376715,1,1
376815,1,1
376915,1,1
377015,1,1
377115,1,1
377215,1,1
377315,1,1
377415,1,1
377515,1,1
377615,1,1
377715,1,1
377815,1,1
377915,1,1
378015,1,1
378115,1,1
378215,1,1
378312,1,1
378412,1,1
378512,1,1
378612,1,1
378712,1,1
378812,1,1
378912,1,1
379012,1,1
379112,1,1
379212,1,1
379312,1,1
379412,1,1
379512,1,1
379612,1,1
379718,1,1
379818,1,1
379918,1,1
380018,1,1
380118,1,1
380218,1,1
380318,1,1
380418,1,1
380518,1,1
380618,1,1
380718,1,1
380818,1,1
380918,1,1
381019,1,1
381119,1,1
381219,1,1
381319,1,1
381419,1,1
381519,1,1
381619,1,1
381719,1,1
381819,1,1
381919,1,1
382019,1,1
382119,1,1
382219,1,1
382316,1,1
382416,1,1
382516,1,1
382616,1,1
382716,1,1
382816,1,1
382916,1,1
383016,1,1
383116,1,1
383216,1,1
383316,1,1
383416,1,1
383516,1,1
383616,1,1
383720,1,1
383820,1,1
383920,1,1
384020,1,1
384120,1,1
384220,1,1
384320,1,1
384420,1,1
384520,1,1
384620,1,1
384720,1,1
384820,1,1
384920,1,1
385020,1,1
385120,1,1
385220,1,1
385320,1,1
385420,1,1
385520,1,1
385620,1,1
385720,1,1
385820,1,1
385920,1,1
386020,1,1
386120,1,1
386221,1,1
386319,1,1
386419,1,1
386519,1,1
386619,1,1
386719,1,1
386819,1,1
386919,1,1
387019,1,1
387119,1,1
387219,1,1
387319,1,1
387419,1,1
387519,1,1
387619,1,1
387722,1,1
387822,1,1
387922,1,1
388022,1,1
388122,1,1
388222,1,1
388322,1,1
388422,1,1
388523,1,1
388623,1,1
388723,1,1
388823,1,1
388923,1,1
389023,1,1
389123,1,1
389223,1,1
389323,1,1
389423,1,1
389523,1,1
389623,1,1
389723,1,1
389823,1,1
389923,1,1
390023,1,1
390123,1,1
390223,1,1
390320,1,1
390420,1,1
390520,1,1
390620,1,1
390720,1,1
390820,1,1
390920,1,1
391020,1,1
391120,1,1
391220,1,1
391320,1,1
391420,1,1
391520,1,1
391620,1,1
391720,1,1
391820,1,1
391920,1,1
392020,1,1
392120,1,1
392220,1,1
392320,1,1
392420,1,1
392520,1,1
392620,1,1
392720,1,1
392820,1,1
392920,1,1
393020,1,1
393120,1,1
393220,1,1
393320,1,1
393420,1,1
393520,1,1
393620,1,1
393720,1,1
393820,1,1
393920,1,1
394020,1,1
394120,1,1
394220,1,1
394317,1,1
394417,1,1
394517,1,1
394617,1,1
394717,1,1
394817,1,1
394917,1,1
395017,1,1
395117,1,1
395217,1,1
395317,1,1
395417,1,1
395517,1,1
395617,1,1
395732,1,1
395832,1,1
395932,1,1
396032,1,1
396132,1,1
396232,1,1
396332,1,1
396432,1,1
396532,1,1
396632,1,1
396732,1,1
396832,1,1
396932,1,1
397032,1,1
397132,1,1
397232,1,1
397332,1,1
397432,1,1
397532,1,1
397632,1,1
397733,1,1
397833,1,1
397933,1,1
398033,1,1
398133,1,1
398233,1,1
398333,1,1
398433,1,1
398533,1,1
398633,1,1
398733,1,1
398833,1,1
398933,1,1
399033,1,1
399133,1,1
399233,1,1
399333,1,1
399433,1,1
399533,1,1
399633,1,1
399733,1,1
399833,1,1
399933,1,1
400033,1,1
400133,1,1
400233,1,1
400333,1,1
400433,1,1
400533,1,1
400633,1,1
400733,1,1
400833,1,1
400933,1,1
401033,1,1
401133,1,1
401233,1,1
401333,1,1
401433,1,1
401533,1,1
401633,1,1
401733,1,1
401833,1,1
401933,1,1
402033,1,1
402133,1,1
402233,1,1
402333,1,1
402433,1,1
402533,1,1
402633,1,1
402733,1,1
402833,1,1
402933,1,1
403033,1,1
403133,1,1
403233,1,1
403333,1,1
403433,1,1
403533,1,1
403633,1,1
403760,0,0
403860,0,0
403960,0,0
404060,0,0
404160,0,0
404261,0,0
404361,0,0
404461,0,0
404561,0,0
404661,0,0
404761,0,0
404861,0,0
404961,0,0
405061,0,0
405161,0,0
405261,0,0
405361,0,0
405461,0,0
405561,0,0
405661,0,0
405761,0,0
405861,0,0
405961,0,0
406061,0,0
406161,0,0
406261,0,0
406361,0,0
406461,0,0
406561,0,0
406661,0,0
406761,0,0
406861,0,0
406961,0,0
407061,0,0
407161,0,0
407261,0,0
407361,0,0
407461,0,0
407561,0,0
407661,0,0
407761,0,0
407861,0,0
407961,0,0
408061,0,0
408161,0,0
408261,0,0
408361,0,0
408461,0,0
408561,0,0
408661,0,0
408761,0,0
408861,0,0
408961,0,0
409061,0,0
409161,0,0
409261,0,0
409361,0,0
409461,0,0
409561,0,0
409661,0,0
409761,0,0
409861,0,0
409961,0,0
410061,0,0
410161,0,0
410261,0,0
410361,0,0
410461,0,0
410561,0,0
410661,0,0
410761,0,0
410861,0,0
410961,0,0
411061,0,0
411161,0,0
411261,0,0
411361,0,0
411461,0,0
411561,0,0
411661,0,0
411761,0,0
411861,0,0
411961,0,0
412061,0,0
412161,0,0
412261,0,0
412361,0,0
412461,0,0
412561,0,0
412661,0,0
412761,0,0
412861,0,0
412961,0,0
413061,0,0
413161,0,0
413261,0,0
413361,0,0
413461,0,0
413561,0,0
413661,0,0
413761,0,0
413861,0,0
413961,0,0
414061,0,0
414161,0,0
414261,0,0
414361,0,0
414461,0,0
414561,0,0
414661,0,0
414761,0,0
414861,0,0
414961,0,0
415061,0,0
415161,0,0
415261,0,0
415361,0,0
415461,0,0
415561,0,0
415661,0,0
415761,0,0
415861,0,0
415961,0,0
416061,0,0
416126,1,1
416226,1,1
416326,1,1
416426,1,1
416526,1,1
416626,1,1
416726,1,1
416826,1,1
416926,1,1
417026,1,1
417126,1,1
417226,1,1
417326,1,1
417426,1,1
417526,1,1
417626,1,1
417726,1,1
417826,1,1
417926,1,1
418026,1,1
418126,1,1
418226,1,1
418326,1,1
418426,1,1
418526,1,1
418626,1,1
418726,1,1
418826,1,1
418926,1,1
419026,1,1
419126,1,1
419226,1,1
419326,1,1
419426,1,1
419526,1,1
419626,1,1
419726,1,1
419826,1,1
419926,1,1
420026,1,1
420136,1,1
420236,1,1
420336,1,1
420436,1,1
420536,1,1
420636,1,1
420736,1,1
420836,1,1
420936,1,1
421036,1,1
421136,1,1
421236,1,1
421336,1,1
421436,1,1
421536,1,1
421636,1,1
421736,1,1
421836,1,1
421936,1,1
422036,1,1
422136,1,1
422236,1,1
422336,1,1
422436,1,1
422536,1,1
422636,1,1
422736,1,1
422836,1,1
422936,1,1
423036,1,1
423136,1,1
423236,1,1
423336,1,1
423436,1,1
423536,1,1
423636,1,1
423736,1,1
423836,1,1
423936,1,1
424036,1,1
424124,1,1
424224,1,1
424324,1,1
424424,1,1
424524,1,1
424624,1,1
424724,1,1
424824,1,1
424924,1,1
425024,1,1
425124,1,1
425224,1,1
425324,1,1
425424,1,1
425524,1,1
425624,1,1
425724,1,1
425824,1,1
425924,1,1
426024,1,1
426124,1,1
426224,1,1
426324,1,1
426424,1,1
426524,1,1
426624,1,1
426724,1,1
426824,1,1
426924,1,1
427024,1,1
427124,1,1
427224,1,1
427324,1,1
427424,1,1
427524,1,1
427624,1,1
427724,1,1
427824,1,1
427924,1,1
428024,1,1
428127,1,1
428227,1,1
428327,1,1
428427,1,1
428527,1,1
428627,1,1
428727,1,1
428827,1,1
428927,1,1
429027,1,1
429127,1,1
429227,1,1
429327,1,1
429427,1,1
429527,1,1
429627,1,1
429727,1,1
429827,1,1
429927,1,1
430027,1,1
430127,1,1
430227,1,1
430327,1,1
430427,1,1
430527,1,1
430627,1,1
430727,1,1
430827,1,1
430927,1,1
431027,1,1
431127,1,1
431227,1,1
431327,1,1
431427,1,1
431527,1,1
431627,1,1
431727,1,1
431827,1,1
431927,1,1
432027,1,1
432129,1,1
432229,1,1
432329,1,1
432429,1,1
432529,1,1
432629,1,1
432729,1,1
432829,1,1
432929,1,1
433029,1,1
433129,1,1
433229,1,1
433329,1,1
433429,1,1
433529,1,1
433629,1,1
433729,1,1
433829,1,1
433929,1,1
434029,1,1
434129,1,1
434229,1,1
434329,1,1
434429,1,1
434529,1,1
434629,1,1
434729,1,1
434829,1,1
434929,1,1
435029,1,1
435129,1,1
435229,1,1
435329,1,1
435429,1,1
435529,1,1
435629,1,1
435729,1,1
435829,1,1
435929,1,1
436029,1,1
436127,1,1
436227,1,1
436327,1,1
436427,1,1
436527,1,1
436627,1,1
436727,1,1
436827,1,1
436927,1,1
437027,1,1
437127,1,1
437227,1,1
437327,1,1
437427,1,1
437527,1,1
437627,1,1
437727,1,1
437827,1,1
437927,1,1
438027,1,1
438127,1,1
438227,1,1
438327,1,1
438427,1,1
438527,1,1
438627,1,1
438727,1,1
438827,1,1
438927,1,1
439027,1,1
439127,1,1
439227,1,1
439327,1,1
439427,1,1
439527,1,1
439627,1,1
439727,1,1
439827,1,1
439927,1,1
440027,1,1
440125,1,1
440225,1,1
440325,1,1
440425,1,1
440525,1,1
440625,1,1
440725,1,1
440825,1,1
440925,1,1
441025,1,1
441125,1,1
441225,1,1
441325,1,1
441425,1,1
441525,1,1
441625,1,1
441725,1,1
441825,1,1
441925,1,1
442025,1,1
442125,1,1
442225,1,1
442325,1,1
442425,1,1
442525,1,1
442625,1,1
442725,1,1
442825,1,1
442925,1,1
443025,1,1
443125,1,1
443225,1,1
443325,1,1
443425,1,1
443525,1,1
443625,1,1
443725,1,1
443825,1,1
443925,1,1
444025,1,1
444122,1,1
444222,1,1
444322,1,1
444422,1,1
444522,1,1
444622,1,1
444722,1,1
444822,1,1
444922,1,1
445022,1,1
445122,1,1
445222,1,1
445322,1,1
445422,1,1
445522,1,1
445622,1,1
445722,1,1
445822,1,1
445922,1,1
446022,1,1
446122,1,1
446222,1,1
446322,1,1
446422,1,1
446522,1,1
446622,1,1
446722,1,1
446822,1,1
446922,1,1
447022,1,1
447122,1,1
447222,1,1
447322,1,1
447422,1,1
447522,1,1
447622,1,1
447722,1,1
447822,1,1
447922,1,1
448022,1,1
448120,1,1
448220,1,1
448320,1,1
448420,1,1
448520,1,1
448620,1,1
448720,1,1
448820,1,1
448920,1,1
449020,1,1
449120,1,1
449220,1,1
449320,1,1
449420,1,1
449520,1,1
449620,1,1
449720,1,1
449820,1,1
449920,1,1
450020,1,1
450120,1,1
450220,1,1
450320,1,1
450420,1,1
450520,1,1
450620,1,1
450720,1,1
450820,1,1
450920,1,1
451020,1,1
451120,1,1
451220,1,1
451320,1,1
451420,1,1
451520,1,1
451620,1,1
451720,1,1
451820,1,1
451920,1,1
452020,1,1
452118,1,1
452218,1,1
452318,1,1
452418,1,1
452518,1,1
452618,1,1
452718,1,1
452818,1,1
452918,1,1
453018,1,1
453118,1,1
453218,1,1
453318,1,1
453418,1,1
453518,1,1
453618,1,1
453718,1,1
453818,1,1
453918,1,1
454018,1,1
454118,1,1
454218,1,1
454318,1,1
454418,1,1
454518,1,1
454618,1,1
454718,1,1
454818,1,1
454918,1,1
455018,1,1
455118,1,1
455218,1,1
455318,1,1
455418,1,1
455518,1,1
455618,1,1
455718,1,1
455818,1,1
455918,1,1
456018,1,1
456130,1,1
456212,1,1
456312,1,1
456412,1,1
456512,1,1
456612,1,1
456712,1,1
456812,1,1
456912,1,1
457012,1,1
457112,1,1
457212,1,1
457312,1,1
457412,1,1
457512,1,1
457612,1,1
457712,1,1
457812,1,1
457912,1,1
458012,1,1
458112,1,1
458212,1,1
458312,1,1
458412,1,1
458512,1,1
458612,1,1
458712,1,1
458812,1,1
458912,1,1
459012,1,1
459112,1,1
459212,1,1
459312,1,1
459412,1,1
459512,1,1
459612,1,1
459712,1,1
459812,1,1
459912,1,1
460012,1,1
460112,1,1
460212,1,1
460312,1,1
460412,1,1
460512,1,1
460612,1,1
460712,1,1
460812,1,1
460912,1,1
461012,1,1
461112,1,1
461212,1,1
461312,1,1
461412,1,1
461512,1,1
461612,1,1
461712,1,1
461812,1,1
461912,1,1
462012,1,1
462112,1,1
462212,1,1
462312,1,1
462412,1,1
462512,1,1
462612,1,1
462712,1,1
462812,1,1
462912,1,1
463012,1,1
463112,1,1
463212,1,1
463312,1,1
463412,1,1
463512,1,1
463612,1,1
463712,1,1
463812,1,1
463912,1,1
464012,1,1
464112,1,1
464212,0,0
464312,0,0
464412,0,0
464512,0,0
464612,0,0
464712,0,0
464812,0,0
464912,0,0
465012,0,0
465112,0,0
465212,0,0
465312,0,0
465412,0,0
465512,0,0
465612,0,0
465712,0,0
465812,0,0
465912,0,0
466012,0,0
466112,0,0
466212,0,0
466312,0,0
466412,0,0
466512,0,0
466612,0,0
466712,0,0
466812,0,0
466912,0,0
467012,0,0
467112,0,0
467212,0,0
467312,0,0
467412,0,0
467512,0,0
467612,0,0
467712,0,0
467812,0,0
467912,0,0
468012,0,0
468112,0,0
468212,0,0
468312,0,0
468412,0,0
468512,0,0
468612,0,0
468712,0,0
468812,0,0
468912,0,0
469012,0,0
469112,0,0
469212,0,0
469312,0,0
469412,0,0
469512,0,0
469612,0,0
469712,0,0
469812,0,0
469912,0,0
470012,0,0
470112,0,0
470212,0,0
470312,0,0
470412,0,0
470512,0,0
470612,0,0
470712,0,0
470812,0,0
470912,0,0
471012,0,0
471112,0,0
471212,0,0
471312,0,0
471412,0,0
471512,0,0
471612,0,0
471712,0,0
471812,0,0
471912,0,0
472012,0,0
472128,0,0
472242,1,1
472342,1,1
472442,1,1
472542,1,1
472642,1,1
472742,1,1
472842,1,1
472942,1,1
473042,1,1
473142,1,1
473242,1,1
473342,1,1
473442,1,1
473542,1,1
473642,1,1
473742,1,1
473842,1,1
473942,1,1
474042,1,1
474142,1,1
474242,1,1
474342,1,1
474442,1,1
474542,1,1
474642,1,1
474742,1,1
474842,1,1
474942,1,1
475042,1,1
475142,1,1
475242,1,1
475342,1,1
475442,1,1
475542,1,1
475642,1,1
475742,1,1
475842,1,1
475942,1,1
476042,1,1
476146,1,1
476246,1,1
476346,1,1
476446,1,1
476546,1,1
476646,1,1
476746,1,1
476846,1,1
476946,1,1
477046,1,1
477146,1,1
477246,1,1
477346,1,1
477446,1,1
477546,1,1
477646,1,1
477746,1,1
477846,1,1
477946,1,1
478046,1,1
478146,1,1
478246,1,1
478346,1,1
478446,1,1
478546,1,1
478646,1,1
478746,1,1
478846,1,1
478946,1,1
479046,1,1
479146,1,1
479246,1,1
479346,1,1
479446,1,1
479546,1,1
479646,1,1
479746,1,1
479846,1,1
479946,1,1
480046,1,1
480146,1,1
480242,1,1
480342,1,1
480442,1,1
480542,1,1
480642,1,1
480742,1,1
480842,1,1
480942,1,1
481042,1,1
481142,1,1
481242,1,1
481342,1,1
481442,1,1
481542,1,1
481642,1,1
481742,1,1
481842,1,1
481942,1,1
482042,1,1
482142,1,1
482242,1,1
482342,1,1
482442,1,1
482542,1,1
482642,1,1
482742,1,1
482842,1,1
482942,1,1
483042,1,1
483142,1,1
483242,1,1
483342,1,1
483442,1,1
483542,1,1
483642,1,1
483742,1,1
483842,1,1
483942,1,1
484042,1,1
484142,1,1
484229,1,1
484329,1,1
484429,1,1
484529,1,1
484629,1,1
484729,1,1
484829,1,1
484929,1,1
485029,1,1
485129,1,1
485229,1,1
485329,1,1
485429,1,1
485529,1,1
485629,1,1
485729,1,1
485829,1,1
485929,1,1
486029,1,1
486129,1,1
486229,1,1
486329,1,1
486429,1,1
486529,1,1
486629,1,1
486729,1,1
486829,1,1
486929,1,1
487029,1,1
487129,1,1
487229,1,1
487329,1,1
487429,1,1
487529,1,1
487629,1,1
487729,1,1
487829,1,1
487929,1,1
488029,1,1
488129,1,1
488209,1,1
488309,1,1
488409,1,1
488509,1,1
488609,1,1
488709,1,1
488809,1,1
488909,1,1
489009,1,1
489109,1,1
489209,1,1
489309,1,1
489409,1,1
489509,1,1
489609,1,1
489709,1,1
489809,1,1
489909,1,1
490009,1,1
490109,1,1
490209,1,1
490309,1,1
490409,1,1
490509,1,1
490609,1,1
490709,1,1
490809,1,1
490909,1,1
491009,1,1
491109,1,1
491209,1,1
491309,1,1
491409,1,1
491509,1,1
491609,1,1
491709,1,1
491809,1,1
491909,1,1
492009,1,1
492109,1,1
492229,1,1
492329,1,1
492429,1,1
492529,1,1
492629,1,1
492729,1,1
492829,1,1
492929,1,1
493029,1,1
493129,1,1
493229,1,1
493329,1,1
493429,1,1
493529,1,1
493629,1,1
493729,1,1
493829,1,1
493929,1,1
494029,1,1
494129,1,1
494229,1,1
494329,1,1
494429,1,1
494529,1,1
494629,1,1
494729,1,1
494829,1,1
494929,1,1
495029,1,1
495129,1,1
495229,1,1
495329,1,1
495429,1,1
495529,1,1
495629,1,1
495729,1,1
495829,1,1
495929,1,1
496029,1,1
496129,1,1
496222,1,1
496322,1,1
496422,1,1
496522,1,1
496622,1,1
496722,1,1
496822,1,1
496922,1,1
497022,1,1
497122,1,1
497222,1,1
497322,1,1
497422,1,1
497522,1,1
497622,1,1
497722,1,1
497822,1,1
497922,1,1
498022,1,1
498122,1,1
498222,1,1
498322,1,1
498422,1,1
498522,1,1
498622,1,1
498722,1,1
498822,1,1
498922,1,1
499022,1,1
499122,1,1
499222,1,1
499322,1,1
499422,1,1
499522,1,1
499622,1,1
499722,1,1
499822,1,1
499922,1,1
500022,1,1
500122,1,1
500220,1,1
500320,1,1
500420,1,1
500520,1,1
500620,1,1
500720,1,1
500820,1,1
500920,1,1
501020,1,1
501120,1,1
501220,1,1
501320,1,1
501420,1,1
501520,1,1
501620,1,1
501720,1,1
501820,1,1
501920,1,1
502020,1,1
502120,1,1
502220,1,1
502320,1,1
502420,1,1
502520,1,1
502620,1,1
502720,1,1
502820,1,1
502920,1,1
503020,1,1
503120,1,1
503220,1,1
503320,1,1
503420,1,1
503520,1,1
503620,1,1
503720,1,1
503820,1,1
503920,1,1
504020,1,1
504120,1,1
504222,1,1
504305,1,1
504405,1,1
504505,1,1
504605,1,1
504705,1,1
504805,1,1
504905,1,1
505005,1,1
505105,1,1
505206,1,1
505306,1,1
505406,1,1
505506,1,1
505606,1,1
505706,1,1
505806,1,1
505906,1,1
506006,1,1
506106,1,1
506206,1,1
506306,1,1
506406,1,1
506506,1,1
506606,1,1
506706,1,1
506806,1,1
506906,1,1
507006,1,1
507106,1,1
507206,1,1
507306,1,1
507406,1,1
507506,1,1
507606,1,1
507706,1,1
507806,1,1
507906,1,1
508006,1,1
508107,1,1
508208,1,1
508305,1,1
508405,1,1
508505,1,1
508605,1,1
508705,1,1
508805,1,1
508905,1,1
509005,1,1
509105,1,1
509205,1,1
509305,1,1
509405,1,1
509505,1,1
509605,1,1
509705,1,1
509805,1,1
509905,1,1
510005,1,1
510105,1,1
510205,1,1
510305,1,1
510405,1,1
510505,1,1
510605,1,1
510705,1,1
510805,1,1
510905,1,1
511006,1,1
511106,1,1
511206,1,1
511306,1,1
511406,1,1
511506,1,1
511606,1,1
511706,1,1
511806,1,1
511906,1,1
512006,1,1
512106,1,1
512206,1,1
512306,1,1
512409,1,1
512492,1,1
512592,1,1
512692,1,1
512792,1,1
512892,1,1
512992,1,1
513092,1,1
513192,1,1
513293,1,1
513393,1,1
513493,1,1
513593,1,1
513693,1,1
513793,1,1
513893,1,1
513993,1,1
514093,1,1
514193,1,1
514293,1,1
514393,1,1
514493,1,1
514593,1,1
514693,1,1
514793,1,1
514893,1,1
514993,1,1
515093,1,1
515193,1,1
515293,1,1
515393,1,1
515493,1,1
515593,1,1
515693,1,1
515793,1,1
515893,1,1
515993,1,1
516093,1,1
516194,1,1
516294,1,1
516394,1,1
516494,1,1
516594,1,1
516694,1,1
516794,1,1
516894,1,1
516994,1,1
517094,1,1
517194,1,1
517294,1,1
517394,1,1
517494,1,1
517594,1,1
517694,1,1
517794,1,1
517894,1,1
517994,1,1
518094,1,1
518194,1,1
518294,1,1
518394,1,1
518494,1,1
518594,1,1
518694,1,1
518794,1,1
518894,1,1
518994,1,1
519095,1,1
519195,1,1
519295,1,1
519395,1,1
519495,1,1
519595,1,1
519695,1,1
519795,1,1
519895,1,1
519995,1,1
520095,1,1
520195,1,1
520295,1,1
520421,0,0
520521,0,0
520621,0,0
520721,0,0
520821,0,0
520921,0,0
521021,0,0
521121,0,0
521221,0,0
521321,0,0
521421,0,0
521521,0,0
521621,0,0
521721,0,0
521821,0,0
521921,0,0
522021,0,0
522121,0,0
522221,0,0
522321,0,0
522421,0,0
522521,0,0
522621,0,0
522722,0,0
522822,0,0
522922,0,0
523022,0,0
523122,0,0
523222,0,0
523322,0,0
523422,0,0
523522,0,0
523622,0,0
523722,0,0
523822,0,0
523922,0,0
524022,0,0
524122,0,0
524222,0,0
524322,0,0
524422,0,0
524522,0,0
524622,0,0
524722,0,0
524822,0,0
524922,0,0
525022,0,0
525122,0,0
525222,0,0
525322,0,0
525422,0,0
525522,0,0
525623,0,0
525723,0,0
525823,0,0
525923,0,0
526023,0,0
526123,0,0
526223,0,0
526323,0,0
526423,0,0
526523,0,0
526623,0,0
526723,0,0
526823,0,0
526923,0,0
527023,0,0
527123,0,0
527223,0,0
527323,0,0
527423,0,0
527523,0,0
527623,0,0
527723,0,0
527823,0,0
527923,0,0
528023,0,0
528123,0,0
528223,0,0
528323,0,0
528423,0,0
528523,0,0
528623,0,0
528723,0,0
528823,0,0
528923,0,0
529023,0,0
529123,0,0
529223,0,0
529323,0,0
529423,0,0
529523,0,0
529623,0,0
529723,0,0
529823,0,0
529923,0,0
530023,0,0
530123,0,0
530223,0,0
530323,0,0
530423,0,0
530523,0,0
530623,0,0
530723,0,0
530823,0,0
530923,0,0
531023,0,0
531123,0,0
531223,0,0
531323,0,0
531423,0,0
531523,0,0
531623,0,0
531723,0,0
531823,0,0
531923,0,0
532023,0,0
532123,0,0
532223,0,0
532323,0,0
532423,0,0
532523,0,0
532623,0,0
532723,0,0
532823,0,0
532923,0,0
533023,0,0
533123,0,0
533223,0,0
533352,0,0
533452,1,1
533552,1,1
533652,1,1
533752,1,1
533852,1,1
533952,1,1
534052,1,1
534152,1,1
534252,1,1
534352,1,1
534452,1,1
534552,1,1
534652,1,1
534752,1,1
534852,1,1
534952,1,1
535052,1,1
535152,1,1
535252,1,1
535352,1,1
535452,1,1
535552,1,1
535652,1,1
535752,1,1
535852,1,1
535952,1,1
536052,1,1
536152,1,1
536252,1,1
536352,1,1
536452,1,1
536552,1,1
536652,1,1
536752,1,1
536852,1,1
536952,1,1
537052,1,1
537152,1,1
537252,1,1
537350,1,1
537450,1,1
537550,1,1
537650,1,1
537750,1,1
537850,1,1
537950,1,1
538050,1,1
538150,1,1
538250,1,1
538350,1,1
538450,1,1
538550,1,1
538650,1,1
538750,1,1
538850,1,1
538950,1,1
539050,1,1
539150,1,1
539250,1,1
539350,1,1
539450,1,1
539550,1,1
539650,1,1
539750,1,1
539850,1,1
539950,1,1
540050,1,1
540150,1,1
540250,1,1
540350,1,1
540450,1,1
540550,1,1
540650,1,1
540750,1,1
540850,1,1
540950,1,1
541050,1,1
541150,1,1
541250,1,1
541347,1,1
541447,1,1
541547,1,1
541647,1,1
541747,1,1
541847,1,1
541947,1,1
542047,1,1
542147,1,1
542247,1,1
542347,1,1
542447,1,1
542547,1,1
542647,1,1
542747,1,1
542847,1,1
542947,1,1
543047,1,1
543147,1,1
543247,1,1
543347,1,1
543447,1,1
543547,1,1
543647,1,1
543747,1,1
543847,1,1
543947,1,1
544047,1,1
544147,1,1
544247,1,1
544347,1,1
544447,1,1
544547,1,1
544647,1,1
544747,1,1
544847,1,1
544947,1,1
545047,1,1
545147,1,1
545247,1,1
545345,1,1
545445,1,1
545545,1,1
545645,1,1
545745,1,1
545845,1,1
545945,1,1
546045,1,1
546145,1,1
546245,1,1
546345,1,1
546445,1,1
546545,1,1
546645,1,1
546745,1,1
546845,1,1
546945,1,1
547045,1,1
547145,1,1
547245,1,1
547345,1,1
547445,1,1
547545,1,1
547645,1,1
547745,1,1
547845,1,1
547945,1,1
548045,1,1
548145,1,1
548245,1,1
548345,1,1
548445,1,1
548545,1,1
548645,1,1
548745,1,1
548845,1,1
548945,1,1
549045,1,1
549145,1,1
549245,1,1
549342,1,1
549442,1,1
549542,1,1
549642,1,1
549742,1,1
549842,1,1
549942,1,1
550042,1,1
550142,1,1
550242,1,1
550342,1,1
550442,1,1
550542,1,1
550642,1,1
550742,1,1
550842,1,1
550942,1,1
551042,1,1
551142,1,1
551242,1,1
551342,1,1
551442,1,1
551542,1,1
551642,1,1
551742,1,1
551842,1,1
551942,1,1
552042,1,1
552142,1,1
552242,1,1
552342,1,1
552442,1,1
552542,1,1
552642,1,1
552742,1,1
552842,1,1
552942,1,1
553042,1,1
553142,1,1
553242,1,1
553339,1,1
553439,1,1
553539,1,1
553639,1,1
553739,1,1
553839,1,1
553939,1,1
554039,1,1
554139,1,1
554239,1,1
554339,1,1
554439,1,1
554539,1,1
554639,1,1
554739,1,1
554839,1,1
554939,1,1
555039,1,1
555139,1,1
555239,1,1
555339,1,1
555439,1,1
555539,1,1
555639,1,1
555739,1,1
555839,1,1
555939,1,1
556039,1,1
556139,1,1
556239,1,1
556339,1,1
556439,1,1
556539,1,1
556639,1,1
556739,1,1
556839,1,1
556939,1,1
557039,1,1
557139,1,1
557239,1,1
557338,1,1
557447,1,1
557547,1,1
557647,1,1
557747,1,1
557847,1,1
557947,1,1
558047,1,1
558147,1,1
558247,1,1
558347,1,1
558447,1,1
558547,1,1
558647,1,1
558748,1,1
558848,1,1
558948,1,1
559048,1,1
559148,1,1
559248,1,1
559348,1,1
559448,1,1
559548,1,1
559648,1,1
559748,1,1
559848,1,1
559948,1,1
560048,1,1
560148,1,1
560248,1,1
560348,1,1
560448,1,1
560548,1,1
560648,1,1
560748,1,1
560848,1,1
560948,1,1
561048,1,1
561148,1,1
561248,1,1
561346,1,1
561446,1,1
561546,1,1
561647,1,1
561747,1,1
561847,1,1
561947,1,1
562047,1,1
562147,1,1
562247,1,1
562347,1,1
562447,1,1
562547,1,1
562647,1,1
562747,1,1
562847,1,1
562947,1,1
563047,1,1
563147,1,1
563247,1,1
563347,1,1
563447,1,1
563547,1,1
563647,1,1
563747,1,1
563847,1,1
563947,1,1
564047,1,1
564147,1,1
564247,1,1
564347,1,1
564447,1,1
564548,1,1
564648,1,1
564748,1,1
564848,1,1
564948,1,1
565048,1,1
565148,1,1
565248,1,1
565344,1,1
565444,1,1
565544,1,1
565644,1,1
565744,1,1
565844,1,1
565944,1,1
566044,1,1
566144,1,1
566244,1,1
566344,1,1
566444,1,1
566544,1,1
566644,1,1
566744,1,1
566844,1,1
566944,1,1
567044,1,1
567144,1,1
567244,1,1
567344,1,1
567444,1,1
567544,1,1
567644,1,1
567744,1,1
567844,1,1
567944,1,1
568044,1,1
568144,1,1
568369,1,1
568470,1,1
568570,1,1
568670,1,1
568770,1,1
568870,1,1
568970,1,1
569070,1,1
569170,1,1
569270,1,1
569368,1,1
569468,1,1
569568,1,1
569668,1,1
569768,1,1
569868,1,1
569968,1,1
570068,1,1
570168,1,1
570268,1,1
570368,1,1
570468,1,1
570568,1,1
570668,1,1
570768,1,1
570868,1,1
570968,1,1
571068,1,1
571168,1,1
571268,1,1
571369,1,1
571469,1,1
571569,1,1
571669,1,1
571769,1,1
571869,1,1
571969,1,1
572069,1,1
572169,1,1
572269,1,1
572369,1,1
572469,1,1
572569,1,1
572669,1,1
572769,1,1
572869,1,1
572969,1,1
573069,1,1
573169,1,1
573269,1,1
573361,1,1
573461,1,1
573561,1,1
573661,1,1
573761,1,1
573861,1,1
573961,1,1
574061,1,1
574161,1,1
574262,1,1
574362,1,1
574462,1,1
574562,1,1
574662,1,1
574762,1,1
574862,1,1
574962,1,1
575062,1,1
575162,1,1
575262,1,1
575362,1,1
575462,1,1
575562,1,1
575662,1,1
575762,1,1
575862,1,1
575962,1,1
576062,1,1
576162,1,1
576262,1,1
576362,1,1
576462,1,1
576562,1,1
576662,1,1
576762,1,1
576862,1,1
576962,1,1
577062,1,1
577162,1,1
577262,1,1
577362,1,1
577462,1,1
577562,1,1
577662,1,1
577762,1,1
577862,1,1
577962,1,1
578062,1,1
578162,1,1
578262,1,1
578362,1,1
578462,1,1
578562,1,1
578662,1,1
578762,1,1
578862,1,1
578962,1,1
579062,1,1
579162,1,1
579262,1,1
579362,1,1
579462,1,1
579562,1,1
579662,1,1
579762,1,1
579862,1,1
579962,1,1
580062,1,1
580162,1,1
580262,1,1
580362,1,1
580462,1,1
580562,1,1
580662,1,1
580762,1,1
580862,1,1
580962,1,1
581062,1,1
581162,1,1
581262,1,1
581362,1,1
581470,0,0
581570,0,0
581670,0,0
581770,0,0
581870,0,0
581970,0,0
582070,0,0
582170,0,0
582270,0,0
582370,0,0
582470,0,0
582570,0,0
582670,0,0
582770,0,0
582870,0,0
582970,0,0
583070,0,0
583170,0,0
583270,0,0
583370,0,0
583470,0,0
583570,0,0
583670,0,0
583770,0,0
583870,0,0
583970,0,0
584070,0,0
584170,0,0
584270,0,0
584370,0,0
584470,0,0
584570,0,0
584670,0,0
584770,0,0
584870,0,0
584970,0,0
585070,0,0
585170,0,0
585270,0,0
585370,0,0
585470,0,0
585570,0,0
585670,0,0
585770,0,0
585870,0,0
585970,0,0
586070,0,0
586170,0,0
586270,0,0
586370,0,0
586470,0,0
586570,0,0
586670,0,0
586770,0,0
586870,0,0
586970,0,0
587070,0,0
587170,0,0
587270,0,0
587370,0,0
587470,0,0
587570,0,0
587670,0,0
587770,0,0
587870,0,0
587970,0,0
588070,0,0
588170,0,0
588270,0,0
588370,0,0
588470,0,0
588570,0,0
588670,0,0
588770,0,0
588870,0,0
588970,0,0
589070,0,0
589170,0,0
589270,0,0
589370,0,0
589470,0,0
589570,0,0
589670,0,0
589770,0,0
589870,0,0
589970,0,0
590070,0,0
590170,0,0
590270,0,0
590370,0,0
590470,0,0
590570,0,0
590670,0,0
590770,0,0
590870,0,0
590970,0,0
591070,0,0
591170,0,0
591270,0,0
