p:4000,20000,6000,600,8000,4000,2000,8000,100
16158,packet,1,0,0,0,47,8000
16173,event,0,0
16185,action,0,0
16429,packet,0,0,1,1
16468,packetAck,1
20452,event,2,1
20464,action,1,1
20654,packet,1,0,0,0,47,8000
20667,event,0,0
20680,action,0,0
20806,packet,0,0,1,1
20845,packetAck,1
21190,packet,1,0,2,7,47,8000
21204,event,3,1
21217,action,2,1
23228,event,4,2
23240,action,1,2
25267,packet,1,0,0,0,47,8000
25295,event,0,0
25307,action,0,0
25572,packet,0,0,1,1
25611,packetAck,1
29595,event,2,1
29612,action,1,1
29812,packet,1,0,0,0,47,8000
29826,event,0,0
29838,action,0,0
30306,packet,0,0,1,1
30345,packetAck,1
34330,event,2,1
34343,action,1,1
61301,packet,1,0,0,0,46,8000
61315,event,0,0
61328,action,0,0
61612,packet,0,0,1,1
61651,packetAck,1
65618,event,2,1
65631,action,1,1
65913,packet,1,0,0,0,46,8000
65928,event,0,0
65941,action,0,0
66053,packet,0,0,1,1
66091,packetAck,1
70086,event,2,1
70098,action,1,1
70469,packet,1,0,0,0,46,8000
70483,event,0,0
70496,action,0,0
70522,packet,0,0,1,1
70565,packetAck,1
70909,packet,1,0,2,7,46,8000
70924,event,3,1
70936,action,2,1
72956,event,4,2
72969,action,1,2
74994,packet,1,0,0,0,48,8000
75008,event,0,0
75021,action,0,0
75146,packet,0,0,1,1
75034,packetAck,1
79168,event,2,1
79180,action,1,1
107868,packet,1,0,0,0,46,8000
107882,event,0,0
107896,action,0,0
108071,packet,0,0,1,1
108110,packetAck,1
112093,event,2,1
112105,action,1,1
153579,packet,1,0,0,0,47,8000
153593,event,0,0
153605,action,0,0
153635,packet,0,0,1,1
153678,packetAck,1
154010,packet,1,0,2,7,47,8000
154024,event,3,1
154037,action,2,1
156041,event,4,2
156053,action,1,2
158082,packet,1,0,0,0,45,8000
158097,event,0,0
158109,action,0,0
158319,packet,0,0,1,1
158368,packetAck,1
162352,event,2,1
162364,action,1,1
198830,packet,1,0,0,0,47,8000
198843,event,0,0
198857,action,0,0
199026,packet,0,0,1,1
199069,packetAck,1
203050,event,2,1
203062,action,1,1
203448,packet,1,0,0,0,47,8000
203462,event,0,0
203474,action,0,0
203740,packet,0,0,1,1
203783,packetAck,1
207782,event,2,1
207810,action,1,1
245530,packet,1,0,0,0,46,8000
245543,event,0,0
245557,action,0,0
246039,packet,0,0,1,1
246078,packetAck,1
250066,event,2,1
250079,action,1,1
250140,packet,1,0,0,0,46,8000
250155,event,0,0
250168,action,0,0
250671,packet,0,0,1,1
250720,packetAck,1
254706,event,2,1
254719,action,1,1
291250,packet,1,0,0,0,47,8000
291264,event,0,0
291278,action,0,0
291678,packet,0,0,1,1
291718,packetAck,1
295700,event,2,1
295713,action,1,1
295874,packet,1,0,0,0,47,8000
295906,event,0,0
295920,action,0,0
296096,packet,0,0,1,1
296135,packetAck,1
300107,event,2,1
300120,action,1,1
338464,packet,1,0,0,0,47,8000
338478,event,0,0
338491,action,0,0
338873,packet,0,0,1,1
338912,packetAck,1
342900,event,2,1
342924,action,1,1
343300,packet,1,0,0,0,47,8000
343314,event,0,0
343326,action,0,0
343537,packet,0,0,1,1
343576,packetAck,1
347560,event,2,1
347572,action,1,1
347783,packet,1,0,0,0,47,8000
347797,event,0,0
347811,action,0,0
348181,packet,0,0,1,1
347851,packetAck,1
352207,event,2,1
352219,action,1,1
386884,packet,1,0,0,0,46,8000
386898,event,0,0
386910,action,0,0
387280,packet,0,0,1,1
387319,packetAck,1
391296,event,2,1
391309,action,1,1
391610,packet,1,0,0,0,46,8000
391623,event,0,0
391636,action,0,0
391810,packet,0,0,1,1
391849,packetAck,1
392186,packet,1,0,2,7,45,8000
392200,event,3,1
392213,action,2,1
394226,event,4,2
394238,action,1,2
396273,packet,1,0,0,0,46,8000
396287,event,0,0
396300,action,0,0
396660,packet,0,0,1,1
396703,packetAck,1
400700,event,2,1
400712,action,1,1
434546,packet,1,0,0,0,47,8000
434559,event,0,0
434572,action,0,0
434601,packet,0,0,1,1
434644,packetAck,0
438627,event,2,1
438640,action,1,1
481823,packet,1,0,0,0,47,8000
481836,event,0,0
481850,action,0,0
482252,packet,0,0,1,1
482291,packetAck,1
486269,event,2,1
486281,action,1,1
486388,packet,1,0,0,0,47,8000
486402,event,0,0
486414,action,0,0
486662,packet,0,0,1,1
486701,packetAck,1
490685,event,2,1
490697,action,1,1
528625,packet,1,0,0,0,47,8000
528639,event,0,0
528651,action,0,0
529129,packet,0,0,1,1
529168,packetAck,1
533165,event,2,1
533178,action,1,1
533317,packet,1,0,0,0,47,8000
533330,event,0,0
533343,action,0,0
533791,packet,0,0,1,1
533830,packetAck,1
537828,event,2,1
537851,action,1,1
575532,packet,1,0,0,0,47,8000
575545,event,0,0
575575,action,0,0
576013,packet,0,0,1,1
576052,packetAck,1
580027,event,2,1
580039,action,1,1
580286,packet,1,0,0,0,47,8000
580300,event,0,0
580312,action,0,0
580348,packet,0,0,1,1
580387,packetAck,1
580758,packet,1,0,2,7,47,8000
580773,event,3,1
580786,action,2,1
582799,event,4,2
582813,action,1,2
584836,packet,1,0,0,0,47,8000
584850,event,0,0
584864,action,0,0
585021,packet,0,0,1,1
585060,packetAck,1
589046,event,2,1
589059,action,1,1
621575,packet,1,0,0,0,46,8000
621612,event,0,0
621626,action,0,0
622119,packet,0,0,1,1
622159,packetAck,1
626137,event,2,1
626151,action,1,1
669594,packet,1,0,0,0,48,8000
669609,event,0,0
669621,action,0,0
669825,packet,0,0,1,1
669864,packetAck,1
673841,event,2,1
673855,action,1,1
714943,packet,1,0,0,0,48,8000
714956,event,0,0
714969,action,0,0
715467,packet,0,0,1,1
715506,packetAck,1
719482,event,2,1
719496,action,1,1
760395,packet,1,0,0,0,50,8000
760409,event,0,0
760422,action,0,0
760647,packet,0,0,1,1
760434,packetAck,1
764657,event,2,1
764670,action,1,1
764924,packet,1,0,0,0,49,8000
764938,event,0,0
764952,action,0,0
765018,packet,0,0,1,1
765074,packetAck,1
765421,packet,1,0,2,7,48,8000
765439,event,3,1
765452,action,2,1
767466,event,4,2
767479,action,1,2
769504,packet,1,0,0,0,48,8000
769519,event,0,0
769532,action,0,0
769693,packet,0,0,1,1
769733,packetAck,1
773716,event,2,1
773730,action,1,1
808916,packet,1,0,0,0,47,8000
808930,event,0,0
808942,action,0,0
809201,packet,0,0,1,1
809240,packetAck,1
813225,event,2,1
813238,action,1,1
813510,packet,1,0,0,0,47,8000
813535,event,0,0
813548,action,0,0
813629,packet,0,0,1,1
813669,packetAck,1
814005,packet,1,0,2,7,47,8000
814023,event,3,1
814037,action,2,1
816049,event,4,2
816062,action,1,2
818087,packet,1,0,0,0,47,8000
818116,event,0,0
818130,action,0,0
818458,packet,0,0,1,1
818497,packetAck,1
822483,event,2,1
822495,action,1,1
856686,packet,1,0,0,0,48,8000
856700,event,0,0
856713,action,0,0
856744,packet,0,0,1,1
856722,packetAck,1
860757,event,2,1
860771,action,1,1
861171,packet,1,0,0,0,50,8000
861185,event,0,0
861198,action,0,0
861491,packet,0,0,1,1
861529,packetAck,1
865513,event,2,1
865529,action,1,1
865776,packet,1,0,0,0,48,8000
865801,event,0,0
865814,action,0,0
866290,packet,0,0,1,1
866329,packetAck,1
870306,event,2,1
870318,action,1,1
902300,packet,1,0,0,0,48,8000
902315,event,0,0
902328,action,0,0
902810,packet,0,0,1,1
902849,packetAck,1
906824,event,2,1
906837,action,1,1
906916,packet,1,0,0,0,49,8000
906930,event,0,0
906942,action,0,0
907268,packet,0,0,1,1
907307,packetAck,1
911294,event,2,1
911308,action,1,1
947599,packet,1,0,0,0,48,8000
947612,event,0,0
947629,action,0,0
948077,packet,0,0,1,1
948116,packetAck,1
952103,event,2,1
952117,action,1,1
994558,packet,1,0,0,0,46,8000
994572,event,0,0
994584,action,0,0
994856,packet,0,0,1,1
994895,packetAck,1
998871,event,2,1
998883,action,1,1
1041042,packet,1,0,0,0,45,8000
1041056,event,0,0
1041068,action,0,0
1041357,packet,0,0,1,1
1041078,packetAck,1
1045366,event,2,1
1045379,action,1,1
1088503,packet,1,0,0,0,50,8000
1088517,event,0,0
1088530,action,0,0
1088622,packet,0,0,1,1
1088661,packetAck,1
1088991,packet,1,0,2,7,50,8000
1089006,event,3,1
1089019,action,2,1
1091030,event,4,2
1091044,action,1,2
1093079,packet,1,0,0,0,47,8000
1093094,event,0,0
1093106,action,0,0
1093370,packet,0,0,1,1
1093098,packetAck,1
1097383,event,2,1
1097397,action,1,1
1134938,packet,1,0,0,0,48,8000
1134952,event,0,0
1134965,action,0,0
1135063,packet,0,0,1,1
1135102,packetAck,1
1135436,packet,1,0,2,7,48,8000
1135451,event,3,1
1135464,action,2,1
1137466,event,4,2
1137480,action,1,2
1139504,packet,1,0,0,0,49,8000
1139522,event,0,0
1139535,action,0,0
1139877,packet,0,0,1,1
1139916,packetAck,1
1143903,event,2,1
1143917,action,1,1
1144004,packet,1,0,0,0,49,8000
1144018,event,0,0
1144031,action,0,0
1144141,packet,0,0,1,1
1144193,packetAck,1
1148188,event,2,1
1148201,action,1,1
1148967,packet,1,0,0,0,47,8000
1148981,event,0,0
1148995,action,0,0
1149439,packet,0,0,1,1
1149103,packetAck,1
1153460,event,2,1
1153474,action,1,1
