p:4000,20000,6000,600,8000,4000,2000,8000,70
15032,0,0
15132,0,0
15232,0,0
15332,0,0
15432,0,0
15532,0,0
15632,0,0
15732,0,0
15832,0,0
15932,0,0
16032,0,0
16132,0,0
16232,0,0
16466,0,0
16566,0,0
16666,0,0
16766,0,0
16866,0,0
16966,0,0
17066,0,0
17167,0,0
17267,0,0
17367,0,0
17467,0,0
17567,0,0
17667,0,0
17767,0,0
17867,0,0
17967,0,0
18067,0,0
18167,0,0
18267,0,0
18367,0,0
18467,0,0
18567,0,0
18667,0,0
18767,0,0
18867,0,0
18967,0,0
19066,0,0
19166,0,0
19266,0,0
19366,0,0
19466,0,0
19566,0,0
19666,0,0
19766,0,0
19866,0,0
19966,0,0
20067,0,0
20167,0,0
20267,0,0
20518,0,0
20618,0,0
20718,0,0
20818,0,0
20918,0,0
21018,0,0
21118,0,0
21219,0,0
21319,0,0
21419,0,0
21519,0,0
21619,0,0
21719,0,0
21819,0,0
21919,0,0
22019,0,0
22119,0,0
22219,0,0
22319,0,0
22419,0,0
22519,0,0
22619,0,0
22719,0,0
22819,0,0
22919,0,0
23019,0,0
23119,0,0
23219,0,0
23319,0,0
23419,0,0
23519,0,0
23619,0,0
23719,0,0
23819,0,0
23919,0,0
24019,0,0
24119,0,0
24219,0,0
24319,0,0
24586,0,0
24686,0,0
24786,0,0
24886,0,0
24986,0,0
25086,0,0
25187,0,0
25287,0,0
25387,0,0
25487,0,0
25587,0,0
25687,0,0
25787,0,0
25887,0,0
25987,0,0
26087,0,0
26187,0,0
26287,0,0
26387,0,0
26487,0,0
26587,0,0
26687,0,0
26787,0,0
26887,0,0
26987,0,0
27087,0,0
27187,0,0
27287,0,0
27387,0,0
27487,0,0
27587,0,0
27687,0,0
27787,0,0
27887,0,0
27987,0,0
28087,0,0
28187,0,0
28287,0,0
28387,0,0
28654,0,0
28754,0,0
28854,0,0
28954,0,0
29054,0,0
29155,0,0
29255,0,0
29355,0,0
29455,0,0
29555,0,0
29655,0,0
29755,0,0
29855,0,0
29955,0,0
30055,0,0
30155,0,0
30255,0,0
30355,0,0
30455,0,0
30555,0,0
30655,0,0
30755,0,0
30855,0,0
30955,0,0
31055,0,0
31155,0,0
31255,0,0
31355,0,0
31455,0,0
31555,0,0
31655,0,0
31755,0,0
31855,0,0
31955,0,0
32055,0,0
32155,0,0
32255,0,0
32355,0,0
32455,0,0
32721,0,0
32821,0,0
32921,0,0
33021,0,0
33121,0,0
33221,0,0
33321,0,0
33422,0,0
33522,0,0
33622,0,0
33722,0,0
33822,0,0
33922,0,0
34022,0,0
34122,0,0
34222,0,0
34322,0,0
34422,0,0
34522,0,0
34622,0,0
34722,0,0
34822,0,0
34922,0,0
35022,0,0
35123,0,0
35223,0,0
35323,0,0
35423,0,0
35523,0,0
35623,0,0
35723,0,0
35823,0,0
35923,0,0
36023,0,0
36123,0,0
36223,0,0
36324,0,0
36424,0,0
36524,0,0
36790,0,0
36890,0,0
36990,0,0
37090,0,0
37190,0,0
37290,0,0
37391,0,0
37491,0,0
37591,0,0
37691,0,0
37791,0,0
37891,0,0
37991,0,0
38091,0,0
38191,0,0
38291,0,0
38391,0,0
38491,0,0
38591,0,0
38691,0,0
38791,0,0
38891,0,0
38991,0,0
39091,0,0
39191,0,0
39291,0,0
39391,0,0
39491,0,0
39591,0,0
39691,0,0
39791,0,0
39891,0,0
39991,0,0
40091,0,0
40191,0,0
40292,0,0
40392,0,0
40492,0,0
40592,0,0
40873,0,0
40973,0,0
41073,0,0
41173,0,0
41274,0,0
41374,0,0
41474,0,0
41574,0,0
41674,0,0
41774,0,0
41874,0,0
41974,0,0
42074,0,0
42174,0,0
42274,0,0
42374,0,0
42474,0,0
42574,0,0
42674,0,0
42774,0,0
42874,0,0
42974,0,0
43073,0,0
43173,0,0
43273,0,0
43373,0,0
43473,0,0
43573,0,0
43673,0,0
43773,0,0
43873,0,0
43973,0,0
44073,0,0
44174,0,0
44274,0,0
44374,0,0
44474,0,0
44574,0,0
44674,0,0
44774,0,0
44874,0,0
45110,0,0
45210,0,0
45310,0,0
45411,0,0
45511,0,0
45611,0,0
45711,0,0
45811,0,0
45911,0,0
46011,0,0
46111,0,0
46211,0,0
46311,0,0
46411,0,0
46511,0,0
46611,0,0
46711,0,0
46811,0,0
46911,0,0
47011,0,0
47111,0,0
47211,0,0
47311,0,0
47411,0,0
47511,0,0
47611,0,0
47711,0,0
47811,0,0
47911,0,0
48011,0,0
48111,0,0
48211,0,0
48311,0,0
48411,0,0
48511,0,0
48611,0,0
48711,0,0
48811,0,0
48911,0,0
49182,0,0
49282,0,0
49382,0,0
49482,0,0
49582,0,0
49682,0,0
49782,0,0
49882,0,0
49982,0,0
50082,0,0
50182,0,0
50282,0,0
50382,0,0
50482,0,0
50582,0,0
50682,0,0
50782,0,0
50882,0,0
50982,0,0
51081,0,0
51181,0,0
51281,0,0
51381,0,0
51481,0,0
51581,0,0
51682,0,0
51782,0,0
51882,0,0
51982,0,0
52082,0,0
52182,0,0
52282,0,0
52382,0,0
52482,0,0
52582,0,0
52682,0,0
52782,0,0
52882,0,0
52982,0,0
53248,0,0
53348,0,0
53448,0,0
53664,0,0
53877,0,0
54090,0,0
54303,0,0
54516,0,0
54729,0,0
54941,0,0
55154,0,0
55367,0,0
55579,0,0
55793,0,0
56005,0,0
56218,0,0
56431,0,0
56644,0,0
56868,0,0
57081,0,0
57306,0,0
57519,0,0
57732,0,0
57945,0,0
58157,0,0
58370,0,0
58583,0,0
58795,0,0
59009,0,0
59222,0,0
59435,0,0
59647,0,0
59861,0,0
60073,0,0
60286,0,0
60499,0,0
60711,0,0
60924,0,0
61147,0,0
61360,0,0
61586,0,0
61800,0,0
62012,0,0
62225,0,0
62437,0,0
62650,0,0
62863,0,0
63075,0,0
63288,0,0
63595,0,0
63809,0,0
64023,0,0
64236,0,0
64450,0,0
64663,0,0
64876,0,0
65090,0,0
65315,0,0
65528,0,0
65741,0,0
65967,0,0
66181,0,0
66394,0,0
66607,0,0
66820,0,0
67033,0,0
67247,0,0
67460,0,0
67674,0,0
67888,0,0
68101,0,0
68314,0,0
68527,0,0
68740,0,0
68953,0,0
69167,0,0
69380,0,0
69606,0,0
69820,0,0
70033,0,0
70259,0,0
70471,0,0
70685,0,0
70898,0,0
71112,0,0
71325,0,0
71539,0,0
71752,0,0
71966,0,0
72179,0,0
72393,0,0
72607,0,0
72820,0,0
73034,0,0
73247,0,0
73461,0,0
73544,0,0
74786,0,0
75213,0,1
76084,0,1
76297,1,2
76511,1,2
76724,1,2
76938,1,2
77151,1,2
77544,1,2
77757,1,2
77970,1,2
78184,1,2
78846,0,0
79060,0,0
79273,0,0
79486,0,0
80867,0,0
81294,0,1
81544,0,1
81757,0,1
81971,0,1
82184,0,1
82398,0,1
82611,0,1
82825,0,1
83049,0,1
83262,0,1
83489,0,1
83703,0,1
83916,0,1
84131,0,1
84343,0,1
84556,0,1
84769,0,1
86391,0,0
85549,0,1
85976,0,1
86189,0,1
86415,0,1
86628,0,1
86854,0,1
87067,0,1
87280,0,1
87493,0,1
87706,0,1
88014,0,1
88227,0,1
88440,0,1
89549,0,1
89763,0,1
89975,0,1
90188,0,1
90828,0,0
91042,0,0
91255,0,0
91468,0,0
91693,0,0
91907,0,0
92134,0,0
92347,0,0
92561,0,0
92774,0,0
92987,0,0
93201,0,0
94625,0,0
93552,0,1
93978,0,1
94191,0,1
94403,0,1
94617,0,1
94830,0,1
95054,0,1
95267,0,1
95494,0,1
95707,0,1
95920,0,1
96134,0,1
97552,0,1
97766,0,1
97979,0,1
98192,0,1
98406,0,1
99044,0,0
99258,0,0
99471,0,0
99685,0,0
99898,0,0
100112,0,0
100325,0,0
100550,0,0
100763,0,0
100989,0,0
101200,0,0
102311,0,0
101581,0,1
102007,0,1
102862,0,1
103075,1,2
103289,1,2
103502,1,2
103716,1,2
103939,1,2
104153,1,2
104380,1,2
105581,1,2
105794,1,2
106434,0,0
106647,0,0
108031,0,0
108458,0,1
108671,0,1
108885,0,1
109099,0,1
109313,0,1
109581,0,1
109796,0,1
110022,0,1
110235,0,1
110448,0,1
110662,0,1
110875,0,1
111087,0,1
111300,0,1
111514,0,1
111728,0,1
111941,0,1
112581,0,0
112794,0,0
113007,0,0
113221,0,0
113435,0,0
113648,0,0
113873,0,0
114086,0,0
114330,0,0
114543,0,0
114755,0,0
114970,0,0
115183,0,0
115397,0,0
115610,0,0
115824,0,0
116037,0,0
116250,0,0
116464,0,0
116677,0,0
116890,0,0
117104,0,0
117318,0,0
117532,0,0
117745,0,0
117970,0,0
118182,0,0
118410,0,0
118624,0,0
118837,0,0
119051,0,0
119264,0,0
119478,0,0
119691,0,0
119905,0,0
120118,0,0
120332,0,0
120545,0,0
120758,0,0
120972,0,0
121186,0,0
121399,0,0
121613,0,0
121826,0,0
122041,0,0
122266,0,0
122480,0,0
122704,0,0
122918,0,0
123132,0,0
123346,0,0
123575,0,0
123788,0,0
124001,0,0
124215,0,0
124428,0,0
124641,0,0
124855,0,0
125069,0,0
125279,0,0
125494,0,0
125707,0,0
125921,0,0
126134,0,0
126349,0,0
126574,0,0
126787,0,0
127014,0,0
127228,0,0
127441,0,0
127654,0,0
127867,0,0
128081,0,0
128293,0,0
128506,0,0
128720,0,0
128933,0,0
129147,0,0
129361,0,0
129796,0,0
129615,0,0
129828,0,0
130042,0,0
130255,0,0
130481,0,0
130693,0,0
130919,0,0
131131,0,0
131344,0,0
131558,0,0
131772,0,0
131985,0,0
132198,0,0
132412,0,0
132623,0,0
132837,0,0
133614,0,0
133828,0,0
134041,0,0
134255,0,0
134468,0,0
134681,0,0
134895,0,0
135109,0,0
135335,0,0
135548,0,0
135775,0,0
135987,0,0
136201,0,0
136415,0,0
136628,0,0
136842,0,0
137057,0,0
137271,0,0
137485,0,0
137626,0,0
137838,0,0
138051,0,0
138264,0,0
138477,0,0
138690,0,0
138904,0,0
139119,0,0
139333,0,0
139558,0,0
139772,0,0
139997,0,0
140211,0,0
140424,0,0
140637,0,0
140851,0,0
141065,0,0
141278,0,0
141493,0,0
141626,0,0
141840,0,0
142069,0,0
142283,0,0
142497,0,0
142709,0,0
142923,0,0
143137,0,0
143350,0,0
143564,0,0
143785,0,0
144011,0,0
144225,0,0
144438,0,0
144651,0,0
144865,0,0
145079,0,0
145292,0,0
145626,0,0
145839,0,0
146052,0,0
146266,0,0
146479,0,0
146692,0,0
146906,0,0
147119,0,0
147334,0,0
147547,0,0
147759,0,0
147973,0,0
148198,0,0
148425,0,0
148640,0,0
148853,0,0
149066,0,0
149280,0,0
149493,0,0
149626,0,0
149839,0,0
150053,0,0
150266,0,0
150480,0,0
150694,0,0
150908,0,0
151121,0,0
151427,0,0
151641,0,0
151855,0,0
152069,0,0
152283,0,0
152508,0,0
152734,0,0
152947,0,0
153161,0,0
153374,0,0
153588,0,0
153710,0,0
153923,0,0
154137,0,0
154349,0,0
154564,0,0
154778,0,0
154991,0,0
155204,0,0
155418,0,0
155632,0,0
155845,0,0
156059,0,0
156273,0,0
156487,0,0
156713,0,0
156940,0,0
157153,0,0
157367,0,0
157710,0,0
157923,0,0
158136,0,0
158350,0,0
158564,0,0
158777,0,0
158991,0,0
159202,0,0
159416,0,0
159629,0,0
159843,0,0
160057,0,0
160271,0,0
160484,0,0
160696,0,0
160909,0,0
161135,0,0
161361,0,0
161575,0,0
161710,0,0
161924,0,0
162138,0,0
162351,0,0
162566,0,0
162780,0,0
162993,0,0
163206,0,0
163419,0,0
163633,0,0
163846,0,0
164060,0,0
164274,0,0
164488,0,0
164702,0,0
164915,0,0
165129,0,0
165353,0,0
165710,0,0
165924,0,0
166138,0,0
166351,0,0
166565,0,0
166779,0,0
166993,0,0
167206,0,0
167420,0,0
167634,0,0
167847,0,0
168061,0,0
168274,0,0
168488,0,0
168702,0,0
168915,0,0
169128,0,0
169343,0,0
169556,0,0
169797,0,0
170024,0,0
170238,0,0
170451,0,0
170665,0,0
170879,0,0
171093,0,0
171305,0,0
171515,0,0
171730,0,0
171944,0,0
172158,0,0
172372,0,0
172585,0,0
172799,0,0
173012,0,0
173226,0,0
173440,0,0
173654,0,0
173880,0,0
174094,0,0
174320,0,0
174535,0,0
174747,0,0
174960,0,0
175173,0,0
175387,0,0
175602,0,0
175816,0,0
176029,0,0
176242,0,0
176457,0,0
176670,0,0
176884,0,0
177097,0,0
177311,0,0
177524,0,0
177739,0,0
177952,0,0
178176,0,0
178389,0,0
178616,0,0
178828,0,0
179135,0,0
179348,0,0
179561,0,0
179775,0,0
179988,0,0
180202,0,0
180416,0,0
180629,0,0
180843,0,0
181056,0,0
181269,0,0
181482,0,0
181696,0,0
181910,0,0
182125,0,0
182338,0,0
182564,0,0
182789,0,0
183003,0,0
183216,0,0
183429,0,0
183644,0,0
183857,0,0
184070,0,0
184283,0,0
184497,0,0
184711,0,0
184925,0,0
185138,0,0
185350,0,0
185564,0,0
185778,0,0
185822,0,0
186257,0,0
186471,0,0
186696,0,0
186923,0,0
187136,0,0
187349,0,0
187563,0,0
187776,0,0
187989,0,0
188203,0,0
188416,0,0
188628,0,0
188842,0,0
189056,0,0
189269,0,0
189484,0,0
189822,0,0
190036,0,0
190249,0,0
190463,0,0
190677,0,0
190890,0,0
191114,0,0
191341,0,0
191554,0,0
191768,0,0
191981,0,0
192194,0,0
192407,0,0
192620,0,0
192833,0,0
193046,0,0
193260,0,0
193473,0,0
193686,0,0
193830,0,0
194043,0,0
194257,0,0
194471,0,0
194686,0,0
194899,0,0
195113,0,0
195336,0,0
195562,0,0
195776,0,0
195989,0,0
196203,0,0
196416,0,0
196629,0,0
196843,0,0
197056,0,0
197269,0,0
197498,0,0
197830,0,0
198044,0,0
198256,0,0
198468,0,0
198681,0,0
198895,0,0
199110,0,0
199319,0,0
199532,0,0
199758,0,0
199985,0,0
200198,0,0
200412,0,0
200625,0,0
200839,0,0
201053,0,0
201267,0,0
201481,0,0
201694,0,0
201830,0,0
202044,0,0
202258,0,0
202470,0,0
202683,0,0
202897,0,0
203110,0,0
203323,0,0
203537,0,0
203750,0,0
203974,0,0
204201,0,0
204414,0,0
204628,0,0
204842,0,0
205056,0,0
205269,0,0
205482,0,0
205696,0,0
205830,0,0
206042,0,0
206255,0,0
206467,0,0
206777,0,0
206991,0,0
207204,0,0
207418,0,0
207632,0,0
207845,0,0
208059,0,0
208284,0,0
208510,0,0
208725,0,0
208939,0,0
209152,0,0
209366,0,0
209580,0,0
209830,0,0
210044,0,0
210257,0,0
210471,0,0
210684,0,0
210898,0,0
211112,0,0
211326,0,0
211539,0,0
211752,0,0
211964,0,0
212179,0,0
212392,0,0
212617,0,0
212842,0,0
213055,0,0
213269,0,0
213482,0,0
213830,0,0
214043,0,0
214257,0,0
214471,0,0
214684,0,0
214898,0,0
215111,0,0
215326,0,0
215539,0,0
215753,0,0
215965,0,0
216177,0,0
216390,0,0
216604,0,0
216817,0,0
217042,0,0
217268,0,0
217481,0,0
217694,0,0
217830,0,0
218044,0,0
218257,0,0
218470,0,0
218683,0,0
218897,0,0
219110,0,0
219324,0,0
219536,0,0
219750,0,0
219964,0,0
220178,0,0
220391,0,0
220604,0,0
220817,0,0
221030,0,0
221254,0,0
221479,0,0
221692,0,0
221830,0,0
222044,0,0
222256,0,0
222469,0,0
222681,0,0
222895,0,0
223109,0,0
223321,0,0
223535,0,0
223748,0,0
223963,0,0
224176,0,0
224390,0,0
224603,0,0
224817,0,0
225047,0,0
225272,0,0
225498,0,0
225711,0,0
225924,0,0
226137,0,0
226349,0,0
226564,0,0
226774,0,0
226988,0,0
227203,0,0
227415,0,0
227629,0,0
227842,0,0
228056,0,0
228269,0,0
228482,0,0
228698,0,0
228911,0,0
229125,0,0
229339,0,0
229564,0,0
229790,0,0
230004,0,0
230217,0,0
230431,0,0
230647,0,0
230861,0,0
231074,0,0
231287,0,0
231500,0,0
231714,0,0
231927,0,0
232141,0,0
232354,0,0
232569,0,0
232783,0,0
232997,0,0
233210,0,0
233424,0,0
233639,0,0
233863,0,0
234091,0,0
234321,0,0
234534,0,0
234747,0,0
234960,0,0
235173,0,0
235387,0,0
235600,0,0
235813,0,0
236023,0,0
236237,0,0
236450,0,0
236664,0,0
236878,0,0
237092,0,0
237306,0,0
237519,0,0
237733,0,0
237946,0,0
238171,0,0
238399,0,0
238612,0,0
238825,0,0
239040,0,0
239253,0,0
239466,0,0
239679,0,0
239893,0,0
240105,0,0
240320,0,0
240535,0,0
240748,0,0
240962,0,0
241175,0,0
241389,0,0
241601,0,0
241815,0,0
242029,0,0
242242,0,0
242633,0,0
242860,0,0
244103,0,0
244530,0,1
245479,0,1
245690,1,2
246332,1,2
246976,1,2
246634,1,2
246849,1,2
247062,1,2
247276,1,2
247491,1,2
247704,1,2
247918,1,2
248133,1,2
248347,1,2
248560,1,2
248774,1,2
248988,1,2
249201,1,2
249842,1,2
250633,1,2
250847,1,2
251060,1,2
251274,1,2
251513,1,2
251726,1,2
251939,1,2
252153,1,2
252367,1,2
252580,1,2
252794,1,2
253007,1,2
253221,1,2
253436,1,2
253648,1,2
253862,1,2
254502,1,2
254633,1,2
254846,1,2
255060,1,2
255275,1,2
255488,1,2
255726,1,2
255940,1,2
256153,1,2
256384,1,2
256597,1,2
256811,1,2
257024,1,2
257239,1,2
257450,1,2
257664,1,2
257877,1,2
258516,1,2
258633,1,2
258846,1,2
259060,1,2
259274,1,2
259487,1,2
259700,1,2
259940,1,2
260153,1,2
260366,1,2
260580,1,2
260794,1,2
261007,1,2
261221,1,2
261435,1,2
261648,1,2
261862,1,2
262504,1,2
262650,1,2
262864,1,2
263077,1,2
263291,1,2
263504,1,2
263718,1,2
263931,1,2
264169,1,2
264385,1,2
264598,1,2
264812,1,2
265026,1,2
265240,1,2
265453,1,2
265665,1,2
265879,1,2
266520,1,2
266650,1,2
266863,1,2
267077,1,2
267290,1,2
267505,1,2
267719,1,2
267933,1,2
268172,1,2
268382,1,2
268596,1,2
268809,1,2
269022,1,2
269236,1,2
269450,1,2
269665,1,2
269878,1,2
270520,1,2
270650,1,2
270864,1,2
271077,1,2
271291,1,2
271505,1,2
271719,1,2
271931,1,2
272145,1,2
272385,1,2
272597,1,2
272810,1,2
273023,1,2
273238,1,2
273451,1,2
273664,1,2
273878,1,2
274091,1,2
274733,1,2
274676,1,2
274889,1,2
275104,1,2
275318,1,2
275530,1,2
275744,1,2
275958,1,2
276170,1,2
276404,1,2
276618,1,2
276831,1,2
277046,1,2
277258,1,2
277472,1,2
277686,1,2
277900,1,2
278556,1,2
278712,1,2
278926,1,2
279139,1,2
279353,1,2
279565,1,2
279779,1,2
279989,1,2
280202,1,2
280417,1,2
280654,1,2
280868,1,2
281082,1,2
281295,1,2
281508,1,2
281722,1,2
281936,1,2
282149,1,2
282363,1,2
282577,1,2
282791,1,2
283005,1,2
283218,1,2
283431,1,2
283646,1,2
283860,1,2
284073,1,2
284286,1,2
284500,1,2
284712,1,2
284951,1,2
285165,1,2
285379,1,2
285593,1,2
285822,1,2
286035,1,2
286248,1,2
286888,0,0
287101,0,0
287315,0,0
287524,0,0
287738,0,0
287951,0,0
288165,0,0
288379,0,0
288592,0,0
288807,0,0
289020,0,0
289259,0,0
289473,0,0
289686,0,0
289900,0,0
290113,0,0
290327,0,0
290540,0,0
290755,0,0
290968,0,0
291180,0,0
291394,0,0
291607,0,0
291821,0,0
292034,0,0
292248,0,0
292462,0,0
292677,0,0
292890,0,0
293102,0,0
293316,0,0
293555,0,0
293768,0,0
293983,0,0
294195,0,0
294411,0,0
294624,0,0
294837,0,0
295048,0,0
295263,0,0
295493,0,0
295707,0,0
295919,0,0
296133,0,0
296346,0,0
296559,0,0
296771,0,0
296984,0,0
297193,0,0
297408,0,0
297634,0,0
297858,0,0
298072,0,0
298285,0,0
298499,0,0
298713,0,0
299485,0,0
299921,0,0
300135,0,0
300348,0,0
300562,0,0
300775,0,0
300990,0,0
301203,0,0
301416,0,0
301630,0,0
301843,0,0
302057,0,0
302270,0,0
302496,0,0
302721,0,0
302936,0,0
303149,0,0
303485,0,0
303699,0,0
303911,0,0
304124,0,0
304337,0,0
304551,0,0
304764,0,0
304978,0,0
305191,0,0
305405,0,0
305836,0,0
306051,0,0
306264,0,0
306478,0,0
306691,0,0
306919,0,0
307144,0,0
307357,0,0
307492,0,0
307704,0,0
307918,0,0
308130,0,0
308343,0,0
308556,0,0
308771,0,0
308984,0,0
309198,0,0
309411,0,0
309845,0,0
310058,0,0
310272,0,0
310485,0,0
310698,0,0
310912,0,0
311139,0,0
311492,0,0
311706,0,0
311919,0,0
312132,0,0
312346,0,0
312560,0,0
312772,0,0
312985,0,0
313199,0,0
313413,0,0
313626,0,0
314062,0,0
314275,0,0
314487,0,0
314701,0,0
314914,0,0
315128,0,0
315435,0,0
315684,0,0
315896,0,0
316109,0,0
316322,0,0
316534,0,0
316747,0,0
316961,0,0
317175,0,0
317389,0,0
317602,0,0
318037,0,0
318250,0,0
318463,0,0
318677,0,0
318890,0,0
319105,0,0
319317,0,0
319531,0,0
319683,0,0
319920,0,0
320135,0,0
320347,0,0
320562,0,0
320775,0,0
320986,0,0
321199,0,0
321412,0,0
321626,0,0
322061,0,0
322275,0,0
322489,0,0
322702,0,0
322916,0,0
323130,0,0
323343,0,0
323557,0,0
323683,0,0
323896,0,0
324133,0,0
324347,0,0
324560,0,0
324774,0,0
325003,0,0
325218,0,0
325431,0,0
325645,0,0
325858,0,0
326071,0,0
326285,0,0
326498,0,0
326707,0,0
326920,0,0
327135,0,0
327571,0,0
327683,0,0
327897,0,0
328123,0,0
328347,0,0
328560,0,0
328774,0,0
328987,0,0
329202,0,0
329417,0,0
329629,0,0
329844,0,0
330057,0,0
330269,0,0
330482,0,0
330697,0,0
330911,0,0
331125,0,0
331560,0,0
331683,0,0
331897,0,0
332110,0,0
332336,0,0
332559,0,0
332772,0,0
332987,0,0
333201,0,0
333415,0,0
333627,0,0
333840,0,0
334054,0,0
334267,0,0
334478,0,0
334691,0,0
334905,0,0
335120,0,0
335556,0,0
335694,0,0
335907,0,0
336120,0,0
336334,0,0
336560,0,0
336784,0,0
336998,0,0
337212,0,0
337425,0,0
337638,0,0
337850,0,0
338063,0,0
338276,0,0
338489,0,0
338703,0,0
338917,0,0
339130,0,0
339343,0,0
339557,0,0
339770,0,0
339984,0,0
340197,0,0
340410,0,0
340624,0,0
340860,0,0
341084,0,0
341298,0,0
341510,0,0
341723,0,0
341936,0,0
342150,0,0
342362,0,0
342576,0,0
342791,0,0
343005,0,0
343218,0,0
343432,0,0
343740,0,0
343953,0,0
344167,0,0
344380,0,0
344594,0,0
344809,0,0
345022,0,0
345249,0,0
345474,0,0
345687,0,0
345900,0,0
346114,0,0
346327,0,0
346541,0,0
346755,0,0
346968,0,0
347182,0,0
347395,0,0
347607,0,0
347820,0,0
348034,0,0
348247,0,0
348459,0,0
348674,0,0
348888,0,0
349102,0,0
349315,0,0
349540,0,0
349764,0,0
349977,0,0
350191,0,0
350404,0,0
350619,0,0
350833,0,0
351046,0,0
351259,0,0
351472,0,0
351685,0,0
351898,0,0
352112,0,0
352324,0,0
352537,0,0
352751,0,0
352981,0,0
353195,0,0
353408,0,0
353622,0,0
353847,0,0
354071,0,0
354284,0,0
354499,0,0
354708,0,0
354922,0,0
355135,0,0
355348,0,0
355562,0,0
355774,0,0
355988,0,0
356201,0,0
356416,0,0
356630,0,0
356844,0,0
357058,0,0
357271,0,0
357484,0,0
358116,0,0
358330,0,0
358790,0,0
359004,0,0
359219,0,0
359432,0,0
359645,0,0
359858,0,0
360072,0,0
360286,0,0
360499,0,0
360713,0,0
360928,0,0
361141,0,0
361354,0,0
361568,0,0
361781,0,0
361995,0,0
362116,0,0
362329,0,0
362778,0,0
363002,0,0
363215,0,0
363427,0,0
363640,0,0
363854,0,0
364067,0,0
364280,0,0
364493,0,0
364706,0,0
364919,0,0
365132,0,0
365345,0,0
365558,0,0
365770,0,0
365984,0,0
366116,0,0
366329,0,0
366764,0,0
366990,0,0
367214,0,0
367426,0,0
367638,0,0
367849,0,0
368062,0,0
368275,0,0
368490,0,0
368703,0,0
368916,0,0
369129,0,0
369341,0,0
369554,0,0
369767,0,0
370116,0,0
370328,0,0
370541,0,0
370977,0,0
371190,0,0
371416,0,0
371639,0,0
371852,0,0
372065,0,0
372278,0,0
372506,0,0
372720,0,0
372933,0,0
373145,0,0
373358,0,0
373570,0,0
373783,0,0
373998,0,0
374121,0,0
374335,0,0
374550,0,0
374984,0,0
375196,0,0
375423,0,0
375647,0,0
375860,0,0
376074,0,0
376287,0,0
376502,0,0
376715,0,0
376927,0,0
377140,0,0
377353,0,0
377567,0,0
377779,0,0
378121,0,0
378336,0,0
378550,0,0
378763,0,0
379214,0,0
379428,0,0
379641,0,0
379868,0,0
380092,0,0
380306,0,0
380519,0,0
380732,0,0
380940,0,0
381153,0,0
381366,0,0
381579,0,0
381792,0,0
382005,0,0
382121,0,0
382336,0,0
382549,0,0
382763,0,0
383199,0,0
383413,0,0
383628,0,0
383851,0,0
384064,0,0
384290,0,0
384504,0,0
384717,0,0
384931,0,0
385145,0,0
385358,0,0
385573,0,0
385786,0,0
386125,0,0
386341,0,0
386554,0,0
386768,0,0
386982,0,0
387417,0,0
387631,0,0
387845,0,0
388059,0,0
388286,0,0
388500,0,0
388724,0,0
388938,0,0
389150,0,0
389364,0,0
389576,0,0
389789,0,0
390002,0,0
390125,0,0
390339,0,0
390552,0,0
390766,0,0
390978,0,0
391413,0,0
391628,0,0
391843,0,0
392054,0,0
392268,0,0
392494,0,0
392708,0,0
392931,0,0
393146,0,0
393357,0,0
393572,0,0
393785,0,0
394000,0,0
394125,0,0
394338,0,0
394551,0,0
394766,0,0
394979,0,0
395412,0,0
395626,0,0
395840,0,0
396054,0,0
396268,0,0
396482,0,0
396709,0,0
396923,0,0
397145,0,0
397359,0,0
397573,0,0
397787,0,0
398001,0,0
398213,0,0
398427,0,0
398640,0,0
398854,0,0
399066,0,0
399280,0,0
399495,0,0
399708,0,0
399922,0,0
400135,0,0
400349,0,0
400562,0,0
400776,0,0
401002,0,0
401232,0,0
401457,0,0
401671,0,0
401883,0,0
402097,0,0
402310,0,0
402524,0,0
402736,0,0
402947,0,0
403161,0,0
403376,0,0
403591,0,0
403804,0,0
404018,0,0
404231,0,0
404445,0,0
404658,0,0
404873,0,0
405087,0,0
405314,0,0
405528,0,0
405755,0,0
405968,0,0
406181,0,0
406395,0,0
406607,0,0
406821,0,0
407035,0,0
407249,0,0
407464,0,0
407677,0,0
407891,0,0
408104,0,0
408317,0,0
408531,0,0
408745,0,0
408959,0,0
409173,0,0
409388,0,0
409614,0,0
409828,0,0
410051,0,0
410265,0,0
410573,0,0
410786,0,0
411000,0,0
411213,0,0
411428,0,0
411641,0,0
411854,0,0
412068,0,0
412281,0,0
412493,0,0
412707,0,0
412920,0,0
413134,0,0
413347,0,0
413562,0,0
413788,0,0
414001,0,0
414226,0,0
414440,0,0
414653,0,0
414867,0,0
415080,0,0
415293,0,0
415506,0,0
415892,0,0
416327,0,0
416541,0,0
416754,0,0
416968,0,0
417181,0,0
417395,0,0
417608,0,0
417822,0,0
418035,0,0
418263,0,0
418477,0,0
418702,0,0
418916,0,0
419129,0,0
419342,0,0
419556,0,0
419769,0,0
419892,0,0
420102,0,0
420316,0,0
420529,0,0
420743,0,0
420958,0,0
421171,0,0
421383,0,0
421598,0,0
421811,0,0
422025,0,0
422238,0,0
422464,0,0
422678,0,0
422905,0,0
423118,0,0
423332,0,0
423545,0,0
423759,0,0
423892,0,0
424105,0,0
424318,0,0
424532,0,0
424746,0,0
424959,0,0
425173,0,0
425386,0,0
425599,0,0
425812,0,0
426026,0,0
426239,0,0
426453,0,0
426679,0,0
426892,0,0
427117,0,0
427329,0,0
427543,0,0
427892,0,0
428105,0,0
428318,0,0
428531,0,0
428745,0,0
428958,0,0
429189,0,0
429403,0,0
429617,0,0
429830,0,0
430044,0,0
430257,0,0
430471,0,0
430686,0,0
430896,0,0
431122,0,0
431335,0,0
431560,0,0
431773,0,0
431892,0,0
432105,0,0
432320,0,0
432534,0,0
432747,0,0
432961,0,0
433175,0,0
433389,0,0
433603,0,0
433818,0,0
434031,0,0
434245,0,0
434461,0,0
434675,0,0
434889,0,0
435102,0,0
435330,0,0
435542,0,0
435894,0,0
436108,0,0
436322,0,0
436537,0,0
436749,0,0
436963,0,0
437176,0,0
437390,0,0
437604,0,0
437818,0,0
438031,0,0
438245,0,0
438554,0,0
438767,0,0
438980,0,0
439194,0,0
439409,0,0
439622,0,0
439848,0,0
439894,0,0
440119,0,0
440334,0,0
440546,0,0
440759,0,0
440972,0,0
441186,0,0
441399,0,0
441612,0,0
441825,0,0
442039,0,0
442251,0,0
442466,0,0
442680,0,0
442893,0,0
443106,0,0
443318,0,0
443531,0,0
443894,0,0
444121,0,0
444335,0,0
444561,0,0
444774,0,0
444987,0,0
445201,0,0
445414,0,0
445628,0,0
445842,0,0
446056,0,0
446269,0,0
446483,0,0
446696,0,0
446910,0,0
447122,0,0
447336,0,0
447549,0,0
447760,0,0
447894,0,0
448108,0,0
448335,0,0
448549,0,0
448773,0,0
448986,0,0
449199,0,0
449413,0,0
449626,0,0
449839,0,0
450053,0,0
450266,0,0
450480,0,0
450693,0,0
450906,0,0
451119,0,0
451332,0,0
451546,0,0
451759,0,0
451894,0,0
452107,0,0
452321,0,0
452548,0,0
452761,0,0
452985,0,0
453199,0,0
453412,0,0
453626,0,0
453840,0,0
454053,0,0
454266,0,0
454480,0,0
454693,0,0
454907,0,0
455120,0,0
455334,0,0
455547,0,0
455894,0,0
456108,0,0
456320,0,0
456534,0,0
456854,0,0
457068,0,0
457281,0,0
457506,0,0
457720,0,0
457935,0,0
458149,0,0
458364,0,0
458577,0,0
458790,0,0
459004,0,0
459217,0,0
459431,0,0
459644,0,0
459859,0,0
460074,0,0
460289,0,0
460502,0,0
460715,0,0
460929,0,0
461155,0,0
461368,0,0
461582,0,0
461808,0,0
462021,0,0
462236,0,0
462448,0,0
462661,0,0
462875,0,0
463088,0,0
463301,0,0
463515,0,0
463730,0,0
463943,0,0
464158,0,0
464372,0,0
464585,0,0
464798,0,0
465012,0,0
465226,0,0
465452,0,0
465666,0,0
465880,0,0
466121,0,0
466336,0,0
466550,0,0
466763,0,0
466977,0,0
467190,0,0
467404,0,0
467617,0,0
467831,0,0
468046,0,0
468259,0,0
468473,0,0
468687,0,0
468900,0,0
469114,0,0
469328,0,0
469541,0,0
469769,0,0
469982,0,0
470208,0,0
470421,0,0
470634,0,0
470847,0,0
471060,0,0
471274,0,0
471487,0,0
471702,0,0
471894,0,0
472107,0,0
472321,0,0
472535,0,0
472748,0,0
472962,0,0
473175,0,0
473389,0,0
473604,0,0
473817,0,0
474043,0,0
474257,0,0
474480,0,0
474694,0,0
475129,0,0
475343,0,0
475554,0,0
475767,0,0
475894,0,0
476107,0,0
476320,0,0
476534,0,0
476748,0,0
476962,0,0
477176,0,0
477390,0,0
477605,0,0
477818,0,0
478032,0,0
478260,0,0
478474,0,0
478698,0,0
478913,0,0
479127,0,0
479340,0,0
479554,0,0
479894,0,0
480108,0,0
480323,0,0
480757,0,0
480971,0,0
481185,0,0
481397,0,0
481612,0,0
481826,0,0
482040,0,0
482253,0,0
482467,0,0
482695,0,0
482908,0,0
483135,0,0
483347,0,0
483562,0,0
483775,0,0
483894,0,0
484107,0,0
484321,0,0
484755,0,0
484974,0,0
485187,0,0
485401,0,0
485616,0,0
485829,0,0
486042,0,0
486257,0,0
486471,0,0
486684,0,0
486911,0,0
487123,0,0
487349,0,0
487561,0,0
487894,0,0
488108,0,0
488322,0,0
488536,0,0
488972,0,0
489186,0,0
489401,0,0
489614,0,0
489826,0,0
490042,0,0
490255,0,0
490469,0,0
490683,0,0
490897,0,0
491109,0,0
491337,0,0
491550,0,0
491774,0,0
491894,0,0
492108,0,0
492321,0,0
492534,0,0
492968,0,0
493181,0,0
493396,0,0
493609,0,0
493823,0,0
494036,0,0
494250,0,0
494464,0,0
494773,0,0
494988,0,0
495202,0,0
495416,0,0
495642,0,0
495894,0,0
496118,0,0
496333,0,0
496547,0,0
496761,0,0
497196,0,0
497410,0,0
497623,0,0
497835,0,0
498048,0,0
498262,0,0
498477,0,0
498690,0,0
498903,0,0
499117,0,0
499331,0,0
499545,0,0
499758,0,0
499894,0,0
500107,0,0
500332,0,0
500545,0,0
500759,0,0
500972,0,0
501187,0,0
501400,0,0
501613,0,0
501827,0,0
502040,0,0
502256,0,0
502690,0,0
502904,0,0
503117,0,0
503330,0,0
503543,0,0
503894,0,0
504108,0,0
504336,0,0
504547,0,0
504771,0,0
504985,0,0
505198,0,0
505412,0,0
505627,0,0
505840,0,0
506053,0,0
506268,0,0
506481,0,0
506915,0,0
507130,0,0
507344,0,0
507557,0,0
507772,0,0
507894,0,0
508107,0,0
508322,0,0
508549,0,0
508762,0,0
508986,0,0
509200,0,0
509413,0,0
509627,0,0
509840,0,0
510054,0,0
510268,0,0
510482,0,0
510917,0,0
511131,0,0
511345,0,0
511558,0,0
511894,0,0
512108,0,0
512323,0,0
512536,0,0
512749,0,0
512977,0,0
513190,0,0
513415,0,0
513628,0,0
513842,0,0
514072,0,0
514286,0,0
514499,0,0
514713,0,0
514926,0,0
515139,0,0
515352,0,0
515565,0,0
515780,0,0
515994,0,0
516207,0,0
516421,0,0
516635,0,0
516848,0,0
517075,0,0
517287,0,0
517500,0,0
517726,0,0
517940,0,0
518153,0,0
518367,0,0
518580,0,0
518794,0,0
519007,0,0
519221,0,0
519434,0,0
519648,0,0
519861,0,0
520073,0,0
520288,0,0
520501,0,0
520715,0,0
520929,0,0
521142,0,0
521367,0,0
521581,0,0
521796,0,0
522020,0,0
522234,0,0
522446,0,0
522660,0,0
522874,0,0
523086,0,0
523316,0,0
523530,0,0
523745,0,0
523958,0,0
524172,0,0
524385,0,0
524600,0,0
524813,0,0
525023,0,0
525236,0,0
525450,0,0
525678,0,0
525891,0,0
526115,0,0
526329,0,0
526542,0,0
526755,0,0
526969,0,0
527182,0,0
527396,0,0
527610,0,0
527823,0,0
528038,0,0
528254,0,0
528467,0,0
528681,0,0
528895,0,0
529108,0,0
529322,0,0
529536,0,0
529750,0,0
529977,0,0
530191,0,0
530415,0,0
530628,0,0
530841,0,0
531055,0,0
531268,0,0
531482,0,0
531696,0,0
531910,0,0
532123,0,0
532336,0,0
532547,0,0
532761,0,0
532974,0,0
533188,0,0
533216,0,0
533651,0,0
533865,0,0
534093,0,0
534307,0,0
534531,0,0
534745,0,0
534959,0,0
535172,0,0
535387,0,0
535600,0,0
535814,0,0
536027,0,0
536241,0,0
536454,0,0
536668,0,0
536882,0,0
537216,0,0
537431,0,0
537643,0,0
537857,0,0
538071,0,0
538285,0,0
538511,0,0
538724,0,0
538950,0,0
539164,0,0
539378,0,0
539592,0,0
539806,0,0
540019,0,0
540233,0,0
540447,0,0
540660,0,0
540874,0,0
541087,0,0
541216,0,0
541428,0,0
541657,0,0
541871,0,0
542084,0,0
542298,0,0
542524,0,0
542737,0,0
542950,0,0
543174,0,0
543384,0,0
543597,0,0
543811,0,0
544025,0,0
544240,0,0
544453,0,0
544667,0,0
544881,0,0
545216,0,0
545431,0,0
545644,0,0
545857,0,0
546071,0,0
546285,0,0
546498,0,0
546712,0,0
546939,0,0
547153,0,0
547365,0,0
547589,0,0
547802,0,0
548016,0,0
548228,0,0
548442,0,0
548655,0,0
548869,0,0
549084,0,0
549216,0,0
549430,0,0
549642,0,0
549856,0,0
550069,0,0
550283,0,0
550496,0,0
550710,0,0
550930,0,0
551156,0,0
551370,0,0
551583,0,0
551807,0,0
552020,0,0
552234,0,0
552446,0,0
552660,0,0
552875,0,0
553088,0,0
553219,0,0
553432,0,0
553646,0,0
553859,0,0
554071,0,0
554285,0,0
554499,0,0
554712,0,0
554928,0,0
555141,0,0
555368,0,0
555582,0,0
555796,0,0
556021,0,0
556234,0,0
556448,0,0
556660,0,0
556876,0,0
557219,0,0
557432,0,0
557645,0,0
557859,0,0
558073,0,0
558287,0,0
558500,0,0
558715,0,0
558929,0,0
559144,0,0
559357,0,0
559570,0,0
559796,0,0
560009,0,0
560220,0,0
560447,0,0
560660,0,0
560875,0,0
561088,0,0
561219,0,0
561432,0,0
561646,0,0
561859,0,0
562073,0,0
562287,0,0
562499,0,0
562713,0,0
562927,0,0
563140,0,0
563353,0,0
563567,0,0
563781,0,0
564009,0,0
564222,0,0
564436,0,0
564660,0,0
564873,0,0
565219,0,0
565432,0,0
565646,0,0
565861,0,0
566075,0,0
566289,0,0
566502,0,0
566715,0,0
566929,0,0
567143,0,0
567356,0,0
567570,0,0
567783,0,0
567997,0,0
568211,0,0
568438,0,0
568651,0,0
568865,0,0
569091,0,0
569289,0,0
569501,0,0
569716,0,0
569930,0,0
570143,0,0
570357,0,0
570571,0,0
570786,0,0
570995,0,0
571209,0,0
571422,0,0
571636,0,0
571850,0,0
572063,0,0
572277,0,0
572491,0,0
572720,0,0
572933,0,0
573147,0,0
573289,0,0
573503,0,0
573717,0,0
573931,0,0
574145,0,0
574359,0,0
574572,0,0
574786,0,0
574999,0,0
575213,0,0
575426,0,0
575640,0,0
575855,0,0
576068,0,0
576283,0,0
576496,0,0
576711,0,0
576938,0,0
577151,0,0
577365,0,0
577590,0,0
577804,0,0
578017,0,0
578231,0,0
578539,0,0
578752,0,0
578967,0,0
579181,0,0
579395,0,0
579609,0,0
579824,0,0
580036,0,0
580251,0,0
580465,0,0
580678,0,0
580891,0,0
581119,0,0
581333,0,0
581546,0,0
581771,0,0
581985,0,0
582199,0,0
582413,0,0
582627,0,0
582840,0,0
583053,0,0
583267,0,0
583482,0,0
583696,0,0
583909,0,0
584125,0,0
584339,0,0
584552,0,0
584766,0,0
584979,0,0
585194,0,0
585422,0,0
585637,0,0
585850,0,0
586076,0,0
586290,0,0
586503,0,0
586717,0,0
586930,0,0
587143,0,0
587357,0,0
587570,0,0
587783,0,0
587998,0,0
588212,0,0
588425,0,0
588638,0,0
588851,0,0
589064,0,0
589278,0,0
589492,0,0
589718,0,0
589932,0,0
590146,0,0
590371,0,0
590584,0,0
590797,0,0
591010,0,0
591224,0,0
591436,0,0
591649,0,0
591863,0,0
592076,0,0
592290,0,0
592503,0,0
592717,0,0
592931,0,0
593147,0,0
593360,0,0
593574,0,0
593787,0,0
594015,0,0
594229,0,0
594442,0,0
594666,0,0
594879,0,0
595092,0,0
595307,0,0
595520,0,0
595733,0,0
595948,0,0
596162,0,0
596375,0,0
596589,0,0
596897,0,0
597111,0,0
597325,0,0
597540,0,0
597753,0,0
597967,0,0
598180,0,0
598407,0,0
598621,0,0
598834,0,0
599059,0,0
599273,0,0
599487,0,0
599701,0,0
599915,0,0
600128,0,0
600342,0,0
600555,0,0
600768,0,0
600983,0,0
601197,0,0
601411,0,0
601625,0,0
601839,0,0
602053,0,0
602266,0,0
602480,0,0
602708,0,0
602922,0,0
603135,0,0
603359,0,0
603573,0,0
603787,0,0
604001,0,0
604214,0,0
604428,0,0
604642,0,0
604856,0,0
605070,0,0
605285,0,0
605498,0,0
605712,0,0
605927,0,0
606156,0,0
606369,0,0
606583,0,0
606797,0,0
607024,0,0
607238,0,0
607452,0,0
607677,0,0
607888,0,0
608101,0,0
608316,0,0
608530,0,0
608744,0,0
608958,0,0
609171,0,0
609387,0,0
609601,0,0
609816,0,0
610029,0,0
610242,0,0
610456,0,0
610670,0,0
610883,0,0
611097,0,0
611325,0,0
611538,0,0
611752,0,0
611977,0,0
612190,0,0
612404,0,0
612618,0,0
612831,0,0
613045,0,0
613259,0,0
613472,0,0
613687,0,0
613900,0,0
614114,0,0
614328,0,0
614542,0,0
614755,0,0
614969,0,0
615182,0,0
615393,0,0
615620,0,0
615835,0,0
616048,0,0
616274,0,0
616486,0,0
616702,0,0
616915,0,0
617129,0,0
617342,0,0
617555,0,0
617769,0,0
617982,0,0
618196,0,0
618410,0,0
618625,0,0
618838,0,0
619052,0,0
619265,0,0
619479,0,0
619692,0,0
619919,0,0
620133,0,0
620344,0,0
620570,0,0
620783,0,0
620997,0,0
621212,0,0
621424,0,0
621638,0,0
621851,0,0
622065,0,0
622278,0,0
622492,0,0
622706,0,0
622919,0,0
623132,0,0
623346,0,0
623560,0,0
623774,0,0
623988,0,0
624217,0,0
624447,0,0
624660,0,0
624885,0,0
625098,0,0
625313,0,0
625526,0,0
625740,0,0
625953,0,0
626163,0,0
626377,0,0
626591,0,0
626805,0,0
627019,0,0
627233,0,0
627446,0,0
627660,0,0
627874,0,0
628087,0,0
628316,0,0
628530,0,0
628744,0,0
628958,0,0
629183,0,0
629396,0,0
629609,0,0
629823,0,0
630036,0,0
630250,0,0
630464,0,0
630678,0,0
630892,0,0
631106,0,0
631320,0,0
631533,0,0
631747,0,0
631960,0,0
632174,0,0
632387,0,0
632614,0,0
632829,0,0
633042,0,0
633254,0,0
633480,0,0
633789,0,0
634002,0,0
634215,0,0
634430,0,0
