p:4000,20000,6000,600,8000,4000,2000,8000,100
15080,0,0
15180,0,0
15280,0,0
15380,0,0
15480,0,0
15580,0,0
15680,0,0
15780,0,0
15880,0,0
15980,0,0
16080,0,0
16180,0,0
16280,0,0
16380,0,0
16480,0,0
16580,0,0
16680,0,0
16780,0,0
16880,0,0
16980,0,0
17080,0,0
17180,0,0
17280,0,0
17380,0,0
17480,0,0
17580,0,0
17680,0,0
17780,0,0
17880,0,0
17980,0,0
18080,0,0
18180,0,0
18280,0,0
18380,0,0
18480,0,0
18580,0,0
18680,0,0
18780,0,0
18880,0,0
18980,0,0
19077,0,0
19177,0,0
19277,0,0
19377,0,0
19477,0,0
19577,0,0
19677,0,0
19777,0,0
19877,0,0
19977,0,0
20077,0,0
20177,0,0
20277,0,0
20377,0,0
20477,0,0
20577,0,0
20677,0,0
20777,0,0
20877,0,0
20977,0,0
21077,0,0
21177,0,0
21277,0,0
21377,0,0
21477,0,0
21577,0,0
21677,0,0
21777,0,0
21877,0,0
21977,0,0
22077,0,0
22177,0,0
22277,0,0
22377,0,0
22477,0,0
22577,0,0
22677,0,0
22777,0,0
22877,0,0
22977,0,0
23077,0,0
23177,0,0
23277,0,0
23377,0,0
23477,0,0
23577,0,0
23677,0,0
23777,0,0
23877,0,0
23977,0,0
24077,0,0
24177,0,0
24277,0,0
24377,0,0
24477,0,0
24577,0,0
24677,0,0
24777,0,0
24877,0,0
24977,0,0
25077,0,0
25177,0,0
25277,0,0
25377,0,0
25477,0,0
25577,0,0
25677,0,0
25777,0,0
25877,0,0
25977,0,0
26077,0,0
26177,0,0
26277,0,0
26377,0,0
26477,0,0
26577,0,0
26677,0,0
26777,0,0
26877,0,0
26977,0,0
27074,0,0
27174,0,0
27274,0,0
27374,0,0
27474,0,0
27574,0,0
27674,0,0
27774,0,0
27874,0,0
27974,0,0
28074,0,0
28174,0,0
28274,0,0
28374,0,0
28474,0,0
28574,0,0
28674,0,0
28774,0,0
28874,0,0
28974,0,0
29074,0,0
29174,0,0
29274,0,0
29374,0,0
29474,0,0
29574,0,0
29674,0,0
29774,0,0
29874,0,0
29974,0,0
30074,0,0
30174,0,0
30274,0,0
30374,0,0
30474,0,0
30574,0,0
30674,0,0
30774,0,0
30874,0,0
30974,0,0
31074,0,0
31174,0,0
31271,0,0
31371,0,0
31471,0,0
31571,0,0
31671,0,0
31771,0,0
31871,0,0
31971,0,0
32071,0,0
32171,0,0
32271,0,0
32371,0,0
32471,0,0
32571,0,0
32671,0,0
32771,0,0
32871,0,0
32971,0,0
33071,0,0
33171,0,0
33271,0,0
33371,0,0
33471,0,0
33571,0,0
33671,0,0
33771,0,0
33871,0,0
33971,0,0
34071,0,0
34171,0,0
34271,0,0
34371,0,0
34471,0,0
34571,0,0
34671,0,0
34771,0,0
34871,0,0
34971,0,0
35071,0,0
35171,0,0
35266,0,0
35366,0,0
35466,0,0
35566,0,0
35666,0,0
35766,0,0
35866,0,0
35966,0,0
36077,0,0
36177,0,0
36277,0,0
36377,0,0
36477,0,0
36577,0,0
36677,0,0
36777,0,0
36877,0,0
36977,0,0
37077,0,0
37177,0,0
37277,0,0
37377,0,0
37477,0,0
37577,0,0
37677,0,0
37777,0,0
37877,0,0
37977,0,0
38077,0,0
38177,0,0
38277,0,0
38377,0,0
38477,0,0
38578,0,0
38678,0,0
38778,0,0
38878,0,0
38978,0,0
39078,0,0
39178,0,0
39278,0,0
39378,0,0
39478,0,0
39578,0,0
39678,0,0
39778,0,0
39878,0,0
39978,0,0
40079,0,0
40179,0,0
40279,0,0
40379,0,0
40479,0,0
40579,0,0
40679,0,0
40779,0,0
40879,0,0
40979,0,0
41079,0,0
41179,0,0
41279,0,0
41379,0,0
41480,0,0
41580,0,0
41680,0,0
41780,0,0
41880,0,0
41980,0,0
42080,0,0
42180,0,0
42280,0,0
42380,0,0
42480,0,0
42580,0,0
42680,0,0
42780,0,0
42880,0,0
42980,0,0
43080,0,0
43180,0,0
43278,0,0
43378,0,0
43478,0,0
43578,0,0
43678,0,0
43778,0,0
43878,0,0
43978,0,0
44084,0,0
44184,0,0
44284,0,0
44384,0,0
44484,0,0
44584,0,0
44684,0,0
44784,0,0
44884,0,0
44984,0,0
45084,0,0
45184,0,0
45284,0,0
45384,0,0
45484,0,0
45584,0,0
45684,0,0
45784,0,0
45884,0,0
45984,0,0
46084,0,0
46184,0,0
46284,0,0
46384,0,0
46484,0,0
46584,0,0
46684,0,0
46784,0,0
46884,0,0
46984,0,0
47084,0,0
47184,0,0
47281,0,0
47381,0,0
47481,0,0
47581,0,0
47681,0,0
47781,0,0
47881,0,0
47981,0,0
48081,0,0
48181,0,0
48281,0,0
48381,0,0
48481,0,0
48581,0,0
48681,0,0
48781,0,0
48881,0,0
48981,0,0
49081,0,0
49181,0,0
49281,0,0
49381,0,0
49481,0,0
49581,0,0
49681,0,0
49781,0,0
49881,0,0
49981,0,0
50081,0,0
50181,0,0
50281,0,0
50381,0,0
50481,0,0
50581,0,0
50681,0,0
50781,0,0
50881,0,0
50981,0,0
51081,0,0
51181,0,0
51280,0,0
51380,0,0
51480,0,0
51580,0,0
51680,0,0
51780,0,0
51880,0,0
51980,0,0
52080,0,0
52180,0,0
52280,1,1
52380,1,1
52480,1,1
52580,1,1
52680,1,1
52780,1,1
52880,1,1
52980,1,1
53080,1,1
53180,1,1
53280,1,1
53380,1,1
53480,1,1
53580,1,1
53680,1,1
53780,1,1
53880,1,1
53980,1,1
54080,1,1
54180,1,1
54280,1,1
54380,1,1
54480,1,1
54580,1,1
54680,1,1
54780,1,1
54880,1,1
54980,1,1
55080,1,1
55180,1,1
55280,1,1
55380,1,1
55480,1,1
55580,1,1
55680,1,1
55780,1,1
55880,1,1
55980,1,1
56080,1,1
56180,1,1
56280,1,1
56380,1,1
56480,1,1
56580,1,1
56680,1,1
56780,1,1
56880,1,1
56980,1,1
57080,1,1
57180,1,1
57280,1,1
57380,1,1
57480,1,1
57580,1,1
57680,1,1
57780,1,1
57880,1,1
57980,1,1
58080,1,1
58180,1,1
58280,1,1
58380,1,1
58480,1,1
58580,1,1
58680,1,1
58780,1,1
58880,1,1
58980,1,1
59080,1,1
59180,1,1
59280,1,1
59380,1,1
59480,1,1
59580,1,1
59680,1,1
59780,1,1
59880,1,1
59980,1,1
60080,1,1
60181,0,0
60281,0,0
60381,0,0
60481,0,0
60581,0,0
60681,0,0
60781,0,0
60881,0,0
60981,0,0
61081,0,0
61181,0,0
61281,0,0
61381,0,0
61481,0,0
61581,0,0
61681,0,0
61781,0,0
61881,0,0
61981,0,0
62082,0,0
62182,0,0
62282,0,0
62382,0,0
62482,0,0
62582,0,0
62682,0,0
62782,0,0
62882,0,0
62982,0,0
63082,0,0
63182,0,0
63282,0,0
63382,0,0
63482,0,0
63582,0,0
63682,0,0
63782,0,0
63882,0,0
63982,0,0
64082,0,0
64182,0,0
64282,0,0
64382,0,0
64482,0,0
64582,0,0
64682,0,0
64782,0,0
64882,0,0
64983,0,0
65083,0,0
65183,0,0
65283,0,0
65383,0,0
65483,0,0
65583,0,0
65683,0,0
65783,0,0
65883,0,0
65983,0,0
66083,0,0
66183,0,0
66283,0,0
66383,0,0
66483,0,0
66583,0,0
66683,0,0
66783,0,0
66883,0,0
66983,0,0
67083,0,0
67183,0,0
67283,0,0
67383,0,0
67483,0,0
67583,0,0
67683,0,0
67783,0,0
67884,0,0
67984,0,0
68084,0,0
68184,0,0
68284,0,0
68384,0,0
68484,0,0
68584,0,0
68684,0,0
68784,0,0
68884,0,0
68984,0,0
69084,0,0
69184,0,0
69284,0,0
69384,0,0
69484,0,0
69584,0,0
69684,0,0
69784,0,0
69884,0,0
69984,0,0
70084,0,0
70184,0,0
70284,0,0
70384,0,0
70484,0,0
70584,0,0
70684,0,0
70784,0,0
70884,0,0
70984,0,0
71084,0,0
71184,0,0
71284,0,0
71384,0,0
71484,0,0
71584,0,0
71684,0,0
71784,0,0
71884,0,0
71984,0,0
72084,0,0
72184,0,0
72284,0,0
72384,0,0
72484,0,0
72584,0,0
72684,0,0
72784,0,0
72884,0,0
72984,0,0
73084,0,0
73184,0,0
73284,0,0
73384,0,0
73484,0,0
73572,0,0
73672,0,0
73772,0,0
73872,1,1
73972,1,1
74072,1,1
74172,1,1
74272,1,1
74372,1,1
74472,1,1
74572,1,1
74672,1,1
74772,1,1
74872,1,1
74972,1,1
75072,1,1
75172,1,1
75272,1,1
75372,1,1
75472,1,1
75572,1,1
75672,1,1
75772,1,1
75872,1,1
75972,1,1
76072,1,1
76172,1,1
76272,1,1
76372,1,1
76472,1,1
76572,1,1
76672,1,1
76772,1,1
76872,1,1
76972,1,1
77072,1,1
77172,1,1
77272,1,1
77372,1,1
77472,1,1
77569,1,1
77669,1,1
77769,1,1
77869,1,1
77969,1,1
78069,1,1
78169,1,1
78269,1,1
78369,1,1
78469,1,1
78569,1,1
78669,1,1
78769,1,1
78869,1,1
78969,1,1
79069,1,1
79169,1,1
79269,1,1
79369,1,1
79469,1,1
79569,1,1
79669,1,1
79769,1,1
79869,1,1
79969,1,1
80069,1,1
80169,1,1
80269,1,1
80369,1,1
80469,1,1
80569,1,1
80669,1,1
80769,1,1
80869,1,1
80969,1,1
81069,1,1
81169,1,1
81269,1,1
81369,1,1
81469,1,1
81569,1,1
81655,1,1
81755,1,1
81855,1,1
81955,1,1
82055,1,1
82155,1,1
82255,1,1
82355,1,1
82455,1,1
82555,1,1
82655,1,1
82755,1,1
82855,1,1
82955,1,1
83055,1,1
83155,1,1
83255,1,1
83355,1,1
83455,1,1
83555,1,1
83655,1,1
83755,1,1
83855,1,1
83955,1,1
84055,1,1
84155,1,1
84255,1,1
84355,1,1
84455,1,1
84555,1,1
84655,1,1
84755,1,1
84855,1,1
84955,1,1
85055,1,1
85155,1,1
85255,1,1
85355,1,1
85455,1,1
85555,1,1
85657,1,1
85757,1,1
85857,1,1
85957,1,1
86057,1,1
86157,1,1
86257,1,1
86357,1,1
86457,1,1
86557,1,1
86657,1,1
86757,1,1
86857,1,1
86957,1,1
87057,1,1
87157,1,1
87257,1,1
87357,1,1
87457,1,1
87557,1,1
87657,1,1
87757,1,1
87857,1,1
87957,1,1
88057,1,1
88157,1,1
88257,1,1
88357,1,1
88457,1,1
88557,1,1
88657,1,1
88757,1,1
88857,1,1
88957,1,1
89057,1,1
89157,1,1
89257,1,1
89357,1,1
89457,1,1
89557,1,1
89660,1,1
89760,1,1
89860,1,1
89960,1,1
90060,1,1
90160,1,1
90260,1,1
90360,1,1
90460,1,1
90560,1,1
90660,1,1
90760,1,1
90860,1,1
90960,1,1
91060,1,1
91160,1,1
91260,1,1
91360,1,1
91460,1,1
91560,1,1
91660,1,1
91760,1,1
91860,1,1
91960,1,1
92060,1,1
92160,1,1
92260,1,1
92360,1,1
92460,1,1
92560,1,1
92660,1,1
92760,1,1
92860,1,1
92960,1,1
93060,1,1
93160,1,1
93260,1,1
93360,1,1
93460,1,1
93560,1,1
93662,1,1
93762,1,1
93862,1,1
93962,1,1
94062,1,1
94162,1,1
94262,1,1
94362,1,1
94462,1,1
94562,1,1
94662,1,1
94762,1,1
94862,1,1
94962,1,1
95062,1,1
95162,1,1
95262,1,1
95362,1,1
95462,1,1
95562,1,1
95662,1,1
95762,1,1
95862,1,1
95962,1,1
96062,1,1
96162,1,1
96262,1,1
96362,1,1
96462,1,1
96562,1,1
96662,1,1
96762,1,1
96862,1,1
96962,1,1
97062,1,1
97162,1,1
97262,1,1
97362,1,1
97462,1,1
97562,1,1
97657,1,1
97757,1,1
97857,1,1
97957,1,1
98057,1,1
98157,1,1
98257,1,1
98357,1,1
98457,1,1
98557,1,1
98657,1,1
98757,1,1
98857,1,1
98957,1,1
99057,1,1
99157,1,1
99257,1,1
99357,1,1
99457,1,1
99557,1,1
99657,1,1
99757,1,1
99857,1,1
99957,1,1
100057,1,1
100157,1,1
100257,1,1
100357,1,1
100457,1,1
100557,1,1
100657,1,1
100757,1,1
100857,1,1
100957,1,1
101057,1,1
101157,1,1
101257,1,1
101357,1,1
101457,1,1
101557,1,1
101657,1,1
101757,1,1
101857,1,1
101957,1,1
102057,1,1
102157,1,1
102257,1,1
102357,1,1
102457,1,1
102557,1,1
102657,1,1
102757,1,1
102857,1,1
102957,1,1
103057,1,1
103157,1,1
103257,1,1
103357,1,1
103457,1,1
103557,1,1
103657,1,1
103757,1,1
103857,1,1
103957,1,1
104057,1,1
104157,1,1
104257,1,1
104357,1,1
104457,1,1
104557,1,1
104657,1,1
104757,1,1
104857,1,1
104957,1,1
105057,1,1
105157,1,1
105257,1,1
105357,1,1
105457,1,1
105557,1,1
105655,1,1
105755,1,1
105855,1,1
105955,1,1
106055,1,1
106155,1,1
106255,1,1
106355,1,1
106455,1,1
106555,1,1
106655,1,1
106755,1,1
106855,1,1
106955,1,1
107055,1,1
107155,1,1
107255,1,1
107355,1,1
107455,1,1
107555,1,1
107655,1,1
107755,1,1
107855,1,1
107955,1,1
108055,1,1
108155,1,1
108255,1,1
108355,1,1
108455,1,1
108555,1,1
108655,1,1
108755,1,1
108855,1,1
108955,1,1
109055,1,1
109155,1,1
109255,1,1
109355,1,1
109455,1,1
109555,1,1
109652,1,1
109752,1,1
109852,1,1
109952,1,1
110052,1,1
110152,1,1
110252,1,1
110352,1,1
110452,1,1
110552,1,1
110652,1,1
110752,1,1
110852,1,1
110952,1,1
111052,1,1
111152,1,1
111252,1,1
111352,1,1
111452,1,1
111552,1,1
111652,1,1
111752,1,1
111852,1,1
111952,1,1
112052,1,1
112152,1,1
112252,1,1
112352,1,1
112452,1,1
112552,1,1
112652,1,1
112752,1,1
112852,1,1
112952,1,1
113052,1,1
113152,1,1
113252,1,1
113352,1,1
113452,1,1
113552,1,1
113652,1,1
113752,1,1
113852,1,1
113952,1,1
114052,1,1
114152,1,1
114252,1,1
114352,1,1
114452,1,1
114552,1,1
114652,1,1
114752,1,1
114852,1,1
114952,1,1
115052,1,1
115152,1,1
115252,1,1
115352,1,1
115452,1,1
115552,1,1
115652,1,1
115752,1,1
115852,1,1
115952,1,1
116052,1,1
116152,1,1
116252,1,1
116352,1,1
116452,1,1
116552,1,1
116652,1,1
116752,1,1
116852,1,1
116952,1,1
117052,1,1
117152,1,1
117252,1,1
117352,1,1
117452,1,1
117552,1,1
117652,1,1
117752,1,1
117852,1,1
117956,0,0
118056,0,0
118156,0,0
118256,0,0
118356,0,0
118456,0,0
118556,0,0
118656,0,0
118756,0,0
118856,0,0
118956,0,0
119056,0,0
119156,0,0
119256,0,0
119356,0,0
119456,0,0
119556,0,0
119656,0,0
119756,0,0
119856,0,0
119956,0,0
120056,0,0
120156,0,0
120256,0,0
120356,0,0
120456,0,0
120556,0,0
120656,0,0
120756,0,0
120856,0,0
120956,0,0
121056,0,0
121156,0,0
121256,0,0
121356,0,0
121456,0,0
121556,0,0
121656,0,0
121756,0,0
121856,0,0
121956,0,0
122056,0,0
122156,0,0
122256,0,0
122356,0,0
122456,0,0
122556,0,0
122656,0,0
122756,0,0
122856,0,0
122956,0,0
123056,0,0
123156,0,0
123256,0,0
123356,0,0
123456,0,0
123556,0,0
123656,0,0
123756,0,0
123856,0,0
123956,0,0
124056,0,0
124156,0,0
124256,0,0
124356,0,0
124456,0,0
124556,0,0
124656,0,0
124756,0,0
124856,0,0
124956,0,0
125056,0,0
125156,0,0
125256,0,0
125356,0,0
125456,0,0
125556,0,0
125656,0,0
125756,0,0
125856,0,0
125956,1,1
126056,1,1
126156,1,1
126256,1,1
126356,1,1
126456,1,1
126556,1,1
126656,1,1
126756,1,1
126856,1,1
126956,1,1
127056,1,1
127156,1,1
127256,1,1
127356,1,1
127456,1,1
127556,1,1
127656,1,1
127756,1,1
127856,1,1
127956,1,1
128056,1,1
128156,1,1
128256,1,1
128356,1,1
128456,1,1
128556,1,1
128656,1,1
128756,1,1
128856,1,1
128956,1,1
129056,1,1
129156,1,1
129256,1,1
129356,1,1
129456,1,1
129556,1,1
129646,1,1
129746,1,1
129846,1,1
129946,1,1
130046,1,1
130146,1,1
130246,1,1
130346,1,1
130446,1,1
130546,1,1
130646,1,1
130746,1,1
130846,1,1
130946,1,1
131046,1,1
131146,1,1
131246,1,1
131346,1,1
131446,1,1
131546,1,1
131646,1,1
131746,1,1
131846,1,1
131946,1,1
132046,1,1
132146,1,1
132246,1,1
132346,1,1
132446,1,1
132546,1,1
132646,1,1
132746,1,1
132846,1,1
132946,1,1
133046,1,1
133146,1,1
133246,1,1
133346,1,1
133446,1,1
133546,1,1
133644,1,1
133744,1,1
133844,1,1
133944,1,1
134044,1,1
134144,1,1
134244,1,1
134344,1,1
134444,1,1
134544,1,1
134644,1,1
134744,1,1
134844,1,1
134944,1,1
135044,1,1
135144,1,1
135244,1,1
135344,1,1
135444,1,1
135544,1,1
135644,1,1
135744,1,1
135844,1,1
135944,1,1
136044,1,1
136144,1,1
136244,1,1
136344,1,1
136444,1,1
136544,1,1
136644,1,1
136744,1,1
136844,1,1
136944,1,1
137044,1,1
137144,1,1
137244,1,1
137344,1,1
137444,1,1
137544,1,1
137642,1,1
137742,1,1
137842,1,1
137942,1,1
138042,1,1
138142,1,1
138242,1,1
138342,1,1
138442,1,1
138542,1,1
138642,1,1
138742,1,1
138842,1,1
138942,1,1
139042,1,1
139142,1,1
139242,1,1
139342,1,1
139442,1,1
139542,1,1
139642,1,1
139742,1,1
139842,1,1
139942,1,1
140042,1,1
140142,1,1
140242,1,1
140342,1,1
140442,1,1
140542,1,1
140642,1,1
140742,1,1
140842,1,1
140942,1,1
141042,1,1
141142,1,1
141242,1,1
141342,1,1
141442,1,1
141542,1,1
141640,1,1
141740,1,1
141840,1,1
141940,1,1
142040,1,1
142140,1,1
142240,1,1
142340,1,1
142440,1,1
142540,1,1
142640,1,1
142740,1,1
142840,1,1
142940,1,1
143040,1,1
143140,1,1
143240,1,1
143340,1,1
143440,1,1
143540,1,1
143640,1,1
143740,1,1
143840,1,1
143940,1,1
144040,1,1
144140,1,1
144240,1,1
144340,1,1
144440,1,1
144540,1,1
144640,1,1
144740,1,1
144840,1,1
144940,1,1
145040,1,1
145140,1,1
145240,1,1
145340,1,1
145440,1,1
145540,1,1
145638,1,1
145738,1,1
145838,1,1
145938,1,1
146038,1,1
146138,1,1
146238,1,1
146338,1,1
146438,1,1
146538,1,1
146638,1,1
146738,1,1
146838,1,1
146938,1,1
147038,1,1
147138,1,1
147238,1,1
147338,1,1
147438,1,1
147538,1,1
147638,1,1
147738,1,1
147838,1,1
147938,1,1
148038,1,1
148138,1,1
148238,1,1
148338,1,1
148438,1,1
148538,1,1
148638,1,1
148738,1,1
148838,1,1
148938,1,1
149038,1,1
149138,1,1
149238,1,1
149338,1,1
149438,1,1
149538,1,1
149638,1,1
149734,1,1
149834,1,1
149944,1,1
150044,1,1
150144,1,1
150244,1,1
150344,1,1
150444,1,1
150544,1,1
150644,1,1
150744,1,1
150844,1,1
150945,1,1
151045,1,1
151145,1,1
151245,1,1
151345,1,1
151445,1,1
151545,1,1
151645,1,1
151745,1,1
151845,1,1
151945,1,1
152045,1,1
152145,1,1
152245,1,1
152345,1,1
152445,1,1
152545,1,1
152645,1,1
152745,1,1
152845,1,1
152945,1,1
153045,1,1
153145,1,1
153245,1,1
153345,1,1
153445,1,1
153545,1,1
153645,1,1
153744,1,1
153845,1,1
153959,1,1
154059,1,1
154159,1,1
154259,1,1
154359,1,1
154459,1,1
154559,1,1
154659,1,1
154759,1,1
154859,1,1
154959,1,1
155059,1,1
155159,1,1
155259,1,1
155359,1,1
155459,1,1
155559,1,1
155659,1,1
155759,1,1
155859,1,1
155959,1,1
156059,1,1
156159,1,1
156259,1,1
156359,1,1
156459,1,1
156559,1,1
156659,1,1
156759,1,1
156859,1,1
156960,1,1
157060,1,1
157160,1,1
157260,1,1
157360,1,1
157460,1,1
157560,1,1
157660,1,1
157751,1,1
157851,1,1
157957,1,1
158057,1,1
158157,1,1
158257,1,1
158357,1,1
158457,1,1
158557,1,1
158658,1,1
158758,1,1
158858,1,1
158958,1,1
159058,1,1
159158,1,1
159258,1,1
159358,1,1
159458,1,1
159558,1,1
159658,1,1
159758,1,1
159858,1,1
159958,1,1
160058,1,1
160158,1,1
160258,1,1
160358,1,1
160458,1,1
160558,1,1
160658,1,1
160758,1,1
160858,1,1
160958,1,1
161058,1,1
161158,1,1
161258,1,1
161358,1,1
161458,1,1
161559,1,1
161659,1,1
161751,1,1
161851,1,1
161953,1,1
162053,1,1
162153,1,1
162253,1,1
162353,1,1
162453,1,1
162553,1,1
162653,1,1
162753,1,1
162853,1,1
162953,1,1
163053,1,1
163153,1,1
163253,1,1
163353,1,1
163453,1,1
163553,1,1
163653,1,1
163753,1,1
163853,1,1
163953,1,1
164053,1,1
164154,1,1
164254,1,1
164354,1,1
164454,1,1
164554,1,1
164654,1,1
164754,1,1
164854,1,1
164954,1,1
165054,1,1
165154,1,1
165254,1,1
165354,1,1
165454,1,1
165554,1,1
165654,1,1
165751,1,1
165851,1,1
165954,1,1
166054,1,1
166154,1,1
166254,1,1
166354,1,1
166455,1,1
166555,1,1
166655,1,1
166755,1,1
166855,1,1
166955,1,1
167055,1,1
167155,1,1
167255,1,1
167355,1,1
167455,1,1
167555,1,1
167655,1,1
167755,1,1
167855,1,1
167955,1,1
168055,1,1
168155,1,1
168255,1,1
168355,1,1
168455,1,1
168555,1,1
168655,1,1
168755,1,1
168855,1,1
168955,1,1
169055,1,1
169155,1,1
169255,1,1
169356,1,1
169456,1,1
169556,1,1
169656,1,1
169756,1,1
169856,1,1
169956,1,1
170056,1,1
170156,1,1
170256,1,1
170356,1,1
170456,1,1
170556,1,1
170656,1,1
170756,1,1
170856,1,1
170956,1,1
171056,1,1
171156,1,1
171256,1,1
171356,1,1
171456,1,1
171556,1,1
171656,1,1
171756,1,1
171856,1,1
171956,1,1
172056,1,1
172156,1,1
172257,1,1
172357,1,1
172457,1,1
172557,1,1
172657,1,1
172757,1,1
172857,1,1
172957,1,1
173057,1,1
173157,1,1
173257,1,1
173357,1,1
173457,1,1
173557,1,1
173657,1,1
173757,1,1
173857,1,1
173987,0,0
174087,0,0
174187,0,0
174287,0,0
174387,0,0
174487,0,0
174587,0,0
174687,0,0
174787,0,0
174887,0,0
174988,0,0
175088,0,0
175188,0,0
175288,0,0
175388,0,0
175488,0,0
175588,0,0
175688,0,0
175788,0,0
175888,0,0
175988,0,0
176088,0,0
176188,0,0
176288,0,0
176388,0,0
176488,0,0
176588,0,0
176688,0,0
176788,0,0
176888,0,0
176988,0,0
177088,0,0
177188,0,0
177288,0,0
177388,0,0
177488,0,0
177588,0,0
177688,0,0
177788,0,0
177889,0,0
177989,0,0
178089,0,0
178189,0,0
178289,0,0
178389,0,0
178489,0,0
178589,0,0
178689,0,0
178789,0,0
178889,0,0
178989,0,0
179089,0,0
179189,0,0
179289,0,0
179389,0,0
179489,0,0
179589,0,0
179689,0,0
179789,0,0
179889,0,0
179989,0,0
180089,0,0
180189,0,0
180289,0,0
180389,0,0
180489,0,0
180589,0,0
180689,0,0
180789,0,0
180889,0,0
180989,0,0
181089,0,0
181189,0,0
181289,0,0
181389,0,0
181489,0,0
181589,0,0
181689,0,0
181789,0,0
181889,0,0
181989,0,0
182089,0,0
182189,0,0
182289,0,0
182389,0,0
182489,0,0
182589,0,0
182689,0,0
182789,0,0
182889,0,0
182989,0,0
183089,0,0
183189,0,0
183289,0,0
183389,0,0
183489,0,0
183589,0,0
183689,0,0
183789,0,0
183889,0,0
183989,0,0
184089,0,0
184189,0,0
184289,0,0
184389,0,0
184489,0,0
184589,0,0
184689,0,0
184789,0,0
184889,0,0
184989,0,0
185089,0,0
185189,0,0
185289,0,0
185389,0,0
185489,0,0
185589,0,0
185689,0,0
185789,0,0
185891,0,0
185991,0,0
186091,0,0
186191,1,1
186291,1,1
186391,1,1
186491,1,1
186591,1,1
186691,1,1
186791,1,1
186891,1,1
186991,1,1
187091,1,1
187191,1,1
187291,1,1
187391,1,1
187491,1,1
187591,1,1
187691,1,1
187791,1,1
187891,1,1
187991,1,1
188091,1,1
188191,1,1
188291,1,1
188391,1,1
188491,1,1
188591,1,1
188691,1,1
188791,1,1
188891,1,1
188991,1,1
189091,1,1
189191,1,1
189291,1,1
189391,1,1
189491,1,1
189591,1,1
189691,1,1
189791,1,1
189890,1,1
189990,1,1
190090,1,1
190190,1,1
190290,1,1
190390,1,1
190490,1,1
190590,1,1
190690,1,1
190790,1,1
190890,1,1
190990,1,1
191090,1,1
191190,1,1
191290,1,1
191390,1,1
191490,1,1
191590,1,1
191690,1,1
191790,1,1
191890,1,1
191990,1,1
192090,1,1
192190,1,1
192290,1,1
192390,1,1
192490,1,1
192590,1,1
192690,1,1
192790,1,1
192890,1,1
192990,1,1
193090,1,1
193190,1,1
193290,1,1
193390,1,1
193490,1,1
193590,1,1
193690,1,1
193790,1,1
193887,1,1
193987,1,1
194087,1,1
194187,1,1
194287,1,1
194387,1,1
194487,1,1
194587,1,1
194687,1,1
194787,1,1
194887,1,1
194987,1,1
195087,1,1
195187,1,1
195287,1,1
195387,1,1
195487,1,1
195587,1,1
195687,1,1
195787,1,1
195887,1,1
195987,1,1
196087,1,1
196187,1,1
196287,1,1
196387,1,1
196487,1,1
196587,1,1
196687,1,1
196787,1,1
196887,1,1
196987,1,1
197087,1,1
197187,1,1
197287,1,1
197387,1,1
197487,1,1
197587,1,1
197687,1,1
197787,1,1
197885,1,1
197985,1,1
198085,1,1
198185,1,1
198285,1,1
198385,1,1
198485,1,1
198585,1,1
198685,1,1
198785,1,1
198885,1,1
198985,1,1
199085,1,1
199185,1,1
199285,1,1
199385,1,1
199485,1,1
199585,1,1
199685,1,1
199785,1,1
199885,1,1
199985,1,1
200085,1,1
200185,1,1
200285,1,1
200385,1,1
200485,1,1
200585,1,1
200685,1,1
200785,1,1
200885,1,1
200985,1,1
201085,1,1
201185,1,1
201285,1,1
201385,1,1
201485,1,1
201585,1,1
201685,1,1
201785,1,1
201883,1,1
201983,1,1
202083,1,1
202183,1,1
202283,1,1
202383,1,1
202483,1,1
202583,1,1
202683,1,1
202783,1,1
202883,1,1
202983,1,1
203083,1,1
203183,1,1
203283,1,1
203383,1,1
203483,1,1
203583,1,1
203683,1,1
203783,1,1
203883,1,1
203983,1,1
204083,1,1
204183,1,1
204283,1,1
204383,1,1
204483,1,1
204583,1,1
204683,1,1
204783,1,1
204883,1,1
204983,1,1
205083,1,1
205183,1,1
205283,1,1
205383,1,1
205483,1,1
205583,1,1
205683,1,1
205783,1,1
205880,1,1
205980,1,1
206080,1,1
206180,1,1
206280,1,1
206380,1,1
206480,1,1
206580,1,1
206680,1,1
206780,1,1
206880,1,1
206980,1,1
207080,1,1
207180,1,1
207280,1,1
207380,1,1
207480,1,1
207580,1,1
207680,1,1
207780,1,1
207880,1,1
207980,1,1
208080,1,1
208180,1,1
208280,1,1
208380,1,1
208480,1,1
208580,1,1
208680,1,1
208780,1,1
208880,1,1
208980,1,1
209080,1,1
209180,1,1
209280,1,1
209380,1,1
209480,1,1
209580,1,1
209680,1,1
209780,1,1
209878,1,1
209979,1,1
210079,1,1
210179,1,1
210279,1,1
210379,1,1
210479,1,1
210579,1,1
210679,1,1
210779,1,1
210879,1,1
210979,1,1
211079,1,1
211179,1,1
211279,1,1
211379,1,1
211479,1,1
211579,1,1
211679,1,1
211779,1,1
211879,1,1
211979,1,1
212079,1,1
212179,1,1
212279,1,1
212379,1,1
212479,1,1
212579,1,1
212679,1,1
212780,1,1
212880,1,1
212980,1,1
213080,1,1
213180,1,1
213280,1,1
213380,1,1
213480,1,1
213580,1,1
213680,1,1
213780,1,1
213878,1,1
213981,1,1
214081,1,1
214181,1,1
214281,1,1
214381,1,1
214481,1,1
214581,1,1
214681,1,1
214781,1,1
214881,1,1
214981,1,1
215082,1,1
215182,1,1
215282,1,1
215382,1,1
215482,1,1
215582,1,1
215682,1,1
215782,1,1
215882,1,1
215982,1,1
216082,1,1
216182,1,1
216282,1,1
216382,1,1
216482,1,1
216582,1,1
216682,1,1
216782,1,1
216882,1,1
216982,1,1
217082,1,1
217182,1,1
217282,1,1
217382,1,1
217482,1,1
217582,1,1
217682,1,1
217782,1,1
217880,1,1
217982,1,1
218082,1,1
218182,1,1
218282,1,1
218382,1,1
218482,1,1
218582,1,1
218682,1,1
218782,1,1
218882,1,1
218982,1,1
219082,1,1
219182,1,1
219282,1,1
219382,1,1
219482,1,1
219582,1,1
219682,1,1
219782,1,1
219882,1,1
219982,1,1
220082,1,1
220182,1,1
220282,1,1
220382,1,1
220482,1,1
220582,1,1
220682,1,1
220782,1,1
220882,1,1
220982,1,1
221082,1,1
221182,1,1
221282,1,1
221382,1,1
221482,1,1
221582,1,1
221682,1,1
221782,1,1
221879,1,1
221985,1,1
222085,1,1
222185,1,1
222285,1,1
222385,1,1
222485,1,1
222586,1,1
222686,1,1
222786,1,1
222886,1,1
222986,1,1
223086,1,1
223186,1,1
223286,1,1
223386,1,1
223486,1,1
223586,1,1
223686,1,1
223786,1,1
223886,1,1
223986,1,1
224086,1,1
224186,1,1
224286,1,1
224386,1,1
224486,1,1
224586,1,1
224686,1,1
224786,1,1
224886,1,1
224986,1,1
225086,1,1
225186,1,1
225286,1,1
225386,1,1
225487,1,1
225587,1,1
225687,1,1
225787,1,1
225887,1,1
225987,1,1
226087,1,1
226187,1,1
226287,1,1
226387,1,1
226487,1,1
226587,1,1
226687,1,1
226787,1,1
226887,1,1
226987,1,1
227087,1,1
227187,1,1
227287,1,1
227387,1,1
227487,1,1
227587,1,1
227687,1,1
227787,1,1
227887,1,1
227987,1,1
228087,1,1
228187,1,1
228287,1,1
228387,1,1
228487,1,1
228587,1,1
228687,1,1
228787,1,1
228887,1,1
228987,1,1
229087,1,1
229187,1,1
229287,1,1
229387,1,1
229487,1,1
229587,1,1
229687,1,1
229787,1,1
229887,1,1
230014,0,0
230114,0,0
230214,0,0
230314,0,0
230414,0,0
230514,0,0
230614,0,0
230714,0,0
230814,0,0
230914,0,0
231014,0,0
231114,0,0
231214,0,0
231314,0,0
231414,0,0
231514,0,0
231614,0,0
231714,0,0
231814,0,0
231914,0,0
232015,0,0
232115,0,0
232215,0,0
232315,0,0
232415,0,0
232515,0,0
232615,0,0
232715,0,0
232815,0,0
232915,0,0
233015,0,0
233115,0,0
233215,0,0
233315,0,0
233415,0,0
233515,0,0
233615,0,0
233715,0,0
233815,0,0
233915,0,0
234015,0,0
234115,0,0
234215,0,0
234315,0,0
234415,0,0
234515,0,0
234615,0,0
234715,0,0
234815,0,0
234915,0,0
235015,0,0
235115,0,0
235215,0,0
235315,0,0
235415,0,0
235515,0,0
235615,0,0
235715,0,0
235815,0,0
235915,0,0
236015,0,0
236115,0,0
236215,0,0
236315,0,0
236415,0,0
236515,0,0
236615,0,0
236715,0,0
236815,0,0
236915,0,0
237015,0,0
237115,0,0
237215,0,0
237315,0,0
237415,0,0
237515,0,0
237615,0,0
237715,0,0
237815,0,0
237915,0,0
238015,0,0
238115,0,0
238215,0,0
238315,0,0
238415,0,0
238515,0,0
238615,0,0
238715,0,0
238815,0,0
238915,0,0
239015,0,0
239115,0,0
239215,0,0
239315,0,0
239415,0,0
239515,0,0
239615,0,0
239715,0,0
239815,0,0
239915,0,0
240015,0,0
240115,0,0
240215,0,0
240315,0,0
240415,0,0
240515,0,0
240615,0,0
240715,0,0
240815,0,0
240915,0,0
241015,0,0
241115,0,0
241215,0,0
241315,0,0
241415,0,0
241515,0,0
241615,0,0
241715,0,0
241815,0,0
241915,0,0
242015,0,0
242115,0,0
242215,0,0
242315,0,0
242415,0,0
242515,0,0
242615,0,0
242703,0,0
242803,1,1
242903,1,1
243003,1,1
243103,1,1
243203,1,1
243303,1,1
243403,1,1
243503,1,1
243603,1,1
243703,1,1
243803,1,1
243903,1,1
244003,1,1
244103,1,1
244203,1,1
244303,1,1
244403,1,1
244503,1,1
244603,1,1
244703,1,1
244803,1,1
244903,1,1
245003,1,1
245103,1,1
245203,1,1
245303,1,1
245403,1,1
245503,1,1
245603,1,1
245703,1,1
245803,1,1
245903,1,1
246003,1,1
246103,1,1
246203,1,1
246303,1,1
246403,1,1
246503,1,1
246603,1,1
246701,1,1
246801,1,1
246901,1,1
247001,1,1
247101,1,1
247201,1,1
247301,1,1
247401,1,1
247501,1,1
247601,1,1
247701,1,1
247801,1,1
247901,1,1
248001,1,1
248101,1,1
248201,1,1
248301,1,1
248401,1,1
248501,1,1
248601,1,1
248701,1,1
248801,1,1
248901,1,1
249001,1,1
249101,1,1
249201,1,1
249301,1,1
249401,1,1
249501,1,1
249601,1,1
249701,1,1
249801,1,1
249901,1,1
250001,1,1
250101,1,1
250201,1,1
250301,1,1
250401,1,1
250501,1,1
250601,1,1
250698,1,1
250798,1,1
250898,1,1
250998,1,1
251098,1,1
251198,1,1
251298,1,1
251398,1,1
251498,1,1
251598,1,1
251698,1,1
251798,1,1
251898,1,1
251998,1,1
252098,1,1
252198,1,1
252298,1,1
252398,1,1
252498,1,1
252598,1,1
252698,1,1
252798,1,1
252898,1,1
252998,1,1
253098,1,1
253198,1,1
253298,1,1
253398,1,1
253498,1,1
253598,1,1
253698,1,1
253798,1,1
253898,1,1
253998,1,1
254098,1,1
254198,1,1
254298,1,1
254398,1,1
254498,1,1
254598,1,1
254698,1,1
254798,1,1
254898,1,1
254998,1,1
255098,1,1
255198,1,1
255298,1,1
255398,1,1
255498,1,1
255598,1,1
255698,1,1
255798,1,1
255898,1,1
255998,1,1
256098,1,1
256198,1,1
256298,1,1
256398,1,1
256498,1,1
256598,1,1
256698,1,1
256798,1,1
256898,1,1
256998,1,1
257098,1,1
257198,1,1
257298,1,1
257398,1,1
257498,1,1
257598,1,1
257698,1,1
257798,1,1
257898,1,1
257998,1,1
258098,1,1
258198,1,1
258298,1,1
258398,1,1
258498,1,1
258598,1,1
258695,1,1
258795,1,1
258895,1,1
258995,1,1
259095,1,1
259195,1,1
259295,1,1
259395,1,1
259495,1,1
259595,1,1
259695,1,1
259795,1,1
259895,1,1
259995,1,1
260095,1,1
260195,1,1
260295,1,1
260395,1,1
260495,1,1
260595,1,1
260695,1,1
260795,1,1
260895,1,1
260995,1,1
261095,1,1
261195,1,1
261295,1,1
261395,1,1
261495,1,1
261595,1,1
261695,1,1
261795,1,1
261895,1,1
261995,1,1
262095,1,1
262195,1,1
262295,1,1
262395,1,1
262495,1,1
262595,1,1
262693,1,1
262793,1,1
262893,1,1
262993,1,1
263093,1,1
263193,1,1
263293,1,1
263393,1,1
263493,1,1
263593,1,1
263693,1,1
263793,1,1
263893,1,1
263993,1,1
264093,1,1
264193,1,1
264293,1,1
264393,1,1
264493,1,1
264593,1,1
264693,1,1
264793,1,1
264893,1,1
264993,1,1
265093,1,1
265193,1,1
265293,1,1
265393,1,1
265493,1,1
265593,1,1
265693,1,1
265793,1,1
265893,1,1
265993,1,1
266093,1,1
266193,1,1
266293,1,1
266393,1,1
266493,1,1
266593,1,1
266689,1,1
266789,1,1
266889,1,1
266989,1,1
267089,1,1
267189,1,1
267289,1,1
267389,1,1
267489,1,1
267589,1,1
267689,1,1
267789,1,1
267889,1,1
267989,1,1
268089,1,1
268189,1,1
268289,1,1
268389,1,1
268489,1,1
268589,1,1
268689,1,1
268789,1,1
268889,1,1
268989,1,1
269089,1,1
269189,1,1
269289,1,1
269389,1,1
269489,1,1
269589,1,1
269689,1,1
269789,1,1
269889,1,1
269989,1,1
270089,1,1
270189,1,1
270289,1,1
270389,1,1
270489,1,1
270589,1,1
270690,1,1
270790,1,1
270890,1,1
270990,1,1
271090,1,1
271190,1,1
271290,1,1
271390,1,1
271490,1,1
271590,1,1
271690,1,1
271790,1,1
271890,1,1
271990,1,1
272090,1,1
272190,1,1
272290,1,1
272390,1,1
272490,1,1
272590,1,1
272690,1,1
272790,1,1
272890,1,1
272990,1,1
273090,1,1
273190,1,1
273290,1,1
273390,1,1
273490,1,1
273590,1,1
273690,1,1
273790,1,1
273890,1,1
273990,1,1
274090,1,1
274190,1,1
274290,1,1
274390,1,1
274490,1,1
274590,1,1
274686,1,1
274791,1,1
274891,1,1
274991,1,1
275091,1,1
275191,1,1
275291,1,1
275391,1,1
275491,1,1
275592,1,1
275692,1,1
275792,1,1
275892,1,1
275992,1,1
276092,1,1
276192,1,1
276292,1,1
276392,1,1
276492,1,1
276592,1,1
276692,1,1
276792,1,1
276892,1,1
276992,1,1
277092,1,1
277192,1,1
277292,1,1
277392,1,1
277492,1,1
277592,1,1
277692,1,1
277792,1,1
277892,1,1
277992,1,1
278092,1,1
278192,1,1
278292,1,1
278392,1,1
278493,1,1
278593,1,1
278691,1,1
278799,1,1
278899,1,1
278999,1,1
279099,1,1
279199,1,1
279299,1,1
279399,1,1
279499,1,1
279600,1,1
279700,1,1
279800,1,1
279900,1,1
280000,1,1
280100,1,1
280200,1,1
280300,1,1
280400,1,1
280500,1,1
280600,1,1
280700,1,1
280800,1,1
280900,1,1
281000,1,1
281100,1,1
281200,1,1
281300,1,1
281400,1,1
281500,1,1
281600,1,1
281700,1,1
281800,1,1
281900,1,1
282000,1,1
282100,1,1
282200,1,1
282300,1,1
282400,1,1
282500,1,1
282600,1,1
282700,1,1
282800,1,1
282900,1,1
283000,1,1
283100,1,1
283200,1,1
283300,1,1
283400,1,1
283500,1,1
283600,1,1
283700,1,1
283800,1,1
283900,1,1
284000,1,1
284100,1,1
284200,1,1
284300,1,1
284400,1,1
284500,1,1
284600,1,1
284700,1,1
284800,1,1
284900,1,1
285000,1,1
285100,1,1
285200,1,1
285300,1,1
285400,1,1
285500,1,1
285600,1,1
285700,1,1
285800,1,1
285900,1,1
286000,1,1
286100,1,1
286200,1,1
286300,1,1
286400,1,1
286500,1,1
286600,1,1
286700,1,1
286828,0,0
286928,0,0
287028,0,0
287128,0,0
287228,0,0
287328,0,0
287428,0,0
287528,0,0
287628,0,0
287728,0,0
287828,0,0
287928,0,0
288028,0,0
288128,0,0
288228,0,0
288328,0,0
288428,0,0
288528,0,0
288628,0,0
288728,0,0
288828,0,0
288928,0,0
289028,0,0
289128,0,0
289228,0,0
289328,0,0
289428,0,0
289528,0,0
289628,0,0
289728,0,0
289828,0,0
289928,0,0
290028,0,0
290128,0,0
290228,0,0
290328,0,0
290428,0,0
290528,0,0
290628,0,0
290728,0,0
290828,0,0
290928,0,0
291028,0,0
291128,0,0
291228,0,0
291328,0,0
291428,0,0
291528,0,0
291628,0,0
291728,0,0
291828,0,0
291928,0,0
292028,0,0
292128,0,0
292228,0,0
292328,0,0
292428,0,0
292528,0,0
292628,0,0
292728,0,0
292828,0,0
292928,0,0
293028,0,0
293128,0,0
293228,0,0
293328,0,0
293428,0,0
293528,0,0
293628,0,0
293728,0,0
293828,0,0
293928,0,0
294028,0,0
294128,0,0
294228,0,0
294328,0,0
294428,0,0
294528,0,0
294628,0,0
294728,0,0
294828,0,0
294928,0,0
295028,0,0
295128,0,0
295228,0,0
295328,0,0
295428,0,0
295528,0,0
295628,0,0
295728,0,0
295828,0,0
295928,0,0
296028,0,0
296128,0,0
296228,0,0
296328,0,0
296428,0,0
296528,0,0
296628,0,0
296728,0,0
296828,0,0
296928,0,0
297028,0,0
297128,0,0
297228,0,0
297328,0,0
297428,0,0
297528,0,0
297628,0,0
297728,0,0
297828,0,0
297928,0,0
298028,0,0
298128,0,0
298228,0,0
298328,0,0
298428,0,0
298528,0,0
298628,0,0
298728,0,0
298828,0,0
298928,0,0
299028,0,0
299128,0,0
299228,0,0
299328,0,0
299417,0,0
299517,1,1
299617,1,1
299717,1,1
299817,1,1
299917,1,1
300017,1,1
300117,1,1
300217,1,1
300317,1,1
300417,1,1
300517,1,1
300617,1,1
300717,1,1
300817,1,1
300917,1,1
301017,1,1
301117,1,1
301217,1,1
301317,1,1
301417,1,1
301517,1,1
301617,1,1
301717,1,1
301817,1,1
301917,1,1
302017,1,1
302117,1,1
302217,1,1
302317,1,1
302417,1,1
302517,1,1
302617,1,1
302717,1,1
302817,1,1
302917,1,1
303017,1,1
303117,1,1
303217,1,1
303317,1,1
303415,1,1
303515,1,1
303615,1,1
303715,1,1
303815,1,1
303915,1,1
304015,1,1
304115,1,1
304215,1,1
304315,1,1
304415,1,1
304515,1,1
304615,1,1
304715,1,1
304815,1,1
304915,1,1
305015,1,1
305115,1,1
305215,1,1
305315,1,1
305415,1,1
305515,1,1
305615,1,1
305715,1,1
305815,1,1
305915,1,1
306015,1,1
306115,1,1
306215,1,1
306315,1,1
306415,1,1
306515,1,1
306615,1,1
306715,1,1
306815,1,1
306915,1,1
307015,1,1
307115,1,1
307215,1,1
307315,1,1
307412,1,1
307512,1,1
307612,1,1
307712,1,1
307812,1,1
307912,1,1
308012,1,1
308112,1,1
308212,1,1
308312,1,1
308412,1,1
308512,1,1
308612,1,1
308712,1,1
308812,1,1
308912,1,1
309012,1,1
309112,1,1
309212,1,1
309312,1,1
309412,1,1
309512,1,1
309612,1,1
309712,1,1
309812,1,1
309912,1,1
310012,1,1
310112,1,1
310212,1,1
310312,1,1
310412,1,1
310512,1,1
310612,1,1
310712,1,1
310812,1,1
310912,1,1
311012,1,1
311112,1,1
311212,1,1
311312,1,1
311409,1,1
311509,1,1
311609,1,1
311709,1,1
311809,1,1
311909,1,1
312009,1,1
312109,1,1
312209,1,1
312309,1,1
312409,1,1
312509,1,1
312609,1,1
312709,1,1
312809,1,1
312909,1,1
313009,1,1
313109,1,1
313209,1,1
313309,1,1
313409,1,1
313509,1,1
313609,1,1
313709,1,1
313809,1,1
313909,1,1
314009,1,1
314109,1,1
314209,1,1
314309,1,1
314409,1,1
314509,1,1
314609,1,1
314709,1,1
314809,1,1
314909,1,1
315009,1,1
315109,1,1
315209,1,1
315309,1,1
315408,1,1
315508,1,1
315608,1,1
315708,1,1
315808,1,1
315908,1,1
316008,1,1
316108,1,1
316208,1,1
316308,1,1
316408,1,1
316508,1,1
316608,1,1
316708,1,1
316808,1,1
316908,1,1
317008,1,1
317108,1,1
317208,1,1
317308,1,1
317408,1,1
317508,1,1
317608,1,1
317708,1,1
317808,1,1
317908,1,1
318008,1,1
318108,1,1
318208,1,1
318308,1,1
318408,1,1
318508,1,1
318608,1,1
318708,1,1
318808,1,1
318908,1,1
319008,1,1
319108,1,1
319208,1,1
319308,1,1
319406,1,1
319506,1,1
319606,1,1
319706,1,1
319806,1,1
319906,1,1
320006,1,1
320106,1,1
320206,1,1
320306,1,1
320406,1,1
320506,1,1
320606,1,1
320706,1,1
320806,1,1
320906,1,1
321006,1,1
321106,1,1
321206,1,1
321306,1,1
321406,1,1
321506,1,1
321606,1,1
321706,1,1
321806,1,1
321906,1,1
322006,1,1
322106,1,1
322206,1,1
322306,1,1
322406,1,1
322506,1,1
322606,1,1
322706,1,1
322806,1,1
322906,1,1
323006,1,1
323106,1,1
323206,1,1
323306,1,1
323404,1,1
323504,1,1
323604,1,1
323704,1,1
323804,1,1
323904,1,1
324004,1,1
324104,1,1
324204,1,1
324304,1,1
324404,1,1
324504,1,1
324604,1,1
324704,1,1
324804,1,1
324904,1,1
325004,1,1
325104,1,1
325204,1,1
325304,1,1
325404,1,1
325504,1,1
325604,1,1
325704,1,1
325804,1,1
325904,1,1
326004,1,1
326104,1,1
326204,1,1
326304,1,1
326404,1,1
326504,1,1
326604,1,1
326704,1,1
326804,1,1
326904,1,1
327004,1,1
327104,1,1
327204,1,1
327304,1,1
327401,1,1
327510,1,1
327610,1,1
327710,1,1
327810,1,1
327910,1,1
328010,1,1
328110,1,1
328210,1,1
328310,1,1
328410,1,1
328510,1,1
328610,1,1
328710,1,1
328811,1,1
328911,1,1
329011,1,1
329111,1,1
329211,1,1
329311,1,1
329411,1,1
329511,1,1
329611,1,1
329711,1,1
329811,1,1
329911,1,1
330011,1,1
330111,1,1
330211,1,1
330311,1,1
330411,1,1
330511,1,1
330611,1,1
330711,1,1
330811,1,1
330911,1,1
331011,1,1
331111,1,1
331211,1,1
331311,1,1
331408,1,1
331520,1,1
331620,1,1
331720,1,1
331820,1,1
331920,1,1
332020,1,1
332120,1,1
332221,1,1
332321,1,1
332421,1,1
332521,1,1
332621,1,1
332721,1,1
332821,1,1
332921,1,1
333021,1,1
333121,1,1
333221,1,1
333321,1,1
333421,1,1
333521,1,1
333621,1,1
333721,1,1
333821,1,1
333921,1,1
334021,1,1
334121,1,1
334221,1,1
334321,1,1
334421,1,1
334521,1,1
334621,1,1
334721,1,1
334821,1,1
334921,1,1
335021,1,1
335122,1,1
335222,1,1
335322,1,1
335421,1,1
335521,1,1
335621,1,1
335721,1,1
335821,1,1
335921,1,1
336021,1,1
336121,1,1
336221,1,1
336321,1,1
336421,1,1
336521,1,1
336621,1,1
336721,1,1
336821,1,1
336921,1,1
337021,1,1
337121,1,1
337221,1,1
337321,1,1
337421,1,1
337521,1,1
337621,1,1
337721,1,1
337821,1,1
337921,1,1
338021,1,1
338121,1,1
338221,1,1
338321,1,1
338421,1,1
338521,1,1
338621,1,1
338721,1,1
338821,1,1
338921,1,1
339021,1,1
339121,1,1
339221,1,1
339321,1,1
339419,1,1
339519,1,1
339619,1,1
339719,1,1
339819,1,1
339919,1,1
340019,1,1
340119,1,1
340219,1,1
340319,1,1
340419,1,1
340519,1,1
340619,1,1
340719,1,1
340819,1,1
340919,1,1
341019,1,1
341119,1,1
341219,1,1
341319,1,1
341419,1,1
341519,1,1
341619,1,1
341719,1,1
341819,1,1
341919,1,1
342019,1,1
342119,1,1
342219,1,1
342319,1,1
342419,1,1
342519,1,1
342619,1,1
342719,1,1
342819,1,1
342919,1,1
343019,1,1
343119,1,1
343219,1,1
343319,1,1
343419,1,1
343519,1,1
343619,1,1
343719,1,1
343819,1,1
343919,1,1
344019,1,1
344119,1,1
344219,1,1
344319,1,1
344419,1,1
344519,1,1
344619,1,1
344719,1,1
344819,1,1
344919,1,1
345019,1,1
345119,1,1
345219,1,1
345319,1,1
345419,1,1
345519,1,1
345619,1,1
345719,1,1
345819,1,1
345919,1,1
346019,1,1
346119,1,1
346219,1,1
346319,1,1
346419,1,1
346519,1,1
346619,1,1
346719,1,1
346819,1,1
346919,1,1
347019,1,1
347119,1,1
347219,1,1
347319,1,1
347419,1,1
347547,0,0
347647,0,0
347747,0,0
347847,0,0
347947,0,0
348047,0,0
348147,0,0
348247,0,0
348347,0,0
348447,0,0
348547,0,0
348647,0,0
348747,0,0
348847,0,0
348947,0,0
349047,0,0
349147,0,0
349247,0,0
349347,0,0
349447,0,0
349547,0,0
349647,0,0
349747,0,0
349847,0,0
349947,0,0
350047,0,0
350147,0,0
350247,0,0
350347,0,0
350447,0,0
350547,0,0
350647,0,0
350747,0,0
350847,0,0
350947,0,0
351047,0,0
351147,0,0
351247,0,0
351347,0,0
351447,0,0
351547,0,0
351647,0,0
351747,0,0
351847,0,0
351947,0,0
352047,0,0
352147,0,0
352247,0,0
352347,0,0
352447,0,0
352547,0,0
352647,0,0
352747,0,0
352847,0,0
352947,0,0
353047,0,0
353147,0,0
353247,0,0
353347,0,0
353447,0,0
353547,0,0
353647,0,0
353747,0,0
353847,0,0
353947,0,0
354047,0,0
354147,0,0
354247,0,0
354347,0,0
354447,0,0
354547,0,0
354647,0,0
354747,0,0
354847,0,0
354947,0,0
355047,0,0
355147,0,0
355247,0,0
355347,0,0
355439,0,0
355539,1,1
355639,1,1
355739,1,1
355839,1,1
355939,1,1
356039,1,1
356139,1,1
356239,1,1
356339,1,1
356439,1,1
356539,1,1
356639,1,1
356739,1,1
356839,1,1
356939,1,1
357039,1,1
357139,1,1
357239,1,1
357339,1,1
357439,1,1
357539,1,1
357639,1,1
357739,1,1
357839,1,1
357939,1,1
358039,1,1
358139,1,1
358239,1,1
358339,1,1
358439,1,1
358539,1,1
358639,1,1
358739,1,1
358839,1,1
358939,1,1
359039,1,1
359139,1,1
359239,1,1
359339,1,1
359434,1,1
359534,1,1
359634,1,1
359734,1,1
359834,1,1
359934,1,1
360034,1,1
360134,1,1
360234,1,1
360334,1,1
360434,1,1
360534,1,1
360634,1,1
360734,1,1
360834,1,1
360934,1,1
361034,1,1
361134,1,1
361234,1,1
361334,1,1
361434,1,1
361534,1,1
361634,1,1
361734,1,1
361834,1,1
361934,1,1
362034,1,1
362134,1,1
362234,1,1
362334,1,1
362434,1,1
362534,1,1
362634,1,1
362734,1,1
362834,1,1
362934,1,1
363034,1,1
363134,1,1
363234,1,1
363334,1,1
363433,1,1
363533,1,1
363633,1,1
363733,1,1
363833,1,1
363933,1,1
364033,1,1
364133,1,1
364233,1,1
364333,1,1
364433,1,1
364533,1,1
364633,1,1
364733,1,1
364833,1,1
364933,1,1
365033,1,1
365133,1,1
365233,1,1
365333,1,1
365433,1,1
365533,1,1
365633,1,1
365733,1,1
365833,1,1
365933,1,1
366033,1,1
366133,1,1
366233,1,1
366333,1,1
366433,1,1
366533,1,1
366633,1,1
366733,1,1
366833,1,1
366933,1,1
367033,1,1
367133,1,1
367233,1,1
367333,1,1
367431,1,1
367531,1,1
367631,1,1
367731,1,1
367831,1,1
367931,1,1
368031,1,1
368131,1,1
368231,1,1
368331,1,1
368431,1,1
368531,1,1
368631,1,1
368731,1,1
368831,1,1
368931,1,1
369031,1,1
369131,1,1
369231,1,1
369331,1,1
369431,1,1
369531,1,1
369631,1,1
369731,1,1
369831,1,1
369931,1,1
370031,1,1
370131,1,1
370231,1,1
370331,1,1
370431,1,1
370531,1,1
370631,1,1
370731,1,1
370831,1,1
370931,1,1
371031,1,1
371131,1,1
371231,1,1
371331,1,1
371429,1,1
371529,1,1
371629,1,1
371729,1,1
371829,1,1
371929,1,1
372029,1,1
372129,1,1
372229,1,1
372329,1,1
372429,1,1
372529,1,1
372629,1,1
372729,1,1
372829,1,1
372929,1,1
373029,1,1
373129,1,1
373229,1,1
373329,1,1
373429,1,1
373529,1,1
373629,1,1
373729,1,1
373829,1,1
373929,1,1
374029,1,1
374129,1,1
374229,1,1
374329,1,1
374429,1,1
374529,1,1
374629,1,1
374729,1,1
374829,1,1
374929,1,1
375029,1,1
375129,1,1
375229,1,1
375329,1,1
375426,1,1
375526,1,1
375626,1,1
375726,1,1
375826,1,1
375926,1,1
376026,1,1
376126,1,1
376226,1,1
376326,1,1
376426,1,1
376526,1,1
376626,1,1
376726,1,1
376826,1,1
376926,1,1
377026,1,1
377126,1,1
377226,1,1
377326,1,1
377426,1,1
377526,1,1
377626,1,1
377726,1,1
377826,1,1
377926,1,1
378026,1,1
378126,1,1
378226,1,1
378326,1,1
378426,1,1
378526,1,1
378626,1,1
378726,1,1
378826,1,1
378926,1,1
379026,1,1
379126,1,1
379226,1,1
379326,1,1
379424,1,1
379524,1,1
379624,1,1
379724,1,1
379824,1,1
379924,1,1
380024,1,1
380124,1,1
380224,1,1
380324,1,1
380424,1,1
380524,1,1
380624,1,1
380724,1,1
380824,1,1
380924,1,1
381024,1,1
381124,1,1
381224,1,1
381324,1,1
381424,1,1
381524,1,1
381624,1,1
381724,1,1
381824,1,1
381924,1,1
382024,1,1
382124,1,1
382224,1,1
382324,1,1
382424,1,1
382524,1,1
382624,1,1
382724,1,1
382824,1,1
382924,1,1
383024,1,1
383124,1,1
383224,1,1
383324,1,1
383422,1,1
383522,1,1
383622,1,1
383730,1,1
383830,1,1
383930,1,1
384030,1,1
384130,1,1
384230,1,1
384330,1,1
384430,1,1
384530,1,1
384630,1,1
384730,1,1
384830,1,1
384930,1,1
385030,1,1
385130,1,1
385230,1,1
385330,1,1
385430,1,1
385530,1,1
385630,1,1
385730,1,1
385830,1,1
385930,1,1
386030,1,1
386130,1,1
386230,1,1
386330,1,1
386430,1,1
386530,1,1
386630,1,1
386730,1,1
386830,1,1
386930,1,1
387030,1,1
387130,1,1
387230,1,1
387330,1,1
387428,1,1
387528,1,1
387628,1,1
387741,1,1
387841,1,1
387941,1,1
388042,1,1
388142,1,1
388242,1,1
388342,1,1
388442,1,1
388542,1,1
388642,1,1
388742,1,1
388842,1,1
388942,1,1
389042,1,1
389142,1,1
389242,1,1
389342,1,1
389442,1,1
389542,1,1
389642,1,1
389742,1,1
389842,1,1
389942,1,1
390042,1,1
390142,1,1
390242,1,1
390342,1,1
390442,1,1
390542,1,1
390642,1,1
390742,1,1
390842,1,1
390943,1,1
391043,1,1
391143,1,1
391243,1,1
391343,1,1
391440,1,1
391540,1,1
391640,1,1
391740,1,1
391840,1,1
391940,1,1
392040,1,1
392140,1,1
392240,1,1
392340,1,1
392440,1,1
392540,1,1
392640,1,1
392740,1,1
392840,1,1
392940,1,1
393040,1,1
393140,1,1
393240,1,1
393340,1,1
393440,1,1
393540,1,1
393640,1,1
393740,1,1
393841,1,1
393941,1,1
394041,1,1
394141,1,1
394241,1,1
394341,1,1
394441,1,1
394541,1,1
394641,1,1
394741,1,1
394841,1,1
394941,1,1
395041,1,1
395141,1,1
395241,1,1
395341,1,1
395439,1,1
395539,1,1
395639,1,1
395739,1,1
395839,1,1
395939,1,1
396039,1,1
396139,1,1
396239,1,1
396339,1,1
396439,1,1
396539,1,1
396639,1,1
396739,1,1
396839,1,1
396939,1,1
397039,1,1
397139,1,1
397239,1,1
397339,1,1
397439,1,1
397539,1,1
397639,1,1
397739,1,1
397839,1,1
397939,1,1
398039,1,1
398139,1,1
398239,1,1
398339,1,1
398439,1,1
398539,1,1
398639,1,1
398739,1,1
398839,1,1
398939,1,1
399039,1,1
399139,1,1
399239,1,1
399339,1,1
399439,1,1
399539,1,1
399639,1,1
399739,1,1
399839,1,1
399939,1,1
400039,1,1
400139,1,1
400239,1,1
400339,1,1
400439,1,1
400539,1,1
400639,1,1
400739,1,1
400839,1,1
400939,1,1
401039,1,1
401139,1,1
401239,1,1
401339,1,1
401439,1,1
401539,1,1
401639,1,1
401739,1,1
401839,1,1
401939,1,1
402039,1,1
402139,1,1
402239,1,1
402339,1,1
402439,1,1
402539,1,1
402639,1,1
402739,1,1
402839,1,1
402939,1,1
403039,1,1
403139,1,1
403239,1,1
403339,1,1
403439,1,1
403539,1,1
403639,1,1
403739,1,1
403839,0,0
403939,0,0
404039,0,0
404139,0,0
404239,0,0
404339,0,0
404439,0,0
404539,0,0
404639,0,0
404739,0,0
404839,0,0
404939,0,0
405039,0,0
405139,0,0
405239,0,0
405339,0,0
405439,0,0
405539,0,0
405639,0,0
405739,0,0
405839,0,0
405939,0,0
406039,0,0
406139,0,0
406239,0,0
406339,0,0
406439,0,0
406539,0,0
406639,0,0
406739,0,0
406839,0,0
406939,0,0
407039,0,0
407139,0,0
407239,0,0
407339,0,0
407439,0,0
407539,0,0
407639,0,0
407739,0,0
407839,0,0
407939,0,0
408039,0,0
408139,0,0
408239,0,0
408339,0,0
408439,0,0
408539,0,0
408639,0,0
408739,0,0
408839,0,0
408939,0,0
409039,0,0
409139,0,0
409239,0,0
409339,0,0
409439,0,0
409539,0,0
409639,0,0
409739,0,0
409839,0,0
409939,0,0
410039,0,0
410139,0,0
410239,0,0
410339,0,0
410439,0,0
410539,0,0
410639,0,0
410739,0,0
410839,0,0
410939,0,0
411039,0,0
411139,0,0
411239,0,0
411339,0,0
411439,0,0
411539,0,0
411639,0,0
411739,0,0
411839,0,0
411939,0,0
412039,0,0
412139,0,0
412239,0,0
412339,0,0
412439,0,0
412539,0,0
412639,0,0
412739,0,0
412839,0,0
412939,0,0
413039,0,0
413139,0,0
413239,0,0
413339,0,0
413439,0,0
413539,0,0
413639,0,0
413739,0,0
413839,0,0
413939,0,0
414039,0,0
414139,0,0
414239,0,0
414339,0,0
414439,0,0
414539,0,0
414639,0,0
414739,0,0
414839,0,0
414939,0,0
415039,0,0
415139,0,0
415239,0,0
415339,0,0
415439,0,0
415539,0,0
415639,0,0
415739,0,0
415839,0,0
415962,0,0
416062,1,1
416162,1,1
416262,1,1
416362,1,1
416462,1,1
416562,1,1
416662,1,1
416762,1,1
416862,1,1
416962,1,1
417062,1,1
417162,1,1
417262,1,1
417362,1,1
417462,1,1
417562,1,1
417662,1,1
417763,1,1
417863,1,1
417963,1,1
418063,1,1
418163,1,1
418263,1,1
418363,1,1
418463,1,1
418563,1,1
418663,1,1
418763,1,1
418863,1,1
418963,1,1
419063,1,1
419163,1,1
419263,1,1
419363,1,1
419463,1,1
419563,1,1
419663,1,1
419763,1,1
419861,1,1
419961,1,1
420061,1,1
420161,1,1
420261,1,1
420361,1,1
420461,1,1
420561,1,1
420661,1,1
420761,1,1
420861,1,1
420961,1,1
421061,1,1
421161,1,1
421261,1,1
421361,1,1
421461,1,1
421561,1,1
421661,1,1
421761,1,1
421861,1,1
421961,1,1
422061,1,1
422161,1,1
422261,1,1
422361,1,1
422461,1,1
422561,1,1
422661,1,1
422761,1,1
422861,1,1
422961,1,1
423061,1,1
423161,1,1
423261,1,1
423361,1,1
423461,1,1
423561,1,1
423661,1,1
423761,1,1
423860,1,1
423976,1,1
424076,1,1
424176,1,1
424276,1,1
424376,1,1
424476,1,1
424576,1,1
424676,1,1
424776,1,1
424876,1,1
424976,1,1
425076,1,1
425176,1,1
425276,1,1
425376,1,1
425476,1,1
425576,1,1
425676,1,1
425776,1,1
425876,1,1
425976,1,1
426076,1,1
426176,1,1
426276,1,1
426376,1,1
426476,1,1
426576,1,1
426676,1,1
426776,1,1
426876,1,1
426976,1,1
427076,1,1
427176,1,1
427276,1,1
427376,1,1
427476,1,1
427576,1,1
427676,1,1
427776,1,1
427872,1,1
427975,1,1
428075,1,1
428175,1,1
428275,1,1
428375,1,1
428475,1,1
428575,1,1
428675,1,1
428775,1,1
428875,1,1
428975,1,1
429075,1,1
429175,1,1
429276,1,1
429376,1,1
429476,1,1
429576,1,1
429676,1,1
429776,1,1
429876,1,1
429976,1,1
430076,1,1
430176,1,1
430276,1,1
430376,1,1
430476,1,1
430576,1,1
430676,1,1
430776,1,1
430876,1,1
430976,1,1
431076,1,1
431176,1,1
431276,1,1
431376,1,1
431476,1,1
431576,1,1
431676,1,1
431776,1,1
431874,1,1
431982,1,1
432082,1,1
432182,1,1
432282,1,1
432382,1,1
432482,1,1
432582,1,1
432682,1,1
432782,1,1
432882,1,1
432982,1,1
433082,1,1
433182,1,1
433282,1,1
433382,1,1
433482,1,1
433582,1,1
433682,1,1
433782,1,1
433882,1,1
433982,1,1
434082,1,1
434182,1,1
434282,1,1
434382,1,1
434482,1,1
434582,1,1
434682,1,1
434782,1,1
434882,1,1
434982,1,1
435082,1,1
435182,1,1
435282,1,1
435382,1,1
435482,1,1
435582,1,1
435682,1,1
435782,1,1
435880,1,1
435996,1,1
436096,1,1
436196,1,1
436296,1,1
436396,1,1
436496,1,1
436596,1,1
436696,1,1
436796,1,1
436896,1,1
436996,1,1
437096,1,1
437196,1,1
437296,1,1
437396,1,1
437496,1,1
437596,1,1
437696,1,1
437796,1,1
437896,1,1
437996,1,1
438096,1,1
438196,1,1
438296,1,1
438396,1,1
438496,1,1
438596,1,1
438696,1,1
438796,1,1
438896,1,1
438996,1,1
439096,1,1
439196,1,1
439296,1,1
439396,1,1
439496,1,1
439596,1,1
439696,1,1
439796,1,1
439896,1,1
440018,1,1
440118,1,1
440218,1,1
440318,1,1
440418,1,1
440518,1,1
440619,1,1
440719,1,1
440819,1,1
440919,1,1
441019,1,1
441119,1,1
441219,1,1
441319,1,1
441419,1,1
441519,1,1
441619,1,1
441719,1,1
441819,1,1
441919,1,1
442019,1,1
442119,1,1
442219,1,1
442319,1,1
442419,1,1
442519,1,1
442619,1,1
442719,1,1
442819,1,1
442919,1,1
443019,1,1
443119,1,1
443219,1,1
443319,1,1
443419,1,1
443520,1,1
443620,1,1
443720,1,1
443820,1,1
443919,1,1
444046,1,1
444146,1,1
444246,1,1
444346,1,1
444446,1,1
444546,1,1
444646,1,1
444746,1,1
444846,1,1
444946,1,1
445046,1,1
445146,1,1
445246,1,1
445346,1,1
445446,1,1
445546,1,1
445646,1,1
445746,1,1
445846,1,1
445946,1,1
446046,1,1
446146,1,1
446246,1,1
446346,1,1
446446,1,1
446546,1,1
446646,1,1
446746,1,1
446847,1,1
446947,1,1
447047,1,1
447147,1,1
447247,1,1
447347,1,1
447447,1,1
447547,1,1
447647,1,1
447747,1,1
447847,1,1
447945,1,1
448045,1,1
448145,1,1
448245,1,1
448345,1,1
448445,1,1
448545,1,1
448645,1,1
448745,1,1
448845,1,1
448945,1,1
449045,1,1
449145,1,1
449245,1,1
449345,1,1
449445,1,1
449545,1,1
449645,1,1
449746,1,1
449846,1,1
449946,1,1
450046,1,1
450146,1,1
450246,1,1
450346,1,1
450446,1,1
450546,1,1
450646,1,1
450746,1,1
450846,1,1
450946,1,1
451046,1,1
451146,1,1
451246,1,1
451346,1,1
451446,1,1
451546,1,1
451646,1,1
451746,1,1
451846,1,1
451943,1,1
452049,1,1
452149,1,1
452249,1,1
452349,1,1
452449,1,1
452549,1,1
452649,1,1
452749,1,1
452849,1,1
452949,1,1
453049,1,1
453149,1,1
453249,1,1
453349,1,1
453449,1,1
453549,1,1
453649,1,1
453749,1,1
453849,1,1
453949,1,1
454049,1,1
454149,1,1
454249,1,1
454349,1,1
454449,1,1
454549,1,1
454650,1,1
454750,1,1
454850,1,1
454950,1,1
455050,1,1
455150,1,1
455250,1,1
455350,1,1
455450,1,1
455550,1,1
455650,1,1
455750,1,1
455850,1,1
455948,1,1
456052,1,1
456152,1,1
456252,1,1
456352,1,1
456452,1,1
456552,1,1
456653,1,1
456753,1,1
456853,1,1
456953,1,1
457053,1,1
457153,1,1
457253,1,1
457353,1,1
457453,1,1
457553,1,1
457653,1,1
457753,1,1
457853,1,1
457953,1,1
458053,1,1
458153,1,1
458253,1,1
458353,1,1
458453,1,1
458553,1,1
458653,1,1
458753,1,1
458853,1,1
458953,1,1
459053,1,1
459153,1,1
459253,1,1
459353,1,1
459453,1,1
459553,1,1
459653,1,1
459753,1,1
459853,1,1
459953,1,1
460053,1,1
460153,1,1
460253,1,1
460353,1,1
460453,1,1
460553,1,1
460653,1,1
460753,1,1
460853,1,1
460953,1,1
461053,1,1
461153,1,1
461253,1,1
461353,1,1
461453,1,1
461553,1,1
461653,1,1
461753,1,1
461853,1,1
461953,1,1
462053,1,1
462153,1,1
462253,1,1
462353,1,1
462453,1,1
462553,1,1
462653,1,1
462753,1,1
462853,1,1
462953,1,1
463053,1,1
463153,1,1
463253,1,1
463353,1,1
463453,1,1
463553,1,1
463653,1,1
463753,1,1
463853,1,1
463953,1,1
464080,0,0
464180,0,0
464280,0,0
464380,0,0
464480,0,0
464580,0,0
464680,0,0
464780,0,0
464880,0,0
464980,0,0
465080,0,0
465180,0,0
465280,0,0
465380,0,0
465480,0,0
465580,0,0
465680,0,0
465780,0,0
465880,0,0
465980,0,0
466080,0,0
466180,0,0
466280,0,0
466381,0,0
466481,0,0
466581,0,0
466681,0,0
466781,0,0
466881,0,0
466981,0,0
467081,0,0
467181,0,0
467281,0,0
467381,0,0
467481,0,0
467581,0,0
467681,0,0
467781,0,0
467881,0,0
467981,0,0
468081,0,0
468181,0,0
468281,0,0
468381,0,0
468481,0,0
468581,0,0
468681,0,0
468781,0,0
468881,0,0
468981,0,0
469081,0,0
469181,0,0
469281,0,0
469381,0,0
469481,0,0
469581,0,0
469681,0,0
469781,0,0
469881,0,0
469981,0,0
470081,0,0
470181,0,0
470281,0,0
470381,0,0
470481,0,0
470581,0,0
470681,0,0
470781,0,0
470881,0,0
470981,0,0
471081,0,0
471181,0,0
471281,0,0
471381,0,0
471481,0,0
471581,0,0
471681,0,0
471781,0,0
471881,0,0
471971,0,0
472071,1,1
472171,1,1
472271,1,1
472371,1,1
472471,1,1
472571,1,1
472671,1,1
472771,1,1
472871,1,1
472971,1,1
473071,1,1
473171,1,1
473271,1,1
473371,1,1
473471,1,1
473571,1,1
473671,1,1
473771,1,1
473871,1,1
473971,1,1
474071,1,1
474171,1,1
474271,1,1
474371,1,1
474471,1,1
474571,1,1
474671,1,1
474771,1,1
474871,1,1
474971,1,1
475071,1,1
475171,1,1
475271,1,1
475371,1,1
475471,1,1
475571,1,1
475671,1,1
475771,1,1
475871,1,1
475970,1,1
476070,1,1
476170,1,1
476270,1,1
476370,1,1
476470,1,1
476570,1,1
476670,1,1
476770,1,1
476870,1,1
476970,1,1
477070,1,1
477170,1,1
477270,1,1
477370,1,1
477470,1,1
477570,1,1
477670,1,1
477770,1,1
477870,1,1
477970,1,1
478070,1,1
478170,1,1
478270,1,1
478370,1,1
478470,1,1
478570,1,1
478670,1,1
478770,1,1
478870,1,1
478970,1,1
479070,1,1
479170,1,1
479270,1,1
479370,1,1
479470,1,1
479570,1,1
479670,1,1
479770,1,1
479870,1,1
479968,1,1
480068,1,1
480168,1,1
480268,1,1
480368,1,1
480468,1,1
480568,1,1
480668,1,1
480768,1,1
480868,1,1
480968,1,1
481068,1,1
481168,1,1
481268,1,1
481368,1,1
481468,1,1
481568,1,1
481668,1,1
481768,1,1
481868,1,1
481968,1,1
482068,1,1
482168,1,1
482268,1,1
482368,1,1
482468,1,1
482568,1,1
482668,1,1
482768,1,1
482868,1,1
482968,1,1
483068,1,1
483168,1,1
483268,1,1
483368,1,1
483468,1,1
483568,1,1
483668,1,1
483768,1,1
483868,1,1
483966,1,1
484066,1,1
484166,1,1
484266,1,1
484366,1,1
484466,1,1
484566,1,1
484666,1,1
484766,1,1
484866,1,1
484966,1,1
485066,1,1
485166,1,1
485266,1,1
485366,1,1
485466,1,1
485566,1,1
485666,1,1
485766,1,1
485866,1,1
485966,1,1
486066,1,1
486166,1,1
486266,1,1
486366,1,1
486466,1,1
486566,1,1
486666,1,1
486766,1,1
486866,1,1
486966,1,1
487066,1,1
487166,1,1
487266,1,1
487366,1,1
487466,1,1
487566,1,1
487666,1,1
487766,1,1
487866,1,1
487963,1,1
488063,1,1
488163,1,1
488263,1,1
488363,1,1
488463,1,1
488563,1,1
488663,1,1
488763,1,1
488863,1,1
488963,1,1
489063,1,1
489163,1,1
489263,1,1
489363,1,1
489463,1,1
489563,1,1
489663,1,1
489763,1,1
489863,1,1
489963,1,1
490063,1,1
490163,1,1
490263,1,1
490363,1,1
490463,1,1
490563,1,1
490663,1,1
490763,1,1
490863,1,1
490963,1,1
491063,1,1
491163,1,1
491263,1,1
491363,1,1
491463,1,1
491563,1,1
491663,1,1
491763,1,1
491863,1,1
491960,1,1
492063,1,1
492163,1,1
492263,1,1
492363,1,1
492463,1,1
492563,1,1
492663,1,1
492763,1,1
492863,1,1
492963,1,1
493063,1,1
493163,1,1
493263,1,1
493363,1,1
493463,1,1
493563,1,1
493663,1,1
493763,1,1
493863,1,1
493963,1,1
494063,1,1
494163,1,1
494264,1,1
494364,1,1
494464,1,1
494564,1,1
494664,1,1
494764,1,1
494864,1,1
494964,1,1
495064,1,1
495164,1,1
495264,1,1
495364,1,1
495464,1,1
495564,1,1
495664,1,1
495764,1,1
495864,1,1
495962,1,1
496080,1,1
496180,1,1
496280,1,1
496380,1,1
496481,1,1
496581,1,1
496681,1,1
496781,1,1
496881,1,1
496981,1,1
497081,1,1
497181,1,1
497281,1,1
497381,1,1
497481,1,1
497581,1,1
497681,1,1
497781,1,1
497881,1,1
497981,1,1
498081,1,1
498181,1,1
498281,1,1
498381,1,1
498481,1,1
498581,1,1
498681,1,1
498781,1,1
498881,1,1
498981,1,1
499081,1,1
499181,1,1
499281,1,1
499382,1,1
499482,1,1
499582,1,1
499682,1,1
499782,1,1
499882,1,1
499981,1,1
500081,1,1
500181,1,1
500281,1,1
500381,1,1
500481,1,1
500581,1,1
500681,1,1
500781,1,1
500881,1,1
500981,1,1
501081,1,1
501181,1,1
501281,1,1
501381,1,1
501481,1,1
501581,1,1
501681,1,1
501781,1,1
501881,1,1
501981,1,1
502081,1,1
502181,1,1
502281,1,1
502381,1,1
502481,1,1
502581,1,1
502681,1,1
502781,1,1
502881,1,1
502981,1,1
503081,1,1
503181,1,1
503281,1,1
503381,1,1
503481,1,1
503581,1,1
503681,1,1
503781,1,1
503881,1,1
503978,1,1
504078,1,1
504178,1,1
504278,1,1
504378,1,1
504478,1,1
504578,1,1
504678,1,1
504778,1,1
504878,1,1
504978,1,1
505078,1,1
505178,1,1
505278,1,1
505378,1,1
505478,1,1
505578,1,1
505678,1,1
505778,1,1
505878,1,1
505978,1,1
506078,1,1
506178,1,1
506278,1,1
506378,1,1
506478,1,1
506578,1,1
506678,1,1
506778,1,1
506878,1,1
506978,1,1
507078,1,1
507178,1,1
507278,1,1
507378,1,1
507478,1,1
507578,1,1
507678,1,1
507778,1,1
507878,1,1
507976,1,1
508076,1,1
508176,1,1
508276,1,1
508376,1,1
508476,1,1
508576,1,1
508676,1,1
508776,1,1
508876,1,1
508976,1,1
509076,1,1
509176,1,1
509276,1,1
509376,1,1
509476,1,1
509576,1,1
509676,1,1
509776,1,1
509876,1,1
509976,1,1
510076,1,1
510176,1,1
510276,1,1
510376,1,1
510476,1,1
510576,1,1
510676,1,1
510776,1,1
510876,1,1
510976,1,1
511076,1,1
511176,1,1
511276,1,1
511376,1,1
511476,1,1
511576,1,1
511676,1,1
511776,1,1
511876,1,1
511973,1,1
512078,1,1
512178,1,1
512278,1,1
512378,1,1
512478,1,1
512578,1,1
512678,1,1
512778,1,1
512878,1,1
512978,1,1
513078,1,1
513178,1,1
513278,1,1
513378,1,1
513478,1,1
513578,1,1
513678,1,1
513778,1,1
513878,1,1
513978,1,1
514078,1,1
514179,1,1
514279,1,1
514379,1,1
514479,1,1
514579,1,1
514679,1,1
514779,1,1
514879,1,1
514979,1,1
515079,1,1
515179,1,1
515279,1,1
515379,1,1
515479,1,1
515579,1,1
515679,1,1
515779,1,1
515879,1,1
515979,1,1
516079,1,1
516179,1,1
516279,1,1
516379,1,1
516479,1,1
516579,1,1
516679,1,1
516779,1,1
516879,1,1
516979,1,1
517080,1,1
517180,1,1
517280,1,1
517380,1,1
517480,1,1
517580,1,1
517680,1,1
517780,1,1
517880,1,1
517980,1,1
518080,1,1
518180,1,1
518280,1,1
518380,1,1
518480,1,1
518580,1,1
518680,1,1
518780,1,1
518880,1,1
518980,1,1
519080,1,1
519180,1,1
519280,1,1
519380,1,1
519480,1,1
519580,1,1
519680,1,1
519780,1,1
519880,1,1
519981,1,1
520125,0,0
520225,0,0
520325,0,0
520425,0,0
520525,0,0
520625,0,0
520725,0,0
520825,0,0
520925,0,0
521025,0,0
521125,0,0
521225,0,0
521325,0,0
521425,0,0
521525,0,0
521625,0,0
521725,0,0
521825,0,0
521925,0,0
522025,0,0
522125,0,0
522225,0,0
522325,0,0
522425,0,0
522525,0,0
522625,0,0
522725,0,0
522825,0,0
522925,0,0
523025,0,0
523125,0,0
523225,0,0
523325,0,0
523425,0,0
523525,0,0
523625,0,0
523725,0,0
523825,0,0
523925,0,0
524025,0,0
524125,0,0
524225,0,0
524325,0,0
524425,0,0
524525,0,0
524625,0,0
524725,0,0
524825,0,0
524925,0,0
525025,0,0
525125,0,0
525225,0,0
525325,0,0
525425,0,0
525525,0,0
525625,0,0
525725,0,0
525825,0,0
525925,0,0
526025,0,0
526125,0,0
526225,0,0
526325,0,0
526425,0,0
526525,0,0
526625,0,0
526725,0,0
526825,0,0
526925,0,0
527025,0,0
527125,0,0
527225,0,0
527325,0,0
527425,0,0
527525,0,0
527625,0,0
527725,0,0
527825,0,0
527925,0,0
528025,0,0
528125,0,0
528225,0,0
528325,0,0
528425,0,0
528525,0,0
528625,0,0
528725,0,0
528825,0,0
528925,0,0
529025,0,0
529125,0,0
529225,0,0
529325,0,0
529425,0,0
529525,0,0
529625,0,0
529725,0,0
529825,0,0
529925,0,0
530025,0,0
530125,0,0
530225,0,0
530325,0,0
530425,0,0
530525,0,0
530625,0,0
530725,0,0
530825,0,0
530925,0,0
531025,0,0
531125,0,0
531225,0,0
531325,0,0
531425,0,0
531525,0,0
531625,0,0
531725,0,0
531825,0,0
531925,0,0
532025,0,0
532125,0,0
532225,0,0
532325,0,0
532425,0,0
532525,0,0
532625,0,0
532725,0,0
532825,0,0
532925,0,0
533025,0,0
533125,0,0
533225,0,0
533325,0,0
533414,0,0
533514,1,1
533614,1,1
533714,1,1
533814,1,1
533914,1,1
534014,1,1
534114,1,1
534214,1,1
534314,1,1
534414,1,1
534514,1,1
534614,1,1
534714,1,1
534814,1,1
534914,1,1
535014,1,1
535114,1,1
535214,1,1
535314,1,1
535414,1,1
535514,1,1
535614,1,1
535714,1,1
535814,1,1
535914,1,1
536014,1,1
536114,1,1
536214,1,1
536314,1,1
536414,1,1
536514,1,1
536614,1,1
536714,1,1
536814,1,1
536914,1,1
537014,1,1
537114,1,1
537214,1,1
537314,1,1
537412,1,1
537535,1,1
537635,1,1
537735,1,1
537835,1,1
537935,1,1
538035,1,1
538135,1,1
538235,1,1
538335,1,1
538435,1,1
538535,1,1
538635,1,1
538735,1,1
538835,1,1
538935,1,1
539035,1,1
539135,1,1
539235,1,1
539335,1,1
539435,1,1
539535,1,1
539635,1,1
539735,1,1
539835,1,1
539936,1,1
540036,1,1
540136,1,1
540236,1,1
540336,1,1
540436,1,1
540536,1,1
540636,1,1
540736,1,1
540836,1,1
540936,1,1
541036,1,1
541136,1,1
541236,1,1
541336,1,1
541432,1,1
541532,1,1
541632,1,1
541732,1,1
541832,1,1
541932,1,1
542032,1,1
542132,1,1
542232,1,1
542332,1,1
542432,1,1
542532,1,1
542632,1,1
542732,1,1
542832,1,1
542932,1,1
543032,1,1
543132,1,1
543232,1,1
543332,1,1
543432,1,1
543532,1,1
543632,1,1
543732,1,1
543832,1,1
543932,1,1
544032,1,1
544132,1,1
544232,1,1
544332,1,1
544432,1,1
544532,1,1
544632,1,1
544732,1,1
544832,1,1
544932,1,1
545032,1,1
545132,1,1
545232,1,1
545332,1,1
545430,1,1
545530,1,1
545630,1,1
545730,1,1
545830,1,1
545930,1,1
546030,1,1
546130,1,1
546230,1,1
546330,1,1
546430,1,1
546530,1,1
546630,1,1
546730,1,1
546830,1,1
546930,1,1
547030,1,1
547130,1,1
547230,1,1
547330,1,1
547430,1,1
547530,1,1
547630,1,1
547730,1,1
547830,1,1
547930,1,1
548030,1,1
548130,1,1
548230,1,1
548330,1,1
548430,1,1
548530,1,1
548630,1,1
548730,1,1
548830,1,1
548930,1,1
549030,1,1
549130,1,1
549230,1,1
549330,1,1
549429,1,1
549529,1,1
549629,1,1
549729,1,1
549829,1,1
549929,1,1
550029,1,1
550129,1,1
550229,1,1
550329,1,1
550429,1,1
550529,1,1
550629,1,1
550729,1,1
550829,1,1
550929,1,1
551029,1,1
551129,1,1
551229,1,1
551329,1,1
551429,1,1
551529,1,1
551629,1,1
551729,1,1
551829,1,1
551929,1,1
552029,1,1
552129,1,1
552229,1,1
552329,1,1
552429,1,1
552529,1,1
552629,1,1
552729,1,1
552829,1,1
552929,1,1
553029,1,1
553129,1,1
553229,1,1
553329,1,1
553426,1,1
553529,1,1
553629,1,1
553729,1,1
553829,1,1
553929,1,1
554029,1,1
554129,1,1
554229,1,1
554329,1,1
554429,1,1
554529,1,1
554629,1,1
554729,1,1
554829,1,1
554929,1,1
555030,1,1
555130,1,1
555230,1,1
555330,1,1
555430,1,1
555530,1,1
555630,1,1
555730,1,1
555830,1,1
555930,1,1
556030,1,1
556130,1,1
556230,1,1
556330,1,1
556430,1,1
556530,1,1
556630,1,1
556730,1,1
556830,1,1
556930,1,1
557030,1,1
557130,1,1
557230,1,1
557330,1,1
557427,1,1
557529,1,1
557630,1,1
557730,1,1
557830,1,1
557930,1,1
558030,1,1
558130,1,1
558230,1,1
558330,1,1
558430,1,1
558530,1,1
558630,1,1
558730,1,1
558830,1,1
558930,1,1
559030,1,1
559130,1,1
559230,1,1
559330,1,1
559430,1,1
559530,1,1
559630,1,1
559730,1,1
559830,1,1
559930,1,1
560030,1,1
560130,1,1
560230,1,1
560330,1,1
560430,1,1
560531,1,1
560631,1,1
560731,1,1
560831,1,1
560931,1,1
561031,1,1
561131,1,1
561231,1,1
561331,1,1
561429,1,1
561534,1,1
561634,1,1
561734,1,1
561834,1,1
561934,1,1
562034,1,1
562134,1,1
562234,1,1
562334,1,1
562434,1,1
562535,1,1
562635,1,1
562735,1,1
562835,1,1
562935,1,1
563035,1,1
563135,1,1
563235,1,1
563335,1,1
563435,1,1
563535,1,1
563635,1,1
563735,1,1
563835,1,1
563935,1,1
564035,1,1
564135,1,1
564235,1,1
564335,1,1
564435,1,1
564535,1,1
564635,1,1
564735,1,1
564835,1,1
564935,1,1
565035,1,1
565135,1,1
565235,1,1
565335,1,1
565434,1,1
565540,1,1
565640,1,1
565740,1,1
565840,1,1
565940,1,1
566040,1,1
566140,1,1
566240,1,1
566340,1,1
566440,1,1
566540,1,1
566640,1,1
566740,1,1
566840,1,1
566940,1,1
567040,1,1
567141,1,1
567241,1,1
567341,1,1
567441,1,1
567541,1,1
567641,1,1
567741,1,1
567841,1,1
567941,1,1
568041,1,1
568141,1,1
568368,1,1
568468,1,1
568568,1,1
568668,1,1
568768,1,1
568868,1,1
568968,1,1
569068,1,1
569168,1,1
569268,1,1
569368,1,1
569468,1,1
569554,1,1
569654,1,1
569754,1,1
569854,1,1
569954,1,1
570054,1,1
570154,1,1
570254,1,1
570354,1,1
570455,1,1
570555,1,1
570655,1,1
570755,1,1
570855,1,1
570955,1,1
571055,1,1
571155,1,1
571255,1,1
571355,1,1
571455,1,1
571555,1,1
571655,1,1
571755,1,1
571855,1,1
571955,1,1
572055,1,1
572155,1,1
572255,1,1
572355,1,1
572455,1,1
572555,1,1
572655,1,1
572755,1,1
572855,1,1
572955,1,1
573055,1,1
573155,1,1
573255,1,1
573356,1,1
573456,1,1
573571,1,1
573671,1,1
573771,1,1
573871,1,1
573971,1,1
574071,1,1
574171,1,1
574271,1,1
574371,1,1
574471,1,1
574571,1,1
574671,1,1
574771,1,1
574871,1,1
574971,1,1
575071,1,1
575171,1,1
575271,1,1
575371,1,1
575471,1,1
575571,1,1
575671,1,1
575771,1,1
575871,1,1
575971,1,1
576071,1,1
576171,1,1
576271,1,1
576371,1,1
576471,1,1
576571,1,1
576671,1,1
576771,1,1
576871,1,1
576971,1,1
577071,1,1
577171,1,1
577271,1,1
577371,1,1
577471,1,1
577571,1,1
577671,1,1
577771,1,1
577871,1,1
577971,1,1
578071,1,1
578171,1,1
578271,1,1
578371,1,1
578471,1,1
578571,1,1
578671,1,1
578771,1,1
578871,1,1
578971,1,1
579071,1,1
579171,1,1
579271,1,1
579371,1,1
579471,1,1
579571,1,1
579671,1,1
579771,1,1
579871,1,1
579971,1,1
580071,1,1
580171,1,1
580271,1,1
580371,1,1
580471,1,1
580571,1,1
580671,1,1
580771,1,1
580871,1,1
580971,1,1
581071,1,1
581171,1,1
581271,1,1
581371,1,1
581471,1,1
581571,1,1
581671,0,0
581771,0,0
581871,0,0
581971,0,0
582071,0,0
582171,0,0
582271,0,0
582371,0,0
582471,0,0
582571,0,0
582671,0,0
582771,0,0
582871,0,0
582971,0,0
583071,0,0
583171,0,0
583271,0,0
583371,0,0
583471,0,0
583571,0,0
583671,0,0
583771,0,0
583871,0,0
583971,0,0
584071,0,0
584171,0,0
584271,0,0
584371,0,0
584471,0,0
584571,0,0
584671,0,0
584771,0,0
584871,0,0
584971,0,0
585071,0,0
585171,0,0
585271,0,0
585371,0,0
585471,0,0
585571,0,0
585671,0,0
585771,0,0
585871,0,0
585971,0,0
586071,0,0
586171,0,0
586271,0,0
586371,0,0
586471,0,0
586571,0,0
586671,0,0
586771,0,0
586871,0,0
586971,0,0
587071,0,0
587171,0,0
587271,0,0
587371,0,0
587471,0,0
587571,0,0
587671,0,0
587771,0,0
587871,0,0
587971,0,0
588071,0,0
588171,0,0
588271,0,0
588371,0,0
588471,0,0
588571,0,0
588671,0,0
588771,0,0
588871,0,0
588971,0,0
589071,0,0
589171,0,0
589271,0,0
589371,0,0
589471,0,0
589571,0,0
589671,0,0
589771,0,0
589871,0,0
589971,0,0
590071,0,0
590171,0,0
590271,0,0
590371,0,0
590471,0,0
590571,0,0
590671,0,0
590771,0,0
590871,0,0
590971,0,0
591071,0,0
591171,0,0
591271,0,0
591371,0,0
591471,0,0
591571,0,0
591671,0,0
