p:4000,20000,6000,600,8000,4000,2000,8000,100
15069,0,0
15169,0,0
15269,0,0
15369,0,0
15469,0,0
15569,0,0
15669,0,0
15769,0,0
15869,0,0
15969,0,0
16069,0,0
16169,0,0
16269,0,0
16369,0,0
16469,0,0
16569,0,0
16669,0,0
16769,0,0
16869,0,0
16969,0,0
17069,0,0
17169,0,0
17269,0,0
17369,0,0
17469,0,0
17569,0,0
17669,0,0
17769,0,0
17869,0,0
17969,0,0
18069,0,0
18169,0,0
18269,0,0
18369,0,0
18469,0,0
18569,0,0
18669,0,0
18769,0,0
18869,0,0
18969,0,0
19067,0,0
19167,0,0
19267,0,0
19367,0,0
19467,0,0
19567,0,0
19667,0,0
19767,0,0
19867,0,0
19967,0,0
20067,0,0
20167,0,0
20267,0,0
20367,0,0
20467,0,0
20567,0,0
20667,0,0
20767,0,0
20867,0,0
20967,0,0
21067,0,0
21167,0,0
21267,0,0
21367,0,0
21467,0,0
21567,0,0
21667,0,0
21767,0,0
21867,0,0
21967,0,0
22067,0,0
22167,0,0
22267,0,0
22367,0,0
22467,0,0
22567,0,0
22667,0,0
22767,0,0
22867,0,0
22967,0,0
23066,0,0
23166,0,0
23266,0,0
23366,0,0
23466,0,0
23566,0,0
23666,0,0
23766,0,0
23866,0,0
23966,0,0
24066,0,0
24166,0,0
24266,0,0
24366,0,0
24466,0,0
24566,0,0
24666,0,0
24766,0,0
24866,0,0
24966,0,0
25066,0,0
25166,0,0
25266,0,0
25366,0,0
25466,0,0
25566,0,0
25666,0,0
25766,0,0
25866,0,0
25966,0,0
26066,0,0
26166,0,0
26266,0,0
26366,0,0
26466,0,0
26566,0,0
26666,0,0
26766,0,0
26866,0,0
26966,0,0
27064,0,0
27164,0,0
27264,0,0
27364,0,0
27464,0,0
27564,0,0
27664,0,0
27764,0,0
27864,0,0
27964,0,0
28064,0,0
28164,0,0
28264,0,0
28364,0,0
28464,0,0
28564,0,0
28664,0,0
28764,0,0
28864,0,0
28964,0,0
29064,0,0
29164,0,0
29264,0,0
29364,0,0
29464,0,0
29564,0,0
29664,0,0
29764,0,0
29864,0,0
29964,0,0
30064,0,0
30164,0,0
30264,0,0
30364,0,0
30464,0,0
30564,0,0
30664,0,0
30764,0,0
30864,0,0
30964,0,0
31061,0,0
31161,0,0
31261,0,0
31361,0,0
31461,0,0
31561,0,0
31661,0,0
31761,0,0
31861,0,0
31961,0,0
32061,0,0
32161,0,0
32261,0,0
32361,0,0
32461,0,0
32561,0,0
32661,0,0
32761,0,0
32861,0,0
32961,0,0
33061,0,0
33161,0,0
33261,0,0
33361,0,0
33461,0,0
33561,0,0
33661,0,0
33761,0,0
33861,0,0
33961,0,0
34061,0,0
34161,0,0
34261,0,0
34361,0,0
34461,0,0
34561,0,0
34661,0,0
34761,0,0
34861,0,0
34961,0,0
35061,0,0
35161,0,0
35258,0,0
35358,0,0
35458,0,0
35558,0,0
35658,0,0
35758,0,0
35858,0,0
35958,0,0
36064,0,0
36164,0,0
36264,0,0
36364,0,0
36464,0,0
36564,0,0
36664,0,0
36764,0,0
36864,0,0
36964,0,0
37064,0,0
37164,0,0
37264,0,0
37364,0,0
37464,0,0
37564,0,0
37664,0,0
37764,0,0
37864,0,0
37964,0,0
38064,0,0
38164,0,0
38264,0,0
38364,0,0
38465,0,0
38565,0,0
38665,0,0
38765,0,0
38865,0,0
38965,0,0
39065,0,0
39165,0,0
39263,0,0
39363,0,0
39463,0,0
39563,0,0
39663,0,0
39763,0,0
39863,0,0
39963,0,0
40063,0,0
40163,0,0
40263,0,0
40363,0,0
40463,0,0
40563,0,0
40663,0,0
40763,0,0
40863,0,0
40963,0,0
41063,0,0
41163,0,0
41263,0,0
41364,0,0
41464,0,0
41564,0,0
41664,0,0
41764,0,0
41864,0,0
41964,0,0
42064,0,0
42164,0,0
42264,0,0
42364,0,0
42464,0,0
42564,0,0
42664,0,0
42764,0,0
42864,0,0
42964,0,0
43064,0,0
43164,0,0
43261,0,0
43361,0,0
43461,0,0
43561,0,0
43661,0,0
43761,0,0
43861,0,0
43961,0,0
44061,0,0
44161,0,0
44261,0,0
44361,0,0
44461,0,0
44561,0,0
44661,0,0
44761,0,0
44861,0,0
44961,0,0
45061,0,0
45161,0,0
45261,0,0
45361,0,0
45461,0,0
45561,0,0
45661,0,0
45761,0,0
45861,0,0
45961,0,0
46061,0,0
46161,0,0
46261,0,0
46361,0,0
46461,0,0
46561,0,0
46661,0,0
46761,0,0
46861,0,0
46961,0,0
47061,0,0
47161,0,0
47260,0,0
47360,0,0
47460,0,0
47560,0,0
47660,0,0
47760,0,0
47860,0,0
47960,0,0
48060,0,0
48160,0,0
48260,0,0
48360,0,0
48460,0,0
48560,0,0
48660,0,0
48760,0,0
48860,0,0
48960,0,0
49060,0,0
49160,0,0
49260,0,0
49360,0,0
49460,0,0
49560,0,0
49660,0,0
49760,0,0
49860,0,0
49960,0,0
50060,0,0
50160,0,0
50260,0,0
50360,0,0
50460,0,0
50560,0,0
50660,0,0
50760,0,0
50860,0,0
50960,0,0
51060,0,0
51160,0,0
51257,0,0
51357,0,0
51457,0,0
51557,0,0
51657,0,0
51757,0,0
51857,0,0
51957,0,0
52057,0,0
52157,0,0
52257,0,0
52357,0,0
52457,0,0
52557,0,0
52657,0,0
52757,0,0
52857,0,0
52957,0,0
53057,0,0
53157,0,0
53257,0,0
53357,0,0
53457,0,0
53557,0,0
53657,0,0
53757,0,0
53857,0,0
53957,0,0
54057,0,0
54157,0,0
54257,0,0
54357,0,0
54457,0,0
54557,0,0
54657,0,0
54757,0,0
54857,0,0
54957,0,0
55057,0,0
55157,0,0
55257,0,0
55357,0,0
55457,0,0
55557,0,0
55657,0,0
55757,0,0
55857,0,0
55957,0,0
56057,0,0
56157,0,0
56257,0,0
56357,0,0
56457,0,0
56557,0,0
56657,0,0
56757,0,0
56857,0,0
56957,0,0
57057,0,0
57157,0,0
57257,0,0
57357,0,0
57457,0,0
57557,0,0
57657,0,0
57757,0,0
57857,0,0
57957,0,0
58057,0,0
58157,0,0
58257,0,0
58357,0,0
58457,0,0
58557,0,0
58657,0,0
58757,0,0
58857,0,0
58957,0,0
59057,0,0
59157,0,0
59257,0,0
59357,0,0
59457,0,0
59557,0,0
59657,0,0
59757,0,0
59857,0,0
59957,0,0
60057,0,0
60157,0,0
60257,0,0
60357,0,0
60457,0,0
60557,0,0
60657,0,0
60757,0,0
60857,0,0
60957,0,0
61057,0,0
61157,0,0
61257,0,0
61357,0,0
61457,0,0
61557,0,0
61657,0,0
61757,0,0
61857,0,0
61957,0,0
62057,0,0
62157,0,0
62257,0,0
62357,0,0
62457,0,0
62557,0,0
62657,0,0
62757,0,0
62857,0,0
62957,0,0
63057,0,0
63157,0,0
63257,0,0
63357,0,0
63457,0,0
63557,0,0
63657,0,0
63757,0,0
63857,0,0
63957,0,0
64057,0,0
64157,0,0
64257,0,0
64357,0,0
64457,0,0
64557,0,0
64657,0,0
64757,0,0
64857,0,0
64957,0,0
65057,0,0
65157,0,0
65257,0,0
65357,0,0
65457,0,0
65557,0,0
65657,0,0
65757,0,0
65857,0,0
65957,0,0
66057,0,0
66157,0,0
66257,0,0
66357,0,0
66457,0,0
66557,0,0
66657,0,0
66757,0,0
66857,0,0
66957,0,0
67057,0,0
67157,0,0
67257,0,0
67357,0,0
67457,0,0
67557,0,0
67657,0,0
67757,0,0
67857,0,0
67957,0,0
68057,0,0
68157,0,0
68257,0,0
68357,0,0
68457,0,0
68557,0,0
68657,0,0
68757,0,0
68857,0,0
68957,0,0
69057,0,0
69157,0,0
69257,0,0
69357,0,0
69457,0,0
69557,0,0
69657,0,0
69757,0,0
69857,0,0
69957,0,0
70057,0,0
70157,0,0
70257,0,0
70357,0,0
70457,0,0
70557,0,0
70657,0,0
70757,0,0
70857,0,0
70957,0,0
71057,0,0
71157,0,0
71257,0,0
71357,0,0
71457,0,0
71557,0,0
71657,0,0
71757,0,0
71857,0,0
71957,0,0
72057,0,0
72157,0,0
72257,0,0
72357,0,0
72457,0,0
72557,0,0
72657,0,0
72757,0,0
72857,0,0
72957,0,0
73057,0,0
73157,0,0
73257,0,0
73357,0,0
73457,0,0
73544,0,0
73644,0,0
73744,0,0
73844,0,0
73944,0,0
74044,0,0
74144,0,0
74244,0,0
74344,0,0
74444,0,0
74544,0,0
74644,0,0
74744,0,0
74844,0,0
74944,0,0
75044,0,0
75144,0,0
75244,0,0
75344,0,0
75444,0,0
75544,0,0
75644,0,0
75744,0,0
75844,0,0
75944,0,0
76044,0,0
76144,0,0
76244,0,0
76344,0,0
76444,0,0
76544,0,0
76644,0,0
76744,0,0
76844,0,0
76944,0,0
77044,0,0
77144,0,0
77244,0,0
77344,0,0
77444,0,0
77542,0,0
77642,0,0
77742,0,0
77842,0,0
77942,0,0
78042,0,0
78142,0,0
78242,0,0
78342,0,0
78442,0,0
78542,0,0
78642,0,0
78742,0,0
78842,0,0
78942,0,0
79042,0,0
79142,0,0
79242,0,0
79342,0,0
79442,0,0
79542,0,0
79642,0,0
79742,0,0
79842,0,0
79942,0,0
80042,0,0
80142,0,0
80242,0,0
80342,0,0
80442,0,0
80542,0,0
80642,0,0
80742,0,0
80842,0,0
80942,0,0
81042,0,0
81142,0,0
81242,0,0
81342,0,0
81442,0,0
81540,0,0
81640,0,0
81740,0,0
81847,0,0
81947,0,0
82047,0,0
82147,0,0
82247,0,0
82347,0,0
82447,0,0
82547,0,0
82647,0,0
82747,0,0
82847,0,0
82947,0,0
83047,0,0
83147,0,0
83247,0,0
83347,0,0
83447,0,0
83547,0,0
83647,0,0
83747,0,0
83847,0,0
83947,0,0
84047,0,0
84147,0,0
84247,0,0
84348,0,0
84448,0,0
84548,0,0
84648,0,0
84748,0,0
84848,0,0
84948,0,0
85048,0,0
85148,0,0
85248,0,0
85348,0,0
85448,0,0
85546,0,0
85646,0,0
85746,0,0
85848,0,0
85948,0,0
86048,0,0
86148,0,0
86248,0,0
86348,0,0
86448,0,0
86548,0,0
86648,0,0
86748,0,0
86848,0,0
86949,0,0
87049,0,0
87149,0,0
87249,0,0
87349,0,0
87449,0,0
87549,0,0
87649,0,0
87749,0,0
87849,0,0
87949,0,0
88049,0,0
88149,0,0
88249,0,0
88349,0,0
88449,0,0
88549,0,0
88649,0,0
88749,0,0
88849,0,0
88949,0,0
89049,0,0
89149,0,0
89249,0,0
89349,0,0
89449,0,0
89546,0,0
89646,0,0
89746,0,0
89858,0,0
89958,0,0
90058,0,0
90158,0,0
90258,0,0
90359,0,0
90459,0,0
90559,0,0
90659,0,0
90759,0,0
90859,0,0
90959,0,0
91059,0,0
91159,0,0
91259,0,0
91359,0,0
91459,0,0
91559,0,0
91659,0,0
91759,0,0
91859,0,0
91959,0,0
92059,0,0
92159,0,0
92259,0,0
92359,0,0
92459,0,0
92559,0,0
92659,0,0
92759,0,0
92859,0,0
92959,0,0
93059,0,0
93159,0,0
93259,0,0
93359,0,0
93459,0,0
93557,0,0
93657,0,0
93757,0,0
93865,0,0
93965,0,0
94065,0,0
94165,0,0
94265,0,0
94365,0,0
94465,0,0
94565,0,0
94665,0,0
94765,0,0
94865,0,0
94965,0,0
95065,0,0
95165,0,0
95265,0,0
95365,0,0
95465,0,0
95565,0,0
95665,0,0
95765,0,0
95865,0,0
95965,0,0
96065,0,0
96165,0,0
96265,0,0
96365,0,0
96465,0,0
96565,0,0
96665,0,0
96765,0,0
96865,0,0
96965,0,0
97065,0,0
97165,0,0
97265,0,0
97365,0,0
97465,0,0
97560,0,0
97660,0,0
97760,0,0
97867,0,0
97967,0,0
98067,0,0
98167,0,0
98267,0,0
98367,0,0
98467,0,0
98567,0,0
98667,0,0
98767,0,0
98867,0,0
98967,0,0
99067,0,0
99167,0,0
99267,0,0
99367,0,0
99467,0,0
99568,0,0
99668,0,0
99768,0,0
99868,0,0
99968,0,0
100068,0,0
100168,0,0
100268,0,0
100368,0,0
100468,0,0
100568,0,0
100668,0,0
100768,0,0
100868,0,0
100968,0,0
101068,0,0
101168,0,0
101268,0,0
101368,0,0
101468,0,0
101567,0,0
101667,0,0
101767,0,0
101867,0,0
101967,0,0
102067,0,0
102167,0,0
102267,0,0
102367,0,0
102467,0,0
102567,0,0
102667,0,0
102767,0,0
102867,0,0
102967,0,0
103067,0,0
103167,0,0
103267,0,0
103367,0,0
103467,0,0
103567,0,0
103667,0,0
103767,0,0
103867,0,0
103967,0,0
104067,0,0
104167,0,0
104267,0,0
104367,0,0
104467,0,0
104567,0,0
104667,0,0
104767,0,0
104867,0,0
104967,0,0
105067,0,0
105167,0,0
105267,0,0
105367,0,0
105467,0,0
105566,0,0
105666,0,0
105766,0,0
105866,0,0
105966,0,0
106066,0,0
106166,0,0
106266,0,0
106366,0,0
106466,0,0
106566,0,0
106666,0,0
106766,0,0
106866,0,0
106966,0,0
107066,0,0
107166,0,0
107266,0,0
107366,0,0
107466,0,0
107566,0,0
107666,0,0
107766,0,0
107866,0,0
107966,0,0
108066,0,0
108166,0,0
108266,0,0
108366,0,0
108466,0,0
108566,0,0
108666,0,0
108766,0,0
108866,0,0
108966,0,0
109066,0,0
109166,0,0
109266,0,0
109366,0,0
109466,0,0
109564,0,0
109664,0,0
109764,0,0
109864,0,0
109964,0,0
110064,0,0
110164,0,0
110264,0,0
110364,0,0
110464,0,0
110564,0,0
110664,0,0
110764,0,0
110864,0,0
110964,0,0
111064,0,0
111164,0,0
111264,0,0
111364,0,0
111464,0,0
111564,0,0
111664,0,0
111764,0,0
111864,0,0
111964,0,0
112064,0,0
112164,0,0
112264,0,0
112364,0,0
112464,0,0
112564,0,0
112664,0,0
112764,0,0
112864,0,0
112964,0,0
113064,0,0
113164,0,0
113264,0,0
113364,0,0
113464,0,0
113564,0,0
113664,0,0
113764,0,0
113864,0,0
113964,0,0
114064,0,0
114164,0,0
114264,0,0
114364,0,0
114464,0,0
114564,0,0
114664,0,0
114764,0,0
114864,0,0
114964,0,0
115064,0,0
115164,0,0
115264,0,0
115364,0,0
115464,0,0
115564,0,0
115664,0,0
115764,0,0
115864,0,0
115964,0,0
116064,0,0
116164,0,0
116264,0,0
116364,0,0
116464,0,0
116564,0,0
116664,0,0
116764,0,0
116864,0,0
116964,0,0
117064,0,0
117164,0,0
117264,0,0
117364,0,0
117464,0,0
117564,0,0
117664,0,0
117764,0,0
117864,0,0
117964,0,0
118064,0,0
118164,0,0
118264,0,0
118364,0,0
118464,0,0
118564,0,0
118664,0,0
118764,0,0
118864,0,0
118964,0,0
119064,0,0
119164,0,0
119264,0,0
119364,0,0
119464,0,0
119564,0,0
119664,0,0
119764,0,0
119864,0,0
119964,0,0
120064,0,0
120164,0,0
120264,0,0
120364,0,0
120464,0,0
120564,0,0
120664,0,0
120764,0,0
120864,0,0
120964,0,0
121064,0,0
121164,0,0
121264,0,0
121364,0,0
121464,0,0
121564,0,0
121664,0,0
121764,0,0
121864,0,0
121964,0,0
122064,0,0
122164,0,0
122264,0,0
122364,0,0
122464,0,0
122564,0,0
122664,0,0
122764,0,0
122864,0,0
122964,0,0
123064,0,0
123164,0,0
123264,0,0
123364,0,0
123464,0,0
123564,0,0
123664,0,0
123764,0,0
123864,0,0
123964,0,0
124064,0,0
124164,0,0
124264,0,0
124364,0,0
124464,0,0
124564,0,0
124664,0,0
124764,0,0
124864,0,0
124964,0,0
125064,0,0
125164,0,0
125264,0,0
125364,0,0
125464,0,0
125564,0,0
125664,0,0
125764,0,0
125864,0,0
125964,0,0
126075,0,0
126175,0,0
126275,0,0
126375,0,0
126475,0,0
126575,0,0
126675,0,0
126775,0,0
126875,0,0
126975,0,0
127075,0,0
127175,0,0
127275,0,0
127375,0,0
127475,0,0
127575,0,0
127675,0,0
127775,0,0
127875,0,0
127975,0,0
128075,0,0
128175,0,0
128275,0,0
128375,0,0
128475,0,0
128575,0,0
128675,0,0
128775,0,0
128876,0,0
128976,0,0
129076,0,0
129176,0,0
129276,0,0
129376,0,0
129476,0,0
129565,0,0
129665,0,0
129765,0,0
129865,0,0
129965,0,0
130089,0,0
130189,0,0
130289,0,0
130389,0,0
130489,0,0
130589,0,0
130689,0,0
130789,0,0
130889,0,0
130989,0,0
131089,0,0
131189,0,0
131289,0,0
131389,0,0
131489,0,0
131589,0,0
131689,0,0
131789,0,0
131889,0,0
131989,0,0
132089,0,0
132189,0,0
132289,0,0
132389,0,0
132489,0,0
132589,0,0
132689,0,0
132789,0,0
132889,0,0
132989,0,0
133089,0,0
133189,0,0
133289,0,0
133389,0,0
133489,0,0
133585,0,0
133685,0,0
133785,0,0
133885,0,0
133985,0,0
134085,0,0
134185,0,0
134285,0,0
134385,0,0
134485,0,0
134585,0,0
134685,0,0
134785,0,0
134885,0,0
134985,0,0
135085,0,0
135185,0,0
135285,0,0
135385,0,0
135485,0,0
135585,0,0
135685,0,0
135785,0,0
135885,0,0
135985,0,0
136085,0,0
136185,0,0
136285,0,0
136385,0,0
136485,0,0
136585,0,0
136685,0,0
136785,0,0
136885,0,0
136985,0,0
137085,0,0
137185,0,0
137285,0,0
137385,0,0
137485,0,0
137583,0,0
137683,0,0
137783,0,0
137883,0,0
137983,0,0
138083,0,0
138183,0,0
138283,0,0
138383,0,0
138483,0,0
138583,0,0
138683,0,0
138783,0,0
138883,0,0
138983,0,0
139083,0,0
139183,0,0
139283,0,0
139383,0,0
139483,0,0
139583,0,0
139683,0,0
139783,0,0
139883,0,0
139983,0,0
140083,0,0
140183,0,0
140283,0,0
140383,0,0
140483,0,0
140583,0,0
140683,0,0
140783,0,0
140883,0,0
140998,0,0
141098,0,0
141198,0,0
141298,0,0
141398,0,0
141498,0,0
141596,0,0
141696,0,0
141796,0,0
141896,0,0
141996,0,0
142096,0,0
142196,0,0
142297,0,0
142397,0,0
142497,0,0
142597,0,0
142697,0,0
142797,0,0
142897,0,0
142997,0,0
143097,0,0
143197,0,0
143297,0,0
143397,0,0
143497,0,0
143597,0,0
143697,0,0
143797,0,0
143897,0,0
143997,0,0
144097,0,0
144197,0,0
144297,0,0
144397,0,0
144497,0,0
144597,0,0
144697,0,0
144797,0,0
144897,0,0
144997,0,0
145097,0,0
145197,0,0
145297,0,0
145397,0,0
145497,0,0
145594,0,0
145694,0,0
145794,0,0
145894,0,0
145994,0,0
146094,0,0
146194,0,0
146294,0,0
146394,0,0
146494,0,0
146594,0,0
146694,0,0
146794,0,0
146894,0,0
146994,0,0
147094,0,0
147194,0,0
147294,0,0
147394,0,0
147494,0,0
147594,0,0
147694,0,0
147794,0,0
147894,0,0
147994,0,0
148094,0,0
148194,0,0
148294,0,0
148394,0,0
148494,0,0
148594,0,0
148694,0,0
148794,0,0
148894,0,0
148994,0,0
149094,0,0
149194,0,0
149294,0,0
149394,0,0
149494,0,0
149592,0,0
149692,0,0
149792,0,0
149892,0,0
149992,0,0
150096,0,0
150196,0,0
150296,0,0
150396,0,0
150496,0,0
150596,0,0
150696,0,0
150796,0,0
150896,0,0
150996,0,0
151096,0,0
151196,0,0
151296,0,0
151396,0,0
151496,0,0
151596,0,0
151696,0,0
151796,0,0
151896,0,0
151996,0,0
152096,0,0
152196,0,0
152296,0,0
152396,0,0
152496,0,0
152596,0,0
152696,0,0
152796,0,0
152896,0,0
152996,0,0
153096,0,0
153196,0,0
153296,0,0
153396,0,0
153496,0,0
153593,0,0
153693,0,0
153793,0,0
153893,0,0
153993,0,0
154100,0,0
154200,0,0
154300,0,0
154400,0,0
154500,0,0
154600,0,0
154700,0,0
154800,0,0
154900,0,0
155000,0,0
155100,0,0
155200,0,0
155300,0,0
155400,0,0
155500,0,0
155601,0,0
155701,0,0
155801,0,0
155901,0,0
156001,0,0
156101,0,0
156201,0,0
156301,0,0
156401,0,0
156501,0,0
156601,0,0
156701,0,0
156801,0,0
156901,0,0
157001,0,0
157101,0,0
157201,0,0
157301,0,0
157401,0,0
157501,0,0
157599,0,0
157699,0,0
157799,0,0
157899,0,0
157999,0,0
158100,0,0
158200,0,0
158300,0,0
158400,0,0
158501,0,0
158601,0,0
158701,0,0
158801,0,0
158901,0,0
159001,0,0
159101,0,0
159201,0,0
159301,0,0
159401,0,0
159501,0,0
159601,0,0
159701,0,0
159801,0,0
159901,0,0
160001,0,0
160101,0,0
160201,0,0
160301,0,0
160401,0,0
160501,0,0
160601,0,0
160701,0,0
160801,0,0
160901,0,0
161001,0,0
161101,0,0
161201,0,0
161301,0,0
161402,0,0
161502,0,0
161600,0,0
161700,0,0
161800,0,0
161900,0,0
162000,0,0
162112,0,0
162212,0,0
162312,0,0
162412,0,0
162512,0,0
162612,0,0
162712,0,0
162812,0,0
162912,0,0
163012,0,0
163112,0,0
163212,0,0
163312,0,0
163412,0,0
163512,0,0
163612,0,0
163712,0,0
163812,0,0
163912,0,0
164012,0,0
164112,0,0
164212,0,0
164312,0,0
164412,0,0
164512,0,0
164612,0,0
164712,0,0
164813,0,0
164913,0,0
165013,0,0
165113,0,0
165213,0,0
165313,0,0
165413,0,0
165513,0,0
165611,0,0
165711,0,0
165811,0,0
165911,0,0
166011,0,0
166114,0,0
166214,0,0
166314,0,0
166414,0,0
166514,0,0
166614,0,0
166714,0,0
166814,0,0
166914,0,0
167014,0,0
167115,0,0
167215,0,0
167315,0,0
167415,0,0
167515,0,0
167615,0,0
167715,0,0
167815,0,0
167915,0,0
168015,0,0
168115,0,0
168215,0,0
168315,0,0
168415,0,0
168515,0,0
168615,0,0
168715,0,0
168815,0,0
168915,0,0
169015,0,0
169115,0,0
169215,0,0
169315,0,0
169415,0,0
169515,0,0
169615,0,0
169715,0,0
169815,0,0
169915,0,0
170015,0,0
170115,0,0
170215,0,0
170315,0,0
170415,0,0
170515,0,0
170615,0,0
170715,0,0
170815,0,0
170915,0,0
171015,0,0
171115,0,0
171215,0,0
171315,0,0
171415,0,0
171515,0,0
171615,0,0
171715,0,0
171815,0,0
171915,0,0
172015,0,0
172115,0,0
172215,0,0
172315,0,0
172415,0,0
172515,0,0
172615,0,0
172715,0,0
172815,0,0
172915,0,0
173015,0,0
173115,0,0
173215,0,0
173315,0,0
173415,0,0
173515,0,0
173615,0,0
173715,0,0
173815,0,0
173915,0,0
174015,0,0
174115,0,0
174215,0,0
174315,0,0
174415,0,0
174515,0,0
174615,0,0
174715,0,0
174815,0,0
174915,0,0
175015,0,0
175115,0,0
175215,0,0
175315,0,0
175415,0,0
175515,0,0
175615,0,0
175715,0,0
175815,0,0
175915,0,0
176015,0,0
176115,0,0
176215,0,0
176315,0,0
176415,0,0
176515,0,0
176615,0,0
176715,0,0
176815,0,0
176915,0,0
177015,0,0
177115,0,0
177215,0,0
177315,0,0
177415,0,0
177515,0,0
177615,0,0
177715,0,0
177815,0,0
177915,0,0
178015,0,0
178115,0,0
178215,0,0
178315,0,0
178415,0,0
178515,0,0
178615,0,0
178715,0,0
178815,0,0
178915,0,0
179015,0,0
179115,0,0
179215,0,0
179315,0,0
179415,0,0
179515,0,0
179615,0,0
179715,0,0
179815,0,0
179915,0,0
180015,0,0
180115,0,0
180215,0,0
180315,0,0
180415,0,0
180515,0,0
180615,0,0
180715,0,0
180815,0,0
180915,0,0
181015,0,0
181115,0,0
181215,0,0
181315,0,0
181415,0,0
181515,0,0
181615,0,0
181715,0,0
181815,0,0
181915,0,0
182015,0,0
182115,0,0
182215,0,0
182315,0,0
182415,0,0
182515,0,0
182615,0,0
182715,0,0
182815,0,0
182915,0,0
183015,0,0
183115,0,0
183215,0,0
183315,0,0
183415,0,0
183515,0,0
183615,0,0
183715,0,0
183815,0,0
183915,0,0
184015,0,0
184115,0,0
184215,0,0
184315,0,0
184415,0,0
184515,0,0
184615,0,0
184715,0,0
184815,0,0
184915,0,0
185015,0,0
185115,0,0
185215,0,0
185315,0,0
185415,0,0
185515,0,0
185615,0,0
185715,0,0
185815,0,0
185901,0,0
186001,0,0
186111,0,0
186211,0,0
186311,0,0
186411,0,0
186511,0,0
186611,0,0
186711,0,0
186811,0,0
186911,0,0
187011,0,0
187112,0,0
187212,0,0
187312,0,0
187412,0,0
187512,0,0
187612,0,0
187712,0,0
187812,0,0
187912,0,0
188012,0,0
188112,0,0
188212,0,0
188312,0,0
188412,0,0
188512,0,0
188612,0,0
188712,0,0
188812,0,0
188912,0,0
189012,0,0
189112,0,0
189212,0,0
189312,0,0
189412,0,0
189512,0,0
189612,0,0
189712,0,0
189812,0,0
189901,0,0
190002,0,0
190120,0,0
190220,0,0
190320,0,0
190420,0,0
190520,0,0
190620,0,0
190720,0,0
190820,0,0
190920,0,0
191020,0,0
191120,0,0
191220,0,0
191320,0,0
191420,0,0
191520,0,0
191620,0,0
191720,0,0
191820,0,0
191920,0,0
192020,0,0
192120,0,0
192221,0,0
192321,0,0
192421,0,0
192521,0,0
192621,0,0
192721,0,0
192821,0,0
192921,0,0
193021,0,0
193121,0,0
193221,0,0
193321,0,0
193421,0,0
193521,0,0
193621,0,0
193721,0,0
193829,0,0
193929,0,0
194029,0,0
194129,0,0
194229,0,0
194329,0,0
194429,0,0
194529,0,0
194629,0,0
194729,0,0
194829,0,0
194929,0,0
195029,0,0
195130,0,0
195230,0,0
195330,0,0
195430,0,0
195530,0,0
195630,0,0
195730,0,0
195830,0,0
195930,0,0
196030,0,0
196130,0,0
196230,0,0
196330,0,0
196430,0,0
196530,0,0
196630,0,0
196730,0,0
196830,0,0
196930,0,0
197030,0,0
197130,0,0
197230,0,0
197330,0,0
197430,0,0
197530,0,0
197630,0,0
197730,0,0
197829,0,0
197929,0,0
198029,0,0
198129,0,0
198229,0,0
198329,0,0
198429,0,0
198529,0,0
198629,0,0
198729,0,0
198829,0,0
198929,0,0
199029,0,0
199129,0,0
199229,0,0
199329,0,0
199429,0,0
199529,0,0
199629,0,0
199729,0,0
199829,0,0
199929,0,0
200029,0,0
200129,0,0
200229,0,0
200329,0,0
200429,0,0
200529,0,0
200629,0,0
200729,0,0
200829,0,0
200929,0,0
201029,0,0
201129,0,0
201229,0,0
201329,0,0
201429,0,0
201529,0,0
201629,0,0
201729,0,0
201829,0,0
201925,0,0
202025,0,0
202132,0,0
202232,0,0
202332,0,0
202432,0,0
202532,0,0
202632,0,0
202732,0,0
202832,0,0
202933,0,0
203033,0,0
203133,0,0
203233,0,0
203333,0,0
203433,0,0
203533,0,0
203633,0,0
203733,0,0
203833,0,0
203933,0,0
204033,0,0
204133,0,0
204233,0,0
204333,0,0
204433,0,0
204533,0,0
204633,0,0
204733,0,0
204833,0,0
204933,0,0
205033,0,0
205133,0,0
205233,0,0
205333,0,0
205433,0,0
205533,0,0
205633,0,0
205733,0,0
205833,0,0
205932,0,0
206032,0,0
206142,0,0
206242,0,0
206342,0,0
206442,0,0
206542,0,0
206642,0,0
206742,0,0
206842,0,0
206943,0,0
207043,0,0
207143,0,0
207243,0,0
207343,0,0
207443,0,0
207543,0,0
207643,0,0
207743,0,0
207843,0,0
207943,0,0
208043,0,0
208143,0,0
208243,0,0
208343,0,0
208443,0,0
208543,0,0
208643,0,0
208743,0,0
208843,0,0
208943,0,0
209043,0,0
209143,0,0
209243,0,0
209343,0,0
209443,0,0
209543,0,0
209643,0,0
209743,0,0
209844,0,0
209941,0,0
210041,0,0
210154,0,0
210254,0,0
210354,0,0
210454,0,0
210554,0,0
210654,0,0
210754,0,0
210854,0,0
210954,0,0
211054,0,0
211154,0,0
211254,0,0
211354,0,0
211454,0,0
211554,0,0
211654,0,0
211754,0,0
211854,0,0
211954,0,0
212054,0,0
212154,0,0
212254,0,0
212354,0,0
212454,0,0
212554,0,0
212654,0,0
212754,0,0
212854,0,0
212954,0,0
213054,0,0
213154,0,0
213255,0,0
213355,0,0
213455,0,0
213555,0,0
213655,0,0
213755,0,0
213855,0,0
213952,0,0
214052,0,0
214157,0,0
214257,0,0
214357,0,0
214457,0,0
214557,0,0
214657,0,0
214757,0,0
214857,0,0
214958,0,0
215058,0,0
215158,0,0
215258,0,0
215358,0,0
215458,0,0
215558,0,0
215658,0,0
215758,0,0
215858,0,0
215958,0,0
216058,0,0
216158,0,0
216258,0,0
216358,0,0
216458,0,0
216558,0,0
216658,0,0
216758,0,0
216858,0,0
216958,0,0
217058,0,0
217158,0,0
217258,0,0
217358,0,0
217458,0,0
217558,0,0
217658,0,0
217758,0,0
217858,0,0
217952,0,0
218052,0,0
218152,0,0
218252,0,0
218352,0,0
218452,0,0
218552,0,0
218652,0,0
218752,0,0
218852,0,0
218952,0,0
219052,0,0
219152,0,0
219252,0,0
219352,0,0
219452,0,0
219552,0,0
219652,0,0
219752,0,0
219852,0,0
219952,0,0
220052,0,0
220152,0,0
220252,0,0
220352,0,0
220452,0,0
220552,0,0
220652,0,0
220752,0,0
220852,0,0
220952,0,0
221052,0,0
221152,0,0
221252,0,0
221352,0,0
221452,0,0
221552,0,0
221652,0,0
221752,0,0
221852,0,0
221952,0,0
222052,0,0
222152,0,0
222252,0,0
222352,0,0
222452,0,0
222552,0,0
222652,0,0
222752,0,0
222852,0,0
222952,0,0
223052,0,0
223152,0,0
223252,0,0
223352,0,0
223452,0,0
223552,0,0
223652,0,0
223752,0,0
223852,0,0
223952,0,0
224052,0,0
224152,0,0
224252,0,0
224352,0,0
224452,0,0
224552,0,0
224652,0,0
224752,0,0
224852,0,0
224952,0,0
225052,0,0
225152,0,0
225252,0,0
225352,0,0
225452,0,0
225552,0,0
225652,0,0
225752,0,0
225852,0,0
225952,0,0
226052,0,0
226152,0,0
226252,0,0
226352,0,0
226452,0,0
226552,0,0
226652,0,0
226752,0,0
226852,0,0
226952,0,0
227052,0,0
227152,0,0
227252,0,0
227352,0,0
227452,0,0
227552,0,0
227652,0,0
227752,0,0
227852,0,0
227952,0,0
228052,0,0
228152,0,0
228252,0,0
228352,0,0
228452,0,0
228552,0,0
228652,0,0
228752,0,0
228852,0,0
228952,0,0
229052,0,0
229152,0,0
229252,0,0
229352,0,0
229452,0,0
229552,0,0
229652,0,0
229752,0,0
229852,0,0
229952,0,0
230052,0,0
230152,0,0
230252,0,0
230352,0,0
230452,0,0
230552,0,0
230652,0,0
230752,0,0
230852,0,0
230952,0,0
231052,0,0
231152,0,0
231252,0,0
231352,0,0
231452,0,0
231552,0,0
231652,0,0
231752,0,0
231852,0,0
231952,0,0
232052,0,0
232152,0,0
232252,0,0
232352,0,0
232452,0,0
232552,0,0
232652,0,0
232752,0,0
232852,0,0
232952,0,0
233052,0,0
233152,0,0
233252,0,0
233352,0,0
233452,0,0
233552,0,0
233652,0,0
233752,0,0
233852,0,0
233952,0,0
234052,0,0
234152,0,0
234252,0,0
234352,0,0
234452,0,0
234552,0,0
234652,0,0
234752,0,0
234852,0,0
234952,0,0
235052,0,0
235152,0,0
235252,0,0
235352,0,0
235452,0,0
235552,0,0
235652,0,0
235752,0,0
235852,0,0
235952,0,0
236052,0,0
236152,0,0
236252,0,0
236352,0,0
236452,0,0
236552,0,0
236652,0,0
236752,0,0
236852,0,0
236952,0,0
237052,0,0
237152,0,0
237252,0,0
237352,0,0
237452,0,0
237552,0,0
237652,0,0
237752,0,0
237852,0,0
237952,0,0
238052,0,0
238152,0,0
238252,0,0
238352,0,0
238452,0,0
238552,0,0
238652,0,0
238752,0,0
238852,0,0
238952,0,0
239052,0,0
239152,0,0
239252,0,0
239352,0,0
239452,0,0
239552,0,0
239652,0,0
239752,0,0
239852,0,0
239952,0,0
240052,0,0
240152,0,0
240252,0,0
240352,0,0
240452,0,0
240552,0,0
240652,0,0
240752,0,0
240852,0,0
240952,0,0
241052,0,0
241152,0,0
241252,0,0
241352,0,0
241452,0,0
241552,0,0
241652,0,0
241752,0,0
241852,0,0
241952,0,0
242052,0,0
242152,0,0
242252,0,0
242352,0,0
242452,0,0
242552,0,0
242652,0,0
242752,0,0
242830,0,0
242930,0,0
243030,0,0
243130,0,0
243230,0,0
243330,0,0
243430,0,0
243530,0,0
243630,0,0
243730,0,0
243830,0,0
243930,0,0
244030,0,0
244130,0,0
244230,0,0
244330,0,0
244430,0,0
244530,0,0
244630,0,0
244730,0,0
244830,0,0
244930,0,0
245030,0,0
245130,0,0
245230,0,0
245330,0,0
245430,0,0
245530,0,0
245630,0,0
245730,0,0
245830,0,0
245930,0,0
246030,0,0
246130,0,0
246230,0,0
246330,0,0
246430,0,0
246530,0,0
246630,0,0
246730,0,0
246842,0,0
246942,0,0
247042,0,0
247142,0,0
247242,0,0
247342,0,0
247442,0,0
247542,0,0
247642,0,0
247742,0,0
247842,0,0
247942,0,0
248042,0,0
248142,0,0
248242,0,0
248342,0,0
248442,0,0
248542,0,0
248642,0,0
248742,0,0
248842,0,0
248942,0,0
249042,0,0
249142,0,0
249242,0,0
249342,0,0
249442,0,0
249542,0,0
249642,0,0
249742,0,0
249842,0,0
249942,0,0
250042,0,0
250142,0,0
250242,0,0
250342,0,0
250442,0,0
250542,0,0
250642,0,0
250748,0,0
250858,0,0
250958,0,0
251058,0,0
251158,0,0
251258,0,0
251358,0,0
251459,0,0
251559,0,0
251659,0,0
251759,0,0
251859,0,0
251959,0,0
252059,0,0
252159,0,0
252259,0,0
252359,0,0
252459,0,0
252559,0,0
252659,0,0
252759,0,0
252859,0,0
252959,0,0
253059,0,0
253159,0,0
253259,0,0
253359,0,0
253459,0,0
253559,0,0
253659,0,0
253759,0,0
253859,0,0
253959,0,0
254059,0,0
254159,0,0
254259,0,0
254360,0,0
254460,0,0
254560,0,0
254660,0,0
254758,0,0
254859,0,0
254959,0,0
255059,0,0
255159,0,0
255259,0,0
255359,0,0
255459,0,0
255559,0,0
255659,0,0
255759,0,0
255859,0,0
255959,0,0
256059,0,0
256159,0,0
256259,0,0
256359,0,0
256459,0,0
256559,0,0
256659,0,0
256759,0,0
256859,0,0
256959,0,0
257059,0,0
257159,0,0
257260,0,0
257360,0,0
257460,0,0
257560,0,0
257660,0,0
257760,0,0
257860,0,0
257960,0,0
258060,0,0
258160,0,0
258260,0,0
258360,0,0
258460,0,0
258560,0,0
258660,0,0
258759,0,0
258864,0,0
258965,0,0
259065,0,0
259165,0,0
259265,0,0
259365,0,0
259465,0,0
259565,0,0
259665,0,0
259765,0,0
259865,0,0
259965,0,0
260065,0,0
260165,0,0
260265,0,0
260365,0,0
260465,0,0
260565,0,0
260665,0,0
260765,0,0
260865,0,0
260965,0,0
261065,0,0
261165,0,0
261265,0,0
261365,0,0
261465,0,0
261565,0,0
261665,0,0
261765,0,0
261865,0,0
261965,0,0
262065,0,0
262165,0,0
262265,0,0
262365,0,0
262465,0,0
262565,0,0
262665,0,0
262762,0,0
262865,0,0
262965,0,0
263065,0,0
263165,0,0
263265,0,0
263365,0,0
263465,0,0
263565,0,0
263665,0,0
263765,0,0
263865,0,0
263965,0,0
264065,0,0
264165,0,0
264265,0,0
264365,0,0
264466,0,0
264566,0,0
264666,0,0
264766,0,0
264866,0,0
264966,0,0
265066,0,0
265166,0,0
265266,0,0
265366,0,0
265466,0,0
265566,0,0
265666,0,0
265766,0,0
265866,0,0
265966,0,0
266066,0,0
266166,0,0
266266,0,0
266366,0,0
266466,0,0
266566,0,0
266666,0,0
266761,0,0
266869,0,0
266969,0,0
267069,0,0
267169,0,0
267269,0,0
267369,0,0
267469,0,0
267569,0,0
267669,0,0
267769,0,0
267869,0,0
267969,0,0
268069,0,0
268169,0,0
268269,0,0
268369,0,0
268469,0,0
268569,0,0
268669,0,0
268769,0,0
268869,0,0
268969,0,0
269069,0,0
269169,0,0
269269,0,0
269369,0,0
269469,0,0
269569,0,0
269669,0,0
269769,0,0
269869,0,0
269969,0,0
270069,0,0
270169,0,0
270269,0,0
270369,0,0
270469,0,0
270569,0,0
270669,0,0
270769,0,0
270876,0,0
270976,0,0
271076,0,0
271176,0,0
271276,0,0
271376,0,0
271476,0,0
271576,0,0
271676,0,0
271776,0,0
271876,0,0
271976,0,0
272076,0,0
272176,0,0
272276,0,0
272376,0,0
272476,0,0
272576,0,0
272676,0,0
272776,0,0
272876,0,0
272976,0,0
273076,0,0
273176,0,0
273276,0,0
273376,0,0
273476,0,0
273576,0,0
273677,0,0
273777,0,0
273877,0,0
273977,0,0
274077,0,0
274177,0,0
274277,0,0
274377,0,0
274477,0,0
274577,0,0
274677,0,0
274774,0,0
274876,0,0
274976,0,0
275076,0,0
275176,0,0
275276,0,0
275376,0,0
275476,0,0
275576,0,0
275676,0,0
275776,0,0
275876,0,0
275976,0,0
276076,0,0
276176,0,0
276277,0,0
276377,0,0
276477,0,0
276577,0,0
276677,0,0
276777,0,0
276877,0,0
276977,0,0
277077,0,0
277177,0,0
277277,0,0
277377,0,0
277477,0,0
277577,0,0
277677,0,0
277777,0,0
277877,0,0
277977,0,0
278077,0,0
278177,0,0
278277,0,0
278377,0,0
278477,0,0
278577,0,0
278677,0,0
278776,0,0
278882,0,0
278982,0,0
279082,0,0
279182,0,0
279282,0,0
279382,0,0
279482,0,0
279582,0,0
279682,0,0
279782,0,0
279882,0,0
279982,0,0
280082,0,0
280182,0,0
280282,0,0
280382,0,0
280482,0,0
280582,0,0
280682,0,0
280782,0,0
280882,0,0
280982,0,0
281082,0,0
281183,0,0
281283,0,0
281383,0,0
281483,0,0
281583,0,0
281683,0,0
281783,0,0
281883,0,0
281983,0,0
282083,0,0
282183,0,0
282283,0,0
282383,0,0
282483,0,0
282583,0,0
282683,0,0
282783,0,0
282883,0,0
282983,0,0
283083,0,0
283183,0,0
283283,0,0
283383,0,0
283483,0,0
283583,0,0
283683,0,0
283783,0,0
283883,0,0
283983,0,0
284084,0,0
284184,0,0
284284,0,0
284384,0,0
284484,0,0
284584,0,0
284684,0,0
284784,0,0
284884,0,0
284984,0,0
285084,0,0
285184,0,0
285284,0,0
285384,0,0
285484,0,0
285584,0,0
285684,0,0
285784,0,0
285884,0,0
285984,0,0
286084,0,0
286184,0,0
286284,0,0
286384,0,0
286484,0,0
286584,0,0
286684,0,0
286784,0,0
286884,0,0
286985,0,0
287085,0,0
287185,0,0
287285,0,0
287385,0,0
287485,0,0
287585,0,0
287685,0,0
287785,0,0
287885,0,0
287985,0,0
288085,0,0
288185,0,0
288285,0,0
288385,0,0
288485,0,0
288585,0,0
288685,0,0
288785,0,0
288885,0,0
288985,0,0
289085,0,0
289185,0,0
289285,0,0
289385,0,0
289485,0,0
289585,0,0
289685,0,0
289785,0,0
289885,0,0
289985,0,0
290085,0,0
290185,0,0
290285,0,0
290385,0,0
290485,0,0
290585,0,0
290685,0,0
290785,0,0
290885,0,0
290985,0,0
291085,0,0
291185,0,0
291285,0,0
291385,0,0
291485,0,0
291585,0,0
291685,0,0
291785,0,0
291885,0,0
291985,0,0
292085,0,0
292185,0,0
292285,0,0
292385,0,0
292485,0,0
292585,0,0
292685,0,0
292785,0,0
292885,0,0
292985,0,0
293085,0,0
293185,0,0
293285,0,0
293385,0,0
293485,0,0
293585,0,0
293685,0,0
293785,0,0
293885,0,0
293985,0,0
294085,0,0
294185,0,0
294285,0,0
294385,0,0
294485,0,0
294585,0,0
294685,0,0
294785,0,0
294885,0,0
294985,0,0
295085,0,0
295185,0,0
295285,0,0
295385,0,0
295485,0,0
295585,0,0
295685,0,0
295785,0,0
295885,0,0
295985,0,0
296085,0,0
296185,0,0
296285,0,0
296385,0,0
296485,0,0
296585,0,0
296685,0,0
296785,0,0
296885,0,0
296985,0,0
297085,0,0
297185,0,0
297285,0,0
297385,0,0
297485,0,0
297585,0,0
297685,0,0
297785,0,0
297885,0,0
297985,0,0
298085,0,0
298185,0,0
298285,0,0
298385,0,0
298485,0,0
298585,0,0
298685,0,0
298785,0,0
298885,0,0
298985,0,0
299085,0,0
299185,0,0
299285,0,0
299385,0,0
299472,0,0
299572,0,0
299672,0,0
299772,0,0
299872,0,0
299972,0,0
300072,0,0
300172,0,0
300272,0,0
300372,0,0
300472,0,0
300572,0,0
300672,0,0
300772,0,0
300872,0,0
300972,0,0
301072,0,0
301172,0,0
301272,0,0
301372,0,0
301472,0,0
301572,0,0
301672,0,0
301772,0,0
301872,0,0
301972,0,0
302072,0,0
302172,0,0
302272,0,0
302372,0,0
302472,0,0
302572,0,0
302672,0,0
302772,0,0
302872,0,0
302972,0,0
303072,0,0
303172,0,0
303272,0,0
303372,0,0
303469,0,0
303569,0,0
303669,0,0
303769,0,0
303869,0,0
303969,0,0
304069,0,0
304169,0,0
304269,0,0
304369,0,0
304469,0,0
304569,0,0
304669,0,0
304769,0,0
304869,0,0
304969,0,0
305069,0,0
305169,0,0
305269,0,0
305369,0,0
305469,0,0
305569,0,0
305669,0,0
305769,0,0
305869,0,0
305969,0,0
306069,0,0
306169,0,0
306269,0,0
306369,0,0
306469,0,0
306569,0,0
306669,0,0
306769,0,0
306869,0,0
306969,0,0
307069,0,0
307169,0,0
307269,0,0
307369,0,0
307468,0,0
307568,0,0
307668,0,0
307768,0,0
307868,0,0
307968,0,0
308068,0,0
308168,0,0
308268,0,0
308368,0,0
308468,0,0
308568,0,0
308668,0,0
308768,0,0
308868,0,0
308968,0,0
309068,0,0
309168,0,0
309268,0,0
309368,0,0
309468,0,0
309568,0,0
309668,0,0
309768,0,0
309868,0,0
309968,0,0
310068,0,0
310168,0,0
310268,0,0
310368,0,0
310468,0,0
310568,0,0
310668,0,0
310768,0,0
310868,0,0
310968,0,0
311068,0,0
311168,0,0
311268,0,0
311368,0,0
311468,0,0
311563,0,0
311663,0,0
311763,0,0
311863,0,0
311963,0,0
312063,0,0
312163,0,0
312263,0,0
312363,0,0
312463,0,0
312563,0,0
312663,0,0
312764,0,0
312864,0,0
312964,0,0
313064,0,0
313164,0,0
313264,0,0
313364,0,0
313464,0,0
313564,0,0
313664,0,0
313764,0,0
313864,0,0
313964,0,0
314064,0,0
314164,0,0
314264,0,0
314364,0,0
314464,0,0
314564,0,0
314664,0,0
314764,0,0
314864,0,0
314964,0,0
315064,0,0
315164,0,0
315264,0,0
315364,0,0
315476,0,0
315582,0,0
315682,0,0
315782,0,0
315882,0,0
315982,0,0
316082,0,0
316182,0,0
316282,0,0
316382,0,0
316482,0,0
316582,0,0
316682,0,0
316782,0,0
316882,0,0
316982,0,0
317082,0,0
317182,0,0
317282,0,0
317382,0,0
317482,0,0
317582,0,0
317682,0,0
317782,0,0
317882,0,0
317982,0,0
318082,0,0
318182,0,0
318282,0,0
318382,0,0
318482,0,0
318582,0,0
318682,0,0
318782,0,0
318882,0,0
318982,0,0
319082,0,0
319182,0,0
319282,0,0
319382,0,0
319481,0,0
319583,0,0
319683,0,0
319783,0,0
319883,0,0
319983,0,0
320083,0,0
320183,0,0
320284,0,0
320384,0,0
320484,0,0
320584,0,0
320684,0,0
320784,0,0
320884,0,0
320984,0,0
321099,0,0
321199,0,0
321299,0,0
321399,0,0
321499,0,0
321599,0,0
321699,0,0
321799,0,0
321899,0,0
321999,0,0
322099,0,0
322199,0,0
322299,0,0
322399,0,0
322499,0,0
322599,0,0
322699,0,0
322799,0,0
322899,0,0
322999,0,0
323100,0,0
323200,0,0
323300,0,0
323400,0,0
323498,0,0
323598,0,0
323698,0,0
323798,0,0
323898,0,0
323998,0,0
324098,0,0
324198,0,0
324298,0,0
324398,0,0
324498,0,0
324598,0,0
324698,0,0
324798,0,0
324898,0,0
324998,0,0
325098,0,0
325198,0,0
325298,0,0
325398,0,0
325498,0,0
325598,0,0
325698,0,0
325798,0,0
325898,0,0
325999,0,0
326099,0,0
326199,0,0
326299,0,0
326399,0,0
326499,0,0
326599,0,0
326699,0,0
326799,0,0
326899,0,0
326999,0,0
327099,0,0
327199,0,0
327299,0,0
327399,0,0
327495,0,0
327595,0,0
327695,0,0
327795,0,0
327895,0,0
327995,0,0
328095,0,0
328195,0,0
328295,0,0
328395,0,0
328495,0,0
328595,0,0
328695,0,0
328795,0,0
328895,0,0
328995,0,0
329095,0,0
329195,0,0
329295,0,0
329395,0,0
329495,0,0
329595,0,0
329695,0,0
329795,0,0
329895,0,0
329995,0,0
330095,0,0
330195,0,0
330295,0,0
330395,0,0
330495,0,0
330595,0,0
330695,0,0
330795,0,0
330895,0,0
330995,0,0
331095,0,0
331195,0,0
331295,0,0
331395,0,0
331495,0,0
331593,0,0
331693,0,0
331793,0,0
331893,0,0
331993,0,0
332093,0,0
332193,0,0
332293,0,0
332393,0,0
332493,0,0
332593,0,0
332693,0,0
332793,0,0
332893,0,0
332993,0,0
333093,0,0
333193,0,0
333293,0,0
333393,0,0
333493,0,0
333593,0,0
333693,0,0
333793,0,0
333893,0,0
333993,0,0
334093,0,0
334193,0,0
334293,0,0
334393,0,0
334493,0,0
334593,0,0
334693,0,0
334793,0,0
334893,0,0
334993,0,0
335093,0,0
335193,0,0
335293,0,0
335393,0,0
335493,0,0
335591,0,0
335691,0,0
335791,0,0
335891,0,0
335991,0,0
336091,0,0
336191,0,0
336291,0,0
336391,0,0
336491,0,0
336591,0,0
336691,0,0
336791,0,0
336891,0,0
336991,0,0
337091,0,0
337191,0,0
337291,0,0
337391,0,0
337491,0,0
337591,0,0
337691,0,0
337791,0,0
337891,0,0
337991,0,0
338091,0,0
338191,0,0
338291,0,0
338391,0,0
338491,0,0
338591,0,0
338691,0,0
338791,0,0
338891,0,0
338991,0,0
339091,0,0
339191,0,0
339291,0,0
339391,0,0
339491,0,0
339588,0,0
339688,0,0
339788,0,0
339888,0,0
339988,0,0
340088,0,0
340188,0,0
340288,0,0
340388,0,0
340488,0,0
340588,0,0
340688,0,0
340788,0,0
340888,0,0
340988,0,0
341088,0,0
341188,0,0
341288,0,0
341388,0,0
341488,0,0
341588,0,0
341688,0,0
341788,0,0
341888,0,0
341988,0,0
342088,0,0
342188,0,0
342288,0,0
342388,0,0
342488,0,0
342588,0,0
342688,0,0
342788,0,0
342888,0,0
342988,0,0
343088,0,0
343188,0,0
343288,0,0
343388,0,0
343488,0,0
343588,0,0
343688,0,0
343788,0,0
343888,0,0
343988,0,0
344088,0,0
344188,0,0
344288,0,0
344388,0,0
344488,0,0
344588,0,0
344688,0,0
344788,0,0
344888,0,0
344988,0,0
345088,0,0
345188,0,0
345288,0,0
345388,0,0
345488,0,0
345588,0,0
345688,0,0
345788,0,0
345888,0,0
345988,0,0
346088,0,0
346188,0,0
346288,0,0
346388,0,0
346488,0,0
346588,0,0
346688,0,0
346788,0,0
346888,0,0
346988,0,0
347088,0,0
347188,0,0
347288,0,0
347388,0,0
347488,0,0
347588,0,0
347688,0,0
347788,0,0
347888,0,0
347988,0,0
348088,0,0
348188,0,0
348288,0,0
348388,0,0
348488,0,0
348588,0,0
348688,0,0
348788,0,0
348888,0,0
348988,0,0
349088,0,0
349188,0,0
349288,0,0
349388,0,0
349488,0,0
349588,0,0
349688,0,0
349788,0,0
349888,0,0
349988,0,0
350088,0,0
350188,0,0
350288,0,0
350388,0,0
350488,0,0
350588,0,0
350688,0,0
350788,0,0
350888,0,0
350988,0,0
351088,0,0
351188,0,0
351288,0,0
351388,0,0
351488,0,0
351588,0,0
351688,0,0
351788,0,0
351888,0,0
351988,0,0
352088,0,0
352188,0,0
352288,0,0
352388,0,0
352488,0,0
352588,0,0
352688,0,0
352788,0,0
352888,0,0
352988,0,0
353088,0,0
353188,0,0
353288,0,0
353388,0,0
353488,0,0
353588,0,0
353688,0,0
353788,0,0
353888,0,0
353988,0,0
354088,0,0
354188,0,0
354288,0,0
354388,0,0
354488,0,0
354588,0,0
354688,0,0
354788,0,0
354888,0,0
354988,0,0
355088,0,0
355188,0,0
355288,0,0
355388,0,0
355488,0,0
355579,0,0
355679,0,0
355779,0,0
355879,0,0
355979,0,0
356079,0,0
356179,0,0
356279,0,0
356379,0,0
356479,0,0
356579,0,0
356679,0,0
356779,0,0
356879,0,0
356979,0,0
357079,0,0
357179,0,0
357279,0,0
357379,0,0
357479,0,0
357579,0,0
357679,0,0
357779,0,0
357879,0,0
357979,0,0
358079,0,0
358179,0,0
358279,0,0
358379,0,0
358479,0,0
358579,0,0
358679,0,0
358779,0,0
358879,0,0
358979,0,0
359079,0,0
359179,0,0
359279,0,0
359379,0,0
359479,0,0
359577,0,0
359677,0,0
359777,0,0
359877,0,0
359977,0,0
360077,0,0
360177,0,0
360277,0,0
360377,0,0
360477,0,0
360577,0,0
360677,0,0
360777,0,0
360877,0,0
360977,0,0
361077,0,0
361177,0,0
361277,0,0
361377,0,0
361477,0,0
361577,0,0
361677,0,0
361777,0,0
361877,0,0
361977,0,0
362077,0,0
362177,0,0
362277,0,0
362377,0,0
362477,0,0
362577,0,0
362677,0,0
362777,0,0
362877,0,0
362977,0,0
363077,0,0
363177,0,0
363277,0,0
363377,0,0
363477,0,0
363575,0,0
363675,0,0
363775,0,0
363875,0,0
363975,0,0
364075,0,0
364175,0,0
364275,0,0
364375,0,0
364475,0,0
364575,0,0
364675,0,0
364775,0,0
364875,0,0
364975,0,0
365075,0,0
365175,0,0
365275,0,0
365375,0,0
365475,0,0
365575,0,0
365675,0,0
365775,0,0
365875,0,0
365975,0,0
366075,0,0
366175,0,0
366275,0,0
366375,0,0
366475,0,0
366575,0,0
366675,0,0
366775,0,0
366875,0,0
366975,0,0
367075,0,0
367175,0,0
367275,0,0
367375,0,0
367475,0,0
367572,0,0
367672,0,0
367772,0,0
367880,0,0
367980,0,0
368080,0,0
368180,0,0
368280,0,0
368380,0,0
368480,0,0
368580,0,0
368680,0,0
368780,0,0
368880,0,0
368980,0,0
369080,0,0
369180,0,0
369280,0,0
369380,0,0
369480,0,0
369580,0,0
369680,0,0
369780,0,0
369880,0,0
369980,0,0
370080,0,0
370180,0,0
370280,0,0
370380,0,0
370480,0,0
370580,0,0
370680,0,0
370780,0,0
370880,0,0
370980,0,0
371080,0,0
371180,0,0
371280,0,0
371380,0,0
371480,0,0
371578,0,0
371680,0,0
371780,0,0
371880,0,0
371980,0,0
372080,0,0
372180,0,0
372280,0,0
372380,0,0
372480,0,0
372580,0,0
372680,0,0
372780,0,0
372880,0,0
372980,0,0
373080,0,0
373180,0,0
373280,0,0
373380,0,0
373480,0,0
373580,0,0
373680,0,0
373780,0,0
373880,0,0
373980,0,0
374080,0,0
374180,0,0
374280,0,0
374380,0,0
374480,0,0
374580,0,0
374680,0,0
374781,0,0
374881,0,0
374981,0,0
375081,0,0
375181,0,0
375281,0,0
375381,0,0
375481,0,0
375579,0,0
375683,0,0
375783,0,0
375883,0,0
375983,0,0
376083,0,0
376183,0,0
376283,0,0
376383,0,0
376483,0,0
376583,0,0
376683,0,0
376784,0,0
376884,0,0
376984,0,0
377084,0,0
377184,0,0
377284,0,0
377384,0,0
377484,0,0
377584,0,0
377684,0,0
377784,0,0
377884,0,0
377984,0,0
378084,0,0
378184,0,0
378284,0,0
378384,0,0
378484,0,0
378584,0,0
378684,0,0
378784,0,0
378884,0,0
378984,0,0
379084,0,0
379184,0,0
379284,0,0
379384,0,0
379484,0,0
379580,0,0
379680,0,0
379780,0,0
379880,0,0
379980,0,0
380080,0,0
380180,0,0
380280,0,0
380380,0,0
380480,0,0
380580,0,0
380680,0,0
380780,0,0
380880,0,0
380980,0,0
381080,0,0
381180,0,0
381280,0,0
381380,0,0
381480,0,0
381580,0,0
381680,0,0
381780,0,0
381880,0,0
381980,0,0
382080,0,0
382180,0,0
382280,0,0
382380,0,0
382480,0,0
382580,0,0
382680,0,0
382780,0,0
382880,0,0
382980,0,0
383080,0,0
383180,0,0
383280,0,0
383380,0,0
383480,0,0
383579,0,0
383679,0,0
383779,0,0
383879,0,0
383979,0,0
384079,0,0
384179,0,0
384279,0,0
384379,0,0
384479,0,0
384579,0,0
384679,0,0
384779,0,0
384879,0,0
384979,0,0
385079,0,0
385179,0,0
385279,0,0
385379,0,0
385479,0,0
385579,0,0
385679,0,0
385779,0,0
385879,0,0
385979,0,0
386079,0,0
386179,0,0
386279,0,0
386379,0,0
386479,0,0
386579,0,0
386679,0,0
386779,0,0
386879,0,0
386979,0,0
387079,0,0
387179,0,0
387279,0,0
387379,0,0
387479,0,0
387577,0,0
387689,0,0
387789,0,0
387889,0,0
387989,0,0
388089,0,0
388189,0,0
388289,0,0
388389,0,0
388489,0,0
388589,0,0
388689,0,0
388789,0,0
388889,0,0
388989,0,0
389089,0,0
389189,0,0
389289,0,0
389389,0,0
389489,0,0
389589,0,0
389689,0,0
389789,0,0
389889,0,0
389989,0,0
390089,0,0
390189,0,0
390289,0,0
390389,0,0
390489,0,0
390589,0,0
390689,0,0
390789,0,0
390889,0,0
390989,0,0
391089,0,0
391189,0,0
391289,0,0
391389,0,0
391489,0,0
391586,0,0
391692,0,0
391793,0,0
391893,0,0
391993,0,0
392093,0,0
392193,0,0
392293,0,0
392393,0,0
392493,0,0
392593,0,0
392693,0,0
392793,0,0
392893,0,0
392993,0,0
393093,0,0
393193,0,0
393293,0,0
393393,0,0
393493,0,0
393593,0,0
393693,0,0
393793,0,0
393893,0,0
393993,0,0
394093,0,0
394193,0,0
394293,0,0
394393,0,0
394493,0,0
394593,0,0
394694,0,0
394794,0,0
394894,0,0
394994,0,0
395094,0,0
395194,0,0
395294,0,0
395394,0,0
395494,0,0
395591,0,0
395693,0,0
395793,0,0
395893,0,0
395993,0,0
396093,0,0
396193,0,0
396293,0,0
396393,0,0
396493,0,0
396593,0,0
396693,0,0
396793,0,0
396893,0,0
396993,0,0
397093,0,0
397193,0,0
397294,0,0
397394,0,0
397494,0,0
397594,0,0
397694,0,0
397794,0,0
397894,0,0
397994,0,0
398094,0,0
398194,0,0
398294,0,0
398394,0,0
398494,0,0
398594,0,0
398694,0,0
398794,0,0
398894,0,0
398994,0,0
399094,0,0
399194,0,0
399294,0,0
399394,0,0
399494,0,0
399594,0,0
399694,0,0
399794,0,0
399894,0,0
399994,0,0
400094,0,0
400195,0,0
400295,0,0
400395,0,0
400495,0,0
400595,0,0
400695,0,0
400795,0,0
400895,0,0
400995,0,0
401095,0,0
401195,0,0
401295,0,0
401395,0,0
401495,0,0
401595,0,0
401695,0,0
401795,0,0
401895,0,0
401995,0,0
402095,0,0
402195,0,0
402295,0,0
402395,0,0
402495,0,0
402595,0,0
402695,0,0
402795,0,0
402895,0,0
402995,0,0
403095,0,0
403195,0,0
403295,0,0
403395,0,0
403495,0,0
403595,0,0
403695,0,0
403795,0,0
403895,0,0
403995,0,0
404095,0,0
404195,0,0
404295,0,0
404395,0,0
404495,0,0
404595,0,0
404695,0,0
404795,0,0
404895,0,0
404995,0,0
405095,0,0
405195,0,0
405295,0,0
405395,0,0
405495,0,0
405595,0,0
405695,0,0
405795,0,0
405895,0,0
405995,0,0
406095,0,0
406195,0,0
406295,0,0
406395,0,0
406495,0,0
406595,0,0
406695,0,0
406795,0,0
406895,0,0
406995,0,0
407095,0,0
407195,0,0
407295,0,0
407395,0,0
407495,0,0
407595,0,0
407695,0,0
407795,0,0
407895,0,0
407995,0,0
408095,0,0
408195,0,0
408295,0,0
408395,0,0
408495,0,0
408595,0,0
408695,0,0
408795,0,0
408895,0,0
408995,0,0
409095,0,0
409195,0,0
409295,0,0
409395,0,0
409495,0,0
409595,0,0
409695,0,0
409795,0,0
409895,0,0
409995,0,0
410095,0,0
410195,0,0
410295,0,0
410395,0,0
410495,0,0
410595,0,0
410695,0,0
410795,0,0
410895,0,0
410995,0,0
411095,0,0
411195,0,0
411295,0,0
411395,0,0
411495,0,0
411595,0,0
411695,0,0
411795,0,0
411895,0,0
411995,0,0
412095,0,0
412195,0,0
412295,0,0
412395,0,0
412495,0,0
412595,0,0
412695,0,0
412795,0,0
412895,0,0
412995,0,0
413095,0,0
413195,0,0
413295,0,0
413395,0,0
413495,0,0
413595,0,0
413695,0,0
413795,0,0
413895,0,0
413995,0,0
414095,0,0
414195,0,0
414295,0,0
414395,0,0
414495,0,0
414595,0,0
414695,0,0
414795,0,0
414895,0,0
414995,0,0
415095,0,0
415195,0,0
415295,0,0
415395,0,0
415495,0,0
415595,0,0
415695,0,0
415795,0,0
415895,0,0
415995,0,0
416096,0,0
416174,0,0
416274,0,0
416374,0,0
416474,0,0
416574,0,0
416674,0,0
416774,0,0
416874,0,0
416974,0,0
417074,0,0
417174,0,0
417274,0,0
417374,0,0
417474,0,0
417574,0,0
417674,0,0
417774,0,0
417874,0,0
417974,0,0
418074,0,0
418174,0,0
418274,0,0
418374,0,0
418474,0,0
418574,0,0
418674,0,0
418774,0,0
418874,0,0
418974,0,0
419075,0,0
419175,0,0
419275,0,0
419375,0,0
419475,0,0
419575,0,0
419675,0,0
419775,0,0
419875,0,0
419975,0,0
420075,0,0
420175,0,0
420275,0,0
420375,0,0
420475,0,0
420575,0,0
420675,0,0
420775,0,0
420875,0,0
420975,0,0
421075,0,0
421175,0,0
421275,0,0
421375,0,0
421475,0,0
421575,0,0
421675,0,0
421775,0,0
421875,0,0
421976,0,0
422076,0,0
422176,0,0
422276,0,0
422376,0,0
422476,0,0
422576,0,0
422676,0,0
422776,0,0
422876,0,0
422976,0,0
423076,0,0
423176,0,0
423276,0,0
423376,0,0
423476,0,0
423576,0,0
423676,0,0
423776,0,0
423876,0,0
423976,0,0
424085,0,0
424180,0,0
424280,0,0
424380,0,0
424480,0,0
424580,0,0
424680,0,0
424780,0,0
424880,0,0
424980,0,0
425080,0,0
425180,0,0
425280,0,0
425380,0,0
425480,0,0
425580,0,0
425680,0,0
425780,0,0
425880,0,0
425980,0,0
426080,0,0
426180,0,0
426280,0,0
426380,0,0
426480,0,0
426580,0,0
426680,0,0
426780,0,0
426880,0,0
426980,0,0
427080,0,0
427180,0,0
427280,0,0
427380,0,0
427480,0,0
427580,0,0
427680,0,0
427780,0,0
427880,0,0
427980,0,0
428080,0,0
428167,0,0
428267,0,0
428367,0,0
428467,0,0
428567,0,0
428667,0,0
428767,0,0
428867,0,0
428967,0,0
429067,0,0
429167,0,0
429267,0,0
429367,0,0
429467,0,0
429567,0,0
429667,0,0
429767,0,0
429867,0,0
429967,0,0
430067,0,0
430167,0,0
430267,0,0
430367,0,0
430467,0,0
430567,0,0
430667,0,0
430767,0,0
430867,0,0
430967,0,0
431067,0,0
431167,0,0
431267,0,0
431367,0,0
431467,0,0
431567,0,0
431667,0,0
431767,0,0
431867,0,0
431967,0,0
432067,0,0
432176,0,0
432276,0,0
432376,0,0
432476,0,0
432576,0,0
432676,0,0
432776,0,0
432876,0,0
432976,0,0
433076,0,0
433176,0,0
433276,0,0
433376,0,0
433476,0,0
433576,0,0
433676,0,0
433776,0,0
433876,0,0
433976,0,0
434076,0,0
434176,0,0
434276,0,0
434376,0,0
434476,0,0
434576,0,0
434676,0,0
434776,0,0
434876,0,0
434976,0,0
435076,0,0
435176,0,0
435276,0,0
435376,0,0
435476,0,0
435576,0,0
435676,0,0
435776,0,0
435876,0,0
435976,0,0
436076,0,0
436183,0,0
436283,0,0
436383,0,0
436483,0,0
436583,0,0
436683,0,0
436783,0,0
436883,0,0
436983,0,0
437083,0,0
437183,0,0
437283,0,0
437383,0,0
437483,0,0
437583,0,0
437683,0,0
437783,0,0
437883,0,0
437983,0,0
438083,0,0
438183,0,0
438283,0,0
438383,0,0
438483,0,0
438583,0,0
438683,0,0
438783,0,0
438883,0,0
438983,0,0
439083,0,0
439183,0,0
439283,0,0
439383,0,0
439483,0,0
439583,0,0
439683,0,0
439783,0,0
439883,0,0
439983,0,0
440083,0,0
440181,0,0
440281,0,0
440381,0,0
440481,0,0
440581,0,0
440681,0,0
440781,0,0
440881,0,0
440981,0,0
441081,0,0
441181,0,0
441281,0,0
441381,0,0
441481,0,0
441581,0,0
441681,0,0
441781,0,0
441881,0,0
441981,0,0
442081,0,0
442181,0,0
442281,0,0
442381,0,0
442481,0,0
442581,0,0
442681,0,0
442781,0,0
442881,0,0
442981,0,0
443081,0,0
443181,0,0
443281,0,0
443381,0,0
443481,0,0
443581,0,0
443681,0,0
443781,0,0
443881,0,0
443981,0,0
444081,0,0
444181,0,0
444281,0,0
444379,0,0
444479,0,0
444579,0,0
444679,0,0
444779,0,0
444879,0,0
444979,0,0
445079,0,0
445179,0,0
445279,0,0
445379,0,0
445479,0,0
445579,0,0
445679,0,0
445779,0,0
445879,0,0
445979,0,0
446079,0,0
446179,0,0
446279,0,0
446379,0,0
446479,0,0
446579,0,0
446679,0,0
446779,0,0
446879,0,0
446979,0,0
447079,0,0
447179,0,0
447279,0,0
447379,0,0
447479,0,0
447579,0,0
447679,0,0
447779,0,0
447879,0,0
447979,0,0
448079,0,0
448179,0,0
448279,0,0
448377,0,0
448477,0,0
448577,0,0
448677,0,0
448777,0,0
448877,0,0
448977,0,0
449077,0,0
449177,0,0
449277,0,0
449377,0,0
449477,0,0
449577,0,0
449677,0,0
449777,0,0
449877,0,0
449977,0,0
450077,0,0
450177,0,0
450277,0,0
450377,0,0
450477,0,0
450577,0,0
450677,0,0
450777,0,0
450877,0,0
450977,0,0
451077,0,0
451177,0,0
451277,0,0
451377,0,0
451477,0,0
451577,0,0
451677,0,0
451777,0,0
451877,0,0
451977,0,0
452077,0,0
452177,0,0
452277,0,0
452374,0,0
452474,0,0
452574,0,0
452674,0,0
452774,0,0
452874,0,0
452974,0,0
453074,0,0
453174,0,0
453274,0,0
453374,0,0
453474,0,0
453574,0,0
453674,0,0
453774,0,0
453874,0,0
453974,0,0
454074,0,0
454174,0,0
454274,0,0
454374,0,0
454474,0,0
454574,0,0
454674,0,0
454774,0,0
454874,0,0
454974,0,0
455074,0,0
455174,0,0
455274,0,0
455374,0,0
455474,0,0
455574,0,0
455674,0,0
455774,0,0
455874,0,0
455974,0,0
456074,0,0
456174,0,0
456274,0,0
456374,0,0
456474,0,0
456574,0,0
456674,0,0
456774,0,0
456874,0,0
456974,0,0
457074,0,0
457174,0,0
457274,0,0
457374,0,0
457474,0,0
457574,0,0
457674,0,0
457774,0,0
457874,0,0
457974,0,0
458074,0,0
458174,0,0
458274,0,0
458374,0,0
458474,0,0
458574,0,0
458674,0,0
458774,0,0
458874,0,0
458974,0,0
459074,0,0
459174,0,0
459274,0,0
459374,0,0
459474,0,0
459574,0,0
459674,0,0
459774,0,0
459874,0,0
459974,0,0
460074,0,0
460174,0,0
460274,0,0
460374,0,0
460474,0,0
460574,0,0
460674,0,0
460774,0,0
460874,0,0
460974,0,0
461074,0,0
461174,0,0
461274,0,0
461374,0,0
461474,0,0
461574,0,0
461674,0,0
461774,0,0
461874,0,0
461974,0,0
462074,0,0
462174,0,0
462274,0,0
462374,0,0
462474,0,0
462574,0,0
462674,0,0
462774,0,0
462874,0,0
462974,0,0
463074,0,0
463174,0,0
463274,0,0
463374,0,0
463474,0,0
463574,0,0
463674,0,0
463774,0,0
463874,0,0
463974,0,0
464074,0,0
464174,0,0
464274,0,0
464374,0,0
464474,0,0
464574,0,0
464674,0,0
464774,0,0
464874,0,0
464974,0,0
465074,0,0
465174,0,0
465274,0,0
465374,0,0
465474,0,0
465574,0,0
465674,0,0
465774,0,0
465874,0,0
465974,0,0
466074,0,0
466174,0,0
466274,0,0
466374,0,0
466474,0,0
466574,0,0
466674,0,0
466774,0,0
466874,0,0
466974,0,0
467074,0,0
467174,0,0
467274,0,0
467374,0,0
467474,0,0
467574,0,0
467674,0,0
467774,0,0
467874,0,0
467974,0,0
468074,0,0
468174,0,0
468274,0,0
468374,0,0
468474,0,0
468574,0,0
468674,0,0
468774,0,0
468874,0,0
468974,0,0
469074,0,0
469174,0,0
469274,0,0
469374,0,0
469474,0,0
469574,0,0
469674,0,0
469774,0,0
469874,0,0
469974,0,0
470074,0,0
470174,0,0
470274,0,0
470374,0,0
470474,0,0
470574,0,0
470674,0,0
470774,0,0
470874,0,0
470974,0,0
471074,0,0
471174,0,0
471274,0,0
471374,0,0
471474,0,0
471574,0,0
471674,0,0
471774,0,0
471874,0,0
471974,0,0
472074,0,0
472174,1,1
472274,1,1
472374,1,1
472474,1,1
472574,1,1
472674,1,1
472774,1,1
472874,1,1
472974,1,1
473074,1,1
473174,1,1
473274,1,1
473374,1,1
473474,1,1
473574,1,1
473674,1,1
473774,1,1
473874,1,1
473974,1,1
474074,1,1
474174,1,1
474274,1,1
474374,1,1
474474,1,1
474574,1,1
474674,1,1
474761,1,1
474861,1,1
474961,1,1
475061,1,1
475161,1,1
475261,1,1
475361,1,1
475461,1,1
475561,1,1
475661,1,1
475761,1,1
475861,1,1
475961,1,1
476061,1,1
476161,1,1
476261,1,1
476361,1,1
476461,1,1
476561,1,1
476661,1,1
476761,1,1
476861,1,1
476961,1,1
477061,1,1
477161,1,1
477261,1,1
477361,1,1
477461,1,1
477561,1,1
477661,1,1
477761,1,1
477861,1,1
477961,1,1
478061,1,1
478161,1,1
478261,1,1
478361,1,1
478461,1,1
478561,1,1
478661,1,1
478759,1,1
478859,1,1
478959,1,1
479059,1,1
479159,1,1
479259,1,1
479359,1,1
479459,1,1
479559,1,1
479659,1,1
479759,1,1
479859,1,1
479959,1,1
480059,1,1
480159,1,1
480259,1,1
480359,1,1
480459,1,1
480559,1,1
480659,1,1
480759,1,1
480859,1,1
480959,1,1
481059,1,1
481159,1,1
481259,1,1
481359,1,1
481459,1,1
481559,1,1
481659,1,1
481759,1,1
481859,1,1
481959,1,1
482059,1,1
482159,1,1
482259,1,1
482359,1,1
482459,1,1
482559,1,1
482659,1,1
482756,1,1
482856,1,1
482956,1,1
483056,1,1
483156,1,1
483256,1,1
483356,1,1
483456,1,1
483556,1,1
483656,1,1
483756,1,1
483856,1,1
483956,1,1
484056,1,1
484156,1,1
484256,1,1
484356,1,1
484456,1,1
484556,1,1
484656,1,1
484756,1,1
484856,1,1
484956,1,1
485056,1,1
485156,1,1
485256,1,1
485356,1,1
485456,1,1
485556,1,1
485656,1,1
485756,1,1
485856,1,1
485956,1,1
486056,1,1
486156,1,1
486256,1,1
486356,1,1
486456,1,1
486556,1,1
486656,1,1
486754,1,1
486854,1,1
486954,1,1
487054,1,1
487154,1,1
487254,1,1
487354,1,1
487454,1,1
487554,1,1
487654,1,1
487754,1,1
487854,1,1
487954,1,1
488054,1,1
488166,1,1
488266,1,1
488366,1,1
488466,1,1
488566,1,1
488666,1,1
488766,1,1
488866,1,1
488966,1,1
489066,1,1
489166,1,1
489266,1,1
489366,1,1
489466,1,1
489566,1,1
489666,1,1
489766,1,1
489866,1,1
489966,1,1
490066,1,1
490166,1,1
490266,1,1
490366,1,1
490466,1,1
490566,1,1
490666,1,1
490763,1,1
490863,1,1
490963,1,1
491063,1,1
491163,1,1
491263,1,1
491363,1,1
491463,1,1
491563,1,1
491663,1,1
491763,1,1
491863,1,1
491963,1,1
492063,1,1
492163,1,1
492263,1,1
492363,1,1
492463,1,1
492563,1,1
492663,1,1
492763,1,1
492863,1,1
492963,1,1
493063,1,1
493163,1,1
493263,1,1
493363,1,1
493463,1,1
493563,1,1
493663,1,1
493763,1,1
493863,1,1
493963,1,1
494063,1,1
494163,1,1
494263,1,1
494363,1,1
494463,1,1
494563,1,1
494663,1,1
494762,1,1
494862,1,1
494962,1,1
495062,1,1
495162,1,1
495262,1,1
495362,1,1
495462,1,1
495562,1,1
495662,1,1
495762,1,1
495862,1,1
495962,1,1
496062,1,1
496162,1,1
496262,1,1
496362,1,1
496462,1,1
496562,1,1
496662,1,1
496762,1,1
496862,1,1
496962,1,1
497062,1,1
497162,1,1
497262,1,1
497362,1,1
497462,1,1
497562,1,1
497662,1,1
497762,1,1
497862,1,1
497962,1,1
498062,1,1
498162,1,1
498262,1,1
498362,1,1
498462,1,1
498562,1,1
498662,1,1
498759,1,1
498859,1,1
498959,1,1
499059,1,1
499159,1,1
499259,1,1
499359,1,1
499459,1,1
499559,1,1
499659,1,1
499759,1,1
499859,1,1
499959,1,1
500059,1,1
500159,1,1
500259,1,1
500359,1,1
500459,1,1
500559,1,1
500659,1,1
500759,1,1
500859,1,1
500959,1,1
501059,1,1
501159,1,1
501259,1,1
501359,1,1
501459,1,1
501559,1,1
501659,1,1
501759,1,1
501859,1,1
501959,1,1
502059,1,1
502159,1,1
502259,1,1
502359,1,1
502459,1,1
502559,1,1
502659,1,1
502756,1,1
502856,1,1
502956,1,1
503056,1,1
503156,1,1
503256,1,1
503356,1,1
503456,1,1
503556,1,1
503656,1,1
503756,1,1
503856,1,1
503956,1,1
504056,1,1
504156,1,1
504256,1,1
504356,1,1
504456,1,1
504556,1,1
504656,1,1
504756,1,1
504856,1,1
504956,1,1
505056,1,1
505156,1,1
505256,1,1
505356,1,1
505456,1,1
505556,1,1
505656,1,1
505756,1,1
505856,1,1
505956,1,1
506056,1,1
506156,1,1
506256,1,1
506356,1,1
506456,1,1
506556,1,1
506656,1,1
506754,1,1
506854,1,1
506954,1,1
507054,1,1
507154,1,1
507254,1,1
507354,1,1
507454,1,1
507554,1,1
507654,1,1
507754,1,1
507854,1,1
507954,1,1
508054,1,1
508154,1,1
508254,1,1
508354,1,1
508454,1,1
508554,1,1
508654,1,1
508754,1,1
508854,1,1
508954,1,1
509054,1,1
509154,1,1
509254,1,1
509354,1,1
509454,1,1
509554,1,1
509654,1,1
509754,1,1
509854,1,1
509954,1,1
510054,1,1
510154,1,1
510254,1,1
510354,1,1
510454,1,1
510554,1,1
510654,1,1
510752,1,1
510852,1,1
510952,1,1
511052,1,1
511152,1,1
511252,1,1
511352,1,1
511452,1,1
511552,1,1
511652,1,1
511752,1,1
511852,1,1
511952,1,1
512052,1,1
512152,1,1
512252,1,1
512352,1,1
512452,1,1
512552,1,1
512652,1,1
512752,1,1
512852,1,1
512952,1,1
513052,1,1
513152,1,1
513252,1,1
513352,1,1
513452,1,1
513552,1,1
513652,1,1
513752,1,1
513852,1,1
513952,1,1
514052,1,1
514152,1,1
514252,1,1
514352,1,1
514452,1,1
514552,1,1
514652,1,1
514752,1,1
514852,1,1
514952,1,1
515052,1,1
515152,1,1
515252,1,1
515352,1,1
515452,1,1
515552,1,1
515652,1,1
515752,1,1
515852,1,1
515952,1,1
516052,1,1
516152,1,1
516252,1,1
516352,1,1
516452,1,1
516552,1,1
516652,1,1
516752,1,1
516852,1,1
516952,1,1
517052,1,1
517152,1,1
517252,1,1
517352,1,1
517452,1,1
517552,1,1
517652,1,1
517752,1,1
517852,1,1
517952,1,1
518052,1,1
518152,1,1
518252,1,1
518352,1,1
518452,1,1
518552,1,1
518652,1,1
518752,1,1
518852,1,1
518952,1,1
519052,1,1
519152,1,1
519252,1,1
519352,1,1
519452,1,1
519552,1,1
519652,1,1
519752,1,1
519852,1,1
519952,1,1
520052,1,1
520152,1,1
520252,1,1
520379,0,0
520479,0,0
520579,0,0
520679,0,0
520779,0,0
520879,0,0
520979,0,0
521079,0,0
521179,0,0
521279,0,0
521379,0,0
521479,0,0
521579,0,0
521679,0,0
521779,0,0
521879,0,0
521979,0,0
522079,0,0
522179,0,0
522279,0,0
522379,0,0
522479,0,0
522579,0,0
522679,0,0
522779,0,0
522880,0,0
522980,0,0
523080,0,0
523180,0,0
523280,0,0
523380,0,0
523480,0,0
523580,0,0
523680,0,0
523780,0,0
523880,0,0
523980,0,0
524080,0,0
524180,0,0
524280,0,0
524380,0,0
524480,0,0
524580,0,0
524680,0,0
524780,0,0
524880,0,0
524980,0,0
525080,0,0
525180,0,0
525280,0,0
525380,0,0
525480,0,0
525580,0,0
525680,0,0
525780,0,0
525880,0,0
525980,0,0
526080,0,0
526180,0,0
526280,0,0
526380,0,0
526480,0,0
526580,0,0
526680,0,0
526780,0,0
526880,0,0
526980,0,0
527080,0,0
527180,0,0
527280,0,0
527380,0,0
527480,0,0
527580,0,0
527680,0,0
527780,0,0
527880,0,0
527980,0,0
528080,0,0
528180,0,0
528280,0,0
528380,0,0
528480,0,0
528580,0,0
528680,0,0
528780,0,0
528880,0,0
528980,0,0
529080,0,0
529180,0,0
529280,0,0
529380,0,0
529480,0,0
529580,0,0
529680,0,0
529780,0,0
529880,0,0
529980,0,0
530080,0,0
530180,0,0
530280,0,0
530380,0,0
530480,0,0
530580,0,0
530680,0,0
530780,0,0
530880,0,0
530980,0,0
531080,0,0
531180,0,0
531280,0,0
531380,0,0
531480,0,0
531580,0,0
531680,0,0
531780,0,0
531880,0,0
531980,0,0
532080,0,0
532180,0,0
532280,0,0
532380,0,0
532480,0,0
532580,0,0
532680,0,0
532780,0,0
532880,0,0
532980,0,0
533080,0,0
533180,0,0
533280,0,0
533379,0,0
533479,0,0
533579,0,0
533679,0,0
533779,0,0
533879,0,0
533979,0,0
534079,0,0
534179,0,0
534279,0,0
534379,0,0
534479,0,0
534579,0,0
534679,0,0
534779,0,0
534879,0,0
534979,0,0
535079,0,0
535179,0,0
535279,0,0
535379,0,0
535479,0,0
535579,0,0
535679,0,0
535779,0,0
535879,0,0
535979,0,0
536079,0,0
536179,0,0
536279,0,0
536379,0,0
536479,0,0
536579,0,0
536679,0,0
536779,0,0
536879,0,0
536979,0,0
537079,0,0
537179,0,0
537279,0,0
537385,0,0
537485,0,0
537585,0,0
537685,0,0
537785,0,0
537885,0,0
537985,0,0
538085,0,0
538185,0,0
538285,0,0
538385,0,0
538485,0,0
538585,0,0
538685,0,0
538785,0,0
538885,0,0
538985,0,0
539085,0,0
539185,0,0
539285,0,0
539385,0,0
539485,0,0
539585,0,0
539685,0,0
539785,0,0
539885,0,0
539985,0,0
540085,0,0
540185,0,0
540285,0,0
540385,0,0
540486,0,0
540586,0,0
540686,0,0
540786,0,0
540886,0,0
540986,0,0
541086,0,0
541186,0,0
541286,0,0
541383,0,0
541483,0,0
541583,0,0
541683,0,0
541783,0,0
541883,0,0
541983,0,0
542083,0,0
542183,0,0
542283,0,0
542383,0,0
542483,0,0
542583,0,0
542683,0,0
542783,0,0
542883,0,0
542983,0,0
543083,0,0
543183,0,0
543283,0,0
543384,0,0
543484,0,0
543584,0,0
543684,0,0
543784,0,0
543884,0,0
543984,0,0
544084,0,0
544184,0,0
544284,0,0
544384,0,0
544484,0,0
544584,0,0
544684,0,0
544784,0,0
544884,0,0
544984,0,0
545084,0,0
545184,0,0
545284,0,0
545383,0,0
545483,0,0
545583,0,0
545683,0,0
545783,0,0
545883,0,0
545983,0,0
546083,0,0
546183,0,0
546284,0,0
546384,0,0
546484,0,0
546584,0,0
546684,0,0
546784,0,0
546884,0,0
546984,0,0
547084,0,0
547184,0,0
547284,0,0
547384,0,0
547484,0,0
547584,0,0
547684,0,0
547784,0,0
547884,0,0
547984,0,0
548084,0,0
548184,0,0
548284,0,0
548384,0,0
548484,0,0
548584,0,0
548684,0,0
548784,0,0
548884,0,0
548984,0,0
549084,0,0
549184,0,0
549284,0,0
549382,0,0
549482,0,0
549582,0,0
549682,0,0
549782,0,0
549882,0,0
549982,0,0
550082,0,0
550182,0,0
550282,0,0
550382,0,0
550482,0,0
550582,0,0
550682,0,0
550782,0,0
550882,0,0
550982,0,0
551082,0,0
551182,0,0
551282,0,0
551382,0,0
551482,0,0
551582,0,0
551682,0,0
551782,0,0
551882,0,0
551982,0,0
552082,0,0
552182,0,0
552282,0,0
552382,0,0
552482,0,0
552582,0,0
552682,0,0
552782,0,0
552882,0,0
552982,0,0
553082,0,0
553182,0,0
553282,0,0
553379,0,0
553479,0,0
553579,0,0
553679,0,0
553779,0,0
553879,0,0
553979,0,0
554079,0,0
554179,0,0
554279,0,0
554379,0,0
554479,0,0
554579,0,0
554679,0,0
554779,0,0
554879,0,0
554979,0,0
555079,0,0
555179,0,0
555279,0,0
555379,0,0
555479,0,0
555579,0,0
555679,0,0
555779,0,0
555879,0,0
555979,0,0
556079,0,0
556179,0,0
556279,0,0
556379,0,0
556479,0,0
556579,0,0
556679,0,0
556779,0,0
556879,0,0
556979,0,0
557079,0,0
557179,0,0
557279,0,0
557376,0,0
557476,0,0
557576,0,0
557676,0,0
557776,0,0
557876,0,0
557976,0,0
558076,0,0
558176,0,0
558276,0,0
558376,0,0
558476,0,0
558576,0,0
558676,0,0
558776,0,0
558876,0,0
558976,0,0
559076,0,0
559176,0,0
559276,0,0
559376,0,0
559476,0,0
559576,0,0
559676,0,0
559776,0,0
559876,0,0
559976,0,0
560076,0,0
560176,0,0
560276,0,0
560376,0,0
560476,0,0
560576,0,0
560676,0,0
560776,0,0
560876,0,0
560976,0,0
561076,0,0
561176,0,0
561276,0,0
561374,0,0
561474,0,0
561574,0,0
561674,0,0
561774,0,0
561874,0,0
561974,0,0
562074,0,0
562174,0,0
562274,0,0
562374,0,0
562474,0,0
562574,0,0
562674,0,0
562774,0,0
562874,0,0
562974,0,0
563074,0,0
563174,0,0
563274,0,0
563374,0,0
563474,0,0
563574,0,0
563674,0,0
563774,0,0
563874,0,0
563974,0,0
564074,0,0
564174,0,0
564274,0,0
564374,0,0
564474,0,0
564574,0,0
564674,0,0
564774,0,0
564874,0,0
564974,0,0
565074,0,0
565174,0,0
565274,0,0
565372,0,0
565472,0,0
565572,0,0
565672,0,0
565772,0,0
565872,0,0
565972,0,0
566072,0,0
566172,0,0
566272,0,0
566372,0,0
566472,0,0
566572,0,0
566672,0,0
566772,0,0
566872,0,0
566972,0,0
567072,0,0
567172,0,0
567272,0,0
567372,0,0
567472,0,0
567572,0,0
567672,0,0
567772,0,0
567872,0,0
567972,0,0
568201,0,0
568301,0,0
568401,0,0
568502,0,0
568602,0,0
568702,0,0
568802,0,0
568902,0,0
569002,0,0
569102,0,0
569202,0,0
569302,0,0
569399,0,0
569499,0,0
569599,0,0
569699,0,0
569799,0,0
569899,0,0
569999,0,0
570099,0,0
570199,0,0
570299,0,0
570399,0,0
570499,0,0
570599,0,0
570699,0,0
570799,0,0
570899,0,0
570999,0,0
571099,0,0
571199,0,0
571299,0,0
571400,0,0
571500,0,0
571600,0,0
571700,0,0
571800,0,0
571900,0,0
572000,0,0
572100,0,0
572200,0,0
572300,0,0
572400,0,0
572500,0,0
572600,0,0
572700,0,0
572800,0,0
572900,0,0
573000,0,0
573100,0,0
573200,0,0
573300,0,0
573399,0,0
573499,0,0
573599,0,0
573699,0,0
573799,0,0
573899,0,0
573999,0,0
574099,0,0
574199,0,0
574300,0,0
574400,0,0
574500,0,0
574600,0,0
574700,0,0
574800,0,0
574900,0,0
575000,0,0
575100,0,0
575200,0,0
575300,0,0
575400,0,0
575500,0,0
575600,0,0
575700,0,0
575800,0,0
575900,0,0
576000,0,0
576100,0,0
576200,0,0
576300,0,0
576400,0,0
576500,0,0
576600,0,0
576700,0,0
576800,0,0
576900,0,0
577000,0,0
577100,0,0
577200,0,0
577300,0,0
577400,0,0
577500,0,0
577600,0,0
577700,0,0
577800,0,0
577900,0,0
578000,0,0
578100,0,0
578200,0,0
578300,0,0
578400,0,0
578500,0,0
578600,0,0
578700,0,0
578800,0,0
578900,0,0
579000,0,0
579100,0,0
579200,0,0
579300,0,0
579400,0,0
579500,0,0
579600,0,0
579700,0,0
579800,0,0
579900,0,0
580000,0,0
580100,0,0
580200,0,0
580300,0,0
580400,0,0
580500,0,0
580600,0,0
580700,0,0
580800,0,0
580900,0,0
581000,0,0
581100,0,0
581200,0,0
581300,0,0
581400,0,0
581500,0,0
581600,0,0
581700,0,0
581800,0,0
581900,0,0
582000,0,0
582100,0,0
582200,0,0
582300,0,0
582400,0,0
582500,0,0
582600,0,0
582700,0,0
582800,0,0
582900,0,0
583000,0,0
583100,0,0
583200,0,0
583300,0,0
583400,0,0
583500,0,0
583600,0,0
583700,0,0
583800,0,0
583900,0,0
584000,0,0
584100,0,0
584200,0,0
584300,0,0
584400,0,0
584500,0,0
584600,0,0
584700,0,0
584800,0,0
584900,0,0
585000,0,0
585100,0,0
585200,0,0
585300,0,0
585400,0,0
585500,0,0
585600,0,0
585700,0,0
585800,0,0
585900,0,0
586000,0,0
586100,0,0
586200,0,0
586300,0,0
586400,0,0
586500,0,0
586600,0,0
586700,0,0
586800,0,0
586900,0,0
587000,0,0
587100,0,0
587200,0,0
587300,0,0
587400,0,0
587500,0,0
587600,0,0
587700,0,0
587800,0,0
587900,0,0
588000,0,0
588100,0,0
588200,0,0
588300,0,0
588400,0,0
588500,0,0
588600,0,0
588700,0,0
588800,0,0
588900,0,0
589000,0,0
589100,0,0
589200,0,0
589300,0,0
589400,0,0
589500,0,0
589600,0,0
589700,0,0
589800,0,0
589900,0,0
590000,0,0
590100,0,0
590200,0,0
590300,0,0
590400,0,0
590500,0,0
590600,0,0
590700,0,0
590800,0,0
590900,0,0
591000,0,0
591100,0,0
591200,0,0
591300,0,0
591400,0,0
591500,0,0
591600,0,0
591700,0,0
591800,0,0
591900,0,0
592000,0,0
592100,0,0
592200,0,0
592300,0,0
592400,0,0
592500,0,0
592600,0,0
592700,0,0
592800,0,0
592900,0,0
593000,0,0
593100,0,0
593200,0,0
593300,0,0
593400,0,0
593500,0,0
593600,0,0
593700,0,0
593800,0,0
593900,0,0
594000,0,0
594100,0,0
594200,0,0
594300,0,0
594400,0,0
594500,0,0
594600,0,0
594700,0,0
594800,0,0
594900,0,0
595000,0,0
595100,0,0
595200,0,0
595300,0,0
595400,0,0
595500,0,0
595600,0,0
595700,0,0
595800,0,0
595900,0,0
596000,0,0
596100,0,0
596200,0,0
596300,0,0
596400,0,0
596500,0,0
596600,0,0
596700,0,0
596800,0,0
596900,0,0
597000,0,0
597100,0,0
597200,0,0
597300,0,0
597400,0,0
597500,0,0
597600,0,0
597700,0,0
597800,0,0
597900,0,0
598000,0,0
598100,0,0
598200,0,0
598300,0,0
598400,0,0
598500,0,0
598600,0,0
598700,0,0
598800,0,0
598900,0,0
599000,0,0
599100,0,0
599200,0,0
599300,0,0
599400,0,0
599500,0,0
599600,0,0
599700,0,0
599800,0,0
599900,0,0
600000,0,0
600100,0,0
600200,0,0
600300,0,0
600400,0,0
600500,0,0
600600,0,0
600700,0,0
600800,0,0
600900,0,0
601000,0,0
601100,0,0
601200,0,0
601300,0,0
601400,0,0
601500,0,0
601600,0,0
601700,0,0
601800,0,0
601900,0,0
602000,0,0
602100,0,0
602200,0,0
602300,0,0
602400,0,0
602500,0,0
602600,0,0
602700,0,0
602800,0,0
602900,0,0
603000,0,0
603100,0,0
603200,0,0
603300,0,0
603400,0,0
603500,0,0
603600,0,0
603700,0,0
603800,0,0
603900,0,0
604000,0,0
604100,0,0
604200,0,0
604300,0,0
604400,0,0
604500,0,0
604600,0,0
604700,0,0
604800,0,0
604900,0,0
605000,0,0
605100,0,0
605200,0,0
605300,0,0
605400,0,0
605500,0,0
605600,0,0
605700,0,0
605800,0,0
605900,0,0
606000,0,0
606100,0,0
606200,0,0
606300,0,0
606400,0,0
606500,0,0
606600,0,0
606700,0,0
606800,0,0
606900,0,0
607000,0,0
607100,0,0
607200,0,0
607300,0,0
607400,0,0
607500,0,0
607600,0,0
607700,0,0
607800,0,0
607900,0,0
608000,0,0
