p:4000,20000,6000,600,8000,4000,2000,8000,70
15081,0,0
15181,0,0
15281,0,0
15381,0,0
15481,0,0
15581,0,0
15681,0,0
15781,0,0
15881,0,0
15981,0,0
16081,0,0
16200,0,0
16300,1,1
16400,1,1
16500,1,1
16600,1,1
16700,1,1
16800,1,1
16900,1,1
17000,1,1
17100,1,1
17200,1,1
17300,1,1
17401,1,1
17501,1,1
17601,1,1
17701,1,1
17801,1,1
17901,1,1
18001,1,1
18101,1,1
18201,1,1
18301,1,1
18401,1,1
18501,1,1
18601,1,1
18701,1,1
18801,1,1
18901,1,1
19001,1,1
19102,1,1
19202,1,1
19302,1,1
19402,1,1
19502,1,1
19602,1,1
19702,1,1
19802,1,1
19902,1,1
20002,1,1
20102,1,1
20202,1,1
20302,1,1
20402,1,1
20502,1,1
20602,1,1
20702,1,1
20802,1,1
20902,1,1
21002,1,1
21102,1,1
21202,1,1
21302,1,1
21402,1,1
21502,1,1
21602,1,1
21702,1,1
21802,1,1
21902,1,1
22002,1,1
22102,1,1
22202,1,1
22302,1,1
22402,1,1
22502,1,1
22602,1,1
22702,1,1
22802,1,1
22902,1,1
23002,1,1
23101,1,1
23201,1,1
23301,1,1
23401,1,1
23501,1,1
23601,1,1
23701,1,1
23801,1,1
23901,1,1
24001,1,1
24101,1,1
24201,1,1
24301,1,1
24401,1,1
24501,1,1
24601,1,1
24701,1,1
24801,1,1
24901,1,1
25001,1,1
25101,1,1
25201,1,1
25301,1,1
25401,1,1
25501,1,1
25601,1,1
25701,1,1
25801,1,1
25901,1,1
26001,1,1
26101,1,1
26201,1,1
26301,1,1
26401,1,1
26501,1,1
26601,1,1
26701,1,1
26801,1,1
26901,1,1
27001,1,1
27101,1,1
27201,1,1
27301,1,1
27401,1,1
27501,1,1
27601,1,1
27701,1,1
27801,1,1
27901,1,1
28001,1,1
28101,1,1
28201,1,1
28301,1,1
28401,1,1
28501,1,1
28601,1,1
28701,1,1
28801,1,1
28901,1,1
29001,1,1
29101,1,1
29201,1,1
29301,1,1
29401,1,1
29501,1,1
29601,1,1
29701,1,1
29801,1,1
29901,1,1
30001,1,1
30101,1,1
30201,1,1
30301,1,1
30401,1,1
30501,1,1
30601,1,1
30701,1,1
30801,1,1
30901,1,1
31001,1,1
31101,1,1
31201,1,1
31301,1,1
31401,1,1
31501,1,1
31601,1,1
31701,1,1
31801,1,1
31901,1,1
32001,1,1
32101,1,1
32201,1,1
32301,1,1
32401,1,1
32501,1,1
32601,1,1
32701,1,1
32801,1,1
32901,1,1
33001,1,1
33101,1,1
33201,1,1
33301,1,1
33401,1,1
33501,1,1
33601,1,1
33701,1,1
33801,1,1
33901,1,1
34001,1,1
34101,1,1
34201,1,1
34301,1,1
34401,1,1
34501,1,1
34601,1,1
34701,1,1
34801,1,1
34901,1,1
35001,1,1
35100,1,1
35200,1,1
35300,1,1
35400,1,1
35500,1,1
35600,1,1
35700,1,1
35800,1,1
35900,1,1
36000,1,1
36100,1,1
36200,1,1
36300,1,1
36400,1,1
36500,1,1
36600,1,1
36700,1,1
36800,1,1
36900,1,1
37000,1,1
37100,1,1
37200,1,1
37300,1,1
37400,1,1
37500,1,1
37600,1,1
37700,1,1
37800,1,1
37900,1,1
38000,1,1
38100,1,1
38200,1,1
38300,1,1
38400,1,1
38500,1,1
38600,1,1
38700,1,1
38800,1,1
38900,1,1
39000,1,1
39101,1,1
39201,1,1
39301,1,1
39401,1,1
39501,1,1
39601,1,1
39701,1,1
39801,1,1
39901,1,1
40001,1,1
40101,1,1
40201,1,1
40301,1,1
40401,1,1
40501,1,1
40601,1,1
40701,1,1
40801,1,1
40901,1,1
41001,1,1
41101,1,1
41201,1,1
41301,1,1
41401,1,1
41501,1,1
41601,1,1
41701,1,1
41801,1,1
41901,1,1
42001,1,1
42101,1,1
42201,1,1
42301,1,1
42401,1,1
42501,1,1
42601,1,1
42701,1,1
42801,1,1
42901,1,1
43001,1,1
43100,1,1
43200,1,1
43300,1,1
43400,1,1
43500,1,1
43600,1,1
43700,1,1
43800,1,1
43900,1,1
44000,1,1
44100,1,1
44200,1,1
44300,1,1
44400,1,1
44500,1,1
44600,1,1
44700,1,1
44800,1,1
44900,1,1
45000,1,1
45100,1,1
45200,1,1
45300,1,1
45400,1,1
45500,1,1
45600,1,1
45700,1,1
45800,1,1
45900,1,1
46000,1,1
46100,1,1
46200,1,1
46300,1,1
46400,1,1
46500,1,1
46600,1,1
46700,1,1
46800,1,1
46900,1,1
47000,1,1
47101,1,1
47201,1,1
47301,1,1
47401,1,1
47501,1,1
47601,1,1
47701,1,1
47801,1,1
47901,1,1
48001,1,1
48101,1,1
48201,1,1
48301,1,1
48401,1,1
48501,1,1
48601,1,1
48701,1,1
48801,1,1
48901,1,1
49001,1,1
49101,1,1
49201,1,1
49301,1,1
49401,1,1
49501,1,1
49601,1,1
49701,1,1
49801,1,1
49901,1,1
50001,1,1
50101,1,1
50201,1,1
50301,1,1
50401,1,1
50501,1,1
50601,1,1
50701,1,1
50801,1,1
50901,1,1
51001,1,1
51101,1,1
51201,1,1
51301,1,1
51401,1,1
51501,1,1
51601,1,1
51701,1,1
51801,1,1
51901,1,1
52001,1,1
52101,1,1
52205,1,1
52305,1,1
52405,1,1
52505,1,1
52605,1,1
52705,1,1
52805,1,1
52905,1,1
53005,1,1
53105,1,1
53205,1,1
53305,1,1
53405,1,1
53505,1,1
53605,1,1
53705,1,1
53805,1,1
53905,1,1
54005,1,1
54105,1,1
54205,1,1
54305,1,1
54405,1,1
54505,1,1
54605,1,1
54705,1,1
54805,1,1
54905,1,1
55005,1,1
55105,1,1
55205,1,1
55305,1,1
55405,1,1
55505,1,1
55605,1,1
55705,1,1
55805,1,1
55905,1,1
56005,1,1
56105,1,1
56205,1,1
56305,1,1
56405,1,1
56505,1,1
56605,1,1
56705,1,1
56805,1,1
56905,1,1
57005,1,1
57105,1,1
57205,1,1
57305,1,1
57405,1,1
57505,1,1
57605,1,1
57705,1,1
57805,1,1
57905,1,1
58005,1,1
58105,1,1
58205,1,1
58305,1,1
58405,1,1
58505,1,1
58605,1,1
58705,1,1
58805,1,1
58905,1,1
59005,1,1
59105,1,1
59205,1,1
59305,1,1
59405,1,1
59505,1,1
59605,1,1
59705,1,1
59805,1,1
59905,1,1
60005,1,1
60105,1,1
60205,1,1
60305,0,0
60405,0,0
60505,0,0
60605,0,0
60705,0,0
60805,0,0
60905,0,0
61005,0,0
61105,0,0
61205,0,0
61305,0,0
61405,0,0
61505,0,0
61605,0,0
61705,0,0
61805,0,0
61905,0,0
62005,0,0
62105,0,0
62205,0,0
62305,0,0
62405,0,0
62505,0,0
62605,0,0
62705,0,0
62805,0,0
62905,0,0
63005,0,0
63105,0,0
63205,0,0
63305,0,0
63405,0,0
63505,0,0
63605,0,0
63705,0,0
63805,0,0
63905,0,0
64005,0,0
64105,0,0
64205,0,0
64305,0,0
64405,0,0
64505,0,0
64605,0,0
64705,0,0
64805,0,0
64905,0,0
65005,0,0
65105,0,0
65205,0,0
65305,0,0
65405,0,0
65505,0,0
65605,0,0
65705,0,0
65805,0,0
65905,0,0
66005,0,0
66105,0,0
66205,0,0
66305,0,0
66405,0,0
66505,0,0
66605,0,0
66705,0,0
66805,0,0
66905,0,0
67005,0,0
67105,0,0
67205,0,0
67305,0,0
67405,0,0
67505,0,0
67605,0,0
67705,0,0
67805,0,0
67905,0,0
68005,0,0
68105,0,0
68205,0,0
68305,0,0
68405,0,0
68505,0,0
68605,0,0
68705,0,0
68805,0,0
68905,0,0
69005,0,0
69105,0,0
69205,0,0
69305,0,0
69405,0,0
69505,0,0
69605,0,0
69705,0,0
69805,0,0
69905,0,0
70005,0,0
70105,0,0
70205,0,0
70305,0,0
70405,0,0
70505,0,0
70605,0,0
70705,0,0
70805,0,0
70905,0,0
71005,0,0
71105,0,0
71205,0,0
71305,0,0
71405,0,0
71505,0,0
71605,0,0
71705,0,0
71805,0,0
71905,0,0
72005,0,0
72105,0,0
72205,0,0
72305,0,0
72405,0,0
72505,0,0
72605,0,0
72705,0,0
72805,0,0
72905,0,0
73005,0,0
73105,0,0
73205,0,0
73305,0,0
73405,0,0
73505,0,0
73604,0,0
73704,1,1
73804,1,1
73904,1,1
74004,1,1
74104,1,1
74204,1,1
74304,1,1
74404,1,1
74504,1,1
74604,1,1
74704,1,1
74804,1,1
74904,1,1
75004,1,1
75104,1,1
75204,1,1
75304,1,1
75404,1,1
75504,1,1
75604,1,1
75704,1,1
75804,1,1
75904,1,1
76004,1,1
76104,1,1
76204,1,1
76304,1,1
76404,1,1
76504,1,1
76604,1,1
76704,1,1
76804,1,1
76904,1,1
77004,1,1
77104,1,1
77204,1,1
77304,1,1
77404,1,1
77504,1,1
77604,1,1
77704,1,1
77804,1,1
77904,1,1
78004,1,1
78104,1,1
78204,1,1
78304,1,1
78404,1,1
78504,1,1
78604,1,1
78704,1,1
78804,1,1
78904,1,1
79004,1,1
79104,1,1
79204,1,1
79304,1,1
79404,1,1
79504,1,1
79604,1,1
79704,1,1
79804,1,1
79904,1,1
80004,1,1
80104,1,1
80204,1,1
80304,1,1
80404,1,1
80504,1,1
80604,1,1
80704,1,1
80804,1,1
80904,1,1
81004,1,1
81104,1,1
81204,1,1
81304,1,1
81404,1,1
81504,1,1
81604,1,1
81704,1,1
81804,1,1
81904,1,1
82004,1,1
82104,1,1
82204,1,1
82304,1,1
82404,1,1
82504,1,1
82604,1,1
82704,1,1
82804,1,1
82904,1,1
83004,1,1
83104,1,1
83204,1,1
83304,1,1
83404,1,1
83504,1,1
83604,1,1
83704,1,1
83804,1,1
83904,1,1
84004,1,1
84104,1,1
84204,1,1
84304,1,1
84404,1,1
84504,1,1
84604,1,1
84704,1,1
84804,1,1
84904,1,1
85004,1,1
85104,1,1
85204,1,1
85304,1,1
85404,1,1
85504,1,1
85603,1,1
85703,1,1
85803,1,1
85903,1,1
86003,1,1
86103,1,1
86203,1,1
86303,1,1
86403,1,1
86503,1,1
86603,1,1
86703,1,1
86803,1,1
86903,1,1
87003,1,1
87103,1,1
87203,1,1
87303,1,1
87403,1,1
87503,1,1
87603,1,1
87703,1,1
87803,1,1
87903,1,1
88003,1,1
88103,1,1
88203,1,1
88303,1,1
88403,1,1
88503,1,1
88603,1,1
88703,1,1
88803,1,1
88903,1,1
89003,1,1
89103,1,1
89203,1,1
89303,1,1
89403,1,1
89503,1,1
89604,1,1
89704,1,1
89804,1,1
89904,1,1
90004,1,1
90104,1,1
90204,1,1
90304,1,1
90404,1,1
90504,1,1
90604,1,1
90704,1,1
90804,1,1
90904,1,1
91004,1,1
91104,1,1
91204,1,1
91304,1,1
91404,1,1
91504,1,1
91604,1,1
91704,1,1
91804,1,1
91904,1,1
92004,1,1
92104,1,1
92204,1,1
92304,1,1
92404,1,1
92504,1,1
92604,1,1
92704,1,1
92804,1,1
92904,1,1
93004,1,1
93104,1,1
93204,1,1
93304,1,1
93404,1,1
93504,1,1
93604,1,1
93710,1,1
93810,1,1
93910,1,1
94010,1,1
94110,1,1
94210,1,1
94310,1,1
94410,1,1
94510,1,1
94610,1,1
94710,1,1
94810,1,1
94910,1,1
95011,1,1
95111,1,1
95211,1,1
95311,1,1
95411,1,1
95511,1,1
95611,1,1
95711,1,1
95811,1,1
95911,1,1
96011,1,1
96111,1,1
96211,1,1
96311,1,1
96411,1,1
96511,1,1
96611,1,1
96711,1,1
96811,1,1
96911,1,1
97011,1,1
97111,1,1
97211,1,1
97311,1,1
97411,1,1
97511,1,1
97608,1,1
97708,1,1
97808,1,1
97909,1,1
98009,1,1
98109,1,1
98209,1,1
98309,1,1
98409,1,1
98509,1,1
98609,1,1
98709,1,1
98809,1,1
98909,1,1
99009,1,1
99109,1,1
99209,1,1
99309,1,1
99409,1,1
99509,1,1
99609,1,1
99709,1,1
99809,1,1
99909,1,1
100009,1,1
100109,1,1
100209,1,1
100309,1,1
100409,1,1
100509,1,1
100609,1,1
100709,1,1
100809,1,1
100909,1,1
101009,1,1
101109,1,1
101209,1,1
101309,1,1
101409,1,1
101509,1,1
101611,1,1
101711,1,1
101811,1,1
101911,1,1
102011,1,1
102111,1,1
102211,1,1
102311,1,1
102411,1,1
102511,1,1
102611,1,1
102711,1,1
102811,1,1
102911,1,1
103011,1,1
103111,1,1
103211,1,1
103311,1,1
103411,1,1
103511,1,1
103611,1,1
103711,1,1
103811,1,1
103911,1,1
104011,1,1
104111,1,1
104211,1,1
104311,1,1
104411,1,1
104511,1,1
104611,1,1
104711,1,1
104811,1,1
104911,1,1
105011,1,1
105111,1,1
105211,1,1
105311,1,1
105411,1,1
105511,1,1
105611,1,1
105726,1,1
105826,1,1
105926,1,1
106026,1,1
106126,1,1
106226,1,1
106326,1,1
106426,1,1
106526,1,1
106626,1,1
106726,1,1
106826,1,1
106926,1,1
107026,1,1
107127,1,1
107227,1,1
107327,1,1
107427,1,1
107527,1,1
107627,1,1
107727,1,1
107827,1,1
107927,1,1
108027,1,1
108127,1,1
108227,1,1
108327,1,1
108427,1,1
108527,1,1
108627,1,1
108727,1,1
108827,1,1
108927,1,1
109027,1,1
109127,1,1
109227,1,1
109327,1,1
109427,1,1
109527,1,1
109627,1,1
109727,1,1
109827,1,1
109927,1,1
110027,1,1
110127,1,1
110227,1,1
110327,1,1
110427,1,1
110527,1,1
110627,1,1
110727,1,1
110827,1,1
110927,1,1
111027,1,1
111127,1,1
111227,1,1
111327,1,1
111427,1,1
111527,1,1
111627,1,1
111727,1,1
111827,1,1
111927,1,1
112027,1,1
112127,1,1
112227,1,1
112327,1,1
112427,1,1
112527,1,1
112627,1,1
112727,1,1
112827,1,1
112927,1,1
113027,1,1
113127,1,1
113227,1,1
113327,1,1
113427,1,1
113527,1,1
113627,1,1
113727,1,1
113827,1,1
113927,1,1
114027,1,1
114127,1,1
114227,1,1
114327,1,1
114427,1,1
114527,1,1
114627,1,1
114727,1,1
114827,1,1
114927,1,1
115027,1,1
115127,1,1
115227,1,1
115327,1,1
115427,1,1
115527,1,1
115627,1,1
115727,1,1
115827,1,1
115927,1,1
116027,1,1
116127,1,1
116227,1,1
116327,1,1
116427,1,1
116527,1,1
116627,1,1
116727,1,1
116827,1,1
116927,1,1
117027,1,1
117127,1,1
117227,1,1
117327,1,1
117427,1,1
117527,1,1
117627,1,1
117747,0,0
117847,0,0
117947,0,0
118047,0,0
118147,0,0
118247,0,0
118347,0,0
118447,0,0
118547,0,0
118647,0,0
118747,0,0
118847,0,0
118947,0,0
119047,0,0
119147,0,0
119247,0,0
119347,0,0
119447,0,0
119547,0,0
119647,0,0
119747,0,0
119847,0,0
119947,0,0
120047,0,0
120147,0,0
120247,0,0
120347,0,0
120447,0,0
120547,0,0
120647,0,0
120747,0,0
120847,0,0
120947,0,0
121047,0,0
121147,0,0
121247,0,0
121347,0,0
121447,0,0
121547,0,0
121647,0,0
121747,0,0
121847,0,0
121947,0,0
122047,0,0
122147,0,0
122247,0,0
122347,0,0
122447,0,0
122547,0,0
122647,0,0
122747,0,0
122847,0,0
122947,0,0
123047,0,0
123147,0,0
123247,0,0
123347,0,0
123447,0,0
123547,0,0
123647,0,0
123747,0,0
123847,0,0
123947,0,0
124047,0,0
124147,0,0
124247,0,0
124347,0,0
124447,0,0
124547,0,0
124647,0,0
124747,0,0
124847,0,0
124947,0,0
125047,0,0
125147,0,0
125247,0,0
125347,0,0
125447,0,0
125547,0,0
125647,0,0
125747,0,0
125847,0,0
125947,0,0
126047,0,0
126147,0,0
126247,0,0
126347,0,0
126447,0,0
126547,0,0
126647,0,0
126747,0,0
126847,0,0
126947,0,0
127047,0,0
127147,0,0
127247,0,0
127347,0,0
127447,0,0
127547,0,0
127647,0,0
127747,0,0
127847,0,0
127947,0,0
128047,0,0
128147,0,0
128247,0,0
128347,0,0
128447,0,0
128547,0,0
128647,0,0
128747,0,0
128847,0,0
128947,0,0
129047,0,0
129147,0,0
129247,0,0
129347,0,0
129447,0,0
129547,0,0
129647,0,0
129747,1,1
129847,1,1
129947,1,1
130047,1,1
130147,1,1
130247,1,1
130347,1,1
130447,1,1
130547,1,1
130647,1,1
130747,1,1
130847,1,1
130947,1,1
131047,1,1
131147,1,1
131247,1,1
131347,1,1
131447,1,1
131547,1,1
131647,1,1
131747,1,1
131847,1,1
131947,1,1
132047,1,1
132147,1,1
132247,1,1
132347,1,1
132447,1,1
132547,1,1
132647,1,1
132747,1,1
132847,1,1
132947,1,1
133047,1,1
133147,1,1
133247,1,1
133347,1,1
133447,1,1
133547,1,1
133647,1,1
133747,1,1
133847,1,1
133947,1,1
134047,1,1
134147,1,1
134247,1,1
134347,1,1
134447,1,1
134547,1,1
134647,1,1
134747,1,1
134847,1,1
134947,1,1
135047,1,1
135147,1,1
135247,1,1
135347,1,1
135447,1,1
135547,1,1
135647,1,1
135747,1,1
135847,1,1
135947,1,1
136047,1,1
136147,1,1
136247,1,1
136347,1,1
136447,1,1
136547,1,1
136647,1,1
136747,1,1
136847,1,1
136947,1,1
137047,1,1
137147,1,1
137247,1,1
137347,1,1
137447,1,1
137547,1,1
137646,1,1
137746,1,1
137846,1,1
137946,1,1
138046,1,1
138146,1,1
138246,1,1
138346,1,1
138446,1,1
138546,1,1
138646,1,1
138746,1,1
138846,1,1
138946,1,1
139046,1,1
139146,1,1
139246,1,1
139346,1,1
139446,1,1
139546,1,1
139646,1,1
139746,1,1
139846,1,1
139946,1,1
140046,1,1
140146,1,1
140246,1,1
140346,1,1
140446,1,1
140546,1,1
140646,1,1
140746,1,1
140846,1,1
140946,1,1
141046,1,1
141146,1,1
141246,1,1
141346,1,1
141446,1,1
141546,1,1
141647,1,1
141747,1,1
141847,1,1
141947,1,1
142047,1,1
142147,1,1
142247,1,1
142347,1,1
142447,1,1
142547,1,1
142647,1,1
142747,1,1
142847,1,1
142947,1,1
143047,1,1
143147,1,1
143247,1,1
143347,1,1
143447,1,1
143547,1,1
143647,1,1
143747,1,1
143847,1,1
143947,1,1
144047,1,1
144147,1,1
144247,1,1
144347,1,1
144447,1,1
144547,1,1
144647,1,1
144747,1,1
144847,1,1
144947,1,1
145047,1,1
145147,1,1
145247,1,1
145347,1,1
145447,1,1
145547,1,1
145646,1,1
145746,1,1
145846,1,1
145946,1,1
146046,1,1
146146,1,1
146246,1,1
146346,1,1
146446,1,1
146546,1,1
146646,1,1
146746,1,1
146846,1,1
146946,1,1
147046,1,1
147146,1,1
147246,1,1
147346,1,1
147446,1,1
147546,1,1
147646,1,1
147746,1,1
147846,1,1
147946,1,1
148046,1,1
148146,1,1
148246,1,1
148346,1,1
148446,1,1
148546,1,1
148646,1,1
148746,1,1
148846,1,1
148946,1,1
149046,1,1
149146,1,1
149246,1,1
149346,1,1
149446,1,1
149546,1,1
149646,1,1
149746,1,1
149846,1,1
149946,1,1
150046,1,1
150146,1,1
150246,1,1
150346,1,1
150446,1,1
150546,1,1
150646,1,1
150746,1,1
150846,1,1
150946,1,1
151046,1,1
151146,1,1
151246,1,1
151346,1,1
151446,1,1
151546,1,1
151646,1,1
151746,1,1
151846,1,1
151946,1,1
152046,1,1
152146,1,1
152246,1,1
152346,1,1
152446,1,1
152546,1,1
152646,1,1
152746,1,1
152846,1,1
152946,1,1
153046,1,1
153146,1,1
153246,1,1
153346,1,1
153446,1,1
153546,1,1
153645,1,1
153745,1,1
153845,1,1
153945,1,1
154045,1,1
154145,1,1
154245,1,1
154345,1,1
154445,1,1
154545,1,1
154645,1,1
154745,1,1
154845,1,1
154945,1,1
155045,1,1
155145,1,1
155245,1,1
155345,1,1
155445,1,1
155545,1,1
155645,1,1
155745,1,1
155845,1,1
155945,1,1
156045,1,1
156145,1,1
156245,1,1
156345,1,1
156445,1,1
156545,1,1
156645,1,1
156745,1,1
156845,1,1
156945,1,1
157045,1,1
157145,1,1
157245,1,1
157345,1,1
157445,1,1
157545,1,1
157646,1,1
157746,1,1
157846,1,1
157946,1,1
158046,1,1
158146,1,1
158246,1,1
158346,1,1
158446,1,1
158546,1,1
158646,1,1
158746,1,1
158846,1,1
158946,1,1
159046,1,1
159146,1,1
159246,1,1
159346,1,1
159446,1,1
159546,1,1
159646,1,1
159746,1,1
159846,1,1
159946,1,1
160046,1,1
160146,1,1
160246,1,1
160346,1,1
160446,1,1
160546,1,1
160646,1,1
160746,1,1
160846,1,1
160946,1,1
161046,1,1
161146,1,1
161246,1,1
161346,1,1
161446,1,1
161546,1,1
161646,1,1
161746,1,1
161846,1,1
161946,1,1
162046,1,1
162146,1,1
162246,1,1
162346,1,1
162446,1,1
162546,1,1
162646,1,1
162746,1,1
162846,1,1
162946,1,1
163046,1,1
163146,1,1
163246,1,1
163346,1,1
163446,1,1
163546,1,1
163646,1,1
163746,1,1
163846,1,1
163946,1,1
164046,1,1
164146,1,1
164246,1,1
164346,1,1
164446,1,1
164546,1,1
164646,1,1
164746,1,1
164846,1,1
164946,1,1
165046,1,1
165146,1,1
165246,1,1
165346,1,1
165446,1,1
165546,1,1
165646,1,1
165746,1,1
165846,1,1
165946,1,1
166046,1,1
166146,1,1
166246,1,1
166346,1,1
166446,1,1
166546,1,1
166646,1,1
166746,1,1
166846,1,1
166946,1,1
167046,1,1
167146,1,1
167246,1,1
167346,1,1
167446,1,1
167546,1,1
167646,1,1
167746,1,1
167846,1,1
167946,1,1
168046,1,1
168146,1,1
168246,1,1
168346,1,1
168446,1,1
168546,1,1
168646,1,1
168746,1,1
168846,1,1
168946,1,1
169046,1,1
169146,1,1
169246,1,1
169346,1,1
169446,1,1
169546,1,1
169646,1,1
169746,1,1
169846,1,1
169946,1,1
170046,1,1
170146,1,1
170246,1,1
170346,1,1
170446,1,1
170546,1,1
170646,1,1
170746,1,1
170846,1,1
170946,1,1
171046,1,1
171146,1,1
171246,1,1
171346,1,1
171446,1,1
171546,1,1
171646,1,1
171746,1,1
171846,1,1
171946,1,1
172046,1,1
172146,1,1
172246,1,1
172346,1,1
172446,1,1
172546,1,1
172646,1,1
172746,1,1
172846,1,1
172946,1,1
173046,1,1
173146,1,1
173246,1,1
173346,1,1
173446,1,1
173546,1,1
173646,1,1
173758,0,0
173858,0,0
173958,0,0
174058,0,0
174158,0,0
174258,0,0
174358,0,0
174458,0,0
174558,0,0
174658,0,0
174758,0,0
174858,0,0
174958,0,0
175058,0,0
175158,0,0
175258,0,0
175358,0,0
175458,0,0
175558,0,0
175658,0,0
175758,0,0
175858,0,0
175958,0,0
176058,0,0
176158,0,0
176258,0,0
176358,0,0
176458,0,0
176558,0,0
176658,0,0
176758,0,0
176858,0,0
176958,0,0
177058,0,0
177158,0,0
177258,0,0
177358,0,0
177458,0,0
177558,0,0
177658,0,0
177758,0,0
177858,0,0
177958,0,0
178058,0,0
178158,0,0
178258,0,0
178358,0,0
178458,0,0
178558,0,0
178658,0,0
178758,0,0
178858,0,0
178958,0,0
179058,0,0
179158,0,0
179258,0,0
179358,0,0
179458,0,0
179558,0,0
179658,0,0
179758,0,0
179858,0,0
179958,0,0
180058,0,0
180158,0,0
180258,0,0
180358,0,0
180458,0,0
180558,0,0
180658,0,0
180758,0,0
180858,0,0
180958,0,0
181058,0,0
181158,0,0
181258,0,0
181358,0,0
181458,0,0
181558,0,0
181658,0,0
181758,0,0
181858,0,0
181958,0,0
182058,0,0
182158,0,0
182258,0,0
182358,0,0
182458,0,0
182558,0,0
182658,0,0
182758,0,0
182858,0,0
182958,0,0
183058,0,0
183158,0,0
183258,0,0
183358,0,0
183458,0,0
183558,0,0
183658,0,0
183758,0,0
183858,0,0
183958,0,0
184058,0,0
184158,0,0
184258,0,0
184358,0,0
184458,0,0
184558,0,0
184658,0,0
184758,0,0
184858,0,0
184958,0,0
185058,0,0
185158,0,0
185258,0,0
185358,0,0
185458,0,0
185558,0,0
185658,0,0
185758,0,0
185857,0,0
185957,0,0
186057,0,0
186157,0,0
186257,0,0
186357,0,0
186457,0,0
186557,0,0
186657,0,0
186757,0,0
186857,0,0
186957,0,0
187057,0,0
187157,0,0
187257,0,0
187357,0,0
187457,0,0
187557,0,0
187657,0,0
187757,0,0
187857,0,0
187957,0,0
188057,0,0
188157,0,0
188257,0,0
188357,0,0
188457,0,0
188557,0,0
188657,0,0
188757,0,0
188857,0,0
188957,0,0
189057,0,0
189157,0,0
189257,0,0
189357,0,0
189457,0,0
189557,0,0
189657,0,0
189757,0,0
189857,0,0
189957,0,0
190057,0,0
190157,0,0
190257,0,0
190357,0,0
190457,0,0
190557,0,0
190657,0,0
190757,0,0
190857,0,0
190957,0,0
191057,0,0
191157,0,0
191257,0,0
191357,0,0
191457,0,0
191557,0,0
191657,0,0
191757,0,0
191857,0,0
191957,0,0
192057,0,0
192157,0,0
192257,0,0
192357,0,0
192457,0,0
192557,0,0
192657,0,0
192757,0,0
192857,0,0
192957,0,0
193057,0,0
193157,0,0
193257,0,0
193357,0,0
193457,0,0
193557,0,0
193657,0,0
193757,0,0
193857,0,0
193957,0,0
194057,0,0
194157,0,0
194257,0,0
194357,0,0
194457,0,0
194557,0,0
194657,0,0
194757,0,0
194857,0,0
194957,0,0
195057,0,0
195157,0,0
195257,0,0
195357,0,0
195457,0,0
195557,0,0
195657,0,0
195757,0,0
195857,0,0
195957,0,0
196057,0,0
196157,0,0
196257,0,0
196357,0,0
196457,0,0
196557,0,0
196657,0,0
196757,0,0
196857,0,0
196957,0,0
197057,0,0
197157,0,0
197257,0,0
197357,0,0
197457,0,0
197557,0,0
197657,0,0
197757,0,0
197856,0,0
197956,0,0
198056,0,0
198156,0,0
198256,0,0
198356,0,0
198456,0,0
198556,0,0
198656,0,0
198756,0,0
198856,0,0
198956,0,0
199056,0,0
199156,0,0
199256,0,0
199356,0,0
199456,0,0
199556,0,0
199656,0,0
199756,0,0
199856,0,0
199956,0,0
200056,0,0
200156,0,0
200256,0,0
200356,0,0
200456,0,0
200556,0,0
200656,0,0
200756,0,0
200856,0,0
200956,0,0
201056,0,0
201156,0,0
201256,0,0
201356,0,0
201456,0,0
201556,0,0
201656,0,0
201756,0,0
201857,0,0
201957,0,0
202057,0,0
202157,0,0
202257,0,0
202357,0,0
202457,0,0
202557,0,0
202657,0,0
202757,0,0
202857,0,0
202957,0,0
203057,0,0
203157,0,0
203257,0,0
203357,0,0
203457,0,0
203557,0,0
203657,0,0
203757,0,0
203857,0,0
203957,0,0
204057,0,0
204157,0,0
204257,0,0
204357,0,0
204457,0,0
204557,0,0
204657,0,0
204757,0,0
204857,0,0
204957,0,0
205057,0,0
205157,0,0
205257,0,0
205357,0,0
205457,0,0
205557,0,0
205657,0,0
205757,0,0
205856,0,0
205956,0,0
206056,0,0
206156,0,0
206256,0,0
206356,0,0
206456,0,0
206556,0,0
206656,0,0
206756,0,0
206856,0,0
206956,0,0
207056,0,0
207156,0,0
207256,0,0
207356,0,0
207456,0,0
207556,0,0
207656,0,0
207756,0,0
207856,0,0
207956,0,0
208056,0,0
208156,0,0
208256,0,0
208356,0,0
208456,0,0
208556,0,0
208656,0,0
208756,0,0
208856,0,0
208956,0,0
209056,0,0
209156,0,0
209256,0,0
209356,0,0
209456,0,0
209556,0,0
209656,0,0
209756,0,0
209855,0,0
209955,0,0
210055,0,0
210155,0,0
210255,0,0
210355,0,0
210455,0,0
210555,0,0
210655,0,0
210755,0,0
210855,0,0
210955,0,0
211055,0,0
211155,0,0
211255,0,0
211355,0,0
211455,0,0
211555,0,0
211655,0,0
211755,0,0
211855,0,0
211955,0,0
212055,0,0
212155,0,0
212255,0,0
212355,0,0
212455,0,0
212555,0,0
212655,0,0
212755,0,0
212855,0,0
212955,0,0
213055,0,0
213155,0,0
213255,0,0
213355,0,0
213455,0,0
213555,0,0
213655,0,0
213755,0,0
213855,0,0
213955,0,0
214055,0,0
214155,0,0
214255,0,0
214355,0,0
214455,0,0
214555,0,0
214655,0,0
214755,0,0
214855,0,0
214955,0,0
215055,0,0
215155,0,0
215255,0,0
215355,0,0
215455,0,0
215555,0,0
215655,0,0
215755,0,0
215855,0,0
215955,0,0
216055,0,0
216155,0,0
216255,0,0
216355,0,0
216455,0,0
216555,0,0
216655,0,0
216755,0,0
216855,0,0
216955,0,0
217055,0,0
217155,0,0
217255,0,0
217355,0,0
217455,0,0
217555,0,0
217655,0,0
217755,0,0
217856,0,0
217956,0,0
218056,0,0
218156,0,0
218256,0,0
218356,0,0
218456,0,0
218556,0,0
218656,0,0
218756,0,0
218856,0,0
218956,0,0
219056,0,0
219156,0,0
219256,0,0
219356,0,0
219456,0,0
219556,0,0
219656,0,0
219756,0,0
219856,0,0
219956,0,0
220056,0,0
220156,0,0
220256,0,0
220356,0,0
220456,0,0
220556,0,0
220656,0,0
220756,0,0
220856,0,0
220956,0,0
221056,0,0
221156,0,0
221256,0,0
221356,0,0
221456,0,0
221556,0,0
221656,0,0
221756,0,0
221856,0,0
221956,0,0
222056,0,0
222156,0,0
222256,0,0
222356,0,0
222456,0,0
222556,0,0
222656,0,0
222756,0,0
222856,0,0
222956,0,0
223056,0,0
223156,0,0
223256,0,0
223356,0,0
223456,0,0
223556,0,0
223656,0,0
223756,0,0
223856,0,0
223956,0,0
224056,0,0
224156,0,0
224256,0,0
224356,0,0
224456,0,0
224556,0,0
224656,0,0
224756,0,0
224856,0,0
224956,0,0
225056,0,0
225156,0,0
225256,0,0
225356,0,0
225456,0,0
225556,0,0
225656,0,0
225756,0,0
225856,0,0
225956,0,0
226056,0,0
226156,0,0
226256,0,0
226356,0,0
226456,0,0
226556,0,0
226656,0,0
226756,0,0
226856,0,0
226956,0,0
227056,0,0
227156,0,0
227256,0,0
227356,0,0
227456,0,0
227556,0,0
227656,0,0
227756,0,0
227856,0,0
227956,0,0
228056,0,0
228156,0,0
228256,0,0
228356,0,0
228456,0,0
228556,0,0
228656,0,0
228756,0,0
228856,0,0
228956,0,0
229056,0,0
229156,0,0
229256,0,0
229356,0,0
229456,0,0
229556,0,0
229656,0,0
229756,0,0
229856,0,0
229956,0,0
230056,0,0
230156,0,0
230256,0,0
230356,0,0
230456,0,0
230556,0,0
230656,0,0
230756,0,0
230856,0,0
230956,0,0
231056,0,0
231156,0,0
231256,0,0
231356,0,0
231456,0,0
231556,0,0
231656,0,0
231756,0,0
231856,0,0
231956,0,0
232056,0,0
232156,0,0
232256,0,0
232356,0,0
232456,0,0
232556,0,0
232656,0,0
232756,0,0
232856,0,0
232956,0,0
233056,0,0
233156,0,0
233256,0,0
233356,0,0
233456,0,0
233556,0,0
233656,0,0
233756,0,0
233856,0,0
233956,0,0
234056,0,0
234156,0,0
234256,0,0
234356,0,0
234456,0,0
234556,0,0
234656,0,0
234756,0,0
234856,0,0
234956,0,0
235056,0,0
235156,0,0
235256,0,0
235356,0,0
235456,0,0
235556,0,0
235656,0,0
235756,0,0
235856,0,0
235956,0,0
236056,0,0
236156,0,0
236256,0,0
236356,0,0
236456,0,0
236556,0,0
236656,0,0
236756,0,0
236856,0,0
236956,0,0
237056,0,0
237156,0,0
237256,0,0
237356,0,0
237456,0,0
237556,0,0
237656,0,0
237756,0,0
237856,0,0
237956,0,0
238056,0,0
238156,0,0
238256,0,0
238356,0,0
238456,0,0
238556,0,0
238656,0,0
238756,0,0
238856,0,0
238956,0,0
239056,0,0
239156,0,0
239256,0,0
239356,0,0
239456,0,0
239556,0,0
239656,0,0
239756,0,0
239856,0,0
239956,0,0
240056,0,0
240156,0,0
240256,0,0
240356,0,0
240456,0,0
240556,0,0
240656,0,0
240756,0,0
240856,0,0
240956,0,0
241056,0,0
241156,0,0
241256,0,0
241356,0,0
241456,0,0
241556,0,0
241656,0,0
241756,0,0
241856,0,0
241956,0,0
242056,0,0
242156,0,0
242256,0,0
242356,0,0
242456,0,0
242556,0,0
242656,0,0
242756,0,0
242855,0,0
242955,1,1
243055,1,1
243155,1,1
243255,1,1
243355,1,1
243455,1,1
243555,1,1
243655,1,1
243755,1,1
243855,1,1
243955,1,1
244055,1,1
244155,1,1
244255,1,1
244355,1,1
244455,1,1
244555,1,1
244655,1,1
244755,1,1
244855,1,1
244955,1,1
245055,1,1
245155,1,1
245255,1,1
245355,1,1
245455,1,1
245555,1,1
245655,1,1
245755,1,1
245855,1,1
245955,1,1
246055,1,1
246155,1,1
246255,1,1
246355,1,1
246455,1,1
246555,1,1
246655,1,1
246755,1,1
246853,1,1
246953,1,1
247053,1,1
247153,1,1
247253,1,1
247353,1,1
247453,1,1
247553,1,1
247653,1,1
247753,1,1
247853,1,1
247953,1,1
248053,1,1
248153,1,1
248253,1,1
248353,1,1
248453,1,1
248553,1,1
248653,1,1
248753,1,1
248853,1,1
248953,1,1
249053,1,1
249153,1,1
249253,1,1
249353,1,1
249453,1,1
249553,1,1
249653,1,1
249753,1,1
249853,1,1
249953,1,1
250053,1,1
250153,1,1
250253,1,1
250353,1,1
250453,1,1
250553,1,1
250653,1,1
250753,1,1
250855,1,1
250955,1,1
251055,1,1
251155,1,1
251255,1,1
251355,1,1
251455,1,1
251555,1,1
251655,1,1
251755,1,1
251855,1,1
251955,1,1
252055,1,1
252155,1,1
252255,1,1
252355,1,1
252455,1,1
252555,1,1
252655,1,1
252755,1,1
252855,1,1
252955,1,1
253055,1,1
253155,1,1
253255,1,1
253355,1,1
253455,1,1
253555,1,1
253655,1,1
253755,1,1
253855,1,1
253955,1,1
254055,1,1
254155,1,1
254255,1,1
254355,1,1
254455,1,1
254555,1,1
254655,1,1
254755,1,1
254854,1,1
254954,1,1
255054,1,1
255154,1,1
255254,1,1
255354,1,1
255454,1,1
255554,1,1
255654,1,1
255754,1,1
255854,1,1
255954,1,1
256054,1,1
256154,1,1
256254,1,1
256354,1,1
256454,1,1
256554,1,1
256654,1,1
256754,1,1
256854,1,1
256954,1,1
257054,1,1
257154,1,1
257254,1,1
257354,1,1
257454,1,1
257554,1,1
257654,1,1
257754,1,1
257854,1,1
257954,1,1
258054,1,1
258154,1,1
258254,1,1
258354,1,1
258454,1,1
258554,1,1
258654,1,1
258754,1,1
258854,1,1
258954,1,1
259043,1,1
259143,1,1
259243,1,1
259343,1,1
259443,1,1
259543,1,1
259643,1,1
259743,1,1
259843,1,1
259943,1,1
260043,1,1
260143,1,1
260243,1,1
260343,1,1
260443,1,1
260543,1,1
260643,1,1
260743,1,1
260843,1,1
260943,1,1
261043,1,1
261143,1,1
261243,1,1
261343,1,1
261443,1,1
261543,1,1
261643,1,1
261743,1,1
261843,1,1
261943,1,1
262043,1,1
262143,1,1
262243,1,1
262343,1,1
262443,1,1
262543,1,1
262643,1,1
262743,1,1
262843,1,1
262943,1,1
263045,1,1
263145,1,1
263245,1,1
263345,1,1
263445,1,1
263545,1,1
263645,1,1
263745,1,1
263845,1,1
263945,1,1
264045,1,1
264145,1,1
264245,1,1
264345,1,1
264445,1,1
264545,1,1
264645,1,1
264745,1,1
264845,1,1
264945,1,1
265045,1,1
265145,1,1
265245,1,1
265345,1,1
265445,1,1
265545,1,1
265645,1,1
265745,1,1
265845,1,1
265945,1,1
266045,1,1
266145,1,1
266245,1,1
266345,1,1
266445,1,1
266545,1,1
266645,1,1
266745,1,1
266845,1,1
266945,1,1
267044,1,1
267144,1,1
267244,1,1
267344,1,1
267444,1,1
267544,1,1
267644,1,1
267744,1,1
267844,1,1
267944,1,1
268044,1,1
268144,1,1
268244,1,1
268344,1,1
268444,1,1
268544,1,1
268644,1,1
268744,1,1
268844,1,1
268944,1,1
269044,1,1
269144,1,1
269244,1,1
269344,1,1
269444,1,1
269544,1,1
269644,1,1
269744,1,1
269844,1,1
269944,1,1
270044,1,1
270144,1,1
270244,1,1
270344,1,1
270444,1,1
270544,1,1
270644,1,1
270744,1,1
270844,1,1
270944,1,1
271044,1,1
271118,1,1
271218,1,1
271318,1,1
271418,1,1
271518,1,1
271618,1,1
271718,1,1
271818,1,1
271918,1,1
272018,1,1
272118,1,1
272218,1,1
272318,1,1
272418,1,1
272518,1,1
272618,1,1
272718,1,1
272818,1,1
272918,1,1
273018,1,1
273118,1,1
273218,1,1
273318,1,1
273418,1,1
273518,1,1
273618,1,1
273718,1,1
273818,1,1
273918,1,1
274018,1,1
274118,1,1
274218,1,1
274318,1,1
274418,1,1
274518,1,1
274618,1,1
274718,1,1
274818,1,1
274918,1,1
275044,1,1
275144,1,1
275244,1,1
275344,1,1
275444,1,1
275544,1,1
275644,1,1
275744,1,1
275844,1,1
275944,1,1
276044,1,1
276144,1,1
276244,1,1
276344,1,1
276444,1,1
276544,1,1
276644,1,1
276744,1,1
276844,1,1
276944,1,1
277044,1,1
277144,1,1
277244,1,1
277344,1,1
277444,1,1
277544,1,1
277644,1,1
277744,1,1
277844,1,1
277944,1,1
278044,1,1
278144,1,1
278244,1,1
278344,1,1
278444,1,1
278544,1,1
278644,1,1
278744,1,1
278844,1,1
278944,1,1
279064,1,1
279132,1,1
279232,1,1
279332,1,1
279432,1,1
279532,1,1
279632,1,1
279732,1,1
279832,1,1
279932,1,1
280032,1,1
280132,1,1
280232,1,1
280332,1,1
280432,1,1
280532,1,1
280632,1,1
280732,1,1
280832,1,1
280932,1,1
281032,1,1
281132,1,1
281232,1,1
281332,1,1
281432,1,1
281532,1,1
281632,1,1
281732,1,1
281832,1,1
281932,1,1
282032,1,1
282132,1,1
282232,1,1
282332,1,1
282432,1,1
282532,1,1
282632,1,1
282732,1,1
282832,1,1
282932,1,1
283032,1,1
283132,1,1
283232,1,1
283332,1,1
283432,1,1
283532,1,1
283632,1,1
283732,1,1
283832,1,1
283932,1,1
284032,1,1
284132,1,1
284232,1,1
284332,1,1
284432,1,1
284532,1,1
284632,1,1
284732,1,1
284832,1,1
284932,1,1
285032,1,1
285132,1,1
285232,1,1
285332,1,1
285432,1,1
285532,1,1
285632,1,1
285732,1,1
285832,1,1
285932,1,1
286032,1,1
286132,1,1
286232,1,1
286332,1,1
286432,1,1
286532,1,1
286632,1,1
286732,1,1
286832,1,1
286932,1,1
287032,1,1
287132,0,0
287232,0,0
287332,0,0
287432,0,0
287532,0,0
287632,0,0
287732,0,0
287832,0,0
287932,0,0
288032,0,0
288132,0,0
288232,0,0
288332,0,0
288432,0,0
288532,0,0
288632,0,0
288732,0,0
288832,0,0
288932,0,0
289032,0,0
289132,0,0
289232,0,0
289332,0,0
289432,0,0
289532,0,0
289632,0,0
289732,0,0
289832,0,0
289932,0,0
290032,0,0
290132,0,0
290232,0,0
290332,0,0
290432,0,0
290532,0,0
290632,0,0
290732,0,0
290832,0,0
290932,0,0
291032,0,0
291132,0,0
291232,0,0
291332,0,0
291432,0,0
291532,0,0
291632,0,0
291732,0,0
291832,0,0
291932,0,0
292032,0,0
292132,0,0
292232,0,0
292332,0,0
292432,0,0
292532,0,0
292632,0,0
292732,0,0
292832,0,0
292932,0,0
293032,0,0
293132,0,0
293232,0,0
293332,0,0
293432,0,0
293532,0,0
293632,0,0
293732,0,0
293832,0,0
293932,0,0
294032,0,0
294132,0,0
294232,0,0
294332,0,0
294432,0,0
294532,0,0
294632,0,0
294732,0,0
294832,0,0
294932,0,0
295032,0,0
295132,0,0
295232,0,0
295332,0,0
295432,0,0
295532,0,0
295632,0,0
295732,0,0
295832,0,0
295932,0,0
296032,0,0
296132,0,0
296232,0,0
296332,0,0
296432,0,0
296532,0,0
296632,0,0
296732,0,0
296832,0,0
296932,0,0
297032,0,0
297132,0,0
297232,0,0
297332,0,0
297432,0,0
297532,0,0
297632,0,0
297732,0,0
297832,0,0
297932,0,0
298032,0,0
298132,0,0
298232,0,0
298332,0,0
298432,0,0
298532,0,0
298632,0,0
298732,0,0
298832,0,0
298932,0,0
299032,0,0
299132,0,0
299232,0,0
299332,0,0
299432,0,0
299532,0,0
299662,0,0
299762,0,0
299862,0,0
299962,0,0
300062,0,0
300162,0,0
300262,0,0
300362,0,0
300462,0,0
300562,0,0
300662,0,0
300762,0,0
300862,0,0
300962,0,0
301062,0,0
301162,0,0
301262,0,0
301362,0,0
301462,0,0
301562,0,0
301662,0,0
301762,0,0
301862,0,0
301962,0,0
302062,0,0
302162,0,0
302262,0,0
302362,0,0
302462,0,0
302562,0,0
302662,0,0
302762,0,0
302862,0,0
302962,0,0
303062,0,0
303162,0,0
303262,0,0
303362,0,0
303462,0,0
303562,0,0
303662,0,0
303767,0,0
303867,0,0
303967,0,0
304067,0,0
304167,0,0
304267,0,0
304367,0,0
304467,0,0
304567,0,0
304667,0,0
304767,0,0
304867,0,0
304967,0,0
305067,0,0
305167,0,0
305267,0,0
305367,0,0
305468,0,0
305568,0,0
305668,0,0
305768,0,0
305868,0,0
305968,0,0
306068,0,0
306168,0,0
306268,0,0
306368,0,0
306468,0,0
306568,0,0
306668,0,0
306768,0,0
306868,0,0
306968,0,0
307068,0,0
307168,0,0
307268,0,0
307368,0,0
307468,0,0
307579,0,0
307679,0,0
307781,0,0
307881,0,0
307981,0,0
308081,0,0
308181,0,0
308281,0,0
308381,0,0
308481,0,0
308581,0,0
308681,0,0
308781,0,0
308881,0,0
308981,0,0
309081,0,0
309181,0,0
309281,0,0
309381,0,0
309481,0,0
309581,0,0
309681,0,0
309781,0,0
309881,0,0
309981,0,0
310081,0,0
310181,0,0
310281,0,0
310381,0,0
310481,0,0
310581,0,0
310681,0,0
310781,0,0
310881,0,0
310981,0,0
311081,0,0
311181,0,0
311281,0,0
311381,0,0
311481,0,0
311581,0,0
311681,0,0
311791,0,0
311891,0,0
311991,0,0
312092,0,0
312192,0,0
312292,0,0
312392,0,0
312492,0,0
312592,0,0
312692,0,0
312792,0,0
312892,0,0
312992,0,0
313092,0,0
313192,0,0
313292,0,0
313392,0,0
313492,0,0
313592,0,0
313692,0,0
313792,0,0
313892,0,0
313992,0,0
314092,0,0
314192,0,0
314292,0,0
314392,0,0
314492,0,0
314592,0,0
314692,0,0
314792,0,0
314892,0,0
314993,0,0
315093,0,0
315193,0,0
315293,0,0
315393,0,0
315493,0,0
315593,0,0
315693,0,0
315793,0,0
315893,0,0
315993,0,0
316093,0,0
316193,0,0
316293,0,0
316393,0,0
316493,0,0
316593,0,0
316693,0,0
316793,0,0
316893,0,0
316993,0,0
317093,0,0
317193,0,0
317293,0,0
317393,0,0
317493,0,0
317593,0,0
317693,0,0
317793,0,0
317893,0,0
317993,0,0
318093,0,0
318193,0,0
318293,0,0
318393,0,0
318493,0,0
318593,0,0
318693,0,0
318793,0,0
318893,0,0
318993,0,0
319093,0,0
319193,0,0
319293,0,0
319393,0,0
319493,0,0
319593,0,0
319693,0,0
319796,0,0
319896,0,0
319996,0,0
320096,0,0
320196,0,0
320296,0,0
320396,0,0
320497,0,0
320597,0,0
320697,0,0
320797,0,0
320897,0,0
320997,0,0
321097,0,0
321197,0,0
321297,0,0
321397,0,0
321497,0,0
321597,0,0
321697,0,0
321797,0,0
321897,0,0
321997,0,0
322097,0,0
322197,0,0
322297,0,0
322397,0,0
322497,0,0
322597,0,0
322697,0,0
322797,0,0
322897,0,0
322997,0,0
323097,0,0
323197,0,0
323297,0,0
323397,0,0
323497,0,0
323595,0,0
323695,0,0
323795,0,0
323895,0,0
323995,0,0
324095,0,0
324195,0,0
324295,0,0
324395,0,0
324495,0,0
324595,0,0
324695,0,0
324795,0,0
324895,0,0
324995,0,0
325095,0,0
325195,0,0
325295,0,0
325395,0,0
325495,0,0
325595,0,0
325695,0,0
325795,0,0
325895,0,0
325995,0,0
326095,0,0
326195,0,0
326295,0,0
326395,0,0
326495,0,0
326595,0,0
326695,0,0
326795,0,0
326895,0,0
326995,0,0
327095,0,0
327195,0,0
327295,0,0
327395,0,0
327495,0,0
327597,0,0
327697,0,0
327797,0,0
327897,0,0
327997,0,0
328097,0,0
328197,0,0
328297,0,0
328397,0,0
328497,0,0
328597,0,0
328697,0,0
328797,0,0
328897,0,0
328997,0,0
329097,0,0
329197,0,0
329297,0,0
329397,0,0
329497,0,0
329597,0,0
329697,0,0
329797,0,0
329897,0,0
329997,0,0
330097,0,0
330197,0,0
330297,0,0
330397,0,0
330497,0,0
330597,0,0
330697,0,0
330797,0,0
330897,0,0
330997,0,0
331097,0,0
331197,0,0
331297,0,0
331397,0,0
331497,0,0
331597,0,0
331697,0,0
331797,0,0
331897,0,0
331997,0,0
332097,0,0
332197,0,0
332297,0,0
332397,0,0
332497,0,0
332597,0,0
332697,0,0
332797,0,0
332897,0,0
332997,0,0
333097,0,0
333197,0,0
333297,0,0
333397,0,0
333497,0,0
333597,0,0
333697,0,0
333797,0,0
333897,0,0
333997,0,0
334097,0,0
334197,0,0
334297,0,0
334397,0,0
334497,0,0
334597,0,0
334697,0,0
334797,0,0
334897,0,0
334997,0,0
335097,0,0
335197,0,0
335297,0,0
335397,0,0
335497,0,0
335597,0,0
335697,0,0
335797,0,0
335897,0,0
335997,0,0
336097,0,0
336197,0,0
336297,0,0
336397,0,0
336497,0,0
336597,0,0
336697,0,0
336797,0,0
336897,0,0
336997,0,0
337097,0,0
337197,0,0
337297,0,0
337397,0,0
337497,0,0
337597,0,0
337697,0,0
337797,0,0
337897,0,0
337997,0,0
338097,0,0
338197,0,0
338297,0,0
338397,0,0
338497,0,0
338597,0,0
338697,0,0
338797,0,0
338897,0,0
338997,0,0
339097,0,0
339197,0,0
339297,0,0
339397,0,0
339497,0,0
339595,0,0
339695,0,0
339795,0,0
339895,0,0
339995,0,0
340095,0,0
340195,0,0
340295,0,0
340395,0,0
340495,0,0
340595,0,0
340695,0,0
340795,0,0
340895,0,0
340995,0,0
341095,0,0
341195,0,0
341295,0,0
341395,0,0
341495,0,0
341595,0,0
341695,0,0
341795,0,0
341895,0,0
341995,0,0
342095,0,0
342195,0,0
342295,0,0
342395,0,0
342495,0,0
342595,0,0
342695,0,0
342795,0,0
342895,0,0
342995,0,0
343095,0,0
343195,0,0
343295,0,0
343395,0,0
343495,0,0
343595,0,0
343695,0,0
343795,0,0
343895,0,0
343995,0,0
344095,0,0
344195,0,0
344295,0,0
344395,0,0
344495,0,0
344595,0,0
344695,0,0
344795,0,0
344895,0,0
344995,0,0
345095,0,0
345195,0,0
345295,0,0
345395,0,0
345495,0,0
345595,0,0
345695,0,0
345795,0,0
345895,0,0
345995,0,0
346095,0,0
346195,0,0
346295,0,0
346395,0,0
346495,0,0
346595,0,0
346695,0,0
346795,0,0
346895,0,0
346995,0,0
347095,0,0
347195,0,0
347295,0,0
347395,0,0
347495,0,0
347595,0,0
347695,0,0
347795,0,0
347895,0,0
347995,0,0
348095,0,0
348195,0,0
348295,0,0
348395,0,0
348495,0,0
348595,0,0
348695,0,0
348795,0,0
348895,0,0
348995,0,0
349095,0,0
349195,0,0
349295,0,0
349395,0,0
349495,0,0
349595,0,0
349695,0,0
349795,0,0
349895,0,0
349995,0,0
350095,0,0
350195,0,0
350295,0,0
350395,0,0
350495,0,0
350595,0,0
350695,0,0
350795,0,0
350895,0,0
350995,0,0
351095,0,0
351195,0,0
351295,0,0
351395,0,0
351495,0,0
351595,0,0
351695,0,0
351795,0,0
351895,0,0
351995,0,0
352095,0,0
352195,0,0
352295,0,0
352395,0,0
352495,0,0
352595,0,0
352695,0,0
352795,0,0
352895,0,0
352995,0,0
353095,0,0
353195,0,0
353295,0,0
353395,0,0
353495,0,0
353595,0,0
353695,0,0
353795,0,0
353895,0,0
353995,0,0
354095,0,0
354195,0,0
354295,0,0
354395,0,0
354495,0,0
354595,0,0
354695,0,0
354795,0,0
354895,0,0
354995,0,0
355095,0,0
355195,0,0
355295,0,0
355395,0,0
355495,0,0
355595,0,0
355695,0,0
355795,0,0
355895,0,0
355995,0,0
356095,0,0
356195,0,0
356295,0,0
356395,0,0
356495,0,0
356595,0,0
356695,0,0
356795,0,0
356895,0,0
356995,0,0
357095,0,0
357195,0,0
357295,0,0
357395,0,0
357495,0,0
357595,0,0
357695,0,0
357795,0,0
357895,0,0
357995,0,0
358095,0,0
358195,0,0
358295,0,0
358395,0,0
358495,0,0
358595,0,0
358695,0,0
358795,0,0
358895,0,0
358995,0,0
359095,0,0
359195,0,0
359295,0,0
359395,0,0
359495,0,0
359596,0,0
359696,0,0
359796,0,0
359896,0,0
359996,0,0
360096,0,0
360196,0,0
360296,0,0
360396,0,0
360496,0,0
360596,0,0
360696,0,0
360796,0,0
360896,0,0
360996,0,0
361096,0,0
361196,0,0
361296,0,0
361396,0,0
361496,0,0
361596,0,0
361696,0,0
361796,0,0
361896,0,0
361996,0,0
362096,0,0
362196,0,0
362296,0,0
362396,0,0
362496,0,0
362596,0,0
362696,0,0
362796,0,0
362896,0,0
362996,0,0
363096,0,0
363196,0,0
363296,0,0
363396,0,0
363496,0,0
363596,0,0
363696,0,0
363796,0,0
363896,0,0
363996,0,0
364096,0,0
364196,0,0
364296,0,0
364396,0,0
364496,0,0
364596,0,0
364696,0,0
364796,0,0
364896,0,0
364996,0,0
365096,0,0
365196,0,0
365296,0,0
365396,0,0
365496,0,0
365596,0,0
365696,0,0
365796,0,0
365896,0,0
365996,0,0
366096,0,0
366196,0,0
366296,0,0
366408,0,0
366508,0,0
366608,0,0
366708,0,0
366808,0,0
366908,0,0
367008,0,0
367108,0,0
367208,0,0
367308,0,0
367408,0,0
367508,0,0
367608,0,0
367708,0,0
367808,0,0
367908,0,0
368008,0,0
368108,0,0
368208,0,0
368308,0,0
368408,0,0
368508,0,0
368608,0,0
368708,0,0
368808,0,0
368908,0,0
369008,0,0
369108,0,0
369208,0,0
369308,0,0
369408,0,0
369508,0,0
369608,0,0
369708,0,0
369808,0,0
369908,0,0
370008,0,0
370108,0,0
370208,0,0
370308,0,0
370408,0,0
370508,0,0
370608,0,0
370708,0,0
370808,0,0
370908,0,0
371008,0,0
371108,0,0
371208,0,0
371308,0,0
371408,0,0
371508,0,0
371604,0,0
371704,0,0
371804,0,0
371904,0,0
372004,0,0
372104,0,0
372204,0,0
372304,0,0
372404,0,0
372504,0,0
372604,0,0
372704,0,0
372804,0,0
372904,0,0
373004,0,0
373104,0,0
373204,0,0
373304,0,0
373404,0,0
373504,0,0
373604,0,0
373704,0,0
373804,0,0
373904,0,0
374004,0,0
374104,0,0
374204,0,0
374304,0,0
374404,0,0
374504,0,0
374604,0,0
374704,0,0
374804,0,0
374904,0,0
375004,0,0
375104,0,0
375204,0,0
375304,0,0
375404,0,0
375504,0,0
375606,0,0
375706,0,0
375806,0,0
375906,0,0
376006,0,0
376106,0,0
376206,0,0
376306,0,0
376406,0,0
376506,0,0
376606,0,0
376706,0,0
376806,0,0
376906,0,0
377006,0,0
377106,0,0
377206,0,0
377306,0,0
377406,0,0
377506,0,0
377606,0,0
377706,0,0
377806,0,0
377906,0,0
378006,0,0
378106,0,0
378206,0,0
378306,0,0
378406,0,0
378506,0,0
378606,0,0
378706,0,0
378806,0,0
378906,0,0
379006,0,0
379106,0,0
379206,0,0
379306,0,0
379406,0,0
379506,0,0
379607,0,0
379707,0,0
379807,0,0
379907,0,0
380007,0,0
380107,0,0
380207,0,0
380307,0,0
380407,0,0
380507,0,0
380607,0,0
380707,0,0
380807,0,0
380907,0,0
381007,0,0
381107,0,0
381207,0,0
381307,0,0
381407,0,0
381507,0,0
381607,0,0
381707,0,0
381807,0,0
381907,0,0
382007,0,0
382107,0,0
382207,0,0
382307,0,0
382407,0,0
382507,0,0
382607,0,0
382707,0,0
382807,0,0
382907,0,0
383007,0,0
383107,0,0
383207,0,0
383307,0,0
383407,0,0
383507,0,0
383607,0,0
383707,0,0
383807,0,0
383907,0,0
384007,0,0
384107,0,0
384207,0,0
384307,0,0
384407,0,0
384507,0,0
384607,0,0
384707,0,0
384807,0,0
384907,0,0
385007,0,0
385107,0,0
385207,0,0
385307,0,0
385407,0,0
385507,0,0
385607,0,0
385707,0,0
385807,0,0
385907,0,0
386007,0,0
386107,0,0
386207,0,0
386307,0,0
386408,0,0
386508,0,0
386608,0,0
386708,0,0
386808,0,0
386908,0,0
387008,0,0
387108,0,0
387208,0,0
387308,0,0
387408,0,0
387508,0,0
387606,0,0
387706,0,0
387806,0,0
387907,0,0
388007,0,0
388107,0,0
388207,0,0
388307,0,0
388407,0,0
388507,0,0
388607,0,0
388707,0,0
388807,0,0
388907,0,0
389007,0,0
389107,0,0
389207,0,0
389307,0,0
389407,0,0
389507,0,0
389607,0,0
389707,0,0
389807,0,0
389907,0,0
390007,0,0
390107,0,0
390207,0,0
390307,0,0
390415,0,0
390515,0,0
390615,0,0
390715,0,0
390815,0,0
390915,0,0
391015,0,0
391115,0,0
391215,0,0
391315,0,0
391415,0,0
391515,0,0
391616,0,0
391716,0,0
391816,0,0
391916,0,0
392016,0,0
392116,0,0
392217,0,0
392317,0,0
392417,0,0
392517,0,0
392617,0,0
392717,0,0
392817,0,0
392917,0,0
393017,0,0
393117,0,0
393217,0,0
393317,0,0
393417,0,0
393517,0,0
393617,0,0
393717,0,0
393817,0,0
393917,0,0
394017,0,0
394117,0,0
394217,0,0
394317,0,0
394417,0,0
394517,0,0
394617,0,0
394717,0,0
394817,0,0
394917,0,0
395017,0,0
395118,0,0
395218,0,0
395318,0,0
395418,0,0
395518,0,0
395619,0,0
395719,0,0
395819,0,0
395919,0,0
396019,0,0
396119,0,0
396219,0,0
396319,0,0
396419,0,0
396519,0,0
396619,0,0
396719,0,0
396819,0,0
396919,0,0
397019,0,0
397119,0,0
397219,0,0
397319,0,0
397419,0,0
397519,0,0
397619,0,0
397719,0,0
397819,0,0
397919,0,0
398019,0,0
398119,0,0
398219,0,0
398319,0,0
398419,0,0
398519,0,0
398619,0,0
398719,0,0
398819,0,0
398919,0,0
399019,0,0
399119,0,0
399219,0,0
399319,0,0
399419,0,0
399519,0,0
399619,0,0
399719,0,0
399819,0,0
399919,0,0
400019,0,0
400119,0,0
400219,0,0
400319,0,0
400419,0,0
400519,0,0
400619,0,0
400719,0,0
400819,0,0
400919,0,0
401019,0,0
401119,0,0
401219,0,0
401319,0,0
401419,0,0
401519,0,0
401619,0,0
401719,0,0
401819,0,0
401919,0,0
402019,0,0
402119,0,0
402219,0,0
402319,0,0
402419,0,0
402519,0,0
402619,0,0
402719,0,0
402819,0,0
402919,0,0
403019,0,0
403119,0,0
403219,0,0
403319,0,0
403419,0,0
403519,0,0
403619,0,0
403719,0,0
403819,0,0
403919,0,0
404019,0,0
404119,0,0
404219,0,0
404319,0,0
404419,0,0
404519,0,0
404619,0,0
404719,0,0
404819,0,0
404919,0,0
405019,0,0
405119,0,0
405219,0,0
405319,0,0
405419,0,0
405519,0,0
405619,0,0
405719,0,0
405819,0,0
405919,0,0
406019,0,0
406119,0,0
406219,0,0
406319,0,0
406419,0,0
406519,0,0
406619,0,0
406719,0,0
406819,0,0
406919,0,0
407019,0,0
407119,0,0
407219,0,0
407319,0,0
407419,0,0
407519,0,0
407619,0,0
407719,0,0
407819,0,0
407919,0,0
408019,0,0
408119,0,0
408219,0,0
408319,0,0
408419,0,0
408519,0,0
408619,0,0
408719,0,0
408819,0,0
408919,0,0
409019,0,0
409119,0,0
409219,0,0
409319,0,0
409419,0,0
409519,0,0
409619,0,0
409719,0,0
409819,0,0
409919,0,0
410019,0,0
410119,0,0
410219,0,0
410319,0,0
410419,0,0
410519,0,0
410619,0,0
410719,0,0
410819,0,0
410919,0,0
411019,0,0
411119,0,0
411219,0,0
411319,0,0
411419,0,0
411519,0,0
411619,0,0
411719,0,0
411819,0,0
411919,0,0
412019,0,0
412119,0,0
412219,0,0
412319,0,0
412419,0,0
412519,0,0
412619,0,0
412719,0,0
412819,0,0
412919,0,0
413019,0,0
413119,0,0
413219,0,0
413319,0,0
413419,0,0
413519,0,0
413619,0,0
413719,0,0
413819,0,0
413919,0,0
414019,0,0
414119,0,0
414219,0,0
414319,0,0
414419,0,0
414519,0,0
414619,0,0
414719,0,0
414819,0,0
414919,0,0
415019,0,0
415119,0,0
415219,0,0
415319,0,0
415419,0,0
415519,0,0
415619,0,0
415719,0,0
415819,0,0
415919,0,0
416019,0,0
416178,0,0
416278,1,1
416378,1,1
416478,1,1
416578,1,1
416678,1,1
416778,1,1
416878,1,1
416978,1,1
417078,1,1
417178,1,1
417278,1,1
417378,1,1
417478,1,1
417578,1,1
417678,1,1
417778,1,1
417878,1,1
417978,1,1
418078,1,1
418178,1,1
418278,1,1
418378,1,1
418478,1,1
418578,1,1
418678,1,1
418778,1,1
418878,1,1
418978,1,1
419078,1,1
419178,1,1
419278,1,1
419378,1,1
419478,1,1
419578,1,1
419678,1,1
419778,1,1
419878,1,1
419978,1,1
420078,1,1
420170,1,1
420270,1,1
420370,1,1
420470,1,1
420570,1,1
420670,1,1
420770,1,1
420870,1,1
420970,1,1
421070,1,1
421170,1,1
421270,1,1
421370,1,1
421470,1,1
421570,1,1
421670,1,1
421771,1,1
421871,1,1
421971,1,1
422071,1,1
422171,1,1
422271,1,1
422371,1,1
422471,1,1
422571,1,1
422671,1,1
422771,1,1
422871,1,1
422971,1,1
423071,1,1
423171,1,1
423271,1,1
423371,1,1
423471,1,1
423571,1,1
423671,1,1
423771,1,1
423871,1,1
423971,1,1
424085,1,1
424185,1,1
424285,1,1
424385,1,1
424485,1,1
424585,1,1
424686,1,1
424786,1,1
424886,1,1
424986,1,1
425086,1,1
425186,1,1
425286,1,1
425386,1,1
425486,1,1
425586,1,1
425686,1,1
425786,1,1
425886,1,1
425986,1,1
426086,1,1
426186,1,1
426286,1,1
426386,1,1
426486,1,1
426586,1,1
426686,1,1
426786,1,1
426886,1,1
426986,1,1
427086,1,1
427186,1,1
427286,1,1
427386,1,1
427486,1,1
427586,1,1
427686,1,1
427786,1,1
427886,1,1
427986,1,1
428086,1,1
428186,1,1
428286,1,1
428386,1,1
428486,1,1
428586,1,1
428686,1,1
428786,1,1
428886,1,1
428986,1,1
429086,1,1
429186,1,1
429286,1,1
429386,1,1
429486,1,1
429586,1,1
429686,1,1
429786,1,1
429886,1,1
429986,1,1
430086,1,1
430186,1,1
430286,1,1
430386,1,1
430486,1,1
430586,1,1
430686,1,1
430786,1,1
430886,1,1
430986,1,1
431086,1,1
431186,1,1
431286,1,1
431386,1,1
431486,1,1
431586,1,1
431686,1,1
431786,1,1
431886,1,1
431986,1,1
432085,1,1
432207,1,1
432307,1,1
432408,1,1
432508,1,1
432608,1,1
432708,1,1
432808,1,1
432908,1,1
433008,1,1
433108,1,1
433208,1,1
433308,1,1
433408,1,1
433508,1,1
433608,1,1
433708,1,1
433808,1,1
433908,1,1
434008,1,1
434108,1,1
434208,1,1
434308,1,1
434408,1,1
434508,1,1
434608,1,1
434708,1,1
434808,1,1
434908,1,1
435008,1,1
435108,1,1
435208,1,1
435309,1,1
435409,1,1
435509,1,1
435609,1,1
435709,1,1
435809,1,1
435909,1,1
436009,1,1
436108,1,1
436208,1,1
436308,1,1
436408,1,1
436508,1,1
436608,1,1
436708,1,1
436808,1,1
436908,1,1
437008,1,1
437108,1,1
437208,1,1
437308,1,1
437408,1,1
437508,1,1
437608,1,1
437708,1,1
437808,1,1
437908,1,1
438008,1,1
438108,1,1
438208,1,1
438308,1,1
438408,1,1
438508,1,1
438608,1,1
438708,1,1
438808,1,1
438908,1,1
439008,1,1
439108,1,1
439208,1,1
439308,1,1
439408,1,1
439508,1,1
439608,1,1
439708,1,1
439808,1,1
439908,1,1
440008,1,1
440109,1,1
440211,1,1
440311,1,1
440411,1,1
440511,1,1
440611,1,1
440711,1,1
440811,1,1
440911,1,1
441011,1,1
441112,1,1
441212,1,1
441312,1,1
441412,1,1
441512,1,1
441612,1,1
441712,1,1
441812,1,1
441912,1,1
442012,1,1
442112,1,1
442212,1,1
442312,1,1
442412,1,1
442512,1,1
442612,1,1
442712,1,1
442812,1,1
442912,1,1
443012,1,1
443112,1,1
443212,1,1
443312,1,1
443412,1,1
443512,1,1
443612,1,1
443712,1,1
443812,1,1
443912,1,1
444013,1,1
444113,1,1
444233,1,1
444333,1,1
444433,1,1
444533,1,1
444633,1,1
444733,1,1
444833,1,1
444933,1,1
445033,1,1
445133,1,1
445233,1,1
445333,1,1
445433,1,1
445533,1,1
445633,1,1
445733,1,1
445833,1,1
445933,1,1
446033,1,1
446133,1,1
446233,1,1
446333,1,1
446433,1,1
446533,1,1
446633,1,1
446733,1,1
446833,1,1
446933,1,1
447033,1,1
447133,1,1
447233,1,1
447333,1,1
447433,1,1
447533,1,1
447633,1,1
447733,1,1
447833,1,1
447933,1,1
448033,1,1
448133,1,1
448238,1,1
448338,1,1
448438,1,1
448538,1,1
448638,1,1
448738,1,1
448838,1,1
448938,1,1
449038,1,1
449138,1,1
449238,1,1
449338,1,1
449438,1,1
449538,1,1
449638,1,1
449738,1,1
449838,1,1
449938,1,1
450038,1,1
450138,1,1
450238,1,1
450338,1,1
450438,1,1
450538,1,1
450638,1,1
450738,1,1
450839,1,1
450939,1,1
451039,1,1
451139,1,1
451239,1,1
451339,1,1
451439,1,1
451539,1,1
451639,1,1
451739,1,1
451839,1,1
451939,1,1
452039,1,1
452139,1,1
452236,1,1
452336,1,1
452436,1,1
452536,1,1
452636,1,1
452736,1,1
452837,1,1
452937,1,1
453037,1,1
453137,1,1
453237,1,1
453337,1,1
453437,1,1
453537,1,1
453637,1,1
453737,1,1
453837,1,1
453937,1,1
454037,1,1
454137,1,1
454237,1,1
454337,1,1
454437,1,1
454537,1,1
454637,1,1
454737,1,1
454837,1,1
454937,1,1
455037,1,1
455137,1,1
455237,1,1
455337,1,1
455437,1,1
455537,1,1
455637,1,1
455737,1,1
455837,1,1
455937,1,1
456037,1,1
456137,1,1
456257,1,1
456357,1,1
456457,1,1
456557,1,1
456657,1,1
456758,1,1
456858,1,1
456958,1,1
457058,1,1
457158,1,1
457258,1,1
457358,1,1
457458,1,1
457558,1,1
457658,1,1
457758,1,1
457858,1,1
457958,1,1
458058,1,1
458158,1,1
458258,1,1
458358,1,1
458458,1,1
458558,1,1
458658,1,1
458758,1,1
458858,1,1
458958,1,1
459058,1,1
459158,1,1
459258,1,1
459358,1,1
459458,1,1
459558,1,1
459659,1,1
459759,1,1
459859,1,1
459959,1,1
460059,1,1
460159,1,1
460259,1,1
460359,1,1
460459,1,1
460559,1,1
460659,1,1
460759,1,1
460859,1,1
460959,1,1
461059,1,1
461159,1,1
461259,1,1
461359,1,1
461459,1,1
461559,1,1
461659,1,1
461759,1,1
461859,1,1
461959,1,1
462059,1,1
462159,1,1
462259,1,1
462359,1,1
462459,1,1
462560,1,1
462660,1,1
462760,1,1
462860,1,1
462960,1,1
463060,1,1
463160,1,1
463260,1,1
463360,1,1
463460,1,1
463560,1,1
463660,1,1
463760,1,1
463860,1,1
463960,1,1
464060,1,1
464160,1,1
464285,0,0
464385,0,0
464485,0,0
464585,0,0
464685,0,0
464785,0,0
464885,0,0
464985,0,0
465085,0,0
465185,0,0
465285,0,0
465385,0,0
465485,0,0
465585,0,0
465685,0,0
465785,0,0
465885,0,0
465985,0,0
466085,0,0
466185,0,0
466285,0,0
466385,0,0
466486,0,0
466586,0,0
466686,0,0
466786,0,0
466886,0,0
466986,0,0
467086,0,0
467186,0,0
467286,0,0
467386,0,0
467486,0,0
467586,0,0
467686,0,0
467786,0,0
467886,0,0
467986,0,0
468086,0,0
468186,0,0
468286,0,0
468386,0,0
468486,0,0
468586,0,0
468686,0,0
468786,0,0
468886,0,0
468986,0,0
469086,0,0
469186,0,0
469286,0,0
469387,0,0
469487,0,0
469587,0,0
469687,0,0
469787,0,0
469887,0,0
469987,0,0
470087,0,0
470187,0,0
470287,0,0
470387,0,0
470487,0,0
470587,0,0
470687,0,0
470787,0,0
470887,0,0
470987,0,0
471087,0,0
471187,0,0
471287,0,0
471387,0,0
471487,0,0
471587,0,0
471687,0,0
471787,0,0
471887,0,0
471987,0,0
472087,0,0
472199,0,0
472300,0,0
472400,0,0
472500,0,0
472600,0,0
472700,0,0
472800,0,0
472900,0,0
473000,0,0
473100,0,0
473200,0,0
473300,0,0
473400,0,0
473500,0,0
473600,0,0
473700,0,0
473800,0,0
473900,0,0
474000,0,0
474100,0,0
474200,0,0
474300,0,0
474400,0,0
474500,0,0
474600,0,0
474700,0,0
474800,0,0
474900,0,0
475000,0,0
475100,0,0
475200,0,0
475300,0,0
475400,0,0
475500,0,0
475600,0,0
475700,0,0
475800,0,0
475900,0,0
476000,0,0
476100,0,0
476198,0,0
476298,0,0
476398,0,0
476498,0,0
476598,0,0
476698,0,0
476798,0,0
476898,0,0
476998,0,0
477098,0,0
477198,0,0
477298,0,0
477398,0,0
477498,0,0
477598,0,0
477698,0,0
477798,0,0
477898,0,0
477998,0,0
478098,0,0
478198,0,0
478298,0,0
478398,0,0
478498,0,0
478598,0,0
478698,0,0
478798,0,0
478898,0,0
478998,0,0
479098,0,0
479198,0,0
479298,0,0
479398,0,0
479498,0,0
479598,0,0
479698,0,0
479798,0,0
479898,0,0
479998,0,0
480098,0,0
480200,0,0
480305,0,0
480405,0,0
480505,0,0
480605,0,0
480706,0,0
480806,0,0
480906,0,0
481006,0,0
481106,0,0
481206,0,0
481306,0,0
481406,0,0
481506,0,0
481606,0,0
481706,0,0
481806,0,0
481906,0,0
482006,0,0
482106,0,0
482206,0,0
482306,0,0
482406,0,0
482506,0,0
482606,0,0
482706,0,0
482806,0,0
482906,0,0
483006,0,0
483106,0,0
483206,0,0
483306,0,0
483406,0,0
483506,0,0
483607,0,0
483707,0,0
483807,0,0
483907,0,0
484007,0,0
484107,0,0
484206,0,0
484306,0,0
484406,0,0
484506,0,0
484606,0,0
484706,0,0
484806,0,0
484906,0,0
485006,0,0
485106,0,0
485206,0,0
485306,0,0
485406,0,0
485506,0,0
485606,0,0
485706,0,0
485806,0,0
485906,0,0
486006,0,0
486106,0,0
486206,0,0
486306,0,0
486406,0,0
486507,0,0
486607,0,0
486707,0,0
486807,0,0
486907,0,0
487007,0,0
487107,0,0
487207,0,0
487307,0,0
487407,0,0
487507,0,0
487607,0,0
487707,0,0
487807,0,0
487907,0,0
488007,0,0
488107,0,0
488208,0,0
488308,0,0
488408,0,0
488508,0,0
488608,0,0
488708,0,0
488808,0,0
488908,0,0
489008,0,0
489108,0,0
489208,0,0
489308,0,0
489408,0,0
489508,0,0
489608,0,0
489708,0,0
489808,0,0
489908,0,0
490008,0,0
490108,0,0
490208,0,0
490308,0,0
490408,0,0
490508,0,0
490608,0,0
490708,0,0
490808,0,0
490908,0,0
491008,0,0
491108,0,0
491208,0,0
491308,0,0
491408,0,0
491508,0,0
491608,0,0
491708,0,0
491808,0,0
491908,0,0
492008,0,0
492108,0,0
492207,0,0
492307,0,0
492407,0,0
492507,0,0
492607,0,0
492707,0,0
492807,0,0
492907,0,0
493007,0,0
493107,0,0
493207,0,0
493307,0,0
493407,0,0
493507,0,0
493607,0,0
493707,0,0
493807,0,0
493907,0,0
494007,0,0
494107,0,0
494207,0,0
494307,0,0
494407,0,0
494507,0,0
494607,0,0
494707,0,0
494807,0,0
494907,0,0
495007,0,0
495107,0,0
495207,0,0
495307,0,0
495407,0,0
495507,0,0
495607,0,0
495707,0,0
495807,0,0
495907,0,0
496007,0,0
496107,0,0
496206,0,0
496306,0,0
496406,0,0
496506,0,0
496606,0,0
496706,0,0
496806,0,0
496906,0,0
497006,0,0
497106,0,0
497206,0,0
497306,0,0
497406,0,0
497506,0,0
497606,0,0
497706,0,0
497806,0,0
497906,0,0
498006,0,0
498106,0,0
498206,0,0
498306,0,0
498406,0,0
498506,0,0
498606,0,0
498706,0,0
498806,0,0
498906,0,0
499006,0,0
499106,0,0
499206,0,0
499306,0,0
499406,0,0
499506,0,0
499606,0,0
499706,0,0
499806,0,0
499906,0,0
500006,0,0
500106,0,0
500207,0,0
500307,0,0
500407,0,0
500507,0,0
500607,0,0
500707,0,0
500807,0,0
500907,0,0
501007,0,0
501107,0,0
501207,0,0
501307,0,0
501407,0,0
501507,0,0
501607,0,0
501707,0,0
501807,0,0
501907,0,0
502007,0,0
502107,0,0
502207,0,0
502307,0,0
502407,0,0
502507,0,0
502607,0,0
502707,0,0
502807,0,0
502907,0,0
503007,0,0
503107,0,0
503207,0,0
503307,0,0
503407,0,0
503507,0,0
503607,0,0
503707,0,0
503807,0,0
503907,0,0
504007,0,0
504107,0,0
504207,0,0
504307,0,0
504407,0,0
504507,0,0
504607,0,0
504707,0,0
504807,0,0
504907,0,0
505007,0,0
505107,0,0
505207,0,0
505307,0,0
505407,0,0
505507,0,0
505607,0,0
505707,0,0
505807,0,0
505907,0,0
506007,0,0
506107,0,0
506207,0,0
506307,0,0
506407,0,0
506507,0,0
506607,0,0
506707,0,0
506807,0,0
506907,0,0
507007,0,0
507107,0,0
507207,0,0
507307,0,0
507407,0,0
507507,0,0
507607,0,0
507707,0,0
507807,0,0
507907,0,0
508007,0,0
508107,0,0
508207,0,0
508308,0,0
508408,0,0
508508,0,0
508609,0,0
508709,0,0
508809,0,0
508909,0,0
509009,0,0
509109,0,0
509209,0,0
509309,0,0
509409,0,0
509509,0,0
509609,0,0
509709,0,0
509809,0,0
509909,0,0
510009,0,0
510109,0,0
510209,0,0
510309,0,0
510409,0,0
510509,0,0
510609,0,0
510709,0,0
510809,0,0
510909,0,0
511009,0,0
511109,0,0
511209,0,0
511309,0,0
511409,0,0
511510,0,0
511610,0,0
511710,0,0
511810,0,0
511910,0,0
512010,0,0
512110,0,0
512208,0,0
512313,0,0
512413,0,0
512513,0,0
512613,0,0
512713,0,0
512813,0,0
512913,0,0
513013,0,0
513113,0,0
513213,0,0
513313,0,0
513413,0,0
513513,0,0
513613,0,0
513713,0,0
513813,0,0
513913,0,0
514013,0,0
514113,0,0
514213,0,0
514313,0,0
514413,0,0
514513,0,0
514613,0,0
514713,0,0
514813,0,0
514913,0,0
515013,0,0
515113,0,0
515213,0,0
515313,0,0
515413,0,0
515513,0,0
515613,0,0
515713,0,0
515813,0,0
515913,0,0
516013,0,0
516113,0,0
516213,0,0
516313,0,0
516413,0,0
516513,0,0
516613,0,0
516713,0,0
516813,0,0
516913,0,0
517013,0,0
517113,0,0
517213,0,0
517313,0,0
517413,0,0
517513,0,0
517613,0,0
517713,0,0
517813,0,0
517913,0,0
518013,0,0
518113,0,0
518213,0,0
518313,0,0
518413,0,0
518513,0,0
518613,0,0
518713,0,0
518813,0,0
518913,0,0
519013,0,0
519113,0,0
519213,0,0
519313,0,0
519413,0,0
519513,0,0
519613,0,0
519713,0,0
519813,0,0
519913,0,0
520013,0,0
520113,0,0
520213,0,0
520313,0,0
520413,0,0
520513,0,0
520613,0,0
520713,0,0
520813,0,0
520913,0,0
521013,0,0
521113,0,0
521213,0,0
521313,0,0
521413,0,0
521513,0,0
521613,0,0
521713,0,0
521813,0,0
521913,0,0
522013,0,0
522113,0,0
522213,0,0
522313,0,0
522413,0,0
522513,0,0
522613,0,0
522713,0,0
522813,0,0
522913,0,0
523013,0,0
523113,0,0
523213,0,0
523313,0,0
523413,0,0
523513,0,0
523613,0,0
523713,0,0
523813,0,0
523913,0,0
524013,0,0
524113,0,0
524213,0,0
524313,0,0
524413,0,0
524513,0,0
524613,0,0
524713,0,0
524813,0,0
524913,0,0
525013,0,0
525113,0,0
525213,0,0
525313,0,0
525413,0,0
525513,0,0
525613,0,0
525713,0,0
525813,0,0
525913,0,0
526013,0,0
526113,0,0
526213,0,0
526313,0,0
526413,0,0
526513,0,0
526613,0,0
526713,0,0
526813,0,0
526913,0,0
527013,0,0
527113,0,0
527213,0,0
527313,0,0
527413,0,0
527513,0,0
527613,0,0
527713,0,0
527813,0,0
527913,0,0
528013,0,0
528113,0,0
528213,0,0
528313,0,0
528413,0,0
528513,0,0
528613,0,0
528713,0,0
528813,0,0
528913,0,0
529013,0,0
529113,0,0
529213,0,0
529313,0,0
529413,0,0
529513,0,0
529613,0,0
529713,0,0
529813,0,0
529913,0,0
530013,0,0
530113,0,0
530213,0,0
530313,0,0
530413,0,0
530513,0,0
530613,0,0
530713,0,0
530813,0,0
530913,0,0
531013,0,0
531113,0,0
531213,0,0
531313,0,0
531413,0,0
531513,0,0
531613,0,0
531713,0,0
531813,0,0
531913,0,0
532013,0,0
532113,0,0
532213,0,0
532313,0,0
532413,0,0
532513,0,0
532613,0,0
532713,0,0
532813,0,0
532913,0,0
533013,0,0
533113,0,0
533213,0,0
533313,0,0
533414,0,0
533514,0,0
533614,0,0
533714,0,0
533814,0,0
533914,0,0
534014,0,0
534114,0,0
534214,0,0
534314,0,0
534414,0,0
534514,0,0
534614,0,0
534714,0,0
534814,0,0
534914,0,0
535014,0,0
535114,0,0
535214,0,0
535314,0,0
535414,0,0
535514,0,0
535614,0,0
535714,0,0
535814,0,0
535914,0,0
536014,0,0
536114,0,0
536214,0,0
536314,0,0
536414,0,0
536514,0,0
536614,0,0
536714,0,0
536814,0,0
536914,0,0
537014,0,0
537114,0,0
537214,0,0
537314,0,0
537413,0,0
537513,0,0
537613,0,0
537713,0,0
537813,0,0
537913,0,0
538013,0,0
538113,0,0
538213,0,0
538313,0,0
538413,0,0
538513,0,0
538613,0,0
538713,0,0
538813,0,0
538913,0,0
539013,0,0
539113,0,0
539213,0,0
539313,0,0
539413,0,0
539513,0,0
539613,0,0
539713,0,0
539813,0,0
539913,0,0
540013,0,0
540113,0,0
540213,0,0
540313,0,0
540413,0,0
540513,0,0
540613,0,0
540713,0,0
540813,0,0
540913,0,0
541013,0,0
541113,0,0
541213,0,0
541313,0,0
541413,0,0
541513,0,0
541613,0,0
541713,0,0
541813,0,0
541913,0,0
542013,0,0
542113,0,0
542213,0,0
542313,0,0
542413,0,0
542513,0,0
542613,0,0
542713,0,0
542813,0,0
542913,0,0
543013,0,0
543113,0,0
543213,0,0
543313,0,0
543413,0,0
543513,0,0
543613,0,0
543713,0,0
543813,0,0
543913,0,0
544013,0,0
544113,0,0
544213,0,0
544313,0,0
544413,0,0
544513,0,0
544613,0,0
544713,0,0
544813,0,0
544913,0,0
545013,0,0
545113,0,0
545213,0,0
545313,0,0
545414,0,0
545514,0,0
545614,0,0
545714,0,0
545814,0,0
545914,0,0
546014,0,0
546114,0,0
546214,0,0
546314,0,0
546414,0,0
546514,0,0
546614,0,0
546714,0,0
546814,0,0
546914,0,0
547014,0,0
547114,0,0
547214,0,0
547314,0,0
547414,0,0
547514,0,0
547614,0,0
547714,0,0
547814,0,0
547914,0,0
548014,0,0
548114,0,0
548214,0,0
548314,0,0
548414,0,0
548514,0,0
548614,0,0
548714,0,0
548814,0,0
548914,0,0
549014,0,0
549114,0,0
549214,0,0
549314,0,0
549414,0,0
549514,0,0
549612,0,0
549712,0,0
549812,0,0
549912,0,0
550012,0,0
550112,0,0
550212,0,0
550312,0,0
550412,0,0
550512,0,0
550612,0,0
550712,0,0
550812,0,0
550912,0,0
551012,0,0
551112,0,0
551212,0,0
551312,0,0
551412,0,0
551512,0,0
551612,0,0
551712,0,0
551812,0,0
551912,0,0
552012,0,0
552112,0,0
552212,0,0
552312,0,0
552412,0,0
552512,0,0
552612,0,0
552712,0,0
552812,0,0
552912,0,0
553012,0,0
553112,0,0
553212,0,0
553312,0,0
553412,0,0
553512,0,0
553613,0,0
553713,0,0
553813,0,0
553913,0,0
554013,0,0
554113,0,0
554213,0,0
554313,0,0
554413,0,0
554513,0,0
554613,0,0
554713,0,0
554813,0,0
554913,0,0
555013,0,0
555113,0,0
555213,0,0
555313,0,0
555413,0,0
555513,0,0
555613,0,0
555713,0,0
555813,0,0
555913,0,0
556013,0,0
556113,0,0
556213,0,0
556313,0,0
556413,0,0
556513,0,0
556613,0,0
556713,0,0
556813,0,0
556913,0,0
557013,0,0
557113,0,0
557213,0,0
557313,0,0
557413,0,0
557513,0,0
557612,0,0
557712,0,0
557812,0,0
557912,0,0
558012,0,0
558112,0,0
558212,0,0
558312,0,0
558412,0,0
558512,0,0
558612,0,0
558712,0,0
558812,0,0
558912,0,0
559012,0,0
559112,0,0
559212,0,0
559312,0,0
559412,0,0
559512,0,0
559612,0,0
559712,0,0
559812,0,0
559912,0,0
560012,0,0
560112,0,0
560212,0,0
560312,0,0
560412,0,0
560512,0,0
560612,0,0
560712,0,0
560812,0,0
560912,0,0
561012,0,0
561112,0,0
561212,0,0
561312,0,0
561412,0,0
561512,0,0
561612,0,0
561712,0,0
561812,0,0
561912,0,0
562012,0,0
562112,0,0
562212,0,0
562312,0,0
562412,0,0
562512,0,0
562612,0,0
562712,0,0
562812,0,0
562912,0,0
563012,0,0
563112,0,0
563212,0,0
563312,0,0
563412,0,0
563512,0,0
563612,0,0
563712,0,0
563812,0,0
563912,0,0
564012,0,0
564112,0,0
564212,0,0
564312,0,0
564412,0,0
564512,0,0
564612,0,0
564712,0,0
564812,0,0
564912,0,0
565012,0,0
565112,0,0
565212,0,0
565312,0,0
565412,0,0
565512,0,0
565613,0,0
565713,0,0
565813,0,0
565913,0,0
566013,0,0
566113,0,0
566213,0,0
566313,0,0
566413,0,0
566513,0,0
566613,0,0
566713,0,0
566813,0,0
566913,0,0
567013,0,0
567113,0,0
567213,0,0
567313,0,0
567413,0,0
567513,0,0
567613,0,0
567713,0,0
567813,0,0
567913,0,0
568013,0,0
568113,0,0
568213,0,0
568465,0,0
568565,0,0
568665,0,0
568765,0,0
568865,0,0
568965,0,0
569065,0,0
569165,0,0
569265,0,0
569365,0,0
569465,0,0
569565,0,0
569665,0,0
569765,0,0
569865,0,0
569965,0,0
570065,0,0
570165,0,0
570265,0,0
570365,0,0
570465,0,0
570565,0,0
570665,0,0
570765,0,0
570865,0,0
570965,0,0
571065,0,0
571165,0,0
571265,0,0
571365,0,0
571465,0,0
571565,0,0
571665,0,0
571765,0,0
571865,0,0
571965,0,0
572065,0,0
572165,0,0
572265,0,0
572365,0,0
572465,0,0
572565,0,0
572665,0,0
572765,0,0
572865,0,0
572965,0,0
573065,0,0
573165,0,0
573265,0,0
573365,0,0
573465,0,0
573565,0,0
573664,0,0
573764,0,0
573864,0,0
573964,0,0
574064,0,0
574164,0,0
574264,0,0
574364,0,0
574464,0,0
574564,0,0
574664,0,0
574764,0,0
574864,0,0
574964,0,0
575064,0,0
575164,0,0
575264,0,0
575364,0,0
575464,0,0
575564,0,0
575664,0,0
575764,0,0
575864,0,0
575964,0,0
576064,0,0
576164,0,0
576264,0,0
576364,0,0
576464,0,0
576564,0,0
576664,0,0
576764,0,0
576864,0,0
576964,0,0
577064,0,0
577164,0,0
577264,0,0
577364,0,0
577464,0,0
577564,0,0
577664,0,0
577764,0,0
577864,0,0
577964,0,0
578064,0,0
578164,0,0
578264,0,0
578364,0,0
578464,0,0
578564,0,0
578664,0,0
578764,0,0
578864,0,0
578964,0,0
579064,0,0
579164,0,0
579264,0,0
579364,0,0
579464,0,0
579564,0,0
579664,0,0
579764,0,0
579864,0,0
579964,0,0
580064,0,0
580164,0,0
580264,0,0
580364,0,0
580464,0,0
580564,0,0
580664,0,0
580764,0,0
580864,0,0
580964,0,0
581064,0,0
581164,0,0
581264,0,0
581364,0,0
581464,0,0
581564,0,0
581664,0,0
581764,0,0
581864,0,0
581964,0,0
582064,0,0
582164,0,0
582264,0,0
582364,0,0
582464,0,0
582564,0,0
582664,0,0
582764,0,0
582864,0,0
582964,0,0
583064,0,0
583164,0,0
583264,0,0
583364,0,0
583464,0,0
583564,0,0
583664,0,0
583764,0,0
583864,0,0
583964,0,0
584064,0,0
584164,0,0
584264,0,0
584364,0,0
584464,0,0
584564,0,0
584664,0,0
584764,0,0
584864,0,0
584964,0,0
585064,0,0
585164,0,0
585264,0,0
585364,0,0
585464,0,0
585564,0,0
585664,0,0
585764,0,0
585864,0,0
585964,0,0
586064,0,0
586164,0,0
586264,0,0
586364,0,0
586464,0,0
586564,0,0
586664,0,0
586764,0,0
586864,0,0
586964,0,0
587064,0,0
587164,0,0
587264,0,0
587364,0,0
587464,0,0
587564,0,0
587664,0,0
587764,0,0
587864,0,0
587964,0,0
588064,0,0
588164,0,0
588264,0,0
588364,0,0
588464,0,0
588564,0,0
588664,0,0
588764,0,0
588864,0,0
588964,0,0
589064,0,0
589164,0,0
589264,0,0
589364,0,0
589464,0,0
589564,0,0
589664,0,0
589764,0,0
589864,0,0
589964,0,0
590064,0,0
590164,0,0
590264,0,0
590364,0,0
590464,0,0
590564,0,0
590664,0,0
590764,0,0
590864,0,0
590964,0,0
591064,0,0
591164,0,0
591264,0,0
591364,0,0
591464,0,0
591564,0,0
591664,0,0
591764,0,0
591864,0,0
591964,0,0
592064,0,0
592164,0,0
592264,0,0
592364,0,0
592464,0,0
592564,0,0
592664,0,0
592764,0,0
592864,0,0
592964,0,0
593064,0,0
593164,0,0
593264,0,0
593364,0,0
593464,0,0
593564,0,0
593664,0,0
593764,0,0
593864,0,0
593964,0,0
594064,0,0
594164,0,0
594264,0,0
594364,0,0
594464,0,0
594564,0,0
594664,0,0
594764,0,0
594864,0,0
594964,0,0
595064,0,0
595164,0,0
595264,0,0
595364,0,0
595464,0,0
595564,0,0
595664,0,0
595764,0,0
595864,0,0
595964,0,0
596064,0,0
596164,0,0
596264,0,0
596364,0,0
596464,0,0
596564,0,0
596664,0,0
596764,0,0
596864,0,0
596964,0,0
597064,0,0
597164,0,0
597264,0,0
597364,0,0
597464,0,0
597564,0,0
597664,0,0
597764,0,0
597864,0,0
597964,0,0
598064,0,0
598164,0,0
598264,0,0
598364,0,0
598464,0,0
598564,0,0
598664,0,0
598764,0,0
598864,0,0
598964,0,0
599064,0,0
599164,0,0
599264,0,0
599364,0,0
599464,0,0
599564,0,0
599664,0,0
599764,0,0
599864,0,0
599964,0,0
600064,0,0
600164,0,0
600264,0,0
600364,0,0
600464,0,0
600564,0,0
600664,0,0
600764,0,0
600864,0,0
600964,0,0
601064,0,0
601164,0,0
601264,0,0
601364,0,0
601464,0,0
601564,0,0
601664,0,0
601764,0,0
601864,0,0
601964,0,0
602064,0,0
602164,0,0
602264,0,0
602364,0,0
602464,0,0
602564,0,0
602664,0,0
602764,0,0
602864,0,0
602964,0,0
603064,0,0
603164,0,0
603264,0,0
603364,0,0
603464,0,0
603564,0,0
603664,0,0
603764,0,0
603864,0,0
603964,0,0
604064,0,0
604164,0,0
604264,0,0
604364,0,0
604464,0,0
604564,0,0
604664,0,0
604764,0,0
604864,0,0
604964,0,0
605064,0,0
605164,0,0
605264,0,0
605364,0,0
605464,0,0
605564,0,0
605664,0,0
605764,0,0
605864,0,0
605964,0,0
606064,0,0
606164,0,0
606264,0,0
606364,0,0
606464,0,0
606564,0,0
606664,0,0
606764,0,0
606864,0,0
606964,0,0
607064,0,0
607164,0,0
607264,0,0
607364,0,0
607464,0,0
607564,0,0
607664,0,0
607764,0,0
607864,0,0
607964,0,0
608064,0,0
608164,0,0
608264,0,0
608364,0,0
608464,0,0
608564,0,0
608664,0,0
608764,0,0
608864,0,0
608964,0,0
609064,0,0
609164,0,0
609264,0,0
609364,0,0
609464,0,0
609564,0,0
609664,0,0
609764,0,0
609864,0,0
609964,0,0
610064,0,0
610164,0,0
610264,0,0
610364,0,0
610464,0,0
610564,0,0
610664,0,0
610764,0,0
610864,0,0
610964,0,0
611064,0,0
611164,0,0
611264,0,0
611364,0,0
611464,0,0
611564,0,0
611664,0,0
611764,0,0
611864,0,0
611964,0,0
612064,0,0
612164,0,0
612264,0,0
612364,0,0
612464,0,0
612564,0,0
612664,0,0
612764,0,0
612864,0,0
612964,0,0
613064,0,0
613164,0,0
613264,0,0
613364,0,0
613464,0,0
613564,0,0
613664,0,0
613764,0,0
613864,0,0
613964,0,0
614064,0,0
614164,0,0
614264,0,0
614364,0,0
614464,0,0
614564,0,0
614664,0,0
614764,0,0
614864,0,0
614964,0,0
615064,0,0
615164,0,0
615264,0,0
615364,0,0
615464,0,0
615564,0,0
615664,0,0
615764,0,0
615864,0,0
615964,0,0
616064,0,0
616164,0,0
616264,0,0
616364,0,0
616464,0,0
616564,0,0
616664,0,0
616764,0,0
616864,0,0
616964,0,0
617064,0,0
617164,0,0
617264,0,0
617364,0,0
617464,0,0
617564,0,0
617664,0,0
617764,0,0
617864,0,0
617964,0,0
618064,0,0
618164,0,0
618264,0,0
618364,0,0
618464,0,0
618564,0,0
618664,0,0
618764,0,0
618864,0,0
618964,0,0
619064,0,0
619164,0,0
619264,0,0
619364,0,0
619464,0,0
619564,0,0
619664,0,0
619764,0,0
619864,0,0
619964,0,0
620064,0,0
620164,0,0
620264,0,0
620364,0,0
620464,0,0
620564,0,0
620664,0,0
620764,0,0
620864,0,0
620964,0,0
621064,0,0
621164,0,0
621264,0,0
621364,0,0
621464,0,0
621564,0,0
621664,0,0
621764,0,0
621864,0,0
621964,0,0
622064,0,0
622164,0,0
622264,0,0
622364,0,0
622464,0,0
622564,0,0
622664,0,0
622764,0,0
622864,0,0
622964,0,0
623064,0,0
623164,0,0
623264,0,0
623364,0,0
623464,0,0
623564,0,0
623664,0,0
623764,0,0
623864,0,0
623964,0,0
624064,0,0
624164,0,0
624264,0,0
624364,0,0
624464,0,0
624564,0,0
624664,0,0
624764,0,0
624864,0,0
624964,0,0
625064,0,0
625164,0,0
625264,0,0
625364,0,0
625464,0,0
625564,0,0
625664,0,0
625764,0,0
625864,0,0
625964,0,0
626064,0,0
626164,0,0
626264,0,0
626364,0,0
626464,0,0
626564,0,0
626680,0,0
626780,0,0
626880,0,0
626980,0,0
627080,0,0
627180,0,0
627280,0,0
627380,0,0
627480,0,0
627580,0,0
627680,0,0
627780,0,0
627880,0,0
627980,0,0
628080,0,0
628180,0,0
628280,0,0
628380,0,0
628480,0,0
628580,0,0
628680,0,0
628780,0,0
628880,0,0
628980,0,0
629080,0,0
629180,0,0
629280,0,0
629380,0,0
629480,0,0
629580,0,0
629680,0,0
629780,0,0
629880,0,0
629980,0,0
630080,0,0
630180,0,0
630280,0,0
630380,0,0
630480,0,0
630580,0,0
630680,0,0
630780,0,0
630880,0,0
630980,0,0
631080,0,0
631180,0,0
631280,0,0
631380,0,0
631480,0,0
631580,0,0
631680,0,0
631780,0,0
631880,0,0
631980,0,0
632080,0,0
632180,0,0
632280,0,0
632380,0,0
632480,0,0
632580,0,0
632680,0,0
632780,0,0
632880,0,0
632980,0,0
633080,0,0
633180,0,0
633280,0,0
633380,0,0
633480,0,0
633580,0,0
633680,0,0
633780,0,0
633880,0,0
633980,0,0
634080,0,0
634180,0,0
634280,0,0
634380,0,0
634480,0,0
634580,0,0
634680,0,0
634780,0,0
634880,0,0
634980,0,0
635080,0,0
635180,0,0
635280,0,0
635380,0,0
635480,0,0
635580,0,0
635680,0,0
635780,0,0
635880,0,0
635980,0,0
636080,0,0
636180,0,0
636280,0,0
636380,0,0
636480,0,0
636580,0,0
636680,0,0
636780,0,0
636880,0,0
636980,0,0
637080,0,0
637180,0,0
637280,0,0
637380,0,0
637480,0,0
637580,0,0
637680,0,0
637780,0,0
637880,0,0
637980,0,0
638080,0,0
638180,0,0
638280,0,0
638380,0,0
638480,0,0
638580,0,0
638680,0,0
638780,0,0
638880,0,0
638980,0,0
639080,0,0
639180,0,0
639280,0,0
639380,0,0
639480,0,0
639580,0,0
639680,0,0
639780,0,0
639880,0,0
639980,0,0
640080,0,0
640180,0,0
640280,0,0
640380,0,0
640480,0,0
640580,0,0
640680,0,0
640780,0,0
640880,0,0
640980,0,0
641080,0,0
641180,0,0
641280,0,0
641380,0,0
641480,0,0
641580,0,0
641680,0,0
641780,0,0
641880,0,0
641980,0,0
642080,0,0
642180,0,0
642280,0,0
642380,0,0
642480,0,0
642580,0,0
642680,0,0
642780,0,0
642880,0,0
642980,0,0
643080,0,0
643180,0,0
643280,0,0
643380,0,0
643480,0,0
643580,0,0
643680,0,0
643780,0,0
643880,0,0
643980,0,0
644080,0,0
644180,0,0
644280,0,0
644380,0,0
644480,0,0
644580,0,0
644680,0,0
644780,0,0
644880,0,0
644980,0,0
645080,0,0
645180,0,0
645280,0,0
645380,0,0
645480,0,0
645580,0,0
645680,0,0
645780,0,0
645880,0,0
645980,0,0
646080,0,0
646180,0,0
646280,0,0
646380,0,0
646480,0,0
646580,0,0
646680,0,0
646780,0,0
646880,0,0
646980,0,0
647080,0,0
647180,0,0
647280,0,0
647380,0,0
647480,0,0
647580,0,0
647680,0,0
647780,0,0
647880,0,0
647980,0,0
648080,0,0
648180,0,0
648280,0,0
648380,0,0
648480,0,0
648580,0,0
648680,0,0
648780,0,0
648880,0,0
648980,0,0
649080,0,0
649180,0,0
649280,0,0
649380,0,0
649480,0,0
649580,0,0
649680,0,0
649780,0,0
649880,0,0
649980,0,0
650080,0,0
650180,0,0
650280,0,0
650380,0,0
650480,0,0
650580,0,0
650680,0,0
650780,0,0
650880,0,0
650980,0,0
651080,0,0
651180,0,0
651280,0,0
651380,0,0
651480,0,0
651580,0,0
651680,0,0
651780,0,0
651880,0,0
651980,0,0
652080,0,0
652180,0,0
652280,0,0
652380,0,0
652480,0,0
652580,0,0
652680,0,0
652780,0,0
652880,0,0
652980,0,0
653080,0,0
653180,0,0
653280,0,0
653380,0,0
653480,0,0
653580,0,0
653680,0,0
653780,0,0
653880,0,0
653980,0,0
654080,0,0
654180,0,0
654280,0,0
654380,0,0
654480,0,0
654580,0,0
654680,0,0
654780,0,0
654880,0,0
654980,0,0
655080,0,0
655180,0,0
655280,0,0
655380,0,0
655480,0,0
655580,0,0
655680,0,0
655780,0,0
655880,0,0
655980,0,0
656080,0,0
