p:4000,20000,6000,600,8000,4000,2000,8000,70
15099,0,0
15199,0,0
15299,0,0
15399,0,0
15499,0,0
15599,0,0
15699,0,0
15799,0,0
15899,0,0
15999,0,0
16099,1,1
16199,1,1
16299,1,1
16399,1,1
16499,1,1
16599,1,1
16699,1,1
16799,1,1
16899,1,1
16999,1,1
17099,1,1
17199,1,1
17299,1,1
17399,1,1
17499,1,1
17599,1,1
17699,1,1
17799,1,1
17899,1,1
17999,1,1
18099,1,1
18199,1,1
18299,1,1
18399,1,1
18499,1,1
18599,1,1
18699,1,1
18799,1,1
18899,1,1
18999,1,1
19099,1,1
19199,1,1
19299,1,1
19399,1,1
19499,1,1
19599,1,1
19699,1,1
19799,1,1
19899,1,1
19999,1,1
20099,1,1
20199,1,1
20299,1,1
20399,1,1
20499,1,1
20599,1,1
20699,1,1
20799,1,1
20899,1,1
20999,1,1
21099,1,1
21199,1,1
21299,1,1
21399,1,1
21499,1,1
21599,1,1
21699,1,1
21799,1,1
21899,1,1
21999,1,1
22099,1,1
22199,1,1
22299,1,1
22399,1,1
22499,1,1
22599,1,1
22699,1,1
22799,1,1
22899,1,1
22999,1,1
23101,1,1
23201,1,1
23301,1,1
23401,1,1
23501,1,1
23601,1,1
23701,1,1
23801,1,1
23901,1,1
24001,1,1
24101,1,1
24201,1,1
24301,1,1
24401,1,1
24501,1,1
24601,1,1
24701,1,1
24801,1,1
24901,1,1
25001,1,1
25101,1,1
25201,1,1
25301,1,1
25401,1,1
25501,1,1
25601,1,1
25701,1,1
25801,1,1
25901,1,1
26001,1,1
26101,1,1
26201,1,1
26301,1,1
26401,1,1
26501,1,1
26601,1,1
26701,1,1
26801,1,1
26901,1,1
27001,1,1
27101,1,1
27201,1,1
27301,1,1
27401,1,1
27501,1,1
27601,1,1
27701,1,1
27801,1,1
27901,1,1
28001,1,1
28101,1,1
28201,1,1
28301,1,1
28401,1,1
28501,1,1
28601,1,1
28701,1,1
28801,1,1
28901,1,1
29001,1,1
29101,1,1
29201,1,1
29301,1,1
29401,1,1
29501,1,1
29601,1,1
29701,1,1
29801,1,1
29901,1,1
30001,1,1
30101,1,1
30201,1,1
30301,1,1
30401,1,1
30501,1,1
30601,1,1
30701,1,1
30801,1,1
30901,1,1
31001,1,1
31100,1,1
31200,1,1
31300,1,1
31400,1,1
31500,1,1
31600,1,1
31700,1,1
31800,1,1
31900,1,1
32000,1,1
32100,1,1
32200,1,1
32300,1,1
32400,1,1
32500,1,1
32600,1,1
32700,1,1
32800,1,1
32900,1,1
33000,1,1
33100,1,1
33200,1,1
33300,1,1
33400,1,1
33500,1,1
33600,1,1
33700,1,1
33800,1,1
33900,1,1
34000,1,1
34100,1,1
34200,1,1
34300,1,1
34400,1,1
34500,1,1
34600,1,1
34700,1,1
34800,1,1
34900,1,1
35000,1,1
35100,1,1
35200,1,1
35295,1,1
35395,1,1
35495,1,1
35595,1,1
35695,1,1
35795,1,1
35895,1,1
35995,1,1
36095,1,1
36195,1,1
36295,1,1
36395,1,1
36495,1,1
36595,1,1
36695,1,1
36795,1,1
36895,1,1
36995,1,1
37095,1,1
37195,1,1
37295,1,1
37395,1,1
37495,1,1
37595,1,1
37695,1,1
37795,1,1
37895,1,1
37995,1,1
38095,1,1
38195,1,1
38295,1,1
38395,1,1
38495,1,1
38595,1,1
38695,1,1
38795,1,1
38895,1,1
38995,1,1
39095,1,1
39195,1,1
39295,1,1
39395,1,1
39495,1,1
39595,1,1
39695,1,1
39795,1,1
39895,1,1
39995,1,1
40095,1,1
40195,1,1
40295,1,1
40395,1,1
40495,1,1
40595,1,1
40695,1,1
40795,1,1
40895,1,1
40995,1,1
41095,1,1
41195,1,1
41295,1,1
41395,1,1
41495,1,1
41595,1,1
41695,1,1
41795,1,1
41895,1,1
41995,1,1
42095,1,1
42195,1,1
42295,1,1
42395,1,1
42495,1,1
42595,1,1
42695,1,1
42795,1,1
42895,1,1
42995,1,1
43095,1,1
43195,1,1
43294,1,1
43394,1,1
43494,1,1
43594,1,1
43694,1,1
43794,1,1
43894,1,1
43994,1,1
44124,1,1
44224,1,1
44324,1,1
44424,1,1
44524,1,1
44624,1,1
44724,1,1
44824,1,1
44924,1,1
45024,1,1
45124,1,1
45224,1,1
45324,1,1
45424,1,1
45524,1,1
45624,1,1
45724,1,1
45824,1,1
45924,1,1
46024,1,1
46124,1,1
46225,1,1
46325,1,1
46425,1,1
46525,1,1
46625,1,1
46725,1,1
46825,1,1
46925,1,1
47025,1,1
47125,1,1
47233,1,1
47333,1,1
47433,1,1
47533,1,1
47633,1,1
47733,1,1
47833,1,1
47933,1,1
48033,1,1
48133,1,1
48233,1,1
48333,1,1
48433,1,1
48533,1,1
48633,1,1
48733,1,1
48833,1,1
48933,1,1
49033,1,1
49134,1,1
49234,1,1
49334,1,1
49434,1,1
49534,1,1
49634,1,1
49734,1,1
49834,1,1
49934,1,1
50034,1,1
50134,1,1
50234,1,1
50334,1,1
50434,1,1
50534,1,1
50634,1,1
50734,1,1
50834,1,1
50934,1,1
51034,1,1
51134,1,1
51232,1,1
51332,1,1
51432,1,1
51532,1,1
51632,1,1
51732,1,1
51832,1,1
51932,1,1
52032,1,1
52132,1,1
52232,1,1
52332,1,1
52432,1,1
52532,1,1
52632,1,1
52732,1,1
52832,1,1
52932,1,1
53032,1,1
53132,1,1
53232,1,1
53332,1,1
53432,1,1
53532,1,1
53632,1,1
53732,1,1
53832,1,1
53932,1,1
54032,1,1
54132,1,1
54232,1,1
54332,1,1
54432,1,1
54532,1,1
54632,1,1
54732,1,1
54832,1,1
54932,1,1
55032,1,1
55132,1,1
55232,1,1
55332,1,1
55432,1,1
55532,1,1
55632,1,1
55732,1,1
55832,1,1
55932,1,1
56032,1,1
56132,1,1
56232,1,1
56332,1,1
56432,1,1
56532,1,1
56632,1,1
56732,1,1
56832,1,1
56932,1,1
57032,1,1
57132,1,1
57232,1,1
57332,1,1
57432,1,1
57532,1,1
57632,1,1
57732,1,1
57832,1,1
57932,1,1
58032,1,1
58132,1,1
58232,1,1
58332,1,1
58432,1,1
58532,1,1
58632,1,1
58732,1,1
58832,1,1
58932,1,1
59032,1,1
59132,1,1
59232,1,1
59332,1,1
59432,1,1
59532,1,1
59632,1,1
59732,1,1
59832,1,1
59932,1,1
60032,1,1
60132,1,1
60232,1,1
60332,0,0
60432,0,0
60532,0,0
60632,0,0
60732,0,0
60832,0,0
60932,0,0
61032,0,0
61132,0,0
61232,0,0
61332,0,0
61432,0,0
61532,0,0
61632,0,0
61732,0,0
61832,0,0
61932,0,0
62032,0,0
62132,0,0
62232,0,0
62332,0,0
62432,0,0
62532,0,0
62632,0,0
62732,0,0
62832,0,0
62932,0,0
63032,0,0
63132,0,0
63232,0,0
63332,0,0
63432,0,0
63532,0,0
63632,0,0
63732,0,0
63832,0,0
63932,0,0
64032,0,0
64132,0,0
64232,0,0
64332,0,0
64432,0,0
64532,0,0
64632,0,0
64732,0,0
64832,0,0
64932,0,0
65032,0,0
65132,0,0
65232,0,0
65332,0,0
65432,0,0
65532,0,0
65632,0,0
65732,0,0
65832,0,0
65932,0,0
66032,0,0
66132,0,0
66232,0,0
66332,0,0
66432,0,0
66532,0,0
66632,0,0
66732,0,0
66832,0,0
66932,0,0
67032,0,0
67132,0,0
67232,0,0
67332,0,0
67432,0,0
67532,0,0
67632,0,0
67732,0,0
67832,0,0
67932,0,0
68032,0,0
68132,0,0
68232,0,0
68332,0,0
68432,0,0
68532,0,0
68632,0,0
68732,0,0
68832,0,0
68932,0,0
69032,0,0
69132,0,0
69232,0,0
69332,0,0
69432,0,0
69532,0,0
69632,0,0
69732,0,0
69832,0,0
69932,0,0
70032,0,0
70132,0,0
70232,0,0
70332,0,0
70432,0,0
70532,0,0
70632,0,0
70732,0,0
70832,0,0
70932,0,0
71032,0,0
71132,0,0
71232,0,0
71332,0,0
71432,0,0
71532,0,0
71632,0,0
71732,0,0
71832,0,0
71932,0,0
72032,0,0
72132,0,0
72232,0,0
72332,0,0
72432,0,0
72532,0,0
72632,0,0
72732,0,0
72832,0,0
72932,0,0
73032,0,0
73132,0,0
73232,0,0
73332,0,0
73432,0,0
73532,0,0
73654,0,0
73754,1,1
73854,1,1
73955,1,1
74055,1,1
74155,1,1
74255,1,1
74355,1,1
74455,1,1
74555,1,1
74655,1,1
74755,1,1
74855,1,1
74955,1,1
75055,1,1
75155,1,1
75255,1,1
75355,1,1
75455,1,1
75555,1,1
75655,1,1
75755,1,1
75855,1,1
75955,1,1
76055,1,1
76155,1,1
76255,1,1
76355,1,1
76455,1,1
76555,1,1
76655,1,1
76755,1,1
76855,1,1
76955,1,1
77055,1,1
77155,1,1
77255,1,1
77355,1,1
77455,1,1
77568,1,1
77668,1,1
77768,1,1
77868,1,1
77968,1,1
78068,1,1
78168,1,1
78268,1,1
78368,1,1
78468,1,1
78568,1,1
78668,1,1
78768,1,1
78868,1,1
78968,1,1
79068,1,1
79168,1,1
79268,1,1
79368,1,1
79468,1,1
79568,1,1
79668,1,1
79768,1,1
79868,1,1
79968,1,1
80068,1,1
80168,1,1
80268,1,1
80368,1,1
80468,1,1
80568,1,1
80668,1,1
80768,1,1
80868,1,1
80968,1,1
81068,1,1
81168,1,1
81268,1,1
81368,1,1
81468,1,1
81568,1,1
81668,1,1
81768,1,1
81872,1,1
81972,1,1
82072,1,1
82172,1,1
82272,1,1
82372,1,1
82472,1,1
82572,1,1
82672,1,1
82772,1,1
82872,1,1
82972,1,1
83072,1,1
83172,1,1
83272,1,1
83372,1,1
83472,1,1
83572,1,1
83672,1,1
83772,1,1
83872,1,1
83972,1,1
84072,1,1
84172,1,1
84272,1,1
84372,1,1
84472,1,1
84572,1,1
84672,1,1
84772,1,1
84872,1,1
84972,1,1
85072,1,1
85172,1,1
85272,1,1
85372,1,1
85472,1,1
85571,1,1
85671,1,1
85771,1,1
85871,1,1
85971,1,1
86071,1,1
86171,1,1
86271,1,1
86371,1,1
86471,1,1
86571,1,1
86671,1,1
86771,1,1
86871,1,1
86971,1,1
87071,1,1
87171,1,1
87271,1,1
87371,1,1
87471,1,1
87571,1,1
87671,1,1
87771,1,1
87871,1,1
87971,1,1
88071,1,1
88171,1,1
88271,1,1
88371,1,1
88471,1,1
88571,1,1
88671,1,1
88771,1,1
88871,1,1
88971,1,1
89071,1,1
89171,1,1
89271,1,1
89371,1,1
89471,1,1
89572,1,1
89672,1,1
89772,1,1
89872,1,1
89972,1,1
90072,1,1
90172,1,1
90272,1,1
90372,1,1
90472,1,1
90572,1,1
90672,1,1
90772,1,1
90872,1,1
90972,1,1
91072,1,1
91172,1,1
91272,1,1
91372,1,1
91472,1,1
91572,1,1
91672,1,1
91772,1,1
91872,1,1
91972,1,1
92072,1,1
92172,1,1
92272,1,1
92372,1,1
92472,1,1
92572,1,1
92672,1,1
92772,1,1
92872,1,1
92972,1,1
93072,1,1
93172,1,1
93272,1,1
93372,1,1
93472,1,1
93572,1,1
93672,1,1
93772,1,1
93872,1,1
93972,1,1
94072,1,1
94172,1,1
94272,1,1
94372,1,1
94472,1,1
94572,1,1
94672,1,1
94772,1,1
94872,1,1
94972,1,1
95072,1,1
95172,1,1
95272,1,1
95372,1,1
95472,1,1
95572,1,1
95672,1,1
95772,1,1
95872,1,1
95972,1,1
96072,1,1
96172,1,1
96272,1,1
96372,1,1
96472,1,1
96572,1,1
96672,1,1
96772,1,1
96872,1,1
96972,1,1
97072,1,1
97172,1,1
97272,1,1
97372,1,1
97472,1,1
97570,1,1
97670,1,1
97770,1,1
97877,1,1
97977,1,1
98077,1,1
98177,1,1
98277,1,1
98377,1,1
98477,1,1
98577,1,1
98677,1,1
98777,1,1
98877,1,1
98977,1,1
99077,1,1
99177,1,1
99277,1,1
99377,1,1
99477,1,1
99577,1,1
99677,1,1
99777,1,1
99877,1,1
99977,1,1
100078,1,1
100178,1,1
100278,1,1
100378,1,1
100478,1,1
100578,1,1
100678,1,1
100778,1,1
100878,1,1
100978,1,1
101078,1,1
101178,1,1
101278,1,1
101378,1,1
101478,1,1
101580,1,1
101680,1,1
101780,1,1
101882,1,1
101982,1,1
102082,1,1
102182,1,1
102282,1,1
102382,1,1
102482,1,1
102582,1,1
102683,1,1
102783,1,1
102883,1,1
102983,1,1
103083,1,1
103183,1,1
103283,1,1
103383,1,1
103483,1,1
103583,1,1
103683,1,1
103783,1,1
103883,1,1
103983,1,1
104083,1,1
104183,1,1
104283,1,1
104383,1,1
104483,1,1
104583,1,1
104683,1,1
104783,1,1
104883,1,1
104983,1,1
105083,1,1
105183,1,1
105283,1,1
105383,1,1
105483,1,1
105585,1,1
105685,1,1
105785,1,1
105885,1,1
105985,1,1
106085,1,1
106185,1,1
106285,1,1
106385,1,1
106485,1,1
106585,1,1
106685,1,1
106785,1,1
106885,1,1
106985,1,1
107085,1,1
107185,1,1
107285,1,1
107385,1,1
107485,1,1
107585,1,1
107685,1,1
107785,1,1
107885,1,1
107985,1,1
108085,1,1
108185,1,1
108285,1,1
108385,1,1
108485,1,1
108585,1,1
108685,1,1
108785,1,1
108885,1,1
108985,1,1
109085,1,1
109185,1,1
109285,1,1
109385,1,1
109485,1,1
109585,1,1
109685,1,1
109785,1,1
109885,1,1
109985,1,1
110085,1,1
110185,1,1
110285,1,1
110385,1,1
110485,1,1
110585,1,1
110685,1,1
110785,1,1
110885,1,1
110985,1,1
111085,1,1
111185,1,1
111285,1,1
111385,1,1
111485,1,1
111585,1,1
111685,1,1
111785,1,1
111885,1,1
111985,1,1
112085,1,1
112185,1,1
112285,1,1
112385,1,1
112485,1,1
112585,1,1
112685,1,1
112785,1,1
112885,1,1
112985,1,1
113085,1,1
113185,1,1
113285,1,1
113385,1,1
113485,1,1
113585,1,1
113685,1,1
113785,1,1
113885,1,1
113985,1,1
114085,1,1
114185,1,1
114285,1,1
114385,1,1
114485,1,1
114585,1,1
114685,1,1
114785,1,1
114885,1,1
114985,1,1
115085,1,1
115185,1,1
115285,1,1
115385,1,1
115485,1,1
115585,1,1
115685,1,1
115785,1,1
115885,1,1
115985,1,1
116085,1,1
116185,1,1
116285,1,1
116385,1,1
116485,1,1
116585,1,1
116685,1,1
116785,1,1
116885,1,1
116985,1,1
117085,1,1
117185,1,1
117285,1,1
117385,1,1
117485,1,1
117585,1,1
117685,1,1
117785,1,1
117885,1,1
117985,1,1
118106,0,0
118206,0,0
118306,0,0
118406,0,0
118506,0,0
118606,0,0
118706,0,0
118806,0,0
118906,0,0
119006,0,0
119106,0,0
119206,0,0
119306,0,0
119406,0,0
119506,0,0
119606,0,0
119706,0,0
119806,0,0
119906,0,0
120007,0,0
120107,0,0
120207,0,0
120307,0,0
120407,0,0
120507,0,0
120607,0,0
120707,0,0
120807,0,0
120907,0,0
121007,0,0
121107,0,0
121207,0,0
121307,0,0
121407,0,0
121507,0,0
121607,0,0
121707,0,0
121807,0,0
121907,0,0
122007,0,0
122107,0,0
122207,0,0
122307,0,0
122407,0,0
122507,0,0
122607,0,0
122707,0,0
122807,0,0
122908,0,0
123008,0,0
123108,0,0
123208,0,0
123308,0,0
123408,0,0
123508,0,0
123608,0,0
123708,0,0
123808,0,0
123908,0,0
124008,0,0
124108,0,0
124208,0,0
124308,0,0
124408,0,0
124508,0,0
124608,0,0
124708,0,0
124808,0,0
124908,0,0
125008,0,0
125108,0,0
125208,0,0
125308,0,0
125408,0,0
125508,0,0
125608,0,0
125708,0,0
125809,0,0
125909,0,0
126009,0,0
126109,1,1
126209,1,1
126309,1,1
126409,1,1
126509,1,1
126609,1,1
126709,1,1
126809,1,1
126909,1,1
127009,1,1
127109,1,1
127209,1,1
127309,1,1
127409,1,1
127509,1,1
127609,1,1
127709,1,1
127809,1,1
127909,1,1
128009,1,1
128109,1,1
128209,1,1
128309,1,1
128409,1,1
128509,1,1
128609,1,1
128709,1,1
128809,1,1
128909,1,1
129009,1,1
129109,1,1
129209,1,1
129309,1,1
129409,1,1
129509,1,1
129610,1,1
129710,1,1
129810,1,1
129910,1,1
130010,1,1
130110,1,1
130210,1,1
130310,1,1
130410,1,1
130510,1,1
130610,1,1
130710,1,1
130810,1,1
130910,1,1
131010,1,1
131110,1,1
131210,1,1
131310,1,1
131410,1,1
131510,1,1
131610,1,1
131710,1,1
131810,1,1
131910,1,1
132010,1,1
132110,1,1
132210,1,1
132310,1,1
132410,1,1
132510,1,1
132610,1,1
132710,1,1
132810,1,1
132910,1,1
133010,1,1
133110,1,1
133210,1,1
133310,1,1
133410,1,1
133510,1,1
133609,1,1
133709,1,1
133809,1,1
133909,1,1
134009,1,1
134109,1,1
134209,1,1
134309,1,1
134409,1,1
134509,1,1
134609,1,1
134709,1,1
134809,1,1
134909,1,1
135009,1,1
135109,1,1
135209,1,1
135309,1,1
135409,1,1
135509,1,1
135609,1,1
135709,1,1
135809,1,1
135909,1,1
136009,1,1
136109,1,1
136209,1,1
136309,1,1
136409,1,1
136509,1,1
136609,1,1
136709,1,1
136809,1,1
136909,1,1
137009,1,1
137109,1,1
137209,1,1
137309,1,1
137409,1,1
137509,1,1
137609,1,1
137709,1,1
137809,1,1
137909,1,1
138009,1,1
138120,1,1
138220,1,1
138320,1,1
138420,1,1
138520,1,1
138620,1,1
138720,1,1
138820,1,1
138920,1,1
139020,1,1
139121,1,1
139221,1,1
139321,1,1
139421,1,1
139521,1,1
139621,1,1
139721,1,1
139821,1,1
139921,1,1
140021,1,1
140121,1,1
140221,1,1
140321,1,1
140421,1,1
140521,1,1
140621,1,1
140721,1,1
140821,1,1
140921,1,1
141021,1,1
141121,1,1
141221,1,1
141321,1,1
141421,1,1
141521,1,1
141623,1,1
141723,1,1
141823,1,1
141923,1,1
142023,1,1
142123,1,1
142223,1,1
142323,1,1
142423,1,1
142523,1,1
142623,1,1
142723,1,1
142823,1,1
142923,1,1
143023,1,1
143123,1,1
143223,1,1
143323,1,1
143423,1,1
143523,1,1
143623,1,1
143723,1,1
143823,1,1
143923,1,1
144023,1,1
144123,1,1
144223,1,1
144323,1,1
144423,1,1
144523,1,1
144623,1,1
144723,1,1
144823,1,1
144923,1,1
145023,1,1
145123,1,1
145223,1,1
145323,1,1
145423,1,1
145523,1,1
145601,1,1
145701,1,1
145801,1,1
145901,1,1
146001,1,1
146101,1,1
146201,1,1
146301,1,1
146401,1,1
146501,1,1
146601,1,1
146701,1,1
146801,1,1
146901,1,1
147001,1,1
147101,1,1
147201,1,1
147301,1,1
147401,1,1
147501,1,1
147601,1,1
147701,1,1
147801,1,1
147901,1,1
148001,1,1
148101,1,1
148201,1,1
148301,1,1
148401,1,1
148501,1,1
148601,1,1
148701,1,1
148801,1,1
148901,1,1
149001,1,1
149101,1,1
149201,1,1
149301,1,1
149401,1,1
149501,1,1
149622,1,1
149722,1,1
149822,1,1
149922,1,1
150022,1,1
150130,1,1
150230,1,1
150330,1,1
150430,1,1
150530,1,1
150630,1,1
150730,1,1
150830,1,1
150930,1,1
151030,1,1
151130,1,1
151230,1,1
151330,1,1
151430,1,1
151530,1,1
151630,1,1
151730,1,1
151830,1,1
151930,1,1
152030,1,1
152130,1,1
152230,1,1
152330,1,1
152430,1,1
152530,1,1
152630,1,1
152730,1,1
152830,1,1
152930,1,1
153030,1,1
153130,1,1
153230,1,1
153330,1,1
153430,1,1
153530,1,1
153630,1,1
153730,1,1
153830,1,1
153930,1,1
154030,1,1
154137,1,1
154237,1,1
154337,1,1
154437,1,1
154537,1,1
154637,1,1
154738,1,1
154838,1,1
154938,1,1
155038,1,1
155138,1,1
155238,1,1
155338,1,1
155438,1,1
155538,1,1
155638,1,1
155738,1,1
155838,1,1
155938,1,1
156038,1,1
156138,1,1
156238,1,1
156338,1,1
156438,1,1
156538,1,1
156638,1,1
156738,1,1
156838,1,1
156938,1,1
157038,1,1
157138,1,1
157238,1,1
157338,1,1
157438,1,1
157538,1,1
157639,1,1
157739,1,1
157839,1,1
157939,1,1
158039,1,1
158146,1,1
158246,1,1
158346,1,1
158446,1,1
158546,1,1
158646,1,1
158746,1,1
158846,1,1
158946,1,1
159046,1,1
159146,1,1
159246,1,1
159347,1,1
159447,1,1
159547,1,1
159647,1,1
159747,1,1
159847,1,1
159947,1,1
160047,1,1
160147,1,1
160247,1,1
160347,1,1
160447,1,1
160547,1,1
160647,1,1
160747,1,1
160847,1,1
160947,1,1
161047,1,1
161147,1,1
161247,1,1
161347,1,1
161447,1,1
161547,1,1
161647,1,1
161747,1,1
161847,1,1
161947,1,1
162047,1,1
162147,1,1
162247,1,1
162347,1,1
162447,1,1
162547,1,1
162647,1,1
162747,1,1
162847,1,1
162947,1,1
163047,1,1
163147,1,1
163247,1,1
163347,1,1
163447,1,1
163547,1,1
163647,1,1
163747,1,1
163847,1,1
163947,1,1
164047,1,1
164147,1,1
164247,1,1
164347,1,1
164447,1,1
164547,1,1
164647,1,1
164747,1,1
164847,1,1
164947,1,1
165047,1,1
165147,1,1
165247,1,1
165347,1,1
165447,1,1
165547,1,1
165646,1,1
165746,1,1
165846,1,1
165946,1,1
166046,1,1
166150,1,1
166250,1,1
166350,1,1
166450,1,1
166550,1,1
166650,1,1
166750,1,1
166850,1,1
166950,1,1
167050,1,1
167150,1,1
167250,1,1
167350,1,1
167450,1,1
167550,1,1
167650,1,1
167750,1,1
167850,1,1
167950,1,1
168050,1,1
168150,1,1
168250,1,1
168350,1,1
168450,1,1
168550,1,1
168650,1,1
168750,1,1
168850,1,1
168950,1,1
169050,1,1
169150,1,1
169250,1,1
169350,1,1
169450,1,1
169550,1,1
169650,1,1
169750,1,1
169850,1,1
169950,1,1
170050,1,1
170150,1,1
170250,1,1
170350,1,1
170450,1,1
170550,1,1
170650,1,1
170750,1,1
170850,1,1
170950,1,1
171050,1,1
171150,1,1
171250,1,1
171350,1,1
171450,1,1
171550,1,1
171650,1,1
171750,1,1
171850,1,1
171950,1,1
172050,1,1
172150,1,1
172250,1,1
172350,1,1
172450,1,1
172550,1,1
172650,1,1
172750,1,1
172850,1,1
172950,1,1
173050,1,1
173150,1,1
173250,1,1
173350,1,1
173450,1,1
173550,1,1
173650,1,1
173750,1,1
173850,1,1
173950,1,1
174050,1,1
174150,1,1
174250,0,0
174350,0,0
174450,0,0
174550,0,0
174650,0,0
174750,0,0
174850,0,0
174950,0,0
175050,0,0
175150,0,0
175250,0,0
175350,0,0
175450,0,0
175550,0,0
175650,0,0
175750,0,0
175850,0,0
175950,0,0
176050,0,0
176150,0,0
176250,0,0
176350,0,0
176450,0,0
176550,0,0
176650,0,0
176750,0,0
176850,0,0
176950,0,0
177050,0,0
177150,0,0
177250,0,0
177350,0,0
177450,0,0
177550,0,0
177650,0,0
177750,0,0
177850,0,0
177950,0,0
178050,0,0
178150,0,0
178250,0,0
178350,0,0
178450,0,0
178550,0,0
178650,0,0
178750,0,0
178850,0,0
178950,0,0
179050,0,0
179150,0,0
179250,0,0
179350,0,0
179450,0,0
179550,0,0
179650,0,0
179750,0,0
179850,0,0
179950,0,0
180050,0,0
180150,0,0
180250,0,0
180350,0,0
180450,0,0
180550,0,0
180650,0,0
180750,0,0
180850,0,0
180950,0,0
181050,0,0
181150,0,0
181250,0,0
181350,0,0
181450,0,0
181550,0,0
181650,0,0
181750,0,0
181850,0,0
181950,0,0
182050,0,0
182150,0,0
182250,0,0
182350,0,0
182450,0,0
182550,0,0
182650,0,0
182750,0,0
182850,0,0
182950,0,0
183050,0,0
183150,0,0
183250,0,0
183350,0,0
183450,0,0
183550,0,0
183650,0,0
183750,0,0
183850,0,0
183950,0,0
184050,0,0
184150,0,0
184250,0,0
184350,0,0
184450,0,0
184550,0,0
184650,0,0
184750,0,0
184850,0,0
184950,0,0
185050,0,0
185150,0,0
185250,0,0
185350,0,0
185450,0,0
185550,0,0
185650,0,0
185750,0,0
185852,0,0
185952,0,0
186052,0,0
186166,0,0
186266,1,1
186366,1,1
186466,1,1
186566,1,1
186666,1,1
186766,1,1
186866,1,1
186966,1,1
187066,1,1
187167,1,1
187267,1,1
187367,1,1
187467,1,1
187567,1,1
187667,1,1
187767,1,1
187867,1,1
187967,1,1
188067,1,1
188167,1,1
188267,1,1
188367,1,1
188467,1,1
188567,1,1
188667,1,1
188767,1,1
188867,1,1
188967,1,1
189067,1,1
189167,1,1
189267,1,1
189367,1,1
189467,1,1
189567,1,1
189667,1,1
189767,1,1
189866,1,1
189966,1,1
190067,1,1
190167,1,1
190267,1,1
190367,1,1
190467,1,1
190567,1,1
190667,1,1
190767,1,1
190867,1,1
190967,1,1
191067,1,1
191167,1,1
191267,1,1
191367,1,1
191467,1,1
191567,1,1
191667,1,1
191767,1,1
191867,1,1
191967,1,1
192067,1,1
192167,1,1
192267,1,1
192367,1,1
192467,1,1
192567,1,1
192667,1,1
192767,1,1
192867,1,1
192967,1,1
193067,1,1
193167,1,1
193267,1,1
193367,1,1
193467,1,1
193567,1,1
193667,1,1
193767,1,1
193868,1,1
193968,1,1
194068,1,1
194168,1,1
194268,1,1
194368,1,1
194468,1,1
194568,1,1
194668,1,1
194768,1,1
194868,1,1
194968,1,1
195068,1,1
195168,1,1
195268,1,1
195368,1,1
195468,1,1
195568,1,1
195668,1,1
195768,1,1
195868,1,1
195968,1,1
196068,1,1
196168,1,1
196268,1,1
196368,1,1
196468,1,1
196568,1,1
196668,1,1
196768,1,1
196868,1,1
196968,1,1
197068,1,1
197168,1,1
197268,1,1
197368,1,1
197468,1,1
197568,1,1
197668,1,1
197768,1,1
197868,1,1
197968,1,1
198068,1,1
198168,1,1
198268,1,1
198368,1,1
198468,1,1
198568,1,1
198668,1,1
198768,1,1
198868,1,1
198968,1,1
199068,1,1
199168,1,1
199268,1,1
199368,1,1
199468,1,1
199568,1,1
199668,1,1
199768,1,1
199868,1,1
199968,1,1
200068,1,1
200168,1,1
200268,1,1
200368,1,1
200468,1,1
200568,1,1
200668,1,1
200768,1,1
200868,1,1
200968,1,1
201068,1,1
201168,1,1
201268,1,1
201368,1,1
201468,1,1
201568,1,1
201668,1,1
201768,1,1
201868,1,1
201968,1,1
202068,1,1
202168,1,1
202268,1,1
202368,1,1
202468,1,1
202568,1,1
202668,1,1
202768,1,1
202868,1,1
202968,1,1
203068,1,1
203168,1,1
203268,1,1
203368,1,1
203468,1,1
203568,1,1
203668,1,1
203768,1,1
203868,1,1
203968,1,1
204068,1,1
204168,1,1
204268,1,1
204368,1,1
204468,1,1
204568,1,1
204668,1,1
204768,1,1
204868,1,1
204968,1,1
205068,1,1
205168,1,1
205268,1,1
205368,1,1
205468,1,1
205568,1,1
205668,1,1
205768,1,1
205868,1,1
205968,1,1
206068,1,1
206168,1,1
206268,1,1
206368,1,1
206468,1,1
206568,1,1
206668,1,1
206768,1,1
206868,1,1
206968,1,1
207068,1,1
207168,1,1
207268,1,1
207368,1,1
207468,1,1
207568,1,1
207668,1,1
207768,1,1
207868,1,1
207968,1,1
208068,1,1
208168,1,1
208268,1,1
208368,1,1
208468,1,1
208568,1,1
208668,1,1
208768,1,1
208868,1,1
208968,1,1
209068,1,1
209168,1,1
209268,1,1
209368,1,1
209468,1,1
209568,1,1
209668,1,1
209768,1,1
209868,1,1
209968,1,1
210068,1,1
210182,1,1
210282,1,1
210382,1,1
210482,1,1
210582,1,1
210682,1,1
210782,1,1
210882,1,1
210982,1,1
211082,1,1
211182,1,1
211282,1,1
211382,1,1
211482,1,1
211582,1,1
211682,1,1
211782,1,1
211882,1,1
211982,1,1
212082,1,1
212182,1,1
212282,1,1
212383,1,1
212483,1,1
212583,1,1
212683,1,1
212783,1,1
212883,1,1
212983,1,1
213083,1,1
213183,1,1
213283,1,1
213383,1,1
213483,1,1
213583,1,1
213683,1,1
213783,1,1
213884,1,1
213984,1,1
214084,1,1
214184,1,1
214284,1,1
214384,1,1
214484,1,1
214584,1,1
214684,1,1
214784,1,1
214884,1,1
214984,1,1
215084,1,1
215184,1,1
215285,1,1
215385,1,1
215485,1,1
215585,1,1
215685,1,1
215785,1,1
215885,1,1
215985,1,1
216085,1,1
216185,1,1
216285,1,1
216385,1,1
216485,1,1
216585,1,1
216685,1,1
216785,1,1
216885,1,1
216985,1,1
217085,1,1
217185,1,1
217285,1,1
217385,1,1
217485,1,1
217585,1,1
217685,1,1
217785,1,1
217885,1,1
217985,1,1
218085,1,1
218185,1,1
218285,1,1
218385,1,1
218485,1,1
218585,1,1
218685,1,1
218785,1,1
218885,1,1
218985,1,1
219085,1,1
219185,1,1
219285,1,1
219385,1,1
219485,1,1
219585,1,1
219685,1,1
219785,1,1
219885,1,1
219985,1,1
220085,1,1
220185,1,1
220285,1,1
220385,1,1
220485,1,1
220585,1,1
220685,1,1
220785,1,1
220885,1,1
220985,1,1
221085,1,1
221185,1,1
221285,1,1
221385,1,1
221485,1,1
221585,1,1
221685,1,1
221785,1,1
221884,1,1
221984,1,1
222084,1,1
222184,1,1
222284,1,1
222384,1,1
222484,1,1
222584,1,1
222684,1,1
222784,1,1
222884,1,1
222984,1,1
223084,1,1
223184,1,1
223284,1,1
223384,1,1
223484,1,1
223584,1,1
223684,1,1
223784,1,1
223884,1,1
223984,1,1
224084,1,1
224184,1,1
224284,1,1
224384,1,1
224484,1,1
224584,1,1
224684,1,1
224784,1,1
224884,1,1
224984,1,1
225084,1,1
225184,1,1
225284,1,1
225384,1,1
225484,1,1
225584,1,1
225684,1,1
225784,1,1
225884,1,1
225984,1,1
226084,1,1
226184,1,1
226284,1,1
226384,1,1
226484,1,1
226584,1,1
226684,1,1
226784,1,1
226884,1,1
226984,1,1
227084,1,1
227184,1,1
227284,1,1
227384,1,1
227484,1,1
227584,1,1
227684,1,1
227784,1,1
227884,1,1
227984,1,1
228084,1,1
228184,1,1
228284,1,1
228384,1,1
228484,1,1
228584,1,1
228684,1,1
228784,1,1
228884,1,1
228984,1,1
229084,1,1
229184,1,1
229284,1,1
229384,1,1
229484,1,1
229584,1,1
229684,1,1
229784,1,1
229884,1,1
229984,1,1
230084,1,1
230197,0,0
230297,0,0
230397,0,0
230497,0,0
230597,0,0
230697,0,0
230797,0,0
230897,0,0
230997,0,0
231097,0,0
231197,0,0
231297,0,0
231397,0,0
231498,0,0
231598,0,0
231698,0,0
231798,0,0
231898,0,0
231998,0,0
232098,0,0
232198,0,0
232298,0,0
232398,0,0
232498,0,0
232598,0,0
232698,0,0
232798,0,0
232898,0,0
232998,0,0
233098,0,0
233198,0,0
233298,0,0
233398,0,0
233498,0,0
233598,0,0
233698,0,0
233798,0,0
233898,0,0
233998,0,0
234098,0,0
234198,0,0
234298,0,0
234399,0,0
234499,0,0
234599,0,0
234699,0,0
234799,0,0
234899,0,0
234999,0,0
235099,0,0
235199,0,0
235299,0,0
235399,0,0
235499,0,0
235599,0,0
235699,0,0
235799,0,0
235899,0,0
235999,0,0
236099,0,0
236199,0,0
236299,0,0
236399,0,0
236499,0,0
236599,0,0
236699,0,0
236799,0,0
236899,0,0
236999,0,0
237099,0,0
237199,0,0
237300,0,0
237400,0,0
237500,0,0
237600,0,0
237700,0,0
237800,0,0
237900,0,0
238000,0,0
238100,0,0
238200,0,0
238300,0,0
238400,0,0
238500,0,0
238600,0,0
238700,0,0
238800,0,0
238900,0,0
239000,0,0
239100,0,0
239200,0,0
239300,0,0
239400,0,0
239500,0,0
239600,0,0
239700,0,0
239800,0,0
239900,0,0
240000,0,0
240100,0,0
240200,0,0
240300,0,0
240400,0,0
240500,0,0
240600,0,0
240700,0,0
240800,0,0
240900,0,0
241000,0,0
241100,0,0
241200,0,0
241300,0,0
241400,0,0
241500,0,0
241600,0,0
241700,0,0
241800,0,0
241900,0,0
242000,0,0
242100,0,0
242200,0,0
242300,0,0
242400,0,0
242500,0,0
242600,0,0
242699,0,0
242799,1,1
242899,1,1
242999,1,1
243099,1,1
243199,1,1
243299,1,1
243399,1,1
243499,1,1
243599,1,1
243699,1,1
243799,1,1
243899,1,1
243999,1,1
244099,1,1
244199,1,1
244299,1,1
244399,1,1
244499,1,1
244599,1,1
244699,1,1
244799,1,1
244899,1,1
244999,1,1
245099,1,1
245199,1,1
245299,1,1
245399,1,1
245499,1,1
245599,1,1
245699,1,1
245799,1,1
245899,1,1
245999,1,1
246099,1,1
246199,1,1
246299,1,1
246399,1,1
246499,1,1
246599,1,1
246701,1,1
246809,1,1
246909,1,1
247009,1,1
247109,1,1
247209,1,1
247309,1,1
247409,1,1
247509,1,1
247609,1,1
247709,1,1
247809,1,1
247909,1,1
248009,1,1
248109,1,1
248209,1,1
248309,1,1
248409,1,1
248509,1,1
248609,1,1
248709,1,1
248809,1,1
248909,1,1
249009,1,1
249109,1,1
249209,1,1
249309,1,1
249409,1,1
249509,1,1
249609,1,1
249709,1,1
249809,1,1
249909,1,1
250009,1,1
250109,1,1
250209,1,1
250309,1,1
250409,1,1
250509,1,1
250609,1,1
250709,1,1
250813,1,1
250913,1,1
251013,1,1
251113,1,1
251213,1,1
251313,1,1
251413,1,1
251513,1,1
251613,1,1
251713,1,1
251813,1,1
251913,1,1
252013,1,1
252113,1,1
252213,1,1
252313,1,1
252413,1,1
252513,1,1
252613,1,1
252713,1,1
252813,1,1
252913,1,1
253013,1,1
253113,1,1
253213,1,1
253313,1,1
253413,1,1
253513,1,1
253613,1,1
253713,1,1
253813,1,1
253913,1,1
254013,1,1
254113,1,1
254213,1,1
254313,1,1
254413,1,1
254513,1,1
254613,1,1
254713,1,1
254813,1,1
254913,1,1
255013,1,1
255113,1,1
255213,1,1
255313,1,1
255413,1,1
255513,1,1
255613,1,1
255713,1,1
255813,1,1
255913,1,1
256013,1,1
256113,1,1
256213,1,1
256313,1,1
256413,1,1
256513,1,1
256613,1,1
256713,1,1
256813,1,1
256913,1,1
257013,1,1
257113,1,1
257213,1,1
257313,1,1
257413,1,1
257513,1,1
257613,1,1
257713,1,1
257813,1,1
257913,1,1
258013,1,1
258113,1,1
258213,1,1
258313,1,1
258413,1,1
258513,1,1
258613,1,1
258710,1,1
258823,1,1
258923,1,1
259023,1,1
259123,1,1
259223,1,1
259323,1,1
259423,1,1
259523,1,1
259623,1,1
259723,1,1
259823,1,1
259923,1,1
260023,1,1
260123,1,1
260223,1,1
260323,1,1
260424,1,1
260524,1,1
260624,1,1
260724,1,1
260824,1,1
260924,1,1
261024,1,1
261124,1,1
261224,1,1
261324,1,1
261424,1,1
261524,1,1
261624,1,1
261724,1,1
261824,1,1
261924,1,1
262024,1,1
262124,1,1
262224,1,1
262324,1,1
262424,1,1
262524,1,1
262624,1,1
262727,1,1
262827,1,1
262927,1,1
263027,1,1
263127,1,1
263227,1,1
263328,1,1
263428,1,1
263528,1,1
263628,1,1
263728,1,1
263828,1,1
263928,1,1
264028,1,1
264128,1,1
264228,1,1
264328,1,1
264428,1,1
264528,1,1
264628,1,1
264728,1,1
264828,1,1
264928,1,1
265028,1,1
265128,1,1
265228,1,1
265328,1,1
265428,1,1
265528,1,1
265628,1,1
265728,1,1
265828,1,1
265928,1,1
266028,1,1
266128,1,1
266229,1,1
266329,1,1
266429,1,1
266529,1,1
266629,1,1
266727,1,1
266833,1,1
266933,1,1
267033,1,1
267133,1,1
267233,1,1
267333,1,1
267433,1,1
267533,1,1
267633,1,1
267733,1,1
267833,1,1
267934,1,1
268034,1,1
268134,1,1
268234,1,1
268334,1,1
268434,1,1
268534,1,1
268634,1,1
268734,1,1
268834,1,1
268934,1,1
269034,1,1
269134,1,1
269234,1,1
269334,1,1
269434,1,1
269534,1,1
269634,1,1
269734,1,1
269834,1,1
269934,1,1
270034,1,1
270134,1,1
270234,1,1
270334,1,1
270434,1,1
270534,1,1
270634,1,1
270736,1,1
270848,1,1
270948,1,1
271048,1,1
271148,1,1
271248,1,1
271349,1,1
271449,1,1
271549,1,1
271649,1,1
271749,1,1
271849,1,1
271949,1,1
272049,1,1
272149,1,1
272249,1,1
272349,1,1
272449,1,1
272549,1,1
272649,1,1
272749,1,1
272849,1,1
272949,1,1
273049,1,1
273149,1,1
273249,1,1
273349,1,1
273449,1,1
273549,1,1
273649,1,1
273749,1,1
273849,1,1
273949,1,1
274049,1,1
274149,1,1
274249,1,1
274349,1,1
274449,1,1
274549,1,1
274649,1,1
274748,1,1
274848,1,1
274948,1,1
275048,1,1
275148,1,1
275248,1,1
275348,1,1
275448,1,1
275548,1,1
275648,1,1
275748,1,1
275848,1,1
275948,1,1
276048,1,1
276148,1,1
276248,1,1
276348,1,1
276448,1,1
276548,1,1
276648,1,1
276748,1,1
276848,1,1
276948,1,1
277048,1,1
277148,1,1
277248,1,1
277348,1,1
277448,1,1
277548,1,1
277648,1,1
277748,1,1
277848,1,1
277948,1,1
278048,1,1
278148,1,1
278248,1,1
278348,1,1
278448,1,1
278548,1,1
278648,1,1
278749,1,1
278849,1,1
278949,1,1
279049,1,1
279149,1,1
279249,1,1
279349,1,1
279449,1,1
279549,1,1
279649,1,1
279749,1,1
279849,1,1
279949,1,1
280049,1,1
280149,1,1
280249,1,1
280349,1,1
280449,1,1
280549,1,1
280649,1,1
280749,1,1
280849,1,1
280949,1,1
281049,1,1
281149,1,1
281249,1,1
281349,1,1
281449,1,1
281549,1,1
281649,1,1
281749,1,1
281849,1,1
281949,1,1
282049,1,1
282149,1,1
282249,1,1
282349,1,1
282449,1,1
282549,1,1
282649,1,1
282749,1,1
282849,1,1
282949,1,1
283049,1,1
283149,1,1
283249,1,1
283349,1,1
283449,1,1
283549,1,1
283649,1,1
283749,1,1
283849,1,1
283949,1,1
284049,1,1
284149,1,1
284249,1,1
284349,1,1
284449,1,1
284549,1,1
284649,1,1
284749,1,1
284849,1,1
284949,1,1
285049,1,1
285149,1,1
285249,1,1
285349,1,1
285449,1,1
285549,1,1
285649,1,1
285749,1,1
285849,1,1
285949,1,1
286049,1,1
286149,1,1
286249,1,1
286349,1,1
286449,1,1
286549,1,1
286649,1,1
286749,1,1
286874,0,0
286974,0,0
287074,0,0
287174,0,0
287274,0,0
287374,0,0
287474,0,0
287574,0,0
287674,0,0
287774,0,0
287874,0,0
287974,0,0
288075,0,0
288175,0,0
288275,0,0
288375,0,0
288475,0,0
288575,0,0
288675,0,0
288775,0,0
288875,0,0
288975,0,0
289075,0,0
289175,0,0
289275,0,0
289375,0,0
289475,0,0
289575,0,0
289675,0,0
289775,0,0
289875,0,0
289975,0,0
290075,0,0
290175,0,0
290275,0,0
290375,0,0
290475,0,0
290575,0,0
290675,0,0
290775,0,0
290875,0,0
290976,0,0
291076,0,0
291176,0,0
291276,0,0
291376,0,0
291476,0,0
291576,0,0
291676,0,0
291776,0,0
291876,0,0
291976,0,0
292076,0,0
292176,0,0
292276,0,0
292376,0,0
292476,0,0
292576,0,0
292676,0,0
292776,0,0
292876,0,0
292976,0,0
293076,0,0
293176,0,0
293276,0,0
293376,0,0
293476,0,0
293576,0,0
293676,0,0
293776,0,0
293877,0,0
293977,0,0
294077,0,0
294177,0,0
294277,0,0
294377,0,0
294477,0,0
294577,0,0
294677,0,0
294777,0,0
294877,0,0
294977,0,0
295077,0,0
295177,0,0
295277,0,0
295377,0,0
295477,0,0
295577,0,0
295677,0,0
295777,0,0
295877,0,0
295977,0,0
296077,0,0
296177,0,0
296277,0,0
296377,0,0
296477,0,0
296577,0,0
296677,0,0
296777,0,0
296877,0,0
296977,0,0
297077,0,0
297177,0,0
297277,0,0
297377,0,0
297477,0,0
297577,0,0
297677,0,0
297777,0,0
297877,0,0
297977,0,0
298077,0,0
298177,0,0
298277,0,0
298377,0,0
298477,0,0
298577,0,0
298677,0,0
298777,0,0
298877,0,0
298977,0,0
299077,0,0
299177,0,0
299277,0,0
299377,0,0
299477,0,0
299577,1,1
299677,1,1
299777,1,1
299877,1,1
299977,1,1
300077,1,1
300177,1,1
300277,1,1
300377,1,1
300477,1,1
300577,1,1
300677,1,1
300777,1,1
300877,1,1
300977,1,1
301077,1,1
301177,1,1
301277,1,1
301377,1,1
301477,1,1
301577,1,1
301677,1,1
301777,1,1
301877,1,1
301977,1,1
302077,1,1
302177,1,1
302277,1,1
302377,1,1
302477,1,1
302577,1,1
302677,1,1
302777,1,1
302877,1,1
302977,1,1
303077,1,1
303177,1,1
303277,1,1
303377,1,1
303477,1,1
303577,1,1
303677,1,1
303777,1,1
303877,1,1
303977,1,1
304077,1,1
304177,1,1
304277,1,1
304377,1,1
304477,1,1
304577,1,1
304677,1,1
304777,1,1
304877,1,1
304977,1,1
305077,1,1
305177,1,1
305277,1,1
305377,1,1
305477,1,1
305577,1,1
305677,1,1
305777,1,1
305877,1,1
305977,1,1
306077,1,1
306177,1,1
306277,1,1
306377,1,1
306477,1,1
306577,1,1
306677,1,1
306777,1,1
306877,1,1
306977,1,1
307077,1,1
307177,1,1
307277,1,1
307377,1,1
307476,1,1
307576,1,1
307676,1,1
307776,1,1
307876,1,1
307976,1,1
308076,1,1
308176,1,1
308276,1,1
308376,1,1
308476,1,1
308576,1,1
308676,1,1
308776,1,1
308876,1,1
308976,1,1
309076,1,1
309176,1,1
309276,1,1
309376,1,1
309476,1,1
309576,1,1
309676,1,1
309776,1,1
309876,1,1
309976,1,1
310076,1,1
310176,1,1
310276,1,1
310376,1,1
310476,1,1
310576,1,1
310676,1,1
310776,1,1
310876,1,1
310976,1,1
311076,1,1
311176,1,1
311276,1,1
311376,1,1
311477,1,1
311577,1,1
311677,1,1
311777,1,1
311877,1,1
311977,1,1
312077,1,1
312177,1,1
312277,1,1
312377,1,1
312477,1,1
312577,1,1
312677,1,1
312777,1,1
312877,1,1
312977,1,1
313077,1,1
313177,1,1
313277,1,1
313377,1,1
313477,1,1
313577,1,1
313677,1,1
313777,1,1
313877,1,1
313977,1,1
314077,1,1
314177,1,1
314277,1,1
314377,1,1
314477,1,1
314577,1,1
314677,1,1
314777,1,1
314877,1,1
314977,1,1
315077,1,1
315177,1,1
315277,1,1
315377,1,1
315477,1,1
315577,1,1
315677,1,1
315777,1,1
315877,1,1
315977,1,1
316077,1,1
316177,1,1
316277,1,1
316377,1,1
316477,1,1
316577,1,1
316677,1,1
316777,1,1
316877,1,1
316977,1,1
317077,1,1
317177,1,1
317277,1,1
317377,1,1
317477,1,1
317577,1,1
317677,1,1
317777,1,1
317877,1,1
317977,1,1
318077,1,1
318177,1,1
318277,1,1
318377,1,1
318477,1,1
318577,1,1
318677,1,1
318777,1,1
318877,1,1
318977,1,1
319077,1,1
319177,1,1
319277,1,1
319377,1,1
319477,1,1
319577,1,1
319677,1,1
319777,1,1
319877,1,1
319977,1,1
320077,1,1
320177,1,1
320277,1,1
320377,1,1
320477,1,1
320577,1,1
320677,1,1
320777,1,1
320877,1,1
320977,1,1
321077,1,1
321177,1,1
321277,1,1
321377,1,1
321477,1,1
321577,1,1
321677,1,1
321777,1,1
321877,1,1
321977,1,1
322077,1,1
322177,1,1
322277,1,1
322377,1,1
322477,1,1
322577,1,1
322677,1,1
322777,1,1
322877,1,1
322977,1,1
323077,1,1
323177,1,1
323277,1,1
323377,1,1
323476,1,1
323576,1,1
323676,1,1
323776,1,1
323876,1,1
323976,1,1
324076,1,1
324176,1,1
324276,1,1
324376,1,1
324476,1,1
324576,1,1
324676,1,1
324776,1,1
324876,1,1
324976,1,1
325076,1,1
325176,1,1
325276,1,1
325376,1,1
325476,1,1
325576,1,1
325676,1,1
325776,1,1
325876,1,1
325976,1,1
326076,1,1
326176,1,1
326276,1,1
326376,1,1
326476,1,1
326576,1,1
326676,1,1
326776,1,1
326876,1,1
326976,1,1
327076,1,1
327176,1,1
327276,1,1
327376,1,1
327477,1,1
327577,1,1
327677,1,1
327777,1,1
327877,1,1
327977,1,1
328077,1,1
328177,1,1
328277,1,1
328377,1,1
328477,1,1
328577,1,1
328677,1,1
328777,1,1
328877,1,1
328977,1,1
329077,1,1
329177,1,1
329277,1,1
329377,1,1
329477,1,1
329577,1,1
329677,1,1
329777,1,1
329877,1,1
329977,1,1
330077,1,1
330177,1,1
330277,1,1
330377,1,1
330477,1,1
330577,1,1
330677,1,1
330777,1,1
330877,1,1
330977,1,1
331077,1,1
331177,1,1
331277,1,1
331377,1,1
331475,1,1
331575,1,1
331675,1,1
331775,1,1
331875,1,1
331975,1,1
332075,1,1
332175,1,1
332275,1,1
332375,1,1
332475,1,1
332575,1,1
332675,1,1
332775,1,1
332875,1,1
332975,1,1
333075,1,1
333175,1,1
333275,1,1
333375,1,1
333475,1,1
333575,1,1
333675,1,1
333775,1,1
333875,1,1
333975,1,1
334075,1,1
334175,1,1
334275,1,1
334375,1,1
334475,1,1
334575,1,1
334675,1,1
334775,1,1
334875,1,1
334975,1,1
335075,1,1
335175,1,1
335275,1,1
335375,1,1
335477,1,1
335577,1,1
335677,1,1
335777,1,1
335877,1,1
335977,1,1
336077,1,1
336177,1,1
336277,1,1
336377,1,1
336477,1,1
336577,1,1
336677,1,1
336777,1,1
336877,1,1
336977,1,1
337077,1,1
337177,1,1
337277,1,1
337377,1,1
337477,1,1
337577,1,1
337677,1,1
337777,1,1
337877,1,1
337977,1,1
338077,1,1
338177,1,1
338277,1,1
338377,1,1
338477,1,1
338577,1,1
338677,1,1
338777,1,1
338877,1,1
338977,1,1
339077,1,1
339177,1,1
339277,1,1
339377,1,1
339476,1,1
339576,1,1
339676,1,1
339776,1,1
339876,1,1
339976,1,1
340076,1,1
340176,1,1
340276,1,1
340376,1,1
340476,1,1
340576,1,1
340676,1,1
340776,1,1
340876,1,1
340976,1,1
341076,1,1
341176,1,1
341276,1,1
341376,1,1
341476,1,1
341576,1,1
341676,1,1
341776,1,1
341876,1,1
341976,1,1
342076,1,1
342176,1,1
342276,1,1
342376,1,1
342476,1,1
342576,1,1
342676,1,1
342776,1,1
342876,1,1
342976,1,1
343076,1,1
343176,1,1
343276,1,1
343376,1,1
343476,1,1
343576,1,1
343676,1,1
343776,1,1
343876,1,1
343976,1,1
344076,1,1
344176,1,1
344276,1,1
344376,1,1
344476,1,1
344576,1,1
344676,1,1
344776,1,1
344876,1,1
344976,1,1
345076,1,1
345176,1,1
345276,1,1
345376,1,1
345476,1,1
345576,1,1
345676,1,1
345776,1,1
345876,1,1
345976,1,1
346076,1,1
346176,1,1
346276,1,1
346376,1,1
346476,1,1
346576,1,1
346676,1,1
346776,1,1
346876,1,1
346976,1,1
347076,1,1
347176,1,1
347276,1,1
347376,1,1
347476,1,1
347576,0,0
347676,0,0
347776,0,0
347876,0,0
347976,0,0
348076,0,0
348176,0,0
348276,0,0
348376,0,0
348476,0,0
348576,0,0
348676,0,0
348776,0,0
348876,0,0
348976,0,0
349076,0,0
349176,0,0
349276,0,0
349376,0,0
349476,0,0
349576,0,0
349676,0,0
349776,0,0
349876,0,0
349976,0,0
350076,0,0
350176,0,0
350276,0,0
350376,0,0
350476,0,0
350576,0,0
350676,0,0
350776,0,0
350876,0,0
350976,0,0
351076,0,0
351176,0,0
351276,0,0
351376,0,0
351476,0,0
351576,0,0
351676,0,0
351776,0,0
351876,0,0
351976,0,0
352076,0,0
352176,0,0
352276,0,0
352376,0,0
352476,0,0
352576,0,0
352676,0,0
352776,0,0
352876,0,0
352976,0,0
353076,0,0
353176,0,0
353276,0,0
353376,0,0
353476,0,0
353576,0,0
353676,0,0
353776,0,0
353876,0,0
353976,0,0
354076,0,0
354176,0,0
354276,0,0
354376,0,0
354476,0,0
354576,0,0
354676,0,0
354776,0,0
354876,0,0
354976,0,0
355076,0,0
355176,0,0
355276,0,0
355376,0,0
355476,0,0
355577,0,0
355677,1,1
355777,1,1
355877,1,1
355977,1,1
356077,1,1
356177,1,1
356277,1,1
356377,1,1
356477,1,1
356577,1,1
356677,1,1
356777,1,1
356877,1,1
356977,1,1
357077,1,1
357177,1,1
357277,1,1
357377,1,1
357477,1,1
357578,1,1
357678,1,1
357778,1,1
357878,1,1
357978,1,1
358078,1,1
358178,1,1
358278,1,1
358378,1,1
358478,1,1
358578,1,1
358678,1,1
358778,1,1
358878,1,1
358978,1,1
359078,1,1
359178,1,1
359278,1,1
359378,1,1
359479,1,1
359579,1,1
359679,1,1
359779,1,1
359879,1,1
359979,1,1
360079,1,1
360179,1,1
360279,1,1
360379,1,1
360480,1,1
360580,1,1
360680,1,1
360780,1,1
360880,1,1
360980,1,1
361080,1,1
361180,1,1
361280,1,1
361380,1,1
361480,1,1
361580,1,1
361680,1,1
361780,1,1
361880,1,1
361980,1,1
362080,1,1
362180,1,1
362280,1,1
362380,1,1
362480,1,1
362580,1,1
362680,1,1
362780,1,1
362880,1,1
362980,1,1
363080,1,1
363180,1,1
363280,1,1
363381,1,1
363481,1,1
363581,1,1
363681,1,1
363781,1,1
363881,1,1
363981,1,1
364081,1,1
364181,1,1
364281,1,1
364381,1,1
364481,1,1
364581,1,1
364681,1,1
364781,1,1
364881,1,1
364981,1,1
365081,1,1
365181,1,1
365281,1,1
365381,1,1
365481,1,1
365581,1,1
365681,1,1
365781,1,1
365881,1,1
365981,1,1
366081,1,1
366181,1,1
366281,1,1
366381,1,1
366481,1,1
366581,1,1
366681,1,1
366781,1,1
366881,1,1
366981,1,1
367081,1,1
367181,1,1
367281,1,1
367381,1,1
367481,1,1
367581,1,1
367681,1,1
367781,1,1
367881,1,1
367981,1,1
368081,1,1
368181,1,1
368281,1,1
368381,1,1
368481,1,1
368581,1,1
368681,1,1
368781,1,1
368881,1,1
368981,1,1
369081,1,1
369181,1,1
369281,1,1
369381,1,1
369481,1,1
369581,1,1
369681,1,1
369781,1,1
369881,1,1
369981,1,1
370081,1,1
370181,1,1
370281,1,1
370381,1,1
370481,1,1
370581,1,1
370681,1,1
370781,1,1
370881,1,1
370981,1,1
371081,1,1
371181,1,1
371281,1,1
371381,1,1
371480,1,1
371580,1,1
371680,1,1
371780,1,1
371880,1,1
371980,1,1
372080,1,1
372180,1,1
372280,1,1
372380,1,1
372480,1,1
372580,1,1
372680,1,1
372780,1,1
372880,1,1
372980,1,1
373080,1,1
373180,1,1
373280,1,1
373380,1,1
373480,1,1
373580,1,1
373680,1,1
373780,1,1
373880,1,1
373980,1,1
374080,1,1
374180,1,1
374280,1,1
374380,1,1
374480,1,1
374580,1,1
374680,1,1
374780,1,1
374880,1,1
374980,1,1
375080,1,1
375180,1,1
375280,1,1
375380,1,1
375481,1,1
375581,1,1
375681,1,1
375781,1,1
375881,1,1
375981,1,1
376081,1,1
376181,1,1
376281,1,1
376381,1,1
376481,1,1
376581,1,1
376681,1,1
376781,1,1
376881,1,1
376981,1,1
377081,1,1
377181,1,1
377281,1,1
377381,1,1
377481,1,1
377581,1,1
377681,1,1
377781,1,1
377881,1,1
377981,1,1
378081,1,1
378181,1,1
378281,1,1
378381,1,1
378481,1,1
378581,1,1
378681,1,1
378781,1,1
378881,1,1
378981,1,1
379081,1,1
379181,1,1
379281,1,1
379381,1,1
379480,1,1
379580,1,1
379680,1,1
379780,1,1
379880,1,1
379980,1,1
380080,1,1
380180,1,1
380280,1,1
380380,1,1
380480,1,1
380580,1,1
380680,1,1
380780,1,1
380880,1,1
380980,1,1
381080,1,1
381180,1,1
381280,1,1
381380,1,1
381480,1,1
381580,1,1
381680,1,1
381780,1,1
381880,1,1
381980,1,1
382080,1,1
382180,1,1
382280,1,1
382380,1,1
382480,1,1
382580,1,1
382680,1,1
382780,1,1
382880,1,1
382980,1,1
383080,1,1
383180,1,1
383280,1,1
383380,1,1
383480,1,1
383580,1,1
383680,1,1
383790,1,1
383890,1,1
383990,1,1
384090,1,1
384190,1,1
384290,1,1
384390,1,1
384490,1,1
384590,1,1
384690,1,1
384790,1,1
384890,1,1
384990,1,1
385090,1,1
385190,1,1
385290,1,1
385390,1,1
385490,1,1
385590,1,1
385690,1,1
385790,1,1
385890,1,1
385990,1,1
386090,1,1
386190,1,1
386290,1,1
386390,1,1
386490,1,1
386591,1,1
386691,1,1
386791,1,1
386891,1,1
386991,1,1
387091,1,1
387191,1,1
387291,1,1
387391,1,1
387492,1,1
387592,1,1
387692,1,1
387792,1,1
387892,1,1
387992,1,1
388092,1,1
388192,1,1
388292,1,1
388392,1,1
388492,1,1
388592,1,1
388692,1,1
388792,1,1
388892,1,1
388992,1,1
389092,1,1
389192,1,1
389292,1,1
389392,1,1
389493,1,1
389593,1,1
389693,1,1
389793,1,1
389893,1,1
389993,1,1
390093,1,1
390193,1,1
390293,1,1
390393,1,1
390493,1,1
390593,1,1
390693,1,1
390793,1,1
390893,1,1
390993,1,1
391093,1,1
391193,1,1
391293,1,1
391393,1,1
391493,1,1
391593,1,1
391693,1,1
391793,1,1
391893,1,1
391993,1,1
392093,1,1
392193,1,1
392293,1,1
392393,1,1
392493,1,1
392593,1,1
392693,1,1
392793,1,1
392893,1,1
392993,1,1
393093,1,1
393193,1,1
393293,1,1
393393,1,1
393493,1,1
393593,1,1
393693,1,1
393793,1,1
393893,1,1
393993,1,1
394093,1,1
394193,1,1
394293,1,1
394393,1,1
394493,1,1
394593,1,1
394693,1,1
394793,1,1
394893,1,1
394993,1,1
395093,1,1
395193,1,1
395293,1,1
395393,1,1
395492,1,1
395592,1,1
395692,1,1
395792,1,1
395892,1,1
395992,1,1
396092,1,1
396192,1,1
396292,1,1
396392,1,1
396492,1,1
396592,1,1
396692,1,1
396792,1,1
396892,1,1
396992,1,1
397092,1,1
397192,1,1
397292,1,1
397392,1,1
397492,1,1
397592,1,1
397692,1,1
397792,1,1
397892,1,1
397992,1,1
398092,1,1
398192,1,1
398292,1,1
398392,1,1
398492,1,1
398592,1,1
398692,1,1
398792,1,1
398892,1,1
398992,1,1
399092,1,1
399192,1,1
399292,1,1
399392,1,1
399492,1,1
399592,1,1
399692,1,1
399792,1,1
399892,1,1
399992,1,1
400092,1,1
400192,1,1
400292,1,1
400392,1,1
400492,1,1
400592,1,1
400692,1,1
400792,1,1
400892,1,1
400992,1,1
401092,1,1
401192,1,1
401292,1,1
401392,1,1
401492,1,1
401592,1,1
401692,1,1
401792,1,1
401892,1,1
401992,1,1
402092,1,1
402192,1,1
402292,1,1
402392,1,1
402492,1,1
402592,1,1
402692,1,1
402792,1,1
402892,1,1
402992,1,1
403092,1,1
403192,1,1
403292,1,1
403392,1,1
403492,1,1
403592,1,1
403692,1,1
403792,1,1
403892,1,1
404015,0,0
404115,0,0
404215,0,0
404315,0,0
404415,0,0
404515,0,0
404615,0,0
404715,0,0
404815,0,0
404915,0,0
405015,0,0
405115,0,0
405215,0,0
405315,0,0
405415,0,0
405515,0,0
405615,0,0
405715,0,0
405815,0,0
405915,0,0
406015,0,0
406115,0,0
406215,0,0
406315,0,0
406415,0,0
406516,0,0
406616,0,0
406716,0,0
406816,0,0
406916,0,0
407016,0,0
407116,0,0
407216,0,0
407316,0,0
407416,0,0
407516,0,0
407616,0,0
407716,0,0
407816,0,0
407916,0,0
408016,0,0
408116,0,0
408216,0,0
408316,0,0
408416,0,0
408516,0,0
408616,0,0
408716,0,0
408816,0,0
408916,0,0
409016,0,0
409116,0,0
409216,0,0
409316,0,0
409416,0,0
409516,0,0
409616,0,0
409716,0,0
409816,0,0
409916,0,0
410016,0,0
410116,0,0
410216,0,0
410316,0,0
410416,0,0
410516,0,0
410616,0,0
410716,0,0
410816,0,0
410916,0,0
411016,0,0
411116,0,0
411216,0,0
411316,0,0
411416,0,0
411516,0,0
411616,0,0
411716,0,0
411816,0,0
411916,0,0
412016,0,0
412116,0,0
412216,0,0
412316,0,0
412416,0,0
412516,0,0
412616,0,0
412716,0,0
412816,0,0
412916,0,0
413016,0,0
413116,0,0
413216,0,0
413316,0,0
413416,0,0
413516,0,0
413616,0,0
413716,0,0
413816,0,0
413916,0,0
414016,0,0
414116,0,0
414216,0,0
414316,0,0
414416,0,0
414516,0,0
414616,0,0
414716,0,0
414816,0,0
414916,0,0
415016,0,0
415116,0,0
415216,0,0
415316,0,0
415416,0,0
415516,0,0
415616,0,0
415716,0,0
415816,0,0
415916,0,0
416013,0,0
416113,1,1
416213,1,1
416313,1,1
416413,1,1
416513,1,1
416613,1,1
416713,1,1
416813,1,1
416913,1,1
417013,1,1
417113,1,1
417213,1,1
417313,1,1
417413,1,1
417513,1,1
417613,1,1
417713,1,1
417813,1,1
417913,1,1
418013,1,1
418113,1,1
418213,1,1
418313,1,1
418413,1,1
418513,1,1
418613,1,1
418713,1,1
418813,1,1
418913,1,1
419013,1,1
419113,1,1
419213,1,1
419313,1,1
419413,1,1
419513,1,1
419613,1,1
419713,1,1
419813,1,1
419924,1,1
420024,1,1
420124,1,1
420224,1,1
420324,1,1
420424,1,1
420524,1,1
420624,1,1
420724,1,1
420824,1,1
420924,1,1
421024,1,1
421124,1,1
421224,1,1
421324,1,1
421424,1,1
421524,1,1
421624,1,1
421724,1,1
421824,1,1
421924,1,1
422024,1,1
422124,1,1
422224,1,1
422324,1,1
422424,1,1
422524,1,1
422624,1,1
422724,1,1
422824,1,1
422924,1,1
423024,1,1
423124,1,1
423224,1,1
423324,1,1
423424,1,1
423524,1,1
423624,1,1
423724,1,1
423824,1,1
423925,1,1
424040,1,1
424140,1,1
424240,1,1
424340,1,1
424440,1,1
424540,1,1
424640,1,1
424740,1,1
424840,1,1
424940,1,1
425040,1,1
425140,1,1
425240,1,1
425340,1,1
425440,1,1
425540,1,1
425640,1,1
425740,1,1
425840,1,1
425940,1,1
426040,1,1
426140,1,1
426240,1,1
426340,1,1
426440,1,1
426540,1,1
426640,1,1
426741,1,1
426841,1,1
426941,1,1
427041,1,1
427141,1,1
427241,1,1
427341,1,1
427441,1,1
427541,1,1
427641,1,1
427741,1,1
427841,1,1
427941,1,1
428041,1,1
428141,1,1
428241,1,1
428341,1,1
428441,1,1
428541,1,1
428641,1,1
428741,1,1
428841,1,1
428941,1,1
429041,1,1
429141,1,1
429241,1,1
429341,1,1
429441,1,1
429541,1,1
429641,1,1
429741,1,1
429841,1,1
429941,1,1
430041,1,1
430141,1,1
430241,1,1
430341,1,1
430441,1,1
430541,1,1
430641,1,1
430741,1,1
430841,1,1
430941,1,1
431041,1,1
431141,1,1
431241,1,1
431341,1,1
431441,1,1
431541,1,1
431641,1,1
431741,1,1
431841,1,1
431941,1,1
432045,1,1
432145,1,1
432245,1,1
432345,1,1
432445,1,1
432545,1,1
432645,1,1
432745,1,1
432845,1,1
432945,1,1
433045,1,1
433145,1,1
433245,1,1
433345,1,1
433445,1,1
433545,1,1
433645,1,1
433745,1,1
433845,1,1
433945,1,1
434045,1,1
434145,1,1
434245,1,1
434345,1,1
434445,1,1
434545,1,1
434645,1,1
434745,1,1
434845,1,1
434945,1,1
435045,1,1
435145,1,1
435245,1,1
435345,1,1
435445,1,1
435545,1,1
435645,1,1
435745,1,1
435845,1,1
435944,1,1
436053,1,1
436153,1,1
436253,1,1
436353,1,1
436453,1,1
436554,1,1
436654,1,1
436754,1,1
436854,1,1
436954,1,1
437054,1,1
437154,1,1
437254,1,1
437354,1,1
437454,1,1
437554,1,1
437654,1,1
437754,1,1
437854,1,1
437954,1,1
438054,1,1
438154,1,1
438254,1,1
438354,1,1
438454,1,1
438554,1,1
438654,1,1
438754,1,1
438854,1,1
438954,1,1
439054,1,1
439154,1,1
439254,1,1
439354,1,1
439455,1,1
439555,1,1
439655,1,1
439755,1,1
439855,1,1
439956,1,1
440062,1,1
440162,1,1
440262,1,1
440362,1,1
440462,1,1
440562,1,1
440662,1,1
440762,1,1
440862,1,1
440962,1,1
441062,1,1
441163,1,1
441263,1,1
441363,1,1
441463,1,1
441563,1,1
441663,1,1
441763,1,1
441863,1,1
441963,1,1
442063,1,1
442163,1,1
442263,1,1
442363,1,1
442463,1,1
442563,1,1
442663,1,1
442763,1,1
442863,1,1
442963,1,1
443063,1,1
443163,1,1
443263,1,1
443363,1,1
443463,1,1
443563,1,1
443663,1,1
443763,1,1
443863,1,1
443963,1,1
444068,1,1
444168,1,1
444268,1,1
444368,1,1
444468,1,1
444568,1,1
444668,1,1
444768,1,1
444868,1,1
444968,1,1
445068,1,1
445168,1,1
445268,1,1
445368,1,1
445468,1,1
445568,1,1
445668,1,1
445768,1,1
445868,1,1
445968,1,1
446069,1,1
446169,1,1
446269,1,1
446369,1,1
446469,1,1
446569,1,1
446669,1,1
446769,1,1
446869,1,1
446969,1,1
447069,1,1
447169,1,1
447269,1,1
447369,1,1
447469,1,1
447569,1,1
447669,1,1
447769,1,1
447869,1,1
447969,1,1
448070,1,1
448170,1,1
448270,1,1
448370,1,1
448470,1,1
448570,1,1
448670,1,1
448770,1,1
448870,1,1
448971,1,1
449071,1,1
449171,1,1
449271,1,1
449371,1,1
449471,1,1
449571,1,1
449671,1,1
449771,1,1
449871,1,1
449971,1,1
450071,1,1
450171,1,1
450271,1,1
450371,1,1
450471,1,1
450571,1,1
450671,1,1
450771,1,1
450871,1,1
450971,1,1
451071,1,1
451171,1,1
451271,1,1
451371,1,1
451471,1,1
451571,1,1
451671,1,1
451771,1,1
451872,1,1
451971,1,1
452075,1,1
452175,1,1
452275,1,1
452375,1,1
452475,1,1
452575,1,1
452675,1,1
452775,1,1
452875,1,1
452975,1,1
453075,1,1
453175,1,1
453275,1,1
453375,1,1
453475,1,1
453575,1,1
453675,1,1
453775,1,1
453876,1,1
453976,1,1
454076,1,1
454176,1,1
454276,1,1
454376,1,1
454476,1,1
454576,1,1
454676,1,1
454776,1,1
454876,1,1
454976,1,1
455076,1,1
455176,1,1
455276,1,1
455376,1,1
455476,1,1
455576,1,1
455676,1,1
455776,1,1
455876,1,1
455976,1,1
456088,1,1
456188,1,1
456288,1,1
456388,1,1
456488,1,1
456588,1,1
456688,1,1
456788,1,1
456888,1,1
456988,1,1
457088,1,1
457188,1,1
457288,1,1
457388,1,1
457488,1,1
457588,1,1
457688,1,1
457788,1,1
457888,1,1
457988,1,1
458088,1,1
458188,1,1
458288,1,1
458388,1,1
458488,1,1
458588,1,1
458688,1,1
458788,1,1
458888,1,1
458988,1,1
459088,1,1
459188,1,1
459288,1,1
459388,1,1
459488,1,1
459588,1,1
459688,1,1
459788,1,1
459888,1,1
459988,1,1
460088,1,1
460188,1,1
460288,1,1
460388,1,1
460488,1,1
460588,1,1
460688,1,1
460788,1,1
460888,1,1
460988,1,1
461088,1,1
461188,1,1
461288,1,1
461388,1,1
461488,1,1
461588,1,1
461688,1,1
461788,1,1
461888,1,1
461988,1,1
462088,1,1
462188,1,1
462288,1,1
462388,1,1
462488,1,1
462588,1,1
462688,1,1
462788,1,1
462888,1,1
462988,1,1
463088,1,1
463188,1,1
463288,1,1
463388,1,1
463488,1,1
463588,1,1
463688,1,1
463788,1,1
463888,1,1
463988,1,1
464088,1,1
464188,0,0
464288,0,0
464388,0,0
464488,0,0
464588,0,0
464688,0,0
464788,0,0
464888,0,0
464988,0,0
465088,0,0
465188,0,0
465288,0,0
465388,0,0
465488,0,0
465588,0,0
465688,0,0
465788,0,0
465888,0,0
465988,0,0
466088,0,0
466188,0,0
466288,0,0
466388,0,0
466488,0,0
466588,0,0
466688,0,0
466788,0,0
466888,0,0
466988,0,0
467088,0,0
467188,0,0
467288,0,0
467388,0,0
467488,0,0
467588,0,0
467688,0,0
467788,0,0
467888,0,0
467988,0,0
468088,0,0
468188,0,0
468288,0,0
468388,0,0
468488,0,0
468588,0,0
468688,0,0
468788,0,0
468888,0,0
468988,0,0
469088,0,0
469188,0,0
469288,0,0
469388,0,0
469488,0,0
469588,0,0
469688,0,0
469788,0,0
469888,0,0
469988,0,0
470088,0,0
470188,0,0
470288,0,0
470388,0,0
470488,0,0
470588,0,0
470688,0,0
470788,0,0
470888,0,0
470988,0,0
471088,0,0
471188,0,0
471288,0,0
471388,0,0
471488,0,0
471588,0,0
471688,0,0
471788,0,0
471888,0,0
471988,0,0
472103,0,0
472203,1,1
472303,1,1
472403,1,1
472503,1,1
472603,1,1
472703,1,1
472803,1,1
472903,1,1
473003,1,1
473103,1,1
473204,1,1
473304,1,1
473404,1,1
473504,1,1
473604,1,1
473704,1,1
473804,1,1
473904,1,1
474004,1,1
474104,1,1
474204,1,1
474304,1,1
474404,1,1
474504,1,1
474604,1,1
474704,1,1
474804,1,1
474904,1,1
475004,1,1
475104,1,1
475204,1,1
475304,1,1
475404,1,1
475504,1,1
475604,1,1
475704,1,1
475804,1,1
475904,1,1
476005,1,1
476105,1,1
476205,1,1
476305,1,1
476405,1,1
476505,1,1
476605,1,1
476705,1,1
476805,1,1
476905,1,1
477005,1,1
477105,1,1
477205,1,1
477305,1,1
477405,1,1
477505,1,1
477605,1,1
477705,1,1
477805,1,1
477905,1,1
478005,1,1
478105,1,1
478205,1,1
478305,1,1
478405,1,1
478505,1,1
478605,1,1
478705,1,1
478805,1,1
478905,1,1
479005,1,1
479105,1,1
479205,1,1
479305,1,1
479405,1,1
479505,1,1
479605,1,1
479705,1,1
479805,1,1
479905,1,1
480005,1,1
480105,1,1
480205,1,1
480305,1,1
480405,1,1
480505,1,1
480605,1,1
480705,1,1
480805,1,1
480905,1,1
481005,1,1
481105,1,1
481205,1,1
481305,1,1
481405,1,1
481505,1,1
481605,1,1
481705,1,1
481805,1,1
481905,1,1
482005,1,1
482105,1,1
482205,1,1
482305,1,1
482405,1,1
482505,1,1
482605,1,1
482705,1,1
482805,1,1
482905,1,1
483005,1,1
483105,1,1
483205,1,1
483305,1,1
483405,1,1
483505,1,1
483605,1,1
483705,1,1
483805,1,1
483905,1,1
484005,1,1
484105,1,1
484205,1,1
484305,1,1
484405,1,1
484505,1,1
484605,1,1
484705,1,1
484805,1,1
484905,1,1
485005,1,1
485105,1,1
485205,1,1
485305,1,1
485405,1,1
485505,1,1
485605,1,1
485705,1,1
485805,1,1
485905,1,1
486005,1,1
486105,1,1
486205,1,1
486305,1,1
486405,1,1
486505,1,1
486605,1,1
486705,1,1
486805,1,1
486905,1,1
487005,1,1
487105,1,1
487205,1,1
487305,1,1
487405,1,1
487505,1,1
487605,1,1
487705,1,1
487805,1,1
487905,1,1
488004,1,1
488104,1,1
488204,1,1
488304,1,1
488404,1,1
488504,1,1
488604,1,1
488704,1,1
488804,1,1
488904,1,1
489004,1,1
489104,1,1
489204,1,1
489304,1,1
489404,1,1
489504,1,1
489604,1,1
489704,1,1
489804,1,1
489904,1,1
490004,1,1
490104,1,1
490204,1,1
490304,1,1
490404,1,1
490504,1,1
490604,1,1
490704,1,1
490804,1,1
490904,1,1
491004,1,1
491104,1,1
491204,1,1
491304,1,1
491404,1,1
491504,1,1
491604,1,1
491704,1,1
491804,1,1
491904,1,1
492005,1,1
492105,1,1
492205,1,1
492305,1,1
492405,1,1
492505,1,1
492605,1,1
492705,1,1
492805,1,1
492905,1,1
493005,1,1
493105,1,1
493205,1,1
493305,1,1
493405,1,1
493505,1,1
493605,1,1
493705,1,1
493805,1,1
493905,1,1
494005,1,1
494105,1,1
494205,1,1
494305,1,1
494405,1,1
494505,1,1
494605,1,1
494705,1,1
494805,1,1
494905,1,1
495005,1,1
495105,1,1
495205,1,1
495305,1,1
495405,1,1
495505,1,1
495605,1,1
495705,1,1
495805,1,1
495905,1,1
496005,1,1
496105,1,1
496205,1,1
496305,1,1
496405,1,1
496505,1,1
496605,1,1
496705,1,1
496805,1,1
496905,1,1
497005,1,1
497105,1,1
497205,1,1
497305,1,1
497405,1,1
497505,1,1
497605,1,1
497705,1,1
497805,1,1
497905,1,1
498005,1,1
498105,1,1
498205,1,1
498305,1,1
498405,1,1
498505,1,1
498605,1,1
498705,1,1
498805,1,1
498905,1,1
499005,1,1
499105,1,1
499205,1,1
499305,1,1
499405,1,1
499505,1,1
499605,1,1
499705,1,1
499805,1,1
499905,1,1
500005,1,1
500105,1,1
500205,1,1
500305,1,1
500405,1,1
500505,1,1
500605,1,1
500705,1,1
500805,1,1
500905,1,1
501005,1,1
501105,1,1
501205,1,1
501305,1,1
501405,1,1
501505,1,1
501605,1,1
501705,1,1
501805,1,1
501905,1,1
502005,1,1
502105,1,1
502205,1,1
502305,1,1
502405,1,1
502505,1,1
502605,1,1
502705,1,1
502805,1,1
502905,1,1
503005,1,1
503105,1,1
503205,1,1
503305,1,1
503405,1,1
503505,1,1
503605,1,1
503705,1,1
503805,1,1
503905,1,1
504004,1,1
504104,1,1
504204,1,1
504304,1,1
504404,1,1
504504,1,1
504604,1,1
504704,1,1
504804,1,1
504904,1,1
505004,1,1
505104,1,1
505204,1,1
505304,1,1
505404,1,1
505504,1,1
505604,1,1
505704,1,1
505804,1,1
505904,1,1
506004,1,1
506104,1,1
506204,1,1
506304,1,1
506404,1,1
506504,1,1
506604,1,1
506704,1,1
506804,1,1
506904,1,1
507004,1,1
507104,1,1
507204,1,1
507304,1,1
507404,1,1
507504,1,1
507604,1,1
507704,1,1
507804,1,1
507904,1,1
508005,1,1
508105,1,1
508205,1,1
508305,1,1
508405,1,1
508505,1,1
508605,1,1
508705,1,1
508805,1,1
508905,1,1
509005,1,1
509105,1,1
509205,1,1
509305,1,1
509405,1,1
509505,1,1
509605,1,1
509705,1,1
509805,1,1
509905,1,1
510005,1,1
510105,1,1
510205,1,1
510305,1,1
510405,1,1
510505,1,1
510605,1,1
510705,1,1
510805,1,1
510905,1,1
511005,1,1
511105,1,1
511205,1,1
511305,1,1
511405,1,1
511505,1,1
511605,1,1
511705,1,1
511805,1,1
511905,1,1
512005,1,1
512105,1,1
512205,1,1
512305,1,1
512408,1,1
512508,1,1
512608,1,1
512708,1,1
512808,1,1
512908,1,1
513008,1,1
513108,1,1
513208,1,1
513308,1,1
513408,1,1
513508,1,1
513608,1,1
513708,1,1
513808,1,1
513909,1,1
514009,1,1
514109,1,1
514209,1,1
514309,1,1
514409,1,1
514509,1,1
514609,1,1
514709,1,1
514809,1,1
514909,1,1
515009,1,1
515109,1,1
515209,1,1
515309,1,1
515409,1,1
515509,1,1
515609,1,1
515709,1,1
515809,1,1
515909,1,1
516009,1,1
516109,1,1
516209,1,1
516309,1,1
516409,1,1
516509,1,1
516609,1,1
516709,1,1
516809,1,1
516909,1,1
517009,1,1
517109,1,1
517209,1,1
517309,1,1
517409,1,1
517509,1,1
517609,1,1
517709,1,1
517809,1,1
517909,1,1
518009,1,1
518109,1,1
518209,1,1
518309,1,1
518409,1,1
518509,1,1
518609,1,1
518709,1,1
518809,1,1
518909,1,1
519009,1,1
519109,1,1
519209,1,1
519309,1,1
519409,1,1
519509,1,1
519609,1,1
519709,1,1
519809,1,1
519909,1,1
520009,1,1
520109,1,1
520209,1,1
520309,1,1
520442,0,0
520542,0,0
520642,0,0
520742,0,0
520842,0,0
520942,0,0
521042,0,0
521142,0,0
521242,0,0
521342,0,0
521442,0,0
521542,0,0
521642,0,0
521742,0,0
521842,0,0
521942,0,0
522042,0,0
522142,0,0
522242,0,0
522342,0,0
522443,0,0
522543,0,0
522643,0,0
522743,0,0
522843,0,0
522943,0,0
523043,0,0
523143,0,0
523243,0,0
523343,0,0
523443,0,0
523543,0,0
523643,0,0
523743,0,0
523843,0,0
523943,0,0
524043,0,0
524143,0,0
524243,0,0
524343,0,0
524443,0,0
524543,0,0
524643,0,0
524743,0,0
524843,0,0
524943,0,0
525043,0,0
525143,0,0
525243,0,0
525344,0,0
525444,0,0
525544,0,0
525644,0,0
525744,0,0
525844,0,0
525944,0,0
526044,0,0
526144,0,0
526244,0,0
526344,0,0
526444,0,0
526544,0,0
526644,0,0
526744,0,0
526844,0,0
526944,0,0
527044,0,0
527144,0,0
527244,0,0
527344,0,0
527444,0,0
527544,0,0
527644,0,0
527744,0,0
527844,0,0
527944,0,0
528044,0,0
528144,0,0
528245,0,0
528345,0,0
528445,0,0
528545,0,0
528645,0,0
528745,0,0
528845,0,0
528945,0,0
529045,0,0
529145,0,0
529245,0,0
529345,0,0
529445,0,0
529545,0,0
529645,0,0
529745,0,0
529845,0,0
529945,0,0
530045,0,0
530145,0,0
530245,0,0
530345,0,0
530445,0,0
530545,0,0
530645,0,0
530745,0,0
530845,0,0
530945,0,0
531045,0,0
531145,0,0
531245,0,0
531345,0,0
531445,0,0
531545,0,0
531645,0,0
531745,0,0
531845,0,0
531945,0,0
532045,0,0
532145,0,0
532245,0,0
532345,0,0
532445,0,0
532545,0,0
532645,0,0
532745,0,0
532845,0,0
532945,0,0
533045,0,0
533145,0,0
533250,0,0
533350,1,1
533451,1,1
533551,1,1
533651,1,1
533751,1,1
533851,1,1
533951,1,1
534051,1,1
534151,1,1
534251,1,1
534351,1,1
534451,1,1
534551,1,1
534651,1,1
534751,1,1
534851,1,1
534951,1,1
535051,1,1
535151,1,1
535251,1,1
535351,1,1
535451,1,1
535551,1,1
535651,1,1
535751,1,1
535851,1,1
535951,1,1
536051,1,1
536151,1,1
536251,1,1
536352,1,1
536452,1,1
536552,1,1
536652,1,1
536752,1,1
536852,1,1
536952,1,1
537052,1,1
537152,1,1
537252,1,1
537352,1,1
537452,1,1
537552,1,1
537652,1,1
537752,1,1
537852,1,1
537952,1,1
538052,1,1
538152,1,1
538252,1,1
538352,1,1
538452,1,1
538552,1,1
538652,1,1
538752,1,1
538852,1,1
538952,1,1
539052,1,1
539152,1,1
539253,1,1
539353,1,1
539453,1,1
539553,1,1
539653,1,1
539753,1,1
539853,1,1
539953,1,1
540053,1,1
540153,1,1
540253,1,1
540353,1,1
540453,1,1
540553,1,1
540653,1,1
540753,1,1
540853,1,1
540953,1,1
541053,1,1
541153,1,1
541264,1,1
541364,1,1
541464,1,1
541564,1,1
541664,1,1
541764,1,1
541864,1,1
541964,1,1
542064,1,1
542164,1,1
542264,1,1
542364,1,1
542464,1,1
542564,1,1
542664,1,1
542764,1,1
542864,1,1
542965,1,1
543065,1,1
543165,1,1
543265,1,1
543365,1,1
543465,1,1
543565,1,1
543665,1,1
543765,1,1
543865,1,1
543965,1,1
544065,1,1
544165,1,1
544265,1,1
544365,1,1
544465,1,1
544565,1,1
544665,1,1
544765,1,1
544865,1,1
544965,1,1
545065,1,1
545164,1,1
545277,1,1
545377,1,1
545477,1,1
545577,1,1
545677,1,1
545777,1,1
545877,1,1
545977,1,1
546077,1,1
546177,1,1
546277,1,1
546378,1,1
546478,1,1
546578,1,1
546678,1,1
546778,1,1
546878,1,1
546978,1,1
547078,1,1
547178,1,1
547278,1,1
547378,1,1
547478,1,1
547578,1,1
547678,1,1
547778,1,1
547878,1,1
547978,1,1
548078,1,1
548178,1,1
548278,1,1
548378,1,1
548478,1,1
548578,1,1
548678,1,1
548778,1,1
548878,1,1
548978,1,1
549078,1,1
549179,1,1
549280,1,1
549380,1,1
549480,1,1
549580,1,1
549680,1,1
549780,1,1
549880,1,1
549980,1,1
550080,1,1
550180,1,1
550280,1,1
550380,1,1
550480,1,1
550580,1,1
550680,1,1
550780,1,1
550880,1,1
550980,1,1
551080,1,1
551180,1,1
551280,1,1
551380,1,1
551480,1,1
551580,1,1
551680,1,1
551780,1,1
551880,1,1
551980,1,1
552080,1,1
552181,1,1
552281,1,1
552381,1,1
552481,1,1
552581,1,1
552681,1,1
552781,1,1
552881,1,1
552981,1,1
553081,1,1
553181,1,1
553294,1,1
553394,1,1
553494,1,1
553594,1,1
553694,1,1
553794,1,1
553894,1,1
553994,1,1
554094,1,1
554194,1,1
554294,1,1
554394,1,1
554494,1,1
554594,1,1
554694,1,1
554794,1,1
554894,1,1
554994,1,1
555094,1,1
555194,1,1
555294,1,1
555394,1,1
555494,1,1
555595,1,1
555695,1,1
555795,1,1
555895,1,1
555995,1,1
556095,1,1
556195,1,1
556295,1,1
556395,1,1
556495,1,1
556595,1,1
556695,1,1
556795,1,1
556895,1,1
556995,1,1
557095,1,1
557195,1,1
557295,1,1
557395,1,1
557495,1,1
557595,1,1
557695,1,1
557795,1,1
557895,1,1
557995,1,1
558095,1,1
558195,1,1
558295,1,1
558395,1,1
558496,1,1
558596,1,1
558696,1,1
558796,1,1
558896,1,1
558996,1,1
559096,1,1
559196,1,1
559296,1,1
559396,1,1
559496,1,1
559596,1,1
559696,1,1
559796,1,1
559896,1,1
559996,1,1
560096,1,1
560196,1,1
560296,1,1
560396,1,1
560496,1,1
560596,1,1
560696,1,1
560796,1,1
560896,1,1
560996,1,1
561096,1,1
561195,1,1
561304,1,1
561404,1,1
561504,1,1
561604,1,1
561704,1,1
561804,1,1
561904,1,1
562004,1,1
562104,1,1
562204,1,1
562304,1,1
562404,1,1
562504,1,1
562604,1,1
562704,1,1
562804,1,1
562904,1,1
563004,1,1
563104,1,1
563204,1,1
563304,1,1
563404,1,1
563504,1,1
563604,1,1
563704,1,1
563804,1,1
563904,1,1
564004,1,1
564104,1,1
564204,1,1
564304,1,1
564404,1,1
564504,1,1
564604,1,1
564704,1,1
564804,1,1
564904,1,1
565004,1,1
565104,1,1
565204,1,1
565304,1,1
565404,1,1
565504,1,1
565604,1,1
565704,1,1
565804,1,1
565904,1,1
566004,1,1
566104,1,1
566204,1,1
566304,1,1
566404,1,1
566504,1,1
566604,1,1
566704,1,1
566804,1,1
566904,1,1
567004,1,1
567104,1,1
567204,1,1
567304,1,1
567404,1,1
567504,1,1
567604,1,1
567704,1,1
567804,1,1
567904,1,1
568004,1,1
568104,1,1
568204,1,1
568304,1,1
568404,1,1
568633,1,1
568733,1,1
568833,1,1
568933,1,1
569034,1,1
569134,1,1
569231,1,1
569331,1,1
569431,1,1
569531,1,1
569631,1,1
569731,1,1
569831,1,1
569931,1,1
570031,1,1
570131,1,1
570231,1,1
570331,1,1
570431,1,1
570531,1,1
570631,1,1
570731,1,1
570831,1,1
570931,1,1
571031,1,1
571131,1,1
571231,1,1
571331,1,1
571431,1,1
571531,1,1
571631,1,1
571731,1,1
571831,1,1
571932,1,1
572032,1,1
572132,1,1
572232,1,1
572332,1,1
572432,1,1
572532,1,1
572632,1,1
572732,1,1
572832,1,1
572932,1,1
573032,1,1
573132,1,1
573236,1,1
573336,1,1
573436,1,1
573536,1,1
573636,1,1
573736,1,1
573836,1,1
573936,1,1
574036,1,1
574136,1,1
574236,1,1
574336,1,1
574436,1,1
574536,1,1
574636,1,1
574736,1,1
574837,1,1
574937,1,1
575037,1,1
575137,1,1
575237,1,1
575337,1,1
575437,1,1
575537,1,1
575637,1,1
575737,1,1
575837,1,1
575937,1,1
576037,1,1
576137,1,1
576237,1,1
576337,1,1
576437,1,1
576537,1,1
576637,1,1
576737,1,1
576837,1,1
576937,1,1
577037,1,1
577137,1,1
577237,1,1
577337,1,1
577437,1,1
577537,1,1
577637,1,1
577737,1,1
577837,1,1
577937,1,1
578037,1,1
578137,1,1
578237,1,1
578337,1,1
578437,1,1
578537,1,1
578637,1,1
578737,1,1
578837,1,1
578937,1,1
579037,1,1
579137,1,1
579237,1,1
579337,1,1
579437,1,1
579537,1,1
579637,1,1
579737,1,1
579837,1,1
579937,1,1
580037,1,1
580137,1,1
580237,1,1
580337,1,1
580437,1,1
580537,1,1
580637,1,1
580737,1,1
580837,1,1
580937,1,1
581037,1,1
581137,1,1
581237,1,1
581365,0,0
581463,0,0
581563,0,0
581664,0,0
581764,0,0
581864,0,0
581964,0,0
582064,0,0
582164,0,0
582264,0,0
582364,0,0
582464,0,0
582564,0,0
582664,0,0
582764,0,0
582864,0,0
582964,0,0
583064,0,0
583164,0,0
583264,0,0
583364,0,0
583464,0,0
583564,0,0
583664,0,0
583764,0,0
583864,0,0
583964,0,0
584064,0,0
584164,0,0
584264,0,0
584364,0,0
584464,0,0
584565,0,0
584665,0,0
584765,0,0
584865,0,0
584965,0,0
585065,0,0
585165,0,0
585265,0,0
585365,0,0
585465,0,0
585565,0,0
585665,0,0
585765,0,0
585865,0,0
585965,0,0
586065,0,0
586165,0,0
586265,0,0
586365,0,0
586465,0,0
586565,0,0
586665,0,0
586765,0,0
586865,0,0
586965,0,0
587065,0,0
587165,0,0
587265,0,0
587365,0,0
587465,0,0
587565,0,0
587665,0,0
587765,0,0
587865,0,0
587965,0,0
588065,0,0
588165,0,0
588265,0,0
588365,0,0
588465,0,0
588565,0,0
588665,0,0
588765,0,0
588865,0,0
588965,0,0
589065,0,0
589165,0,0
589265,0,0
589365,0,0
589465,0,0
589565,0,0
589665,0,0
589765,0,0
589865,0,0
589965,0,0
590065,0,0
590165,0,0
590265,0,0
590365,0,0
590465,0,0
590565,0,0
590665,0,0
590765,0,0
590865,0,0
590965,0,0
591065,0,0
591165,0,0
591265,0,0
591365,0,0
591465,0,0
591565,0,0
591665,0,0
591765,0,0
591865,0,0
591965,0,0
592065,0,0
592165,0,0
592265,0,0
592365,0,0
592465,0,0
592565,0,0
592665,0,0
592765,0,0
592865,0,0
592965,0,0
593065,0,0
593165,0,0
593265,0,0
593365,0,0
593465,0,0
593565,0,0
593665,0,0
593765,0,0
593865,0,0
593965,0,0
594065,0,0
594165,0,0
594265,0,0
594365,0,0
594465,0,0
594565,0,0
594665,0,0
594765,0,0
594865,0,0
594965,0,0
595065,0,0
595165,0,0
595265,0,0
595365,0,0
595465,0,0
595565,0,0
595665,0,0
595765,0,0
595865,0,0
595965,0,0
596065,0,0
596165,0,0
596265,0,0
596365,0,0
596465,0,0
596565,0,0
596665,0,0
596765,0,0
596865,0,0
596965,0,0
597065,0,0
597165,0,0
597265,0,0
597365,0,0
597465,0,0
597565,0,0
597665,0,0
597765,0,0
597865,0,0
597965,0,0
598065,0,0
598165,0,0
598265,0,0
598365,0,0
598465,0,0
598565,0,0
598665,0,0
598765,0,0
598865,0,0
598965,0,0
599065,0,0
599165,0,0
599265,0,0
599365,0,0
599465,0,0
599565,0,0
599665,0,0
599765,0,0
599865,0,0
599965,0,0
600065,0,0
600165,0,0
600265,0,0
600365,0,0
600465,0,0
600565,0,0
600665,0,0
600765,0,0
600865,0,0
600965,0,0
601065,0,0
601165,0,0
601265,0,0
601365,0,0
601465,0,0
601565,0,0
601665,0,0
601765,0,0
601865,0,0
601965,0,0
602065,0,0
602165,0,0
602265,0,0
602365,0,0
602465,0,0
602565,0,0
602665,0,0
602765,0,0
602865,0,0
602965,0,0
603065,0,0
603165,0,0
603265,0,0
603365,0,0
603465,0,0
603565,0,0
603665,0,0
603765,0,0
603865,0,0
603965,0,0
604065,0,0
604165,0,0
604265,0,0
604365,0,0
604465,0,0
604565,0,0
604665,0,0
604765,0,0
604865,0,0
604965,0,0
605065,0,0
605165,0,0
605265,0,0
605365,0,0
605465,0,0
605565,0,0
605665,0,0
605765,0,0
605865,0,0
605965,0,0
606065,0,0
606165,0,0
606265,0,0
606365,0,0
606465,0,0
606565,0,0
606665,0,0
606765,0,0
606865,0,0
606965,0,0
607065,0,0
607165,0,0
607265,0,0
607365,0,0
607465,0,0
607565,0,0
607665,0,0
607765,0,0
607865,0,0
607965,0,0
608065,0,0
608165,0,0
608265,0,0
608365,0,0
608465,0,0
608565,0,0
608665,0,0
608765,0,0
608865,0,0
608965,0,0
609065,0,0
609165,0,0
609265,0,0
609365,0,0
609465,0,0
609565,0,0
609665,0,0
609765,0,0
609865,0,0
609965,0,0
610065,0,0
610165,0,0
610265,0,0
610365,0,0
610465,0,0
610565,0,0
610665,0,0
610765,0,0
610865,0,0
610965,0,0
611065,0,0
611165,0,0
611265,0,0
611365,0,0
611465,0,0
611565,0,0
611665,0,0
611765,0,0
611865,0,0
611965,0,0
612065,0,0
612165,0,0
612265,0,0
612365,0,0
612465,0,0
612565,0,0
612665,0,0
612765,0,0
612865,0,0
612965,0,0
613065,0,0
613165,0,0
613265,0,0
613365,0,0
613465,0,0
613565,0,0
613665,0,0
613765,0,0
613865,0,0
613965,0,0
614065,0,0
614165,0,0
614265,0,0
614365,0,0
614465,0,0
614565,0,0
614665,0,0
614765,0,0
614865,0,0
614965,0,0
615065,0,0
615165,0,0
615265,0,0
615365,0,0
615465,0,0
615565,0,0
615665,0,0
615765,0,0
615865,0,0
615965,0,0
616065,0,0
616165,0,0
616265,0,0
616365,0,0
616465,0,0
616565,0,0
616665,0,0
616765,0,0
616865,0,0
616965,0,0
617065,0,0
617165,0,0
617265,0,0
617365,0,0
617465,0,0
617565,0,0
617665,0,0
617765,0,0
617865,0,0
617965,0,0
618065,0,0
618165,0,0
618265,0,0
618365,0,0
618465,0,0
618565,0,0
618665,0,0
618765,0,0
618865,0,0
618965,0,0
619065,0,0
619165,0,0
619265,0,0
619365,0,0
619465,0,0
619565,0,0
619665,0,0
619765,0,0
619865,0,0
619965,0,0
620065,0,0
620165,0,0
620265,0,0
620365,0,0
620465,0,0
620565,0,0
620665,0,0
620765,0,0
620865,0,0
620965,0,0
621065,0,0
621165,0,0
621265,0,0
621365,0,0
621465,0,0
621565,0,0
621665,0,0
621765,0,0
621865,0,0
621965,0,0
622065,0,0
622165,0,0
622265,0,0
622365,0,0
622465,0,0
622565,0,0
622665,0,0
622765,0,0
622865,0,0
622965,0,0
623065,0,0
623165,0,0
623265,0,0
623365,0,0
623465,0,0
623565,0,0
623665,0,0
623765,0,0
623865,0,0
623965,0,0
624065,0,0
624165,0,0
624265,0,0
624365,0,0
624465,0,0
624565,0,0
624665,0,0
624765,0,0
624865,0,0
624965,0,0
625065,0,0
625165,0,0
625265,0,0
625365,0,0
625465,0,0
625565,0,0
625665,0,0
625765,0,0
625865,0,0
625965,0,0
626065,0,0
626165,0,0
626265,0,0
626365,0,0
626465,0,0
626565,0,0
626665,0,0
626765,0,0
626865,0,0
626965,0,0
627065,0,0
627165,0,0
627265,0,0
627365,0,0
627465,0,0
627565,0,0
627665,0,0
627765,0,0
627865,0,0
627965,0,0
628065,0,0
628165,0,0
628265,0,0
628365,0,0
628465,0,0
628565,0,0
628665,0,0
628765,0,0
628865,0,0
628965,0,0
629065,0,0
629165,0,0
629265,0,0
629365,0,0
629465,0,0
629565,0,0
629665,0,0
629765,0,0
629865,0,0
629965,0,0
630065,0,0
630165,0,0
630265,0,0
630365,0,0
630465,0,0
630565,0,0
630665,0,0
630765,0,0
630865,0,0
630965,0,0
631065,0,0
631165,0,0
631265,0,0
631365,0,0
631465,0,0
631565,0,0
631665,0,0
631765,0,0
631865,0,0
631965,0,0
632065,0,0
632165,0,0
632265,0,0
632365,0,0
632465,0,0
632565,0,0
632665,0,0
632765,0,0
632865,0,0
632965,0,0
633065,0,0
633165,0,0
633265,0,0
633365,0,0
633465,0,0
633565,0,0
633665,0,0
633765,0,0
633865,0,0
633965,0,0
634065,0,0
634165,0,0
634265,0,0
634365,0,0
634465,0,0
634565,0,0
634665,0,0
634765,0,0
634865,0,0
634965,0,0
635065,0,0
635165,0,0
635265,0,0
635365,0,0
635465,0,0
635565,0,0
635665,0,0
635765,0,0
635865,0,0
635965,0,0
636065,0,0
636165,0,0
636265,0,0
636365,0,0
636465,0,0
636565,0,0
636665,0,0
636765,0,0
636865,0,0
636965,0,0
637065,0,0
637165,0,0
637265,0,0
637365,0,0
637465,0,0
637565,0,0
637665,0,0
637765,0,0
637865,0,0
637965,0,0
638065,0,0
638165,0,0
638265,0,0
638365,0,0
638465,0,0
638565,0,0
638665,0,0
638765,0,0
638865,0,0
638965,0,0
639065,0,0
639165,0,0
639265,0,0
639365,0,0
639465,0,0
639565,0,0
639665,0,0
639765,0,0
639865,0,0
639965,0,0
640065,0,0
640165,0,0
640265,0,0
640365,0,0
640465,0,0
640565,0,0
640665,0,0
640765,0,0
640865,0,0
640965,0,0
641065,0,0
641165,0,0
641265,0,0
641365,0,0
641465,0,0
641565,0,0
641665,0,0
641765,0,0
641865,0,0
641965,0,0
642065,0,0
642165,0,0
642265,0,0
642365,0,0
642465,0,0
642565,0,0
642665,0,0
642765,0,0
642865,0,0
642965,0,0
643065,0,0
643165,0,0
643265,0,0
643365,0,0
643465,0,0
643565,0,0
643665,0,0
643765,0,0
643865,0,0
643965,0,0
644065,0,0
644165,0,0
644265,0,0
644365,0,0
644465,0,0
644565,0,0
644665,0,0
644765,0,0
644865,0,0
644965,0,0
645065,0,0
645165,0,0
645265,0,0
645365,0,0
645465,0,0
645565,0,0
645665,0,0
645765,0,0
645865,0,0
645965,0,0
646065,0,0
646165,0,0
646265,0,0
646365,0,0
646465,0,0
646565,0,0
646665,0,0
646765,0,0
646865,0,0
646965,0,0
647065,0,0
647165,0,0
647265,0,0
647365,0,0
647465,0,0
647565,0,0
647665,0,0
647765,0,0
647865,0,0
647965,0,0
648065,0,0
648165,0,0
648265,0,0
648365,0,0
648465,0,0
648565,0,0
648665,0,0
648765,0,0
648865,0,0
648965,0,0
649065,0,0
649165,0,0
649265,0,0
649365,0,0
649465,0,0
649565,0,0
649665,0,0
649765,0,0
649865,0,0
649965,0,0
650065,0,0
650165,0,0
650265,0,0
650365,0,0
650465,0,0
650565,0,0
650665,0,0
650765,0,0
650865,0,0
650965,0,0
651065,0,0
651165,0,0
651265,0,0
651365,0,0
651465,0,0
651565,0,0
651665,0,0
651765,0,0
651865,0,0
651965,0,0
652065,0,0
652165,0,0
652265,0,0
652365,0,0
652465,0,0
652565,0,0
652665,0,0
652765,0,0
652865,0,0
652965,0,0
653065,0,0
653165,0,0
653265,0,0
653365,0,0
653465,0,0
653565,0,0
653665,0,0
653765,0,0
653865,0,0
653965,0,0
654065,0,0
