p:4000,20000,6000,600,8000,4000,2000,8000,100
15115,0,0
15215,0,0
15315,0,0
15415,0,0
15515,0,0
15615,0,0
15715,0,0
15815,0,0
15915,0,0
16015,0,0
16115,1,1
16215,1,1
16315,1,1
16415,1,1
16515,1,1
16615,1,1
16715,1,1
16815,1,1
16915,1,1
17015,1,1
17115,1,1
17215,1,1
17315,1,1
17415,1,1
17515,1,1
17615,1,1
17715,1,1
17815,1,1
17915,1,1
18015,1,1
18115,1,1
18215,1,1
18315,1,1
18415,1,1
18515,1,1
18615,1,1
18715,1,1
18815,1,1
18915,1,1
19015,1,1
19102,1,1
19202,1,1
19302,1,1
19402,1,1
19502,1,1
19602,1,1
19702,1,1
19802,1,1
19902,1,1
20002,1,1
20102,1,1
20202,1,1
20302,1,1
20402,1,1
20502,1,1
20602,1,1
20702,1,1
20802,1,1
20902,1,1
21002,1,1
21102,1,1
21202,1,1
21302,1,1
21402,1,1
21502,1,1
21602,1,1
21702,1,1
21802,1,1
21902,1,1
22002,1,1
22102,1,1
22202,1,1
22302,1,1
22402,1,1
22502,1,1
22602,1,1
22702,1,1
22802,1,1
22902,1,1
23002,1,1
23103,1,1
23203,1,1
23303,1,1
23403,1,1
23503,1,1
23603,1,1
23703,1,1
23803,1,1
23903,1,1
24003,1,1
24103,1,1
24203,1,1
24303,1,1
24403,1,1
24503,1,1
24603,1,1
24703,1,1
24803,1,1
24903,1,1
25003,1,1
25103,1,1
25203,1,1
25303,1,1
25403,1,1
25503,1,1
25603,1,1
25703,1,1
25803,1,1
25903,1,1
26003,1,1
26103,1,1
26203,1,1
26303,1,1
26403,1,1
26503,1,1
26603,1,1
26703,1,1
26803,1,1
26903,1,1
27003,1,1
27103,1,1
27203,1,1
27303,1,1
27403,1,1
27503,1,1
27603,1,1
27703,1,1
27803,1,1
27903,1,1
28003,1,1
28103,1,1
28203,1,1
28303,1,1
28403,1,1
28503,1,1
28603,1,1
28703,1,1
28803,1,1
28903,1,1
29003,1,1
29103,1,1
29203,1,1
29303,1,1
29403,1,1
29503,1,1
29603,1,1
29703,1,1
29803,1,1
29903,1,1
30003,1,1
30103,1,1
30203,1,1
30303,1,1
30403,1,1
30503,1,1
30603,1,1
30703,1,1
30803,1,1
30903,1,1
31003,1,1
31103,1,1
31203,1,1
31303,1,1
31403,1,1
31503,1,1
31603,1,1
31703,1,1
31803,1,1
31903,1,1
32003,1,1
32103,1,1
32203,1,1
32303,1,1
32403,1,1
32503,1,1
32603,1,1
32703,1,1
32803,1,1
32903,1,1
33003,1,1
33103,1,1
33203,1,1
33303,1,1
33403,1,1
33503,1,1
33603,1,1
33703,1,1
33803,1,1
33903,1,1
34003,1,1
34103,1,1
34203,1,1
34303,1,1
34403,1,1
34503,1,1
34603,1,1
34703,1,1
34803,1,1
34903,1,1
35003,1,1
35103,1,1
35209,1,1
35309,1,1
35409,1,1
35509,1,1
35609,1,1
35709,1,1
35809,1,1
35909,1,1
36009,1,1
36109,1,1
36209,1,1
36309,1,1
36409,1,1
36509,1,1
36609,1,1
36709,1,1
36809,1,1
36909,1,1
37009,1,1
37109,1,1
37209,1,1
37309,1,1
37409,1,1
37509,1,1
37609,1,1
37709,1,1
37809,1,1
37909,1,1
38009,1,1
38109,1,1
38209,1,1
38309,1,1
38409,1,1
38509,1,1
38609,1,1
38709,1,1
38809,1,1
38909,1,1
39009,1,1
39109,1,1
39207,1,1
39307,1,1
39407,1,1
39507,1,1
39607,1,1
39707,1,1
39807,1,1
39907,1,1
40007,1,1
40107,1,1
40207,1,1
40307,1,1
40407,1,1
40507,1,1
40607,1,1
40707,1,1
40807,1,1
40907,1,1
41007,1,1
41107,1,1
41207,1,1
41307,1,1
41407,1,1
41507,1,1
41607,1,1
41707,1,1
41807,1,1
41907,1,1
42007,1,1
42107,1,1
42207,1,1
42307,1,1
42407,1,1
42507,1,1
42607,1,1
42707,1,1
42807,1,1
42907,1,1
43007,1,1
43107,1,1
43206,1,1
43306,1,1
43406,1,1
43506,1,1
43606,1,1
43706,1,1
43806,1,1
43906,1,1
44006,1,1
44114,1,1
44214,1,1
44314,1,1
44414,1,1
44514,1,1
44614,1,1
44714,1,1
44814,1,1
44914,1,1
45014,1,1
45114,1,1
45214,1,1
45314,1,1
45414,1,1
45514,1,1
45614,1,1
45714,1,1
45814,1,1
45914,1,1
46014,1,1
46114,1,1
46214,1,1
46314,1,1
46414,1,1
46514,1,1
46614,1,1
46714,1,1
46814,1,1
46914,1,1
47014,1,1
47114,1,1
47212,1,1
47312,1,1
47412,1,1
47512,1,1
47612,1,1
47712,1,1
47812,1,1
47912,1,1
48012,1,1
48112,1,1
48212,1,1
48312,1,1
48412,1,1
48512,1,1
48612,1,1
48712,1,1
48812,1,1
48912,1,1
49012,1,1
49112,1,1
49212,1,1
49312,1,1
49412,1,1
49512,1,1
49612,1,1
49712,1,1
49812,1,1
49912,1,1
50012,1,1
50112,1,1
50212,1,1
50312,1,1
50412,1,1
50512,1,1
50612,1,1
50712,1,1
50812,1,1
50912,1,1
51012,1,1
51112,1,1
51212,1,1
51296,1,1
51396,1,1
51496,1,1
51596,1,1
51696,1,1
51796,1,1
51896,1,1
51996,1,1
52096,1,1
52196,1,1
52296,1,1
52396,1,1
52496,1,1
52596,1,1
52696,1,1
52796,1,1
52896,1,1
52996,1,1
53096,1,1
53196,1,1
53296,1,1
53396,1,1
53496,1,1
53596,1,1
53696,1,1
53796,1,1
53896,1,1
53996,1,1
54096,1,1
54196,1,1
54296,1,1
54396,1,1
54496,1,1
54596,1,1
54696,1,1
54796,1,1
54896,1,1
54996,1,1
55096,1,1
55196,1,1
55296,1,1
55396,1,1
55496,1,1
55596,1,1
55696,1,1
55796,1,1
55896,1,1
55996,1,1
56096,1,1
56196,1,1
56296,1,1
56396,1,1
56496,1,1
56596,1,1
56696,1,1
56796,1,1
56896,1,1
56996,1,1
57096,1,1
57196,1,1
57296,1,1
57396,1,1
57496,1,1
57596,1,1
57696,1,1
57796,1,1
57896,1,1
57996,1,1
58096,1,1
58196,1,1
58296,1,1
58396,1,1
58496,1,1
58596,1,1
58696,1,1
58796,1,1
58896,1,1
58996,1,1
59096,1,1
59196,1,1
59296,1,1
59396,1,1
59496,1,1
59596,1,1
59696,1,1
59796,1,1
59896,1,1
59996,1,1
60096,1,1
60196,0,0
60296,0,0
60396,0,0
60496,0,0
60596,0,0
60696,0,0
60796,0,0
60896,0,0
60996,0,0
61096,0,0
61196,0,0
61296,0,0
61396,0,0
61496,0,0
61596,0,0
61696,0,0
61796,0,0
61896,0,0
61996,0,0
62096,0,0
62196,0,0
62296,0,0
62396,0,0
62496,0,0
62596,0,0
62696,0,0
62796,0,0
62896,0,0
62996,0,0
63096,0,0
63196,0,0
63296,0,0
63396,0,0
63496,0,0
63596,0,0
63696,0,0
63796,0,0
63896,0,0
63996,0,0
64096,0,0
64196,0,0
64296,0,0
64396,0,0
64496,0,0
64596,0,0
64696,0,0
64796,0,0
64896,0,0
64996,0,0
65096,0,0
65196,0,0
65296,0,0
65396,0,0
65496,0,0
65596,0,0
65696,0,0
65796,0,0
65896,0,0
65996,0,0
66096,0,0
66196,0,0
66296,0,0
66396,0,0
66496,0,0
66596,0,0
66696,0,0
66796,0,0
66896,0,0
66996,0,0
67096,0,0
67196,0,0
67296,0,0
67396,0,0
67496,0,0
67596,0,0
67696,0,0
67796,0,0
67896,0,0
67996,0,0
68096,0,0
68196,0,0
68296,0,0
68396,0,0
68496,0,0
68596,0,0
68696,0,0
68796,0,0
68896,0,0
68996,0,0
69096,0,0
69196,0,0
69296,0,0
69396,0,0
69496,0,0
69596,0,0
69696,0,0
69796,0,0
69896,0,0
69996,0,0
70096,0,0
70196,0,0
70296,0,0
70396,0,0
70496,0,0
70596,0,0
70696,0,0
70796,0,0
70896,0,0
70996,0,0
71096,0,0
71196,0,0
71296,0,0
71396,0,0
71496,0,0
71596,0,0
71696,0,0
71796,0,0
71896,0,0
71996,0,0
72096,0,0
72196,0,0
72296,0,0
72396,0,0
72496,0,0
72596,0,0
72696,0,0
72796,0,0
72896,0,0
72996,0,0
73096,0,0
73196,0,0
73296,0,0
73396,0,0
73496,0,0
73601,0,0
73701,1,1
73801,1,1
73901,1,1
74001,1,1
74101,1,1
74201,1,1
74301,1,1
74401,1,1
74501,1,1
74601,1,1
74701,1,1
74801,1,1
74901,1,1
75001,1,1
75101,1,1
75201,1,1
75301,1,1
75401,1,1
75501,1,1
75601,1,1
75701,1,1
75801,1,1
75901,1,1
76001,1,1
76101,1,1
76201,1,1
76301,1,1
76401,1,1
76501,1,1
76601,1,1
76701,1,1
76801,1,1
76901,1,1
77001,1,1
77101,1,1
77201,1,1
77301,1,1
77401,1,1
77501,1,1
77600,1,1
77700,1,1
77800,1,1
77900,1,1
78000,1,1
78100,1,1
78200,1,1
78300,1,1
78400,1,1
78500,1,1
78600,1,1
78700,1,1
78800,1,1
78900,1,1
79000,1,1
79100,1,1
79200,1,1
79300,1,1
79400,1,1
79500,1,1
79600,1,1
79700,1,1
79800,1,1
79900,1,1
80000,1,1
80100,1,1
80200,1,1
80300,1,1
80400,1,1
80500,1,1
80600,1,1
80717,1,1
80817,1,1
80917,1,1
81017,1,1
81117,1,1
81217,1,1
81317,1,1
81417,1,1
81517,1,1
81616,1,1
81716,1,1
81816,1,1
81916,1,1
82016,1,1
82116,1,1
82216,1,1
82317,1,1
82417,1,1
82517,1,1
82617,1,1
82717,1,1
82817,1,1
82917,1,1
83017,1,1
83117,1,1
83217,1,1
83317,1,1
83417,1,1
83517,1,1
83617,1,1
83717,1,1
83817,1,1
83917,1,1
84017,1,1
84117,1,1
84217,1,1
84317,1,1
84417,1,1
84517,1,1
84617,1,1
84717,1,1
84817,1,1
84917,1,1
85017,1,1
85117,1,1
85218,1,1
85318,1,1
85418,1,1
85518,1,1
85615,1,1
85715,1,1
85815,1,1
85915,1,1
86015,1,1
86115,1,1
86215,1,1
86315,1,1
86415,1,1
86515,1,1
86615,1,1
86715,1,1
86815,1,1
86915,1,1
87015,1,1
87115,1,1
87215,1,1
87315,1,1
87415,1,1
87515,1,1
87615,1,1
87715,1,1
87815,1,1
87915,1,1
88015,1,1
88116,1,1
88216,1,1
88316,1,1
88416,1,1
88516,1,1
88616,1,1
88716,1,1
88816,1,1
88916,1,1
89016,1,1
89116,1,1
89216,1,1
89316,1,1
89416,1,1
89516,1,1
89615,1,1
89715,1,1
89815,1,1
89915,1,1
90015,1,1
90115,1,1
90215,1,1
90315,1,1
90415,1,1
90515,1,1
90615,1,1
90715,1,1
90815,1,1
90915,1,1
91015,1,1
91115,1,1
91215,1,1
91315,1,1
91415,1,1
91515,1,1
91615,1,1
91715,1,1
91815,1,1
91915,1,1
92015,1,1
92115,1,1
92215,1,1
92315,1,1
92415,1,1
92515,1,1
92615,1,1
92715,1,1
92815,1,1
92915,1,1
93015,1,1
93115,1,1
93215,1,1
93315,1,1
93415,1,1
93515,1,1
93613,1,1
93713,1,1
93813,1,1
93913,1,1
94013,1,1
94113,1,1
94213,1,1
94313,1,1
94413,1,1
94513,1,1
94613,1,1
94713,1,1
94813,1,1
94913,1,1
95013,1,1
95113,1,1
95213,1,1
95313,1,1
95413,1,1
95513,1,1
95613,1,1
95713,1,1
95813,1,1
95913,1,1
96013,1,1
96113,1,1
96213,1,1
96313,1,1
96413,1,1
96513,1,1
96613,1,1
96713,1,1
96813,1,1
96913,1,1
97013,1,1
97113,1,1
97213,1,1
97313,1,1
97413,1,1
97513,1,1
97611,1,1
97711,1,1
97811,1,1
97911,1,1
98011,1,1
98111,1,1
98211,1,1
98311,1,1
98411,1,1
98511,1,1
98611,1,1
98711,1,1
98811,1,1
98911,1,1
99011,1,1
99111,1,1
99211,1,1
99311,1,1
99411,1,1
99511,1,1
99611,1,1
99711,1,1
99811,1,1
99911,1,1
100011,1,1
100111,1,1
100211,1,1
100311,1,1
100411,1,1
100511,1,1
100611,1,1
100711,1,1
100811,1,1
100911,1,1
101011,1,1
101111,1,1
101211,1,1
101311,1,1
101411,1,1
101511,1,1
101610,1,1
101710,1,1
101810,1,1
101910,1,1
102010,1,1
102110,1,1
102210,1,1
102310,1,1
102410,1,1
102510,1,1
102610,1,1
102710,1,1
102810,1,1
102910,1,1
103010,1,1
103110,1,1
103210,1,1
103310,1,1
103410,1,1
103510,1,1
103610,1,1
103710,1,1
103810,1,1
103910,1,1
104010,1,1
104110,1,1
104210,1,1
104310,1,1
104410,1,1
104510,1,1
104610,1,1
104710,1,1
104810,1,1
104910,1,1
105010,1,1
105110,1,1
105210,1,1
105310,1,1
105410,1,1
105510,1,1
105608,1,1
105708,1,1
105808,1,1
105908,1,1
106008,1,1
106108,1,1
106208,1,1
106308,1,1
106408,1,1
106508,1,1
106608,1,1
106708,1,1
106808,1,1
106908,1,1
107008,1,1
107108,1,1
107208,1,1
107308,1,1
107408,1,1
107508,1,1
107608,1,1
107708,1,1
107808,1,1
107908,1,1
108008,1,1
108108,1,1
108208,1,1
108308,1,1
108408,1,1
108508,1,1
108608,1,1
108708,1,1
108808,1,1
108908,1,1
109008,1,1
109108,1,1
109208,1,1
109308,1,1
109408,1,1
109508,1,1
109607,1,1
109707,1,1
109807,1,1
109907,1,1
110007,1,1
110107,1,1
110207,1,1
110307,1,1
110407,1,1
110507,1,1
110607,1,1
110707,1,1
110807,1,1
110907,1,1
111007,1,1
111107,1,1
111207,1,1
111307,1,1
111407,1,1
111507,1,1
111607,1,1
111707,1,1
111807,1,1
111907,1,1
112007,1,1
112107,1,1
112207,1,1
112307,1,1
112407,1,1
112507,1,1
112607,1,1
112707,1,1
112807,1,1
112907,1,1
113007,1,1
113107,1,1
113207,1,1
113307,1,1
113407,1,1
113507,1,1
113607,1,1
113707,1,1
113807,1,1
113907,1,1
114007,1,1
114107,1,1
114207,1,1
114307,1,1
114407,1,1
114507,1,1
114607,1,1
114707,1,1
114807,1,1
114907,1,1
115007,1,1
115107,1,1
115207,1,1
115307,1,1
115407,1,1
115507,1,1
115607,1,1
115707,1,1
115807,1,1
115907,1,1
116007,1,1
116107,1,1
116207,1,1
116307,1,1
116407,1,1
116507,1,1
116607,1,1
116707,1,1
116807,1,1
116907,1,1
117007,1,1
117107,1,1
117207,1,1
117307,1,1
117407,1,1
117507,1,1
117607,1,1
117707,1,1
117807,1,1
117907,1,1
118008,0,0
118108,0,0
118208,0,0
118308,0,0
118408,0,0
118508,0,0
118608,0,0
118708,0,0
118808,0,0
118908,0,0
119008,0,0
119108,0,0
119208,0,0
119308,0,0
119408,0,0
119508,0,0
119608,0,0
119708,0,0
119809,0,0
119909,0,0
120009,0,0
120109,0,0
120209,0,0
120309,0,0
120409,0,0
120509,0,0
120609,0,0
120709,0,0
120809,0,0
120909,0,0
121009,0,0
121109,0,0
121209,0,0
121309,0,0
121409,0,0
121509,0,0
121609,0,0
121709,0,0
121809,0,0
121909,0,0
122009,0,0
122109,0,0
122209,0,0
122309,0,0
122409,0,0
122509,0,0
122609,0,0
122710,0,0
122810,0,0
122910,0,0
123010,0,0
123110,0,0
123210,0,0
123310,0,0
123410,0,0
123510,0,0
123610,0,0
123710,0,0
123810,0,0
123910,0,0
124010,0,0
124110,0,0
124210,0,0
124310,0,0
124410,0,0
124510,0,0
124610,0,0
124710,0,0
124810,0,0
124910,0,0
125010,0,0
125110,0,0
125210,0,0
125310,0,0
125410,0,0
125510,0,0
125611,0,0
125711,0,0
125811,0,0
125911,0,0
126011,1,1
126111,1,1
126211,1,1
126311,1,1
126411,1,1
126511,1,1
126611,1,1
126711,1,1
126811,1,1
126911,1,1
127011,1,1
127111,1,1
127211,1,1
127311,1,1
127411,1,1
127511,1,1
127611,1,1
127711,1,1
127811,1,1
127911,1,1
128011,1,1
128111,1,1
128211,1,1
128311,1,1
128411,1,1
128511,1,1
128611,1,1
128711,1,1
128811,1,1
128911,1,1
129011,1,1
129111,1,1
129211,1,1
129311,1,1
129411,1,1
129511,1,1
129611,1,1
129703,1,1
129803,1,1
129903,1,1
130003,1,1
130103,1,1
130203,1,1
130303,1,1
130403,1,1
130503,1,1
130603,1,1
130703,1,1
130803,1,1
130903,1,1
131003,1,1
131103,1,1
131203,1,1
131303,1,1
131403,1,1
131503,1,1
131603,1,1
131703,1,1
131803,1,1
131903,1,1
132003,1,1
132103,1,1
132203,1,1
132303,1,1
132403,1,1
132503,1,1
132603,1,1
132703,1,1
132803,1,1
132903,1,1
133003,1,1
133103,1,1
133203,1,1
133303,1,1
133403,1,1
133503,1,1
133603,1,1
133700,1,1
133800,1,1
133900,1,1
134000,1,1
134100,1,1
134200,1,1
134300,1,1
134400,1,1
134500,1,1
134600,1,1
134700,1,1
134800,1,1
134900,1,1
135000,1,1
135100,1,1
135200,1,1
135300,1,1
135400,1,1
135500,1,1
135600,1,1
135700,1,1
135800,1,1
135900,1,1
136000,1,1
136100,1,1
136200,1,1
136300,1,1
136400,1,1
136500,1,1
136600,1,1
136700,1,1
136800,1,1
136900,1,1
137000,1,1
137100,1,1
137200,1,1
137300,1,1
137400,1,1
137500,1,1
137600,1,1
137700,1,1
137800,1,1
137900,1,1
138000,1,1
138100,1,1
138200,1,1
138300,1,1
138400,1,1
138500,1,1
138600,1,1
138700,1,1
138800,1,1
138900,1,1
139000,1,1
139100,1,1
139200,1,1
139300,1,1
139400,1,1
139500,1,1
139600,1,1
139700,1,1
139800,1,1
139900,1,1
140000,1,1
140100,1,1
140200,1,1
140300,1,1
140400,1,1
140500,1,1
140600,1,1
140700,1,1
140800,1,1
140900,1,1
141000,1,1
141100,1,1
141200,1,1
141300,1,1
141400,1,1
141500,1,1
141600,1,1
141698,1,1
141798,1,1
141898,1,1
141998,1,1
142098,1,1
142198,1,1
142298,1,1
142398,1,1
142498,1,1
142598,1,1
142698,1,1
142798,1,1
142898,1,1
142998,1,1
143098,1,1
143198,1,1
143298,1,1
143398,1,1
143498,1,1
143598,1,1
143698,1,1
143798,1,1
143898,1,1
143998,1,1
144098,1,1
144198,1,1
144298,1,1
144398,1,1
144498,1,1
144598,1,1
144698,1,1
144798,1,1
144898,1,1
144998,1,1
145098,1,1
145198,1,1
145298,1,1
145398,1,1
145498,1,1
145598,1,1
145698,1,1
145787,1,1
145887,1,1
145988,1,1
146088,1,1
146188,1,1
146288,1,1
146388,1,1
146488,1,1
146588,1,1
146688,1,1
146788,1,1
146888,1,1
146988,1,1
147088,1,1
147188,1,1
147288,1,1
147388,1,1
147488,1,1
147588,1,1
147689,1,1
147789,1,1
147889,1,1
147989,1,1
148089,1,1
148189,1,1
148289,1,1
148389,1,1
148489,1,1
148589,1,1
148689,1,1
148789,1,1
148889,1,1
148989,1,1
149089,1,1
149189,1,1
149289,1,1
149389,1,1
149489,1,1
149589,1,1
149689,1,1
149777,1,1
149877,1,1
149977,1,1
150077,1,1
150177,1,1
150277,1,1
150377,1,1
150477,1,1
150578,1,1
150678,1,1
150778,1,1
150878,1,1
150978,1,1
151078,1,1
151178,1,1
151278,1,1
151378,1,1
151478,1,1
151578,1,1
151678,1,1
151778,1,1
151878,1,1
151978,1,1
152078,1,1
152178,1,1
152278,1,1
152378,1,1
152478,1,1
152578,1,1
152678,1,1
152778,1,1
152878,1,1
152978,1,1
153078,1,1
153178,1,1
153278,1,1
153378,1,1
153479,1,1
153579,1,1
153679,1,1
153779,1,1
153895,1,1
153995,1,1
154095,1,1
154195,1,1
154295,1,1
154395,1,1
154495,1,1
154595,1,1
154695,1,1
154795,1,1
154895,1,1
154995,1,1
155095,1,1
155195,1,1
155295,1,1
155395,1,1
155495,1,1
155595,1,1
155695,1,1
155795,1,1
155895,1,1
155995,1,1
156095,1,1
156195,1,1
156295,1,1
156395,1,1
156495,1,1
156595,1,1
156695,1,1
156795,1,1
156895,1,1
156995,1,1
157095,1,1
157195,1,1
157295,1,1
157395,1,1
157495,1,1
157595,1,1
157695,1,1
157795,1,1
157894,1,1
158013,1,1
158113,1,1
158213,1,1
158313,1,1
158413,1,1
158513,1,1
158614,1,1
158714,1,1
158814,1,1
158914,1,1
159014,1,1
159114,1,1
159214,1,1
159314,1,1
159414,1,1
159514,1,1
159614,1,1
159714,1,1
159814,1,1
159914,1,1
160014,1,1
160114,1,1
160214,1,1
160314,1,1
160414,1,1
160514,1,1
160614,1,1
160714,1,1
160814,1,1
160914,1,1
161014,1,1
161114,1,1
161214,1,1
161314,1,1
161414,1,1
161514,1,1
161614,1,1
161714,1,1
161814,1,1
161914,1,1
162014,1,1
162114,1,1
162214,1,1
162314,1,1
162414,1,1
162514,1,1
162614,1,1
162714,1,1
162814,1,1
162914,1,1
163014,1,1
163114,1,1
163214,1,1
163314,1,1
163414,1,1
163514,1,1
163614,1,1
163714,1,1
163814,1,1
163914,1,1
164014,1,1
164114,1,1
164214,1,1
164314,1,1
164414,1,1
164514,1,1
164614,1,1
164714,1,1
164814,1,1
164914,1,1
165014,1,1
165114,1,1
165214,1,1
165314,1,1
165414,1,1
165514,1,1
165614,1,1
165714,1,1
165814,1,1
165912,1,1
166015,1,1
166115,1,1
166215,1,1
166315,1,1
166415,1,1
166515,1,1
166615,1,1
166715,1,1
166815,1,1
166915,1,1
167015,1,1
167115,1,1
167215,1,1
167316,1,1
167416,1,1
167516,1,1
167616,1,1
167716,1,1
167816,1,1
167916,1,1
168016,1,1
168116,1,1
168216,1,1
168316,1,1
168416,1,1
168516,1,1
168616,1,1
168716,1,1
168816,1,1
168916,1,1
169016,1,1
169116,1,1
169216,1,1
169316,1,1
169416,1,1
169516,1,1
169616,1,1
169716,1,1
169816,1,1
169916,1,1
170016,1,1
170116,1,1
170216,1,1
170316,1,1
170416,1,1
170516,1,1
170616,1,1
170716,1,1
170816,1,1
170916,1,1
171016,1,1
171116,1,1
171216,1,1
171316,1,1
171416,1,1
171516,1,1
171616,1,1
171716,1,1
171816,1,1
171916,1,1
172016,1,1
172116,1,1
172216,1,1
172316,1,1
172416,1,1
172516,1,1
172616,1,1
172716,1,1
172816,1,1
172916,1,1
173016,1,1
173116,1,1
173216,1,1
173316,1,1
173416,1,1
173516,1,1
173616,1,1
173716,1,1
173816,1,1
173916,1,1
174043,0,0
174143,0,0
174243,0,0
174343,0,0
174443,0,0
174543,0,0
174643,0,0
174743,0,0
174843,0,0
174943,0,0
175043,0,0
175143,0,0
175243,0,0
175343,0,0
175443,0,0
175543,0,0
175643,0,0
175743,0,0
175843,0,0
175943,0,0
176043,0,0
176143,0,0
176243,0,0
176343,0,0
176443,0,0
176543,0,0
176643,0,0
176743,0,0
176843,0,0
176943,0,0
177044,0,0
177144,0,0
177244,0,0
177344,0,0
177444,0,0
177544,0,0
177644,0,0
177744,0,0
177844,0,0
177944,0,0
178044,0,0
178144,0,0
178244,0,0
178344,0,0
178444,0,0
178544,0,0
178644,0,0
178744,0,0
178844,0,0
178944,0,0
179044,0,0
179144,0,0
179244,0,0
179344,0,0
179444,0,0
179544,0,0
179644,0,0
179744,0,0
179844,0,0
179944,0,0
180044,0,0
180144,0,0
180244,0,0
180344,0,0
180444,0,0
180544,0,0
180644,0,0
180744,0,0
180844,0,0
180944,0,0
181044,0,0
181144,0,0
181244,0,0
181344,0,0
181444,0,0
181544,0,0
181644,0,0
181744,0,0
181844,0,0
181944,0,0
182044,0,0
182144,0,0
182244,0,0
182344,0,0
182444,0,0
182544,0,0
182644,0,0
182744,0,0
182844,0,0
182944,0,0
183044,0,0
183144,0,0
183244,0,0
183344,0,0
183444,0,0
183544,0,0
183644,0,0
183744,0,0
183844,0,0
183944,0,0
184044,0,0
184144,0,0
184244,0,0
184344,0,0
184444,0,0
184544,0,0
184644,0,0
184744,0,0
184844,0,0
184944,0,0
185044,0,0
185144,0,0
185244,0,0
185344,0,0
185444,0,0
185544,0,0
185644,0,0
185744,0,0
185844,0,0
185935,0,0
186035,1,1
186135,1,1
186235,1,1
186335,1,1
186435,1,1
186535,1,1
186635,1,1
186735,1,1
186835,1,1
186935,1,1
187035,1,1
187135,1,1
187235,1,1
187335,1,1
187435,1,1
187535,1,1
187635,1,1
187735,1,1
187835,1,1
187935,1,1
188035,1,1
188135,1,1
188235,1,1
188335,1,1
188435,1,1
188535,1,1
188635,1,1
188735,1,1
188835,1,1
188935,1,1
189035,1,1
189135,1,1
189235,1,1
189335,1,1
189435,1,1
189535,1,1
189635,1,1
189735,1,1
189835,1,1
189934,1,1
190034,1,1
190134,1,1
190234,1,1
190334,1,1
190434,1,1
190534,1,1
190634,1,1
190734,1,1
190834,1,1
190934,1,1
191034,1,1
191134,1,1
191234,1,1
191334,1,1
191434,1,1
191534,1,1
191634,1,1
191734,1,1
191834,1,1
191934,1,1
192034,1,1
192134,1,1
192234,1,1
192334,1,1
192434,1,1
192534,1,1
192634,1,1
192734,1,1
192834,1,1
192934,1,1
193034,1,1
193134,1,1
193234,1,1
193334,1,1
193434,1,1
193534,1,1
193634,1,1
193734,1,1
193834,1,1
193932,1,1
194032,1,1
194132,1,1
194232,1,1
194332,1,1
194432,1,1
194532,1,1
194632,1,1
194732,1,1
194832,1,1
194932,1,1
195032,1,1
195132,1,1
195232,1,1
195332,1,1
195432,1,1
195532,1,1
195632,1,1
195732,1,1
195832,1,1
195932,1,1
196032,1,1
196132,1,1
196232,1,1
196332,1,1
196432,1,1
196532,1,1
196632,1,1
196732,1,1
196832,1,1
196932,1,1
197032,1,1
197132,1,1
197232,1,1
197332,1,1
197432,1,1
197532,1,1
197632,1,1
197732,1,1
197832,1,1
197932,1,1
198032,1,1
198132,1,1
198232,1,1
198332,1,1
198432,1,1
198532,1,1
198632,1,1
198732,1,1
198832,1,1
198932,1,1
199032,1,1
199132,1,1
199232,1,1
199332,1,1
199432,1,1
199532,1,1
199632,1,1
199732,1,1
199832,1,1
199932,1,1
200032,1,1
200132,1,1
200232,1,1
200332,1,1
200432,1,1
200532,1,1
200632,1,1
200732,1,1
200832,1,1
200932,1,1
201032,1,1
201132,1,1
201232,1,1
201332,1,1
201432,1,1
201532,1,1
201632,1,1
201732,1,1
201832,1,1
201929,1,1
202029,1,1
202129,1,1
202229,1,1
202329,1,1
202429,1,1
202529,1,1
202629,1,1
202729,1,1
202829,1,1
202929,1,1
203029,1,1
203129,1,1
203229,1,1
203329,1,1
203429,1,1
203529,1,1
203629,1,1
203729,1,1
203829,1,1
203929,1,1
204029,1,1
204129,1,1
204229,1,1
204329,1,1
204429,1,1
204529,1,1
204629,1,1
204729,1,1
204829,1,1
204929,1,1
205029,1,1
205129,1,1
205229,1,1
205329,1,1
205429,1,1
205529,1,1
205629,1,1
205729,1,1
205829,1,1
205927,1,1
206027,1,1
206127,1,1
206227,1,1
206327,1,1
206427,1,1
206527,1,1
206627,1,1
206727,1,1
206827,1,1
206927,1,1
207027,1,1
207127,1,1
207227,1,1
207327,1,1
207427,1,1
207527,1,1
207627,1,1
207727,1,1
207827,1,1
207927,1,1
208027,1,1
208127,1,1
208227,1,1
208327,1,1
208427,1,1
208527,1,1
208627,1,1
208727,1,1
208827,1,1
208927,1,1
209027,1,1
209127,1,1
209227,1,1
209327,1,1
209427,1,1
209527,1,1
209627,1,1
209727,1,1
209827,1,1
209926,1,1
210045,1,1
210145,1,1
210245,1,1
210345,1,1
210445,1,1
210545,1,1
210645,1,1
210745,1,1
210845,1,1
210946,1,1
211046,1,1
211146,1,1
211246,1,1
211346,1,1
211446,1,1
211546,1,1
211646,1,1
211746,1,1
211846,1,1
211946,1,1
212046,1,1
212146,1,1
212246,1,1
212346,1,1
212446,1,1
212546,1,1
212646,1,1
212746,1,1
212846,1,1
212946,1,1
213046,1,1
213146,1,1
213246,1,1
213346,1,1
213446,1,1
213546,1,1
213646,1,1
213746,1,1
213846,1,1
213944,1,1
214049,1,1
214149,1,1
214249,1,1
214349,1,1
214449,1,1
214549,1,1
214649,1,1
214749,1,1
214849,1,1
214949,1,1
215049,1,1
215149,1,1
215249,1,1
215349,1,1
215449,1,1
215549,1,1
215649,1,1
215749,1,1
215849,1,1
215949,1,1
216049,1,1
216150,1,1
216250,1,1
216350,1,1
216450,1,1
216550,1,1
216650,1,1
216750,1,1
216850,1,1
216950,1,1
217050,1,1
217150,1,1
217250,1,1
217350,1,1
217450,1,1
217550,1,1
217650,1,1
217750,1,1
217850,1,1
217949,1,1
218054,1,1
218154,1,1
218254,1,1
218354,1,1
218454,1,1
218554,1,1
218654,1,1
218754,1,1
218854,1,1
218954,1,1
219054,1,1
219154,1,1
219254,1,1
219354,1,1
219454,1,1
219554,1,1
219654,1,1
219754,1,1
219854,1,1
219954,1,1
220054,1,1
220154,1,1
220254,1,1
220354,1,1
220454,1,1
220554,1,1
220654,1,1
220754,1,1
220854,1,1
220954,1,1
221055,1,1
221155,1,1
221255,1,1
221355,1,1
221455,1,1
221555,1,1
221655,1,1
221755,1,1
221855,1,1
221953,1,1
222053,1,1
222153,1,1
222253,1,1
222353,1,1
222453,1,1
222553,1,1
222653,1,1
222753,1,1
222853,1,1
222953,1,1
223053,1,1
223153,1,1
223253,1,1
223353,1,1
223453,1,1
223553,1,1
223653,1,1
223753,1,1
223853,1,1
223953,1,1
224053,1,1
224153,1,1
224253,1,1
224353,1,1
224453,1,1
224553,1,1
224653,1,1
224753,1,1
224853,1,1
224953,1,1
225053,1,1
225153,1,1
225253,1,1
225353,1,1
225453,1,1
225553,1,1
225653,1,1
225753,1,1
225853,1,1
225953,1,1
226053,1,1
226153,1,1
226253,1,1
226353,1,1
226453,1,1
226553,1,1
226653,1,1
226753,1,1
226853,1,1
226953,1,1
227053,1,1
227153,1,1
227253,1,1
227353,1,1
227453,1,1
227553,1,1
227653,1,1
227753,1,1
227853,1,1
227953,1,1
228053,1,1
228153,1,1
228253,1,1
228353,1,1
228453,1,1
228553,1,1
228653,1,1
228753,1,1
228853,1,1
228953,1,1
229053,1,1
229153,1,1
229253,1,1
229353,1,1
229453,1,1
229553,1,1
229653,1,1
229753,1,1
229853,1,1
229953,1,1
230079,0,0
230179,0,0
230279,0,0
230379,0,0
230479,0,0
230579,0,0
230679,0,0
230779,0,0
230879,0,0
230979,0,0
231080,0,0
231180,0,0
231280,0,0
231380,0,0
231480,0,0
231580,0,0
231680,0,0
231780,0,0
231880,0,0
231980,0,0
232080,0,0
232180,0,0
232280,0,0
232380,0,0
232480,0,0
232580,0,0
232680,0,0
232780,0,0
232880,0,0
232980,0,0
233080,0,0
233180,0,0
233280,0,0
233380,0,0
233480,0,0
233580,0,0
233680,0,0
233780,0,0
233880,0,0
233981,0,0
234081,0,0
234181,0,0
234281,0,0
234381,0,0
234481,0,0
234581,0,0
234681,0,0
234781,0,0
234881,0,0
234981,0,0
235081,0,0
235181,0,0
235281,0,0
235381,0,0
235481,0,0
235581,0,0
235681,0,0
235781,0,0
235881,0,0
235981,0,0
236081,0,0
236181,0,0
236281,0,0
236381,0,0
236481,0,0
236581,0,0
236681,0,0
236781,0,0
236881,0,0
236981,0,0
237081,0,0
237181,0,0
237281,0,0
237381,0,0
237481,0,0
237581,0,0
237681,0,0
237781,0,0
237881,0,0
237981,0,0
238081,0,0
238181,0,0
238281,0,0
238381,0,0
238481,0,0
238581,0,0
238681,0,0
238781,0,0
238881,0,0
238981,0,0
239081,0,0
239181,0,0
239281,0,0
239381,0,0
239481,0,0
239581,0,0
239681,0,0
239781,0,0
239881,0,0
239981,0,0
240081,0,0
240181,0,0
240281,0,0
240381,0,0
240481,0,0
240581,0,0
240681,0,0
240781,0,0
240881,0,0
240981,0,0
241081,0,0
241181,0,0
241281,0,0
241381,0,0
241481,0,0
241581,0,0
241681,0,0
241781,0,0
241881,0,0
241981,0,0
242081,0,0
242181,0,0
242281,0,0
242381,0,0
242481,0,0
242581,0,0
242681,0,0
242811,0,0
242911,1,1
243011,1,1
243111,1,1
243211,1,1
243311,1,1
243411,1,1
243511,1,1
243611,1,1
243711,1,1
243811,1,1
243911,1,1
244011,1,1
244111,1,1
244211,1,1
244311,1,1
244411,1,1
244512,1,1
244612,1,1
244712,1,1
244812,1,1
244912,1,1
245012,1,1
245112,1,1
245212,1,1
245312,1,1
245412,1,1
245512,1,1
245612,1,1
245712,1,1
245812,1,1
245912,1,1
246012,1,1
246112,1,1
246212,1,1
246312,1,1
246412,1,1
246512,1,1
246612,1,1
246710,1,1
246822,1,1
246922,1,1
247022,1,1
247122,1,1
247222,1,1
247322,1,1
247422,1,1
247522,1,1
247622,1,1
247722,1,1
247822,1,1
247923,1,1
248023,1,1
248123,1,1
248223,1,1
248323,1,1
248423,1,1
248523,1,1
248623,1,1
248723,1,1
248823,1,1
248923,1,1
249023,1,1
249123,1,1
249223,1,1
249323,1,1
249423,1,1
249523,1,1
249623,1,1
249723,1,1
249823,1,1
249923,1,1
250023,1,1
250123,1,1
250223,1,1
250323,1,1
250423,1,1
250523,1,1
250623,1,1
250720,1,1
250830,1,1
250930,1,1
251030,1,1
251130,1,1
251230,1,1
251330,1,1
251430,1,1
251530,1,1
251630,1,1
251730,1,1
251830,1,1
251931,1,1
252031,1,1
252131,1,1
252231,1,1
252331,1,1
252431,1,1
252531,1,1
252631,1,1
252731,1,1
252831,1,1
252931,1,1
253031,1,1
253131,1,1
253231,1,1
253331,1,1
253431,1,1
253531,1,1
253631,1,1
253731,1,1
253831,1,1
253931,1,1
254031,1,1
254131,1,1
254231,1,1
254331,1,1
254431,1,1
254531,1,1
254631,1,1
254731,1,1
254832,1,1
254932,1,1
255032,1,1
255132,1,1
255232,1,1
255332,1,1
255432,1,1
255532,1,1
255632,1,1
255732,1,1
255832,1,1
255932,1,1
256032,1,1
256132,1,1
256232,1,1
256332,1,1
256432,1,1
256532,1,1
256632,1,1
256732,1,1
256832,1,1
256932,1,1
257032,1,1
257132,1,1
257232,1,1
257332,1,1
257432,1,1
257532,1,1
257632,1,1
257732,1,1
257832,1,1
257932,1,1
258032,1,1
258132,1,1
258232,1,1
258332,1,1
258432,1,1
258532,1,1
258632,1,1
258730,1,1
258835,1,1
258935,1,1
259035,1,1
259135,1,1
259235,1,1
259335,1,1
259435,1,1
259535,1,1
259635,1,1
259735,1,1
259835,1,1
259935,1,1
260036,1,1
260136,1,1
260236,1,1
260336,1,1
260436,1,1
260536,1,1
260636,1,1
260736,1,1
260836,1,1
260936,1,1
261036,1,1
261136,1,1
261236,1,1
261336,1,1
261436,1,1
261536,1,1
261636,1,1
261736,1,1
261836,1,1
261936,1,1
262036,1,1
262136,1,1
262236,1,1
262336,1,1
262436,1,1
262536,1,1
262636,1,1
262735,1,1
262843,1,1
262943,1,1
263043,1,1
263143,1,1
263243,1,1
263343,1,1
263443,1,1
263543,1,1
263643,1,1
263743,1,1
263843,1,1
263943,1,1
264043,1,1
264143,1,1
264243,1,1
264344,1,1
264444,1,1
264544,1,1
264644,1,1
264744,1,1
264844,1,1
264944,1,1
265044,1,1
265144,1,1
265244,1,1
265344,1,1
265444,1,1
265544,1,1
265644,1,1
265744,1,1
265844,1,1
265944,1,1
266044,1,1
266144,1,1
266244,1,1
266344,1,1
266444,1,1
266544,1,1
266644,1,1
266739,1,1
266843,1,1
266943,1,1
267043,1,1
267143,1,1
267243,1,1
267343,1,1
267443,1,1
267543,1,1
267643,1,1
267743,1,1
267843,1,1
267943,1,1
268043,1,1
268143,1,1
268243,1,1
268343,1,1
268443,1,1
268543,1,1
268643,1,1
268743,1,1
268843,1,1
268943,1,1
269043,1,1
269143,1,1
269243,1,1
269343,1,1
269443,1,1
269544,1,1
269644,1,1
269744,1,1
269844,1,1
269944,1,1
270044,1,1
270144,1,1
270244,1,1
270344,1,1
270444,1,1
270544,1,1
270644,1,1
270745,1,1
270845,1,1
270945,1,1
271045,1,1
271145,1,1
271245,1,1
271345,1,1
271445,1,1
271545,1,1
271645,1,1
271745,1,1
271845,1,1
271945,1,1
272045,1,1
272145,1,1
272245,1,1
272345,1,1
272445,1,1
272545,1,1
272645,1,1
272745,1,1
272845,1,1
272945,1,1
273045,1,1
273145,1,1
273245,1,1
273345,1,1
273445,1,1
273545,1,1
273645,1,1
273745,1,1
273845,1,1
273945,1,1
274045,1,1
274145,1,1
274245,1,1
274345,1,1
274445,1,1
274545,1,1
274645,1,1
274744,1,1
274857,1,1
274956,1,1
275056,1,1
275156,1,1
275256,1,1
275356,1,1
275456,1,1
275556,1,1
275656,1,1
275756,1,1
275856,1,1
275956,1,1
276056,1,1
276156,1,1
276256,1,1
276356,1,1
276456,1,1
276556,1,1
276656,1,1
276756,1,1
276856,1,1
276956,1,1
277056,1,1
277156,1,1
277256,1,1
277356,1,1
277456,1,1
277556,1,1
277656,1,1
277756,1,1
277856,1,1
277956,1,1
278056,1,1
278156,1,1
278256,1,1
278356,1,1
278456,1,1
278556,1,1
278656,1,1
278754,1,1
278870,1,1
278970,1,1
279070,1,1
279170,1,1
279270,1,1
279370,1,1
279470,1,1
279570,1,1
279670,1,1
279770,1,1
279870,1,1
279970,1,1
280070,1,1
280170,1,1
280270,1,1
280370,1,1
280470,1,1
280570,1,1
280670,1,1
280770,1,1
280870,1,1
280970,1,1
281070,1,1
281170,1,1
281270,1,1
281370,1,1
281470,1,1
281570,1,1
281670,1,1
281770,1,1
281870,1,1
281970,1,1
282070,1,1
282170,1,1
282270,1,1
282370,1,1
282470,1,1
282570,1,1
282670,1,1
282770,1,1
282870,1,1
282970,1,1
283070,1,1
283170,1,1
283270,1,1
283370,1,1
283470,1,1
283570,1,1
283670,1,1
283770,1,1
283870,1,1
283970,1,1
284070,1,1
284170,1,1
284270,1,1
284370,1,1
284470,1,1
284570,1,1
284670,1,1
284770,1,1
284870,1,1
284970,1,1
285070,1,1
285170,1,1
285270,1,1
285370,1,1
285470,1,1
285570,1,1
285670,1,1
285770,1,1
285870,1,1
285970,1,1
286070,1,1
286170,1,1
286270,1,1
286370,1,1
286470,1,1
286570,1,1
286670,1,1
286770,1,1
286870,1,1
286970,0,0
287070,0,0
287170,0,0
287270,0,0
287370,0,0
287470,0,0
287570,0,0
287670,0,0
287770,0,0
287870,0,0
287970,0,0
288070,0,0
288170,0,0
288270,0,0
288370,0,0
288470,0,0
288570,0,0
288670,0,0
288770,0,0
288870,0,0
288970,0,0
289070,0,0
289170,0,0
289270,0,0
289370,0,0
289470,0,0
289570,0,0
289670,0,0
289770,0,0
289870,0,0
289970,0,0
290070,0,0
290170,0,0
290270,0,0
290370,0,0
290470,0,0
290570,0,0
290670,0,0
290770,0,0
290870,0,0
290970,0,0
291070,0,0
291170,0,0
291270,0,0
291370,0,0
291470,0,0
291570,0,0
291670,0,0
291770,0,0
291870,0,0
291970,0,0
292070,0,0
292170,0,0
292270,0,0
292370,0,0
292470,0,0
292570,0,0
292670,0,0
292770,0,0
292870,0,0
292970,0,0
293070,0,0
293170,0,0
293270,0,0
293370,0,0
293470,0,0
293570,0,0
293670,0,0
293770,0,0
293870,0,0
293970,0,0
294070,0,0
294170,0,0
294270,0,0
294370,0,0
294470,0,0
294570,0,0
294670,0,0
294770,0,0
294870,0,0
294970,0,0
295070,0,0
295170,0,0
295270,0,0
295370,0,0
295470,0,0
295570,0,0
295670,0,0
295770,0,0
295870,0,0
295970,0,0
296070,0,0
296170,0,0
296270,0,0
296370,0,0
296470,0,0
296570,0,0
296670,0,0
296770,0,0
296870,0,0
296970,0,0
297070,0,0
297170,0,0
297270,0,0
297370,0,0
297470,0,0
297570,0,0
297670,0,0
297770,0,0
297870,0,0
297970,0,0
298070,0,0
298170,0,0
298270,0,0
298370,0,0
298470,0,0
298570,0,0
298670,0,0
298770,0,0
298870,0,0
298970,0,0
299070,0,0
299170,0,0
299270,0,0
299370,0,0
299461,0,0
299561,1,1
299661,1,1
299761,1,1
299861,1,1
299961,1,1
300061,1,1
300161,1,1
300261,1,1
300361,1,1
300461,1,1
300561,1,1
300661,1,1
300761,1,1
300861,1,1
300961,1,1
301061,1,1
301161,1,1
301261,1,1
301361,1,1
301461,1,1
301561,1,1
301661,1,1
301761,1,1
301861,1,1
301961,1,1
302061,1,1
302161,1,1
302261,1,1
302361,1,1
302461,1,1
302561,1,1
302661,1,1
302761,1,1
302861,1,1
302961,1,1
303061,1,1
303161,1,1
303261,1,1
303361,1,1
303459,1,1
303559,1,1
303659,1,1
303759,1,1
303859,1,1
303959,1,1
304059,1,1
304159,1,1
304259,1,1
304359,1,1
304459,1,1
304559,1,1
304659,1,1
304759,1,1
304859,1,1
304959,1,1
305059,1,1
305159,1,1
305259,1,1
305359,1,1
305459,1,1
305559,1,1
305659,1,1
305759,1,1
305859,1,1
305959,1,1
306059,1,1
306159,1,1
306259,1,1
306359,1,1
306459,1,1
306559,1,1
306659,1,1
306759,1,1
306859,1,1
306959,1,1
307059,1,1
307159,1,1
307259,1,1
307359,1,1
307457,1,1
307557,1,1
307657,1,1
307757,1,1
307857,1,1
307957,1,1
308057,1,1
308157,1,1
308257,1,1
308357,1,1
308457,1,1
308557,1,1
308657,1,1
308757,1,1
308857,1,1
308957,1,1
309057,1,1
309157,1,1
309257,1,1
309357,1,1
309457,1,1
309557,1,1
309657,1,1
309757,1,1
309857,1,1
309957,1,1
310057,1,1
310157,1,1
310257,1,1
310357,1,1
310457,1,1
310557,1,1
310657,1,1
310757,1,1
310857,1,1
310957,1,1
311057,1,1
311157,1,1
311257,1,1
311357,1,1
311456,1,1
311556,1,1
311656,1,1
311756,1,1
311856,1,1
311956,1,1
312056,1,1
312156,1,1
312256,1,1
312356,1,1
312456,1,1
312556,1,1
312656,1,1
312756,1,1
312856,1,1
312956,1,1
313056,1,1
313156,1,1
313256,1,1
313356,1,1
313456,1,1
313556,1,1
313656,1,1
313756,1,1
313856,1,1
313956,1,1
314056,1,1
314156,1,1
314256,1,1
314356,1,1
314456,1,1
314556,1,1
314656,1,1
314756,1,1
314856,1,1
314956,1,1
315056,1,1
315156,1,1
315256,1,1
315356,1,1
315456,1,1
315543,1,1
315643,1,1
315743,1,1
315843,1,1
315943,1,1
316043,1,1
316143,1,1
316243,1,1
316343,1,1
316443,1,1
316543,1,1
316643,1,1
316743,1,1
316843,1,1
316943,1,1
317043,1,1
317143,1,1
317243,1,1
317343,1,1
317443,1,1
317543,1,1
317643,1,1
317743,1,1
317843,1,1
317943,1,1
318043,1,1
318143,1,1
318243,1,1
318343,1,1
318443,1,1
318543,1,1
318643,1,1
318743,1,1
318843,1,1
318943,1,1
319043,1,1
319143,1,1
319243,1,1
319343,1,1
319443,1,1
319538,1,1
319638,1,1
319738,1,1
319838,1,1
319938,1,1
320038,1,1
320138,1,1
320238,1,1
320338,1,1
320438,1,1
320538,1,1
320638,1,1
320738,1,1
320838,1,1
320938,1,1
321038,1,1
321138,1,1
321238,1,1
321338,1,1
321438,1,1
321538,1,1
321638,1,1
321738,1,1
321838,1,1
321938,1,1
322038,1,1
322138,1,1
322238,1,1
322338,1,1
322438,1,1
322538,1,1
322638,1,1
322738,1,1
322838,1,1
322938,1,1
323038,1,1
323138,1,1
323238,1,1
323338,1,1
323438,1,1
323540,1,1
323640,1,1
323740,1,1
323840,1,1
323940,1,1
324040,1,1
324140,1,1
324240,1,1
324340,1,1
324440,1,1
324540,1,1
324640,1,1
324740,1,1
324840,1,1
324940,1,1
325040,1,1
325140,1,1
325240,1,1
325340,1,1
325440,1,1
325540,1,1
325640,1,1
325740,1,1
325840,1,1
325940,1,1
326040,1,1
326140,1,1
326240,1,1
326340,1,1
326440,1,1
326540,1,1
326640,1,1
326740,1,1
326840,1,1
326940,1,1
327040,1,1
327140,1,1
327240,1,1
327340,1,1
327440,1,1
327539,1,1
327639,1,1
327739,1,1
327839,1,1
327939,1,1
328039,1,1
328139,1,1
328239,1,1
328339,1,1
328439,1,1
328539,1,1
328639,1,1
328739,1,1
328839,1,1
328939,1,1
329039,1,1
329139,1,1
329239,1,1
329339,1,1
329439,1,1
329539,1,1
329639,1,1
329739,1,1
329839,1,1
329939,1,1
330039,1,1
330139,1,1
330239,1,1
330339,1,1
330439,1,1
330539,1,1
330639,1,1
330739,1,1
330839,1,1
330939,1,1
331039,1,1
331139,1,1
331239,1,1
331339,1,1
331439,1,1
331537,1,1
331637,1,1
331737,1,1
331837,1,1
331937,1,1
332037,1,1
332137,1,1
332237,1,1
332337,1,1
332437,1,1
332537,1,1
332637,1,1
332737,1,1
332837,1,1
332937,1,1
333037,1,1
333137,1,1
333237,1,1
333337,1,1
333437,1,1
333537,1,1
333637,1,1
333737,1,1
333837,1,1
333937,1,1
334037,1,1
334137,1,1
334237,1,1
334337,1,1
334437,1,1
334537,1,1
334637,1,1
334737,1,1
334837,1,1
334937,1,1
335037,1,1
335137,1,1
335237,1,1
335337,1,1
335437,1,1
335536,1,1
335636,1,1
335736,1,1
335836,1,1
335936,1,1
336036,1,1
336136,1,1
336236,1,1
336336,1,1
336436,1,1
336536,1,1
336636,1,1
336736,1,1
336836,1,1
336936,1,1
337036,1,1
337136,1,1
337236,1,1
337336,1,1
337436,1,1
337536,1,1
337636,1,1
337736,1,1
337836,1,1
337936,1,1
338036,1,1
338136,1,1
338236,1,1
338336,1,1
338436,1,1
338536,1,1
338636,1,1
338736,1,1
338836,1,1
338936,1,1
339036,1,1
339136,1,1
339236,1,1
339336,1,1
339436,1,1
339558,1,1
339633,1,1
339733,1,1
339833,1,1
339933,1,1
340033,1,1
340133,1,1
340233,1,1
340333,1,1
340433,1,1
340533,1,1
340633,1,1
340733,1,1
340833,1,1
340933,1,1
341033,1,1
341133,1,1
341233,1,1
341334,1,1
341434,1,1
341534,1,1
341634,1,1
341734,1,1
341834,1,1
341934,1,1
342034,1,1
342134,1,1
342234,1,1
342334,1,1
342434,1,1
342534,1,1
342634,1,1
342734,1,1
342834,1,1
342934,1,1
343034,1,1
343134,1,1
343234,1,1
343334,1,1
343434,1,1
343534,1,1
343634,1,1
343734,1,1
343834,1,1
343934,1,1
344034,1,1
344134,1,1
344235,1,1
344335,1,1
344435,1,1
344535,1,1
344635,1,1
344735,1,1
344835,1,1
344935,1,1
345035,1,1
345135,1,1
345235,1,1
345335,1,1
345435,1,1
345535,1,1
345635,1,1
345735,1,1
345835,1,1
345935,1,1
346035,1,1
346135,1,1
346235,1,1
346335,1,1
346435,1,1
346535,1,1
346635,1,1
346735,1,1
346835,1,1
346935,1,1
347035,1,1
347135,1,1
347235,1,1
347335,1,1
347435,1,1
347561,0,0
347661,0,0
347761,0,0
347862,0,0
347962,0,0
348062,0,0
348162,0,0
348262,0,0
348362,0,0
348462,0,0
348562,0,0
348662,0,0
348762,0,0
348862,0,0
348962,0,0
349062,0,0
349162,0,0
349262,0,0
349362,0,0
349462,0,0
349562,0,0
349662,0,0
349762,0,0
349862,0,0
349962,0,0
350062,0,0
350162,0,0
350262,0,0
350362,0,0
350462,0,0
350562,0,0
350662,0,0
350763,0,0
350863,0,0
350963,0,0
351063,0,0
351163,0,0
351263,0,0
351363,0,0
351463,0,0
351563,0,0
351663,0,0
351763,0,0
351863,0,0
351963,0,0
352063,0,0
352163,0,0
352263,0,0
352363,0,0
352463,0,0
352563,0,0
352663,0,0
352763,0,0
352863,0,0
352963,0,0
353063,0,0
353163,0,0
353263,0,0
353363,0,0
353463,0,0
353563,0,0
353663,0,0
353763,0,0
353863,0,0
353963,0,0
354063,0,0
354163,0,0
354263,0,0
354363,0,0
354463,0,0
354563,0,0
354663,0,0
354763,0,0
354863,0,0
354963,0,0
355063,0,0
355163,0,0
355263,0,0
355363,0,0
355463,0,0
355564,1,1
355664,1,1
355764,1,1
355864,1,1
355964,1,1
356064,1,1
356164,1,1
356264,1,1
356364,1,1
356464,1,1
356564,1,1
356664,1,1
356764,1,1
356864,1,1
356964,1,1
357064,1,1
357164,1,1
357264,1,1
357364,1,1
357464,1,1
357564,1,1
357664,1,1
357764,1,1
357864,1,1
357964,1,1
358064,1,1
358164,1,1
358264,1,1
358364,1,1
358464,1,1
358564,1,1
358664,1,1
358764,1,1
358864,1,1
358964,1,1
359064,1,1
359164,1,1
359264,1,1
359364,1,1
359464,1,1
359578,1,1
359678,1,1
359778,1,1
359878,1,1
359978,1,1
360078,1,1
360178,1,1
360278,1,1
360378,1,1
360478,1,1
360578,1,1
360678,1,1
360778,1,1
360878,1,1
360978,1,1
361078,1,1
361178,1,1
361278,1,1
361378,1,1
361478,1,1
361578,1,1
361678,1,1
361778,1,1
361878,1,1
361978,1,1
362078,1,1
362178,1,1
362278,1,1
362378,1,1
362478,1,1
362578,1,1
362678,1,1
362778,1,1
362878,1,1
362978,1,1
363078,1,1
363178,1,1
363278,1,1
363378,1,1
363478,1,1
363575,1,1
363675,1,1
363775,1,1
363875,1,1
363975,1,1
364075,1,1
364175,1,1
364275,1,1
364375,1,1
364475,1,1
364575,1,1
364675,1,1
364775,1,1
364875,1,1
364975,1,1
365075,1,1
365175,1,1
365275,1,1
365375,1,1
365475,1,1
365575,1,1
365675,1,1
365775,1,1
365875,1,1
365975,1,1
366075,1,1
366175,1,1
366275,1,1
366375,1,1
366475,1,1
366575,1,1
366675,1,1
366775,1,1
366875,1,1
366975,1,1
367075,1,1
367175,1,1
367275,1,1
367375,1,1
367475,1,1
367575,1,1
367675,1,1
367774,1,1
367874,1,1
367974,1,1
368074,1,1
368174,1,1
368274,1,1
368374,1,1
368474,1,1
368574,1,1
368674,1,1
368774,1,1
368874,1,1
368974,1,1
369074,1,1
369174,1,1
369274,1,1
369374,1,1
369474,1,1
369574,1,1
369674,1,1
369774,1,1
369874,1,1
369974,1,1
370074,1,1
370174,1,1
370274,1,1
370374,1,1
370474,1,1
370574,1,1
370674,1,1
370774,1,1
370874,1,1
370974,1,1
371074,1,1
371174,1,1
371274,1,1
371374,1,1
371474,1,1
371585,1,1
371685,1,1
371795,1,1
371895,1,1
371995,1,1
372095,1,1
372195,1,1
372295,1,1
372395,1,1
372495,1,1
372595,1,1
372695,1,1
372795,1,1
372895,1,1
372995,1,1
373095,1,1
373195,1,1
373295,1,1
373395,1,1
373495,1,1
373595,1,1
373696,1,1
373796,1,1
373896,1,1
373996,1,1
374096,1,1
374196,1,1
374296,1,1
374396,1,1
374496,1,1
374596,1,1
374696,1,1
374796,1,1
374896,1,1
374996,1,1
375096,1,1
375196,1,1
375296,1,1
375396,1,1
375496,1,1
375596,1,1
375696,1,1
375794,1,1
375894,1,1
375994,1,1
376094,1,1
376194,1,1
376294,1,1
376394,1,1
376494,1,1
376594,1,1
376694,1,1
376794,1,1
376894,1,1
376994,1,1
377094,1,1
377194,1,1
377294,1,1
377394,1,1
377494,1,1
377594,1,1
377694,1,1
377794,1,1
377894,1,1
377994,1,1
378094,1,1
378194,1,1
378294,1,1
378394,1,1
378494,1,1
378594,1,1
378694,1,1
378794,1,1
378894,1,1
378994,1,1
379094,1,1
379194,1,1
379294,1,1
379394,1,1
379494,1,1
379603,1,1
379703,1,1
379799,1,1
379899,1,1
379999,1,1
380099,1,1
380199,1,1
380299,1,1
380399,1,1
380499,1,1
380599,1,1
380699,1,1
380799,1,1
380899,1,1
380999,1,1
381099,1,1
381200,1,1
381300,1,1
381400,1,1
381500,1,1
381600,1,1
381700,1,1
381800,1,1
381900,1,1
382000,1,1
382100,1,1
382200,1,1
382300,1,1
382400,1,1
382500,1,1
382600,1,1
382700,1,1
382800,1,1
382900,1,1
383000,1,1
383100,1,1
383200,1,1
383300,1,1
383400,1,1
383500,1,1
383607,1,1
383707,1,1
383807,1,1
383907,1,1
384007,1,1
384107,1,1
384207,1,1
384307,1,1
384407,1,1
384507,1,1
384607,1,1
384707,1,1
384807,1,1
384907,1,1
385007,1,1
385107,1,1
385207,1,1
385307,1,1
385407,1,1
385507,1,1
385607,1,1
385707,1,1
385808,1,1
385908,1,1
386008,1,1
386108,1,1
386208,1,1
386308,1,1
386408,1,1
386508,1,1
386608,1,1
386708,1,1
386808,1,1
386908,1,1
387008,1,1
387108,1,1
387208,1,1
387308,1,1
387408,1,1
387508,1,1
387611,1,1
387711,1,1
387810,1,1
387910,1,1
388010,1,1
388111,1,1
388211,1,1
388311,1,1
388411,1,1
388511,1,1
388611,1,1
388711,1,1
388811,1,1
388911,1,1
389011,1,1
389111,1,1
389211,1,1
389311,1,1
389411,1,1
389511,1,1
389611,1,1
389711,1,1
389811,1,1
389911,1,1
390011,1,1
390111,1,1
390211,1,1
390311,1,1
390411,1,1
390511,1,1
390611,1,1
390711,1,1
390811,1,1
390911,1,1
391012,1,1
391112,1,1
391212,1,1
391312,1,1
391412,1,1
391512,1,1
391615,1,1
391715,1,1
391814,1,1
391914,1,1
392014,1,1
392114,1,1
392214,1,1
392314,1,1
392414,1,1
392514,1,1
392614,1,1
392714,1,1
392814,1,1
392914,1,1
393014,1,1
393114,1,1
393214,1,1
393315,1,1
393415,1,1
393515,1,1
393615,1,1
393715,1,1
393815,1,1
393915,1,1
394015,1,1
394115,1,1
394215,1,1
394315,1,1
394415,1,1
394515,1,1
394615,1,1
394715,1,1
394815,1,1
394915,1,1
395015,1,1
395115,1,1
395215,1,1
395315,1,1
395415,1,1
395515,1,1
395626,1,1
395726,1,1
395826,1,1
395914,1,1
396014,1,1
396114,1,1
396214,1,1
396314,1,1
396414,1,1
396514,1,1
396614,1,1
396714,1,1
396814,1,1
396914,1,1
397015,1,1
397115,1,1
397215,1,1
397315,1,1
397415,1,1
397515,1,1
397615,1,1
397715,1,1
397815,1,1
397915,1,1
398015,1,1
398115,1,1
398215,1,1
398315,1,1
398415,1,1
398515,1,1
398615,1,1
398715,1,1
398815,1,1
398915,1,1
399015,1,1
399115,1,1
399215,1,1
399315,1,1
399415,1,1
399515,1,1
399615,1,1
399715,1,1
399815,1,1
399916,1,1
400016,1,1
400116,1,1
400216,1,1
400316,1,1
400416,1,1
400516,1,1
400616,1,1
400716,1,1
400816,1,1
400916,1,1
401016,1,1
401116,1,1
401216,1,1
401316,1,1
401416,1,1
401516,1,1
401616,1,1
401716,1,1
401816,1,1
401916,1,1
402016,1,1
402116,1,1
402216,1,1
402316,1,1
402416,1,1
402516,1,1
402616,1,1
402716,1,1
402816,1,1
402916,1,1
403016,1,1
403116,1,1
403216,1,1
403316,1,1
403416,1,1
403516,1,1
403642,0,0
403742,0,0
403842,0,0
403942,0,0
404042,0,0
404142,0,0
404242,0,0
404342,0,0
404442,0,0
404542,0,0
404642,0,0
404742,0,0
404842,0,0
404942,0,0
405042,0,0
405142,0,0
405242,0,0
405342,0,0
405442,0,0
405542,0,0
405642,0,0
405742,0,0
405842,0,0
405942,0,0
406042,0,0
406142,0,0
406242,0,0
406342,0,0
406442,0,0
406542,0,0
406642,0,0
406743,0,0
406843,0,0
406943,0,0
407043,0,0
407143,0,0
407243,0,0
407343,0,0
407443,0,0
407543,0,0
407643,0,0
407743,0,0
407843,0,0
407943,0,0
408043,0,0
408143,0,0
408243,0,0
408343,0,0
408443,0,0
408543,0,0
408643,0,0
408743,0,0
408843,0,0
408943,0,0
409043,0,0
409143,0,0
409243,0,0
409343,0,0
409443,0,0
409543,0,0
409644,0,0
409744,0,0
409844,0,0
409944,0,0
410044,0,0
410144,0,0
410244,0,0
410344,0,0
410444,0,0
410544,0,0
410644,0,0
410744,0,0
410844,0,0
410944,0,0
411044,0,0
411144,0,0
411244,0,0
411344,0,0
411444,0,0
411544,0,0
411644,0,0
411744,0,0
411844,0,0
411944,0,0
412044,0,0
412144,0,0
412244,0,0
412344,0,0
412444,0,0
412544,0,0
412644,0,0
412744,0,0
412844,0,0
412944,0,0
413044,0,0
413144,0,0
413244,0,0
413344,0,0
413444,0,0
413544,0,0
413644,0,0
413744,0,0
413844,0,0
413944,0,0
414044,0,0
414144,0,0
414244,0,0
414344,0,0
414444,0,0
414544,0,0
414644,0,0
414744,0,0
414844,0,0
414944,0,0
415044,0,0
415144,0,0
415244,0,0
415344,0,0
415444,0,0
415544,0,0
415644,0,0
415744,0,0
415844,0,0
415944,1,1
416044,1,1
416144,1,1
416244,1,1
416344,1,1
416444,1,1
416544,1,1
416644,1,1
416744,1,1
416844,1,1
416944,1,1
417044,1,1
417144,1,1
417244,1,1
417344,1,1
417444,1,1
417544,1,1
417644,1,1
417744,1,1
417844,1,1
417944,1,1
418044,1,1
418144,1,1
418244,1,1
418344,1,1
418444,1,1
418544,1,1
418644,1,1
418744,1,1
418844,1,1
418944,1,1
419044,1,1
419144,1,1
419244,1,1
419344,1,1
419444,1,1
419544,1,1
419644,1,1
419744,1,1
419844,1,1
419944,1,1
420044,1,1
420143,1,1
420243,1,1
420343,1,1
420443,1,1
420543,1,1
420643,1,1
420743,1,1
420843,1,1
420943,1,1
421043,1,1
421143,1,1
421243,1,1
421343,1,1
421443,1,1
421543,1,1
421643,1,1
421743,1,1
421843,1,1
421943,1,1
422043,1,1
422143,1,1
422243,1,1
422343,1,1
422443,1,1
422543,1,1
422643,1,1
422743,1,1
422843,1,1
422943,1,1
423043,1,1
423143,1,1
423243,1,1
423343,1,1
423443,1,1
423543,1,1
423643,1,1
423743,1,1
423843,1,1
423943,1,1
424043,1,1
424142,1,1
424242,1,1
424342,1,1
424442,1,1
424542,1,1
424642,1,1
424742,1,1
424842,1,1
424942,1,1
425042,1,1
425142,1,1
425242,1,1
425342,1,1
425442,1,1
425542,1,1
425642,1,1
425742,1,1
425842,1,1
425942,1,1
426042,1,1
426142,1,1
426242,1,1
426342,1,1
426442,1,1
426542,1,1
426642,1,1
426742,1,1
426842,1,1
426942,1,1
427042,1,1
427142,1,1
427242,1,1
427342,1,1
427442,1,1
427542,1,1
427642,1,1
427742,1,1
427842,1,1
427942,1,1
428042,1,1
428141,1,1
428241,1,1
428341,1,1
428441,1,1
428541,1,1
428641,1,1
428741,1,1
428841,1,1
428941,1,1
429041,1,1
429141,1,1
429241,1,1
429341,1,1
429441,1,1
429541,1,1
429641,1,1
429741,1,1
429841,1,1
429941,1,1
430041,1,1
430141,1,1
430241,1,1
430341,1,1
430441,1,1
430541,1,1
430641,1,1
430741,1,1
430841,1,1
430941,1,1
431041,1,1
431141,1,1
431241,1,1
431341,1,1
431441,1,1
431541,1,1
431641,1,1
431741,1,1
431841,1,1
431941,1,1
432041,1,1
432139,1,1
432239,1,1
432339,1,1
432439,1,1
432539,1,1
432639,1,1
432739,1,1
432839,1,1
432939,1,1
433039,1,1
433139,1,1
433239,1,1
433339,1,1
433439,1,1
433539,1,1
433639,1,1
433739,1,1
433839,1,1
433939,1,1
434039,1,1
434139,1,1
434239,1,1
434339,1,1
434439,1,1
434539,1,1
434639,1,1
434739,1,1
434839,1,1
434939,1,1
435039,1,1
435139,1,1
435239,1,1
435339,1,1
435439,1,1
435539,1,1
435639,1,1
435739,1,1
435839,1,1
435939,1,1
436039,1,1
436138,1,1
436238,1,1
436338,1,1
436438,1,1
436538,1,1
436638,1,1
436738,1,1
436838,1,1
436938,1,1
437038,1,1
437138,1,1
437238,1,1
437338,1,1
437438,1,1
437538,1,1
437638,1,1
437738,1,1
437838,1,1
437938,1,1
438038,1,1
438138,1,1
438238,1,1
438338,1,1
438438,1,1
438538,1,1
438638,1,1
438738,1,1
438838,1,1
438938,1,1
439038,1,1
439138,1,1
439238,1,1
439338,1,1
439438,1,1
439538,1,1
439638,1,1
439738,1,1
439838,1,1
439938,1,1
440038,1,1
440135,1,1
440235,1,1
440335,1,1
440435,1,1
440535,1,1
440635,1,1
440735,1,1
440835,1,1
440935,1,1
441035,1,1
441135,1,1
441235,1,1
441335,1,1
441435,1,1
441535,1,1
441635,1,1
441735,1,1
441835,1,1
441935,1,1
442035,1,1
442135,1,1
442235,1,1
442335,1,1
442435,1,1
442535,1,1
442635,1,1
442735,1,1
442835,1,1
442935,1,1
443035,1,1
443135,1,1
443235,1,1
443335,1,1
443435,1,1
443535,1,1
443635,1,1
443735,1,1
443835,1,1
443935,1,1
444035,1,1
444134,1,1
444234,1,1
444334,1,1
444434,1,1
444534,1,1
444634,1,1
444734,1,1
444834,1,1
444934,1,1
445034,1,1
445134,1,1
445234,1,1
445334,1,1
445434,1,1
445534,1,1
445634,1,1
445734,1,1
445834,1,1
445934,1,1
446034,1,1
446134,1,1
446234,1,1
446334,1,1
446434,1,1
446534,1,1
446634,1,1
446734,1,1
446834,1,1
446934,1,1
447034,1,1
447134,1,1
447234,1,1
447334,1,1
447434,1,1
447534,1,1
447634,1,1
447734,1,1
447834,1,1
447934,1,1
448034,1,1
448133,1,1
448233,1,1
448333,1,1
448433,1,1
448533,1,1
448633,1,1
448733,1,1
448833,1,1
448933,1,1
449033,1,1
449133,1,1
449233,1,1
449333,1,1
449433,1,1
449533,1,1
449633,1,1
449733,1,1
449833,1,1
449933,1,1
450033,1,1
450133,1,1
450233,1,1
450333,1,1
450433,1,1
450533,1,1
450633,1,1
450733,1,1
450833,1,1
450933,1,1
451033,1,1
451133,1,1
451233,1,1
451333,1,1
451433,1,1
451533,1,1
451633,1,1
451733,1,1
451833,1,1
451933,1,1
452033,1,1
452131,1,1
452231,1,1
452331,1,1
452431,1,1
452531,1,1
452631,1,1
452731,1,1
452831,1,1
452931,1,1
453031,1,1
453131,1,1
453231,1,1
453331,1,1
453431,1,1
453531,1,1
453631,1,1
453731,1,1
453831,1,1
453931,1,1
454031,1,1
454131,1,1
454231,1,1
454331,1,1
454431,1,1
454531,1,1
454631,1,1
454731,1,1
454831,1,1
454931,1,1
455031,1,1
455131,1,1
455231,1,1
455331,1,1
455431,1,1
455531,1,1
455631,1,1
455731,1,1
455831,1,1
455931,1,1
456031,1,1
456129,1,1
456229,1,1
456329,1,1
456429,1,1
456529,1,1
456629,1,1
456729,1,1
456829,1,1
456929,1,1
457029,1,1
457129,1,1
457229,1,1
457329,1,1
457429,1,1
457529,1,1
457629,1,1
457729,1,1
457829,1,1
457929,1,1
458029,1,1
458129,1,1
458229,1,1
458329,1,1
458429,1,1
458529,1,1
458629,1,1
458729,1,1
458829,1,1
458929,1,1
459029,1,1
459129,1,1
459229,1,1
459329,1,1
459429,1,1
459529,1,1
459629,1,1
459729,1,1
459829,1,1
459929,1,1
460029,1,1
460129,1,1
460229,1,1
460329,1,1
460429,1,1
460529,1,1
460629,1,1
460729,1,1
460829,1,1
460929,1,1
461029,1,1
461129,1,1
461229,1,1
461329,1,1
461429,1,1
461529,1,1
461629,1,1
461729,1,1
461829,1,1
461929,1,1
462029,1,1
462129,1,1
462229,1,1
462329,1,1
462429,1,1
462529,1,1
462629,1,1
462729,1,1
462829,1,1
462929,1,1
463029,1,1
463129,1,1
463229,1,1
463329,1,1
463429,1,1
463529,1,1
463629,1,1
463729,1,1
463829,1,1
463929,1,1
464049,0,0
464149,0,0
464249,0,0
464349,0,0
464449,0,0
464549,0,0
464649,0,0
464749,0,0
464849,0,0
464949,0,0
465049,0,0
465149,0,0
465249,0,0
465349,0,0
465449,0,0
465549,0,0
465649,0,0
465749,0,0
465849,0,0
465949,0,0
466049,0,0
466149,0,0
466249,0,0
466349,0,0
466449,0,0
466549,0,0
466649,0,0
466749,0,0
466849,0,0
466949,0,0
467049,0,0
467149,0,0
467249,0,0
467349,0,0
467449,0,0
467549,0,0
467649,0,0
467749,0,0
467849,0,0
467949,0,0
468049,0,0
468149,0,0
468249,0,0
468349,0,0
468449,0,0
468549,0,0
468649,0,0
468749,0,0
468849,0,0
468949,0,0
469049,0,0
469149,0,0
469249,0,0
469349,0,0
469449,0,0
469549,0,0
469649,0,0
469749,0,0
469849,0,0
469949,0,0
470049,0,0
470149,0,0
470249,0,0
470349,0,0
470449,0,0
470549,0,0
470649,0,0
470749,0,0
470849,0,0
470949,0,0
471049,0,0
471149,0,0
471249,0,0
471349,0,0
471449,0,0
471549,0,0
471649,0,0
471749,0,0
471849,0,0
471949,0,0
472049,1,1
472134,1,1
472234,1,1
472334,1,1
472434,1,1
472534,1,1
472634,1,1
472734,1,1
472834,1,1
472934,1,1
473034,1,1
473134,1,1
473234,1,1
473334,1,1
473434,1,1
473534,1,1
473634,1,1
473734,1,1
473834,1,1
473934,1,1
474034,1,1
474134,1,1
474234,1,1
474334,1,1
474434,1,1
474534,1,1
474634,1,1
474734,1,1
474834,1,1
474934,1,1
475034,1,1
475134,1,1
475234,1,1
475334,1,1
475434,1,1
475534,1,1
475634,1,1
475734,1,1
475834,1,1
475934,1,1
476034,1,1
476141,1,1
476241,1,1
476341,1,1
476441,1,1
476541,1,1
476641,1,1
476741,1,1
476841,1,1
476941,1,1
477041,1,1
477141,1,1
477241,1,1
477341,1,1
477441,1,1
477541,1,1
477641,1,1
477741,1,1
477841,1,1
477941,1,1
478041,1,1
478141,1,1
478241,1,1
478341,1,1
478441,1,1
478541,1,1
478641,1,1
478741,1,1
478841,1,1
478941,1,1
479041,1,1
479141,1,1
479241,1,1
479341,1,1
479441,1,1
479541,1,1
479641,1,1
479741,1,1
479841,1,1
479941,1,1
480041,1,1
480141,1,1
480240,1,1
480340,1,1
480440,1,1
480540,1,1
480640,1,1
480740,1,1
480840,1,1
480940,1,1
481040,1,1
481140,1,1
481240,1,1
481340,1,1
481440,1,1
481540,1,1
481640,1,1
481740,1,1
481840,1,1
481940,1,1
482040,1,1
482140,1,1
482240,1,1
482340,1,1
482440,1,1
482540,1,1
482640,1,1
482740,1,1
482840,1,1
482940,1,1
483040,1,1
483140,1,1
483240,1,1
483340,1,1
483440,1,1
483540,1,1
483640,1,1
483740,1,1
483840,1,1
483940,1,1
484040,1,1
484140,1,1
484238,1,1
484338,1,1
484438,1,1
484538,1,1
484638,1,1
484738,1,1
484838,1,1
484938,1,1
485038,1,1
485138,1,1
485238,1,1
485338,1,1
485438,1,1
485538,1,1
485638,1,1
485738,1,1
485838,1,1
485938,1,1
486038,1,1
486138,1,1
486238,1,1
486338,1,1
486438,1,1
486538,1,1
486638,1,1
486738,1,1
486838,1,1
486938,1,1
487038,1,1
487138,1,1
487238,1,1
487338,1,1
487438,1,1
487538,1,1
487638,1,1
487738,1,1
487838,1,1
487938,1,1
488038,1,1
488138,1,1
488236,1,1
488336,1,1
488436,1,1
488536,1,1
488636,1,1
488736,1,1
488836,1,1
488936,1,1
489036,1,1
489136,1,1
489236,1,1
489336,1,1
489436,1,1
489536,1,1
489636,1,1
489736,1,1
489836,1,1
489936,1,1
490036,1,1
490136,1,1
490236,1,1
490336,1,1
490436,1,1
490536,1,1
490636,1,1
490736,1,1
490836,1,1
490936,1,1
491036,1,1
491136,1,1
491236,1,1
491336,1,1
491436,1,1
491536,1,1
491636,1,1
491736,1,1
491836,1,1
491936,1,1
492036,1,1
492136,1,1
492236,1,1
492336,1,1
492436,1,1
492536,1,1
492636,1,1
492736,1,1
492836,1,1
492936,1,1
493036,1,1
493136,1,1
493236,1,1
493336,1,1
493436,1,1
493536,1,1
493636,1,1
493736,1,1
493836,1,1
493936,1,1
494036,1,1
494136,1,1
494236,1,1
494336,1,1
494436,1,1
494536,1,1
494636,1,1
494736,1,1
494836,1,1
494936,1,1
495036,1,1
495136,1,1
495236,1,1
495336,1,1
495436,1,1
495536,1,1
495636,1,1
495736,1,1
495836,1,1
495936,1,1
496036,1,1
496136,1,1
496234,1,1
496334,1,1
496434,1,1
496534,1,1
496634,1,1
496734,1,1
496834,1,1
496934,1,1
497034,1,1
497134,1,1
497234,1,1
497334,1,1
497434,1,1
497534,1,1
497634,1,1
497734,1,1
497834,1,1
497934,1,1
498034,1,1
498134,1,1
498234,1,1
498334,1,1
498434,1,1
498534,1,1
498634,1,1
498734,1,1
498834,1,1
498934,1,1
499034,1,1
499134,1,1
499234,1,1
499334,1,1
499434,1,1
499534,1,1
499634,1,1
499734,1,1
499834,1,1
499934,1,1
500034,1,1
500134,1,1
500232,1,1
500332,1,1
500432,1,1
500532,1,1
500632,1,1
500732,1,1
500832,1,1
500932,1,1
501032,1,1
501132,1,1
501232,1,1
501332,1,1
501432,1,1
501532,1,1
501632,1,1
501732,1,1
501832,1,1
501932,1,1
502032,1,1
502132,1,1
502232,1,1
502332,1,1
502432,1,1
502532,1,1
502632,1,1
502732,1,1
502832,1,1
502932,1,1
503032,1,1
503132,1,1
503232,1,1
503332,1,1
503432,1,1
503532,1,1
503632,1,1
503732,1,1
503832,1,1
503932,1,1
504032,1,1
504132,1,1
504232,1,1
504314,1,1
504414,1,1
504514,1,1
504614,1,1
504714,1,1
504814,1,1
504914,1,1
505014,1,1
505114,1,1
505214,1,1
505314,1,1
505414,1,1
505514,1,1
505614,1,1
505714,1,1
505814,1,1
505914,1,1
506014,1,1
506114,1,1
506214,1,1
506314,1,1
506414,1,1
506514,1,1
506614,1,1
506714,1,1
506814,1,1
506914,1,1
507014,1,1
507114,1,1
507214,1,1
507314,1,1
507414,1,1
507514,1,1
507614,1,1
507714,1,1
507814,1,1
507914,1,1
508014,1,1
508114,1,1
508214,1,1
508314,1,1
508429,1,1
508529,1,1
508629,1,1
508729,1,1
508829,1,1
508929,1,1
509029,1,1
509129,1,1
509229,1,1
509329,1,1
509429,1,1
509529,1,1
509629,1,1
509729,1,1
509829,1,1
509929,1,1
510029,1,1
510129,1,1
510229,1,1
510329,1,1
510429,1,1
510529,1,1
510629,1,1
510729,1,1
510829,1,1
510929,1,1
511029,1,1
511129,1,1
511229,1,1
511329,1,1
511429,1,1
511529,1,1
511629,1,1
511729,1,1
511829,1,1
511929,1,1
512032,1,1
512132,1,1
512232,1,1
512332,1,1
512430,1,1
512530,1,1
512630,1,1
512730,1,1
512830,1,1
512930,1,1
513031,1,1
513131,1,1
513231,1,1
513331,1,1
513431,1,1
513531,1,1
513631,1,1
513731,1,1
513831,1,1
513931,1,1
514031,1,1
514131,1,1
514231,1,1
514331,1,1
514431,1,1
514531,1,1
514631,1,1
514731,1,1
514831,1,1
514931,1,1
515031,1,1
515131,1,1
515231,1,1
515331,1,1
515431,1,1
515531,1,1
515631,1,1
515731,1,1
515831,1,1
515931,1,1
516031,1,1
516131,1,1
516231,1,1
516331,1,1
516431,1,1
516531,1,1
516631,1,1
516731,1,1
516831,1,1
516931,1,1
517031,1,1
517131,1,1
517231,1,1
517331,1,1
517431,1,1
517531,1,1
517631,1,1
517731,1,1
517831,1,1
517931,1,1
518031,1,1
518131,1,1
518231,1,1
518331,1,1
518431,1,1
518531,1,1
518631,1,1
518731,1,1
518831,1,1
518931,1,1
519031,1,1
519131,1,1
519231,1,1
519331,1,1
519431,1,1
519531,1,1
519631,1,1
519731,1,1
519831,1,1
519931,1,1
520063,0,0
520163,0,0
520263,0,0
520363,0,0
520463,0,0
520563,0,0
520663,0,0
520763,0,0
520863,0,0
520963,0,0
521063,0,0
521163,0,0
521263,0,0
521363,0,0
521463,0,0
521563,0,0
521663,0,0
521763,0,0
521863,0,0
521963,0,0
522063,0,0
522163,0,0
522263,0,0
522363,0,0
522463,0,0
522563,0,0
522663,0,0
522763,0,0
522863,0,0
522963,0,0
523063,0,0
523163,0,0
523263,0,0
523363,0,0
523463,0,0
523563,0,0
523663,0,0
523763,0,0
523863,0,0
523963,0,0
524063,0,0
524163,0,0
524263,0,0
524363,0,0
524463,0,0
524563,0,0
524663,0,0
524763,0,0
524863,0,0
524963,0,0
525063,0,0
525163,0,0
525263,0,0
525363,0,0
525463,0,0
525563,0,0
525663,0,0
525763,0,0
525863,0,0
525963,0,0
526063,0,0
526163,0,0
526263,0,0
526363,0,0
526463,0,0
526563,0,0
526663,0,0
526763,0,0
526863,0,0
526963,0,0
527063,0,0
527163,0,0
527263,0,0
527363,0,0
527463,0,0
527563,0,0
527663,0,0
527763,0,0
527863,0,0
527963,0,0
528063,0,0
528163,0,0
528263,0,0
528363,0,0
528463,0,0
528563,0,0
528663,0,0
528763,0,0
528863,0,0
528963,0,0
529063,0,0
529163,0,0
529263,0,0
529363,0,0
529463,0,0
529563,0,0
529663,0,0
529763,0,0
529863,0,0
529963,0,0
530063,0,0
530163,0,0
530263,0,0
530363,0,0
530463,0,0
530563,0,0
530663,0,0
530763,0,0
530863,0,0
530963,0,0
531063,0,0
531163,0,0
531263,0,0
531363,0,0
531463,0,0
531563,0,0
531663,0,0
531763,0,0
531863,0,0
531963,0,0
532063,0,0
532163,0,0
532263,0,0
532363,0,0
532463,0,0
532563,0,0
532663,0,0
532763,0,0
532863,0,0
532963,0,0
533063,0,0
533155,0,0
533265,0,0
533365,1,1
533465,1,1
533565,1,1
533665,1,1
533765,1,1
533865,1,1
533965,1,1
534065,1,1
534165,1,1
534265,1,1
534365,1,1
534465,1,1
534565,1,1
534665,1,1
534765,1,1
534865,1,1
534965,1,1
535065,1,1
535165,1,1
535265,1,1
535365,1,1
535466,1,1
535566,1,1
535666,1,1
535766,1,1
535866,1,1
535966,1,1
536066,1,1
536166,1,1
536266,1,1
536366,1,1
536466,1,1
536566,1,1
536666,1,1
536766,1,1
536866,1,1
536966,1,1
537066,1,1
537164,1,1
537275,1,1
537375,1,1
537475,1,1
537575,1,1
537675,1,1
537775,1,1
537875,1,1
537975,1,1
538075,1,1
538175,1,1
538275,1,1
538375,1,1
538475,1,1
538575,1,1
538675,1,1
538775,1,1
538875,1,1
538975,1,1
539075,1,1
539176,1,1
539276,1,1
539376,1,1
539476,1,1
539576,1,1
539676,1,1
539776,1,1
539876,1,1
539976,1,1
540076,1,1
540176,1,1
540276,1,1
540376,1,1
540476,1,1
540576,1,1
540676,1,1
540776,1,1
540876,1,1
540976,1,1
541076,1,1
541175,1,1
541281,1,1
541381,1,1
541481,1,1
541581,1,1
541681,1,1
541781,1,1
541881,1,1
541981,1,1
542081,1,1
542181,1,1
542281,1,1
542381,1,1
542481,1,1
542581,1,1
542681,1,1
542781,1,1
542881,1,1
542981,1,1
543081,1,1
543181,1,1
543281,1,1
543381,1,1
543481,1,1
543581,1,1
543681,1,1
543781,1,1
543881,1,1
543981,1,1
544082,1,1
544182,1,1
544282,1,1
544382,1,1
544482,1,1
544582,1,1
544682,1,1
544782,1,1
544882,1,1
544982,1,1
545082,1,1
545180,1,1
545280,1,1
545380,1,1
545480,1,1
545580,1,1
545680,1,1
545780,1,1
545880,1,1
545980,1,1
546080,1,1
546180,1,1
546280,1,1
546380,1,1
546480,1,1
546580,1,1
546680,1,1
546780,1,1
546880,1,1
546981,1,1
547081,1,1
547181,1,1
547281,1,1
547381,1,1
547481,1,1
547581,1,1
547681,1,1
547781,1,1
547881,1,1
547981,1,1
548081,1,1
548181,1,1
548281,1,1
548381,1,1
548481,1,1
548581,1,1
548681,1,1
548781,1,1
548881,1,1
548981,1,1
549081,1,1
549180,1,1
549280,1,1
549380,1,1
549480,1,1
549580,1,1
549680,1,1
549780,1,1
549881,1,1
549981,1,1
550081,1,1
550181,1,1
550281,1,1
550381,1,1
550481,1,1
550581,1,1
550681,1,1
550781,1,1
550881,1,1
550981,1,1
551081,1,1
551181,1,1
551281,1,1
551381,1,1
551481,1,1
551581,1,1
551681,1,1
551781,1,1
551881,1,1
551981,1,1
552081,1,1
552181,1,1
552281,1,1
552381,1,1
552481,1,1
552581,1,1
552681,1,1
552781,1,1
552881,1,1
552981,1,1
553081,1,1
553179,1,1
553279,1,1
553379,1,1
553483,1,1
553583,1,1
553683,1,1
553783,1,1
553883,1,1
553983,1,1
554083,1,1
554183,1,1
554283,1,1
554383,1,1
554483,1,1
554583,1,1
554683,1,1
554783,1,1
554883,1,1
554983,1,1
555083,1,1
555183,1,1
555283,1,1
555383,1,1
555483,1,1
555583,1,1
555683,1,1
555783,1,1
555883,1,1
555983,1,1
556083,1,1
556183,1,1
556283,1,1
556383,1,1
556483,1,1
556583,1,1
556683,1,1
556783,1,1
556883,1,1
556983,1,1
557083,1,1
557182,1,1
557282,1,1
557382,1,1
557504,1,1
557604,1,1
557704,1,1
557804,1,1
557904,1,1
558004,1,1
558104,1,1
558204,1,1
558304,1,1
558404,1,1
558504,1,1
558604,1,1
558704,1,1
558804,1,1
558904,1,1
559004,1,1
559104,1,1
559204,1,1
559304,1,1
559404,1,1
559504,1,1
559604,1,1
559704,1,1
559804,1,1
559905,1,1
560005,1,1
560105,1,1
560205,1,1
560305,1,1
560405,1,1
560505,1,1
560605,1,1
560705,1,1
560805,1,1
560905,1,1
561005,1,1
561105,1,1
561203,1,1
561303,1,1
561403,1,1
561503,1,1
561603,1,1
561703,1,1
561803,1,1
561903,1,1
562003,1,1
562103,1,1
562203,1,1
562303,1,1
562403,1,1
562503,1,1
562603,1,1
562703,1,1
562804,1,1
562904,1,1
563004,1,1
563104,1,1
563204,1,1
563304,1,1
563404,1,1
563504,1,1
563604,1,1
563704,1,1
563804,1,1
563904,1,1
564004,1,1
564104,1,1
564204,1,1
564304,1,1
564404,1,1
564504,1,1
564604,1,1
564704,1,1
564804,1,1
564904,1,1
565004,1,1
565104,1,1
565201,1,1
565301,1,1
565401,1,1
565501,1,1
565601,1,1
565701,1,1
565801,1,1
565901,1,1
566001,1,1
566101,1,1
566201,1,1
566301,1,1
566401,1,1
566501,1,1
566601,1,1
566701,1,1
566801,1,1
566901,1,1
567001,1,1
567101,1,1
567201,1,1
567301,1,1
567401,1,1
567501,1,1
567601,1,1
567701,1,1
567801,1,1
567901,1,1
568001,1,1
568101,1,1
568201,1,1
568422,1,1
568522,1,1
568622,1,1
568722,1,1
568822,1,1
568922,1,1
569022,1,1
569122,1,1
569222,1,1
569322,1,1
569422,1,1
569522,1,1
569622,1,1
569722,1,1
569822,1,1
569922,1,1
570022,1,1
570122,1,1
570222,1,1
570322,1,1
570422,1,1
570522,1,1
570622,1,1
570722,1,1
570823,1,1
570923,1,1
571023,1,1
571123,1,1
571223,1,1
571323,1,1
571423,1,1
571523,1,1
571623,1,1
571723,1,1
571823,1,1
571923,1,1
572023,1,1
572123,1,1
572223,1,1
572323,1,1
572423,1,1
572523,1,1
572623,1,1
572723,1,1
572823,1,1
572923,1,1
573023,1,1
573123,1,1
573221,1,1
573321,1,1
573421,1,1
573521,1,1
573621,1,1
573722,1,1
573822,1,1
573922,1,1
574022,1,1
574122,1,1
574222,1,1
574322,1,1
574422,1,1
574522,1,1
574622,1,1
574722,1,1
574822,1,1
574922,1,1
575022,1,1
575122,1,1
575222,1,1
575322,1,1
575422,1,1
575522,1,1
575622,1,1
575722,1,1
575822,1,1
575922,1,1
576022,1,1
576122,1,1
576222,1,1
576322,1,1
576422,1,1
576522,1,1
576623,1,1
576723,1,1
576823,1,1
576923,1,1
577023,1,1
577123,1,1
577223,1,1
577323,1,1
577423,1,1
577523,1,1
577623,1,1
577723,1,1
577823,1,1
577923,1,1
578023,1,1
578123,1,1
578223,1,1
578323,1,1
578423,1,1
578523,1,1
578623,1,1
578723,1,1
578823,1,1
578923,1,1
579023,1,1
579123,1,1
579223,1,1
579323,1,1
579423,1,1
579523,1,1
579623,1,1
579723,1,1
579823,1,1
579923,1,1
580023,1,1
580123,1,1
580223,1,1
580323,1,1
580423,1,1
580523,1,1
580623,1,1
580723,1,1
580823,1,1
580923,1,1
581023,1,1
581123,1,1
581223,1,1
581323,1,1
581423,1,1
581536,0,0
581636,0,0
581736,0,0
581836,0,0
581936,0,0
582036,0,0
582136,0,0
582236,0,0
582336,0,0
582436,0,0
582536,0,0
582636,0,0
582736,0,0
582836,0,0
582936,0,0
583036,0,0
583136,0,0
583237,0,0
583337,0,0
583437,0,0
583537,0,0
583637,0,0
583737,0,0
583837,0,0
583937,0,0
584037,0,0
584137,0,0
584237,0,0
584337,0,0
584437,0,0
584537,0,0
584637,0,0
584737,0,0
584837,0,0
584937,0,0
585037,0,0
585137,0,0
585237,0,0
585337,0,0
585437,0,0
585537,0,0
585637,0,0
585737,0,0
585837,0,0
585937,0,0
586037,0,0
586138,0,0
586238,0,0
586338,0,0
586438,0,0
586538,0,0
586638,0,0
586738,0,0
586838,0,0
586938,0,0
587038,0,0
587138,0,0
587238,0,0
587338,0,0
587438,0,0
587538,0,0
587638,0,0
587738,0,0
587838,0,0
587938,0,0
588038,0,0
588138,0,0
588238,0,0
588338,0,0
588438,0,0
588538,0,0
588638,0,0
588738,0,0
588838,0,0
588938,0,0
589039,0,0
589139,0,0
589239,0,0
589339,0,0
589439,0,0
589539,0,0
589639,0,0
589739,0,0
589839,0,0
589939,0,0
590039,0,0
590139,0,0
590239,0,0
590339,0,0
590439,0,0
590539,0,0
590639,0,0
590739,0,0
590839,0,0
590939,0,0
591039,0,0
591139,0,0
591239,0,0
591339,0,0
591439,0,0
591539,0,0
591639,0,0
591739,0,0
591839,0,0
591939,0,0
592039,0,0
592139,0,0
592239,0,0
592339,0,0
592439,0,0
592539,0,0
592639,0,0
592739,0,0
592839,0,0
592939,0,0
593039,0,0
593139,0,0
593239,0,0
593339,0,0
593439,0,0
593539,0,0
593639,0,0
593739,0,0
593839,0,0
593939,0,0
594039,0,0
594139,0,0
594239,0,0
594339,0,0
594439,0,0
594539,0,0
594639,0,0
594739,0,0
594839,0,0
594939,0,0
595039,0,0
595139,0,0
595239,0,0
595339,0,0
595439,0,0
595539,0,0
595639,0,0
595739,0,0
595839,0,0
595939,0,0
596039,0,0
596139,0,0
596239,0,0
596339,0,0
596439,0,0
596539,0,0
596639,0,0
596739,0,0
596839,0,0
596939,0,0
597039,0,0
597139,0,0
597239,0,0
597339,0,0
597439,0,0
597539,0,0
597639,0,0
597739,0,0
597839,0,0
597939,0,0
598039,0,0
598139,0,0
598239,0,0
598339,0,0
598439,0,0
598539,0,0
598639,0,0
598739,0,0
598839,0,0
598939,0,0
599039,0,0
599139,0,0
599239,0,0
599339,0,0
599439,0,0
599539,0,0
599639,0,0
599739,0,0
599839,0,0
599939,0,0
600039,0,0
600139,0,0
600239,0,0
600339,0,0
600439,0,0
600539,0,0
600639,0,0
600739,0,0
600839,0,0
600939,0,0
601039,0,0
601139,0,0
601239,0,0
601339,0,0
601439,0,0
601539,0,0
601639,0,0
601739,0,0
601839,0,0
601939,0,0
602039,0,0
602139,0,0
602239,0,0
602339,0,0
602439,0,0
602539,0,0
602639,0,0
602739,0,0
602839,0,0
602939,0,0
603039,0,0
603139,0,0
603239,0,0
603339,0,0
603439,0,0
603539,0,0
603639,0,0
603739,0,0
603839,0,0
603939,0,0
604039,0,0
604139,0,0
604239,0,0
604339,0,0
604439,0,0
604539,0,0
604639,0,0
604739,0,0
604839,0,0
604939,0,0
605039,0,0
605139,0,0
605239,0,0
605339,0,0
605439,0,0
605539,0,0
605639,0,0
605739,0,0
605839,0,0
