p:4000,20000,6000,600,8000,4000,2000,8000,70
100,0
200,0
300,0
400,0
500,0
600,0
700,0
800,0
900,0
1000,0
1100,0
1200,0
1300,0
1400,0
1500,0
1600,0
1700,0
1800,0
1900,0
2000,0
2100,0
2200,0
2300,0
2400,0
2500,0
2600,0
2700,0
2800,0
2900,0
3000,0
3100,0
3200,0
3300,0
3400,0
3500,0
3600,0
3700,0
3800,0
3900,0
4000,0
4100,0
4200,0
4300,0
4400,0
4500,0
4600,0
4700,0
4800,0
4900,0
5000,0
5100,0
5200,0
5300,0
5502,0
5602,0
5702,0
5803,0
5903,0
6003,0
6103,0
6203,0
6303,0
6403,0
6503,0
6603,0
6703,0
6803,0
6903,0
7003,0
7103,0
7203,0
7303,0
7403,0
7503,0
7603,0
7703,0
7803,0
7903,0
8003,0
8131,0
8231,0
8331,0
8431,0
8531,0
8631,0
8731,0
8832,0
8932,0
9032,0
9132,0
9232,0
9332,0
9432,0
9532,0
9632,0
9732,0
9832,0
9932,0
10032,0
10132,0
10232,0
10332,0
10432,0
10532,0
10632,0
10732,0
10832,0
10932,0
11032,0
11132,0
11232,0
11436,0
11536,0
11636,0
11736,0
11836,0
11936,0
12036,0
12185,0
12285,0
12385,0
12485,0
12585,0
12685,0
12785,0
12886,0
12986,0
13086,0
13186,0
13286,0
13386,0
13486,0
13586,0
13686,0
13786,0
13886,0
13986,0
14086,0
14186,0
14286,0
14386,0
14486,0
14586,0
14686,0
14786,0
14886,0
14986,0
15086,0
15186,0
15286,0
15386,0
15486,0
15586,0
15686,0
15787,0
15887,0
15987,0
16087,0
16248,0
16348,0
16448,0
16548,0
16648,0
17163,0
17264,0
17364,0
17464,0
17564,68
17664,68
17764,68
17864,68
17964,73
18064,73
18164,63
18264,53
18364,63
18464,58
18564,63
18664,63
18764,63
18864,63
18964,58
19066,63
19166,63
19266,58
19366,0
19466,0
19566,0
19666,0
19766,0
19866,0
19966,0
20066,0
20166,0
20267,0
20367,0
20467,0
20567,0
20667,0
20767,0
20867,0
20967,0
21067,0
21180,0
21292,0
21392,0
21959,0
22059,0
22159,0
22259,0
22359,24
22459,34
22559,34
22659,34
22759,34
22859,34
22959,34
23066,34
23166,34
23266,34
23366,34
23467,34
23567,34
23667,34
23767,34
23867,34
23967,29
24067,29
24167,0
24267,0
24367,0
24467,0
24567,0
24667,0
24767,0
24867,0
24967,0
25067,0
25167,0
25267,0
25367,0
25467,0
25567,0
25667,0
25767,0
25867,0
25976,0
26076,0
26176,0
26276,0
26380,0
26921,0
27021,0
27121,0
27222,0
27322,210
27422,249
27522,249
27622,259
27722,259
27822,254
27922,249
28022,249
28122,263
28222,249
28322,259
28422,259
28522,259
28622,254
28722,259
28822,254
28922,254
29022,259
29122,0
29222,0
29322,0
29422,0
29522,0
29622,0
29722,0
29822,0
29922,0
30022,0
30123,0
30223,0
30323,0
30423,0
30523,0
30623,0
30723,0
30823,0
30940,0
31073,0
31173,0
31273,0
31373,0
31981,0
32081,0
32181,0
32281,0
32486,503
32586,1016
32686,1041
32786,1006
32886,957
32986,997
33086,972
33186,1016
33286,953
33386,1016
33486,1026
33586,1016
33686,1021
33786,1016
33886,1011
33986,1011
34086,997
34186,1011
34286,1011
34386,1016
34486,997
34586,1011
34686,1016
34786,1026
34886,1011
34987,1026
35087,1001
35187,1001
35287,1011
35387,1016
35487,1006
35587,1001
35687,992
35787,1011
35887,1031
35987,997
36087,957
36187,957
36287,1031
36387,1026
36724,1001
36824,1001
36924,992
37024,1001
37124,982
37224,972
37324,1016
37424,972
37524,1006
37624,982
37724,967
37824,1006
37924,997
38024,962
38124,997
38224,1021
38324,1011
38424,977
38524,1016
38624,1006
38724,977
38824,982
38924,957
39024,1021
39124,1011
39224,1016
39324,1001
39424,997
39524,982
39624,992
39724,1026
39824,1016
39924,1001
40024,982
40124,977
40224,948
40324,1016
40424,1011
40524,967
40624,1016
40795,957
40895,967
40995,992
41095,953
41195,1016
41295,1021
41395,1031
41495,982
41595,957
41695,1016
41795,1001
41895,957
41995,953
42095,1006
42298,1006
42398,957
42498,1016
42598,992
42698,997
42798,948
42898,1031
42998,997
43098,1011
43198,1016
43298,1021
43398,992
43498,957
43598,1016
43698,992
43798,1016
43898,1006
43998,1026
44098,977
44198,992
44298,1016
44398,997
44498,1016
44598,1031
44698,1011
44865,1021
44965,1001
45065,1011
45165,1011
45265,953
45365,1031
45465,1006
45565,977
45665,953
45765,997
45865,1021
45965,1016
46065,997
46166,982
46266,1021
46366,1021
46466,957
46566,967
46666,1011
46766,992
46866,1006
46966,953
47066,1016
47166,957
47266,1006
47366,977
47466,1001
47566,1001
47666,1016
47766,1011
47971,1011
48071,1001
48171,982
48271,977
48371,1011
48471,1006
48571,1011
48671,1001
48771,1021
48943,1006
49043,1016
49143,1001
49243,1016
49343,1016
49443,1006
49543,992
49643,972
49743,1006
49843,1006
49943,1021
50043,1011
50143,987
50243,977
50343,997
50443,1021
50543,1011
50643,1016
50743,1001
50843,987
50944,977
51058,1001
51158,992
51258,1016
51358,1006
51458,1021
51558,1021
51658,1006
51758,982
51858,957
51958,992
52058,1021
52158,972
52258,1021
52358,972
52458,1006
52558,997
52658,1021
52758,1006
52858,1011
53021,1006
53121,1021
53323,1021
53423,972
53523,1011
53623,1016
53723,1011
53823,967
53923,1016
54023,1011
54123,1011
54223,1021
54323,1021
54423,1001
54523,1016
54623,1001
54723,1016
54823,957
54923,1021
57541,1026
57929,0
58191,0
58446,0
58693,0
58793,0
58893,0
58993,0
59094,0
59194,0
59294,0
59394,0
59494,0
59594,0
59694,0
59794,0
59894,0
59994,0
60094,0
60194,0
60294,0
60394,0
60494,0
60594,0
60694,0
60794,0
60894,0
60994,0
61197,0
61297,0
61398,0
61498,0
61598,0
61745,0
61845,0
61945,0
62045,0
62145,0
62245,0
62345,0
62445,0
62545,0
62645,0
62745,0
62845,0
62945,0
63045,0
63145,0
63245,0
63345,0
63446,0
63546,0
63646,0
63746,0
63846,0
63946,0
64046,0
64146,0
64246,0
64346,0
64446,0
64546,0
64646,0
64746,0
64846,0
64946,0
65046,0
65146,0
65246,0
65346,0
65446,0
65546,0
65646,0
65805,0
65905,0
66006,0
66106,0
66206,0
66306,0
66406,0
66506,0
66606,0
66706,0
66910,0
67010,0
67110,0
67210,0
67310,0
67410,0
67510,0
67610,0
67710,0
67810,0
67910,0
68011,0
68111,0
68211,0
68311,0
68411,0
68511,0
68611,0
68711,0
68811,0
68911,0
69011,0
69111,0
69211,0
69311,0
69411,0
69511,0
69611,0
69711,0
69860,0
69960,0
70061,0
70161,0
70261,0
70361,0
70461,0
70561,0
70661,0
70761,0
70861,0
70961,0
71061,0
71161,0
71261,0
71361,0
71461,0
71561,0
71661,0
71761,0
71861,0
71961,0
72061,0
72161,0
72261,0
72361,0
72461,0
72561,0
72765,0
72865,0
72965,0
73065,0
73165,0
73265,0
73365,0
73465,0
73565,0
73665,0
73765,0
73927,0
74027,0
74127,0
74459,0
74559,0
74659,0
74759,0
74859,83
74959,83
75059,83
75159,83
75259,83
75359,87
75459,87
75559,87
75659,87
75759,87
75859,83
75959,83
76059,83
76160,83
76260,83
76360,83
76460,83
76560,14
76660,0
76760,0
76860,0
76960,0
77060,0
77160,0
77260,0
77360,0
77460,0
77560,0
77786,0
77886,0
77986,0
78086,0
78186,0
78286,0
78386,0
78543,0
78643,0
79014,0
79114,0
79214,0
79314,0
79414,19
79514,19
79614,24
79714,19
79814,19
79915,19
80015,19
80115,19
80215,19
80315,19
80415,19
80515,19
80615,19
80715,19
80815,19
80915,19
81015,24
81115,0
81215,0
81315,0
81415,0
81515,0
81615,0
81715,0
81815,0
81915,0
82015,0
82115,0
82215,0
82315,0
82415,0
82515,0
82716,0
82816,0
82916,0
83032,0
83143,0
83243,0
83343,0
83703,0
83803,0
83903,0
84003,0
84103,127
84203,141
84303,146
84403,141
84503,141
84603,146
84703,141
84803,146
84903,146
85003,141
85103,146
85203,146
85303,141
85403,146
85504,141
85604,136
85704,141
85804,141
85904,0
86004,0
86104,0
86204,0
86304,0
86404,0
86504,0
86604,0
86704,0
86804,0
86904,0
87004,0
87104,0
87204,0
87304,0
87404,0
87504,0
87731,0
87843,0
87943,0
88043,0
88143,0
88523,0
88623,0
88723,0
88823,0
88923,53
89023,63
89123,58
89223,58
89323,58
89423,58
89523,58
89623,58
89723,58
89823,58
89923,58
90023,53
90123,58
90223,58
90323,58
90423,58
90523,53
90624,58
90724,0
90824,0
90924,0
91024,0
91124,0
91224,0
91324,0
91424,0
91524,0
91624,0
91724,0
91824,0
91924,0
92024,0
92124,0
92224,0
92324,0
92424,0
92727,0
92844,0
92944,0
93044,0
93144,0
93244,0
93344,0
93444,0
93556,0
93656,0
93756,0
93856,0
93956,0
94056,0
94156,0
94256,0
94356,0
94615,0
94715,0
94815,0
94915,0
95015,0
95115,0
95215,0
95315,0
95415,0
95515,0
95616,0
95716,0
95816,0
95916,0
96016,0
96116,0
96216,0
96316,0
96416,0
96516,0
96616,0
96716,0
96882,0
96982,0
97082,0
97182,0
97282,0
97382,0
97482,0
97704,0
97788,0
97888,0
97988,0
98088,0
98188,0
98288,0
98388,0
98488,0
98588,0
98688,0
98788,0
98888,0
99164,0
99264,0
99364,0
99464,0
99564,0
99664,0
99764,0
99864,0
99964,0
100064,0
100164,0
100264,0
100364,0
100464,0
100564,0
100664,0
100764,0
100864,0
100978,0
101078,0
101178,0
101278,0
101378,0
101741,0
101842,0
101942,0
102042,0
102142,14
102242,14
102342,14
102544,14
102644,14
102744,14
102844,14
102944,14
103044,14
103144,14
103244,14
103344,14
103444,14
103544,14
103854,14
103954,0
104054,0
104154,0
104254,0
104354,0
104454,0
104554,0
104654,0
104754,0
104854,0
104954,0
105054,0
105154,0
105254,0
105354,0
105454,0
105554,0
105654,0
105780,0
105894,0
105994,0
106094,0
106493,0
106593,0
106693,0
106793,0
106893,78
106993,83
107094,83
107194,78
107294,83
107394,83
107596,83
107696,83
107796,83
107896,78
107996,83
108096,78
108196,78
108296,83
108396,87
108675,83
108775,0
108875,0
108975,0
109075,0
109175,0
109275,0
109375,0
109475,0
109575,0
109675,0
109775,0
109875,0
109975,0
110075,0
110175,0
110275,0
110375,0
110475,0
110575,0
110675,0
113560,0
113660,0
113760,0
113860,0
113960,0
114060,0
114160,0
114260,0
114360,0
114460,0
114560,0
114660,0
114760,0
114860,0
115060,0
115160,0
115260,0
115360,0
115460,0
115560,0
115660,0
115760,0
115860,0
115960,0
116060,0
116160,0
116260,0
116360,0
116460,0
116560,0
116660,0
116760,0
116860,0
116960,0
117060,0
117160,0
117260,0
117360,0
117460,0
117560,0
117660,0
117760,0
117860,0
117960,0
118060,0
118160,0
118260,0
118360,0
118460,0
118560,0
118660,0
118760,0
118860,0
118960,0
119060,0
119160,0
119260,0
119360,0
119460,0
119560,0
119660,0
119760,0
119860,0
119960,0
120060,0
120160,0
120260,0
120360,0
120460,0
120560,0
120660,0
120863,0
120963,0
121063,0
121163,0
121263,0
121363,0
121463,0
121563,0
121879,0
121979,0
122079,0
122179,0
122279,0
122379,0
122479,0
122579,0
122679,0
122779,0
122880,0
122980,0
123080,0
123180,0
123280,0
123380,0
123480,0
123580,0
123680,0
123780,0
123880,0
123980,0
124080,0
124180,0
124280,0
124380,0
124480,0
124580,0
124680,0
124780,0
124880,0
124980,0
125080,0
125180,0
125280,0
125380,0
125480,0
125580,0
125680,0
125780,0
125894,0
126022,0
126244,0
126601,0
126701,0
126801,0
126901,0
127001,112
127101,127
127201,127
127301,127
127401,127
127501,127
127601,127
127702,127
127802,122
127902,117
128002,117
128102,122
128202,117
128302,117
128402,122
128502,122
128602,117
128702,24
128802,0
128902,0
129002,0
129102,0
129202,0
129302,0
129402,0
129502,0
129602,0
129702,0
129802,0
129902,0
130002,0
130102,0
130202,0
130302,0
130402,0
130502,0
130619,0
130732,0
130832,0
130932,0
131473,0
131573,0
131673,0
131773,0
131873,4
131973,9
132073,9
132173,9
132273,9
132373,9
132473,9
132573,9
132673,9
132773,4
132873,9
132973,9
133073,9
133173,9
133273,9
133373,4
133473,4
133573,0
133673,0
133773,0
133873,0
133974,0
134074,0
134174,0
134274,0
134374,0
134474,0
134574,0
134674,0
134774,0
134874,0
134974,0
135074,0
135174,0
135274,0
135374,0
135491,0
135607,0
135707,0
135808,0
135908,0
136008,0
136554,0
136654,0
136754,0
136854,0
137071,503
137171,860
137271,865
137371,869
137472,840
137572,835
137672,860
137772,855
137872,845
137972,840
138072,850
138172,869
138272,860
138372,845
138472,855
138572,855
138672,855
138772,869
138872,860
138972,855
139072,860
139172,826
139272,850
139372,855
139472,845
139572,835
139672,855
139772,816
139872,821
139972,840
140072,791
140172,840
140272,850
140372,796
140472,850
140572,806
140672,850
140772,816
140872,850
140972,845
141251,845
141351,811
141451,855
141551,855
141651,826
141751,806
141851,806
141952,830
142052,816
142152,811
142252,845
142352,845
142452,830
142552,826
142652,816
142752,845
142852,850
142952,811
143052,845
143152,830
143252,840
143352,835
143452,826
143552,811
143652,830
143752,826
143852,830
143952,806
144052,826
144152,821
144252,840
144352,821
144452,840
144552,811
144652,816
144752,835
144852,806
144952,830
145052,830
145152,830
145326,845
145426,816
145526,845
145626,816
145726,840
145826,840
145936,786
146036,826
146136,845
146236,845
146336,816
146540,821
146640,801
146740,850
146840,835
146940,835
147040,835
147140,835
147240,840
147340,835
147440,840
147540,845
147640,835
147740,840
147840,796
147940,835
148040,840
148140,806
148240,830
148340,801
148440,826
148540,830
148640,806
148740,816
148840,791
148940,835
149040,830
149140,830
149240,840
149398,840
149498,821
149598,801
149698,845
149798,840
149907,806
150007,845
150107,845
150207,845
150307,835
150407,816
150507,830
150607,821
150707,830
150807,830
150907,806
151007,791
151107,796
151207,840
151307,835
151407,826
151507,796
151607,791
151707,826
151808,816
151908,840
152008,840
152108,835
152310,835
152410,801
152510,816
152610,830
152710,840
152810,835
152910,821
153010,830
153110,850
153210,821
153310,840
153476,816
153576,811
153676,826
153776,855
153876,845
153976,840
154076,845
154176,830
154276,801
154376,826
154476,816
154576,811
154676,821
154776,826
154876,845
154976,816
155076,855
155176,845
155276,811
155376,845
155476,821
155576,845
155676,816
155776,850
155876,830
155976,830
156076,845
156176,816
156276,826
156376,830
156476,855
156576,811
156676,830
156776,821
156876,835
156976,811
157076,840
157176,821
157276,811
157376,826
157549,816
157769,826
157869,821
157969,840
158069,835
158169,840
158269,826
158369,821
158469,801
158569,860
158669,791
158769,840
158869,835
158969,835
159069,840
159169,826
159269,806
159369,830
159469,840
159569,840
159669,840
159769,821
159869,840
159969,811
160069,835
160169,835
160269,830
160369,796
160470,840
160570,811
160670,830
160770,850
160870,816
160970,801
161070,830
161170,850
161270,811
161370,840
161470,796
161623,826
161723,826
161823,835
161938,816
162038,811
162138,835
162238,850
162338,811
162438,816
162538,801
162638,830
162738,821
162838,806
162938,821
163038,826
163138,840
163341,840
163441,840
163542,811
163642,855
163742,830
163842,835
163942,835
164042,830
164142,840
164242,826
164342,840
164442,796
164542,826
164642,835
164742,801
164842,826
164942,845
165042,811
165142,840
165242,835
165342,840
165442,845
165542,806
165696,796
165796,840
165909,816
166009,830
166109,830
166209,830
166309,830
166409,806
166509,801
166609,821
166709,840
166809,840
166909,826
167009,840
167109,845
167209,801
169825,830
170217,0
170475,0
170899,0
170999,0
171099,0
171199,0
171299,0
171399,0
171499,0
171599,0
171699,0
171799,0
171899,0
171999,0
172099,0
172199,0
172299,0
172399,0
172499,0
172599,0
172699,0
172800,0
172900,0
173000,0
173100,0
173200,0
173300,0
173400,0
173500,0
173600,0
173700,0
173800,0
173900,0
174028,0
174128,0
174228,0
174328,0
174428,0
174528,0
174628,0
174728,0
174828,0
174928,0
175028,0
175128,0
175228,0
175328,0
175428,0
175528,0
175628,0
175728,0
175828,0
175928,0
176028,0
176128,0
176228,0
176328,0
176428,0
176528,0
176628,0
176830,0
176930,0
177030,0
177130,0
177230,0
177330,0
177430,0
177530,0
177630,0
177730,0
177830,0
177930,0
178083,0
178183,0
178283,0
178383,0
178483,0
178583,0
178683,0
178783,0
178883,0
178983,0
179083,0
179183,0
179283,0
179383,0
179483,0
179584,0
179684,0
179784,0
179884,0
179984,0
180084,0
180184,0
180284,0
180384,0
180484,0
180584,0
180684,0
180784,0
180884,0
180984,0
181084,0
181184,0
181284,0
181384,0
181484,0
181584,0
181684,0
181784,0
181884,0
181984,0
182136,0
182236,0
182525,0
182625,0
182725,0
182825,0
182925,0
183025,0
183126,0
183226,0
183326,0
183426,0
183526,0
183626,0
183726,0
183826,0
183926,0
184026,0
184126,0
184226,0
184326,0
184426,0
184526,0
184626,0
184726,0
184826,0
184926,0
185026,0
185126,0
185226,0
185326,0
185426,0
185526,0
185626,0
185726,0
185826,0
185935,0
186035,0
186135,0
186246,0
186346,0
186446,0
186546,0
186873,0
186973,0
187073,0
187173,0
187273,58
187373,68
187578,68
187678,63
187778,63
187878,58
187978,58
188078,63
188178,58
188278,63
188378,63
188478,63
188578,63
188678,63
188778,68
188878,63
188978,0
189078,0
189178,0
189278,0
189378,0
189478,0
189578,0
189678,0
189778,0
189878,0
189978,0
190078,0
190178,0
190278,0
190379,0
190479,0
190579,0
190679,0
190779,0
190892,0
191004,0
191104,0
191451,0
191551,0
191651,0
191751,0
191851,0
191951,0
192051,0
192151,0
192251,0
192351,0
192451,0
192656,0
192756,0
192856,0
192956,0
193056,0
193156,0
193256,0
193356,0
193456,0
193556,0
193656,0
193756,0
193856,0
193963,0
194063,0
194163,0
194263,0
194363,0
194463,0
194563,0
194663,0
194763,0
194863,0
194963,0
195063,0
195163,0
195263,0
195363,0
195470,0
195592,0
195692,0
196046,0
196146,0
196246,0
196346,0
196446,78
196546,78
196646,73
196746,73
196846,78
196946,78
197046,83
197146,78
197246,78
197346,78
197549,78
197649,73
197749,78
197849,78
197965,73
198064,78
198164,9
198264,0
198364,0
198464,0
198564,0
198664,0
198764,0
198864,0
198964,0
199064,0
199164,0
199264,0
199364,0
199464,0
199564,0
199664,0
199764,0
199864,0
199964,0
200065,0
200179,0
200279,0
200379,0
200737,0
200840,0
200940,0
201040,0
201259,518
201359,3005
201459,2971
201559,3040
201659,2903
201861,2839
201964,3035
202064,2956
202164,2991
202264,2996
202364,2976
202464,3015
202564,2893
202664,2966
202764,2913
202864,2810
202964,2820
203064,2878
203164,2976
203264,2952
203364,3000
203464,2996
203564,2986
203664,3005
203764,2927
203864,3000
203964,2971
204064,2991
204164,3000
204264,3025
204364,2996
204464,2976
204564,2869
204664,3000
204764,2952
204864,3015
204964,2937
205064,2952
205164,2878
205313,2981
205413,2898
205513,2810
205613,3020
205713,2976
205813,2883
205913,2966
206013,2869
206113,2996
206213,2961
206313,3025
206413,2913
206513,2976
206613,3005
206713,2903
206813,2971
206913,2908
207013,2883
207113,2986
207213,3015
207313,3010
207515,3010
207616,2996
207716,3010
207816,2937
207916,3020
208016,3005
208116,2966
208216,3020
208316,2932
208416,2878
208516,2864
208616,2815
208716,2869
208816,2996
208916,3025
209016,3010
209116,2991
209216,3000
209387,2966
209487,2991
209587,3005
209687,3005
209787,2805
209887,2976
209987,2952
210087,2917
210187,2981
210287,2976
210387,2971
210487,2986
210587,2981
210688,2981
210788,2952
210888,2849
210988,2996
211088,3020
211188,3015
211288,2829
211388,2976
211488,2976
211588,2932
211688,2996
211788,3030
211888,2849
211988,2961
212088,3035
212188,2937
212288,3025
212388,3010
212488,2996
212588,2864
212688,2883
212788,2947
212888,2864
212988,3040
213088,3044
213289,2947
213459,2966
213559,3005
213659,3020
213760,3020
213860,2956
213975,2976
214075,2996
214175,3020
214275,2986
214375,3010
214475,3015
214575,3025
214675,3020
214775,3020
214875,3025
214975,3015
215075,2932
215175,2966
215275,3020
215375,2869
215475,3025
215575,2893
215675,2849
215775,3000
215875,2825
215975,2932
216075,2961
216175,3025
216275,2981
216375,2991
216475,3000
216576,3005
216676,2981
216776,2986
216876,3020
216976,3040
217076,3010
217176,2961
217276,3035
217376,3035
217533,3040
217633,3025
217733,3005
217833,2966
217947,3010
218047,2981
218147,2820
218247,2966
218347,2917
218550,2927
218650,2903
218750,3010
218850,3015
218950,3040
219051,3025
219151,3010
219251,2942
219351,2795
219451,2976
219551,2956
219651,3000
219751,2966
219851,3005
219951,2937
220051,2917
220151,3005
220251,2888
220351,3015
220451,3000
220551,2917
220651,3010
220751,2976
220851,2859
220951,2927
221051,3005
221151,2991
221251,2981
221351,3015
221451,3020
221605,3020
221705,2966
221805,2839
221905,2937
222005,2903
222105,2961
222205,3005
222305,2976
222405,2878
222505,2971
222605,3005
222705,2991
222806,2996
222906,2986
223006,3015
223106,3049
223206,2849
223306,2844
223406,2898
223506,3059
223606,3020
223706,2991
223806,3049
223906,2971
224006,3088
224106,2873
226828,2849
227216,0
227483,0
227742,0
227993,0
228093,0
228193,0
228293,0
228393,0
228493,0
228593,0
228694,0
228794,0
228894,0
228994,0
229094,0
229194,0
229294,0
229394,0
229494,0
229594,0
229694,0
229794,0
229894,0
229994,0
230094,0
230194,0
230294,0
230394,0
230494,0
230594,0
230694,0
230794,0
230894,0
231026,0
231126,0
231226,0
231326,0
231426,0
231526,0
231626,0
231726,0
231928,0
232028,0
232128,0
232228,0
232328,0
232428,0
232528,0
232628,0
232728,0
232828,0
232928,0
233028,0
233128,0
233228,0
233328,0
233428,0
233528,0
233628,0
233728,0
233828,0
233928,0
234028,0
234128,0
234228,0
234328,0
234428,0
234528,0
234628,0
234728,0
234828,0
234928,0
235080,0
235180,0
235280,0
235380,0
235480,0
235580,0
235680,0
235780,0
235880,0
235980,0
236080,0
236180,0
236280,0
236380,0
236480,0
236580,0
236680,0
236780,0
236880,0
236980,0
237080,0
237180,0
237280,0
237380,0
237480,0
237580,0
237680,0
237885,0
237985,0
238085,0
238185,0
238285,0
238385,0
238485,0
238585,0
238685,0
238785,0
238885,0
238985,0
239133,0
239233,0
239344,0
239444,0
239544,0
239644,0
239744,0
239844,0
239944,0
240044,0
240144,0
240244,0
240344,0
240444,0
240544,0
240644,0
240744,0
240844,0
240944,0
241044,0
241144,0
241244,0
241344,0
241444,0
241544,0
241644,0
241744,0
241844,0
241944,0
242044,0
242144,0
242244,0
242344,0
242444,0
242544,0
242644,0
242744,0
242844,0
242944,0
243044,0
243198,0
243421,0
243521,0
243931,0
244034,0
244134,0
244234,0
244334,73
244434,83
244534,83
244634,78
244734,78
244834,83
244934,83
245035,83
245135,83
245235,87
245335,78
245435,78
245535,78
245635,83
245735,83
245835,83
245935,83
246035,83
246135,0
246235,0
246335,0
246435,0
246535,0
246635,0
246735,0
246843,0
246943,0
247043,0
247143,0
247243,0
247343,0
247443,0
247543,0
247643,0
247743,0
247843,0
247950,0
248066,0
248166,0
248692,0
248792,0
248892,0
248992,0
249206,503
249306,1104
249406,1143
249506,1138
249606,1153
249706,1143
249806,1109
249906,1124
250006,1109
250106,1148
250206,1089
250306,1133
250406,1109
250506,1133
250606,1119
250706,1143
250806,1138
250906,1138
251006,1143
251106,1119
251206,1133
251307,1153
251407,1129
251507,1133
251607,1070
251707,1114
251807,1138
251907,1133
252007,1070
252107,1138
252207,1124
252307,1143
252407,1138
252507,1148
252607,1129
252707,1153
252807,1138
252907,1153
253110,1153
253257,1104
253357,1114
253457,1065
253557,1143
253657,1133
253757,1143
253857,1148
253957,1129
254057,1133
254157,1143
254257,1148
254357,1085
254457,1133
254557,1143
254657,1148
254757,1148
254872,1124
254972,1138
255072,1124
255172,1148
255272,1085
255372,1138
255472,1143
255572,1124
255672,1114
255772,1109
255872,1143
255972,1148
256072,1143
256172,1143
256272,1143
256372,1143
256472,1148
256572,1089
256672,1143
256772,1119
256872,1104
256972,1114
257072,1099
257172,1148
257330,1129
257430,1119
257530,1129
257630,1133
257730,1143
257830,1089
257930,1080
258030,1143
258130,1138
258230,1153
258330,1148
258533,1148
258633,1104
258733,1153
258843,1133
258944,1104
259044,1080
259144,1138
259244,1099
259344,1133
259444,1133
259544,1099
259644,1148
259744,1153
259844,1138
259944,1109
260044,1143
260144,1089
260244,1143
260344,1138
260444,1089
260544,1138
260644,1114
260744,1124
260844,1138
260944,1138
261044,1143
261144,1129
261244,1094
261407,1129
261507,1138
261607,1133
261707,1138
261807,1138
261907,1138
262007,1138
262107,1119
262207,1133
262307,1089
262407,1070
262507,1138
262607,1114
262707,1119
262807,1129
262907,1094
263007,1148
263107,1148
263207,1114
263307,1148
263407,1114
263507,1143
263607,1148
263707,1129
263808,1124
263908,1153
264008,1148
264211,1148
264311,1129
264411,1129
264511,1138
264611,1104
264711,1089
264811,1109
264911,1119
265011,1143
265111,1080
265211,1138
265311,1153
265480,1163
265580,1138
265680,1124
265780,1143
265880,1143
265980,1085
266080,1104
266180,1094
266280,1133
266380,1129
266480,1080
266580,1114
266680,1148
266780,1133
266880,1109
266980,1119
267080,1138
267180,1124
267280,1138
267380,1133
267480,1143
267580,1129
267680,1138
267780,1133
267880,1114
267980,1119
268080,1124
268180,1138
268280,1094
268380,1133
268480,1109
268580,1148
268680,1089
268780,1148
268880,1094
268980,1124
269080,1158
269180,1129
269280,1143
269380,1099
269480,1138
269760,1143
269860,1148
269960,1143
270060,1148
270160,1119
270260,1089
270360,1133
270460,1153
270560,1143
270660,1099
270760,1129
270872,1148
270972,1158
271072,1080
271172,1109
271272,1148
271372,1104
271472,1099
271572,1089
271672,1148
271772,1148
271872,1114
271972,1089
272072,1094
272172,1080
272272,1114
272372,1133
272472,1138
272572,1138
272672,1094
272772,1094
272872,1085
272972,1133
273072,1099
273172,1138
273272,1148
273372,1138
273472,1133
273572,1143
273672,1129
273833,1148
273933,1133
274033,1133
274134,1114
274234,1138
274334,1104
274434,1099
274534,1133
274634,1138
274734,1119
274843,1148
274944,1119
275044,1133
275248,1133
275348,1133
275448,1129
275548,1109
275648,1099
275748,1070
275848,1138
275948,1129
276048,1153
276148,1143
276248,1080
276348,1099
276448,1114
276548,1129
276648,1089
276748,1094
276848,1119
276948,1129
277048,1109
277148,1143
277248,1119
277348,1133
277448,1124
277548,1138
277648,1129
277748,1109
277907,1133
278007,1133
278107,1124
278207,1138
278307,1080
278407,1099
278507,1080
278607,1099
278707,1138
278807,1104
278907,1114
279007,1133
279107,1104
279207,1124
279307,1094
279407,1138
279507,1109
279607,1124
279707,1114
279808,1133
279908,1114
280008,1109
280108,1119
280208,1119
280308,1119
280408,1119
280508,1119
280608,1099
280708,1085
280808,1133
281011,1133
283548,1094
283925,0
284175,0
284275,0
284375,0
284475,0
284575,0
284675,0
284775,0
284875,0
284975,0
285075,0
285175,0
285275,0
285375,0
285475,0
285575,0
285675,0
285775,0
285875,0
285975,0
286075,0
286175,0
286275,0
286375,0
286475,0
286575,0
286675,0
286775,0
286875,0
286976,0
287076,0
287176,0
287276,0
287376,0
287476,0
287576,0
287676,0
287776,0
287876,0
287976,0
288076,0
288176,0
288276,0
288479,0
288579,0
288679,0
288779,0
288879,0
288979,0
289079,0
289179,0
289280,0
289380,0
289480,0
289580,0
289680,0
289780,0
289880,0
289980,0
290080,0
290180,0
290280,0
290380,0
290480,0
290580,0
290680,0
290780,0
290880,0
290980,0
291080,0
291180,0
291280,0
291380,0
291480,0
291580,0
291680,0
291809,0
291909,0
292009,0
292109,0
292209,0
292310,0
292410,0
292510,0
292610,0
292710,0
292810,0
292910,0
293010,0
293110,0
293210,0
293310,0
293410,0
293510,0
293610,0
293710,0
293810,0
293910,0
294010,0
294110,0
294210,0
294412,0
294512,0
294612,0
294712,0
294812,0
294912,0
295012,0
295112,0
295212,0
295312,0
295412,0
295512,0
295612,0
295712,0
295861,0
295961,0
296067,0
296167,0
296267,0
296367,0
296467,0
296567,0
296667,0
296767,0
296867,0
296967,0
297067,0
297167,0
297267,0
297367,0
297467,0
297567,0
297667,0
297767,0
297867,0
297967,0
298067,0
298167,0
298267,0
298368,0
298468,0
298568,0
298668,0
298768,0
298868,0
298968,0
299068,0
299168,0
299268,0
299368,0
299468,0
299568,0
299668,0
299768,0
300114,0
300214,0
300314,0
300724,0
300824,0
300924,0
301024,0
301124,63
301224,63
301324,63
301424,53
301524,53
301624,48
301724,48
301824,43
301924,39
302024,39
302124,43
302224,43
302324,43
302424,39
302524,39
302624,39
302724,39
302824,4
302924,0
303024,0
303124,0
303224,0
303324,0
303424,0
303524,0
303624,0
303724,0
303824,0
303924,0
304024,0
304124,0
304224,0
304324,0
304424,0
304524,0
304624,0
304724,0
304836,0
305056,0
305156,0
305495,0
305595,0
305695,0
305795,0
305895,356
305995,410
306095,464
306195,474
306295,469
306395,449
306495,434
306595,459
306695,459
306795,449
306895,459
306995,464
307095,454
307195,444
307295,459
307395,444
307495,449
307595,459
307695,0
307795,0
307895,0
307995,0
308096,0
308196,0
308296,0
308396,0
308496,0
308596,0
308696,0
308796,0
308896,0
308996,0
309096,0
309196,0
309296,0
309396,0
309514,0
309628,0
309728,0
309949,0
310049,0
310149,0
310504,0
310604,0
310704,0
310804,0
310904,312
311004,303
311104,303
311204,293
311304,288
311404,283
311504,283
311604,268
311704,273
311804,268
311904,273
312004,278
312104,288
312204,273
312304,273
312404,273
312504,283
312604,268
312704,0
312804,0
312904,0
313004,0
313104,0
313204,0
313304,0
313404,0
313504,0
313604,0
313704,0
313804,0
313904,0
314004,0
314104,0
314204,0
314304,0
314404,0
314504,0
314606,0
314706,0
314909,0
315009,0
315109,0
315464,0
315564,0
315664,0
315764,0
315864,97
315964,107
316064,97
316164,107
316264,97
316364,107
316464,107
316564,107
316664,102
316764,102
316864,102
316964,102
317064,102
317164,102
317264,107
317364,102
317464,102
317564,107
317664,0
317764,0
317864,0
317964,0
318064,0
318164,0
318264,0
318364,0
318464,0
318564,0
318664,0
318764,0
318864,0
318964,0
319064,0
319164,0
319264,0
319364,0
319464,0
319589,0
319810,0
319910,0
320010,0
320110,0
320210,0
320310,0
320410,0
320510,0
320610,0
320884,0
320984,0
321084,0
321184,0
321284,0
321384,0
321484,0
321584,0
321684,0
321784,0
321884,0
321984,0
322084,0
322184,0
322284,0
322384,0
322484,0
322584,0
322684,0
322784,0
322884,0
322984,0
323084,0
323184,0
323284,0
323384,0
323484,0
323682,0
323782,0
323883,0
323983,0
324083,0
324183,0
324283,0
324383,0
324483,0
324583,0
324683,0
324783,0
324883,0
325086,0
325186,0
325286,0
325386,0
325646,0
325746,0
325846,0
325946,0
326046,0
326146,0
326246,0
326346,0
326446,0
326546,0
326646,0
326746,0
326846,0
326946,0
327046,0
327146,0
327246,0
327346,0
327446,0
327546,0
327646,0
327759,0
327859,0
327959,0
328059,0
328446,0
328546,0
328646,0
328747,0
328847,39
328947,39
329047,39
329147,39
329247,43
329347,43
329447,43
329547,43
329647,43
329747,43
329847,43
329947,43
330148,43
330248,43
330348,43
330655,43
330755,0
330855,0
330955,0
331055,0
331155,0
331255,0
331355,0
331455,0
331555,0
331655,0
331755,0
331855,0
331955,0
332055,0
332155,0
332255,0
332355,0
332464,0
332576,0
332676,0
333076,0
333176,0
333276,0
333376,0
333476,263
333576,259
333676,268
333776,249
333876,249
333976,249
334076,249
334176,234
334276,239
334376,249
334476,249
334576,254
334676,268
334776,254
334876,268
335086,268
335186,180
335286,0
335698,0
335734,0
335834,0
335934,0
336034,0
336134,0
336234,0
336334,0
336434,0
336534,0
336634,0
336734,0
336834,0
336934,0
337034,0
337159,0
337259,0
337359,0
337767,0
337867,0
337967,0
338067,0
338167,87
338267,102
338367,102
338467,102
338567,102
338667,92
338767,107
338867,102
338967,97
339067,102
339167,102
339267,107
339367,97
339467,102
339567,102
339667,102
339767,97
342303,97
342526,0
342626,0
342726,0
342827,0
342927,0
343027,0
343127,0
343227,0
343327,0
343427,0
343527,0
343627,0
343727,0
343827,0
343927,0
344027,0
344127,0
344227,0
344327,0
344427,0
344527,0
344627,0
344727,0
344827,0
344927,0
345027,0
345127,0
345227,0
345327,0
345427,0
345527,0
345627,0
345728,0
345828,0
345928,0
346028,0
346128,0
346228,0
346328,0
346428,0
346528,0
346664,0
346764,0
346864,0
346964,0
347064,0
347164,0
347264,0
347364,0
347464,0
347564,0
347664,0
347764,0
347966,0
348066,0
348166,0
348266,0
348600,0
348700,0
348800,0
348900,0
349000,0
349100,0
349200,0
349300,0
349400,0
349500,0
349600,0
349700,0
349800,0
349900,0
350000,0
350100,0
350200,0
350300,0
350400,0
350500,0
350600,0
350720,0
350820,0
350920,0
351020,0
351120,0
351220,0
351320,0
351420,0
351520,0
351620,0
351720,0
351820,0
351920,0
352020,0
352120,0
352220,0
352320,0
352420,0
352520,0
352620,0
352720,0
352820,0
352920,0
353219,0
353319,0
353419,0
353519,0
353619,0
353719,0
353928,0
354028,0
354128,0
354228,0
354328,0
354428,0
354528,0
354628,0
354775,0
354875,0
354975,0
355075,0
355175,0
355275,0
355375,0
355475,0
355575,0
355675,0
355775,0
355875,0
355975,0
356075,0
356175,0
356275,0
356375,0
356475,0
356575,0
356675,0
356775,0
356875,0
356975,0
357075,0
357175,0
357275,0
357376,0
357476,0
357576,0
357676,0
357776,0
357876,0
357976,0
358076,0
358176,0
358276,0
358376,0
358476,0
358576,0
358676,0
358843,0
358943,0
359043,0
359567,0
359672,0
359772,0
359872,0
359972,312
360072,327
360172,327
360272,342
360372,327
360472,332
360572,327
360672,322
360772,332
360872,327
360972,332
361072,342
361172,337
361272,327
361372,337
361472,332
361572,332
361672,58
361772,0
361872,0
361972,0
362072,0
362172,0
362272,0
362372,0
362472,0
362572,0
362672,0
362772,0
362872,0
362972,0
363072,0
363172,0
363272,0
363372,0
363472,0
363589,0
363709,0
363809,0
364341,0
364441,0
364541,0
364641,0
364741,249
364841,249
364941,273
365041,244
365142,244
365242,244
365342,244
365442,239
365542,239
365642,249
365742,234
365842,249
365942,263
366042,249
366142,249
366242,249
366342,263
366442,97
366542,0
366642,0
366742,0
366842,0
366942,0
367042,0
367142,0
367242,0
367342,0
367442,0
367542,0
367642,0
367742,0
367842,0
367942,0
368043,0
368143,0
368243,0
368360,0
368460,0
368560,0
368935,0
369159,0
369259,0
369359,434
369459,488
369647,503
369747,478
369847,488
369947,483
370048,498
370148,478
370248,483
370348,488
370448,483
370548,478
370648,483
370748,474
370848,454
370948,474
371048,474
371148,464
371248,469
371348,459
371448,483
371548,488
371648,478
371748,474
371848,478
371948,483
372048,474
372148,478
372248,483
372348,464
372448,478
372568,478
372668,478
372768,469
372868,474
372968,483
373068,459
373168,478
373268,483
373368,488
373570,488
373670,464
373770,483
373870,474
373970,478
374070,474
374170,483
374270,483
374370,483
374470,483
374571,483
374671,483
374771,459
374871,464
374971,469
375071,474
375171,469
375271,474
375371,469
375471,469
375571,483
375671,483
375771,483
375871,469
375971,483
376071,478
376171,469
376271,454
376371,478
376471,478
376602,469
376702,478
376811,464
376911,459
377348,478
377448,474
377548,483
377648,464
377748,0
377848,0
377948,0
378048,0
378148,0
378248,0
378348,0
378448,0
378548,0
378648,0
378748,0
378950,0
379051,0
379151,0
379251,0
379351,0
379451,0
379810,0
379848,0
379948,0
380048,0
380148,0
380248,0
380348,0
380448,0
380548,0
380648,0
380748,0
380848,0
380948,0
381048,0
381148,0
381248,0
381348,0
381460,0
381560,0
381948,0
382048,0
382148,0
382248,0
382348,303
382448,347
382548,347
382648,337
382748,342
382848,342
382948,332
383048,351
383148,337
383248,332
383348,322
383448,337
383548,327
383648,317
383868,317
383953,337
384053,327
384153,0
384253,0
384516,0
384616,0
384716,0
384816,0
384916,0
385016,0
385116,0
385216,0
385316,0
385416,0
385516,0
385616,0
385716,0
385816,0
385916,0
386033,0
386134,0
386234,0
386334,0
386434,0
386534,0
386969,0
387069,0
387169,0
387269,0
387369,239
387469,244
387569,249
387670,244
387770,249
387870,244
387970,254
388070,249
388170,249
388270,249
388370,244
388470,239
388570,254
388670,244
389117,244
389217,0
389317,0
389417,0
389517,0
389617,0
389718,0
389818,0
389918,0
390018,0
390118,0
390218,0
390318,0
390418,0
390518,0
390618,0
390718,0
390818,0
390918,0
391053,0
391153,0
391254,0
391354,0
391454,0
391852,0
391952,0
392052,0
392152,0
392252,430
392516,503
392616,474
392716,488
392816,483
392916,478
393016,478
393221,478
393321,469
393421,478
393521,464
393621,483
393721,454
393821,483
393921,483
394021,464
394121,454
394221,459
394321,464
394421,483
394521,474
394621,478
394721,483
394821,478
394921,483
395021,483
395121,478
395222,454
395322,464
395422,474
395522,469
395622,478
395722,459
395822,469
395932,474
396032,469
396132,459
396232,474
396332,439
396432,488
396532,464
396632,474
396732,474
396832,478
396932,483
397032,483
397132,464
397232,483
400029,488
400129,0
400229,0
400329,0
400429,0
400529,0
400629,0
400729,0
400829,0
401033,0
401133,0
401233,0
401333,0
401433,0
401533,0
401633,0
401733,0
401833,0
402100,0
402200,0
402300,0
402400,0
402500,0
402600,0
402700,0
402800,0
402900,0
403000,0
403100,0
403200,0
403300,0
403400,0
403500,0
403600,0
403700,0
403800,0
403900,0
404000,0
404100,0
404200,0
404300,0
404400,0
404500,0
404600,0
404700,0
404800,0
404900,0
405000,0
405100,0
405200,0
405300,0
405400,0
405500,0
405600,0
405700,0
405800,0
405900,0
406000,0
406100,0
406200,0
406300,0
406400,0
406500,0
406600,0
406700,0
407134,0
407234,0
407334,0
407434,0
407534,0
407634,0
407734,0
407834,0
407934,0
408034,0
408134,0
408235,0
408335,0
408435,0
408535,0
408635,0
408735,0
408835,0
408935,0
409035,0
409135,0
409235,0
409335,0
409435,0
409535,0
409635,0
409735,0
409835,0
409935,0
410035,0
410135,0
410235,0
410335,0
410435,0
410535,0
410635,0
410735,0
410835,0
410935,0
411035,0
411136,0
411236,0
411336,0
411436,0
411536,0
411636,0
411736,0
411984,0
412084,0
412184,0
412290,0
412491,0
412591,0
412691,0
412791,0
412891,0
412991,0
413091,0
413191,0
413291,0
413391,0
413491,0
413591,0
413691,0
413791,0
413891,0
413991,0
414091,0
414191,0
414291,0
414391,0
414491,0
414592,0
414692,0
414792,0
414892,0
414992,0
415092,0
415192,0
415292,0
415392,0
415492,0
415592,0
415692,0
415792,0
415892,0
415992,0
416092,0
416192,0
416357,0
416457,0
416557,0
416887,0
416987,0
417087,0
417187,0
417632,503
417732,488
417832,503
417932,498
418032,503
418132,474
418232,488
418332,508
418432,498
418532,498
418632,503
418732,503
418832,508
418932,474
419032,469
419132,488
419232,493
419332,474
419432,469
419532,483
419632,503
419732,498
419832,498
419932,498
420044,503
420144,498
420244,483
420344,503
420459,508
420559,498
420659,503
420759,498
420859,474
420959,474
421059,474
421159,503
421259,493
421359,493
421459,474
421559,483
421659,464
421760,503
421860,498
421960,498
422060,503
422160,503
422260,503
422467,503
422567,483
422667,498
422767,503
422867,483
422967,508
423067,503
423168,503
423268,483
423368,498
423468,474
423568,493
423668,483
423768,478
423868,503
423968,503
424073,498
424173,503
424273,464
424373,508
424496,469
424596,508
424965,483
425182,503
425282,503
425382,566
425482,562
425582,566
425682,566
425782,127
425882,131
425982,131
426082,136
426182,136
426283,131
426383,127
426483,127
426583,127
426683,122
426887,127
426987,127
427087,131
427187,122
427287,131
427387,131
427487,127
427587,131
427687,131
427787,127
427887,127
427987,122
428087,127
428187,131
428288,131
428388,131
428488,122
428601,127
428701,127
428801,127
428901,136
429001,127
429101,131
429201,136
429301,131
429401,131
429501,136
429601,136
429701,131
429801,127
429901,131
430001,136
430101,127
430201,127
430301,131
430401,122
430501,131
430601,136
430701,131
430801,131
430901,107
431001,102
431101,97
431201,107
431301,112
431401,112
431501,117
431601,107
431702,112
431802,112
431902,112
432002,117
432102,112
432202,112
432404,112
432504,112
432638,112
432738,107
432838,122
432939,127
433306,127
433406,0
433506,0
433606,0
433707,112
433807,117
433907,117
434007,112
434107,112
434207,112
434307,107
434407,107
434507,107
434607,107
434707,107
434807,107
434907,107
435007,107
435107,107
435207,107
435307,107
435407,107
435507,0
435607,0
435707,0
435807,0
435907,0
436007,0
436107,0
436207,0
436307,0
436407,0
436507,0
436608,0
436708,0
437038,0
437138,0
437238,0
437576,0
437676,0
437776,0
437876,0
437976,0
438336,0
438436,0
438536,0
438636,0
438887,503
438987,503
439087,503
439187,498
439287,469
439387,498
439487,488
439587,503
439687,469
439787,483
439887,469
439987,478
440087,493
440187,488
440287,488
440387,498
440487,498
440587,493
440687,464
440787,498
440887,498
440987,498
441088,493
441188,493
441288,474
441388,498
441488,503
441645,488
441868,478
441968,493
442068,469
442168,474
442268,474
442368,498
442468,478
442568,469
442668,493
442768,483
442868,493
442968,498
443068,498
443168,483
443268,503
443368,493
443468,503
443568,474
443668,498
443768,503
443868,508
443968,498
444075,503
444175,493
444275,498
444375,498
444475,498
444575,503
444675,474
444775,498
444875,483
445130,488
445230,469
445330,493
445430,483
445530,498
445630,498
445744,503
445844,464
445944,488
446351,503
446725,503
446842,503
446942,478
447042,0
447142,0
447242,0
447342,0
447442,0
447542,0
447642,0
447742,0
447842,0
447942,0
448045,0
448145,0
448245,0
448345,0
448445,0
448545,0
448645,0
448745,0
448845,0
448945,0
449045,0
449145,0
449245,0
449345,0
449445,0
449545,0
449645,0
449782,0
449882,0
449982,0
450082,0
450182,0
450282,0
450382,0
450482,0
450582,0
450682,0
450782,0
450882,0
450982,0
451082,0
451182,0
451282,0
451382,0
451482,0
451686,0
451786,0
451886,0
451986,0
452086,0
452186,0
452286,0
452386,0
452486,0
452586,0
452686,0
452786,0
452886,0
452986,0
453086,0
453186,0
453458,0
453558,0
453658,0
453758,0
453858,0
453958,0
454059,0
454159,0
454535,0
454635,0
454735,0
454835,0
454935,127
455035,131
455135,136
455235,127
455335,127
455435,127
455535,127
455635,122
455735,127
455835,127
455936,127
456044,122
456144,136
456244,131
456344,136
458882,136
459339,0
459439,0
459539,0
459639,0
459739,0
459839,0
459939,0
460039,0
460139,0
460239,0
460339,0
460439,0
460539,0
460639,0
460739,0
460839,0
460939,0
461039,0
461139,0
461239,0
461339,0
461440,0
461540,0
461640,0
461740,0
461840,0
461940,0
462040,0
462140,0
462240,0
462340,0
462440,0
462540,0
462640,0
462740,0
462840,0
462940,0
463040,0
463140,0
463240,0
463340,0
463466,0
463566,0
463666,0
463766,0
463866,0
463966,0
464066,0
464166,0
464266,0
464366,0
464466,0
464566,0
464770,0
464870,0
464970,0
465070,0
465170,0
465270,0
465370,0
465470,0
465570,0
465670,0
465770,0
465870,0
465970,0
466070,0
466170,0
466492,0
466592,0
466692,0
466792,0
466892,0
466992,0
467092,0
467192,0
467292,0
467392,0
467521,0
467621,0
467721,0
467821,0
467921,0
468021,0
468121,0
468221,0
468321,0
468421,0
468521,0
468621,0
468721,0
468822,0
468922,0
469022,0
469122,0
469222,0
469322,0
469422,0
469522,0
469622,0
469722,0
469822,0
469922,0
470022,0
470122,0
470222,0
470322,0
470422,0
470522,0
470726,0
470827,0
470927,0
471027,0
471127,0
471227,0
471327,0
471427,0
471588,0
471688,0
472113,0
472208,0
472308,0
472408,0
472508,395
472608,430
472708,439
472808,410
472908,420
473008,434
473108,434
473208,439
473308,444
473408,430
473508,439
473608,439
473708,434
473808,439
473908,415
474008,430
474108,420
474208,29
474308,0
474408,0
474508,0
474608,0
474708,0
474808,0
474908,0
475008,0
475108,0
475208,0
475308,0
475408,0
475508,0
475711,0
475811,0
475911,0
476011,0
476149,0
476249,0
476349,0
476449,0
476794,0
476894,0
476994,0
477094,0
477194,342
477294,381
477394,386
477494,376
477594,376
477694,366
477794,366
477894,371
477995,371
478095,356
478195,371
478295,366
478395,376
478495,371
478595,366
478695,361
478795,351
478895,141
478995,0
479095,0
479195,0
479295,0
479395,0
479495,0
479595,0
479695,0
479795,0
479895,0
479995,0
480095,0
480195,0
480295,0
480395,0
480599,0
480699,0
480812,0
480924,0
481024,0
481124,0
481543,0
481643,0
481743,0
481843,0
482050,522
482150,2883
482250,2883
482350,3201
482450,2624
482550,2414
482650,3235
482750,3157
482850,2893
482950,2898
483050,2541
483150,2497
483250,2556
483350,3299
483450,2468
483550,2893
483650,3113
483750,2517
483850,2898
483950,2414
484050,3264
484156,2986
484256,2551
484356,2737
484456,2864
484556,2722
484656,2893
484856,2971
484956,2810
485056,2404
485156,3260
485256,3250
485356,2771
485456,3103
485556,3181
485656,3279
485756,2986
485856,3240
485956,2492
486102,2609
486202,3206
486302,3167
486402,2443
486502,2776
486602,3186
486702,2776
486802,3269
486902,2839
487002,2942
487102,2688
487202,2898
487302,2927
487402,2810
487502,3235
487602,3274
487702,2629
487802,3157
487902,2429
488002,2854
488102,3304
488202,2820
488302,3220
488402,3318
488502,2781
488602,3304
488702,2996
488802,2634
488902,3088
489003,2913
489103,2751
489203,2815
489303,3196
489403,3030
489503,2546
489603,2815
489703,2546
489803,2766
489903,2781
490003,2927
490173,3049
490395,3137
490496,3030
490596,2683
490696,3220
490796,2878
490896,3206
490996,2678
491096,2693
491196,2908
491296,2776
491396,2512
491496,2864
491596,2976
491696,2712
491796,3294
491896,2614
491996,3074
492096,3308
492196,3284
492296,3123
492396,2942
492496,3059
492596,3294
492696,3030
492796,2956
492896,2663
492996,2849
493096,3167
493196,3181
493296,2834
493396,2727
493496,2453
493596,2502
493696,2893
493796,3206
493896,2756
493996,2463
494096,2991
494244,2942
494344,2697
494444,3059
494544,2991
494644,2468
494744,2942
494844,2766
494944,3123
495044,2634
495144,3157
495244,2737
495344,3255
495444,2551
495544,2355
495644,2732
495744,2834
495844,3323
496048,2448
496166,2360
496266,3235
496366,3323
496466,3142
496566,3079
496666,3088
496766,3108
496866,3318
496966,2414
497067,2966
497167,3118
497267,3269
497367,2771
497467,2893
497567,3128
497667,3084
497767,2595
497867,2937
497967,2844
498067,2785
498167,2800
498319,2693
498419,3289
498519,2644
498619,2448
498719,3279
498819,2526
498919,2360
499019,3308
499119,2869
499219,3274
499319,3220
499419,2570
499519,3284
499619,3162
499719,3054
499819,2771
499919,3172
500019,2419
500119,2663
500219,2609
500319,2605
500419,3132
500519,3260
500619,2800
500719,2927
500819,2727
500919,2795
501019,2795
501120,3206
501220,3132
501320,2370
501420,3176
501623,3235
501723,3118
501823,3157
501923,3113
502023,3240
502123,2468
502223,2810
502387,2971
502487,3216
502587,2800
502687,3176
502787,2961
502887,2756
502987,2869
503087,2316
503187,2947
503287,2746
503387,2751
503487,2903
503587,3328
503687,3304
503787,2663
503887,3059
503987,2575
504087,3069
504187,2512
504287,3191
504387,3137
504487,3323
504587,2825
504687,3084
504787,3260
504887,3323
504987,3313
505088,2556
505188,3118
505288,2531
505388,3176
505488,3245
505588,3240
505688,3025
505788,3176
505888,2717
505988,3304
506088,3176
506188,2932
506288,2282
506459,2697
506559,3255
506659,2761
506759,2922
506859,2781
507061,2869
507161,2668
507261,3172
507361,2898
507461,3123
507561,2947
507661,3162
507761,2956
507862,3289
507962,2937
508062,3103
508162,2756
508262,3211
508362,3123
508462,3074
508562,2898
508662,2942
508762,2869
508862,2991
508962,2903
509062,3245
509162,3216
509262,2707
509362,3245
509462,3157
509562,2482
509662,2927
509762,3103
509862,3235
509962,2825
510062,2653
510162,3235
510262,3108
510362,3015
510526,2996
510626,2668
510726,2341
510826,2341
510926,2869
511026,2609
511126,2605
511226,2434
511326,3206
511426,3128
511526,2785
511626,3240
511726,2350
511826,3313
511926,3216
512026,3181
512126,3338
512226,2556
512326,2864
512427,2482
512527,3260
512730,3304
512830,3304
512930,2497
513030,2595
513130,2844
513230,2580
513330,2810
513430,2761
513530,3333
513630,2922
513730,2678
513830,3147
513930,3216
514030,2517
514130,2800
514230,3088
514330,3049
514430,2526
514595,2526
514695,2707
514795,2986
517379,2448
517710,0
517969,0
518220,0
518320,0
518420,0
518520,0
518620,0
518720,0
518820,0
518920,0
519020,0
519120,0
519220,0
519320,0
519420,0
519520,0
519620,0
519720,0
519820,0
519920,0
520020,0
520120,0
520220,0
520423,0
520523,0
520623,0
520723,0
520823,0
520923,0
521023,0
521123,0
521223,0
521323,0
521423,0
521528,0
521628,0
521728,0
521828,0
521928,0
522028,0
522128,0
522228,0
522328,0
522428,0
522528,0
522628,0
522728,0
522828,0
522928,0
523028,0
523128,0
523228,0
523328,0
523428,0
523528,0
523628,0
523728,0
523828,0
523928,0
524028,0
524128,0
524228,0
524328,0
524428,0
524528,0
524628,0
524728,0
524828,0
524928,0
525028,0
525128,0
525228,0
525328,0
525428,0
525528,0
525628,0
525728,0
525828,0
526030,0
526130,0
526230,0
526330,0
526430,0
526530,0
526630,0
526730,0
526830,0
526930,0
527030,0
527130,0
527230,0
527330,0
527430,0
527531,0
527631,0
527731,0
527831,0
527931,0
528031,0
528131,0
528231,0
528331,0
528431,0
528531,0
528631,0
528731,0
528831,0
528931,0
529031,0
529131,0
529231,0
529331,0
529431,0
529531,0
529652,0
529752,0
529852,0
529952,0
530052,0
530152,0
530252,0
530352,0
530452,0
530552,0
530652,0
530752,0
530852,0
530952,0
531052,0
531152,0
531252,0
531352,0
531452,0
531552,0
531652,0
531854,0
531954,0
532054,0
532154,0
532254,0
532354,0
532454,0
532554,0
532654,0
532754,0
532854,0
532954,0
533054,0
533154,0
533254,0
533354,0
533454,0
533554,0
533721,0
533821,0
533921,0
534247,0
534347,0
534447,0
534547,0
534647,303
534747,307
534847,317
534947,317
535047,322
535147,317
535247,317
535347,317
535447,298
535547,259
535647,239
535747,263
535847,273
535947,254
536047,263
536147,259
536247,273
536347,127
536448,0
536548,0
536648,0
536748,0
536949,0
537049,0
537149,0
537249,0
537349,0
537449,0
537549,0
537649,0
537749,0
537849,0
537949,0
538049,0
538149,0
538265,0
538378,0
538478,0
538830,0
538930,0
539030,0
539130,0
539334,513
539435,1373
539535,1378
539635,1378
539735,1402
539835,1324
539935,1339
540035,1348
540135,1358
540235,1260
540335,1348
540435,1378
540535,1388
540635,1388
540735,1363
540835,1368
540935,1334
541139,1334
541239,1378
541339,1353
541440,1348
541540,1392
541640,1363
541740,1339
541840,1383
541940,1388
542040,1397
542140,1300
542240,1329
542340,1378
542440,1373
542540,1383
542640,1348
542740,1373
542840,1368
542940,1353
543040,1358
543140,1344
543240,1334
543387,1378
543488,1358
543588,1309
543688,1373
543788,1358
543888,1373
543988,1368
544088,1397
544188,1388
544288,1353
544388,1353
544488,1358
544588,1368
544688,1363
544788,1383
544888,1388
544988,1378
545088,1378
545188,1319
545288,1383
545394,1383
545494,1378
545594,1392
545694,1348
545794,1427
545894,1383
545994,1392
546094,1412
546194,1290
546294,1392
546394,1392
546494,1373
546594,1329
546796,1334
546896,1363
546996,1368
547096,1344
547196,1300
547296,1334
547460,1388
547560,1329
547660,1397
547760,1358
547860,1319
547960,1363
548060,1304
548160,1353
548260,1383
548360,1334
548460,1388
548560,1383
548660,1373
548760,1378
548860,1368
548960,1329
549060,1392
549160,1304
549260,1363
549360,1402
549460,1353
549560,1378
549660,1348
549760,1397
549860,1373
549960,1397
550060,1373
550160,1378
550260,1358
550360,1353
550460,1378
550560,1344
550660,1388
550760,1358
550860,1397
550960,1300
551060,1402
551160,1412
551260,1373
551360,1314
551530,1378
551629,1383
551729,1392
551829,1388
551929,1383
552029,1358
552232,1358
552332,1373
552432,1290
552532,1392
552632,1358
552732,1392
552832,1392
552932,1373
553032,1319
553132,1392
553232,1319
553332,1358
553432,1358
553532,1378
553632,1383
553732,1392
553832,1373
553932,1358
554032,1388
554132,1324
554232,1314
554332,1392
554432,1309
554532,1397
554632,1388
554732,1300
554832,1300
554932,1300
555032,1300
555132,1344
555232,1358
555332,1368
555432,1373
555598,1383
555698,1378
555798,1368
555898,1295
555998,1378
556098,1373
556198,1397
556298,1353
556398,1383
556498,1378
556598,1339
556698,1373
556798,1300
556898,1344
556998,1407
557099,1368
557199,1383
557299,1295
557399,1348
557499,1348
557599,1368
557800,1368
557900,1392
558000,1368
558100,1270
558200,1378
558300,1348
558400,1358
558500,1402
558600,1344
558700,1397
558800,1353
558900,1368
559000,1353
559100,1353
559200,1402
559300,1407
559400,1383
559500,1329
559669,1392
559769,1334
559869,1348
559969,1388
560069,1388
560169,1344
560269,1402
560369,1304
560470,1348
560570,1378
560670,1392
560770,1373
560870,1373
560970,1363
561070,1368
561170,1373
561270,1368
561370,1348
561470,1314
561570,1392
561670,1368
561770,1392
561870,1363
561970,1348
562070,1383
562170,1368
562270,1383
562370,1348
562470,1378
562570,1407
562670,1353
562770,1378
562870,1383
562970,1388
563070,1344
563170,1368
563270,1334
563371,1388
563471,1353
563746,1353
563846,1368
563946,1358
564046,1383
564146,1309
564246,1383
564346,1392
564446,1392
564546,1353
564646,1378
564746,1353
564846,1358
564946,1392
565046,1368
565146,1300
565246,1314
565346,1319
565446,1295
565547,1378
565647,1392
565747,1378
565847,1314
565947,1383
566047,1363
566147,1353
566247,1348
566347,1368
566447,1373
566547,1319
566647,1358
566747,1348
566847,1319
566947,1392
567047,1363
567147,1290
567247,1358
567347,1314
567447,1295
567547,1324
567647,1344
567818,1363
567918,1363
568018,1383
568118,1383
568218,1300
568318,1368
568418,1378
568518,1392
568619,1344
568719,1353
568819,1397
569022,1397
569122,1378
569222,1373
569322,1358
569432,1383
569532,1397
569632,1373
569732,1285
569832,1383
569932,1344
570032,1388
570132,1373
570232,1358
570332,1353
570432,1344
570532,1309
570632,1300
570732,1344
570832,1304
570932,1329
571032,1275
571132,1363
571232,1348
571332,1373
571432,1256
571532,1300
571632,1373
571732,1392
571891,1373
571991,1368
572091,1348
572191,1285
572291,1363
572391,1314
572491,1368
572591,1344
572691,1348
572791,1334
572891,1373
572991,1329
573091,1373
573191,1344
573291,1378
573404,1344
573504,1348
573604,1324
573704,1353
573804,1285
576364,1363
576921,0
577171,0
577271,0
577371,0
577471,0
577571,0
577671,0
577771,0
577871,0
577971,0
578071,0
578171,0
578271,0
578371,0
578471,0
578571,0
578671,0
578771,0
578871,0
578971,0
579072,0
579172,0
579272,0
579372,0
579472,0
579572,0
579672,0
579772,0
579872,0
579972,0
580072,0
580172,0
580272,0
580372,0
580472,0
580572,0
580672,0
580772,0
580872,0
580972,0
581072,0
581172,0
581272,0
581372,0
581472,0
581572,0
581672,0
581772,0
581872,0
581972,0
582072,0
582172,0
582374,0
582474,0
582574,0
582674,0
582774,0
582874,0
582974,0
583074,0
583174,0
583274,0
583374,0
583474,0
583574,0
583674,0
583774,0
583874,0
583974,0
584074,0
584174,0
584274,0
584374,0
584474,0
584574,0
584674,0
584803,0
584903,0
585003,0
585103,0
585203,0
585303,0
585403,0
585503,0
585603,0
585703,0
585803,0
585903,0
586003,0
586103,0
586203,0
586303,0
586403,0
586503,0
586603,0
586703,0
586803,0
586903,0
587003,0
587103,0
587203,0
587303,0
587403,0
587503,0
587603,0
587703,0
587803,0
587904,0
588004,0
588104,0
588307,0
588407,0
588507,0
588607,0
588707,0
588857,0
