DELAY_PING:6000 RSSI_THRESHOLD:70
20139,0,0
20239,0,0
20339,0,0
20439,0,0
20539,0,0
20639,0,0
20739,0,0
20839,0,0
20939,0,0
21039,0,0
21139,0,0
21239,0,0
21339,0,0
21439,0,0
21539,0,0
21639,0,0
21739,0,0
21839,0,0
21939,0,0
22039,0,0
22127,0,0
22227,0,0
22327,0,0
22427,0,0
22527,0,0
22627,0,0
22727,0,0
22827,0,0
22927,0,0
23027,0,0
23127,0,0
23227,0,0
23327,0,0
23427,0,0
23527,0,0
23627,0,0
23727,0,0
23827,0,0
23927,0,0
24066,1,1
24128,1,1
24228,1,1
24328,1,1
24428,1,1
24528,1,1
24628,1,1
24729,1,1
24829,1,1
24929,1,1
25029,1,1
25129,1,1
25229,1,1
25329,1,1
25429,1,1
25529,1,1
25629,1,1
25729,1,1
25829,1,1
25929,1,1
26077,1,1
26177,1,1
26277,1,1
26377,1,1
26477,1,1
26577,1,1
26677,1,1
26777,1,1
26877,1,1
26977,1,1
27077,1,1
27177,1,1
27277,1,1
27377,1,1
27477,1,1
27577,1,1
27677,1,1
27777,1,1
27877,1,1
27977,1,1
28076,1,1
28176,1,1
28276,1,1
28376,1,1
28476,1,1
28576,1,1
28676,1,1
28776,1,1
28876,1,1
28976,1,1
29076,1,1
29176,1,1
29276,1,1
29376,1,1
29476,1,1
29576,1,1
29676,1,1
29776,1,1
29876,1,1
29976,1,1
30069,1,1
30169,1,1
30269,1,1
30369,1,1
30469,1,1
30569,1,1
30669,1,1
30769,1,1
30869,1,1
30969,1,1
31069,1,1
31169,1,1
31269,1,1
31369,1,1
31469,1,1
31569,1,1
31669,1,1
31769,1,1
31869,1,1
31969,1,1
32072,1,1
32172,1,1
32272,1,1
32372,1,1
32472,1,1
32572,1,1
32672,1,1
32772,1,1
32872,1,1
32972,1,1
33072,1,1
33172,1,1
33272,1,1
33372,1,1
33472,1,1
33572,1,1
33672,1,1
33772,1,1
33872,1,1
33972,1,1
34073,1,1
34173,1,1
34273,1,1
34373,1,1
34473,1,1
34573,1,1
34673,1,1
34773,1,1
34873,1,1
34973,1,1
35073,1,1
35173,1,1
35273,1,1
35373,1,1
35473,1,1
35573,1,1
35673,1,1
35773,1,1
35873,1,1
35973,1,1
36066,1,1
36166,1,1
36266,1,1
36366,1,1
36466,1,1
36566,1,1
36666,1,1
36766,1,1
36866,1,1
36966,1,1
37066,1,1
37166,1,1
37266,1,1
37366,1,1
37466,1,1
37566,1,1
37666,1,1
37766,1,1
37866,1,1
37966,1,1
38073,1,1
38173,1,1
38273,1,1
38373,1,1
38473,1,1
38573,1,1
38673,1,1
38773,1,1
38873,1,1
38973,1,1
39073,1,1
39173,1,1
39273,1,1
39373,1,1
39473,1,1
39573,1,1
39673,1,1
39773,1,1
39873,1,1
39973,1,1
40072,1,1
40172,1,1
40272,1,1
40372,1,1
40472,1,1
40572,1,1
40672,1,1
40772,1,1
40872,1,1
40972,1,1
41072,1,1
41172,1,1
41272,1,1
41372,1,1
41472,1,1
41572,1,1
41672,1,1
41772,1,1
41872,1,1
41972,1,1
42065,1,1
42165,1,1
42265,1,1
42365,1,1
42465,1,1
42565,1,1
42665,1,1
42765,1,1
42865,1,1
42965,1,1
43065,1,1
43165,1,1
43265,1,1
43365,1,1
43465,1,1
43565,1,1
43665,1,1
43765,1,1
43865,1,1
43965,1,1
44071,1,1
44171,1,1
44271,1,1
44371,1,1
44471,1,1
44571,1,1
44671,1,1
44771,1,1
44871,1,1
44971,1,1
45071,1,1
45171,1,1
45271,1,1
45371,1,1
45471,1,1
45571,1,1
45671,1,1
45771,1,1
45871,1,1
45971,1,1
46070,1,1
46170,1,1
46270,1,1
46370,1,1
46470,1,1
46570,1,1
46670,1,1
46770,1,1
46870,1,1
46970,1,1
47070,1,1
47170,1,1
47270,1,1
47370,1,1
47470,1,1
47570,1,1
47670,1,1
47770,1,1
47870,1,1
47970,1,1
48063,1,1
48163,1,1
48263,1,1
48363,1,1
48463,1,1
48563,1,1
48663,1,1
48763,1,1
48863,1,1
48963,1,1
49063,1,1
49163,1,1
49263,1,1
49363,1,1
49463,1,1
49563,1,1
49663,1,1
49763,1,1
49863,1,1
49963,1,1
50067,1,1
50167,1,1
50267,1,1
50367,1,1
50467,1,1
50567,1,1
50667,1,1
50767,1,1
50867,1,1
50967,1,1
51067,1,1
51167,1,1
51267,1,1
51367,1,1
51467,1,1
51567,1,1
51667,1,1
51767,1,1
51867,1,1
51967,1,1
52067,1,1
52167,1,1
52267,1,1
52367,1,1
52467,1,1
52567,1,1
52667,1,1
52767,1,1
52867,1,1
52967,1,1
53067,1,1
53167,1,1
53267,1,1
53367,1,1
53467,1,1
53567,1,1
53667,1,1
53767,1,1
53867,1,1
53967,1,1
54057,1,1
54157,1,1
54257,1,1
54357,1,1
54457,1,1
54557,1,1
54657,1,1
54757,1,1
54857,1,1
54957,1,1
55057,1,1
55157,1,1
55257,1,1
55357,1,1
55457,1,1
55557,1,1
55657,1,1
55757,1,1
55857,1,1
55957,1,1
56065,1,1
56165,1,1
56265,1,1
56365,1,1
56465,1,1
56565,1,1
56665,1,1
56765,1,1
56865,1,1
56965,1,1
57065,1,1
57165,1,1
57265,1,1
57365,1,1
57465,1,1
57565,1,1
57665,1,1
57765,1,1
57865,1,1
57965,1,1
58065,1,1
58165,1,1
58265,1,1
58365,1,1
58465,1,1
58565,1,1
58665,1,1
58765,1,1
58865,1,1
58965,1,1
59065,1,1
59165,1,1
59265,1,1
59365,1,1
59465,1,1
59565,1,1
59665,1,1
59765,1,1
59865,1,1
59965,1,1
60055,1,1
60155,1,1
60255,1,1
60355,1,1
60455,1,1
60555,1,1
60655,1,1
60755,1,1
60855,1,1
60955,1,1
61055,1,1
61155,1,1
61255,1,1
61355,1,1
61455,1,1
61555,1,1
61655,1,1
61755,1,1
61855,1,1
61955,1,1
62064,1,1
62164,1,1
62264,1,1
62364,1,1
62464,1,1
62564,1,1
62664,1,1
62764,1,1
62864,1,1
62964,1,1
63064,1,1
63164,1,1
63264,1,1
63364,1,1
63464,1,1
63564,1,1
63664,1,1
63764,1,1
63864,1,1
63964,1,1
64064,1,1
64164,1,1
64264,1,1
64364,1,1
64464,1,1
64564,1,1
64664,1,1
64764,1,1
64864,1,1
64964,1,1
65064,1,1
65164,1,1
65264,1,1
65364,1,1
65464,1,1
65564,1,1
65664,1,1
65764,1,1
65864,1,1
65964,1,1
66054,1,1
66154,1,1
66254,1,1
66354,1,1
66454,1,1
66554,1,1
66654,1,1
66754,1,1
66854,1,1
66954,1,1
67054,1,1
67154,1,1
67254,1,1
67354,1,1
67454,1,1
67554,1,1
67654,1,1
67754,1,1
67854,1,1
67954,1,1
68061,1,1
68161,1,1
68261,1,1
68361,1,1
68461,1,1
68561,1,1
68661,1,1
68761,1,1
68861,1,1
68961,1,1
69061,1,1
69161,1,1
69261,1,1
69361,1,1
69461,1,1
69561,1,1
69661,1,1
69761,1,1
69861,1,1
69961,1,1
70057,1,1
70157,1,1
70257,1,1
70357,1,1
70457,1,1
70557,1,1
70657,1,1
70757,1,1
70857,1,1
70957,1,1
71057,1,1
71157,1,1
71257,1,1
71357,1,1
71457,1,1
71557,1,1
71657,1,1
71757,1,1
71857,1,1
71957,1,1
72051,1,1
72151,1,1
72251,1,1
72351,1,1
72451,1,1
72551,1,1
72651,1,1
72751,1,1
72851,1,1
72951,1,1
73051,1,1
73151,1,1
73251,1,1
73351,1,1
73451,1,1
73551,1,1
73651,1,1
73751,1,1
73851,1,1
73951,1,1
74059,1,1
74159,1,1
74259,1,1
74359,1,1
74459,1,1
74559,1,1
74659,1,1
74759,1,1
74859,1,1
74959,1,1
75059,1,1
75159,1,1
75259,1,1
75359,1,1
75459,1,1
75559,1,1
75659,1,1
75759,1,1
75859,1,1
75959,1,1
76058,1,1
76158,1,1
76258,1,1
76358,1,1
76458,1,1
76558,1,1
76658,1,1
76758,1,1
76858,1,1
76958,1,1
77058,1,1
77158,1,1
77258,1,1
77358,1,1
77458,1,1
77558,1,1
77658,1,1
77758,1,1
77858,1,1
77958,1,1
78073,1,1
78147,1,1
78247,1,1
78347,1,1
78447,1,1
78547,1,1
78647,1,1
78748,1,1
78848,1,1
78948,1,1
79048,1,1
79148,1,1
79248,1,1
79348,1,1
79448,1,1
79548,1,1
79648,1,1
79748,1,1
79848,1,1
79948,1,1
80048,1,1
80148,1,1
80248,1,1
80348,1,1
80448,1,1
80548,1,1
80648,1,1
80748,1,1
80848,1,1
80948,1,1
81048,1,1
81148,1,1
81248,1,1
81348,1,1
81448,1,1
81548,1,1
81648,1,1
81748,1,1
81848,1,1
81948,1,1
82048,1,1
82148,1,1
82248,1,1
82348,1,1
82448,1,1
82548,1,1
82648,1,1
82748,1,1
82848,1,1
82948,1,1
83048,1,1
83148,1,1
83248,1,1
83348,1,1
83448,1,1
83548,1,1
83648,1,1
83748,1,1
83848,1,1
83948,1,1
84048,1,1
84148,1,1
84248,1,1
84348,1,1
84448,1,1
84548,1,1
84648,1,1
84748,1,1
84848,1,1
84948,1,1
85075,0,0
85175,0,0
85276,0,0
85376,0,0
85476,0,0
85576,0,0
85676,0,0
85776,0,0
85876,0,0
85976,0,0
86076,0,0
86176,0,0
86276,0,0
86376,0,0
86476,0,0
86576,0,0
86676,0,0
86776,0,0
86876,0,0
86976,0,0
87076,0,0
87176,0,0
87276,0,0
87376,0,0
87476,0,0
87576,0,0
87676,0,0
87776,0,0
87876,0,0
87976,0,0
88076,0,0
88176,0,0
88276,0,0
88376,0,0
88476,0,0
88576,0,0
88676,0,0
88776,0,0
88876,0,0
88976,0,0
89076,0,0
89176,0,0
89276,0,0
89376,0,0
89476,0,0
89576,0,0
89676,0,0
89776,0,0
89876,0,0
89976,0,0
90076,0,0
90176,0,0
90276,0,0
90376,0,0
90476,0,0
90576,0,0
90676,0,0
90776,0,0
90876,0,0
90976,0,0
91076,0,0
91176,0,0
91276,0,0
91376,0,0
91476,0,0
91576,0,0
91676,0,0
91776,0,0
91876,0,0
91976,0,0
92076,0,0
92176,0,0
92276,0,0
92376,0,0
92476,0,0
92576,0,0
92676,0,0
92776,0,0
92876,0,0
92976,0,0
93076,0,0
93176,0,0
93276,0,0
93376,0,0
93476,0,0
93576,0,0
93676,0,0
93776,0,0
93876,0,0
93976,0,0
94076,0,0
94176,0,0
94276,0,0
94376,0,0
94476,0,0
94576,0,0
94676,0,0
94776,0,0
94876,0,0
94976,0,0
95076,0,0
95176,0,0
95276,0,0
95376,0,0
95476,0,0
95576,0,0
95676,0,0
95776,0,0
95876,0,0
95976,0,0
96076,0,0
96176,0,0
96276,0,0
96376,0,0
96476,0,0
96576,0,0
96676,0,0
96776,0,0
96876,0,0
96976,0,0
97076,0,0
97176,0,0
97276,0,0
97376,0,0
97476,0,0
97576,0,0
97676,0,0
97776,0,0
97876,0,0
97976,0,0
98076,0,0
98176,0,0
98276,0,0
98376,0,0
98476,0,0
98576,0,0
98676,0,0
98776,0,0
98876,0,0
98976,0,0
99076,0,0
99176,0,0
99276,0,0
99376,0,0
99476,0,0
99576,0,0
99676,0,0
99776,0,0
99876,0,0
99976,0,0
100076,0,0
100176,0,0
100276,0,0
100376,0,0
100476,0,0
100576,0,0
100676,0,0
100776,0,0
100876,0,0
100976,0,0
101094,0,0
101194,0,0
101294,0,0
101394,0,0
101494,0,0
101594,0,0
101694,0,0
101794,0,0
101894,0,0
101994,0,0
102094,0,0
102194,0,0
102294,0,0
102394,0,0
102494,0,0
102594,0,0
102694,0,0
102794,0,0
102894,0,0
102994,0,0
103098,1,1
103161,1,1
103261,1,1
103361,1,1
103461,1,1
103561,1,1
103661,1,1
103761,1,1
103861,1,1
103961,1,1
104061,1,1
104161,1,1
104261,1,1
104361,1,1
104461,1,1
104561,1,1
104661,1,1
104761,1,1
104861,1,1
104961,1,1
105097,1,1
105197,1,1
105297,1,1
105397,1,1
105497,1,1
105597,1,1
105697,1,1
105797,1,1
105897,1,1
105997,1,1
106097,1,1
106197,1,1
106297,1,1
106397,1,1
106497,1,1
106597,1,1
106697,1,1
106797,1,1
106897,1,1
106997,1,1
107096,1,1
107196,1,1
107296,1,1
107396,1,1
107496,1,1
107596,1,1
107696,1,1
107796,1,1
107896,1,1
107996,1,1
108096,1,1
108196,1,1
108296,1,1
108396,1,1
108496,1,1
108596,1,1
108696,1,1
108796,1,1
108896,1,1
108996,1,1
109086,1,1
109186,1,1
109286,1,1
109386,1,1
109486,1,1
109586,1,1
109686,1,1
109786,1,1
109886,1,1
109986,1,1
110086,1,1
110186,1,1
110286,1,1
110386,1,1
110486,1,1
110586,1,1
110686,1,1
110786,1,1
110886,1,1
110986,1,1
111095,1,1
111195,1,1
111295,1,1
111395,1,1
111495,1,1
111595,1,1
111695,1,1
111795,1,1
111895,1,1
111995,1,1
112095,1,1
112195,1,1
112295,1,1
112395,1,1
112495,1,1
112595,1,1
112695,1,1
112795,1,1
112895,1,1
112995,1,1
113094,1,1
113194,1,1
113294,1,1
113394,1,1
113494,1,1
113594,1,1
113694,1,1
113794,1,1
113894,1,1
113994,1,1
114094,1,1
114194,1,1
114294,1,1
114394,1,1
114494,1,1
114594,1,1
114694,1,1
114794,1,1
114894,1,1
114994,1,1
115084,1,1
115184,1,1
115284,1,1
115384,1,1
115484,1,1
115584,1,1
115684,1,1
115784,1,1
115884,1,1
115984,1,1
116084,1,1
116184,1,1
116284,1,1
116384,1,1
116484,1,1
116584,1,1
116684,1,1
116784,1,1
116884,1,1
116984,1,1
117091,1,1
117191,1,1
117291,1,1
117391,1,1
117491,1,1
117591,1,1
117691,1,1
117791,1,1
117891,1,1
117991,1,1
118091,1,1
118191,1,1
118291,1,1
118391,1,1
118491,1,1
118591,1,1
118691,1,1
118791,1,1
118891,1,1
118991,1,1
119092,1,1
119192,1,1
119292,1,1
119392,1,1
119492,1,1
119592,1,1
119692,1,1
119792,1,1
119892,1,1
119992,1,1
120092,1,1
120192,1,1
120292,1,1
120392,1,1
120492,1,1
120592,1,1
120692,1,1
120792,1,1
120892,1,1
120992,1,1
121082,1,1
121182,1,1
121282,1,1
121382,1,1
121482,1,1
121582,1,1
121682,1,1
121782,1,1
121882,1,1
121982,1,1
122082,1,1
122182,1,1
122282,1,1
122382,1,1
122482,1,1
122582,1,1
122682,1,1
122782,1,1
122882,1,1
122982,1,1
123090,1,1
123190,1,1
123290,1,1
123390,1,1
123490,1,1
123590,1,1
123690,1,1
123790,1,1
123890,1,1
123990,1,1
124090,1,1
124190,1,1
124290,1,1
124390,1,1
124490,1,1
124590,1,1
124690,1,1
124790,1,1
124890,1,1
124990,1,1
125090,1,1
125190,1,1
125290,1,1
125390,1,1
125490,1,1
125590,1,1
125690,1,1
125790,1,1
125890,1,1
125990,1,1
126090,1,1
126190,1,1
126290,1,1
126390,1,1
126490,1,1
126590,1,1
126690,1,1
126790,1,1
126890,1,1
126990,1,1
127094,1,1
127159,1,1
127259,1,1
127359,1,1
127459,1,1
127559,1,1
127659,1,1
127759,1,1
127859,1,1
127959,1,1
128059,1,1
128159,1,1
128259,1,1
128359,1,1
128459,1,1
128559,1,1
128659,1,1
128759,1,1
128859,1,1
128959,1,1
129092,1,1
129192,1,1
129292,1,1
129392,1,1
129492,1,1
129592,1,1
129692,1,1
129792,1,1
129892,1,1
129992,1,1
130092,1,1
130192,1,1
130292,1,1
130392,1,1
130492,1,1
130592,1,1
130692,1,1
130792,1,1
130892,1,1
130992,1,1
131091,1,1
131191,1,1
131291,1,1
131391,1,1
131491,1,1
131591,1,1
131691,1,1
131791,1,1
131891,1,1
131991,1,1
132091,1,1
132191,1,1
132291,1,1
132391,1,1
132491,1,1
132591,1,1
132691,1,1
132791,1,1
132891,1,1
132991,1,1
133081,1,1
133181,1,1
133281,1,1
133381,1,1
133481,1,1
133581,1,1
133681,1,1
133781,1,1
133881,1,1
133981,1,1
134081,1,1
134181,1,1
134281,1,1
134381,1,1
134481,1,1
134581,1,1
134681,1,1
134781,1,1
134881,1,1
134981,1,1
135089,1,1
135189,1,1
135289,1,1
135389,1,1
135489,1,1
135589,1,1
135689,1,1
135789,1,1
135889,1,1
135989,1,1
136089,1,1
136189,1,1
136289,1,1
136389,1,1
136489,1,1
136589,1,1
136689,1,1
136789,1,1
136889,1,1
136989,1,1
137089,1,1
137189,1,1
137289,1,1
137389,1,1
137489,1,1
137589,1,1
137689,1,1
137789,1,1
137889,1,1
137989,1,1
138089,1,1
138189,1,1
138289,1,1
138389,1,1
138489,1,1
138589,1,1
138689,1,1
138789,1,1
138889,1,1
138989,1,1
139094,1,1
139170,1,1
139270,1,1
139370,1,1
139470,1,1
139570,1,1
139670,1,1
139770,1,1
139871,1,1
139971,1,1
140071,1,1
140171,1,1
140271,1,1
140371,1,1
140471,1,1
140571,1,1
140671,1,1
140771,1,1
140871,1,1
140971,1,1
141093,1,1
141193,1,1
141293,1,1
141393,1,1
141493,1,1
141593,1,1
141693,1,1
141793,1,1
141893,1,1
141993,1,1
142093,1,1
142193,1,1
142293,1,1
142393,1,1
142493,1,1
142593,1,1
142693,1,1
142794,1,1
142894,1,1
142994,1,1
143094,1,1
143194,1,1
143294,1,1
143394,1,1
143494,1,1
143594,1,1
143694,1,1
143794,1,1
143894,1,1
143994,1,1
144094,1,1
144194,1,1
144294,1,1
144394,1,1
144494,1,1
144594,1,1
144694,1,1
144794,1,1
144894,1,1
144994,1,1
145093,1,1
145193,1,1
145293,1,1
145393,1,1
145493,1,1
145593,1,1
145694,1,1
145794,1,1
145894,1,1
145994,1,1
146094,1,1
146194,1,1
146294,1,1
146394,1,1
146494,1,1
146594,1,1
146694,1,1
146794,1,1
146894,1,1
146994,1,1
147093,1,1
147193,1,1
147293,1,1
147393,1,1
147493,1,1
147593,1,1
147693,1,1
147793,1,1
147893,1,1
147993,1,1
148093,1,1
148193,1,1
148293,1,1
148393,1,1
148493,1,1
148593,1,1
148693,1,1
148793,1,1
148893,1,1
148993,1,1
149093,1,1
149193,1,1
149293,1,1
149393,1,1
149493,1,1
149593,1,1
149693,1,1
149793,1,1
149893,1,1
149993,1,1
150093,1,1
150193,1,1
150293,1,1
150393,1,1
150493,1,1
150593,1,1
150693,1,1
150793,1,1
150893,1,1
150993,1,1
151091,1,1
151191,1,1
151291,1,1
151391,1,1
151491,1,1
151591,1,1
151691,1,1
151791,1,1
151891,1,1
151991,1,1
152091,1,1
152191,1,1
152291,1,1
152391,1,1
152491,1,1
152591,1,1
152691,1,1
152791,1,1
152891,1,1
152991,1,1
153090,1,1
153190,1,1
153290,1,1
153390,1,1
153490,1,1
153590,1,1
153690,1,1
153790,1,1
153890,1,1
153990,1,1
154090,1,1
154190,1,1
154290,1,1
154390,1,1
154490,1,1
154590,1,1
154690,1,1
154790,1,1
154890,1,1
154990,1,1
155090,1,1
155190,1,1
155290,1,1
155390,1,1
155490,1,1
155590,1,1
155690,1,1
155790,1,1
155890,1,1
155990,1,1
156090,1,1
156190,1,1
156290,1,1
156390,1,1
156490,1,1
156590,1,1
156690,1,1
156790,1,1
156890,1,1
156990,1,1
157085,1,1
157185,1,1
157285,1,1
157385,1,1
157485,1,1
157585,1,1
157685,1,1
157785,1,1
157885,1,1
157985,1,1
158085,1,1
158185,1,1
158285,1,1
158385,1,1
158485,1,1
158585,1,1
158685,1,1
158785,1,1
158885,1,1
158985,1,1
159089,1,1
159189,1,1
159289,1,1
159389,1,1
159489,1,1
159589,1,1
159689,1,1
159789,1,1
159889,1,1
159989,1,1
160089,1,1
160189,1,1
160289,1,1
160389,1,1
160489,1,1
160589,1,1
160689,1,1
160789,1,1
160889,1,1
160989,1,1
161089,1,1
161189,1,1
161289,1,1
161389,1,1
161489,1,1
161589,1,1
161689,1,1
161789,1,1
161889,1,1
161989,1,1
162089,1,1
162189,1,1
162289,1,1
162389,1,1
162489,1,1
162589,1,1
162689,1,1
162789,1,1
162889,1,1
162989,1,1
163089,1,1
163189,1,1
163289,1,1
163389,1,1
163489,1,1
163589,1,1
163689,1,1
163789,1,1
163889,1,1
163989,1,1
164114,0,0
164214,0,0
164314,0,0
164414,0,0
164514,0,0
164614,0,0
164714,0,0
164814,0,0
164914,0,0
165014,0,0
165114,0,0
165214,0,0
165314,0,0
165414,0,0
165514,0,0
165615,0,0
165715,0,0
165815,0,0
165915,0,0
166015,0,0
166115,0,0
166215,0,0
166315,0,0
166415,0,0
166515,0,0
166615,0,0
166715,0,0
166815,0,0
166915,0,0
167015,0,0
167115,0,0
167215,0,0
167315,0,0
167415,0,0
167515,0,0
167615,0,0
167715,0,0
167815,0,0
167915,0,0
168015,0,0
168115,0,0
168215,0,0
168315,0,0
168415,0,0
168516,0,0
168616,0,0
168716,0,0
168816,0,0
168916,0,0
169016,0,0
169116,0,0
169216,0,0
169316,0,0
169416,0,0
169516,0,0
169616,0,0
169716,0,0
169816,0,0
169916,0,0
170016,0,0
170116,0,0
170216,0,0
170316,0,0
170416,0,0
170516,0,0
170616,0,0
170716,0,0
170816,0,0
170916,0,0
171016,0,0
171116,0,0
171216,0,0
171316,0,0
171417,0,0
171517,0,0
171617,0,0
171717,0,0
171817,0,0
171917,0,0
172017,0,0
172117,0,0
172217,0,0
172317,0,0
172417,0,0
172517,0,0
172617,0,0
172717,0,0
172817,0,0
172917,0,0
173017,0,0
173117,0,0
173217,0,0
173317,0,0
173417,0,0
173517,0,0
173617,0,0
173717,0,0
173817,0,0
173917,0,0
174017,0,0
174117,0,0
174217,0,0
174317,0,0
174417,0,0
174517,0,0
174617,0,0
174717,0,0
174817,0,0
174917,0,0
175017,0,0
175117,0,0
175217,0,0
175317,0,0
175417,0,0
175517,0,0
175617,0,0
175717,0,0
175817,0,0
175917,0,0
176017,0,0
176117,0,0
176217,0,0
176317,0,0
176417,0,0
176517,0,0
176617,0,0
176717,0,0
176817,0,0
176917,0,0
177017,0,0
177117,0,0
177217,0,0
177317,0,0
177417,0,0
177517,0,0
177617,0,0
177717,0,0
177817,0,0
177917,0,0
178017,0,0
178117,0,0
178217,0,0
178317,0,0
178417,0,0
178517,0,0
178617,0,0
178717,0,0
178817,0,0
178917,0,0
179017,0,0
179117,0,0
179217,0,0
179317,0,0
179417,0,0
179517,0,0
179617,0,0
179717,0,0
179817,0,0
179917,0,0
180017,0,0
180117,0,0
180217,0,0
180317,0,0
180417,0,0
180517,0,0
180617,0,0
180717,0,0
180817,0,0
180917,0,0
181017,0,0
181117,0,0
181217,0,0
181317,0,0
181417,0,0
181517,0,0
181617,0,0
181717,0,0
181808,0,0
181908,0,0
182008,0,0
182108,0,0
182208,0,0
182308,0,0
182408,0,0
182508,0,0
182608,0,0
182708,0,0
182808,0,0
182908,0,0
183008,0,0
183108,0,0
183208,0,0
183308,0,0
183408,0,0
183508,0,0
183608,0,0
183708,0,0
183828,1,1
183891,1,1
183991,1,1
184091,1,1
184191,1,1
184291,1,1
184391,1,1
184491,1,1
184591,1,1
184691,1,1
184791,1,1
184891,1,1
184991,1,1
185091,1,1
185191,1,1
185291,1,1
185391,1,1
185491,1,1
185591,1,1
185691,1,1
185826,1,1
185926,1,1
186026,1,1
186126,1,1
186226,1,1
186326,1,1
186426,1,1
186526,1,1
186626,1,1
186726,1,1
186826,1,1
186926,1,1
187026,1,1
187126,1,1
187226,1,1
187326,1,1
187426,1,1
187526,1,1
187626,1,1
187726,1,1
187826,1,1
187926,1,1
188026,1,1
188126,1,1
188226,1,1
188326,1,1
188426,1,1
188526,1,1
188626,1,1
188726,1,1
188826,1,1
188926,1,1
189026,1,1
189126,1,1
189226,1,1
189326,1,1
189426,1,1
189526,1,1
189626,1,1
189726,1,1
189816,1,1
189916,1,1
190016,1,1
190116,1,1
190216,1,1
190316,1,1
190416,1,1
190516,1,1
190616,1,1
190716,1,1
190816,1,1
190916,1,1
191016,1,1
191116,1,1
191216,1,1
191316,1,1
191416,1,1
191516,1,1
191616,1,1
191716,1,1
191824,1,1
191924,1,1
192024,1,1
192124,1,1
192224,1,1
192324,1,1
192424,1,1
192524,1,1
192624,1,1
192724,1,1
192824,1,1
192924,1,1
193024,1,1
193124,1,1
193224,1,1
193324,1,1
193424,1,1
193524,1,1
193624,1,1
193724,1,1
193823,1,1
193923,1,1
194023,1,1
194123,1,1
194223,1,1
194323,1,1
194423,1,1
194523,1,1
194623,1,1
194723,1,1
194823,1,1
194923,1,1
195023,1,1
195123,1,1
195223,1,1
195323,1,1
195423,1,1
195523,1,1
195623,1,1
195723,1,1
195823,1,1
195923,1,1
196023,1,1
196123,1,1
196223,1,1
196323,1,1
196423,1,1
196523,1,1
196623,1,1
196723,1,1
196823,1,1
196923,1,1
197023,1,1
197123,1,1
197223,1,1
197323,1,1
197423,1,1
197523,1,1
197623,1,1
197723,1,1
197822,1,1
197922,1,1
198022,1,1
198122,1,1
198222,1,1
198322,1,1
198422,1,1
198522,1,1
198622,1,1
198722,1,1
198822,1,1
198922,1,1
199022,1,1
199122,1,1
199222,1,1
199322,1,1
199422,1,1
199522,1,1
199622,1,1
199722,1,1
199822,1,1
199922,1,1
200022,1,1
200122,1,1
200222,1,1
200322,1,1
200422,1,1
200522,1,1
200622,1,1
200722,1,1
200822,1,1
200922,1,1
201022,1,1
201122,1,1
201222,1,1
201322,1,1
201422,1,1
201522,1,1
201622,1,1
201722,1,1
201821,1,1
201921,1,1
202021,1,1
202121,1,1
202221,1,1
202321,1,1
202421,1,1
202521,1,1
202621,1,1
202721,1,1
202821,1,1
202921,1,1
203021,1,1
203121,1,1
203221,1,1
203321,1,1
203421,1,1
203521,1,1
203621,1,1
203721,1,1
203819,1,1
203919,1,1
204019,1,1
204119,1,1
204219,1,1
204319,1,1
204419,1,1
204519,1,1
204619,1,1
204719,1,1
204819,1,1
204919,1,1
205019,1,1
205119,1,1
205219,1,1
205319,1,1
205419,1,1
205519,1,1
205619,1,1
205719,1,1
205819,1,1
205919,1,1
206019,1,1
206119,1,1
206219,1,1
206319,1,1
206419,1,1
206519,1,1
206619,1,1
206719,1,1
206819,1,1
206919,1,1
207019,1,1
207119,1,1
207219,1,1
207319,1,1
207419,1,1
207519,1,1
207619,1,1
207719,1,1
207818,1,1
207918,1,1
208018,1,1
208118,1,1
208218,1,1
208318,1,1
208418,1,1
208518,1,1
208618,1,1
208718,1,1
208818,1,1
208918,1,1
209018,1,1
209118,1,1
209218,1,1
209318,1,1
209418,1,1
209518,1,1
209618,1,1
209718,1,1
209818,1,1
209918,1,1
210018,1,1
210118,1,1
210218,1,1
210318,1,1
210418,1,1
210518,1,1
210618,1,1
210718,1,1
210818,1,1
210918,1,1
211018,1,1
211118,1,1
211218,1,1
211318,1,1
211418,1,1
211518,1,1
211618,1,1
211718,1,1
211817,1,1
211917,1,1
212017,1,1
212117,1,1
212217,1,1
212317,1,1
212417,1,1
212517,1,1
212617,1,1
212717,1,1
212817,1,1
212917,1,1
213017,1,1
213117,1,1
213217,1,1
213317,1,1
213417,1,1
213517,1,1
213617,1,1
213717,1,1
213816,1,1
213916,1,1
214016,1,1
214116,1,1
214216,1,1
214316,1,1
214416,1,1
214516,1,1
214616,1,1
214716,1,1
214816,1,1
214916,1,1
215016,1,1
215116,1,1
215216,1,1
215316,1,1
215416,1,1
215516,1,1
215616,1,1
215716,1,1
215815,1,1
215915,1,1
216015,1,1
216115,1,1
216215,1,1
216315,1,1
216415,1,1
216515,1,1
216615,1,1
216715,1,1
216815,1,1
216915,1,1
217015,1,1
217115,1,1
217215,1,1
217315,1,1
217415,1,1
217515,1,1
217615,1,1
217715,1,1
217815,1,1
217915,1,1
218015,1,1
218115,1,1
218215,1,1
218315,1,1
218415,1,1
218515,1,1
218615,1,1
218715,1,1
218815,1,1
218915,1,1
219015,1,1
219115,1,1
219215,1,1
219315,1,1
219415,1,1
219515,1,1
219615,1,1
219715,1,1
219815,1,1
219899,1,1
219999,1,1
220099,1,1
220199,1,1
220299,1,1
220399,1,1
220499,1,1
220599,1,1
220699,1,1
220799,1,1
220899,1,1
220999,1,1
221099,1,1
221199,1,1
221299,1,1
221399,1,1
221499,1,1
221599,1,1
221699,1,1
221799,1,1
221900,1,1
222000,1,1
222100,1,1
222200,1,1
222300,1,1
222400,1,1
222500,1,1
222600,1,1
222700,1,1
222800,1,1
222900,1,1
223000,1,1
223100,1,1
223200,1,1
223300,1,1
223400,1,1
223500,1,1
223600,1,1
223700,1,1
223800,1,1
223901,1,1
224001,1,1
224101,1,1
224201,1,1
224301,1,1
224401,1,1
224501,1,1
224601,1,1
224701,1,1
224801,1,1
224901,1,1
225001,1,1
225101,1,1
225201,1,1
225301,1,1
225401,1,1
225501,1,1
225601,1,1
225701,1,1
225803,1,1
225900,1,1
226000,1,1
226100,1,1
226200,1,1
226300,1,1
226400,1,1
226500,1,1
226600,1,1
226700,1,1
226800,1,1
226900,1,1
227000,1,1
227101,1,1
227201,1,1
227301,1,1
227401,1,1
227501,1,1
227601,1,1
227701,1,1
227801,1,1
227901,1,1
228001,1,1
228101,1,1
228201,1,1
228301,1,1
228401,1,1
228501,1,1
228601,1,1
228701,1,1
228801,1,1
228901,1,1
229001,1,1
229101,1,1
229201,1,1
229301,1,1
229401,1,1
229501,1,1
229601,1,1
229701,1,1
229801,1,1
229901,1,1
230002,1,1
230102,1,1
230202,1,1
230302,1,1
230402,1,1
230502,1,1
230602,1,1
230702,1,1
230802,1,1
230902,1,1
231002,1,1
231102,1,1
231202,1,1
231302,1,1
231402,1,1
231502,1,1
231602,1,1
231702,1,1
231816,1,1
231901,1,1
232001,1,1
232101,1,1
232201,1,1
232301,1,1
232401,1,1
232501,1,1
232601,1,1
232701,1,1
232801,1,1
232901,1,1
233001,1,1
233102,1,1
233202,1,1
233302,1,1
233402,1,1
233502,1,1
233602,1,1
233702,1,1
233827,1,1
233927,1,1
234027,1,1
234127,1,1
234227,1,1
234327,1,1
234427,1,1
234527,1,1
234627,1,1
234727,1,1
234827,1,1
234927,1,1
235027,1,1
235127,1,1
235227,1,1
235327,1,1
235427,1,1
235527,1,1
235627,1,1
235727,1,1
235826,1,1
235926,1,1
236027,1,1
236127,1,1
236227,1,1
236327,1,1
236427,1,1
236527,1,1
236627,1,1
236727,1,1
236827,1,1
236927,1,1
237027,1,1
237127,1,1
237227,1,1
237327,1,1
237427,1,1
237527,1,1
237627,1,1
237727,1,1
237822,1,1
237922,1,1
238022,1,1
238122,1,1
238222,1,1
238322,1,1
238422,1,1
238522,1,1
238622,1,1
238722,1,1
238822,1,1
238922,1,1
239022,1,1
239122,1,1
239222,1,1
239322,1,1
239422,1,1
239522,1,1
239622,1,1
239722,1,1
239826,1,1
239926,1,1
240026,1,1
240126,1,1
240226,1,1
240326,1,1
240426,1,1
240526,1,1
240626,1,1
240726,1,1
240826,1,1
240926,1,1
241026,1,1
241126,1,1
241226,1,1
241326,1,1
241426,1,1
241526,1,1
241626,1,1
241726,1,1
241825,1,1
241925,1,1
242025,1,1
242125,1,1
242225,1,1
242325,1,1
242425,1,1
242525,1,1
242625,1,1
242725,1,1
242825,1,1
242925,1,1
243025,1,1
243125,1,1
243225,1,1
243325,1,1
243425,1,1
243525,1,1
243625,1,1
243725,1,1
243825,1,1
243925,1,1
244025,1,1
244125,1,1
244225,1,1
244325,1,1
244425,1,1
244525,1,1
244625,1,1
244725,1,1
244825,1,1
244925,1,1
245025,1,1
245125,1,1
245225,1,1
245325,1,1
245425,1,1
245525,1,1
245625,1,1
245725,1,1
245824,1,1
245924,1,1
246024,1,1
246124,1,1
246224,1,1
246324,1,1
246424,1,1
246524,1,1
246624,1,1
246724,1,1
246824,1,1
246924,1,1
247024,1,1
247124,1,1
247224,1,1
247324,1,1
247424,1,1
247524,1,1
247624,1,1
247724,1,1
247823,1,1
247923,1,1
248023,1,1
248123,1,1
248223,1,1
248323,1,1
248423,1,1
248523,1,1
248623,1,1
248723,1,1
248823,1,1
248923,1,1
249023,1,1
249123,1,1
249223,1,1
249323,1,1
249423,1,1
249523,1,1
249623,1,1
249723,1,1
249821,1,1
249921,1,1
250021,1,1
250121,1,1
250221,1,1
250321,1,1
250421,1,1
250521,1,1
250621,1,1
250721,1,1
250821,1,1
250921,1,1
251021,1,1
251121,1,1
251221,1,1
251321,1,1
251421,1,1
251521,1,1
251621,1,1
251721,1,1
251820,1,1
251920,1,1
252020,1,1
252120,1,1
252220,1,1
252320,1,1
252420,1,1
252520,1,1
252620,1,1
252720,1,1
252820,1,1
252920,1,1
253020,1,1
253120,1,1
253220,1,1
253320,1,1
253420,1,1
253520,1,1
253620,1,1
253720,1,1
253820,1,1
253920,1,1
254020,1,1
254120,1,1
254222,1,1
254322,1,1
254422,1,1
254522,1,1
254623,1,1
254723,1,1
254823,1,1
254923,1,1
255023,1,1
255123,1,1
255223,1,1
255323,1,1
255423,1,1
255523,1,1
255623,1,1
255723,1,1
255823,1,1
255923,1,1
256023,1,1
256123,1,1
256223,1,1
256323,1,1
256423,1,1
256523,1,1
256623,1,1
256723,1,1
256823,1,1
256923,1,1
257023,1,1
257123,1,1
257223,1,1
257323,1,1
257423,1,1
257524,1,1
257624,1,1
257724,1,1
257823,1,1
257923,1,1
258023,1,1
258123,1,1
258223,1,1
258323,1,1
258423,1,1
258523,1,1
258623,1,1
258723,1,1
258823,1,1
258923,1,1
259023,1,1
259123,1,1
259223,1,1
259323,1,1
259423,1,1
259523,1,1
259623,1,1
259723,1,1
259823,1,1
259923,1,1
260023,1,1
260123,1,1
260223,1,1
260323,1,1
260423,1,1
260523,1,1
260623,1,1
260723,1,1
260823,1,1
260923,1,1
261023,1,1
261123,1,1
261223,1,1
261323,1,1
261423,1,1
261523,1,1
261623,1,1
261723,1,1
261823,1,1
261923,1,1
262023,1,1
262123,1,1
262223,1,1
262323,1,1
262423,1,1
262523,1,1
262623,1,1
262723,1,1
262841,0,0
262942,0,0
263042,0,0
263142,0,0
263242,0,0
263342,0,0
263442,0,0
263542,0,0
263642,0,0
263742,0,0
263842,0,0
263942,0,0
264042,0,0
264142,0,0
264242,0,0
264342,0,0
264442,0,0
264542,0,0
264642,0,0
264742,0,0
264842,0,0
264942,0,0
265042,0,0
265142,0,0
265242,0,0
265342,0,0
265442,0,0
265542,0,0
265642,0,0
265742,0,0
265843,0,0
265943,0,0
266043,0,0
266143,0,0
266243,0,0
266343,0,0
266443,0,0
266543,0,0
266643,0,0
266743,0,0
266843,0,0
266943,0,0
267043,0,0
267143,0,0
267243,0,0
267343,0,0
267443,0,0
267543,0,0
267643,0,0
267743,0,0
267843,0,0
267943,0,0
268043,0,0
268143,0,0
268243,0,0
268343,0,0
268443,0,0
268543,0,0
268643,0,0
268743,0,0
268843,0,0
268943,0,0
269043,0,0
269143,0,0
269243,0,0
269343,0,0
269443,0,0
269543,0,0
269643,0,0
269743,0,0
269843,0,0
269943,0,0
270043,0,0
270143,0,0
270243,0,0
270343,0,0
270443,0,0
270543,0,0
270643,0,0
270743,0,0
270843,0,0
270943,0,0
271043,0,0
271143,0,0
271243,0,0
271343,0,0
271443,0,0
271543,0,0
271643,0,0
271743,0,0
271843,0,0
271943,0,0
272043,0,0
272143,0,0
272243,0,0
272343,0,0
272443,0,0
272543,0,0
272643,0,0
272743,0,0
272843,0,0
272943,0,0
273043,0,0
273143,0,0
273243,0,0
273343,0,0
273443,0,0
273543,0,0
273643,0,0
273743,0,0
273843,0,0
273943,0,0
274043,0,0
274143,0,0
274243,0,0
274343,0,0
274443,0,0
274543,0,0
274643,0,0
274743,0,0
274843,0,0
274943,0,0
275043,0,0
275143,0,0
275243,0,0
275343,0,0
275443,0,0
275543,0,0
275643,0,0
275743,0,0
275843,0,0
275943,0,0
276043,0,0
276143,0,0
276243,0,0
276343,0,0
276443,0,0
276543,0,0
276643,0,0
276743,0,0
276843,0,0
276943,0,0
277043,0,0
277143,0,0
277243,0,0
277343,0,0
277443,0,0
277543,0,0
277643,0,0
277743,0,0
277843,0,0
277943,0,0
278043,0,0
278143,0,0
278243,0,0
278343,0,0
278443,0,0
278543,0,0
278643,0,0
278743,0,0
278843,0,0
278943,0,0
279043,0,0
279143,0,0
279243,0,0
279334,0,0
279434,0,0
279534,0,0
279634,0,0
279734,0,0
279834,0,0
279934,0,0
280034,0,0
280134,0,0
280234,0,0
280334,0,0
280434,0,0
280534,0,0
280634,0,0
280734,0,0
280834,0,0
280934,0,0
281034,0,0
281134,0,0
281234,0,0
281353,1,1
281406,1,1
281506,1,1
281606,1,1
281706,1,1
281806,1,1
281906,1,1
282006,1,1
282106,1,1
282206,1,1
282306,1,1
282406,1,1
282506,1,1
282606,1,1
282706,1,1
282806,1,1
282906,1,1
283006,1,1
283106,1,1
283206,1,1
283353,1,1
283453,1,1
283553,1,1
283653,1,1
283754,1,1
283854,1,1
283954,1,1
284054,1,1
284154,1,1
284254,1,1
284354,1,1
284454,1,1
284554,1,1
284654,1,1
284754,1,1
284854,1,1
284954,1,1
285054,1,1
285154,1,1
285254,1,1
285353,1,1
285453,1,1
285553,1,1
285653,1,1
285753,1,1
285853,1,1
285953,1,1
286053,1,1
286153,1,1
286253,1,1
286353,1,1
286453,1,1
286553,1,1
286653,1,1
286753,1,1
286853,1,1
286953,1,1
287053,1,1
287153,1,1
287253,1,1
287343,1,1
287443,1,1
287543,1,1
287643,1,1
287743,1,1
287843,1,1
287943,1,1
288043,1,1
288143,1,1
288243,1,1
288343,1,1
288443,1,1
288543,1,1
288643,1,1
288743,1,1
288843,1,1
288943,1,1
289043,1,1
289143,1,1
289243,1,1
289351,1,1
289451,1,1
289551,1,1
289651,1,1
289751,1,1
289851,1,1
289951,1,1
290051,1,1
290151,1,1
290251,1,1
290351,1,1
290451,1,1
290551,1,1
290651,1,1
290751,1,1
290851,1,1
290951,1,1
291051,1,1
291151,1,1
291251,1,1
291350,1,1
291450,1,1
291550,1,1
291650,1,1
291750,1,1
291850,1,1
291950,1,1
292050,1,1
292150,1,1
292250,1,1
292350,1,1
292450,1,1
292550,1,1
292650,1,1
292750,1,1
292850,1,1
292950,1,1
293050,1,1
293150,1,1
293250,1,1
293340,1,1
293440,1,1
293540,1,1
293640,1,1
293740,1,1
293840,1,1
293940,1,1
294040,1,1
294140,1,1
294240,1,1
294340,1,1
294440,1,1
294540,1,1
294640,1,1
294740,1,1
294840,1,1
294940,1,1
295040,1,1
295140,1,1
295240,1,1
295348,1,1
295448,1,1
295548,1,1
295648,1,1
295748,1,1
295848,1,1
295948,1,1
296048,1,1
296148,1,1
296248,1,1
296348,1,1
296448,1,1
296548,1,1
296648,1,1
296748,1,1
296848,1,1
296948,1,1
297048,1,1
297148,1,1
297248,1,1
297347,1,1
297447,1,1
297547,1,1
297647,1,1
297747,1,1
297847,1,1
297947,1,1
298047,1,1
298147,1,1
298247,1,1
298347,1,1
298447,1,1
298547,1,1
298647,1,1
298747,1,1
298847,1,1
298947,1,1
299047,1,1
299147,1,1
299247,1,1
299338,1,1
299438,1,1
299538,1,1
299638,1,1
299738,1,1
299838,1,1
299938,1,1
300038,1,1
300138,1,1
300238,1,1
300338,1,1
300438,1,1
300538,1,1
300638,1,1
300738,1,1
300838,1,1
300938,1,1
301038,1,1
301138,1,1
301238,1,1
301347,1,1
301447,1,1
301547,1,1
301647,1,1
301747,1,1
301847,1,1
301947,1,1
302047,1,1
302147,1,1
302247,1,1
302347,1,1
302447,1,1
302547,1,1
302647,1,1
302747,1,1
302847,1,1
302947,1,1
303047,1,1
303147,1,1
303247,1,1
303346,1,1
303446,1,1
303546,1,1
303646,1,1
303746,1,1
303846,1,1
303946,1,1
304046,1,1
304146,1,1
304246,1,1
304346,1,1
304446,1,1
304546,1,1
304646,1,1
304746,1,1
304846,1,1
304946,1,1
305046,1,1
305146,1,1
305246,1,1
305331,1,1
305431,1,1
305531,1,1
305631,1,1
305731,1,1
305831,1,1
305931,1,1
306031,1,1
306131,1,1
306231,1,1
306331,1,1
306431,1,1
306531,1,1
306631,1,1
306731,1,1
306831,1,1
306931,1,1
307031,1,1
307131,1,1
307231,1,1
307344,1,1
307444,1,1
307544,1,1
307644,1,1
307744,1,1
307844,1,1
307944,1,1
308044,1,1
308144,1,1
308244,1,1
308344,1,1
308444,1,1
308544,1,1
308644,1,1
308744,1,1
308844,1,1
308944,1,1
309044,1,1
309144,1,1
309244,1,1
309343,1,1
309443,1,1
309543,1,1
309643,1,1
309743,1,1
309843,1,1
309943,1,1
310043,1,1
310143,1,1
310243,1,1
310343,1,1
310443,1,1
310543,1,1
310643,1,1
310743,1,1
310843,1,1
310943,1,1
311043,1,1
311143,1,1
311243,1,1
311341,1,1
311441,1,1
311541,1,1
311641,1,1
311741,1,1
311841,1,1
311941,1,1
312041,1,1
312141,1,1
312241,1,1
312341,1,1
312441,1,1
312541,1,1
312641,1,1
312741,1,1
312841,1,1
312941,1,1
313041,1,1
313141,1,1
313241,1,1
313341,1,1
313441,1,1
313541,1,1
313641,1,1
313741,1,1
313841,1,1
313941,1,1
314041,1,1
314141,1,1
314241,1,1
314341,1,1
314441,1,1
314541,1,1
314641,1,1
314741,1,1
314841,1,1
314941,1,1
315041,1,1
315141,1,1
315241,1,1
315340,1,1
315440,1,1
315540,1,1
315640,1,1
315740,1,1
315840,1,1
315940,1,1
316040,1,1
316140,1,1
316240,1,1
316340,1,1
316440,1,1
316540,1,1
316640,1,1
316740,1,1
316840,1,1
316940,1,1
317040,1,1
317140,1,1
317240,1,1
317335,1,1
317435,1,1
317535,1,1
317635,1,1
317735,1,1
317835,1,1
317935,1,1
318035,1,1
318135,1,1
318235,1,1
318335,1,1
318435,1,1
318535,1,1
318635,1,1
318735,1,1
318835,1,1
318935,1,1
319035,1,1
319135,1,1
319235,1,1
319339,1,1
319439,1,1
319539,1,1
319639,1,1
319739,1,1
319839,1,1
319939,1,1
320039,1,1
320139,1,1
320239,1,1
320339,1,1
320439,1,1
320539,1,1
320639,1,1
320739,1,1
320839,1,1
320939,1,1
321039,1,1
321139,1,1
321239,1,1
321338,1,1
321438,1,1
321538,1,1
321638,1,1
321738,1,1
321838,1,1
321938,1,1
322038,1,1
322138,1,1
322238,1,1
322338,1,1
322438,1,1
322538,1,1
322638,1,1
322738,1,1
322838,1,1
322938,1,1
323038,1,1
323138,1,1
323238,1,1
323338,1,1
323444,1,1
323511,1,1
323611,1,1
323711,1,1
323812,1,1
323912,1,1
324012,1,1
324112,1,1
324212,1,1
324312,1,1
324412,1,1
324512,1,1
324612,1,1
324712,1,1
324812,1,1
324912,1,1
325012,1,1
325112,1,1
325212,1,1
325312,1,1
325443,1,1
325543,1,1
325643,1,1
325743,1,1
325843,1,1
325943,1,1
326043,1,1
326143,1,1
326243,1,1
326343,1,1
326443,1,1
326543,1,1
326643,1,1
326744,1,1
326844,1,1
326944,1,1
327044,1,1
327144,1,1
327244,1,1
327344,1,1
327444,1,1
327544,1,1
327644,1,1
327744,1,1
327844,1,1
327944,1,1
328044,1,1
328144,1,1
328244,1,1
328344,1,1
328444,1,1
328544,1,1
328644,1,1
328744,1,1
328844,1,1
328944,1,1
329044,1,1
329144,1,1
329244,1,1
329344,1,1
329443,1,1
329543,1,1
329643,1,1
329743,1,1
329843,1,1
329943,1,1
330043,1,1
330143,1,1
330243,1,1
330343,1,1
330443,1,1
330543,1,1
330643,1,1
330743,1,1
330843,1,1
330943,1,1
331043,1,1
331143,1,1
331243,1,1
331343,1,1
331442,1,1
331542,1,1
331642,1,1
331742,1,1
331842,1,1
331942,1,1
332042,1,1
332142,1,1
332242,1,1
332342,1,1
332442,1,1
332542,1,1
332642,1,1
332742,1,1
332842,1,1
332942,1,1
333042,1,1
333142,1,1
333242,1,1
333342,1,1
333441,1,1
333541,1,1
333641,1,1
333741,1,1
333841,1,1
333941,1,1
334041,1,1
334141,1,1
334241,1,1
334341,1,1
334441,1,1
334541,1,1
334641,1,1
334741,1,1
334841,1,1
334941,1,1
335041,1,1
335141,1,1
335241,1,1
335341,1,1
335440,1,1
335540,1,1
335640,1,1
335740,1,1
335840,1,1
335940,1,1
336040,1,1
336140,1,1
336240,1,1
336340,1,1
336440,1,1
336540,1,1
336640,1,1
336740,1,1
336840,1,1
336940,1,1
337040,1,1
337140,1,1
337240,1,1
337340,1,1
337440,1,1
337540,1,1
337640,1,1
337740,1,1
337840,1,1
337940,1,1
338040,1,1
338140,1,1
338240,1,1
338340,1,1
338440,1,1
338540,1,1
338640,1,1
338740,1,1
338840,1,1
338940,1,1
339040,1,1
339140,1,1
339240,1,1
339340,1,1
339439,1,1
339539,1,1
339639,1,1
339739,1,1
339839,1,1
339939,1,1
340039,1,1
340139,1,1
340239,1,1
340339,1,1
340439,1,1
340539,1,1
340639,1,1
340739,1,1
340839,1,1
340939,1,1
341039,1,1
341139,1,1
341239,1,1
341347,1,1
341446,1,1
341546,1,1
341646,1,1
341746,1,1
341846,1,1
341946,1,1
342046,1,1
342146,1,1
342246,1,1
342346,1,1
342446,1,1
342546,1,1
342646,1,1
342746,1,1
342846,1,1
342946,1,1
343046,1,1
343146,1,1
343246,1,1
343346,1,1
343445,1,1
343545,1,1
343645,1,1
343745,1,1
343845,1,1
343945,1,1
344045,1,1
344145,1,1
344245,1,1
344345,1,1
344445,1,1
344545,1,1
344645,1,1
344745,1,1
344845,1,1
344945,1,1
345045,1,1
345145,1,1
345245,1,1
345345,1,1
345443,1,1
345543,1,1
345643,1,1
345743,1,1
345843,1,1
345943,1,1
346043,1,1
346143,1,1
346243,1,1
346343,1,1
346443,1,1
346543,1,1
346643,1,1
346743,1,1
346843,1,1
346943,1,1
347043,1,1
347143,1,1
347243,1,1
347343,1,1
347444,1,1
347544,1,1
347644,1,1
347744,1,1
347844,1,1
347944,1,1
348044,1,1
348144,1,1
348244,1,1
348344,1,1
348444,1,1
348544,1,1
348644,1,1
348744,1,1
348844,1,1
348944,1,1
349044,1,1
349144,1,1
349244,1,1
349344,1,1
349443,1,1
349543,1,1
349643,1,1
349743,1,1
349843,1,1
349943,1,1
350043,1,1
350143,1,1
350243,1,1
350343,1,1
350443,1,1
350543,1,1
350643,1,1
350743,1,1
350843,1,1
350943,1,1
351043,1,1
351143,1,1
351243,1,1
351343,1,1
351442,1,1
351542,1,1
351642,1,1
351742,1,1
351842,1,1
351942,1,1
352042,1,1
352142,1,1
352242,1,1
352342,1,1
352442,1,1
352542,1,1
352642,1,1
352742,1,1
352842,1,1
352942,1,1
353042,1,1
353142,1,1
353242,1,1
353342,1,1
353442,1,1
353542,1,1
353642,1,1
353742,1,1
353842,1,1
353942,1,1
354042,1,1
354142,1,1
354242,1,1
354355,0,0
354454,0,0
354554,0,0
354654,0,0
354754,0,0
354854,0,0
354954,0,0
355054,0,0
355154,0,0
355254,0,0
355354,0,0
355454,0,0
355554,0,0
355654,0,0
355754,0,0
355854,0,0
355954,0,0
356054,0,0
356154,0,0
356254,0,0
356354,0,0
356454,0,0
356554,0,0
356654,0,0
356754,0,0
356854,0,0
356954,0,0
357054,0,0
357154,0,0
357254,0,0
357354,0,0
357454,0,0
357554,0,0
357654,0,0
357754,0,0
357854,0,0
357954,0,0
358054,0,0
358154,0,0
358254,0,0
358354,0,0
358454,0,0
358554,0,0
358654,0,0
358754,0,0
358854,0,0
358954,0,0
359054,0,0
359154,0,0
359254,0,0
359354,0,0
359454,0,0
359554,0,0
359654,0,0
359754,0,0
359854,0,0
359954,0,0
360054,0,0
360154,0,0
360254,0,0
360354,0,0
360454,0,0
360554,0,0
360654,0,0
360754,0,0
360854,0,0
360954,0,0
361054,0,0
361154,0,0
361254,0,0
361354,0,0
361454,0,0
361554,0,0
361654,0,0
361754,0,0
361854,0,0
361954,0,0
362054,0,0
362154,0,0
362254,0,0
362354,0,0
362454,0,0
362554,0,0
362654,0,0
362754,0,0
362854,0,0
362954,0,0
363054,0,0
363154,0,0
363254,0,0
363354,0,0
363454,0,0
363554,0,0
363654,0,0
363754,0,0
363854,0,0
363954,0,0
364054,0,0
364154,0,0
364254,0,0
364354,0,0
364454,0,0
364554,0,0
364654,0,0
364754,0,0
364854,0,0
364954,0,0
365054,0,0
365154,0,0
365254,0,0
365354,0,0
365454,0,0
365554,0,0
365654,0,0
365754,0,0
365854,0,0
365954,0,0
366054,0,0
366154,0,0
366254,0,0
366354,0,0
366454,0,0
366554,0,0
366654,0,0
366754,0,0
366854,0,0
366954,0,0
367054,0,0
367154,0,0
367254,0,0
367354,0,0
367454,0,0
367554,0,0
367654,0,0
367754,0,0
367854,0,0
367954,0,0
368054,0,0
368154,0,0
368254,0,0
368354,0,0
368454,0,0
368554,0,0
368654,0,0
368754,0,0
368854,0,0
368954,0,0
369054,0,0
369154,0,0
369254,0,0
369354,0,0
369454,0,0
369554,0,0
369654,0,0
369754,0,0
369854,0,0
369954,0,0
370054,0,0
370154,0,0
370254,0,0
370354,0,0
370454,0,0
370554,0,0
370654,0,0
370754,0,0
370854,0,0
370954,0,0
371054,0,0
371154,0,0
371254,0,0
371354,0,0
371454,0,0
371554,0,0
371654,0,0
371754,0,0
371854,0,0
371954,0,0
372054,0,0
372154,0,0
372254,0,0
372354,0,0
372454,0,0
372554,0,0
372654,0,0
372754,0,0
372854,0,0
372954,0,0
373054,0,0
373145,0,0
373245,0,0
373345,0,0
373445,0,0
373545,0,0
373645,0,0
373745,0,0
373845,0,0
373945,0,0
374045,0,0
374145,0,0
374245,0,0
374345,0,0
374445,0,0
374545,0,0
374645,0,0
374745,0,0
374845,0,0
374945,0,0
375045,0,0
375145,1,1
375207,1,1
375307,1,1
375407,1,1
375507,1,1
375607,1,1
375707,1,1
375807,1,1
375907,1,1
376007,1,1
376107,1,1
376207,1,1
376307,1,1
376407,1,1
376507,1,1
376607,1,1
376707,1,1
376807,1,1
376907,1,1
377007,1,1
377143,1,1
377243,1,1
377343,1,1
377443,1,1
377543,1,1
377643,1,1
377743,1,1
377843,1,1
377943,1,1
378043,1,1
378143,1,1
378243,1,1
378343,1,1
378443,1,1
378543,1,1
378643,1,1
378743,1,1
378843,1,1
378943,1,1
379043,1,1
379142,1,1
379242,1,1
379342,1,1
379442,1,1
379542,1,1
379642,1,1
379742,1,1
379842,1,1
379942,1,1
380042,1,1
380142,1,1
380242,1,1
380342,1,1
380442,1,1
380542,1,1
380642,1,1
380742,1,1
380842,1,1
380942,1,1
381042,1,1
381129,1,1
381229,1,1
381329,1,1
381429,1,1
381529,1,1
381629,1,1
381729,1,1
381829,1,1
381929,1,1
382029,1,1
382129,1,1
382229,1,1
382329,1,1
382429,1,1
382529,1,1
382629,1,1
382729,1,1
382829,1,1
382929,1,1
383029,1,1
383142,1,1
383242,1,1
383342,1,1
383442,1,1
383542,1,1
383642,1,1
383742,1,1
383842,1,1
383942,1,1
384042,1,1
384142,1,1
384242,1,1
384342,1,1
384442,1,1
384542,1,1
384642,1,1
384742,1,1
384842,1,1
384942,1,1
385042,1,1
385140,1,1
385240,1,1
385340,1,1
385440,1,1
385540,1,1
385640,1,1
385740,1,1
385840,1,1
385940,1,1
386040,1,1
386140,1,1
386240,1,1
386340,1,1
386440,1,1
386540,1,1
386640,1,1
386740,1,1
386840,1,1
386940,1,1
387040,1,1
387131,1,1
387231,1,1
387331,1,1
387431,1,1
387531,1,1
387631,1,1
387731,1,1
387831,1,1
387931,1,1
388031,1,1
388131,1,1
388231,1,1
388331,1,1
388431,1,1
388531,1,1
388631,1,1
388731,1,1
388831,1,1
388931,1,1
389031,1,1
389139,1,1
389239,1,1
389339,1,1
389439,1,1
389539,1,1
389639,1,1
389739,1,1
389839,1,1
389939,1,1
390039,1,1
390139,1,1
390239,1,1
390339,1,1
390439,1,1
390539,1,1
390639,1,1
390739,1,1
390839,1,1
390939,1,1
391039,1,1
391138,1,1
391238,1,1
391338,1,1
391438,1,1
391538,1,1
391638,1,1
391738,1,1
391838,1,1
391938,1,1
392038,1,1
392138,1,1
392238,1,1
392338,1,1
392438,1,1
392538,1,1
392638,1,1
392738,1,1
392838,1,1
392938,1,1
393038,1,1
393128,1,1
393228,1,1
393328,1,1
393428,1,1
393528,1,1
393628,1,1
393728,1,1
393828,1,1
393928,1,1
394028,1,1
394128,1,1
394228,1,1
394328,1,1
394428,1,1
394528,1,1
394628,1,1
394728,1,1
394828,1,1
394928,1,1
395028,1,1
395135,1,1
395235,1,1
395335,1,1
395435,1,1
395535,1,1
395635,1,1
395735,1,1
395835,1,1
395935,1,1
396035,1,1
396135,1,1
396235,1,1
396335,1,1
396435,1,1
396535,1,1
396635,1,1
396735,1,1
396835,1,1
396935,1,1
397035,1,1
397135,1,1
397235,1,1
397335,1,1
397435,1,1
397535,1,1
397635,1,1
397735,1,1
397835,1,1
397935,1,1
398035,1,1
398135,1,1
398235,1,1
398335,1,1
398435,1,1
398535,1,1
398635,1,1
398735,1,1
398835,1,1
398935,1,1
399035,1,1
399152,1,1
399228,1,1
399328,1,1
399428,1,1
399528,1,1
399628,1,1
399728,1,1
399828,1,1
399928,1,1
400028,1,1
400128,1,1
400228,1,1
400328,1,1
400428,1,1
400528,1,1
400628,1,1
400728,1,1
400828,1,1
400928,1,1
401028,1,1
401151,1,1
401251,1,1
401351,1,1
401451,1,1
401552,1,1
401652,1,1
401752,1,1
401852,1,1
401952,1,1
402052,1,1
402152,1,1
402252,1,1
402352,1,1
402452,1,1
402552,1,1
402652,1,1
402752,1,1
402852,1,1
402952,1,1
403052,1,1
403151,1,1
403251,1,1
403351,1,1
403451,1,1
403551,1,1
403651,1,1
403751,1,1
403851,1,1
403951,1,1
404051,1,1
404151,1,1
404251,1,1
404351,1,1
404452,1,1
404552,1,1
404652,1,1
404752,1,1
404852,1,1
404952,1,1
405052,1,1
405145,1,1
405245,1,1
405345,1,1
405445,1,1
405545,1,1
405645,1,1
405745,1,1
405845,1,1
405945,1,1
406045,1,1
406145,1,1
406245,1,1
406345,1,1
406445,1,1
406545,1,1
406645,1,1
406745,1,1
406845,1,1
406945,1,1
407045,1,1
407150,1,1
407250,1,1
407351,1,1
407451,1,1
407551,1,1
407651,1,1
407751,1,1
407851,1,1
407951,1,1
408051,1,1
408151,1,1
408251,1,1
408351,1,1
408451,1,1
408551,1,1
408651,1,1
408751,1,1
408851,1,1
408951,1,1
409051,1,1
409150,1,1
409250,1,1
409350,1,1
409450,1,1
409550,1,1
409650,1,1
409750,1,1
409850,1,1
409950,1,1
410050,1,1
410150,1,1
410250,1,1
410350,1,1
410450,1,1
410550,1,1
410650,1,1
410750,1,1
410850,1,1
410950,1,1
411050,1,1
411150,1,1
411250,1,1
411350,1,1
411450,1,1
411550,1,1
411650,1,1
411750,1,1
411850,1,1
411950,1,1
412050,1,1
412150,1,1
412250,1,1
412350,1,1
412450,1,1
412550,1,1
412650,1,1
412750,1,1
412850,1,1
412950,1,1
413050,1,1
413150,1,1
413250,1,1
413350,1,1
413450,1,1
413550,1,1
413650,1,1
413750,1,1
413850,1,1
413950,1,1
414050,1,1
414150,1,1
414250,1,1
414350,1,1
414450,1,1
414550,1,1
414650,1,1
414750,1,1
414850,1,1
414950,1,1
415050,1,1
415148,1,1
415248,1,1
415348,1,1
415448,1,1
415548,1,1
415648,1,1
415748,1,1
415848,1,1
415948,1,1
416048,1,1
416148,1,1
416248,1,1
416348,1,1
416448,1,1
416548,1,1
416648,1,1
416748,1,1
416848,1,1
416948,1,1
417048,1,1
417147,1,1
417247,1,1
417347,1,1
417447,1,1
417547,1,1
417647,1,1
417747,1,1
417847,1,1
417947,1,1
418047,1,1
418147,1,1
418247,1,1
418347,1,1
418447,1,1
418547,1,1
418647,1,1
418747,1,1
418847,1,1
418947,1,1
419047,1,1
419145,1,1
419245,1,1
419345,1,1
419445,1,1
419545,1,1
419645,1,1
419745,1,1
419845,1,1
419945,1,1
420045,1,1
420145,1,1
420245,1,1
420345,1,1
420445,1,1
420545,1,1
420645,1,1
420745,1,1
420845,1,1
420945,1,1
421045,1,1
421146,1,1
421246,1,1
421346,1,1
421446,1,1
421546,1,1
421646,1,1
421746,1,1
421846,1,1
421946,1,1
422046,1,1
422146,1,1
422246,1,1
422346,1,1
422446,1,1
422546,1,1
422646,1,1
422746,1,1
422846,1,1
422946,1,1
423046,1,1
423145,1,1
423245,1,1
423345,1,1
423445,1,1
423545,1,1
423645,1,1
423745,1,1
423845,1,1
423945,1,1
424045,1,1
424145,1,1
424245,1,1
424345,1,1
424445,1,1
424545,1,1
424645,1,1
424745,1,1
424845,1,1
424945,1,1
425045,1,1
425144,1,1
425244,1,1
425344,1,1
425444,1,1
425544,1,1
425644,1,1
425744,1,1
425844,1,1
425944,1,1
426044,1,1
426144,1,1
426244,1,1
426344,1,1
426444,1,1
426544,1,1
426644,1,1
426744,1,1
426844,1,1
426944,1,1
427044,1,1
427144,1,1
427230,1,1
427330,1,1
427430,1,1
427530,1,1
427630,1,1
427730,1,1
427830,1,1
427930,1,1
428030,1,1
428130,1,1
428230,1,1
428330,1,1
428430,1,1
428530,1,1
428630,1,1
428730,1,1
428830,1,1
428930,1,1
429030,1,1
429130,1,1
429229,1,1
429329,1,1
429429,1,1
429529,1,1
429629,1,1
429729,1,1
429829,1,1
429929,1,1
430029,1,1
430129,1,1
430229,1,1
430329,1,1
430429,1,1
430529,1,1
430629,1,1
430729,1,1
430829,1,1
430929,1,1
431029,1,1
431129,1,1
431229,1,1
431329,1,1
431429,1,1
431529,1,1
431629,1,1
431729,1,1
431829,1,1
431929,1,1
432029,1,1
432129,1,1
432229,1,1
432329,1,1
432429,1,1
432529,1,1
432629,1,1
432729,1,1
432829,1,1
432929,1,1
433029,1,1
433129,1,1
433229,1,1
433329,1,1
433429,1,1
433529,1,1
433629,1,1
433729,1,1
433829,1,1
433929,1,1
434029,1,1
434129,1,1
434229,1,1
434329,1,1
434429,1,1
434529,1,1
434629,1,1
434729,1,1
434829,1,1
434929,1,1
435029,1,1
435129,1,1
435229,1,1
435329,1,1
435429,1,1
435529,1,1
435629,1,1
435729,1,1
435829,1,1
435929,1,1
436029,1,1
436147,0,0
436246,0,0
436346,0,0
436446,0,0
436546,0,0
436646,0,0
436746,0,0
436846,0,0
436946,0,0
437046,0,0
437146,0,0
437246,0,0
437346,0,0
437446,0,0
437546,0,0
437646,0,0
437746,0,0
437846,0,0
437946,0,0
438046,0,0
438146,0,0
438246,0,0
438346,0,0
438446,0,0
438546,0,0
438647,0,0
438747,0,0
438847,0,0
438947,0,0
439047,0,0
439147,0,0
439247,0,0
439347,0,0
439447,0,0
439547,0,0
439647,0,0
439747,0,0
439847,0,0
439947,0,0
440047,0,0
440147,0,0
440247,0,0
440347,0,0
440447,0,0
440547,0,0
440647,0,0
440747,0,0
440847,0,0
440947,0,0
441047,0,0
441147,0,0
441247,0,0
441347,0,0
441447,0,0
441548,0,0
441648,0,0
441748,0,0
441848,0,0
441948,0,0
442048,0,0
442148,0,0
442248,0,0
442348,0,0
442448,0,0
442548,0,0
442648,0,0
442748,0,0
442848,0,0
442948,0,0
443048,0,0
443148,0,0
443248,0,0
443348,0,0
443448,0,0
443548,0,0
443648,0,0
443748,0,0
443848,0,0
443948,0,0
444048,0,0
444148,0,0
444248,0,0
444348,0,0
444449,0,0
444549,0,0
444649,0,0
444749,0,0
444849,0,0
444949,0,0
445049,0,0
445149,0,0
445249,0,0
445349,0,0
445449,0,0
445549,0,0
445649,0,0
445749,0,0
445849,0,0
445949,0,0
446049,0,0
446149,0,0
446249,0,0
446349,0,0
446449,0,0
446549,0,0
446649,0,0
446749,0,0
446849,0,0
446949,0,0
447049,0,0
447149,0,0
447249,0,0
447349,0,0
447449,0,0
447549,0,0
447649,0,0
447749,0,0
447849,0,0
447949,0,0
448049,0,0
448149,0,0
448249,0,0
448349,0,0
448449,0,0
448549,0,0
448649,0,0
448749,0,0
448849,0,0
448949,0,0
449049,0,0
449149,0,0
449249,0,0
449349,0,0
449449,0,0
449549,0,0
449649,0,0
449749,0,0
449849,0,0
449949,0,0
450049,0,0
450149,0,0
450249,0,0
450349,0,0
450449,0,0
450549,0,0
450649,0,0
450749,0,0
450849,0,0
450949,0,0
451049,0,0
451149,0,0
451249,0,0
451349,0,0
451449,0,0
451549,0,0
451649,0,0
451749,0,0
451849,0,0
451949,0,0
452049,0,0
452149,0,0
452249,0,0
452349,0,0
452449,0,0
452549,0,0
452649,0,0
452749,0,0
452849,0,0
452949,0,0
453049,0,0
453149,0,0
453249,0,0
453349,0,0
453449,0,0
453549,0,0
453649,0,0
453749,0,0
453849,0,0
453949,0,0
454049,0,0
454149,0,0
454249,0,0
454349,0,0
454449,0,0
454549,0,0
454649,0,0
454749,0,0
454851,0,0
454951,0,0
455051,0,0
455151,0,0
455251,0,0
455351,0,0
455451,0,0
455551,0,0
455651,0,0
455751,0,0
455851,0,0
455951,0,0
456051,0,0
456151,0,0
456251,0,0
456351,0,0
456451,0,0
456551,0,0
456651,0,0
456751,0,0
456851,0,0
456951,0,0
457051,0,0
457151,0,0
457251,0,0
457351,0,0
457451,0,0
457551,0,0
457651,0,0
457751,0,0
457851,0,0
457951,0,0
458051,0,0
458151,0,0
458251,0,0
458351,0,0
458451,0,0
458551,0,0
458651,0,0
458751,0,0
458849,0,0
458949,0,0
459049,0,0
459149,0,0
459249,0,0
459349,0,0
459449,0,0
459549,0,0
459649,0,0
459749,0,0
459849,0,0
459949,0,0
460049,0,0
460149,0,0
460249,0,0
460349,0,0
460449,0,0
460549,0,0
460649,0,0
460749,0,0
460848,0,0
460948,0,0
461048,0,0
461148,0,0
461248,0,0
461348,0,0
461448,0,0
461548,0,0
461648,0,0
461748,0,0
461848,0,0
461948,0,0
462048,0,0
462148,0,0
462248,0,0
462348,0,0
462448,0,0
462548,0,0
462648,0,0
462748,0,0
462848,0,0
462948,0,0
463048,0,0
463148,0,0
463248,0,0
463348,0,0
463448,0,0
463548,0,0
463648,0,0
463748,0,0
463848,0,0
463948,0,0
464048,0,0
464148,0,0
464248,0,0
464348,0,0
464448,0,0
464548,0,0
464648,0,0
464748,0,0
464848,0,0
464948,0,0
465048,0,0
465148,0,0
465248,0,0
465348,0,0
465448,0,0
465548,0,0
465648,0,0
465748,0,0
465848,0,0
465948,0,0
466048,0,0
466148,0,0
466248,0,0
466348,0,0
466448,0,0
466548,0,0
466648,0,0
466748,0,0
466847,0,0
466947,0,0
467047,0,0
467147,0,0
467247,0,0
467347,0,0
467447,0,0
467547,0,0
467647,0,0
467747,0,0
467847,0,0
467947,0,0
468047,0,0
468147,0,0
468247,0,0
468347,0,0
468447,0,0
468547,0,0
468647,0,0
468747,0,0
468846,0,0
468946,0,0
469046,0,0
469146,0,0
469246,0,0
469346,0,0
469446,0,0
469546,0,0
469646,0,0
469746,0,0
469846,0,0
469946,0,0
470046,0,0
470146,0,0
470246,0,0
470346,0,0
470446,0,0
470546,0,0
470646,0,0
470746,0,0
470845,0,0
470945,0,0
471045,0,0
471145,0,0
471245,0,0
471345,0,0
471445,0,0
471545,0,0
471645,0,0
471745,0,0
471845,0,0
471945,0,0
472045,0,0
472145,0,0
472245,0,0
472345,0,0
472445,0,0
472545,0,0
472645,0,0
472745,0,0
472844,0,0
472944,0,0
473044,0,0
473144,0,0
473244,0,0
473344,0,0
473444,0,0
473544,0,0
473644,0,0
473744,0,0
473844,0,0
473944,0,0
474044,0,0
474144,0,0
474244,0,0
474344,0,0
474444,0,0
474544,0,0
474644,0,0
474744,0,0
474848,0,0
474939,0,0
475039,0,0
475139,0,0
475239,0,0
475339,0,0
475439,0,0
475539,0,0
475639,0,0
475739,0,0
475839,0,0
475939,0,0
476039,0,0
476139,0,0
476239,0,0
476339,0,0
476439,0,0
476539,0,0
476639,0,0
476739,0,0
476839,0,0
476939,0,0
477039,0,0
477139,0,0
477239,0,0
477339,0,0
477439,0,0
477539,0,0
477639,0,0
477739,0,0
477839,0,0
477939,0,0
478039,0,0
478139,0,0
478239,0,0
478339,0,0
478439,0,0
478539,0,0
478639,0,0
478739,0,0
478839,0,0
478935,0,0
479035,0,0
479135,0,0
479235,0,0
479335,0,0
479435,0,0
479535,0,0
479635,0,0
479735,0,0
479835,0,0
479935,0,0
480035,0,0
480135,0,0
480235,0,0
480335,0,0
480435,0,0
480535,0,0
480635,0,0
480735,0,0
480835,0,0
480939,0,0
481039,0,0
481139,0,0
481239,0,0
481339,0,0
481439,0,0
481539,0,0
481639,0,0
481739,0,0
481839,0,0
481939,0,0
482039,0,0
482139,0,0
482239,0,0
482339,0,0
482439,0,0
482539,0,0
482639,0,0
482739,0,0
482839,0,0
482939,0,0
483039,0,0
483139,0,0
483239,0,0
483339,0,0
483439,0,0
483539,0,0
483639,0,0
483739,0,0
483839,0,0
483939,0,0
484039,0,0
484139,0,0
484239,0,0
484339,0,0
484439,0,0
484539,0,0
484639,0,0
484739,0,0
484839,0,0
484938,0,0
485038,0,0
485138,0,0
485238,0,0
485338,0,0
485438,0,0
485538,0,0
485638,0,0
485738,0,0
485838,0,0
485938,0,0
486038,0,0
486138,0,0
486238,0,0
486338,0,0
486438,0,0
486538,0,0
486638,0,0
486738,0,0
486838,0,0
486938,0,0
487038,0,0
487138,0,0
487238,0,0
487338,0,0
487438,0,0
487538,0,0
487638,0,0
487738,0,0
487838,0,0
487938,0,0
488038,0,0
488138,0,0
488238,0,0
488338,0,0
488438,0,0
488538,0,0
488638,0,0
488738,0,0
488838,0,0
488938,0,0
489038,0,0
489138,0,0
489238,0,0
489338,0,0
489438,0,0
489538,0,0
489638,0,0
489738,0,0
489838,0,0
489938,0,0
490038,0,0
490138,0,0
490238,0,0
490338,0,0
490438,0,0
490538,0,0
490638,0,0
490738,0,0
490838,0,0
490939,0,0
491039,0,0
491139,0,0
491239,0,0
491339,0,0
491439,0,0
491539,0,0
491639,0,0
491739,0,0
491839,0,0
491939,0,0
492039,0,0
492139,0,0
492239,0,0
492339,0,0
492439,0,0
492539,0,0
492639,0,0
492739,0,0
492839,0,0
492939,0,0
493039,0,0
493139,0,0
493239,0,0
493339,0,0
493439,0,0
493539,0,0
493639,0,0
493739,0,0
493839,0,0
493939,0,0
494039,0,0
494139,0,0
494239,0,0
494339,0,0
494439,0,0
494539,0,0
494639,0,0
494739,0,0
494839,0,0
494939,0,0
495039,0,0
495139,0,0
495239,0,0
495339,0,0
495439,0,0
495539,0,0
495639,0,0
495739,0,0
495839,0,0
495939,0,0
496039,0,0
496139,0,0
496239,0,0
496339,0,0
496439,0,0
496539,0,0
496639,0,0
496739,0,0
496839,0,0
496937,0,0
497037,0,0
497137,0,0
497237,0,0
497337,0,0
497437,0,0
497537,0,0
497637,0,0
497737,0,0
497837,0,0
497937,0,0
498037,0,0
498137,0,0
498237,0,0
498337,0,0
498437,0,0
498537,0,0
498637,0,0
498737,0,0
498837,0,0
498936,0,0
499036,0,0
499136,0,0
499236,0,0
499336,0,0
499436,0,0
499536,0,0
499636,0,0
499736,0,0
499836,0,0
499936,0,0
500036,0,0
500136,0,0
500236,0,0
500336,0,0
500436,0,0
500536,0,0
500636,0,0
500736,0,0
500836,0,0
500936,0,0
501036,0,0
501136,0,0
501236,0,0
501336,0,0
501436,0,0
501536,0,0
501636,0,0
501736,0,0
501836,0,0
501936,0,0
502036,0,0
502136,0,0
502236,0,0
502336,0,0
502436,0,0
502536,0,0
502636,0,0
502736,0,0
502836,0,0
502935,0,0
503035,0,0
503135,0,0
503235,0,0
503335,0,0
503435,0,0
503535,0,0
503635,0,0
503735,0,0
503835,0,0
503935,0,0
504035,0,0
504135,0,0
504235,0,0
504335,0,0
504435,0,0
504535,0,0
504635,0,0
504735,0,0
504835,0,0
504934,0,0
505034,0,0
505134,0,0
505234,0,0
505334,0,0
505434,0,0
505534,0,0
505634,0,0
505734,0,0
505834,0,0
505934,0,0
506034,0,0
506134,0,0
506234,0,0
506334,0,0
506434,0,0
506534,0,0
506634,0,0
506734,0,0
506834,0,0
506933,0,0
507033,0,0
507133,0,0
507233,0,0
507333,0,0
507433,0,0
507533,0,0
507633,0,0
507733,0,0
507833,0,0
507933,0,0
508033,0,0
508133,0,0
508233,0,0
508333,0,0
508433,0,0
508533,0,0
508633,0,0
508733,0,0
508833,0,0
508933,0,0
509033,0,0
509133,0,0
509233,0,0
509333,0,0
509433,0,0
509533,0,0
509633,0,0
509733,0,0
509833,0,0
509933,0,0
510033,0,0
510133,0,0
510233,0,0
510333,0,0
510433,0,0
510533,0,0
510633,0,0
510733,0,0
510833,0,0
510932,0,0
511032,0,0
511132,0,0
511232,0,0
511332,0,0
511432,0,0
511532,0,0
511632,0,0
511732,0,0
511832,0,0
511932,0,0
512032,0,0
512132,0,0
512232,0,0
512332,0,0
512432,0,0
512532,0,0
512632,0,0
512732,0,0
512832,0,0
512931,0,0
513031,0,0
513131,0,0
513231,0,0
513331,0,0
513431,0,0
513531,0,0
513631,0,0
513731,0,0
513831,0,0
513931,0,0
514031,0,0
514131,0,0
514231,0,0
514331,0,0
514431,0,0
514531,0,0
514631,0,0
514731,0,0
514831,0,0
514930,0,0
515030,0,0
515130,0,0
515230,0,0
515330,0,0
515430,0,0
515530,0,0
515630,0,0
515730,0,0
515830,0,0
515930,0,0
516030,0,0
516130,0,0
516230,0,0
516330,0,0
516430,0,0
516530,0,0
516630,0,0
516730,0,0
516832,0,0
516931,0,0
517031,0,0
517131,0,0
517231,0,0
517331,0,0
517431,0,0
517531,0,0
517631,0,0
517731,0,0
517831,0,0
517931,0,0
518031,0,0
518131,0,0
518231,0,0
518331,0,0
518431,0,0
518531,0,0
518631,0,0
518731,0,0
518831,0,0
518930,0,0
519030,0,0
519130,0,0
519230,0,0
519330,0,0
519430,0,0
519530,0,0
519630,0,0
519731,0,0
519831,0,0
519931,0,0
520031,0,0
520131,0,0
520231,0,0
520331,0,0
520431,0,0
520531,0,0
520631,0,0
520731,0,0
520831,0,0
520930,0,0
521030,0,0
521130,0,0
521230,0,0
521330,0,0
521430,0,0
521530,0,0
521630,0,0
521730,0,0
521830,0,0
521930,0,0
522030,0,0
522130,0,0
522230,0,0
522330,0,0
522430,0,0
522530,0,0
522631,0,0
522731,0,0
522831,0,0
522930,0,0
523030,0,0
523130,0,0
523230,0,0
523330,0,0
523430,0,0
523530,0,0
523630,0,0
523730,0,0
523830,0,0
523930,0,0
524030,0,0
524130,0,0
524230,0,0
524330,0,0
524430,0,0
524530,0,0
524630,0,0
524730,0,0
524830,0,0
524930,0,0
525030,0,0
525130,0,0
525230,0,0
525330,0,0
525430,0,0
525530,0,0
525630,0,0
525730,0,0
525830,0,0
525930,0,0
526030,0,0
526130,0,0
526230,0,0
526330,0,0
526430,0,0
526530,0,0
526630,0,0
526730,0,0
526830,0,0
526930,0,0
527030,0,0
527130,0,0
527230,0,0
527330,0,0
527430,0,0
527530,0,0
527630,0,0
527730,0,0
527830,0,0
527930,0,0
528030,0,0
528130,0,0
528230,0,0
528330,0,0
528430,0,0
528530,0,0
528630,0,0
528730,0,0
528834,0,0
528929,0,0
529029,0,0
529129,0,0
529229,0,0
529329,0,0
529429,0,0
529529,0,0
529629,0,0
529729,0,0
529829,0,0
529929,0,0
530029,0,0
530129,0,0
530229,0,0
530329,0,0
530429,0,0
530529,0,0
530629,0,0
530729,0,0
530829,0,0
530931,0,0
531031,0,0
531131,0,0
531231,0,0
531331,0,0
531431,0,0
531531,0,0
531631,0,0
531731,0,0
531831,0,0
531931,0,0
532031,0,0
532131,0,0
532231,0,0
532331,0,0
532431,0,0
532531,0,0
532631,0,0
532731,0,0
532831,0,0
532930,0,0
533030,0,0
533130,0,0
533230,0,0
533330,0,0
533430,0,0
533530,0,0
533630,0,0
533730,0,0
533830,0,0
533930,0,0
534030,0,0
534130,0,0
534230,0,0
534330,0,0
534430,0,0
534530,0,0
534630,0,0
534730,0,0
534830,0,0
534930,0,0
535030,0,0
535130,0,0
535230,0,0
535330,0,0
535430,0,0
535530,0,0
535630,0,0
535730,0,0
535830,0,0
535930,0,0
536030,0,0
536130,0,0
536230,0,0
536330,0,0
536430,0,0
536530,0,0
536630,0,0
536730,0,0
536830,0,0
536930,0,0
537030,0,0
537130,0,0
537230,0,0
537330,0,0
537430,0,0
537530,0,0
537630,0,0
537730,0,0
537830,0,0
537930,0,0
538030,0,0
538130,0,0
538230,0,0
538330,0,0
538430,0,0
538530,0,0
538630,0,0
538730,0,0
538830,0,0
538930,0,0
539030,0,0
539130,0,0
539230,0,0
539330,0,0
539430,0,0
539530,0,0
539630,0,0
539730,0,0
539830,0,0
539930,0,0
540030,0,0
540130,0,0
540230,0,0
540330,0,0
540430,0,0
540530,0,0
540630,0,0
540730,0,0
540830,0,0
540930,0,0
541030,0,0
541130,0,0
541230,0,0
541330,0,0
541430,0,0
541530,0,0
541630,0,0
541730,0,0
541830,0,0
541930,0,0
542030,0,0
542130,0,0
542230,0,0
542330,0,0
542430,0,0
542530,0,0
542630,0,0
542730,0,0
542830,0,0
542930,0,0
543030,0,0
543130,0,0
543230,0,0
543330,0,0
543430,0,0
543530,0,0
543630,0,0
543730,0,0
543830,0,0
543930,0,0
544030,0,0
544130,0,0
544230,0,0
544330,0,0
544430,0,0
544530,0,0
544630,0,0
544730,0,0
544830,0,0
544930,0,0
545030,0,0
545130,0,0
545230,0,0
545330,0,0
545430,0,0
545530,0,0
545630,0,0
545730,0,0
545830,0,0
545930,0,0
546030,0,0
546130,0,0
546230,0,0
546330,0,0
546430,0,0
546530,0,0
546630,0,0
546730,0,0
546830,0,0
546930,0,0
547030,0,0
547130,0,0
547230,0,0
547330,0,0
547430,0,0
547530,0,0
547630,0,0
547730,0,0
547830,0,0
547930,0,0
548030,0,0
548130,0,0
548230,0,0
548330,0,0
548430,0,0
548530,0,0
548630,0,0
548730,0,0
548830,0,0
548930,0,0
549030,0,0
549130,0,0
549230,0,0
549330,0,0
549430,0,0
549530,0,0
549630,0,0
549730,0,0
549830,0,0
549930,0,0
550030,0,0
550130,0,0
550230,0,0
550330,0,0
550430,0,0
550530,0,0
550630,0,0
550730,0,0
550830,0,0
550930,0,0
551030,0,0
551130,0,0
551230,0,0
551330,0,0
551430,0,0
551530,0,0
551630,0,0
551730,0,0
551830,0,0
551930,0,0
552030,0,0
552130,0,0
552230,0,0
552330,0,0
552430,0,0
552530,0,0
552630,0,0
552730,0,0
552830,0,0
552930,0,0
553030,0,0
553130,0,0
553230,0,0
553330,0,0
553430,0,0
553530,0,0
553630,0,0
553730,0,0
553830,0,0
553930,0,0
554030,0,0
554130,0,0
554230,0,0
554330,0,0
554430,0,0
554530,0,0
554620,0,0
554720,0,0
554820,0,0
554920,0,0
555020,0,0
555120,0,0
555220,0,0
555320,0,0
555420,0,0
555520,0,0
555620,0,0
555720,0,0
555820,0,0
555920,0,0
556020,0,0
556120,0,0
556220,0,0
556320,0,0
556420,0,0
556520,0,0
556585,1,1
556685,1,1
556785,1,1
556885,1,1
556985,1,1
557085,1,1
557185,1,1
557285,1,1
557385,1,1
557485,1,1
557585,1,1
557685,1,1
557785,1,1
557885,1,1
557985,1,1
558085,1,1
558185,1,1
558285,1,1
558385,1,1
558485,1,1
558620,1,1
558720,1,1
558820,1,1
558920,1,1
559020,1,1
559120,1,1
559220,1,1
559320,1,1
559420,1,1
559520,1,1
559620,1,1
559720,1,1
559820,1,1
559920,1,1
560020,1,1
560120,1,1
560220,1,1
560320,1,1
560420,1,1
560520,1,1
560619,1,1
560719,1,1
560819,1,1
560919,1,1
561019,1,1
561119,1,1
561219,1,1
561319,1,1
561419,1,1
561519,1,1
561619,1,1
561719,1,1
561819,1,1
561919,1,1
562019,1,1
562119,1,1
562219,1,1
562319,1,1
562419,1,1
562519,1,1
562611,1,1
562711,1,1
562811,1,1
562911,1,1
563011,1,1
563111,1,1
563211,1,1
563311,1,1
563411,1,1
563511,1,1
563611,1,1
563711,1,1
563811,1,1
563911,1,1
564011,1,1
564111,1,1
564211,1,1
564311,1,1
564411,1,1
564511,1,1
564617,1,1
564717,1,1
564817,1,1
564917,1,1
565017,1,1
565117,1,1
565217,1,1
565317,1,1
565417,1,1
565517,1,1
565617,1,1
565717,1,1
565817,1,1
565917,1,1
566017,1,1
566117,1,1
566217,1,1
566317,1,1
566417,1,1
566517,1,1
566616,1,1
566716,1,1
566816,1,1
566916,1,1
567016,1,1
567116,1,1
567216,1,1
567316,1,1
567416,1,1
567516,1,1
567616,1,1
567716,1,1
567816,1,1
567916,1,1
568016,1,1
568116,1,1
568216,1,1
568316,1,1
568416,1,1
568516,1,1
568612,1,1
568712,1,1
568812,1,1
568912,1,1
569012,1,1
569112,1,1
569212,1,1
569312,1,1
569412,1,1
569512,1,1
569612,1,1
569712,1,1
569812,1,1
569912,1,1
570012,1,1
570112,1,1
570212,1,1
570312,1,1
570412,1,1
570512,1,1
570614,1,1
570714,1,1
570814,1,1
570914,1,1
571014,1,1
571114,1,1
571214,1,1
571314,1,1
571414,1,1
571514,1,1
571614,1,1
571714,1,1
571814,1,1
571914,1,1
572014,1,1
572114,1,1
572214,1,1
572314,1,1
572414,1,1
572514,1,1
572613,1,1
572713,1,1
573125,1,1
573351,1,1
573563,1,1
573775,1,1
573986,1,1
574199,1,1
574410,1,1
574654,1,1
574579,1,1
574789,1,1
575001,1,1
575213,1,1
575424,1,1
575646,1,1
575859,1,1
576071,1,1
576282,1,1
576578,1,1
576791,1,1
577002,1,1
577214,1,1
577438,1,1
577649,1,1
577861,1,1
578073,1,1
578284,1,1
578578,1,1
578790,1,1
579002,1,1
579213,1,1
579425,1,1
579637,1,1
579849,1,1
580070,1,1
580281,1,1
580609,1,1
580578,1,1
580789,1,1
581001,1,1
581213,1,1
581423,1,1
581649,1,1
581864,1,1
582075,1,1
582578,1,1
582789,1,1
583002,1,1
583214,1,1
583425,1,1
583637,1,1
583849,1,1
584060,1,1
584283,1,1
584496,1,1
584578,1,1
584789,1,1
585001,1,1
585211,1,1
585424,1,1
585636,1,1
585849,1,1
586075,1,1
586287,1,1
586539,1,1
586584,1,1
586796,1,1
587008,1,1
587219,1,1
587431,1,1
587642,1,1
587854,1,1
588077,1,1
588584,1,1
588794,1,1
589006,1,1
589218,1,1
589430,1,1
589642,1,1
589853,1,1
590065,1,1
590291,1,1
590503,1,1
590584,1,1
590795,1,1
591007,1,1
591223,1,1
591433,1,1
591645,1,1
591856,1,1
592068,1,1
592280,1,1
592530,1,1
592584,1,1
592796,1,1
593007,1,1
593218,1,1
593430,1,1
593642,1,1
593856,1,1
594068,1,1
594584,1,1
594796,1,1
595008,1,1
595219,1,1
595431,1,1
595643,1,1
595854,1,1
596066,1,1
596278,1,1
596489,1,1
596584,1,1
596796,1,1
597007,1,1
597218,1,1
597431,1,1
597644,1,1
597856,1,1
598068,1,1
598280,1,1
598520,1,1
598584,1,1
598796,1,1
599006,1,1
599218,1,1
599430,1,1
599642,1,1
599854,1,1
600066,1,1
600584,1,1
600798,1,1
601020,1,1
601232,1,1
601445,1,1
601657,1,1
601869,1,1
602081,1,1
602293,1,1
602505,1,1
602584,1,1
602795,1,1
603020,1,1
603232,1,1
603444,1,1
603656,1,1
603868,1,1
604078,1,1
604292,1,1
604620,1,1
604584,1,1
604806,1,1
605018,1,1
605230,1,1
605442,1,1
605655,1,1
605867,1,1
606080,1,1
606584,1,1
606795,1,1
607008,1,1
607219,1,1
607443,1,1
607655,1,1
607867,1,1
608079,1,1
608291,1,1
608584,1,1
608795,1,1
609006,1,1
609218,1,1
609441,1,1
609657,1,1
609868,1,1
610080,1,1
610292,1,1
610503,1,1
610754,1,1
610584,1,1
610796,1,1
611008,1,1
611220,1,1
611445,1,1
611657,1,1
611869,1,1
612076,1,1
612585,1,1
612797,1,1
613009,1,1
613221,1,1
613443,1,1
613655,1,1
613869,1,1
614081,1,1
614293,1,1
614584,1,1
614796,1,1
615008,1,1
615220,1,1
615432,1,1
615644,1,1
615857,1,1
616081,1,1
616293,1,1
616505,1,1
616833,1,1
616584,1,1
616796,1,1
617009,1,1
617231,1,1
617443,1,1
617656,1,1
617866,1,1
618584,1,1
618797,1,1
619014,1,1
619226,1,1
619436,1,1
619648,1,1
619859,1,1
620070,1,1
620296,1,1
620508,1,1
620584,1,1
620794,1,1
621007,1,1
621219,1,1
621431,1,1
621642,1,1
621864,1,1
622075,1,1
622287,1,1
622538,1,1
622584,1,1
622797,1,1
623009,1,1
623221,1,1
623433,1,1
623644,1,1
623856,1,1
624065,1,1
624290,1,1
624501,1,1
624713,1,1
624926,1,1
625137,1,1
625348,1,1
625560,1,1
625772,1,1
625994,1,1
626205,1,1
626417,1,1
626629,1,1
626842,1,1
627053,1,1
627265,1,1
627476,1,1
627688,1,1
627899,1,1
628110,1,1
628324,1,1
628548,1,1
628760,1,1
628971,1,1
629183,1,1
629511,0,0
629722,0,0
629934,0,0
630156,0,0
630368,0,0
630581,0,0
630792,0,0
631004,0,0
631216,0,0
631427,0,0
631639,0,0
631850,0,0
632062,0,0
632274,0,0
632487,0,0
632698,0,0
632923,0,0
633136,0,0
633347,0,0
633560,0,0
633770,0,0
633982,0,0
634194,0,0
634418,0,0
634630,0,0
634842,0,0
635053,0,0
635264,0,0
635475,0,0
635688,0,0
635899,0,0
636111,0,0
636322,0,0
636536,0,0
636748,0,0
637066,0,0
637277,0,0
637489,0,0
637701,0,0
637913,0,0
638125,0,0
638335,0,0
638547,0,0
638770,0,0
638982,0,0
639193,0,0
639405,0,0
639616,0,0
639827,0,0
640037,0,0
640248,0,0
640460,0,0
640671,0,0
640883,0,0
641093,0,0
641317,0,0
641529,0,0
641741,0,0
641952,0,0
642163,0,0
642375,0,0
642587,0,0
642796,0,0
643019,0,0
643230,0,0
643442,0,0
643653,0,0
643864,0,0
644076,0,0
644287,0,0
644499,0,0
644711,0,0
645216,0,0
645428,0,0
645640,0,0
645863,0,0
646075,0,0
646287,0,0
646514,0,0
646724,0,0
646936,0,0
647147,0,0
647700,1,1
647216,1,1
647423,1,1
647634,1,1
647846,1,1
648057,1,1
648269,1,1
648480,1,1
649216,1,1
649428,1,1
649639,1,1
649851,1,1
650074,1,1
650286,1,1
650498,1,1
650709,1,1
650921,1,1
651217,1,1
651428,1,1
651649,1,1
651860,1,1
652072,1,1
652284,1,1
652495,1,1
652706,1,1
652917,1,1
653550,1,1
653223,1,1
653434,1,1
653646,1,1
653871,1,1
654082,1,1
654294,1,1
654505,1,1
655223,1,1
655434,1,1
655645,1,1
655857,1,1
656079,1,1
656290,1,1
656501,1,1
656713,1,1
656926,1,1
657223,1,1
657435,1,1
657647,1,1
657859,1,1
658071,1,1
658284,1,1
658496,1,1
658720,1,1
658932,1,1
659144,1,1
659777,1,1
659223,1,1
659435,1,1
659657,1,1
659868,1,1
660081,1,1
660293,1,1
661224,1,1
661435,1,1
661648,1,1
661860,1,1
662072,1,1
662285,1,1
662497,1,1
662708,1,1
662933,1,1
663145,1,1
663223,1,1
663435,1,1
663647,1,1
663859,1,1
664071,1,1
664283,1,1
664506,1,1
664719,1,1
664932,1,1
665565,1,1
665223,1,1
665449,1,1
665661,1,1
665873,1,1
666085,1,1
666311,1,1
667223,1,1
667435,1,1
667647,1,1
667855,1,1
668067,1,1
668279,1,1
668492,1,1
668704,1,1
668926,1,1
669138,1,1
669223,1,1
669435,1,1
669646,1,1
669858,1,1
670071,1,1
670283,1,1
670494,1,1
670706,1,1
670918,1,1
671563,1,1
671223,1,1
671437,1,1
671649,1,1
671861,1,1
672072,1,1
672284,1,1
673223,1,1
673435,1,1
673647,1,1
673859,1,1
674071,1,1
674283,1,1
674496,1,1
674708,1,1
674920,1,1
675132,1,1
675223,1,1
675448,1,1
675752,1,1
675964,1,1
676177,1,1
676389,1,1
676601,1,1
676812,1,1
677025,1,1
677668,1,1
677223,1,1
677435,1,1
677647,1,1
677859,1,1
678069,1,1
678282,1,1
679223,1,1
679435,1,1
679648,1,1
679872,1,1
680085,1,1
680297,1,1
680508,1,1
680720,1,1
680934,1,1
681146,1,1
681223,1,1
681435,1,1
681647,1,1
681870,1,1
682082,1,1
682293,1,1
682505,1,1
682717,1,1
682929,1,1
683562,1,1
683223,1,1
683446,1,1
683659,1,1
683871,1,1
684083,1,1
684295,1,1
685223,1,1
685435,1,1
685648,1,1
685859,1,1
686071,1,1
686293,1,1
686506,1,1
686718,1,1
686930,1,1
687142,1,1
687223,1,1
687435,1,1
687647,1,1
687859,1,1
688072,1,1
688297,1,1
688509,1,1
688720,1,1
688932,1,1
689565,1,1
689223,1,1
689435,1,1
689647,1,1
689869,1,1
690081,1,1
690293,1,1
691223,1,1
691434,1,1
691647,1,1
691859,1,1
692072,1,1
692284,1,1
692495,1,1
692721,1,1
692934,1,1
693147,1,1
693223,1,1
693435,1,1
693647,1,1
693860,1,1
694072,1,1
694284,1,1
694496,1,1
694718,1,1
694930,1,1
695656,1,1
695223,1,1
695435,1,1
695647,1,1
695860,1,1
696071,1,1
696296,1,1
697223,1,1
697434,1,1
697646,1,1
697857,1,1
698068,1,1
698279,1,1
698491,1,1
698704,1,1
698915,1,1
699138,1,1
699223,1,1
699435,1,1
699647,1,1
699860,1,1
700072,1,1
700284,1,1
700497,1,1
700707,1,1
700920,1,1
701566,1,1
701223,1,1
701435,1,1
701647,1,1
701860,1,1
702071,1,1
702283,1,1
703223,1,1
703435,1,1
703658,1,1
703870,1,1
704082,1,1
704294,1,1
704505,1,1
704716,1,1
704929,1,1
705141,1,1
705223,1,1
705435,1,1
705647,1,1
705859,1,1
706071,1,1
706284,1,1
706495,1,1
706707,1,1
706919,1,1
707552,1,1
707223,1,1
707435,1,1
707646,1,1
707859,1,1
708070,1,1
708282,1,1
709223,1,1
709435,1,1
709660,1,1
709872,1,1
710084,1,1
710295,1,1
710507,1,1
710719,1,1
710931,1,1
711144,1,1
711223,1,1
711435,1,1
711647,1,1
711859,1,1
712081,1,1
712293,1,1
712506,1,1
712718,1,1
712931,1,1
713580,1,1
713223,1,1
713435,1,1
713648,1,1
713860,1,1
714071,1,1
714283,1,1
714492,1,1
715223,1,1
715435,1,1
715647,1,1
715859,1,1
716072,1,1
716294,1,1
716506,1,1
716718,1,1
716930,1,1
717223,1,1
717435,1,1
717645,1,1
717857,1,1
718082,1,1
718294,1,1
718506,1,1
718718,1,1
718932,1,1
719568,1,1
719223,1,1
719435,1,1
719646,1,1
719858,1,1
720081,1,1
720294,1,1
720506,1,1
721223,1,1
721435,1,1
721646,1,1
721859,1,1
722070,1,1
722295,1,1
722507,1,1
722720,1,1
722931,1,1
723223,1,1
723436,1,1
723648,1,1
723860,1,1
724072,1,1
724285,1,1
724497,1,1
724726,1,1
724947,1,1
725159,1,1
725372,1,1
725583,1,1
725796,1,1
726008,1,1
726220,1,1
726445,1,1
727078,0,0
727289,0,0
727500,0,0
727712,0,0
727925,0,0
728137,0,0
728348,0,0
728560,0,0
728773,0,0
728985,0,0
729207,0,0
729421,0,0
729633,0,0
729845,0,0
730056,0,0
730269,0,0
730481,0,0
730705,0,0
730917,0,0
731129,0,0
731341,0,0
731553,0,0
731766,0,0
731977,0,0
732189,0,0
732401,0,0
732614,0,0
732825,0,0
733038,0,0
733250,0,0
733462,0,0
733685,0,0
733896,0,0
734108,0,0
734412,0,0
734624,0,0
734836,0,0
735060,0,0
735271,0,0
735483,0,0
735694,0,0
735907,0,0
736119,0,0
736332,0,0
736544,0,0
736756,0,0
736968,0,0
737180,0,0
737393,0,0
737605,0,0
737816,0,0
738040,0,0
738252,0,0
738464,0,0
738676,0,0
738887,0,0
739098,0,0
739324,0,0
739536,0,0
739748,0,0
739960,0,0
740171,0,0
740384,0,0
740596,0,0
740808,0,0
741020,0,0
741233,0,0
741445,0,0
741657,0,0
741869,0,0
742081,0,0
742304,0,0
742516,0,0
742728,0,0
742941,0,0
743152,0,0
743365,0,0
743588,0,0
743802,0,0
744013,0,0
744226,0,0
744439,0,0
744651,0,0
744863,0,0
745046,0,0
745259,0,0
745470,0,0
745683,0,0
745896,0,0
746107,0,0
746319,0,0
746542,0,0
746753,0,0
747597,1,1
747056,1,1
747268,1,1
747480,1,1
747693,1,1
747905,1,1
748117,1,1
749056,1,1
749268,1,1
749480,1,1
749691,1,1
749903,1,1
750115,1,1
750328,1,1
750540,1,1
750762,1,1
751057,1,1
751269,1,1
751479,1,1
751690,1,1
751904,1,1
752128,1,1
752340,1,1
752552,1,1
752764,1,1
752976,1,1
753703,1,1
753056,1,1
753268,1,1
753480,1,1
753692,1,1
753904,1,1
754116,1,1
755056,1,1
755267,1,1
755478,1,1
755691,1,1
755902,1,1
756115,1,1
756340,1,1
756551,1,1
756764,1,1
757056,1,1
757269,1,1
757480,1,1
757693,1,1
757904,1,1
758116,1,1
758327,1,1
758539,1,1
758752,1,1
759385,1,1
759056,1,1
759269,1,1
759481,1,1
759692,1,1
759905,1,1
760129,1,1
760341,1,1
761056,1,1
761269,1,1
761480,1,1
761692,1,1
761905,1,1
762117,1,1
762329,1,1
762541,1,1
762753,1,1
763056,1,1
763361,1,1
763573,1,1
763785,1,1
764007,1,1
764218,1,1
764430,1,1
764642,1,1
764867,1,1
765502,1,1
765056,1,1
765269,1,1
765480,1,1
765692,1,1
765905,1,1
766117,1,1
767056,1,1
767267,1,1
767480,1,1
767692,1,1
767904,1,1
768116,1,1
768339,1,1
768551,1,1
768763,1,1
768974,1,1
769056,1,1
769267,1,1
769480,1,1
769693,1,1
769905,1,1
770117,1,1
770329,1,1
770541,1,1
770752,1,1
771387,1,1
771056,1,1
771268,1,1
771479,1,1
771692,1,1
771914,1,1
772125,1,1
772338,1,1
773056,1,1
773279,1,1
773491,1,1
773703,1,1
773916,1,1
774130,1,1
774342,1,1
774554,1,1
774767,1,1
775056,1,1
775267,1,1
775478,1,1
775691,1,1
775903,1,1
776114,1,1
776327,1,1
776537,1,1
776761,1,1
777393,1,1
777056,1,1
777268,1,1
777479,1,1
777690,1,1
777902,1,1
778114,1,1
778326,1,1
779056,1,1
779267,1,1
779479,1,1
779690,1,1
779901,1,1
780112,1,1
780323,1,1
780535,1,1
780747,1,1
781056,1,1
781278,1,1
781490,1,1
781704,1,1
781929,1,1
782141,1,1
782353,1,1
782565,1,1
782791,1,1
783427,1,1
783056,1,1
783269,1,1
783480,1,1
783692,1,1
783899,1,1
784112,1,1
784324,1,1
785056,1,1
785269,1,1
785492,1,1
785705,1,1
785916,1,1
786141,1,1
786353,1,1
786565,1,1
786777,1,1
787056,1,1
787267,1,1
787480,1,1
787691,1,1
787904,1,1
788117,1,1
788330,1,1
788542,1,1
788754,1,1
788964,1,1
789691,1,1
789056,1,1
789267,1,1
789481,1,1
789706,1,1
789919,1,1
790130,1,1
791056,1,1
791268,1,1
791481,1,1
791692,1,1
791904,1,1
792116,1,1
792330,1,1
792542,1,1
792846,1,1
793056,1,1
793267,1,1
793480,1,1
793692,1,1
793903,1,1
794126,1,1
794339,1,1
794564,1,1
794776,1,1
795410,1,1
795056,1,1
795268,1,1
795480,1,1
795692,1,1
795904,1,1
796116,1,1
797056,1,1
797268,1,1
797481,1,1
797693,1,1
797905,1,1
798118,1,1
798330,1,1
798551,1,1
798763,1,1
798987,1,1
799056,1,1
799268,1,1
799482,1,1
799694,1,1
799907,1,1
800119,1,1
800331,1,1
800543,1,1
800755,1,1
801389,1,1
801060,1,1
801272,1,1
801485,1,1
801696,1,1
801907,1,1
802130,1,1
802341,1,1
803060,1,1
803273,1,1
803484,1,1
803697,1,1
803908,1,1
804120,1,1
804333,1,1
804545,1,1
804758,1,1
805060,1,1
805271,1,1
805483,1,1
805694,1,1
805906,1,1
806117,1,1
806329,1,1
806542,1,1
806754,1,1
807412,1,1
807060,1,1
807272,1,1
807486,1,1
807698,1,1
807910,1,1
808123,1,1
808335,1,1
808547,1,1
808759,1,1
808972,1,1
809184,1,1
809397,1,1
809606,1,1
809819,1,1
810031,1,1
810243,1,1
810455,1,1
810667,1,1
810891,1,1
811115,1,1
811325,1,1
811537,1,1
811843,1,1
812055,1,1
812267,1,1
812479,1,1
812690,1,1
812903,1,1
813116,1,1
813326,1,1
813539,1,1
813751,1,1
814383,0,0
814595,0,0
814806,0,0
815018,0,0
815242,0,0
815467,0,0
815678,0,0
815890,0,0
816102,0,0
816313,0,0
816525,0,0
816736,0,0
816948,0,0
817161,0,0
817373,0,0
817584,0,0
817796,0,0
818007,0,0
818218,0,0
818432,0,0
818644,0,0
818856,0,0
819068,0,0
819281,0,0
819503,0,0
819729,0,0
819941,0,0
820153,0,0
820364,0,0
820575,0,0
820788,0,0
820998,0,0
821211,0,0
821439,0,0
821650,0,0
821862,0,0
822073,0,0
822283,0,0
822496,0,0
822709,0,0
822922,0,0
823129,0,0
823341,0,0
823553,0,0
823777,0,0
824001,0,0
824213,0,0
824426,0,0
824639,0,0
824851,0,0
825062,0,0
825275,0,0
825487,0,0
825699,0,0
825911,0,0
826124,0,0
826336,0,0
826548,0,0
826760,0,0
826971,0,0
827183,0,0
827396,0,0
827607,0,0
827819,0,0
828512,0,0
828737,0,0
828950,0,0
829163,0,0
829375,0,0
829587,0,0
829798,0,0
830010,0,0
830223,0,0
830512,0,0
830725,0,0
831568,1,1
831778,1,1
831991,1,1
832204,1,1
832512,1,1
832724,1,1
832946,1,1
833171,1,1
833382,1,1
833594,1,1
833807,1,1
834019,1,1
834231,1,1
834443,1,1
834512,1,1
834724,1,1
834934,1,1
835145,1,1
835357,1,1
835570,1,1
835782,1,1
835993,1,1
836206,1,1
836512,1,1
836726,1,1
836937,1,1
837593,1,1
837807,1,1
838017,1,1
838229,1,1
838512,1,1
838724,1,1
838937,1,1
839149,1,1
839360,1,1
839572,1,1
839785,1,1
839997,1,1
840210,1,1
840421,1,1
840512,1,1
840724,1,1
840935,1,1
841239,1,1
841450,1,1
841687,1,1
841898,1,1
842110,1,1
842319,1,1
842512,1,1
842725,1,1
843358,1,1
843570,1,1
843782,1,1
843994,1,1
844205,1,1
844512,1,1
844723,1,1
844936,1,1
845148,1,1
845360,1,1
845572,1,1
845784,1,1
846018,1,1
846231,1,1
846443,1,1
846512,1,1
846725,1,1
846937,1,1
847149,1,1
847361,1,1
847574,1,1
847785,1,1
847996,1,1
848208,1,1
848512,1,1
848725,1,1
848935,1,1
849568,1,1
849779,1,1
849990,1,1
850225,1,1
850512,1,1
850724,1,1
850936,1,1
851148,1,1
851375,1,1
851587,1,1
851797,1,1
852010,1,1
852222,1,1
852435,1,1
852512,1,1
852724,1,1
852932,1,1
853145,1,1
853356,1,1
853569,1,1
853781,1,1
853993,1,1
854219,1,1
854513,1,1
854725,1,1
854937,1,1
855571,1,1
855784,1,1
855996,1,1
856209,1,1
856421,1,1
856512,1,1
856723,1,1
856934,1,1
857147,1,1
857359,1,1
857571,1,1
857783,1,1
857995,1,1
858208,1,1
858512,1,1
858734,1,1
858946,1,1
859159,1,1
859371,1,1
859583,1,1
859796,1,1
860008,1,1
860220,1,1
860512,1,1
860724,1,1
860933,1,1
861582,1,1
861793,1,1
862004,1,1
862216,1,1
862428,1,1
862512,1,1
862736,1,1
862956,1,1
863168,1,1
863380,1,1
863593,1,1
863805,1,1
864016,1,1
864229,1,1
864512,1,1
864725,1,1
864937,1,1
865149,1,1
865360,1,1
865573,1,1
865785,1,1
865997,1,1
866209,1,1
866512,1,1
866724,1,1
866936,1,1
867593,1,1
867804,1,1
868017,1,1
868228,1,1
868439,1,1
868512,1,1
868725,1,1
868937,1,1
869150,1,1
869360,1,1
869572,1,1
869784,1,1
869995,1,1
870206,1,1
870512,1,1
870817,1,1
871029,1,1
871253,1,1
871463,1,1
871675,1,1
871897,1,1
872109,1,1
872321,1,1
872512,1,1
872725,1,1
872937,1,1
873571,1,1
873783,1,1
873995,1,1
874206,1,1
874417,1,1
874512,1,1
874724,1,1
874936,1,1
875148,1,1
875372,1,1
875583,1,1
875796,1,1
876019,1,1
876230,1,1
876513,1,1
876724,1,1
876937,1,1
877147,1,1
877360,1,1
877572,1,1
877784,1,1
877996,1,1
878208,1,1
878512,1,1
878724,1,1
878936,1,1
879569,1,1
879794,1,1
880006,1,1
880217,1,1
880438,1,1
880512,1,1
880816,1,1
881028,1,1
881240,1,1
881452,1,1
881664,1,1
881876,1,1
882088,1,1
882300,1,1
882512,1,1
882722,1,1
882933,1,1
883146,1,1
883358,1,1
883569,1,1
883781,1,1
884007,1,1
884218,1,1
884512,1,1
884734,1,1
884946,1,1
885580,1,1
885790,1,1
886003,1,1
886215,1,1
886426,1,1
886512,1,1
886724,1,1
886936,1,1
887147,1,1
887359,1,1
887571,1,1
887783,1,1
887994,1,1
888219,1,1
888512,1,1
888725,1,1
888947,1,1
889158,1,1
889370,1,1
889581,1,1
889792,1,1
890005,1,1
890217,1,1
890512,1,1
890723,1,1
890935,1,1
891569,1,1
891780,1,1
891992,1,1
892204,1,1
892417,1,1
892512,1,1
892723,1,1
892934,1,1
893145,1,1
893366,1,1
893578,1,1
893790,1,1
894002,1,1
894215,1,1
894512,1,1
894723,1,1
894935,1,1
895147,1,1
895359,1,1
895572,1,1
895784,1,1
895996,1,1
896209,1,1
896421,1,1
896633,1,1
896858,1,1
897070,1,1
897281,1,1
897493,1,1
897716,1,1
897928,1,1
898141,1,1
898353,1,1
898986,0,0
899197,0,0
899408,0,0
899620,0,0
899832,0,0
900045,0,0
900270,0,0
900482,0,0
900694,0,0
900906,0,0
901130,0,0
901342,0,0
901555,0,0
901766,0,0
901985,0,0
902198,0,0
902409,0,0
902621,0,0
902832,0,0
903045,0,0
903257,0,0
903469,0,0
903680,0,0
903892,0,0
904103,0,0
904315,0,0
904526,0,0
904739,0,0
904951,0,0
905163,0,0
905388,0,0
905600,0,0
905811,0,0
906023,0,0
906244,0,0
906456,0,0
906668,0,0
906880,0,0
907092,0,0
907304,0,0
907517,0,0
907729,0,0
907941,0,0
908153,0,0
908366,0,0
908576,0,0
908788,0,0
909000,0,0
909213,0,0
909452,0,0
909664,0,0
909875,0,0
910087,0,0
910298,0,0
910520,0,0
910733,0,0
910941,0,0
911153,0,0
911364,0,0
911576,0,0
911787,0,0
911999,0,0
912210,0,0
912423,0,0
912635,0,0
912847,0,0
913059,0,0
913271,0,0
913484,0,0
913708,0,0
913920,0,0
914131,0,0
914343,0,0
914555,0,0
914777,0,0
914990,0,0
915203,0,0
915415,0,0
915628,0,0
915840,0,0
916052,0,0
916264,0,0
916476,0,0
916687,0,0
916900,0,0
917111,0,0
917324,0,0
917536,0,0
917749,0,0
917982,0,0
918194,0,0
918406,0,0
918616,0,0
918828,0,0
919040,0,0
919262,0,0
919473,0,0
919685,0,0
919897,0,0
920109,0,0
920320,0,0
920532,0,0
920743,0,0
920954,0,0
921165,0,0
921378,0,0
921590,0,0
921802,0,0
922014,0,0
922239,0,0
922451,0,0
922663,0,0
922875,0,0
923087,0,0
923300,0,0
923522,0,0
923734,0,0
923946,0,0
924159,0,0
924370,0,0
924582,0,0
924793,0,0
925005,0,0
925217,0,0
925429,0,0
925641,0,0
925853,0,0
926066,0,0
926278,0,0
926503,0,0
926714,0,0
926927,0,0
927139,0,0
927350,0,0
927577,0,0
927799,0,0
928011,0,0
928221,0,0
928432,0,0
928645,0,0
928857,0,0
929069,0,0
929278,0,0
929489,0,0
929700,0,0
929912,0,0
930122,0,0
930334,0,0
930546,0,0
930772,0,0
930984,0,0
931196,0,0
931408,0,0
931620,0,0
931831,0,0
932053,0,0
932264,0,0
932477,0,0
932689,0,0
932901,0,0
933113,0,0
933325,0,0
933537,0,0
933749,0,0
933960,0,0
934172,0,0
934384,0,0
934596,0,0
934808,0,0
935033,0,0
935245,0,0
935456,0,0
935668,0,0
935880,0,0
936092,0,0
936315,0,0
936527,0,0
936754,0,0
936966,0,0
937178,0,0
937390,0,0
937602,0,0
937814,0,0
938027,0,0
938239,0,0
938448,0,0
938660,0,0
938871,0,0
939096,0,0
939306,0,0
939518,0,0
939730,0,0
939942,0,0
940154,0,0
940365,0,0
940586,0,0
940799,0,0
941009,0,0
941221,0,0
941433,0,0
941645,0,0
941857,0,0
942070,0,0
942282,0,0
942493,0,0
942705,0,0
942916,0,0
943128,0,0
943353,0,0
943566,0,0
943778,0,0
943989,0,0
944201,0,0
944413,0,0
944624,0,0
944836,0,0
945059,0,0
945271,0,0
945483,0,0
945696,0,0
945906,0,0
946117,0,0
946329,0,0
946538,0,0
946750,0,0
946961,0,0
947173,0,0
947385,0,0
947612,0,0
947824,0,0
948036,0,0
948246,0,0
948457,0,0
948668,0,0
948880,0,0
949092,0,0
949315,0,0
949525,0,0
949735,0,0
949947,0,0
950157,0,0
950369,0,0
950581,0,0
950793,0,0
951004,0,0
951216,0,0
951428,0,0
951640,0,0
951864,0,0
952075,0,0
952286,0,0
952498,0,0
952709,0,0
952923,0,0
953135,0,0
953347,0,0
953568,0,0
953780,0,0
953992,0,0
954204,0,0
954415,0,0
954627,0,0
954853,0,0
955065,0,0
955276,0,0
955488,0,0
955699,0,0
955911,0,0
956135,0,0
956347,0,0
956556,0,0
956768,0,0
956977,0,0
957190,0,0
957401,0,0
957613,0,0
957834,0,0
958046,0,0
958259,0,0
958472,0,0
958683,0,0
958895,0,0
959106,0,0
959318,0,0
959529,0,0
959741,0,0
959952,0,0
960165,0,0
960390,0,0
960601,0,0
960813,0,0
961024,0,0
961236,0,0
961446,0,0
961658,0,0
961870,0,0
962092,0,0
962303,0,0
962515,0,0
962726,0,0
962938,0,0
963149,0,0
963361,0,0
963574,0,0
963787,0,0
964014,0,0
964226,0,0
964451,0,0
964663,0,0
964875,0,0
965087,0,0
965299,0,0
965512,0,0
965723,0,0
965935,0,0
966147,0,0
966370,0,0
966582,0,0
966794,0,0
967006,0,0
967218,0,0
967430,0,0
967643,0,0
967856,0,0
968067,0,0
968280,0,0
968493,0,0
968718,0,0
968930,0,0
969143,0,0
969357,0,0
969569,0,0
969781,0,0
969994,0,0
970205,0,0
970416,0,0
970629,0,0
970851,0,0
971063,0,0
971277,0,0
971489,0,0
971701,0,0
971914,0,0
972126,0,0
972337,0,0
972550,0,0
972762,0,0
972987,0,0
973197,0,0
973409,0,0
973622,0,0
973834,0,0
974045,0,0
974257,0,0
974469,0,0
974682,0,0
974895,0,0
975119,0,0
975331,0,0
975544,0,0
975756,0,0
975967,0,0
976179,0,0
976392,0,0
976604,0,0
976817,0,0
977029,0,0
977255,0,0
977468,0,0
977679,0,0
977891,0,0
978103,0,0
978316,0,0
978529,0,0
978743,0,0
978955,0,0
979167,0,0
979390,0,0
979601,0,0
979814,0,0
980026,0,0
980239,0,0
980451,0,0
980663,0,0
980875,0,0
981088,0,0
981300,0,0
981525,0,0
981737,0,0
981950,0,0
982179,0,0
982391,0,0
982603,0,0
982815,0,0
983026,0,0
983238,0,0
983451,0,0
983674,0,0
983885,0,0
984097,0,0
984309,0,0
984521,0,0
984734,0,0
984944,0,0
985157,0,0
985369,0,0
985580,0,0
985806,0,0
986018,0,0
986230,0,0
986443,0,0
986654,0,0
986867,0,0
987079,0,0
987291,0,0
987505,0,0
987717,0,0
987940,0,0
988152,0,0
988364,0,0
988576,0,0
988788,0,0
989000,0,0
989212,0,0
989424,0,0
989638,0,0
989851,0,0
990075,0,0
990287,0,0
990499,0,0
990712,0,0
990924,0,0
991137,0,0
991365,0,0
991577,0,0
991790,0,0
992002,0,0
992224,0,0
992436,0,0
992650,0,0
992863,0,0
993076,0,0
993288,0,0
993500,0,0
993712,0,0
993925,0,0
994149,0,0
994361,0,0
994573,0,0
994785,0,0
994997,0,0
995209,0,0
995421,0,0
995634,0,0
995846,0,0
996057,0,0
996269,0,0
996482,0,0
996704,0,0
996917,0,0
997129,0,0
997341,0,0
997553,0,0
997765,0,0
997978,0,0
998189,0,0
998415,0,0
998627,0,0
998839,0,0
999051,0,0
999264,0,0
999476,0,0
999688,0,0
999900,0,0
1000112,0,0
1000340,0,0
1000552,0,0
1000765,0,0
1000989,0,0
1001201,0,0
1001413,0,0
1001626,0,0
1001839,0,0
1002049,0,0
1002262,0,0
1002474,0,0
1002699,0,0
1002912,0,0
1003125,0,0
1003336,0,0
1003549,0,0
1003763,0,0
1003976,0,0
1004188,0,0
1004400,0,0
1004613,0,0
1004826,0,0
1005036,0,0
1005261,0,0
1005473,0,0
1005686,0,0
1005898,0,0
1006111,0,0
1006323,0,0
1006535,0,0
1006748,0,0
1006972,0,0
1007184,0,0
1007396,0,0
1007608,0,0
1007820,0,0
1008033,0,0
1008244,0,0
1008457,0,0
1008670,0,0
1008975,0,0
1009188,0,0
1009401,0,0
1009624,0,0
1009836,0,0
1010048,0,0
1010260,0,0
1010473,0,0
1010685,0,0
1010898,0,0
1011125,0,0
1011337,0,0
1011550,0,0
1011762,0,0
1011975,0,0
1012187,0,0
1012398,0,0
1012609,0,0
1012823,0,0
1013035,0,0
1013247,0,0
1013460,0,0
1013672,0,0
1013894,0,0
1014107,0,0
1014318,0,0
1014532,0,0
1014745,0,0
1014957,0,0
1015169,0,0
1015394,0,0
1015606,0,0
1015819,0,0
1016031,0,0
1016244,0,0
1016457,0,0
1016670,0,0
1016883,0,0
1017095,0,0
1017399,0,0
1017612,0,0
1017824,0,0
1018036,0,0
1018259,0,0
1018474,0,0
1018686,0,0
1018899,0,0
1019111,0,0
1019324,0,0
1019536,0,0
1019761,0,0
1019975,0,0
1020188,0,0
1020400,0,0
1020612,0,0
1020825,0,0
1021036,0,0
1021249,0,0
1021462,0,0
1021674,0,0
1021887,0,0
1022099,0,0
1022311,0,0
1022535,0,0
1022748,0,0
1022960,0,0
1023172,0,0
1023382,0,0
1023594,0,0
1023806,0,0
1024034,0,0
1024246,0,0
1024458,0,0
1024670,0,0
1024883,0,0
1025094,0,0
1025306,0,0
1025520,0,0
1025731,0,0
1025959,0,0
1026172,0,0
1026384,0,0
1026596,0,0
1026819,0,0
1027032,0,0
1027244,0,0
1027456,0,0
1027665,0,0
1027877,0,0
1028090,0,0
1028315,0,0
1028527,0,0
1028740,0,0
1028952,0,0
1029164,0,0
1029376,0,0
1029589,0,0
1029801,0,0
1030012,0,0
1030224,0,0
1030437,0,0
1030649,0,0
1030861,0,0
1031074,0,0
1031296,0,0
1031508,0,0
1031720,0,0
1031933,0,0
1032146,0,0
1032358,0,0
1032583,0,0
1032795,0,0
1033009,0,0
1033221,0,0
1033434,0,0
1033647,0,0
1033859,0,0
1034072,0,0
1034377,0,0
1034588,0,0
1034801,0,0
1035014,0,0
1035226,0,0
1035438,0,0
1035660,0,0
1035873,0,0
1036086,0,0
1036298,0,0
1036510,0,0
1036736,0,0
1036949,0,0
1037161,0,0
1037374,0,0
1037586,0,0
1037798,0,0
1038010,0,0
1038223,0,0
1038436,0,0
1038647,0,0
1038860,0,0
1039072,0,0
1039284,0,0
1039497,0,0
1039709,0,0
1039932,0,0
1040144,0,0
1040358,0,0
1040570,0,0
1040782,0,0
1041006,0,0
1041219,0,0
1041432,0,0
1041643,0,0
1041856,0,0
1042068,0,0
1042280,0,0
1042492,0,0
1042720,0,0
1042933,0,0
1043144,0,0
1043357,0,0
1043569,0,0
1043781,0,0
1043994,0,0
1044217,0,0
1044426,0,0
1044637,0,0
1044850,0,0
1045062,0,0
1045287,0,0
1045500,0,0
1045712,0,0
1045924,0,0
1046137,0,0
1046349,0,0
1046561,0,0
1046773,0,0
1046986,0,0
1047197,0,0
1047410,0,0
1047621,0,0
1047835,0,0
1048047,0,0
1048259,0,0
1048482,0,0
1048695,0,0
1048907,0,0
1049118,0,0
1049331,0,0
1049555,0,0
1049768,0,0
1049979,0,0
1050191,0,0
1050404,0,0
1050616,0,0
1050828,0,0
1051041,0,0
1051345,0,0
1051558,0,0
1051770,0,0
1051982,0,0
1052194,0,0
1052407,0,0
1052619,0,0
1052842,0,0
1053054,0,0
1053266,0,0
1053478,0,0
1053690,0,0
1053915,0,0
1054128,0,0
1054341,0,0
1054553,0,0
1054766,0,0
1054977,0,0
1055190,0,0
1055402,0,0
1055613,0,0
1055825,0,0
1056037,0,0
1056251,0,0
1056463,0,0
1056676,0,0
1056887,0,0
1057111,0,0
1057323,0,0
1057536,0,0
1057749,0,0
1057961,0,0
1058186,0,0
1058399,0,0
1058610,0,0
1058824,0,0
1059038,0,0
1059250,0,0
1059462,0,0
1059690,0,0
1059901,0,0
1060114,0,0
1060326,0,0
1060538,0,0
1060751,0,0
1060963,0,0
1061176,0,0
1061394,0,0
1061606,0,0
1061819,0,0
1062031,0,0
1062257,0,0
1062470,0,0
1062682,0,0
1062894,0,0
1063107,0,0
1063318,0,0
1063530,0,0
1063743,0,0
1063954,0,0
1064167,0,0
1064382,0,0
1064594,0,0
1064806,0,0
1065018,0,0
1065231,0,0
1065443,0,0
1065656,0,0
1065878,0,0
1066090,0,0
1066302,0,0
1066528,0,0
1066740,0,0
1066952,0,0
1067164,0,0
1067377,0,0
1067590,0,0
1067803,0,0
1068016,0,0
1068227,0,0
1068438,0,0
1068650,0,0
1068863,0,0
1069075,0,0
1069288,0,0
1069500,0,0
1069713,0,0
1069927,0,0
1070150,0,0
1070362,0,0
1070575,0,0
1070799,0,0
1071010,0,0
1071224,0,0
1071437,0,0
1071649,0,0
1071861,0,0
1072074,0,0
1072286,0,0
1072499,0,0
1072711,0,0
1072923,0,0
1073136,0,0
1073349,0,0
1073561,0,0
1073775,0,0
1073987,0,0
1074198,0,0
1074422,0,0
1074634,0,0
1074846,0,0
1075070,0,0
1075283,0,0
1075497,0,0
1075710,0,0
1075923,0,0
1076136,0,0
1076349,0,0
1076576,0,0
1076789,0,0
1077001,0,0
1077214,0,0
1077425,0,0
1077637,0,0
1077850,0,0
1078062,0,0
1078270,0,0
1078483,0,0
1078706,0,0
1078919,0,0
1079132,0,0
1079357,0,0
1079570,0,0
1079782,0,0
1079995,0,0
1080207,0,0
1080420,0,0
1080632,0,0
1080845,0,0
1081056,0,0
1081269,0,0
1081482,0,0
1081694,0,0
1081907,0,0
1082119,0,0
1082331,0,0
1082544,0,0
1082756,0,0
1082978,0,0
1083189,0,0
1083400,0,0
1083626,0,0
1083837,0,0
1084049,0,0
1084262,0,0
1084475,0,0
1084687,0,0
1084916,0,0
1085128,0,0
1085340,0,0
1085553,0,0
1085765,0,0
1085978,0,0
1086190,0,0
1086404,0,0
1086613,0,0
1086825,0,0
1087038,0,0
1087262,0,0
1087475,0,0
1087700,0,0
1087913,0,0
1088127,0,0
1088338,0,0
1088551,0,0
1088764,0,0
1088977,0,0
1089190,0,0
1089402,0,0
1089615,0,0
1089827,0,0
1090041,0,0
1090253,0,0
1090464,0,0
1090677,0,0
1090890,0,0
1091102,0,0
1091314,0,0
1091526,0,0
1091749,0,0
1091973,0,0
1092185,0,0
1092396,0,0
1092609,0,0
1092822,0,0
1093033,0,0
1093246,0,0
1093475,0,0
1093687,0,0
1093899,0,0
1094110,0,0
1094322,0,0
1094533,0,0
1094746,0,0
1094959,0,0
1095167,0,0
1095380,0,0
1095591,0,0
1095804,0,0
1096026,0,0
1096252,0,0
1096464,0,0
1096677,0,0
1096889,0,0
1097102,0,0
1097314,0,0
1097526,0,0
1097739,0,0
1097952,0,0
1098165,0,0
1098377,0,0
1098590,0,0
1098802,0,0
1099014,0,0
1099226,0,0
1099439,0,0
1099651,0,0
1099865,0,0
1100078,0,0
1100301,0,0
1100526,0,0
1100737,0,0
1100949,0,0
1101162,0,0
1101375,0,0
1101589,0,0
1101895,0,0
1102107,0,0
1102319,0,0
1102532,0,0
1102744,0,0
1102955,0,0
1103168,0,0
1103380,0,0
1103592,0,0
1103803,0,0
1104015,0,0
1104228,0,0
1104441,0,0
1104676,0,0
1104890,0,0
1105103,0,0
1105315,0,0
1105528,0,0
1105741,0,0
1105953,0,0
1106165,0,0
1106378,0,0
1106590,0,0
1106803,0,0
1107015,0,0
1107228,0,0
1107440,0,0
1107653,0,0
1107865,0,0
1108078,0,0
1108289,0,0
1108501,0,0
1108715,0,0
1108951,0,0
1109164,0,0
1109376,0,0
1109588,0,0
1109801,0,0
1110014,0,0
1110243,0,0
1110455,0,0
1110667,0,0
1110879,0,0
1111091,0,0
1111303,0,0
1111515,0,0
1111727,0,0
1111939,0,0
1112151,0,0
1112362,0,0
1112576,0,0
1112788,0,0
1113001,0,0
1113237,0,0
1113449,0,0
1113663,0,0
1113875,0,0
1114087,0,0
1114302,0,0
1114515,0,0
1114727,0,0
1114940,0,0
1115152,0,0
1115363,0,0
1115575,0,0
1115787,0,0
1115999,0,0
1116213,0,0
1116425,0,0
1116637,0,0
1116849,0,0
1117062,0,0
1117274,0,0
1117511,0,0
1117722,0,0
1117934,0,0
1118147,0,0
1118360,0,0
1118571,0,0
1118877,0,0
1119087,0,0
1119300,0,0
1119510,0,0
1119723,0,0
1119935,0,0
1120148,0,0
1120360,0,0
1120572,0,0
1120784,0,0
1120996,0,0
1121209,0,0
1121420,0,0
1121632,0,0
1121869,0,0
1122081,0,0
1122294,0,0
1122507,0,0
1122718,0,0
1122931,0,0
1123143,0,0
1123355,0,0
1123568,0,0
1123780,0,0
1123993,0,0
1124204,0,0
1124417,0,0
1124629,0,0
1124842,0,0
1125054,0,0
1125266,0,0
1125479,0,0
1125691,0,0
1125903,0,0
1126129,0,0
1126350,0,0
1126563,0,0
1126775,0,0
1126987,0,0
1127292,0,0
1127505,0,0
1127717,0,0
1127930,0,0
1128142,0,0
1128355,0,0
1128567,0,0
1128780,0,0
1128992,0,0
1129205,0,0
1129418,0,0
1129630,0,0
1129842,0,0
1130055,0,0
1130268,0,0
1130493,0,0
1130715,0,0
1130927,0,0
1131140,0,0
1131353,0,0
1131565,0,0
1131778,0,0
1131989,0,0
1132203,0,0
1132415,0,0
1132628,0,0
1132841,0,0
1133053,0,0
1133266,0,0
1133478,0,0
1133691,0,0
1133903,0,0
1134116,0,0
1134329,0,0
1134543,0,0
1134767,0,0
1134989,0,0
1135201,0,0
1135414,0,0
1135626,0,0
1135932,0,0
1136144,0,0
1136356,0,0
1136568,0,0
1136780,0,0
1136992,0,0
1137205,0,0
1137416,0,0
1137628,0,0
1137841,0,0
1138054,0,0
1138267,0,0
1138479,0,0
1138691,0,0
1138916,0,0
1139129,0,0
1139353,0,0
1139564,0,0
1139776,0,0
1139989,0,0
1140202,0,0
1140413,0,0
1140626,0,0
1140839,0,0
1141051,0,0
1141263,0,0
1141474,0,0
1141688,0,0
1141900,0,0
1142113,0,0
1142323,0,0
1142536,0,0
1142749,0,0
1142961,0,0
1143186,0,0
1143398,0,0
1143621,0,0
1143833,0,0
1144046,0,0
1144351,0,0
1144563,0,0
1144776,0,0
1144988,0,0
1145202,0,0
1145414,0,0
1145627,0,0
1145840,0,0
1146051,0,0
1146264,0,0
1146475,0,0
1146687,0,0
1146900,0,0
1147112,0,0
1147324,0,0
1147551,0,0
1147762,0,0
1147985,0,0
1148196,0,0
1148409,0,0
1148622,0,0
1148833,0,0
1149045,0,0
1149257,0,0
1149470,0,0
1149681,0,0
1149894,0,0
1150106,0,0
1150319,0,0
1150528,0,0
1150739,0,0
1150952,0,0
1151164,0,0
1151376,0,0
1151588,0,0
1151814,0,0
1152027,0,0
1152250,0,0
1152462,0,0
1152691,0,0
1152902,0,0
1153114,0,0
1153326,0,0
1153540,0,0
1153752,0,0
1153964,0,0
1154176,0,0
1154385,0,0
1154597,0,0
1154810,0,0
1155021,0,0
1155233,0,0
1155446,0,0
1155658,0,0
1155871,0,0
1156096,0,0
1156309,0,0
1156532,0,0
1156744,0,0
1156956,0,0
1157169,0,0
1157382,0,0
1157595,0,0
1157807,0,0
1158019,0,0
1158232,0,0
1158444,0,0
1158656,0,0
1158869,0,0
1159082,0,0
1159294,0,0
1159507,0,0
1159719,0,0
1159931,0,0
1160143,0,0
1160368,0,0
1160579,0,0
1160792,0,0
1161014,0,0
1161320,0,0
1161533,0,0
1161746,0,0
1161958,0,0
1162170,0,0
1162382,0,0
1162595,0,0
1162807,0,0
1163019,0,0
1163232,0,0
1163444,0,0
1163657,0,0
1163869,0,0
1164082,0,0
1164293,0,0
1164518,0,0
1164731,0,0
1164943,0,0
1165154,0,0
1165377,0,0
1165589,0,0
1165802,0,0
1166013,0,0
1166225,0,0
1166438,0,0
1166651,0,0
1166864,0,0
1167077,0,0
1167289,0,0
1167502,0,0
1167714,0,0
1167926,0,0
1168138,0,0
1168350,0,0
1168563,0,0
1168788,0,0
1169001,0,0
1169213,0,0
1169426,0,0
1169742,0,0
1169955,0,0
1170167,0,0
1170379,0,0
1170591,0,0
1170803,0,0
1171016,0,0
1171229,0,0
1171440,0,0
1171652,0,0
1171865,0,0
1172078,0,0
1172289,0,0
1172501,0,0
1172714,0,0
1172926,0,0
1173151,0,0
1173364,0,0
1173576,0,0
1173789,0,0
1174012,0,0
1174225,0,0
1174438,0,0
1174650,0,0
1174862,0,0
1175075,0,0
1175287,0,0
1175501,0,0
1175713,0,0
1175925,0,0
1176138,0,0
1176350,0,0
1176562,0,0
1176774,0,0
1176989,0,0
1177201,0,0
1177427,0,0
1177640,0,0
1177851,0,0
1178064,0,0
1178283,0,0
1178496,0,0
1178708,0,0
1178922,0,0
1179133,0,0
1179345,0,0
1179558,0,0
1179771,0,0
1179983,0,0
1180196,0,0
1180408,0,0
1180620,0,0
1180832,0,0
1181044,0,0
1181256,0,0
1181468,0,0
1181694,0,0
1181907,0,0
1182119,0,0
1182331,0,0
1182554,0,0
1182766,0,0
1182978,0,0
1183191,0,0
1183404,0,0
1183617,0,0
1183829,0,0
1184042,0,0
1184254,0,0
1184466,0,0
1184679,0,0
1184891,0,0
1185102,0,0
1185317,0,0
1185530,0,0
1185742,0,0
1185968,0,0
1186180,0,0
1186392,0,0
1186618,0,0
1186843,0,0
1187054,0,0
1187267,0,0
1187478,0,0
1187690,0,0
1187902,0,0
1188115,0,0
1188324,0,0
1188536,0,0
1188749,0,0
1188962,0,0
1189175,0,0
1189386,0,0
1189598,0,0
1189811,0,0
1190023,0,0
1190248,0,0
1190459,0,0
1190672,0,0
1190885,0,0
1191097,0,0
1191321,0,0
1191534,0,0
1191745,0,0
1191957,0,0
1192170,0,0
1192382,0,0
1192594,0,0
1192806,0,0
1193019,0,0
1193231,0,0
1193444,0,0
1193656,0,0
1193867,0,0
