p:4000,20000,6000,600,8000,4000,2000,8000,70
15026,0,0
15126,0,0
15226,0,0
15326,0,0
15426,0,0
15526,0,0
15626,0,0
15726,0,0
15826,0,0
15926,0,0
16026,0,0
16126,0,0
16226,0,0
16326,1,1
16426,1,1
16526,1,1
16626,1,1
16726,1,1
16826,1,1
16926,1,1
17026,1,1
17126,1,1
17226,1,1
17326,1,1
17426,1,1
17526,1,1
17626,1,1
17726,1,1
17826,1,1
17926,1,1
18026,1,1
18126,1,1
18226,1,1
18326,1,1
18426,1,1
18526,1,1
18626,1,1
18726,1,1
18826,1,1
18926,1,1
19023,1,1
19123,1,1
19223,1,1
19323,1,1
19423,1,1
19523,1,1
19623,1,1
19723,1,1
19823,1,1
19923,1,1
20023,1,1
20123,1,1
20223,1,1
20323,1,1
20423,1,1
20523,1,1
20623,1,1
20723,1,1
20823,1,1
20923,1,1
21023,1,1
21123,1,1
21223,1,1
21323,1,1
21423,1,1
21523,1,1
21623,1,1
21723,1,1
21823,1,1
21923,1,1
22023,1,1
22123,1,1
22223,1,1
22323,1,1
22423,1,1
22523,1,1
22623,1,1
22723,1,1
22823,1,1
22923,1,1
23023,1,1
23104,1,1
23204,1,1
23304,1,1
23404,1,1
23504,1,1
23604,1,1
23704,1,1
23804,1,1
23904,1,1
24004,1,1
24104,1,1
24204,1,1
24304,1,1
24404,1,1
24504,1,1
24604,1,1
24704,1,1
24804,1,1
24904,1,1
25004,1,1
25104,1,1
25204,1,1
25304,1,1
25404,1,1
25504,1,1
25604,1,1
25704,1,1
25804,1,1
25904,1,1
26004,1,1
26104,1,1
26204,1,1
26304,1,1
26404,1,1
26504,1,1
26604,1,1
26704,1,1
26804,1,1
26904,1,1
27004,1,1
27113,1,1
27213,1,1
27313,1,1
27413,1,1
27513,1,1
27613,1,1
27713,1,1
27813,1,1
27913,1,1
28013,1,1
28113,1,1
28213,1,1
28313,1,1
28413,1,1
28513,1,1
28613,1,1
28713,1,1
28813,1,1
28913,1,1
29013,1,1
29113,1,1
29213,1,1
29313,1,1
29413,1,1
29530,1,1
29630,1,1
29730,1,1
29830,1,1
29930,1,1
30030,1,1
30130,1,1
30230,1,1
30330,1,1
30430,1,1
30531,1,1
30631,1,1
30731,1,1
30831,1,1
30931,1,1
31031,1,1
31127,1,1
31227,1,1
31327,1,1
31427,1,1
31527,1,1
31627,1,1
31727,1,1
31827,1,1
31927,1,1
32027,1,1
32127,1,1
32227,1,1
32327,1,1
32427,1,1
32527,1,1
32627,1,1
32727,1,1
32827,1,1
32927,1,1
33027,1,1
33127,1,1
33227,1,1
33327,1,1
33428,1,1
33528,1,1
33628,1,1
33728,1,1
33828,1,1
33928,1,1
34028,1,1
34128,1,1
34228,1,1
34328,1,1
34428,1,1
34528,1,1
34628,1,1
34728,1,1
34828,1,1
34928,1,1
35028,1,1
35124,1,1
35224,1,1
35324,1,1
35424,1,1
35524,1,1
35624,1,1
35724,1,1
35824,1,1
35924,1,1
36024,1,1
36124,1,1
36224,1,1
36325,1,1
36425,1,1
36525,1,1
36625,1,1
36725,1,1
36825,1,1
36925,1,1
37025,1,1
37125,1,1
37225,1,1
37325,1,1
37425,1,1
37525,1,1
37625,1,1
37725,1,1
37825,1,1
37925,1,1
38025,1,1
38125,1,1
38225,1,1
38325,1,1
38425,1,1
38525,1,1
38625,1,1
38725,1,1
38825,1,1
38925,1,1
39025,1,1
39121,1,1
39221,1,1
39321,1,1
39421,1,1
39521,1,1
39621,1,1
39721,1,1
39821,1,1
39921,1,1
40021,1,1
40121,1,1
40221,1,1
40321,1,1
40421,1,1
40521,1,1
40621,1,1
40721,1,1
40821,1,1
40921,1,1
41021,1,1
41121,1,1
41221,1,1
41321,1,1
41421,1,1
41521,1,1
41621,1,1
41721,1,1
41821,1,1
41921,1,1
42021,1,1
42121,1,1
42221,1,1
42321,1,1
42421,1,1
42521,1,1
42621,1,1
42721,1,1
42821,1,1
42921,1,1
43021,1,1
43116,1,1
43216,1,1
43316,1,1
43416,1,1
43516,1,1
43616,1,1
43716,1,1
43816,1,1
43916,1,1
44016,1,1
44116,1,1
44216,1,1
44316,1,1
44416,1,1
44516,1,1
44616,1,1
44716,1,1
44816,1,1
44916,1,1
45016,1,1
45116,1,1
45216,1,1
45316,1,1
45416,1,1
45516,1,1
45616,1,1
45716,1,1
45816,1,1
45916,1,1
46016,1,1
46116,1,1
46216,1,1
46316,1,1
46416,1,1
46516,1,1
46616,1,1
46716,1,1
46816,1,1
46916,1,1
47016,1,1
47111,1,1
47211,1,1
47311,1,1
47411,1,1
47511,1,1
47611,1,1
47711,1,1
47811,1,1
47911,1,1
48011,1,1
48111,1,1
48211,1,1
48311,1,1
48411,1,1
48511,1,1
48611,1,1
48711,1,1
48811,1,1
48911,1,1
49011,1,1
49111,1,1
49211,1,1
49311,1,1
49411,1,1
49511,1,1
49611,1,1
49711,1,1
49811,1,1
49911,1,1
50011,1,1
50111,1,1
50211,1,1
50311,1,1
50411,1,1
50511,1,1
50611,1,1
50711,1,1
50811,1,1
50911,1,1
51011,1,1
51107,1,1
51207,1,1
51307,1,1
51407,1,1
51507,1,1
51607,1,1
51707,1,1
51807,1,1
51907,1,1
52007,1,1
52107,1,1
52207,1,1
52310,1,1
52410,1,1
52510,1,1
52610,1,1
52710,1,1
52810,1,1
52910,1,1
53010,1,1
53110,1,1
53210,1,1
53310,1,1
53410,1,1
53510,1,1
53610,1,1
53710,1,1
53810,1,1
53910,1,1
54010,1,1
54110,1,1
54210,1,1
54310,1,1
54410,1,1
54510,1,1
54611,1,1
54711,1,1
54811,1,1
54911,1,1
55011,1,1
55111,1,1
55211,1,1
55311,1,1
55411,1,1
55511,1,1
55611,1,1
55711,1,1
55811,1,1
55911,1,1
56011,1,1
56111,1,1
56211,1,1
56311,1,1
56411,1,1
56511,1,1
56611,1,1
56711,1,1
56811,1,1
56911,1,1
57011,1,1
57111,1,1
57211,1,1
57311,1,1
57411,1,1
57511,1,1
57611,1,1
57711,1,1
57811,1,1
57911,1,1
58011,1,1
58111,1,1
58211,1,1
58311,1,1
58411,1,1
58511,1,1
58611,1,1
58711,1,1
58811,1,1
58911,1,1
59011,1,1
59111,1,1
59211,1,1
59311,1,1
59411,1,1
59511,1,1
59611,1,1
59711,1,1
59811,1,1
59911,1,1
60011,1,1
60111,1,1
60211,1,1
60339,0,0
60439,0,0
60539,0,0
60639,0,0
60739,0,0
60839,0,0
60939,0,0
61039,0,0
61139,0,0
61239,0,0
61339,0,0
61439,0,0
61539,0,0
61639,0,0
61739,0,0
61839,0,0
61939,0,0
62039,0,0
62139,0,0
62239,0,0
62339,0,0
62439,0,0
62539,0,0
62639,0,0
62739,0,0
62839,0,0
62939,0,0
63039,0,0
63139,0,0
63239,0,0
63339,0,0
63439,0,0
63539,0,0
63639,0,0
63739,0,0
63839,0,0
63939,0,0
64039,0,0
64139,0,0
64239,0,0
64339,0,0
64439,0,0
64539,0,0
64639,0,0
64739,0,0
64839,0,0
64939,0,0
65039,0,0
65139,0,0
65239,0,0
65339,0,0
65439,0,0
65539,0,0
65639,0,0
65739,0,0
65839,0,0
65939,0,0
66039,0,0
66139,0,0
66239,0,0
66339,0,0
66439,0,0
66539,0,0
66639,0,0
66739,0,0
66839,0,0
66939,0,0
67039,0,0
67139,0,0
67239,0,0
67339,0,0
67439,0,0
67539,0,0
67639,0,0
67739,0,0
67839,0,0
67939,0,0
68039,0,0
68139,0,0
68239,0,0
68339,0,0
68439,0,0
68539,0,0
68639,0,0
68739,0,0
68839,0,0
68939,0,0
69039,0,0
69139,0,0
69239,0,0
69339,0,0
69439,0,0
69539,0,0
69639,0,0
69739,0,0
69839,0,0
69939,0,0
70039,0,0
70139,0,0
70239,0,0
70339,0,0
70439,0,0
70539,0,0
70639,0,0
70739,0,0
70839,0,0
70939,0,0
71039,0,0
71139,0,0
71239,0,0
71339,0,0
71439,0,0
71539,0,0
71639,0,0
71739,0,0
71839,0,0
71939,0,0
72039,0,0
72139,0,0
72239,0,0
72339,0,0
72439,0,0
72539,0,0
72639,0,0
72739,0,0
72839,0,0
72939,0,0
73039,0,0
73139,0,0
73239,0,0
73339,0,0
73439,0,0
73539,0,0
73639,0,0
73739,0,0
73789,1,1
73889,1,1
73989,1,1
74089,1,1
74189,1,1
74289,1,1
74389,1,1
74489,1,1
74589,1,1
74689,1,1
74789,1,1
74889,1,1
74989,1,1
75089,1,1
75189,1,1
75289,1,1
75389,1,1
75489,1,1
75589,1,1
75689,1,1
75789,1,1
75889,1,1
75989,1,1
76089,1,1
76189,1,1
76289,1,1
76389,1,1
76489,1,1
76589,1,1
76689,1,1
76789,1,1
76889,1,1
76989,1,1
77089,1,1
77189,1,1
77289,1,1
77389,1,1
77489,1,1
77589,1,1
77689,1,1
77799,1,1
77899,1,1
77999,1,1
78099,1,1
78199,1,1
78299,1,1
78399,1,1
78499,1,1
78599,1,1
78699,1,1
78799,1,1
78899,1,1
78999,1,1
79099,1,1
79199,1,1
79299,1,1
79399,1,1
79499,1,1
79599,1,1
79699,1,1
79799,1,1
79899,1,1
79999,1,1
80099,1,1
80199,1,1
80299,1,1
80399,1,1
80499,1,1
80599,1,1
80699,1,1
80799,1,1
80899,1,1
80999,1,1
81099,1,1
81199,1,1
81299,1,1
81399,1,1
81499,1,1
81599,1,1
81699,1,1
81794,1,1
81894,1,1
81994,1,1
82094,1,1
82194,1,1
82294,1,1
82394,1,1
82494,1,1
82594,1,1
82694,1,1
82794,1,1
82894,1,1
82994,1,1
83094,1,1
83194,1,1
83294,1,1
83394,1,1
83494,1,1
83594,1,1
83694,1,1
83794,1,1
83894,1,1
83994,1,1
84094,1,1
84194,1,1
84294,1,1
84394,1,1
84494,1,1
84594,1,1
84694,1,1
84794,1,1
84894,1,1
84994,1,1
85094,1,1
85194,1,1
85294,1,1
85394,1,1
85494,1,1
85594,1,1
85694,1,1
85790,1,1
85890,1,1
85990,1,1
86090,1,1
86190,1,1
86290,1,1
86390,1,1
86490,1,1
86590,1,1
86690,1,1
86790,1,1
86890,1,1
86990,1,1
87090,1,1
87190,1,1
87290,1,1
87390,1,1
87490,1,1
87590,1,1
87690,1,1
87790,1,1
87890,1,1
87990,1,1
88090,1,1
88190,1,1
88290,1,1
88390,1,1
88490,1,1
88590,1,1
88690,1,1
88790,1,1
88890,1,1
88990,1,1
89090,1,1
89190,1,1
89290,1,1
89390,1,1
89490,1,1
89590,1,1
89690,1,1
89785,1,1
89885,1,1
89985,1,1
90085,1,1
90185,1,1
90285,1,1
90385,1,1
90485,1,1
90585,1,1
90685,1,1
90785,1,1
90885,1,1
90985,1,1
91085,1,1
91185,1,1
91285,1,1
91385,1,1
91485,1,1
91585,1,1
91685,1,1
91785,1,1
91885,1,1
91985,1,1
92085,1,1
92185,1,1
92285,1,1
92385,1,1
92485,1,1
92585,1,1
92685,1,1
92785,1,1
92885,1,1
92985,1,1
93085,1,1
93185,1,1
93285,1,1
93385,1,1
93485,1,1
93585,1,1
93685,1,1
93781,1,1
93881,1,1
93981,1,1
94081,1,1
94181,1,1
94281,1,1
94381,1,1
94481,1,1
94581,1,1
94681,1,1
94781,1,1
94881,1,1
94981,1,1
95081,1,1
95181,1,1
95281,1,1
95381,1,1
95481,1,1
95581,1,1
95681,1,1
95781,1,1
95881,1,1
95981,1,1
96081,1,1
96181,1,1
96281,1,1
96381,1,1
96481,1,1
96581,1,1
96681,1,1
96781,1,1
96881,1,1
96981,1,1
97081,1,1
97181,1,1
97281,1,1
97381,1,1
97481,1,1
97581,1,1
97681,1,1
97781,1,1
97881,1,1
97976,1,1
98076,1,1
98176,1,1
98276,1,1
98376,1,1
98476,1,1
98576,1,1
98676,1,1
98776,1,1
98876,1,1
98976,1,1
99076,1,1
99176,1,1
99276,1,1
99376,1,1
99476,1,1
99576,1,1
99676,1,1
99776,1,1
99876,1,1
99976,1,1
100076,1,1
100176,1,1
100276,1,1
100376,1,1
100476,1,1
100576,1,1
100676,1,1
100776,1,1
100876,1,1
100976,1,1
101076,1,1
101176,1,1
101276,1,1
101376,1,1
101476,1,1
101576,1,1
101676,1,1
101776,1,1
101876,1,1
101983,1,1
102083,1,1
102183,1,1
102283,1,1
102383,1,1
102483,1,1
102583,1,1
102683,1,1
102783,1,1
102883,1,1
102983,1,1
103083,1,1
103183,1,1
103283,1,1
103383,1,1
103483,1,1
103583,1,1
103683,1,1
103783,1,1
103883,1,1
103983,1,1
104083,1,1
104183,1,1
104283,1,1
104383,1,1
104483,1,1
104583,1,1
104683,1,1
104783,1,1
104883,1,1
104983,1,1
105083,1,1
105183,1,1
105283,1,1
105383,1,1
105483,1,1
105583,1,1
105683,1,1
105784,1,1
105884,1,1
105980,1,1
106080,1,1
106180,1,1
106280,1,1
106380,1,1
106480,1,1
106580,1,1
106680,1,1
106780,1,1
106880,1,1
106980,1,1
107080,1,1
107180,1,1
107280,1,1
107380,1,1
107480,1,1
107580,1,1
107680,1,1
107780,1,1
107880,1,1
107980,1,1
108080,1,1
108180,1,1
108280,1,1
108380,1,1
108480,1,1
108580,1,1
108680,1,1
108781,1,1
108881,1,1
108981,1,1
109081,1,1
109181,1,1
109281,1,1
109381,1,1
109481,1,1
109581,1,1
109681,1,1
109805,1,1
109905,1,1
110001,1,1
110101,1,1
110201,1,1
110301,1,1
110401,1,1
110501,1,1
110601,1,1
110701,1,1
110801,1,1
110901,1,1
111001,1,1
111101,1,1
111201,1,1
111301,1,1
111401,1,1
111501,1,1
111601,1,1
111701,1,1
111801,1,1
111901,1,1
112001,1,1
112101,1,1
112201,1,1
112301,1,1
112401,1,1
112501,1,1
112601,1,1
112702,1,1
112802,1,1
112902,1,1
113002,1,1
113102,1,1
113202,1,1
113302,1,1
113402,1,1
113502,1,1
113602,1,1
113702,1,1
113802,1,1
113902,1,1
114002,1,1
114102,1,1
114202,1,1
114302,1,1
114402,1,1
114502,1,1
114602,1,1
114702,1,1
114802,1,1
114902,1,1
115002,1,1
115102,1,1
115202,1,1
115302,1,1
115402,1,1
115502,1,1
115603,1,1
115703,1,1
115803,1,1
115903,1,1
116003,1,1
116103,1,1
116203,1,1
116303,1,1
116403,1,1
116503,1,1
116603,1,1
116703,1,1
116803,1,1
116903,1,1
117003,1,1
117103,1,1
117203,1,1
117303,1,1
117403,1,1
117503,1,1
117603,1,1
117703,1,1
117830,0,0
117930,0,0
118030,0,0
118130,0,0
118230,0,0
118330,0,0
118430,0,0
118530,0,0
118630,0,0
118730,0,0
118830,0,0
118931,0,0
119031,0,0
119131,0,0
119231,0,0
119331,0,0
119431,0,0
119531,0,0
119631,0,0
119731,0,0
119831,0,0
119931,0,0
120031,0,0
120131,0,0
120231,0,0
120331,0,0
120431,0,0
120531,0,0
120631,0,0
120731,0,0
120831,0,0
120931,0,0
121031,0,0
121131,0,0
121231,0,0
121331,0,0
121431,0,0
121531,0,0
121631,0,0
121731,0,0
121831,0,0
121931,0,0
122031,0,0
122131,0,0
122231,0,0
122331,0,0
122431,0,0
122531,0,0
122631,0,0
122731,0,0
122831,0,0
122931,0,0
123031,0,0
123131,0,0
123231,0,0
123331,0,0
123431,0,0
123531,0,0
123631,0,0
123731,0,0
123831,0,0
123931,0,0
124031,0,0
124131,0,0
124231,0,0
124331,0,0
124431,0,0
124531,0,0
124631,0,0
124731,0,0
124831,0,0
124931,0,0
125031,0,0
125131,0,0
125231,0,0
125331,0,0
125431,0,0
125531,0,0
125631,0,0
125731,0,0
125831,0,0
125931,0,0
126013,0,0
126113,0,0
126213,0,0
126313,0,0
126413,0,0
126513,0,0
126613,0,0
126713,0,0
126813,0,0
126913,0,0
127013,0,0
127113,0,0
127213,0,0
127313,0,0
127413,0,0
127513,0,0
127613,0,0
127713,0,0
127813,0,0
127913,0,0
128013,0,0
128113,0,0
128213,0,0
128313,0,0
128413,0,0
128513,0,0
128613,0,0
128713,0,0
128813,0,0
128913,0,0
129013,0,0
129113,0,0
129213,0,0
129313,0,0
129413,0,0
129513,0,0
129613,0,0
129713,0,0
129813,1,1
129913,1,1
130007,1,1
130107,1,1
130207,1,1
130307,1,1
130407,1,1
130507,1,1
130607,1,1
130707,1,1
130807,1,1
130907,1,1
131007,1,1
131107,1,1
131207,1,1
131307,1,1
131407,1,1
131507,1,1
131607,1,1
131707,1,1
131807,1,1
131907,1,1
132007,1,1
132107,1,1
132207,1,1
132307,1,1
132407,1,1
132507,1,1
132607,1,1
132707,1,1
132807,1,1
132907,1,1
133007,1,1
133107,1,1
133207,1,1
133307,1,1
133407,1,1
133507,1,1
133607,1,1
133707,1,1
133807,1,1
133907,1,1
134004,1,1
134104,1,1
134204,1,1
134304,1,1
134404,1,1
134504,1,1
134604,1,1
134704,1,1
134804,1,1
134904,1,1
135004,1,1
135104,1,1
135204,1,1
135304,1,1
135404,1,1
135504,1,1
135604,1,1
135704,1,1
135804,1,1
135904,1,1
136004,1,1
136104,1,1
136204,1,1
136304,1,1
136404,1,1
136504,1,1
136604,1,1
136704,1,1
136804,1,1
136904,1,1
137004,1,1
137104,1,1
137204,1,1
137304,1,1
137404,1,1
137504,1,1
137604,1,1
137704,1,1
137804,1,1
137904,1,1
138000,1,1
138100,1,1
138200,1,1
138300,1,1
138400,1,1
138500,1,1
138600,1,1
138700,1,1
138800,1,1
138900,1,1
139000,1,1
139100,1,1
139200,1,1
139300,1,1
139400,1,1
139500,1,1
139600,1,1
139700,1,1
139800,1,1
139900,1,1
140000,1,1
140100,1,1
140200,1,1
140300,1,1
140400,1,1
140500,1,1
140600,1,1
140700,1,1
140800,1,1
140900,1,1
141000,1,1
141100,1,1
141200,1,1
141300,1,1
141400,1,1
141500,1,1
141600,1,1
141700,1,1
141814,1,1
141914,1,1
142009,1,1
142109,1,1
142209,1,1
142309,1,1
142409,1,1
142509,1,1
142609,1,1
142709,1,1
142809,1,1
142909,1,1
143009,1,1
143109,1,1
143209,1,1
143309,1,1
143409,1,1
143509,1,1
143609,1,1
143709,1,1
143809,1,1
143909,1,1
144009,1,1
144109,1,1
144209,1,1
144309,1,1
144410,1,1
144510,1,1
144610,1,1
144710,1,1
144810,1,1
144910,1,1
145010,1,1
145110,1,1
145210,1,1
145310,1,1
145410,1,1
145510,1,1
145610,1,1
145710,1,1
145810,1,1
145910,1,1
145995,1,1
146095,1,1
146195,1,1
146295,1,1
146395,1,1
146495,1,1
146595,1,1
146695,1,1
146795,1,1
146895,1,1
146995,1,1
147095,1,1
147195,1,1
147296,1,1
147396,1,1
147496,1,1
147596,1,1
147696,1,1
147796,1,1
147896,1,1
147996,1,1
148096,1,1
148196,1,1
148296,1,1
148396,1,1
148496,1,1
148596,1,1
148696,1,1
148796,1,1
148896,1,1
148996,1,1
149096,1,1
149196,1,1
149296,1,1
149396,1,1
149496,1,1
149596,1,1
149696,1,1
149796,1,1
149896,1,1
149991,1,1
150091,1,1
150191,1,1
150291,1,1
150391,1,1
150491,1,1
150591,1,1
150691,1,1
150791,1,1
150891,1,1
150991,1,1
151091,1,1
151191,1,1
151291,1,1
151391,1,1
151491,1,1
151591,1,1
151691,1,1
151791,1,1
151891,1,1
151991,1,1
152091,1,1
152191,1,1
152291,1,1
152391,1,1
152491,1,1
152591,1,1
152691,1,1
152791,1,1
152891,1,1
152991,1,1
153091,1,1
153191,1,1
153291,1,1
153391,1,1
153491,1,1
153591,1,1
153691,1,1
153791,1,1
153891,1,1
153986,1,1
154086,1,1
154186,1,1
154286,1,1
154386,1,1
154486,1,1
154586,1,1
154686,1,1
154786,1,1
154886,1,1
154986,1,1
155086,1,1
155186,1,1
155286,1,1
155386,1,1
155486,1,1
155586,1,1
155686,1,1
155786,1,1
155886,1,1
155986,1,1
156086,1,1
156186,1,1
156286,1,1
156386,1,1
156486,1,1
156586,1,1
156686,1,1
156786,1,1
156886,1,1
156986,1,1
157086,1,1
157186,1,1
157286,1,1
157386,1,1
157486,1,1
157586,1,1
157686,1,1
157786,1,1
157886,1,1
157982,1,1
158082,1,1
158182,1,1
158282,1,1
158382,1,1
158482,1,1
158582,1,1
158682,1,1
158782,1,1
158882,1,1
158982,1,1
159082,1,1
159182,1,1
159282,1,1
159382,1,1
159482,1,1
159582,1,1
159682,1,1
159782,1,1
159882,1,1
159982,1,1
160082,1,1
160182,1,1
160282,1,1
160382,1,1
160482,1,1
160582,1,1
160682,1,1
160782,1,1
160882,1,1
160982,1,1
161082,1,1
161182,1,1
161282,1,1
161382,1,1
161482,1,1
161582,1,1
161682,1,1
161782,1,1
161882,1,1
161979,1,1
162079,1,1
162179,1,1
162279,1,1
162379,1,1
162479,1,1
162579,1,1
162679,1,1
162779,1,1
162879,1,1
162979,1,1
163079,1,1
163179,1,1
163279,1,1
163379,1,1
163479,1,1
163579,1,1
163679,1,1
163779,1,1
163879,1,1
163979,1,1
164079,1,1
164179,1,1
164279,1,1
164379,1,1
164479,1,1
164579,1,1
164679,1,1
164779,1,1
164879,1,1
164979,1,1
165079,1,1
165179,1,1
165279,1,1
165379,1,1
165479,1,1
165579,1,1
165679,1,1
165779,1,1
165879,1,1
165999,1,1
166068,1,1
166168,1,1
166268,1,1
166368,1,1
166468,1,1
166568,1,1
166668,1,1
166768,1,1
166868,1,1
166968,1,1
167068,1,1
167168,1,1
167268,1,1
167368,1,1
167468,1,1
167568,1,1
167668,1,1
167768,1,1
167868,1,1
167968,1,1
168068,1,1
168168,1,1
168268,1,1
168368,1,1
168468,1,1
168568,1,1
168668,1,1
168768,1,1
168868,1,1
168968,1,1
169068,1,1
169168,1,1
169268,1,1
169368,1,1
169468,1,1
169568,1,1
169668,1,1
169768,1,1
169868,1,1
169968,1,1
170068,1,1
170168,1,1
170268,1,1
170368,1,1
170468,1,1
170568,1,1
170668,1,1
170768,1,1
170868,1,1
170968,1,1
171068,1,1
171168,1,1
171268,1,1
171368,1,1
171468,1,1
171568,1,1
171668,1,1
171768,1,1
171868,1,1
171968,1,1
172068,1,1
172168,1,1
172268,1,1
172368,1,1
172468,1,1
172568,1,1
172668,1,1
172768,1,1
172868,1,1
172968,1,1
173068,1,1
173168,1,1
173268,1,1
173368,1,1
173468,1,1
173568,1,1
173668,1,1
173768,1,1
173868,1,1
173968,1,1
174068,0,0
174168,0,0
174268,0,0
174368,0,0
174468,0,0
174568,0,0
174668,0,0
174768,0,0
174868,0,0
174968,0,0
175068,0,0
175168,0,0
175268,0,0
175368,0,0
175468,0,0
175568,0,0
175668,0,0
175768,0,0
175868,0,0
175968,0,0
176068,0,0
176168,0,0
176268,0,0
176368,0,0
176468,0,0
176568,0,0
176668,0,0
176768,0,0
176868,0,0
176968,0,0
177068,0,0
177168,0,0
177268,0,0
177368,0,0
177468,0,0
177568,0,0
177668,0,0
177768,0,0
177868,0,0
177968,0,0
178068,0,0
178168,0,0
178268,0,0
178368,0,0
178468,0,0
178568,0,0
178668,0,0
178768,0,0
178868,0,0
178968,0,0
179068,0,0
179168,0,0
179268,0,0
179368,0,0
179468,0,0
179568,0,0
179668,0,0
179768,0,0
179868,0,0
179968,0,0
180068,0,0
180168,0,0
180268,0,0
180368,0,0
180468,0,0
180568,0,0
180668,0,0
180768,0,0
180868,0,0
180968,0,0
181068,0,0
181168,0,0
181268,0,0
181368,0,0
181468,0,0
181568,0,0
181668,0,0
181768,0,0
181868,0,0
181968,0,0
182068,0,0
182168,0,0
182268,0,0
182368,0,0
182468,0,0
182568,0,0
182668,0,0
182768,0,0
182868,0,0
182968,0,0
183068,0,0
183168,0,0
183268,0,0
183368,0,0
183468,0,0
183568,0,0
183668,0,0
183768,0,0
183868,0,0
183968,0,0
184068,0,0
184168,0,0
184268,0,0
184368,0,0
184468,0,0
184568,0,0
184668,0,0
184768,0,0
184868,0,0
184968,0,0
185068,0,0
185168,0,0
185268,0,0
185368,0,0
185468,0,0
185568,0,0
185668,0,0
185768,0,0
185868,0,0
185994,0,0
186070,1,1
186170,1,1
186270,1,1
186370,1,1
186470,1,1
186570,1,1
186670,1,1
186770,1,1
186870,1,1
186970,1,1
187070,1,1
187170,1,1
187270,1,1
187370,1,1
187470,1,1
187570,1,1
187670,1,1
187770,1,1
187870,1,1
187971,1,1
188071,1,1
188171,1,1
188271,1,1
188371,1,1
188471,1,1
188571,1,1
188671,1,1
188771,1,1
188871,1,1
188971,1,1
189071,1,1
189171,1,1
189271,1,1
189371,1,1
189471,1,1
189571,1,1
189671,1,1
189771,1,1
189871,1,1
189994,1,1
190094,1,1
190194,1,1
190294,1,1
190394,1,1
190494,1,1
190594,1,1
190694,1,1
190794,1,1
190895,1,1
190995,1,1
191095,1,1
191195,1,1
191295,1,1
191395,1,1
191495,1,1
191595,1,1
191695,1,1
191795,1,1
191895,1,1
191995,1,1
192095,1,1
192195,1,1
192295,1,1
192395,1,1
192495,1,1
192595,1,1
192695,1,1
192795,1,1
192895,1,1
192995,1,1
193095,1,1
193195,1,1
193295,1,1
193395,1,1
193495,1,1
193595,1,1
193695,1,1
193795,1,1
193895,1,1
193995,1,1
194090,1,1
194190,1,1
194290,1,1
194390,1,1
194490,1,1
194590,1,1
194690,1,1
194790,1,1
194890,1,1
194990,1,1
195090,1,1
195190,1,1
195290,1,1
195390,1,1
195490,1,1
195590,1,1
195690,1,1
195790,1,1
195890,1,1
195990,1,1
196090,1,1
196190,1,1
196290,1,1
196390,1,1
196490,1,1
196590,1,1
196690,1,1
196790,1,1
196890,1,1
196990,1,1
197090,1,1
197190,1,1
197290,1,1
197390,1,1
197490,1,1
197590,1,1
197690,1,1
197790,1,1
197890,1,1
197990,1,1
198086,1,1
198186,1,1
198286,1,1
198386,1,1
198486,1,1
198586,1,1
198686,1,1
198786,1,1
198886,1,1
198986,1,1
199086,1,1
199186,1,1
199286,1,1
199386,1,1
199486,1,1
199586,1,1
199686,1,1
199786,1,1
199886,1,1
199986,1,1
200086,1,1
200186,1,1
200286,1,1
200386,1,1
200486,1,1
200586,1,1
200686,1,1
200786,1,1
200886,1,1
200986,1,1
201086,1,1
201186,1,1
201286,1,1
201386,1,1
201486,1,1
201586,1,1
201686,1,1
201786,1,1
201886,1,1
201986,1,1
202085,1,1
202185,1,1
202285,1,1
202385,1,1
202485,1,1
202585,1,1
202685,1,1
202785,1,1
202885,1,1
202985,1,1
203085,1,1
203185,1,1
203285,1,1
203385,1,1
203485,1,1
203585,1,1
203685,1,1
203785,1,1
203885,1,1
203985,1,1
204085,1,1
204185,1,1
204285,1,1
204385,1,1
204485,1,1
204585,1,1
204685,1,1
204785,1,1
204885,1,1
204985,1,1
205085,1,1
205185,1,1
205285,1,1
205385,1,1
205485,1,1
205585,1,1
205685,1,1
205785,1,1
205885,1,1
205985,1,1
206099,1,1
206178,1,1
206278,1,1
206378,1,1
206478,1,1
206578,1,1
206678,1,1
206779,1,1
206879,1,1
206979,1,1
207079,1,1
207179,1,1
207279,1,1
207379,1,1
207479,1,1
207579,1,1
207679,1,1
207779,1,1
207879,1,1
207979,1,1
208079,1,1
208179,1,1
208279,1,1
208379,1,1
208479,1,1
208579,1,1
208679,1,1
208779,1,1
208879,1,1
208979,1,1
209079,1,1
209179,1,1
209279,1,1
209379,1,1
209479,1,1
209579,1,1
209680,1,1
209780,1,1
209880,1,1
209980,1,1
210102,1,1
210179,1,1
210279,1,1
210379,1,1
210479,1,1
210579,1,1
210679,1,1
210779,1,1
210879,1,1
210980,1,1
211080,1,1
211180,1,1
211280,1,1
211380,1,1
211480,1,1
211580,1,1
211680,1,1
211780,1,1
211880,1,1
211980,1,1
212080,1,1
212180,1,1
212280,1,1
212380,1,1
212480,1,1
212580,1,1
212680,1,1
212780,1,1
212880,1,1
212980,1,1
213080,1,1
213180,1,1
213280,1,1
213380,1,1
213480,1,1
213580,1,1
213680,1,1
213780,1,1
213881,1,1
213981,1,1
214103,1,1
214203,1,1
214303,1,1
214403,1,1
214503,1,1
214603,1,1
214703,1,1
214803,1,1
214903,1,1
215003,1,1
215103,1,1
215203,1,1
215303,1,1
215403,1,1
215503,1,1
215603,1,1
215703,1,1
215803,1,1
215903,1,1
216003,1,1
216103,1,1
216203,1,1
216303,1,1
216403,1,1
216503,1,1
216603,1,1
216703,1,1
216803,1,1
216903,1,1
217003,1,1
217103,1,1
217203,1,1
217303,1,1
217403,1,1
217503,1,1
217603,1,1
217703,1,1
217803,1,1
217903,1,1
218003,1,1
218104,1,1
218204,1,1
218304,1,1
218404,1,1
218504,1,1
218604,1,1
218704,1,1
218804,1,1
218904,1,1
219004,1,1
219104,1,1
219204,1,1
219304,1,1
219404,1,1
219504,1,1
219604,1,1
219704,1,1
219804,1,1
219904,1,1
220004,1,1
220104,1,1
220204,1,1
220304,1,1
220404,1,1
220504,1,1
220604,1,1
220704,1,1
220804,1,1
220904,1,1
221004,1,1
221104,1,1
221204,1,1
221304,1,1
221404,1,1
221504,1,1
221604,1,1
221704,1,1
221804,1,1
221904,1,1
222004,1,1
222104,1,1
222204,1,1
222300,1,1
222400,1,1
222500,1,1
222600,1,1
222700,1,1
222800,1,1
222900,1,1
223000,1,1
223100,1,1
223200,1,1
223300,1,1
223400,1,1
223500,1,1
223600,1,1
223700,1,1
223800,1,1
223900,1,1
224000,1,1
224100,1,1
224200,1,1
224300,1,1
224400,1,1
224500,1,1
224600,1,1
224700,1,1
224800,1,1
224900,1,1
225000,1,1
225100,1,1
225200,1,1
225300,1,1
225400,1,1
225500,1,1
225600,1,1
225700,1,1
225800,1,1
225900,1,1
226000,1,1
226100,1,1
226200,1,1
226300,1,1
226400,1,1
226500,1,1
226600,1,1
226700,1,1
226800,1,1
226900,1,1
227000,1,1
227100,1,1
227200,1,1
227300,1,1
227400,1,1
227500,1,1
227600,1,1
227700,1,1
227800,1,1
227900,1,1
228000,1,1
228100,1,1
228200,1,1
228300,1,1
228400,1,1
228500,1,1
228600,1,1
228700,1,1
228800,1,1
228900,1,1
229000,1,1
229100,1,1
229200,1,1
229300,1,1
229400,1,1
229500,1,1
229600,1,1
229700,1,1
229800,1,1
229900,1,1
230000,1,1
230100,1,1
230200,1,1
230314,0,0
230414,0,0
230514,0,0
230614,0,0
230714,0,0
230814,0,0
230914,0,0
231014,0,0
231114,0,0
231214,0,0
231314,0,0
231414,0,0
231514,0,0
231614,0,0
231714,0,0
231814,0,0
231914,0,0
232014,0,0
232114,0,0
232214,0,0
232314,0,0
232414,0,0
232514,0,0
232614,0,0
232714,0,0
232814,0,0
232914,0,0
233015,0,0
233115,0,0
233215,0,0
233315,0,0
233415,0,0
233515,0,0
233615,0,0
233715,0,0
233815,0,0
233915,0,0
234015,0,0
234115,0,0
234215,0,0
234315,0,0
234415,0,0
234515,0,0
234615,0,0
234715,0,0
234815,0,0
234915,0,0
235015,0,0
235115,0,0
235215,0,0
235315,0,0
235415,0,0
235515,0,0
235615,0,0
235715,0,0
235815,0,0
235916,0,0
236016,0,0
236116,0,0
236216,0,0
236316,0,0
236416,0,0
236516,0,0
236616,0,0
236716,0,0
236816,0,0
236916,0,0
237016,0,0
237116,0,0
237216,0,0
237316,0,0
237416,0,0
237516,0,0
237616,0,0
237716,0,0
237816,0,0
237916,0,0
238016,0,0
238116,0,0
238216,0,0
238316,0,0
238416,0,0
238516,0,0
238616,0,0
238716,0,0
238816,0,0
238916,0,0
239016,0,0
239116,0,0
239216,0,0
239316,0,0
239416,0,0
239516,0,0
239616,0,0
239716,0,0
239816,0,0
239916,0,0
240016,0,0
240116,0,0
240216,0,0
240316,0,0
240416,0,0
240516,0,0
240616,0,0
240716,0,0
240816,0,0
240916,0,0
241016,0,0
241116,0,0
241216,0,0
241316,0,0
241416,0,0
241516,0,0
241616,0,0
241716,0,0
241816,0,0
241916,0,0
242016,0,0
242116,0,0
242216,0,0
242316,0,0
242416,0,0
242516,0,0
242616,0,0
242716,0,0
242804,0,0
242906,0,0
243006,1,1
243106,1,1
243206,1,1
243306,1,1
243406,1,1
243506,1,1
243606,1,1
243706,1,1
243806,1,1
243906,1,1
244006,1,1
244106,1,1
244206,1,1
244306,1,1
244406,1,1
244506,1,1
244606,1,1
244706,1,1
244806,1,1
244907,1,1
245007,1,1
245107,1,1
245207,1,1
245307,1,1
245407,1,1
245507,1,1
245607,1,1
245707,1,1
245807,1,1
245907,1,1
246007,1,1
246107,1,1
246207,1,1
246307,1,1
246407,1,1
246507,1,1
246607,1,1
246707,1,1
246802,1,1
246902,1,1
247002,1,1
247102,1,1
247202,1,1
247302,1,1
247402,1,1
247502,1,1
247602,1,1
247702,1,1
247803,1,1
247903,1,1
248003,1,1
248103,1,1
248203,1,1
248303,1,1
248403,1,1
248503,1,1
248603,1,1
248703,1,1
248803,1,1
248903,1,1
249003,1,1
249103,1,1
249203,1,1
249303,1,1
249403,1,1
249503,1,1
249603,1,1
249703,1,1
249803,1,1
249903,1,1
250003,1,1
250103,1,1
250203,1,1
250303,1,1
250403,1,1
250503,1,1
250603,1,1
250703,1,1
250799,1,1
250922,1,1
251022,1,1
251122,1,1
251222,1,1
251322,1,1
251422,1,1
251522,1,1
251622,1,1
251722,1,1
251822,1,1
251922,1,1
252023,1,1
252123,1,1
252223,1,1
252323,1,1
252423,1,1
252523,1,1
252623,1,1
252723,1,1
252823,1,1
252923,1,1
253023,1,1
253123,1,1
253223,1,1
253323,1,1
253423,1,1
253523,1,1
253623,1,1
253723,1,1
253823,1,1
253923,1,1
254023,1,1
254123,1,1
254223,1,1
254323,1,1
254423,1,1
254523,1,1
254623,1,1
254723,1,1
254817,1,1
254927,1,1
255027,1,1
255127,1,1
255227,1,1
255327,1,1
255427,1,1
255527,1,1
255627,1,1
255727,1,1
255827,1,1
255927,1,1
256028,1,1
256128,1,1
256228,1,1
256328,1,1
256428,1,1
256528,1,1
256628,1,1
256728,1,1
256828,1,1
256928,1,1
257028,1,1
257128,1,1
257228,1,1
257328,1,1
257428,1,1
257528,1,1
257628,1,1
257728,1,1
257828,1,1
257928,1,1
258028,1,1
258128,1,1
258228,1,1
258328,1,1
258428,1,1
258528,1,1
258628,1,1
258728,1,1
258828,1,1
258929,1,1
259014,1,1
259114,1,1
259214,1,1
259314,1,1
259414,1,1
259514,1,1
259614,1,1
259714,1,1
259814,1,1
259914,1,1
260014,1,1
260114,1,1
260214,1,1
260314,1,1
260414,1,1
260514,1,1
260614,1,1
260714,1,1
260814,1,1
260914,1,1
261014,1,1
261114,1,1
261214,1,1
261314,1,1
261414,1,1
261514,1,1
261614,1,1
261714,1,1
261814,1,1
261914,1,1
262014,1,1
262114,1,1
262214,1,1
262314,1,1
262414,1,1
262514,1,1
262614,1,1
262714,1,1
262814,1,1
262914,1,1
263011,1,1
263111,1,1
263211,1,1
263311,1,1
263411,1,1
263511,1,1
263611,1,1
263711,1,1
263811,1,1
263911,1,1
264011,1,1
264111,1,1
264211,1,1
264311,1,1
264411,1,1
264511,1,1
264611,1,1
264711,1,1
264811,1,1
264911,1,1
265011,1,1
265111,1,1
265211,1,1
265311,1,1
265411,1,1
265511,1,1
265611,1,1
265711,1,1
265811,1,1
265911,1,1
266011,1,1
266111,1,1
266211,1,1
266311,1,1
266411,1,1
266511,1,1
266611,1,1
266711,1,1
266811,1,1
266911,1,1
267038,1,1
267089,1,1
267189,1,1
267289,1,1
267389,1,1
267489,1,1
267589,1,1
267689,1,1
267789,1,1
267889,1,1
267989,1,1
268089,1,1
268189,1,1
268289,1,1
268389,1,1
268489,1,1
268590,1,1
268690,1,1
268790,1,1
268890,1,1
268990,1,1
269090,1,1
269190,1,1
269290,1,1
269390,1,1
269490,1,1
269590,1,1
269690,1,1
269790,1,1
269890,1,1
269990,1,1
270090,1,1
270190,1,1
270290,1,1
270390,1,1
270490,1,1
270590,1,1
270690,1,1
270790,1,1
270890,1,1
271013,1,1
271113,1,1
271213,1,1
271313,1,1
271413,1,1
271513,1,1
271613,1,1
271713,1,1
271813,1,1
271913,1,1
272013,1,1
272113,1,1
272213,1,1
272313,1,1
272413,1,1
272513,1,1
272613,1,1
272713,1,1
272813,1,1
272913,1,1
273013,1,1
273113,1,1
273213,1,1
273313,1,1
273413,1,1
273513,1,1
273613,1,1
273713,1,1
273813,1,1
273913,1,1
274013,1,1
274113,1,1
274213,1,1
274313,1,1
274413,1,1
274513,1,1
274613,1,1
274713,1,1
274813,1,1
274913,1,1
275025,1,1
275125,1,1
275225,1,1
275325,1,1
275425,1,1
275525,1,1
275625,1,1
275725,1,1
275825,1,1
275925,1,1
276025,1,1
276125,1,1
276225,1,1
276325,1,1
276425,1,1
276525,1,1
276625,1,1
276725,1,1
276825,1,1
276925,1,1
277025,1,1
277125,1,1
277225,1,1
277325,1,1
277425,1,1
277525,1,1
277625,1,1
277725,1,1
277825,1,1
277925,1,1
278025,1,1
278125,1,1
278225,1,1
278325,1,1
278425,1,1
278525,1,1
278625,1,1
278725,1,1
278825,1,1
278925,1,1
279020,1,1
279120,1,1
279220,1,1
279320,1,1
279420,1,1
279520,1,1
279620,1,1
279720,1,1
279820,1,1
279920,1,1
280020,1,1
280120,1,1
280220,1,1
280320,1,1
280420,1,1
280520,1,1
280620,1,1
280720,1,1
280820,1,1
280920,1,1
281020,1,1
281120,1,1
281220,1,1
281320,1,1
281420,1,1
281520,1,1
281620,1,1
281720,1,1
281820,1,1
281920,1,1
282020,1,1
282120,1,1
282220,1,1
282320,1,1
282420,1,1
282520,1,1
282620,1,1
282720,1,1
282820,1,1
282920,1,1
283020,1,1
283120,1,1
283220,1,1
283320,1,1
283420,1,1
283520,1,1
283620,1,1
283720,1,1
283820,1,1
283920,1,1
284020,1,1
284120,1,1
284220,1,1
284320,1,1
284420,1,1
284520,1,1
284620,1,1
284720,1,1
284820,1,1
284920,1,1
285020,1,1
285120,1,1
285220,1,1
285320,1,1
285420,1,1
285520,1,1
285620,1,1
285720,1,1
285820,1,1
285920,1,1
286020,1,1
286120,1,1
286220,1,1
286320,1,1
286420,1,1
286520,1,1
286620,1,1
286720,1,1
286820,1,1
286920,1,1
287042,0,0
287142,0,0
287242,0,0
287342,0,0
287442,0,0
287542,0,0
287642,0,0
287742,0,0
287842,0,0
287942,0,0
288042,0,0
288142,0,0
288242,0,0
288342,0,0
288442,0,0
288542,0,0
288642,0,0
288742,0,0
288842,0,0
288942,0,0
289042,0,0
289143,0,0
289243,0,0
289343,0,0
289443,0,0
289543,0,0
289643,0,0
289743,0,0
289843,0,0
289943,0,0
290043,0,0
290143,0,0
290243,0,0
290343,0,0
290443,0,0
290543,0,0
290643,0,0
290743,0,0
290843,0,0
290943,0,0
291043,0,0
291143,0,0
291243,0,0
291343,0,0
291443,0,0
291543,0,0
291643,0,0
291743,0,0
291843,0,0
291943,0,0
292044,0,0
292144,0,0
292244,0,0
292344,0,0
292444,0,0
292544,0,0
292644,0,0
292744,0,0
292844,0,0
292944,0,0
293044,0,0
293144,0,0
293244,0,0
293344,0,0
293444,0,0
293544,0,0
293644,0,0
293744,0,0
293844,0,0
293944,0,0
294044,0,0
294144,0,0
294244,0,0
294344,0,0
294444,0,0
294544,0,0
294644,0,0
294744,0,0
294844,0,0
294944,0,0
295044,0,0
295144,0,0
295244,0,0
295344,0,0
295444,0,0
295544,0,0
295644,0,0
295744,0,0
295844,0,0
295944,0,0
296044,0,0
296144,0,0
296244,0,0
296344,0,0
296444,0,0
296544,0,0
296644,0,0
296744,0,0
296844,0,0
296944,0,0
297044,0,0
297144,0,0
297244,0,0
297344,0,0
297444,0,0
297544,0,0
297644,0,0
297744,0,0
297844,0,0
297944,0,0
298044,0,0
298144,0,0
298244,0,0
298344,0,0
298444,0,0
298544,0,0
298644,0,0
298744,0,0
298844,0,0
298944,0,0
299044,0,0
299144,0,0
299244,0,0
299344,0,0
299444,0,0
299544,0,0
299665,0,0
299714,1,1
299814,1,1
299914,1,1
300015,1,1
300115,1,1
300215,1,1
300315,1,1
300415,1,1
300515,1,1
300615,1,1
300715,1,1
300815,1,1
300915,1,1
301015,1,1
301115,1,1
301215,1,1
301315,1,1
301415,1,1
301515,1,1
301615,1,1
301715,1,1
301815,1,1
301915,1,1
302015,1,1
302115,1,1
302215,1,1
302315,1,1
302415,1,1
302515,1,1
302615,1,1
302715,1,1
302815,1,1
302916,1,1
303016,1,1
303116,1,1
303216,1,1
303316,1,1
303416,1,1
303516,1,1
303639,1,1
303739,1,1
303839,1,1
303939,1,1
304039,1,1
304139,1,1
304239,1,1
304339,1,1
304439,1,1
304539,1,1
304639,1,1
304739,1,1
304839,1,1
304939,1,1
305039,1,1
305139,1,1
305239,1,1
305339,1,1
305439,1,1
305539,1,1
305639,1,1
305739,1,1
305840,1,1
305940,1,1
306040,1,1
306140,1,1
306240,1,1
306340,1,1
306440,1,1
306540,1,1
306640,1,1
306740,1,1
306840,1,1
306940,1,1
307040,1,1
307140,1,1
307240,1,1
307340,1,1
307440,1,1
307540,1,1
307636,1,1
307736,1,1
307836,1,1
307936,1,1
308036,1,1
308136,1,1
308236,1,1
308336,1,1
308436,1,1
308536,1,1
308636,1,1
308736,1,1
308836,1,1
308936,1,1
309036,1,1
309136,1,1
309236,1,1
309336,1,1
309436,1,1
309536,1,1
309636,1,1
309736,1,1
309836,1,1
309936,1,1
310036,1,1
310136,1,1
310236,1,1
310336,1,1
310436,1,1
310536,1,1
310636,1,1
310736,1,1
310836,1,1
310936,1,1
311036,1,1
311136,1,1
311236,1,1
311336,1,1
311436,1,1
311536,1,1
311653,1,1
311735,1,1
311835,1,1
311935,1,1
312035,1,1
312135,1,1
312235,1,1
312335,1,1
312435,1,1
312535,1,1
312635,1,1
312735,1,1
312835,1,1
312935,1,1
313035,1,1
313135,1,1
313235,1,1
313335,1,1
313435,1,1
313535,1,1
313635,1,1
313735,1,1
313835,1,1
313935,1,1
314035,1,1
314135,1,1
314235,1,1
314335,1,1
314435,1,1
314535,1,1
314635,1,1
314736,1,1
314836,1,1
314936,1,1
315036,1,1
315136,1,1
315236,1,1
315336,1,1
315436,1,1
315536,1,1
315645,1,1
315740,1,1
315840,1,1
315940,1,1
316040,1,1
316140,1,1
316240,1,1
316340,1,1
316440,1,1
316540,1,1
316640,1,1
316740,1,1
316840,1,1
316940,1,1
317040,1,1
317140,1,1
317240,1,1
317340,1,1
317440,1,1
317540,1,1
317640,1,1
317740,1,1
317840,1,1
317940,1,1
318040,1,1
318140,1,1
318240,1,1
318340,1,1
318440,1,1
318540,1,1
318640,1,1
318741,1,1
318841,1,1
318941,1,1
319041,1,1
319141,1,1
319241,1,1
319341,1,1
319441,1,1
319541,1,1
319645,1,1
319729,1,1
319829,1,1
319929,1,1
320029,1,1
320129,1,1
320229,1,1
320329,1,1
320429,1,1
320529,1,1
320629,1,1
320729,1,1
320829,1,1
320929,1,1
321029,1,1
321129,1,1
321229,1,1
321329,1,1
321429,1,1
321529,1,1
321629,1,1
321729,1,1
321829,1,1
321929,1,1
322029,1,1
322129,1,1
322229,1,1
322329,1,1
322429,1,1
322529,1,1
322629,1,1
322729,1,1
322829,1,1
322929,1,1
323029,1,1
323129,1,1
323229,1,1
323329,1,1
323429,1,1
323529,1,1
323629,1,1
323729,1,1
323840,1,1
323927,1,1
324027,1,1
324127,1,1
324227,1,1
324327,1,1
324427,1,1
324527,1,1
324627,1,1
324728,1,1
324828,1,1
324928,1,1
325028,1,1
325128,1,1
325228,1,1
325328,1,1
325428,1,1
325528,1,1
325628,1,1
325728,1,1
325828,1,1
325928,1,1
326028,1,1
326128,1,1
326228,1,1
326328,1,1
326428,1,1
326528,1,1
326628,1,1
326728,1,1
326828,1,1
326928,1,1
327028,1,1
327128,1,1
327228,1,1
327328,1,1
327428,1,1
327528,1,1
327644,1,1
327744,1,1
327885,1,1
327985,1,1
328085,1,1
328185,1,1
328285,1,1
328385,1,1
328485,1,1
328585,1,1
328685,1,1
328785,1,1
328885,1,1
328985,1,1
329085,1,1
329185,1,1
329285,1,1
329385,1,1
329485,1,1
329585,1,1
329685,1,1
329785,1,1
329885,1,1
329985,1,1
330085,1,1
330185,1,1
330285,1,1
330385,1,1
330485,1,1
330585,1,1
330685,1,1
330785,1,1
330885,1,1
330985,1,1
331085,1,1
331185,1,1
331285,1,1
331385,1,1
331485,1,1
331585,1,1
331689,1,1
331789,1,1
331884,1,1
331984,1,1
332084,1,1
332184,1,1
332284,1,1
332384,1,1
332484,1,1
332584,1,1
332684,1,1
332784,1,1
332884,1,1
332984,1,1
333084,1,1
333184,1,1
333284,1,1
333384,1,1
333484,1,1
333584,1,1
333684,1,1
333784,1,1
333884,1,1
333984,1,1
334084,1,1
334184,1,1
334284,1,1
334384,1,1
334484,1,1
334584,1,1
334684,1,1
334784,1,1
334884,1,1
334984,1,1
335084,1,1
335184,1,1
335284,1,1
335384,1,1
335484,1,1
335584,1,1
335688,1,1
335788,1,1
335884,1,1
335984,1,1
336084,1,1
336184,1,1
336284,1,1
336384,1,1
336484,1,1
336584,1,1
336684,1,1
336784,1,1
336884,1,1
336984,1,1
337084,1,1
337184,1,1
337284,1,1
337384,1,1
337484,1,1
337584,1,1
337684,1,1
337784,1,1
337884,1,1
337984,1,1
338084,1,1
338184,1,1
338284,1,1
338384,1,1
338484,1,1
338584,1,1
338684,1,1
338784,1,1
338884,1,1
338984,1,1
339084,1,1
339184,1,1
339284,1,1
339384,1,1
339484,1,1
339584,1,1
339688,1,1
339788,1,1
339888,1,1
339988,1,1
340088,1,1
340188,1,1
340288,1,1
340388,1,1
340488,1,1
340588,1,1
340688,1,1
340788,1,1
340888,1,1
340988,1,1
341088,1,1
341188,1,1
341288,1,1
341388,1,1
341488,1,1
341588,1,1
341688,1,1
341788,1,1
341888,1,1
341988,1,1
342088,1,1
342188,1,1
342288,1,1
342388,1,1
342488,1,1
342588,1,1
342688,1,1
342788,1,1
342888,1,1
342988,1,1
343088,1,1
343188,1,1
343288,1,1
343388,1,1
343488,1,1
343588,1,1
343688,1,1
343788,1,1
343888,1,1
343988,1,1
344088,1,1
344188,1,1
344288,1,1
344388,1,1
344488,1,1
344588,1,1
344688,1,1
344788,1,1
344888,1,1
344988,1,1
345088,1,1
345188,1,1
345288,1,1
345388,1,1
345488,1,1
345588,1,1
345688,1,1
345788,1,1
345888,1,1
345988,1,1
346088,1,1
346188,1,1
346288,1,1
346388,1,1
346488,1,1
346588,1,1
346688,1,1
346788,1,1
346888,1,1
346988,1,1
347088,1,1
347188,1,1
347288,1,1
347388,1,1
347488,1,1
347588,1,1
347688,1,1
347788,0,0
347888,0,0
347988,0,0
348088,0,0
348188,0,0
348288,0,0
348388,0,0
348488,0,0
348588,0,0
348688,0,0
348788,0,0
348888,0,0
348988,0,0
349088,0,0
349188,0,0
349288,0,0
349388,0,0
349488,0,0
349588,0,0
349688,0,0
349788,0,0
349888,0,0
349988,0,0
350088,0,0
350188,0,0
350288,0,0
350388,0,0
350488,0,0
350588,0,0
350688,0,0
350788,0,0
350888,0,0
350988,0,0
351088,0,0
351188,0,0
351288,0,0
351388,0,0
351488,0,0
351588,0,0
351688,0,0
351788,0,0
351888,0,0
351988,0,0
352088,0,0
352188,0,0
352288,0,0
352388,0,0
352488,0,0
352588,0,0
352688,0,0
352788,0,0
352888,0,0
352988,0,0
353088,0,0
353188,0,0
353288,0,0
353388,0,0
353488,0,0
353588,0,0
353688,0,0
353788,0,0
353888,0,0
353988,0,0
354088,0,0
354188,0,0
354288,0,0
354388,0,0
354488,0,0
354588,0,0
354688,0,0
354788,0,0
354888,0,0
354988,0,0
355088,0,0
355188,0,0
355288,0,0
355388,0,0
355488,0,0
355588,0,0
355739,0,0
355839,1,1
355939,1,1
356039,1,1
356139,1,1
356239,1,1
356339,1,1
356439,1,1
356539,1,1
356639,1,1
356739,1,1
356839,1,1
356939,1,1
357039,1,1
357139,1,1
357239,1,1
357339,1,1
357439,1,1
357539,1,1
357639,1,1
357739,1,1
357839,1,1
357939,1,1
358040,1,1
358140,1,1
358240,1,1
358316,1,1
358416,1,1
358516,1,1
358616,1,1
358716,1,1
358816,1,1
358916,1,1
359016,1,1
359116,1,1
359216,1,1
359316,1,1
359416,1,1
359516,1,1
359616,1,1
359716,1,1
359816,1,1
359916,1,1
360016,1,1
360116,1,1
360216,1,1
360316,1,1
360416,1,1
360516,1,1
360616,1,1
360716,1,1
360816,1,1
360916,1,1
361016,1,1
361116,1,1
361216,1,1
361316,1,1
361416,1,1
361516,1,1
361616,1,1
361716,1,1
361816,1,1
361916,1,1
362016,1,1
362116,1,1
362216,1,1
362310,1,1
362410,1,1
362510,1,1
362610,1,1
362710,1,1
362810,1,1
362910,1,1
363010,1,1
363110,1,1
363210,1,1
363310,1,1
363410,1,1
363510,1,1
363610,1,1
363710,1,1
363810,1,1
363910,1,1
364010,1,1
364110,1,1
364210,1,1
364310,1,1
364410,1,1
364510,1,1
364610,1,1
364710,1,1
364810,1,1
364910,1,1
365010,1,1
365110,1,1
365210,1,1
365310,1,1
365410,1,1
365510,1,1
365610,1,1
365710,1,1
365810,1,1
365910,1,1
366010,1,1
366110,1,1
366210,1,1
366307,1,1
366407,1,1
366507,1,1
366607,1,1
366707,1,1
366807,1,1
366907,1,1
367007,1,1
367107,1,1
367207,1,1
367307,1,1
367407,1,1
367507,1,1
367607,1,1
367707,1,1
367807,1,1
367907,1,1
368007,1,1
368107,1,1
368207,1,1
368307,1,1
368407,1,1
368507,1,1
368607,1,1
368707,1,1
368807,1,1
368907,1,1
369007,1,1
369107,1,1
369207,1,1
369307,1,1
369407,1,1
369507,1,1
369607,1,1
369707,1,1
369807,1,1
369907,1,1
370007,1,1
370107,1,1
370207,1,1
370302,1,1
370402,1,1
370502,1,1
370602,1,1
370702,1,1
370802,1,1
370902,1,1
371002,1,1
371102,1,1
371202,1,1
371302,1,1
371402,1,1
371502,1,1
371602,1,1
371716,1,1
371816,1,1
371916,1,1
372016,1,1
372116,1,1
372216,1,1
372316,1,1
372416,1,1
372516,1,1
372616,1,1
372716,1,1
372816,1,1
372916,1,1
373016,1,1
373116,1,1
373216,1,1
373316,1,1
373416,1,1
373516,1,1
373616,1,1
373716,1,1
373816,1,1
373917,1,1
374017,1,1
374117,1,1
374217,1,1
374313,1,1
374413,1,1
374513,1,1
374613,1,1
374713,1,1
374813,1,1
374913,1,1
375013,1,1
375113,1,1
375213,1,1
375313,1,1
375413,1,1
375513,1,1
375613,1,1
375713,1,1
375813,1,1
375913,1,1
376013,1,1
376113,1,1
376213,1,1
376313,1,1
376413,1,1
376513,1,1
376613,1,1
376713,1,1
376814,1,1
376914,1,1
377014,1,1
377114,1,1
377214,1,1
377314,1,1
377414,1,1
377514,1,1
377614,1,1
377714,1,1
377814,1,1
377914,1,1
378014,1,1
378114,1,1
378214,1,1
378309,1,1
378409,1,1
378509,1,1
378609,1,1
378709,1,1
378809,1,1
378909,1,1
379009,1,1
379109,1,1
379209,1,1
379309,1,1
379409,1,1
379509,1,1
379609,1,1
379719,1,1
379819,1,1
379919,1,1
380019,1,1
380119,1,1
380219,1,1
380319,1,1
380419,1,1
380519,1,1
380619,1,1
380719,1,1
380820,1,1
380920,1,1
381020,1,1
381120,1,1
381220,1,1
381320,1,1
381420,1,1
381520,1,1
381620,1,1
381720,1,1
381820,1,1
381920,1,1
382020,1,1
382120,1,1
382220,1,1
382315,1,1
382415,1,1
382515,1,1
382615,1,1
382715,1,1
382815,1,1
382915,1,1
383015,1,1
383115,1,1
383215,1,1
383315,1,1
383415,1,1
383515,1,1
383615,1,1
383738,1,1
383838,1,1
383938,1,1
384038,1,1
384138,1,1
384238,1,1
384338,1,1
384438,1,1
384538,1,1
384638,1,1
384738,1,1
384838,1,1
384938,1,1
385039,1,1
385139,1,1
385239,1,1
385339,1,1
385439,1,1
385539,1,1
385639,1,1
385739,1,1
385839,1,1
385939,1,1
386039,1,1
386139,1,1
386239,1,1
386335,1,1
386435,1,1
386535,1,1
386635,1,1
386735,1,1
386835,1,1
386935,1,1
387035,1,1
387135,1,1
387235,1,1
387335,1,1
387435,1,1
387535,1,1
387635,1,1
387735,1,1
387835,1,1
387936,1,1
388036,1,1
388136,1,1
388236,1,1
388336,1,1
388436,1,1
388536,1,1
388636,1,1
388736,1,1
388836,1,1
388936,1,1
389036,1,1
389136,1,1
389236,1,1
389336,1,1
389436,1,1
389536,1,1
389636,1,1
389736,1,1
389836,1,1
389936,1,1
390036,1,1
390136,1,1
390236,1,1
390331,1,1
390431,1,1
390531,1,1
390631,1,1
390731,1,1
390831,1,1
390931,1,1
391031,1,1
391131,1,1
391231,1,1
391331,1,1
391431,1,1
391531,1,1
391631,1,1
391731,1,1
391831,1,1
391931,1,1
392031,1,1
392131,1,1
392231,1,1
392331,1,1
392431,1,1
392531,1,1
392631,1,1
392731,1,1
392831,1,1
392931,1,1
393031,1,1
393131,1,1
393231,1,1
393331,1,1
393431,1,1
393531,1,1
393631,1,1
393731,1,1
393831,1,1
393931,1,1
394031,1,1
394131,1,1
394231,1,1
394327,1,1
394427,1,1
394527,1,1
394627,1,1
394727,1,1
394827,1,1
394927,1,1
395027,1,1
395127,1,1
395227,1,1
395327,1,1
395427,1,1
395527,1,1
395627,1,1
395733,1,1
395833,1,1
395933,1,1
396034,1,1
396134,1,1
396234,1,1
396334,1,1
396434,1,1
396534,1,1
396634,1,1
396734,1,1
396834,1,1
396934,1,1
397034,1,1
397134,1,1
397234,1,1
397334,1,1
397434,1,1
397534,1,1
397634,1,1
397734,1,1
397834,1,1
397934,1,1
398034,1,1
398134,1,1
398234,1,1
398334,1,1
398434,1,1
398534,1,1
398634,1,1
398734,1,1
398834,1,1
398935,1,1
399035,1,1
399135,1,1
399235,1,1
399335,1,1
399435,1,1
399535,1,1
399635,1,1
399735,1,1
399835,1,1
399935,1,1
400035,1,1
400135,1,1
400235,1,1
400335,1,1
400435,1,1
400535,1,1
400635,1,1
400735,1,1
400835,1,1
400935,1,1
401035,1,1
401135,1,1
401235,1,1
401335,1,1
401435,1,1
401535,1,1
401635,1,1
401735,1,1
401835,1,1
401935,1,1
402035,1,1
402135,1,1
402235,1,1
402335,1,1
402435,1,1
402535,1,1
402635,1,1
402735,1,1
402835,1,1
402935,1,1
403035,1,1
403135,1,1
403235,1,1
403335,1,1
403435,1,1
403535,1,1
403635,1,1
403761,0,0
403861,0,0
403961,0,0
404061,0,0
404161,0,0
404261,0,0
404361,0,0
404461,0,0
404561,0,0
404661,0,0
404761,0,0
404861,0,0
404961,0,0
405061,0,0
405161,0,0
405261,0,0
405361,0,0
405461,0,0
405561,0,0
405661,0,0
405762,0,0
405862,0,0
405962,0,0
406062,0,0
406162,0,0
406262,0,0
406362,0,0
406462,0,0
406562,0,0
406662,0,0
406762,0,0
406862,0,0
406962,0,0
407062,0,0
407162,0,0
407262,0,0
407362,0,0
407462,0,0
407562,0,0
407662,0,0
407762,0,0
407862,0,0
407962,0,0
408062,0,0
408162,0,0
408262,0,0
408362,0,0
408462,0,0
408562,0,0
408663,0,0
408763,0,0
408863,0,0
408963,0,0
409063,0,0
409163,0,0
409263,0,0
409363,0,0
409463,0,0
409563,0,0
409663,0,0
409763,0,0
409863,0,0
409963,0,0
410063,0,0
410163,0,0
410263,0,0
410363,0,0
410463,0,0
410563,0,0
410663,0,0
410763,0,0
410863,0,0
410963,0,0
411063,0,0
411163,0,0
411263,0,0
411363,0,0
411463,0,0
411563,0,0
411663,0,0
411763,0,0
411863,0,0
411963,0,0
412063,0,0
412163,0,0
412263,0,0
412363,0,0
412463,0,0
412563,0,0
412663,0,0
412763,0,0
412863,0,0
412963,0,0
413063,0,0
413163,0,0
413263,0,0
413363,0,0
413463,0,0
413563,0,0
413663,0,0
413763,0,0
413863,0,0
413963,0,0
414063,0,0
414163,0,0
414263,0,0
414363,0,0
414463,0,0
414563,0,0
414663,0,0
414763,0,0
414863,0,0
414963,0,0
415063,0,0
415163,0,0
415263,0,0
415363,0,0
415463,0,0
415563,0,0
415663,0,0
415763,0,0
415863,0,0
415963,0,0
416063,0,0
416115,1,1
416215,1,1
416315,1,1
416415,1,1
416515,1,1
416615,1,1
416715,1,1
416815,1,1
416915,1,1
417015,1,1
417115,1,1
417215,1,1
417315,1,1
417415,1,1
417515,1,1
417615,1,1
417715,1,1
417815,1,1
417915,1,1
418015,1,1
418115,1,1
418215,1,1
418315,1,1
418415,1,1
418515,1,1
418615,1,1
418715,1,1
418815,1,1
418915,1,1
419015,1,1
419115,1,1
419215,1,1
419315,1,1
419415,1,1
419515,1,1
419615,1,1
419715,1,1
419815,1,1
419915,1,1
420015,1,1
420124,1,1
420224,1,1
420324,1,1
420424,1,1
420524,1,1
420624,1,1
420724,1,1
420824,1,1
420924,1,1
421024,1,1
421124,1,1
421224,1,1
421324,1,1
421424,1,1
421524,1,1
421624,1,1
421724,1,1
421824,1,1
421924,1,1
422024,1,1
422124,1,1
422224,1,1
422324,1,1
422424,1,1
422524,1,1
422624,1,1
422724,1,1
422824,1,1
422924,1,1
423024,1,1
423124,1,1
423224,1,1
423324,1,1
423424,1,1
423524,1,1
423624,1,1
423724,1,1
423824,1,1
423924,1,1
424024,1,1
424119,1,1
424219,1,1
424319,1,1
424419,1,1
424519,1,1
424619,1,1
424719,1,1
424819,1,1
424919,1,1
425019,1,1
425119,1,1
425219,1,1
425319,1,1
425419,1,1
425519,1,1
425619,1,1
425719,1,1
425819,1,1
425919,1,1
426019,1,1
426119,1,1
426219,1,1
426319,1,1
426419,1,1
426519,1,1
426619,1,1
426719,1,1
426819,1,1
426919,1,1
427019,1,1
427119,1,1
427219,1,1
427319,1,1
427419,1,1
427519,1,1
427619,1,1
427719,1,1
427819,1,1
427919,1,1
428019,1,1
428111,1,1
428211,1,1
428311,1,1
428411,1,1
428511,1,1
428611,1,1
428711,1,1
428811,1,1
428911,1,1
429011,1,1
429111,1,1
429211,1,1
429311,1,1
429411,1,1
429511,1,1
429611,1,1
429711,1,1
429811,1,1
429911,1,1
430011,1,1
430111,1,1
430211,1,1
430311,1,1
430411,1,1
430511,1,1
430611,1,1
430711,1,1
430811,1,1
430911,1,1
431011,1,1
431111,1,1
431211,1,1
431311,1,1
431411,1,1
431511,1,1
431611,1,1
431711,1,1
431811,1,1
431911,1,1
432011,1,1
432111,1,1
432211,1,1
432311,1,1
432411,1,1
432511,1,1
432611,1,1
432711,1,1
432811,1,1
432911,1,1
433011,1,1
433111,1,1
433211,1,1
433311,1,1
433411,1,1
433511,1,1
433611,1,1
433711,1,1
433811,1,1
433911,1,1
434011,1,1
434111,1,1
434211,1,1
434311,1,1
434411,1,1
434511,1,1
434611,1,1
434711,1,1
434811,1,1
434911,1,1
435011,1,1
435111,1,1
435211,1,1
435311,1,1
435411,1,1
435511,1,1
435611,1,1
435711,1,1
435811,1,1
435911,1,1
436011,1,1
436106,1,1
436206,1,1
436306,1,1
436406,1,1
436506,1,1
436606,1,1
436706,1,1
436806,1,1
436906,1,1
437006,1,1
437106,1,1
437206,1,1
437306,1,1
437406,1,1
437506,1,1
437606,1,1
437706,1,1
437806,1,1
437906,1,1
438006,1,1
438106,1,1
438206,1,1
438306,1,1
438406,1,1
438506,1,1
438606,1,1
438706,1,1
438806,1,1
438906,1,1
439006,1,1
439106,1,1
439206,1,1
439306,1,1
439406,1,1
439506,1,1
439606,1,1
439706,1,1
439806,1,1
439906,1,1
440006,1,1
440101,1,1
440201,1,1
440301,1,1
440401,1,1
440501,1,1
440601,1,1
440701,1,1
440801,1,1
440901,1,1
441001,1,1
441101,1,1
441201,1,1
441301,1,1
441401,1,1
441501,1,1
441601,1,1
441701,1,1
441801,1,1
441901,1,1
442001,1,1
442101,1,1
442201,1,1
442301,1,1
442401,1,1
442501,1,1
442601,1,1
442701,1,1
442801,1,1
442901,1,1
443001,1,1
443101,1,1
443201,1,1
443301,1,1
443401,1,1
443501,1,1
443601,1,1
443701,1,1
443801,1,1
443901,1,1
444001,1,1
444108,1,1
444190,1,1
444290,1,1
444390,1,1
444490,1,1
444590,1,1
444690,1,1
444790,1,1
444890,1,1
444990,1,1
445090,1,1
445191,1,1
445291,1,1
445391,1,1
445491,1,1
445591,1,1
445691,1,1
445791,1,1
445891,1,1
445991,1,1
446091,1,1
446191,1,1
446291,1,1
446391,1,1
446491,1,1
446591,1,1
446691,1,1
446791,1,1
446891,1,1
446991,1,1
447091,1,1
447191,1,1
447291,1,1
447391,1,1
447491,1,1
447591,1,1
447691,1,1
447791,1,1
447891,1,1
447991,1,1
448098,1,1
448194,1,1
448294,1,1
448394,1,1
448494,1,1
448594,1,1
448694,1,1
448794,1,1
448894,1,1
448994,1,1
449094,1,1
449194,1,1
449294,1,1
449394,1,1
449494,1,1
449594,1,1
449694,1,1
449795,1,1
449895,1,1
449995,1,1
450095,1,1
450195,1,1
450295,1,1
450395,1,1
450495,1,1
450595,1,1
450695,1,1
450795,1,1
450895,1,1
450995,1,1
451095,1,1
451195,1,1
451295,1,1
451395,1,1
451495,1,1
451595,1,1
451695,1,1
451795,1,1
451895,1,1
451995,1,1
452106,1,1
452201,1,1
452301,1,1
452401,1,1
452501,1,1
452601,1,1
452701,1,1
452801,1,1
452901,1,1
453001,1,1
453101,1,1
453201,1,1
453301,1,1
453401,1,1
453502,1,1
453602,1,1
453702,1,1
453802,1,1
453902,1,1
454002,1,1
454102,1,1
454202,1,1
454302,1,1
454402,1,1
454502,1,1
454602,1,1
454702,1,1
454802,1,1
454902,1,1
455002,1,1
455102,1,1
455202,1,1
455302,1,1
455402,1,1
455502,1,1
455602,1,1
455702,1,1
455802,1,1
455902,1,1
456002,1,1
456117,1,1
456213,1,1
456314,1,1
456414,1,1
456514,1,1
456614,1,1
456714,1,1
456814,1,1
456914,1,1
457014,1,1
457114,1,1
457214,1,1
457314,1,1
457414,1,1
457514,1,1
457614,1,1
457714,1,1
457814,1,1
457914,1,1
458014,1,1
458114,1,1
458214,1,1
458314,1,1
458414,1,1
458514,1,1
458614,1,1
458714,1,1
458814,1,1
458914,1,1
459014,1,1
459114,1,1
459214,1,1
459314,1,1
459414,1,1
459514,1,1
459614,1,1
459714,1,1
459814,1,1
459914,1,1
460014,1,1
460114,1,1
460214,1,1
460314,1,1
460414,1,1
460514,1,1
460614,1,1
460714,1,1
460814,1,1
460914,1,1
461014,1,1
461114,1,1
461214,1,1
461314,1,1
461414,1,1
461514,1,1
461614,1,1
461714,1,1
461814,1,1
461914,1,1
462014,1,1
462114,1,1
462214,1,1
462314,1,1
462414,1,1
462514,1,1
462614,1,1
462714,1,1
462814,1,1
462914,1,1
463014,1,1
463114,1,1
463214,1,1
463314,1,1
463414,1,1
463514,1,1
463614,1,1
463714,1,1
463814,1,1
463914,1,1
464014,1,1
464141,0,0
464241,0,0
464341,0,0
464441,0,0
464541,0,0
464641,0,0
464741,0,0
464841,0,0
464941,0,0
465041,0,0
465141,0,0
465241,0,0
465341,0,0
465441,0,0
465541,0,0
465641,0,0
465741,0,0
465841,0,0
465941,0,0
466042,0,0
466142,0,0
466242,0,0
466342,0,0
466442,0,0
466542,0,0
466642,0,0
466742,0,0
466842,0,0
466942,0,0
467042,0,0
467142,0,0
467242,0,0
467342,0,0
467442,0,0
467542,0,0
467642,0,0
467742,0,0
467842,0,0
467942,0,0
468042,0,0
468142,0,0
468242,0,0
468342,0,0
468442,0,0
468542,0,0
468642,0,0
468742,0,0
468842,0,0
468942,0,0
469042,0,0
469142,0,0
469242,0,0
469342,0,0
469442,0,0
469542,0,0
469642,0,0
469742,0,0
469842,0,0
469942,0,0
470042,0,0
470142,0,0
470242,0,0
470342,0,0
470442,0,0
470542,0,0
470642,0,0
470742,0,0
470842,0,0
470942,0,0
471042,0,0
471142,0,0
471242,0,0
471342,0,0
471442,0,0
471542,0,0
471642,0,0
471742,0,0
471842,0,0
471942,0,0
472042,0,0
472142,1,1
472241,1,1
472341,1,1
472441,1,1
472541,1,1
472641,1,1
472741,1,1
472841,1,1
472941,1,1
473041,1,1
473141,1,1
473241,1,1
473341,1,1
473441,1,1
473541,1,1
473641,1,1
473741,1,1
473841,1,1
473941,1,1
474041,1,1
474141,1,1
474241,1,1
474341,1,1
474441,1,1
474541,1,1
474641,1,1
474741,1,1
474841,1,1
474941,1,1
475041,1,1
475141,1,1
475241,1,1
475341,1,1
475441,1,1
475541,1,1
475641,1,1
475741,1,1
475841,1,1
475941,1,1
476041,1,1
476141,1,1
476244,1,1
476344,1,1
476444,1,1
476544,1,1
476644,1,1
476744,1,1
476844,1,1
476944,1,1
477044,1,1
477144,1,1
477244,1,1
477344,1,1
477444,1,1
477544,1,1
477644,1,1
477744,1,1
477844,1,1
477944,1,1
478044,1,1
478144,1,1
478244,1,1
478344,1,1
478444,1,1
478544,1,1
478644,1,1
478744,1,1
478844,1,1
478944,1,1
479044,1,1
479144,1,1
479244,1,1
479344,1,1
479444,1,1
479544,1,1
479644,1,1
479744,1,1
479844,1,1
479944,1,1
480044,1,1
480144,1,1
480238,1,1
480338,1,1
480438,1,1
480538,1,1
480638,1,1
480738,1,1
480838,1,1
480938,1,1
481038,1,1
481138,1,1
481238,1,1
481338,1,1
481438,1,1
481538,1,1
481638,1,1
481738,1,1
481838,1,1
481938,1,1
482038,1,1
482138,1,1
482238,1,1
482338,1,1
482438,1,1
482538,1,1
482638,1,1
482738,1,1
482838,1,1
482938,1,1
483038,1,1
483138,1,1
483238,1,1
483338,1,1
483438,1,1
483538,1,1
483638,1,1
483738,1,1
483838,1,1
483938,1,1
484038,1,1
484138,1,1
484212,1,1
484312,1,1
484412,1,1
484512,1,1
484612,1,1
484712,1,1
484812,1,1
484912,1,1
485012,1,1
485112,1,1
485212,1,1
485312,1,1
485412,1,1
485512,1,1
485612,1,1
485712,1,1
485812,1,1
485912,1,1
486012,1,1
486112,1,1
486212,1,1
486312,1,1
486412,1,1
486512,1,1
486612,1,1
486712,1,1
486812,1,1
486912,1,1
487012,1,1
487112,1,1
487212,1,1
487312,1,1
487412,1,1
487512,1,1
487612,1,1
487712,1,1
487812,1,1
487912,1,1
488012,1,1
488112,1,1
488220,1,1
488320,1,1
488420,1,1
488520,1,1
488620,1,1
488720,1,1
488820,1,1
488920,1,1
489020,1,1
489120,1,1
489220,1,1
489320,1,1
489420,1,1
489520,1,1
489620,1,1
489720,1,1
489820,1,1
489920,1,1
490020,1,1
490120,1,1
490220,1,1
490320,1,1
490420,1,1
490520,1,1
490620,1,1
490720,1,1
490820,1,1
490920,1,1
491020,1,1
491120,1,1
491220,1,1
491320,1,1
491420,1,1
491520,1,1
491620,1,1
491720,1,1
491820,1,1
491920,1,1
492020,1,1
492120,1,1
492220,1,1
492320,1,1
492420,1,1
492520,1,1
492620,1,1
492720,1,1
492820,1,1
492920,1,1
493020,1,1
493120,1,1
493220,1,1
493320,1,1
493420,1,1
493520,1,1
493620,1,1
493720,1,1
493820,1,1
493920,1,1
494020,1,1
494120,1,1
494220,1,1
494320,1,1
494420,1,1
494520,1,1
494620,1,1
494720,1,1
494820,1,1
494920,1,1
495020,1,1
495120,1,1
495220,1,1
495320,1,1
495420,1,1
495520,1,1
495620,1,1
495720,1,1
495820,1,1
495920,1,1
496020,1,1
496120,1,1
496211,1,1
496311,1,1
496411,1,1
496511,1,1
496611,1,1
496711,1,1
496811,1,1
496911,1,1
497011,1,1
497111,1,1
497211,1,1
497311,1,1
497411,1,1
497511,1,1
497611,1,1
497711,1,1
497811,1,1
497911,1,1
498011,1,1
498111,1,1
498211,1,1
498311,1,1
498411,1,1
498511,1,1
498611,1,1
498711,1,1
498811,1,1
498911,1,1
499011,1,1
499111,1,1
499211,1,1
499311,1,1
499411,1,1
499511,1,1
499611,1,1
499711,1,1
499811,1,1
499911,1,1
500011,1,1
500111,1,1
500223,1,1
500303,1,1
500403,1,1
500503,1,1
500603,1,1
500703,1,1
500803,1,1
500903,1,1
501003,1,1
501103,1,1
501203,1,1
501303,1,1
501403,1,1
501503,1,1
501603,1,1
501703,1,1
501803,1,1
501903,1,1
502003,1,1
502103,1,1
502203,1,1
502303,1,1
502403,1,1
502503,1,1
502603,1,1
502703,1,1
502803,1,1
502903,1,1
503003,1,1
503103,1,1
503203,1,1
503303,1,1
503403,1,1
503503,1,1
503603,1,1
503703,1,1
503803,1,1
503903,1,1
504003,1,1
504103,1,1
504209,1,1
504305,1,1
504405,1,1
504505,1,1
504605,1,1
504705,1,1
504805,1,1
504905,1,1
505005,1,1
505105,1,1
505205,1,1
505305,1,1
505405,1,1
505505,1,1
505605,1,1
505705,1,1
505805,1,1
505905,1,1
506005,1,1
506105,1,1
506205,1,1
506305,1,1
506405,1,1
506505,1,1
506606,1,1
506706,1,1
506806,1,1
506906,1,1
507006,1,1
507106,1,1
507206,1,1
507306,1,1
507406,1,1
507506,1,1
507606,1,1
507706,1,1
507806,1,1
507906,1,1
508006,1,1
508106,1,1
508209,1,1
508300,1,1
508400,1,1
508500,1,1
508600,1,1
508700,1,1
508800,1,1
508901,1,1
509001,1,1
509101,1,1
509201,1,1
509301,1,1
509401,1,1
509501,1,1
509601,1,1
509701,1,1
509801,1,1
509901,1,1
510001,1,1
510101,1,1
510201,1,1
510301,1,1
510401,1,1
510501,1,1
510601,1,1
510701,1,1
510801,1,1
510901,1,1
511001,1,1
511101,1,1
511201,1,1
511301,1,1
511401,1,1
511501,1,1
511601,1,1
511701,1,1
511802,1,1
511902,1,1
512002,1,1
512102,1,1
512202,1,1
512302,1,1
512417,1,1
512517,1,1
512617,1,1
512717,1,1
512817,1,1
512917,1,1
513017,1,1
513117,1,1
513217,1,1
513317,1,1
513417,1,1
513517,1,1
513617,1,1
513717,1,1
513817,1,1
513917,1,1
514017,1,1
514117,1,1
514217,1,1
514317,1,1
514417,1,1
514517,1,1
514617,1,1
514717,1,1
514817,1,1
514917,1,1
515017,1,1
515117,1,1
515217,1,1
515317,1,1
515417,1,1
515517,1,1
515617,1,1
515717,1,1
515817,1,1
515917,1,1
516017,1,1
516117,1,1
516217,1,1
516317,1,1
516417,1,1
516517,1,1
516617,1,1
516717,1,1
516817,1,1
516917,1,1
517017,1,1
517117,1,1
517217,1,1
517317,1,1
517417,1,1
517517,1,1
517617,1,1
517717,1,1
517817,1,1
517917,1,1
518017,1,1
518117,1,1
518217,1,1
518317,1,1
518417,1,1
518517,1,1
518617,1,1
518717,1,1
518817,1,1
518917,1,1
519017,1,1
519117,1,1
519217,1,1
519317,1,1
519417,1,1
519517,1,1
519617,1,1
519717,1,1
519817,1,1
519917,1,1
520017,1,1
520117,1,1
520217,1,1
520317,1,1
520437,0,0
520537,0,0
520637,0,0
520737,0,0
520837,0,0
520937,0,0
521037,0,0
521137,0,0
521237,0,0
521337,0,0
521437,0,0
521537,0,0
521637,0,0
521737,0,0
521837,0,0
521937,0,0
522037,0,0
522137,0,0
522237,0,0
522337,0,0
522437,0,0
522537,0,0
522637,0,0
522737,0,0
522837,0,0
522937,0,0
523037,0,0
523137,0,0
523237,0,0
523337,0,0
523437,0,0
523537,0,0
523637,0,0
523737,0,0
523837,0,0
523937,0,0
524037,0,0
524137,0,0
524237,0,0
524337,0,0
524437,0,0
524537,0,0
524637,0,0
524737,0,0
524837,0,0
524937,0,0
525037,0,0
525137,0,0
525237,0,0
525337,0,0
525437,0,0
525537,0,0
525637,0,0
525737,0,0
525837,0,0
525937,0,0
526037,0,0
526137,0,0
526237,0,0
526337,0,0
526437,0,0
526537,0,0
526637,0,0
526737,0,0
526837,0,0
526937,0,0
527037,0,0
527137,0,0
527237,0,0
527337,0,0
527437,0,0
527537,0,0
527637,0,0
527737,0,0
527837,0,0
527937,0,0
528037,0,0
528137,0,0
528237,0,0
528337,0,0
528437,0,0
528537,0,0
528637,0,0
528737,0,0
528837,0,0
528937,0,0
529037,0,0
529137,0,0
529237,0,0
529337,0,0
529437,0,0
529537,0,0
529637,0,0
529737,0,0
529837,0,0
529937,0,0
530037,0,0
530137,0,0
530237,0,0
530337,0,0
530437,0,0
530537,0,0
530637,0,0
530737,0,0
530837,0,0
530937,0,0
531037,0,0
531137,0,0
531237,0,0
531337,0,0
531437,0,0
531537,0,0
531637,0,0
531737,0,0
531837,0,0
531937,0,0
532037,0,0
532137,0,0
532237,0,0
532337,0,0
532437,0,0
532537,0,0
532637,0,0
532737,0,0
532837,0,0
532937,0,0
533037,0,0
533137,0,0
533237,0,0
533324,0,0
533424,1,1
533524,1,1
533624,1,1
533724,1,1
533824,1,1
533924,1,1
534024,1,1
534124,1,1
534224,1,1
534324,1,1
534424,1,1
534524,1,1
534624,1,1
534724,1,1
534824,1,1
534924,1,1
535024,1,1
535124,1,1
535224,1,1
535324,1,1
535424,1,1
535524,1,1
535624,1,1
535724,1,1
535824,1,1
535924,1,1
536024,1,1
536124,1,1
536224,1,1
536324,1,1
536424,1,1
536524,1,1
536624,1,1
536724,1,1
536824,1,1
536924,1,1
537024,1,1
537124,1,1
537224,1,1
537320,1,1
537420,1,1
537520,1,1
537620,1,1
537720,1,1
537820,1,1
537920,1,1
538020,1,1
538120,1,1
538220,1,1
538320,1,1
538420,1,1
538520,1,1
538620,1,1
538720,1,1
538820,1,1
538920,1,1
539020,1,1
539120,1,1
539220,1,1
539320,1,1
539420,1,1
539520,1,1
539620,1,1
539720,1,1
539820,1,1
539920,1,1
540020,1,1
540120,1,1
540220,1,1
540320,1,1
540420,1,1
540520,1,1
540620,1,1
540720,1,1
540820,1,1
540920,1,1
541020,1,1
541120,1,1
541220,1,1
541316,1,1
541416,1,1
541516,1,1
541616,1,1
541716,1,1
541816,1,1
541916,1,1
542016,1,1
542116,1,1
542216,1,1
542316,1,1
542416,1,1
542516,1,1
542616,1,1
542716,1,1
542816,1,1
542916,1,1
543016,1,1
543116,1,1
543216,1,1
543316,1,1
543416,1,1
543516,1,1
543616,1,1
543716,1,1
543816,1,1
543916,1,1
544016,1,1
544116,1,1
544216,1,1
544316,1,1
544416,1,1
544516,1,1
544616,1,1
544716,1,1
544816,1,1
544916,1,1
545016,1,1
545116,1,1
545216,1,1
545311,1,1
545411,1,1
545511,1,1
545611,1,1
545711,1,1
545811,1,1
545911,1,1
546011,1,1
546111,1,1
546211,1,1
546311,1,1
546411,1,1
546511,1,1
546611,1,1
546711,1,1
546811,1,1
546911,1,1
547011,1,1
547111,1,1
547211,1,1
547311,1,1
547411,1,1
547511,1,1
547611,1,1
547711,1,1
547811,1,1
547911,1,1
548011,1,1
548111,1,1
548211,1,1
548311,1,1
548411,1,1
548511,1,1
548611,1,1
548711,1,1
548811,1,1
548911,1,1
549011,1,1
549111,1,1
549211,1,1
549307,1,1
549421,1,1
549521,1,1
549621,1,1
549721,1,1
549821,1,1
549921,1,1
550021,1,1
550121,1,1
550221,1,1
550321,1,1
550421,1,1
550521,1,1
550621,1,1
550721,1,1
550821,1,1
550921,1,1
551021,1,1
551121,1,1
551221,1,1
551321,1,1
551421,1,1
551521,1,1
551621,1,1
551721,1,1
551821,1,1
551921,1,1
552022,1,1
552122,1,1
552222,1,1
552322,1,1
552422,1,1
552522,1,1
552622,1,1
552722,1,1
552822,1,1
552922,1,1
553022,1,1
553122,1,1
553222,1,1
553318,1,1
553421,1,1
553521,1,1
553621,1,1
553721,1,1
553821,1,1
553921,1,1
554021,1,1
554121,1,1
554221,1,1
554322,1,1
554422,1,1
554522,1,1
554622,1,1
554722,1,1
554822,1,1
554922,1,1
555022,1,1
555122,1,1
555222,1,1
555322,1,1
555422,1,1
555522,1,1
555622,1,1
555722,1,1
555822,1,1
555922,1,1
556022,1,1
556122,1,1
556222,1,1
556322,1,1
556422,1,1
556522,1,1
556622,1,1
556722,1,1
556822,1,1
556922,1,1
557022,1,1
557122,1,1
557223,1,1
557318,1,1
557428,1,1
557528,1,1
557628,1,1
557728,1,1
557828,1,1
557928,1,1
558029,1,1
558129,1,1
558229,1,1
558329,1,1
558429,1,1
558529,1,1
558629,1,1
558729,1,1
558829,1,1
558929,1,1
559029,1,1
559129,1,1
559229,1,1
559329,1,1
559429,1,1
559529,1,1
559629,1,1
559729,1,1
559829,1,1
559929,1,1
560029,1,1
560129,1,1
560229,1,1
560329,1,1
560429,1,1
560529,1,1
560629,1,1
560729,1,1
560829,1,1
560930,1,1
561030,1,1
561130,1,1
561230,1,1
561326,1,1
561433,1,1
561533,1,1
561633,1,1
561733,1,1
561833,1,1
561933,1,1
562033,1,1
562133,1,1
562233,1,1
562334,1,1
562434,1,1
562534,1,1
562634,1,1
562734,1,1
562834,1,1
562934,1,1
563034,1,1
563134,1,1
563234,1,1
563334,1,1
563434,1,1
563534,1,1
563634,1,1
563734,1,1
563834,1,1
563934,1,1
564034,1,1
564134,1,1
564234,1,1
564334,1,1
564434,1,1
564534,1,1
564634,1,1
564734,1,1
564834,1,1
564934,1,1
565034,1,1
565134,1,1
565234,1,1
565328,1,1
565432,1,1
565532,1,1
565632,1,1
565732,1,1
565832,1,1
565932,1,1
566032,1,1
566132,1,1
566232,1,1
566332,1,1
566432,1,1
566532,1,1
566632,1,1
566732,1,1
566832,1,1
566932,1,1
567032,1,1
567132,1,1
567232,1,1
567332,1,1
567432,1,1
567532,1,1
567632,1,1
567732,1,1
567832,1,1
567932,1,1
568157,1,1
568257,1,1
568357,1,1
568457,1,1
568558,1,1
568658,1,1
568758,1,1
568858,1,1
568958,1,1
569058,1,1
569158,1,1
569258,1,1
569354,1,1
569454,1,1
569554,1,1
569654,1,1
569754,1,1
569854,1,1
569954,1,1
570054,1,1
570154,1,1
570254,1,1
570354,1,1
570454,1,1
570554,1,1
570654,1,1
570754,1,1
570854,1,1
570954,1,1
571054,1,1
571154,1,1
571254,1,1
571354,1,1
571455,1,1
571555,1,1
571655,1,1
571755,1,1
571855,1,1
571955,1,1
572055,1,1
572155,1,1
572255,1,1
572355,1,1
572455,1,1
572555,1,1
572655,1,1
572755,1,1
572855,1,1
572955,1,1
573055,1,1
573155,1,1
573255,1,1
573351,1,1
573451,1,1
573551,1,1
573651,1,1
573751,1,1
573851,1,1
573951,1,1
574051,1,1
574151,1,1
574251,1,1
574352,1,1
574452,1,1
574552,1,1
574652,1,1
574752,1,1
574852,1,1
574952,1,1
575052,1,1
575152,1,1
575252,1,1
575352,1,1
575452,1,1
575552,1,1
575652,1,1
575752,1,1
575852,1,1
575952,1,1
576052,1,1
576152,1,1
576252,1,1
576352,1,1
576452,1,1
576552,1,1
576652,1,1
576752,1,1
576852,1,1
576952,1,1
577052,1,1
577152,1,1
577252,1,1
577352,1,1
577452,1,1
577552,1,1
577652,1,1
577752,1,1
577852,1,1
577952,1,1
578052,1,1
578152,1,1
578252,1,1
578352,1,1
578452,1,1
578552,1,1
578652,1,1
578752,1,1
578852,1,1
578952,1,1
579052,1,1
579152,1,1
579252,1,1
579352,1,1
579452,1,1
579552,1,1
579652,1,1
579752,1,1
579852,1,1
579952,1,1
580052,1,1
580152,1,1
580252,1,1
580352,1,1
580452,1,1
580552,1,1
580652,1,1
580752,1,1
580852,1,1
580952,1,1
581052,1,1
581152,1,1
581252,1,1
581352,1,1
581487,0,0
581587,0,0
581687,0,0
581787,0,0
581887,0,0
581987,0,0
582087,0,0
582187,0,0
582288,0,0
582388,0,0
582488,0,0
582588,0,0
582688,0,0
582788,0,0
582888,0,0
582988,0,0
583088,0,0
583188,0,0
583288,0,0
583388,0,0
583488,0,0
583588,0,0
583688,0,0
583788,0,0
583888,0,0
583988,0,0
584088,0,0
584188,0,0
584288,0,0
584388,0,0
584488,0,0
584588,0,0
584688,0,0
584788,0,0
584888,0,0
584988,0,0
585088,0,0
585188,0,0
585288,0,0
585388,0,0
585488,0,0
585588,0,0
585688,0,0
585788,0,0
585888,0,0
585988,0,0
586088,0,0
586188,0,0
586288,0,0
586388,0,0
586488,0,0
586588,0,0
586688,0,0
586788,0,0
586888,0,0
586988,0,0
587088,0,0
587188,0,0
587288,0,0
587388,0,0
587488,0,0
587588,0,0
587688,0,0
587788,0,0
587888,0,0
587988,0,0
588088,0,0
588188,0,0
588288,0,0
588388,0,0
588488,0,0
588588,0,0
588688,0,0
588788,0,0
588888,0,0
588988,0,0
589088,0,0
589188,0,0
589288,0,0
589388,0,0
589488,0,0
589588,0,0
589688,0,0
589788,0,0
589888,0,0
589988,0,0
590088,0,0
590188,0,0
590288,0,0
590388,0,0
590488,0,0
590588,0,0
590688,0,0
590788,0,0
590888,0,0
590988,0,0
591088,0,0
591188,0,0
591288,0,0
591388,0,0
591488,0,0
591588,0,0
591688,0,0
591788,0,0
591888,0,0
591988,0,0
592088,0,0
592188,0,0
592288,0,0
592388,0,0
592488,0,0
592588,0,0
592688,0,0
592788,0,0
592888,0,0
592988,0,0
593088,0,0
593188,0,0
593288,0,0
593388,0,0
593488,0,0
593588,0,0
593688,0,0
593788,0,0
593888,0,0
593988,0,0
594088,0,0
594188,0,0
594288,0,0
594388,0,0
594488,0,0
594588,0,0
594688,0,0
594788,0,0
594888,0,0
594988,0,0
595088,0,0
595188,0,0
595288,0,0
595388,0,0
595488,0,0
595588,0,0
595688,0,0
595788,0,0
595888,0,0
595988,0,0
596088,0,0
596188,0,0
596288,0,0
596388,0,0
596488,0,0
596588,0,0
596688,0,0
596788,0,0
596888,0,0
596988,0,0
597088,0,0
597188,0,0
597288,0,0
597388,0,0
597488,0,0
597588,0,0
597688,0,0
597788,0,0
597888,0,0
597988,0,0
