DELAY_PING:6000 RSSI_THRESHOLD:55
50056,packet,1,0,0,0,58,8000
56055,packet,1,0,0,0,56,8000
62056,packet,1,0,0,0,56,8000
68055,packet,1,0,0,0,57,8000
74054,packet,1,0,0,0,57,8000
80055,packet,1,0,0,0,57,8000
86054,packet,1,0,0,0,56,8000
92055,packet,1,0,0,0,56,8000
98054,packet,1,0,0,0,56,8000
104053,packet,1,0,0,0,57,8000
129097,packet,1,0,0,0,53,8000
129112,event,0,0
129125,action,0,0
135097,packet,1,0,0,0,53,8000
135111,event,0,1
141097,packet,1,0,0,0,53,8000
141112,event,0,1
147097,packet,1,0,0,0,53,8000
147116,event,0,1
153098,packet,1,0,0,0,53,8000
153112,event,0,1
159100,packet,1,0,0,0,53,8000
159116,event,0,1
165097,packet,1,0,0,0,53,8000
165111,event,0,1
171098,packet,1,0,0,0,53,8000
171112,event,0,1
177097,packet,1,0,0,0,53,8000
177112,event,0,1
183107,packet,1,0,0,0,53,8000
183121,event,0,1
190135,event,1,1
190162,action,1,1
209817,packet,1,0,0,0,51,8000
209831,event,0,0
209855,action,0,0
215818,packet,1,0,0,0,51,8000
215832,event,0,1
221817,packet,1,0,0,0,51,8000
221836,event,0,1
227818,packet,1,0,0,0,52,8000
227832,event,0,1
233818,packet,1,0,0,0,52,8000
233832,event,0,1
239817,packet,1,0,0,0,51,8000
239832,event,0,1
245818,packet,1,0,0,0,51,8000
245832,event,0,1
251817,packet,1,0,0,0,52,8000
251832,event,0,1
257817,packet,1,0,0,0,51,8000
257832,event,0,1
263822,packet,1,0,0,0,52,8000
263836,event,0,1
269817,packet,1,0,0,0,51,8000
269846,event,0,1
275819,packet,1,0,0,0,51,8000
275833,event,0,1
281819,packet,1,0,0,0,51,8000
281833,event,0,1
288850,event,1,1
288864,action,1,1
307334,packet,1,0,0,0,54,8000
307348,event,0,0
307361,action,0,0
313349,packet,1,0,0,0,54,8000
313363,event,0,1
319334,packet,1,0,0,0,54,8000
319348,event,0,1
325334,packet,1,0,0,0,54,8000
325348,event,0,1
331348,packet,1,0,0,0,54,8000
331363,event,0,1
337334,packet,1,0,0,0,54,8000
337348,event,0,1
343337,packet,1,0,0,0,54,8000
343352,event,0,1
349334,packet,1,0,0,0,54,8000
349349,event,0,1
355335,packet,1,0,0,0,56,8000
356363,event,1,1
356376,action,1,1
361334,packet,1,0,0,0,56,8000
367335,packet,1,0,0,0,55,8000
373335,packet,1,0,0,0,56,8000
401148,packet,1,0,0,0,51,8000
401163,event,0,0
401176,action,0,0
407149,packet,1,0,0,0,51,8000
407163,event,0,1
413149,packet,1,0,0,0,52,8000
413164,event,0,1
419148,packet,1,0,0,0,51,8000
419164,event,0,1
425153,packet,1,0,0,0,52,8000
425168,event,0,1
431150,packet,1,0,0,0,52,8000
431164,event,0,1
437149,packet,1,0,0,0,51,8000
437165,event,0,1
443150,packet,1,0,0,0,51,8000
443165,event,0,1
449150,packet,1,0,0,0,52,8000
449185,event,0,1
455151,packet,1,0,0,0,51,8000
455165,event,0,1
462180,event,1,1
462193,action,1,1
482881,packet,1,0,0,0,53,8000
482895,event,0,0
482909,action,0,0
488864,packet,1,0,0,0,54,8000
488879,event,0,1
494865,packet,1,0,0,0,53,8000
494880,event,0,1
500866,packet,1,0,0,0,54,8000
500880,event,0,1
506870,packet,1,0,0,0,54,8000
506885,event,0,1
512866,packet,1,0,0,0,54,8000
512881,event,0,1
518865,packet,1,0,0,0,53,8000
518881,event,0,1
524867,packet,1,0,0,0,53,8000
524886,event,0,1
530867,packet,1,0,0,0,53,8000
530895,event,0,1
536866,packet,1,0,0,0,53,8000
536882,event,0,1
542868,packet,1,0,0,0,53,8000
542882,event,0,1
548868,packet,1,0,0,0,52,8000
548882,event,0,1
554869,packet,1,0,0,0,53,8000
554894,event,0,1
561907,event,1,1
561921,action,1,1
582616,packet,1,0,0,0,63,8000
588610,packet,1,0,0,0,63,8000
594606,packet,1,0,0,0,63,8000
600607,packet,1,0,0,0,63,8000
606607,packet,1,0,0,0,63,8000
612606,packet,1,0,0,0,63,8000
618608,packet,1,0,0,0,63,8000
624613,packet,1,0,0,0,64,8000
630612,packet,1,0,0,0,65,8000
636614,packet,1,0,0,0,63,8000
642614,packet,1,0,0,0,62,8000
648614,packet,1,0,0,0,63,8000
673271,packet,1,0,0,0,59,8000
679250,packet,1,0,0,0,58,8000
685251,packet,1,0,0,0,59,8000
691266,packet,1,0,0,0,59,8000
697252,packet,1,0,0,0,58,8000
703252,packet,1,0,0,0,58,8000
709267,packet,1,0,0,0,58,8000
715253,packet,1,0,0,0,58,8000
721264,packet,1,0,0,0,58,8000
727273,packet,1,0,0,0,59,8000
733257,packet,1,0,0,0,59,8000
739258,packet,1,0,0,0,59,8000
745278,packet,1,0,0,0,59,8000
773110,packet,1,0,0,0,55,8000
779111,packet,1,0,0,0,55,8000
785112,packet,1,0,0,0,55,8000
791128,packet,1,0,0,0,55,8000
797112,packet,1,0,0,0,55,8000
803111,packet,1,0,0,0,55,8000
809127,packet,1,0,0,0,55,8000
815112,packet,1,0,0,0,55,8000
821111,packet,1,0,0,0,55,8000
827127,packet,1,0,0,0,55,8000
833112,packet,1,0,0,0,55,8000
857134,packet,1,0,0,0,54,8000
857148,event,0,0
857161,action,0,0
863127,packet,1,0,0,0,55,8000
864161,event,1,1
864178,action,1,1
869143,packet,1,0,0,0,54,8000
869158,event,0,0
869172,action,0,0
875144,packet,1,0,0,0,54,8000
875159,event,0,1
881143,packet,1,0,0,0,54,8000
881159,event,0,1
887144,packet,1,0,0,0,55,8000
888172,event,1,1
888185,action,1,1
893145,packet,1,0,0,0,55,8000
899154,packet,1,0,0,0,55,8000
905149,packet,1,0,0,0,55,8000
911147,packet,1,0,0,0,55,8000
917146,packet,1,0,0,0,55,8000
