DELAY_PING:6000 RSSI_THRESHOLD:50
32927,packet,1,0,0,0,54,8000
38862,packet,1,0,0,0,55,8000
44998,packet,1,0,0,0,56,8000
50923,packet,1,0,0,0,56,8000
56856,packet,1,0,0,0,57,8000
62974,packet,1,0,0,0,57,8000
68897,packet,1,0,0,0,57,8000
75008,packet,1,0,0,0,57,8000
80948,packet,1,0,0,0,57,8000
86861,packet,1,0,0,0,56,8000
111993,packet,1,0,0,0,48,8000
112199,event,0,0
112403,action,0,0
118018,packet,1,0,0,0,48,8000
118222,event,0,1
123935,packet,1,0,0,0,49,8000
124141,event,0,1
129975,packet,1,0,0,0,49,8000
130193,event,0,1
135914,packet,1,0,0,0,49,8000
136120,event,0,1
141846,packet,1,0,0,0,49,8000
142058,event,0,1
147863,packet,1,0,0,0,48,8000
148068,event,0,1
154002,packet,1,0,0,0,48,8000
154217,event,0,1
159924,packet,1,0,0,0,48,8000
160128,event,0,1
165844,packet,1,0,0,0,48,8000
166049,event,0,1
173407,event,1,1
173609,action,1,1
192728,packet,1,0,0,0,50,8000
198651,packet,1,0,0,0,50,8000
204684,packet,1,0,0,0,50,8000
210615,packet,1,0,0,0,50,8000
216760,packet,1,0,0,0,50,8000
222779,packet,1,0,0,0,50,8000
228730,packet,1,0,0,0,50,8000
234650,packet,1,0,0,0,50,8000
240679,packet,1,0,0,0,50,8000
246682,packet,1,0,0,0,50,8000
252625,packet,1,0,0,0,51,8000
258765,packet,1,0,0,0,50,8000
264590,packet,1,0,0,0,50,8000
290119,packet,1,0,0,0,51,8000
296240,packet,1,0,0,0,52,8000
302185,packet,1,0,0,0,52,8000
308192,packet,1,0,0,0,52,8000
314138,packet,1,0,0,0,52,8000
320142,packet,1,0,0,0,52,8000
326178,packet,1,0,0,0,52,8000
332295,packet,1,0,0,0,52,8000
338241,packet,1,0,0,0,52,8000
344266,packet,1,0,0,0,51,8000
350195,packet,1,0,0,0,51,8000
356137,packet,1,0,0,0,52,8000
383928,packet,1,0,0,0,56,8000
389938,packet,1,0,0,0,56,8000
396085,packet,1,0,0,0,55,8000
402002,packet,1,0,0,0,57,8000
407951,packet,1,0,0,0,56,8000
414081,packet,1,0,0,0,56,8000
420117,packet,1,0,0,0,56,8000
425930,packet,1,0,0,0,56,8000
432073,packet,1,0,0,0,57,8000
438023,packet,1,0,0,0,57,8000
465657,packet,1,0,0,0,55,8000
471678,packet,1,0,0,0,55,8000
477632,packet,1,0,0,0,55,8000
483665,packet,1,0,0,0,55,8000
489632,packet,1,0,0,0,56,8000
495759,packet,1,0,0,0,55,8000
501714,packet,1,0,0,0,55,8000
507743,packet,1,0,0,0,54,8000
513682,packet,1,0,0,0,54,8000
519712,packet,1,0,0,0,55,8000
525666,packet,1,0,0,0,54,8000
531804,packet,1,0,0,0,53,8000
537753,packet,1,0,0,0,54,8000
565364,packet,1,0,0,0,67,8000
571526,packet,1,0,0,0,72,8000
577451,packet,1,0,0,0,71,8000
583402,packet,1,0,0,0,71,8000
589427,packet,1,0,0,0,70,8000
595366,packet,1,0,0,0,71,8000
601513,packet,1,0,0,0,70,8000
607551,packet,1,0,0,0,68,8000
613488,packet,1,0,0,0,68,8000
619518,packet,1,0,0,0,67,8000
625550,packet,1,0,0,0,68,8000
631488,packet,1,0,0,0,68,8000
656155,packet,1,0,0,0,59,8000
662102,packet,1,0,0,0,59,8000
668032,packet,1,0,0,0,59,8000
674069,packet,1,0,0,0,59,8000
680204,packet,1,0,0,0,59,8000
686146,packet,1,0,0,0,58,8000
692157,packet,1,0,0,0,59,8000
698098,packet,1,0,0,0,59,8000
704039,packet,1,0,0,0,59,8000
710190,packet,1,0,0,0,59,8000
716142,packet,1,0,0,0,59,8000
722096,packet,1,0,0,0,59,8000
728122,packet,1,0,0,0,59,8000
755959,packet,1,0,0,0,53,8000
761971,packet,1,0,0,0,53,8000
768011,packet,1,0,0,0,53,8000
773939,packet,1,0,0,0,54,8000
779894,packet,1,0,0,0,53,8000
786123,packet,1,0,0,0,54,8000
791857,packet,1,0,0,0,54,8000
798004,packet,1,0,0,0,54,8000
803941,packet,1,0,0,0,53,8000
809890,packet,1,0,0,0,54,8000
816038,packet,1,0,0,0,54,8000
840009,packet,1,0,0,0,54,8000
845941,packet,1,0,0,0,54,8000
851957,packet,1,0,0,0,54,8000
857916,packet,1,0,0,0,54,8000
864050,packet,1,0,0,0,54,8000
870012,packet,1,0,0,0,54,8000
875937,packet,1,0,0,0,55,8000
881964,packet,1,0,0,0,55,8000
887984,packet,1,0,0,0,55,8000
893923,packet,1,0,0,0,55,8000
899949,packet,1,0,0,0,55,8000
