p:4000,20000,6000,600,8000,4000,2000,8000,100
15100,0,0
15200,0,0
15300,0,0
15400,0,0
15500,0,0
15600,0,0
15700,0,0
15800,0,0
15900,0,0
16000,0,0
16100,1,1
16200,1,1
16300,1,1
16400,1,1
16500,1,1
16600,1,1
16700,1,1
16800,1,1
16900,1,1
17000,1,1
17100,1,1
17200,1,1
17300,1,1
17400,1,1
17500,1,1
17600,1,1
17700,1,1
17800,1,1
17900,1,1
18000,1,1
18100,1,1
18200,1,1
18300,1,1
18400,1,1
18500,1,1
18600,1,1
18700,1,1
18800,1,1
18900,1,1
19000,1,1
19099,1,1
19199,1,1
19299,1,1
19399,1,1
19499,1,1
19599,1,1
19699,1,1
19799,1,1
19899,1,1
19999,1,1
20099,1,1
20199,1,1
20299,1,1
20399,1,1
20499,1,1
20599,1,1
20699,1,1
20799,1,1
20899,1,1
20999,1,1
21099,1,1
21199,1,1
21299,1,1
21399,1,1
21499,1,1
21599,1,1
21699,1,1
21799,1,1
21899,1,1
21999,1,1
22099,1,1
22199,1,1
22299,1,1
22399,1,1
22499,1,1
22599,1,1
22699,1,1
22799,1,1
22899,1,1
22999,1,1
23097,1,1
23197,1,1
23297,1,1
23397,1,1
23497,1,1
23597,1,1
23697,1,1
23797,1,1
23897,1,1
23997,1,1
24097,1,1
24197,1,1
24297,1,1
24397,1,1
24497,1,1
24597,1,1
24697,1,1
24797,1,1
24897,1,1
24997,1,1
25097,1,1
25197,1,1
25297,1,1
25397,1,1
25497,1,1
25597,1,1
25697,1,1
25797,1,1
25897,1,1
25997,1,1
26097,1,1
26197,1,1
26297,1,1
26397,1,1
26497,1,1
26597,1,1
26697,1,1
26797,1,1
26897,1,1
26997,1,1
27096,1,1
27196,1,1
27296,1,1
27396,1,1
27496,1,1
27596,1,1
27696,1,1
27796,1,1
27896,1,1
27996,1,1
28096,1,1
28196,1,1
28296,1,1
28396,1,1
28496,1,1
28596,1,1
28696,1,1
28796,1,1
28896,1,1
28996,1,1
29096,1,1
29196,1,1
29296,1,1
29396,1,1
29496,1,1
29596,1,1
29696,1,1
29796,1,1
29896,1,1
29996,1,1
30096,1,1
30196,1,1
30296,1,1
30396,1,1
30496,1,1
30596,1,1
30696,1,1
30796,1,1
30896,1,1
30996,1,1
31094,1,1
31194,1,1
31294,1,1
31394,1,1
31494,1,1
31594,1,1
31694,1,1
31794,1,1
31894,1,1
31994,1,1
32094,1,1
32194,1,1
32294,1,1
32394,1,1
32494,1,1
32594,1,1
32694,1,1
32794,1,1
32894,1,1
32994,1,1
33094,1,1
33194,1,1
33294,1,1
33394,1,1
33494,1,1
33594,1,1
33694,1,1
33794,1,1
33894,1,1
33994,1,1
34094,1,1
34194,1,1
34294,1,1
34394,1,1
34494,1,1
34594,1,1
34694,1,1
34794,1,1
34894,1,1
34994,1,1
35094,1,1
35190,1,1
35290,1,1
35390,1,1
35490,1,1
35590,1,1
35690,1,1
35790,1,1
35890,1,1
35990,1,1
36090,1,1
36190,1,1
36290,1,1
36390,1,1
36490,1,1
36590,1,1
36690,1,1
36790,1,1
36890,1,1
36990,1,1
37090,1,1
37190,1,1
37290,1,1
37390,1,1
37490,1,1
37590,1,1
37690,1,1
37790,1,1
37890,1,1
37990,1,1
38090,1,1
38190,1,1
38290,1,1
38390,1,1
38490,1,1
38590,1,1
38690,1,1
38790,1,1
38890,1,1
38990,1,1
39090,1,1
39191,1,1
39291,1,1
39391,1,1
39491,1,1
39591,1,1
39691,1,1
39791,1,1
39891,1,1
39991,1,1
40100,1,1
40200,1,1
40300,1,1
40400,1,1
40500,1,1
40600,1,1
40700,1,1
40800,1,1
40900,1,1
41000,1,1
41100,1,1
41200,1,1
41300,1,1
41400,1,1
41500,1,1
41600,1,1
41700,1,1
41800,1,1
41900,1,1
42000,1,1
42100,1,1
42200,1,1
42300,1,1
42400,1,1
42500,1,1
42600,1,1
42701,1,1
42801,1,1
42901,1,1
43001,1,1
43101,1,1
43191,1,1
43291,1,1
43391,1,1
43491,1,1
43591,1,1
43691,1,1
43791,1,1
43891,1,1
43991,1,1
44121,1,1
44221,1,1
44321,1,1
44421,1,1
44521,1,1
44621,1,1
44721,1,1
44821,1,1
44921,1,1
45021,1,1
45121,1,1
45221,1,1
45321,1,1
45421,1,1
45521,1,1
45621,1,1
45721,1,1
45821,1,1
45921,1,1
46021,1,1
46121,1,1
46221,1,1
46321,1,1
46421,1,1
46521,1,1
46621,1,1
46721,1,1
46821,1,1
46921,1,1
47021,1,1
47127,1,1
47227,1,1
47327,1,1
47427,1,1
47527,1,1
47627,1,1
47727,1,1
47827,1,1
47927,1,1
48027,1,1
48127,1,1
48227,1,1
48327,1,1
48427,1,1
48527,1,1
48627,1,1
48727,1,1
48827,1,1
48927,1,1
49027,1,1
49127,1,1
49227,1,1
49327,1,1
49427,1,1
49527,1,1
49627,1,1
49727,1,1
49827,1,1
49927,1,1
50027,1,1
50127,1,1
50227,1,1
50327,1,1
50427,1,1
50527,1,1
50627,1,1
50727,1,1
50827,1,1
50927,1,1
51027,1,1
51124,1,1
51224,1,1
51324,1,1
51424,1,1
51524,1,1
51624,1,1
51724,1,1
51824,1,1
51924,1,1
52024,1,1
52124,1,1
52224,1,1
52324,1,1
52424,1,1
52524,1,1
52624,1,1
52724,1,1
52824,1,1
52924,1,1
53024,1,1
53124,1,1
53224,1,1
53324,1,1
53424,1,1
53524,1,1
53624,1,1
53724,1,1
53824,1,1
53924,1,1
54024,1,1
54124,1,1
54224,1,1
54324,1,1
54424,1,1
54524,1,1
54624,1,1
54724,1,1
54824,1,1
54924,1,1
55024,1,1
55124,1,1
55224,1,1
55324,1,1
55424,1,1
55524,1,1
55624,1,1
55724,1,1
55824,1,1
55924,1,1
56024,1,1
56124,1,1
56224,1,1
56324,1,1
56424,1,1
56524,1,1
56624,1,1
56724,1,1
56824,1,1
56924,1,1
57024,1,1
57124,1,1
57224,1,1
57324,1,1
57424,1,1
57524,1,1
57624,1,1
57724,1,1
57824,1,1
57924,1,1
58024,1,1
58124,1,1
58224,1,1
58324,1,1
58424,1,1
58524,1,1
58624,1,1
58724,1,1
58824,1,1
58924,1,1
59024,1,1
59124,1,1
59224,1,1
59324,1,1
59424,1,1
59524,1,1
59624,1,1
59724,1,1
59824,1,1
59924,1,1
60024,1,1
60124,1,1
60224,0,0
60324,0,0
60424,0,0
60524,0,0
60624,0,0
60724,0,0
60824,0,0
60924,0,0
61024,0,0
61124,0,0
61224,0,0
61324,0,0
61424,0,0
61524,0,0
61624,0,0
61724,0,0
61824,0,0
61924,0,0
62024,0,0
62124,0,0
62224,0,0
62324,0,0
62424,0,0
62524,0,0
62624,0,0
62724,0,0
62824,0,0
62924,0,0
63024,0,0
63124,0,0
63224,0,0
63324,0,0
63424,0,0
63524,0,0
63624,0,0
63724,0,0
63824,0,0
63924,0,0
64024,0,0
64124,0,0
64224,0,0
64324,0,0
64424,0,0
64524,0,0
64624,0,0
64724,0,0
64824,0,0
64924,0,0
65024,0,0
65124,0,0
65224,0,0
65324,0,0
65424,0,0
65524,0,0
65624,0,0
65724,0,0
65824,0,0
65924,0,0
66024,0,0
66124,0,0
66224,0,0
66324,0,0
66424,0,0
66524,0,0
66624,0,0
66724,0,0
66824,0,0
66924,0,0
67024,0,0
67124,0,0
67224,0,0
67324,0,0
67424,0,0
67524,0,0
67624,0,0
67724,0,0
67824,0,0
67924,0,0
68024,0,0
68124,0,0
68224,0,0
68324,0,0
68424,0,0
68524,0,0
68624,0,0
68724,0,0
68824,0,0
68924,0,0
69024,0,0
69124,0,0
69224,0,0
69324,0,0
69424,0,0
69524,0,0
69624,0,0
69724,0,0
69824,0,0
69924,0,0
70024,0,0
70124,0,0
70224,0,0
70324,0,0
70424,0,0
70524,0,0
70624,0,0
70724,0,0
70824,0,0
70924,0,0
71024,0,0
71124,0,0
71224,0,0
71324,0,0
71424,0,0
71524,0,0
71624,0,0
71724,0,0
71824,0,0
71924,0,0
72024,0,0
72124,0,0
72224,0,0
72324,0,0
72424,0,0
72524,0,0
72624,0,0
72724,0,0
72824,0,0
72924,0,0
73024,0,0
73124,0,0
73224,0,0
73324,0,0
73424,0,0
73524,0,0
73669,0,0
73769,1,1
73869,1,1
73969,1,1
74069,1,1
74169,1,1
74269,1,1
74369,1,1
74469,1,1
74569,1,1
74669,1,1
74770,1,1
74870,1,1
74970,1,1
75070,1,1
75170,1,1
75270,1,1
75370,1,1
75470,1,1
75570,1,1
75670,1,1
75770,1,1
75870,1,1
75970,1,1
76070,1,1
76170,1,1
76270,1,1
76370,1,1
76470,1,1
76570,1,1
76670,1,1
76770,1,1
76870,1,1
76970,1,1
77070,1,1
77170,1,1
77270,1,1
77370,1,1
77470,1,1
77570,1,1
77671,1,1
77758,1,1
77858,1,1
77958,1,1
78058,1,1
78158,1,1
78258,1,1
78358,1,1
78458,1,1
78558,1,1
78658,1,1
78758,1,1
78858,1,1
78958,1,1
79058,1,1
79158,1,1
79258,1,1
79358,1,1
79458,1,1
79558,1,1
79658,1,1
79758,1,1
79858,1,1
79958,1,1
80058,1,1
80158,1,1
80258,1,1
80358,1,1
80458,1,1
80558,1,1
80658,1,1
80758,1,1
80858,1,1
80958,1,1
81058,1,1
81158,1,1
81258,1,1
81358,1,1
81458,1,1
81558,1,1
81658,1,1
81756,1,1
81856,1,1
81956,1,1
82056,1,1
82156,1,1
82256,1,1
82356,1,1
82456,1,1
82556,1,1
82656,1,1
82756,1,1
82856,1,1
82956,1,1
83056,1,1
83156,1,1
83256,1,1
83356,1,1
83456,1,1
83556,1,1
83656,1,1
83756,1,1
83856,1,1
83956,1,1
84056,1,1
84156,1,1
84256,1,1
84356,1,1
84456,1,1
84556,1,1
84656,1,1
84756,1,1
84856,1,1
84956,1,1
85056,1,1
85156,1,1
85256,1,1
85356,1,1
85456,1,1
85556,1,1
85656,1,1
85755,1,1
85855,1,1
85955,1,1
86055,1,1
86155,1,1
86255,1,1
86355,1,1
86455,1,1
86555,1,1
86655,1,1
86755,1,1
86855,1,1
86955,1,1
87055,1,1
87155,1,1
87255,1,1
87355,1,1
87455,1,1
87555,1,1
87655,1,1
87755,1,1
87855,1,1
87955,1,1
88055,1,1
88155,1,1
88255,1,1
88355,1,1
88455,1,1
88555,1,1
88655,1,1
88755,1,1
88855,1,1
88955,1,1
89055,1,1
89155,1,1
89255,1,1
89355,1,1
89455,1,1
89555,1,1
89655,1,1
89752,1,1
89852,1,1
89952,1,1
90052,1,1
90152,1,1
90252,1,1
90352,1,1
90452,1,1
90552,1,1
90652,1,1
90752,1,1
90852,1,1
90952,1,1
91052,1,1
91152,1,1
91252,1,1
91352,1,1
91452,1,1
91552,1,1
91652,1,1
91752,1,1
91852,1,1
91952,1,1
92052,1,1
92152,1,1
92252,1,1
92352,1,1
92452,1,1
92552,1,1
92652,1,1
92752,1,1
92852,1,1
92952,1,1
93052,1,1
93152,1,1
93252,1,1
93352,1,1
93452,1,1
93552,1,1
93652,1,1
93752,1,1
93837,1,1
93937,1,1
94037,1,1
94137,1,1
94237,1,1
94337,1,1
94437,1,1
94537,1,1
94637,1,1
94737,1,1
94837,1,1
94937,1,1
95037,1,1
95137,1,1
95237,1,1
95337,1,1
95437,1,1
95537,1,1
95637,1,1
95737,1,1
95837,1,1
95937,1,1
96037,1,1
96137,1,1
96237,1,1
96337,1,1
96437,1,1
96537,1,1
96637,1,1
96737,1,1
96837,1,1
96937,1,1
97037,1,1
97137,1,1
97237,1,1
97337,1,1
97437,1,1
97537,1,1
97637,1,1
97754,1,1
97852,1,1
97952,1,1
98052,1,1
98152,1,1
98252,1,1
98352,1,1
98452,1,1
98552,1,1
98652,1,1
98752,1,1
98852,1,1
98952,1,1
99052,1,1
99152,1,1
99252,1,1
99353,1,1
99453,1,1
99553,1,1
99653,1,1
99753,1,1
99853,1,1
99953,1,1
100053,1,1
100153,1,1
100253,1,1
100353,1,1
100453,1,1
100553,1,1
100653,1,1
100753,1,1
100853,1,1
100953,1,1
101053,1,1
101153,1,1
101253,1,1
101353,1,1
101453,1,1
101553,1,1
101653,1,1
101762,1,1
101859,1,1
101959,1,1
102059,1,1
102159,1,1
102259,1,1
102359,1,1
102459,1,1
102559,1,1
102659,1,1
102759,1,1
102859,1,1
102959,1,1
103059,1,1
103159,1,1
103259,1,1
103359,1,1
103459,1,1
103559,1,1
103660,1,1
103760,1,1
103860,1,1
103960,1,1
104060,1,1
104160,1,1
104260,1,1
104360,1,1
104460,1,1
104560,1,1
104660,1,1
104760,1,1
104860,1,1
104960,1,1
105060,1,1
105160,1,1
105260,1,1
105360,1,1
105460,1,1
105560,1,1
105660,1,1
105760,1,1
105860,1,1
105965,1,1
106063,1,1
106163,1,1
106263,1,1
106363,1,1
106463,1,1
106563,1,1
106663,1,1
106763,1,1
106863,1,1
106963,1,1
107063,1,1
107163,1,1
107263,1,1
107363,1,1
107463,1,1
107563,1,1
107663,1,1
107763,1,1
107863,1,1
107963,1,1
108063,1,1
108163,1,1
108263,1,1
108363,1,1
108463,1,1
108563,1,1
108663,1,1
108763,1,1
108863,1,1
108963,1,1
109063,1,1
109163,1,1
109263,1,1
109363,1,1
109463,1,1
109563,1,1
109663,1,1
109763,1,1
109863,1,1
109971,1,1
110063,1,1
110163,1,1
110263,1,1
110363,1,1
110463,1,1
110563,1,1
110663,1,1
110763,1,1
110863,1,1
110963,1,1
111063,1,1
111163,1,1
111263,1,1
111363,1,1
111463,1,1
111563,1,1
111663,1,1
111763,1,1
111863,1,1
111963,1,1
112063,1,1
112163,1,1
112263,1,1
112363,1,1
112463,1,1
112563,1,1
112663,1,1
112763,1,1
112863,1,1
112963,1,1
113063,1,1
113163,1,1
113263,1,1
113363,1,1
113463,1,1
113563,1,1
113663,1,1
113763,1,1
113863,1,1
113963,1,1
114063,1,1
114163,1,1
114263,1,1
114363,1,1
114463,1,1
114563,1,1
114663,1,1
114763,1,1
114863,1,1
114963,1,1
115063,1,1
115163,1,1
115263,1,1
115363,1,1
115463,1,1
115563,1,1
115663,1,1
115763,1,1
115863,1,1
115963,1,1
116063,1,1
116163,1,1
116263,1,1
116363,1,1
116463,1,1
116563,1,1
116663,1,1
116763,1,1
116863,1,1
116963,1,1
117063,1,1
117163,1,1
117263,1,1
117363,1,1
117463,1,1
117563,1,1
117663,1,1
117763,1,1
117863,1,1
117963,1,1
118063,0,0
118163,0,0
118263,0,0
118363,0,0
118463,0,0
118563,0,0
118663,0,0
118763,0,0
118863,0,0
118963,0,0
119063,0,0
119163,0,0
119263,0,0
119363,0,0
119463,0,0
119563,0,0
119663,0,0
119763,0,0
119863,0,0
119963,0,0
120063,0,0
120163,0,0
120263,0,0
120363,0,0
120463,0,0
120563,0,0
120663,0,0
120763,0,0
120863,0,0
120963,0,0
121063,0,0
121163,0,0
121263,0,0
121363,0,0
121463,0,0
121563,0,0
121663,0,0
121763,0,0
121863,0,0
121963,0,0
122063,0,0
122163,0,0
122263,0,0
122363,0,0
122463,0,0
122563,0,0
122663,0,0
122763,0,0
122863,0,0
122963,0,0
123063,0,0
123163,0,0
123263,0,0
123363,0,0
123463,0,0
123563,0,0
123663,0,0
123763,0,0
123863,0,0
123963,0,0
124063,0,0
124163,0,0
124263,0,0
124363,0,0
124463,0,0
124563,0,0
124663,0,0
124763,0,0
124863,0,0
124963,0,0
125063,0,0
125163,0,0
125263,0,0
125363,0,0
125463,0,0
125563,0,0
125663,0,0
125763,0,0
125863,0,0
125980,0,0
126064,1,1
126164,1,1
126264,1,1
126364,1,1
126464,1,1
126564,1,1
126664,1,1
126764,1,1
126864,1,1
126964,1,1
127064,1,1
127164,1,1
127264,1,1
127364,1,1
127464,1,1
127564,1,1
127664,1,1
127764,1,1
127864,1,1
127964,1,1
128064,1,1
128164,1,1
128264,1,1
128364,1,1
128464,1,1
128564,1,1
128664,1,1
128765,1,1
128865,1,1
128965,1,1
129065,1,1
129165,1,1
129265,1,1
129365,1,1
129465,1,1
129565,1,1
129665,1,1
129765,1,1
129865,1,1
129992,1,1
130092,1,1
130192,1,1
130292,1,1
130392,1,1
130492,1,1
130592,1,1
130692,1,1
130792,1,1
130892,1,1
130992,1,1
131092,1,1
131192,1,1
131292,1,1
131392,1,1
131492,1,1
131592,1,1
131693,1,1
131793,1,1
131893,1,1
131993,1,1
132093,1,1
132193,1,1
132293,1,1
132393,1,1
132493,1,1
132593,1,1
132693,1,1
132793,1,1
132893,1,1
132993,1,1
133093,1,1
133193,1,1
133293,1,1
133393,1,1
133493,1,1
133593,1,1
133693,1,1
133793,1,1
133893,1,1
133993,1,1
134077,1,1
134177,1,1
134277,1,1
134377,1,1
134477,1,1
134578,1,1
134678,1,1
134778,1,1
134878,1,1
134978,1,1
135078,1,1
135178,1,1
135278,1,1
135378,1,1
135478,1,1
135578,1,1
135678,1,1
135778,1,1
135878,1,1
135978,1,1
136078,1,1
136178,1,1
136278,1,1
136378,1,1
136478,1,1
136578,1,1
136678,1,1
136778,1,1
136878,1,1
136978,1,1
137078,1,1
137178,1,1
137278,1,1
137378,1,1
137478,1,1
137578,1,1
137678,1,1
137778,1,1
137878,1,1
138006,1,1
138081,1,1
138181,1,1
138281,1,1
138381,1,1
138481,1,1
138581,1,1
138681,1,1
138781,1,1
138881,1,1
138981,1,1
139081,1,1
139181,1,1
139281,1,1
139381,1,1
139481,1,1
139581,1,1
139681,1,1
139781,1,1
139881,1,1
139981,1,1
140081,1,1
140181,1,1
140281,1,1
140381,1,1
140481,1,1
140581,1,1
140681,1,1
140781,1,1
140881,1,1
140981,1,1
141081,1,1
141181,1,1
141281,1,1
141381,1,1
141481,1,1
141581,1,1
141681,1,1
141781,1,1
141881,1,1
142018,1,1
142118,1,1
142218,1,1
142318,1,1
142418,1,1
142518,1,1
142618,1,1
142718,1,1
142818,1,1
142918,1,1
143018,1,1
143118,1,1
143218,1,1
143318,1,1
143418,1,1
143518,1,1
143618,1,1
143718,1,1
143818,1,1
143918,1,1
144018,1,1
144118,1,1
144218,1,1
144318,1,1
144418,1,1
144518,1,1
144618,1,1
144718,1,1
144818,1,1
144918,1,1
145018,1,1
145118,1,1
145218,1,1
145318,1,1
145418,1,1
145518,1,1
145618,1,1
145718,1,1
145818,1,1
145918,1,1
146018,1,1
146117,1,1
146217,1,1
146317,1,1
146417,1,1
146517,1,1
146617,1,1
146717,1,1
146817,1,1
146917,1,1
147017,1,1
147117,1,1
147217,1,1
147317,1,1
147417,1,1
147517,1,1
147617,1,1
147717,1,1
147817,1,1
147917,1,1
148017,1,1
148117,1,1
148217,1,1
148317,1,1
148417,1,1
148517,1,1
148617,1,1
148717,1,1
148817,1,1
148917,1,1
149017,1,1
149117,1,1
149217,1,1
149317,1,1
149417,1,1
149517,1,1
149617,1,1
149717,1,1
149817,1,1
149917,1,1
150017,1,1
150123,1,1
150223,1,1
150323,1,1
150423,1,1
150523,1,1
150623,1,1
150723,1,1
150823,1,1
150923,1,1
151023,1,1
151123,1,1
151223,1,1
151323,1,1
151423,1,1
151523,1,1
151623,1,1
151723,1,1
151823,1,1
151923,1,1
152023,1,1
152123,1,1
152223,1,1
152323,1,1
152423,1,1
152523,1,1
152623,1,1
152723,1,1
152823,1,1
152923,1,1
153023,1,1
153123,1,1
153223,1,1
153323,1,1
153423,1,1
153523,1,1
153623,1,1
153723,1,1
153823,1,1
153923,1,1
154023,1,1
154123,1,1
154223,1,1
154323,1,1
154423,1,1
154523,1,1
154623,1,1
154723,1,1
154823,1,1
154923,1,1
155023,1,1
155123,1,1
155223,1,1
155323,1,1
155423,1,1
155523,1,1
155623,1,1
155723,1,1
155823,1,1
155923,1,1
156023,1,1
156123,1,1
156223,1,1
156323,1,1
156423,1,1
156523,1,1
156623,1,1
156723,1,1
156823,1,1
156923,1,1
157023,1,1
157123,1,1
157223,1,1
157323,1,1
157423,1,1
157523,1,1
157623,1,1
157723,1,1
157823,1,1
157923,1,1
158023,1,1
158121,1,1
158221,1,1
158321,1,1
158421,1,1
158521,1,1
158621,1,1
158721,1,1
158821,1,1
158921,1,1
159021,1,1
159121,1,1
159221,1,1
159321,1,1
159421,1,1
159521,1,1
159621,1,1
159721,1,1
159821,1,1
159921,1,1
160021,1,1
160121,1,1
160221,1,1
160321,1,1
160421,1,1
160521,1,1
160621,1,1
160721,1,1
160821,1,1
160921,1,1
161021,1,1
161121,1,1
161221,1,1
161321,1,1
161421,1,1
161521,1,1
161621,1,1
161721,1,1
161821,1,1
161921,1,1
162021,1,1
162119,1,1
162219,1,1
162319,1,1
162419,1,1
162519,1,1
162619,1,1
162719,1,1
162819,1,1
162919,1,1
163019,1,1
163119,1,1
163219,1,1
163319,1,1
163419,1,1
163519,1,1
163619,1,1
163719,1,1
163819,1,1
163919,1,1
164019,1,1
164119,1,1
164219,1,1
164319,1,1
164419,1,1
164519,1,1
164619,1,1
164719,1,1
164819,1,1
164919,1,1
165019,1,1
165119,1,1
165219,1,1
165319,1,1
165419,1,1
165519,1,1
165619,1,1
165719,1,1
165819,1,1
165919,1,1
166019,1,1
166115,1,1
166215,1,1
166315,1,1
166415,1,1
166515,1,1
166615,1,1
166715,1,1
166815,1,1
166915,1,1
167015,1,1
167115,1,1
167215,1,1
167315,1,1
167415,1,1
167515,1,1
167615,1,1
167715,1,1
167815,1,1
167915,1,1
168015,1,1
168115,1,1
168215,1,1
168315,1,1
168415,1,1
168515,1,1
168615,1,1
168715,1,1
168815,1,1
168915,1,1
169015,1,1
169115,1,1
169215,1,1
169315,1,1
169415,1,1
169515,1,1
169615,1,1
169715,1,1
169815,1,1
169915,1,1
170015,1,1
170115,1,1
170215,1,1
170315,1,1
170415,1,1
170515,1,1
170615,1,1
170715,1,1
170815,1,1
170915,1,1
171015,1,1
171115,1,1
171215,1,1
171315,1,1
171415,1,1
171515,1,1
171615,1,1
171715,1,1
171815,1,1
171915,1,1
172015,1,1
172115,1,1
172215,1,1
172315,1,1
172415,1,1
172515,1,1
172615,1,1
172715,1,1
172815,1,1
172915,1,1
173015,1,1
173115,1,1
173215,1,1
173315,1,1
173415,1,1
173515,1,1
173615,1,1
173715,1,1
173815,1,1
173915,1,1
174036,0,0
174136,0,0
174236,0,0
174336,0,0
174436,0,0
174536,0,0
174636,0,0
174737,0,0
174837,0,0
174937,0,0
175037,0,0
175137,0,0
175237,0,0
175337,0,0
175437,0,0
175537,0,0
175637,0,0
175737,0,0
175837,0,0
175937,0,0
176037,0,0
176137,0,0
176237,0,0
176337,0,0
176437,0,0
176537,0,0
176637,0,0
176737,0,0
176837,0,0
176937,0,0
177037,0,0
177137,0,0
177237,0,0
177337,0,0
177437,0,0
177537,0,0
177638,0,0
177738,0,0
177838,0,0
177938,0,0
178038,0,0
178138,0,0
178238,0,0
178338,0,0
178438,0,0
178538,0,0
178638,0,0
178738,0,0
178838,0,0
178938,0,0
179038,0,0
179138,0,0
179238,0,0
179338,0,0
179438,0,0
179538,0,0
179638,0,0
179738,0,0
179838,0,0
179938,0,0
180038,0,0
180138,0,0
180238,0,0
180338,0,0
180438,0,0
180539,0,0
180639,0,0
180739,0,0
180839,0,0
180939,0,0
181039,0,0
181139,0,0
181239,0,0
181339,0,0
181439,0,0
181539,0,0
181639,0,0
181739,0,0
181839,0,0
181939,0,0
182039,0,0
182139,0,0
182239,0,0
182339,0,0
182439,0,0
182539,0,0
182639,0,0
182739,0,0
182839,0,0
182939,0,0
183039,0,0
183139,0,0
183239,0,0
183339,0,0
183439,0,0
183539,0,0
183639,0,0
183739,0,0
183839,0,0
183939,0,0
184039,0,0
184139,0,0
184239,0,0
184339,0,0
184439,0,0
184539,0,0
184639,0,0
184739,0,0
184839,0,0
184939,0,0
185039,0,0
185139,0,0
185239,0,0
185339,0,0
185439,0,0
185539,0,0
185639,0,0
185739,0,0
185839,0,0
185939,0,0
186039,1,1
186131,1,1
186231,1,1
186331,1,1
186431,1,1
186531,1,1
186631,1,1
186731,1,1
186831,1,1
186931,1,1
187031,1,1
187131,1,1
187231,1,1
187331,1,1
187431,1,1
187531,1,1
187631,1,1
187731,1,1
187831,1,1
187931,1,1
188031,1,1
188131,1,1
188231,1,1
188331,1,1
188431,1,1
188531,1,1
188631,1,1
188731,1,1
188831,1,1
188931,1,1
189031,1,1
189131,1,1
189231,1,1
189331,1,1
189431,1,1
189531,1,1
189631,1,1
189731,1,1
189831,1,1
189931,1,1
190031,1,1
190131,1,1
190218,1,1
190318,1,1
190418,1,1
190518,1,1
190618,1,1
190718,1,1
190818,1,1
190918,1,1
191018,1,1
191118,1,1
191218,1,1
191318,1,1
191418,1,1
191518,1,1
191618,1,1
191718,1,1
191818,1,1
191918,1,1
192018,1,1
192118,1,1
192218,1,1
192318,1,1
192418,1,1
192518,1,1
192618,1,1
192718,1,1
192818,1,1
192918,1,1
193018,1,1
193118,1,1
193218,1,1
193318,1,1
193418,1,1
193518,1,1
193618,1,1
193718,1,1
193818,1,1
193918,1,1
194018,1,1
194118,1,1
194226,1,1
194326,1,1
194426,1,1
194526,1,1
194626,1,1
194726,1,1
194826,1,1
194926,1,1
195026,1,1
195126,1,1
195226,1,1
195326,1,1
195426,1,1
195526,1,1
195626,1,1
195726,1,1
195826,1,1
195926,1,1
196026,1,1
196126,1,1
196226,1,1
196326,1,1
196426,1,1
196526,1,1
196626,1,1
196726,1,1
196826,1,1
196926,1,1
197026,1,1
197126,1,1
197226,1,1
197326,1,1
197426,1,1
197526,1,1
197626,1,1
197726,1,1
197826,1,1
197926,1,1
198026,1,1
198126,1,1
198225,1,1
198325,1,1
198425,1,1
198525,1,1
198625,1,1
198725,1,1
198825,1,1
198925,1,1
199025,1,1
199125,1,1
199225,1,1
199325,1,1
199425,1,1
199525,1,1
199625,1,1
199725,1,1
199825,1,1
199925,1,1
200025,1,1
200125,1,1
200225,1,1
200325,1,1
200425,1,1
200525,1,1
200625,1,1
200725,1,1
200825,1,1
200925,1,1
201025,1,1
201125,1,1
201225,1,1
201325,1,1
201425,1,1
201525,1,1
201625,1,1
201725,1,1
201825,1,1
201925,1,1
202025,1,1
202125,1,1
202223,1,1
202323,1,1
202423,1,1
202523,1,1
202623,1,1
202723,1,1
202823,1,1
202923,1,1
203023,1,1
203123,1,1
203223,1,1
203323,1,1
203423,1,1
203523,1,1
203623,1,1
203723,1,1
203823,1,1
203923,1,1
204023,1,1
204123,1,1
204223,1,1
204323,1,1
204423,1,1
204523,1,1
204623,1,1
204723,1,1
204823,1,1
204923,1,1
205023,1,1
205123,1,1
205223,1,1
205323,1,1
205423,1,1
205523,1,1
205623,1,1
205723,1,1
205823,1,1
205923,1,1
206023,1,1
206123,1,1
206221,1,1
206321,1,1
206421,1,1
206521,1,1
206621,1,1
206721,1,1
206821,1,1
206921,1,1
207021,1,1
207121,1,1
207221,1,1
207321,1,1
207421,1,1
207521,1,1
207621,1,1
207721,1,1
207821,1,1
207921,1,1
208021,1,1
208121,1,1
208221,1,1
208321,1,1
208421,1,1
208521,1,1
208621,1,1
208721,1,1
208821,1,1
208921,1,1
209021,1,1
209121,1,1
209221,1,1
209321,1,1
209421,1,1
209521,1,1
209621,1,1
209721,1,1
209821,1,1
209921,1,1
210040,1,1
210140,1,1
210238,1,1
210338,1,1
210438,1,1
210538,1,1
210638,1,1
210738,1,1
210838,1,1
210938,1,1
211038,1,1
211138,1,1
211239,1,1
211339,1,1
211439,1,1
211539,1,1
211639,1,1
211739,1,1
211839,1,1
211939,1,1
212039,1,1
212139,1,1
212239,1,1
212339,1,1
212439,1,1
212539,1,1
212639,1,1
212739,1,1
212839,1,1
212939,1,1
213039,1,1
213139,1,1
213239,1,1
213339,1,1
213439,1,1
213539,1,1
213639,1,1
213739,1,1
213839,1,1
213939,1,1
214039,1,1
214139,1,1
214236,1,1
214336,1,1
214436,1,1
214536,1,1
214636,1,1
214736,1,1
214836,1,1
214936,1,1
215036,1,1
215136,1,1
215236,1,1
215336,1,1
215436,1,1
215536,1,1
215636,1,1
215736,1,1
215836,1,1
215936,1,1
216036,1,1
216136,1,1
216236,1,1
216336,1,1
216436,1,1
216536,1,1
216636,1,1
216736,1,1
216836,1,1
216936,1,1
217036,1,1
217136,1,1
217236,1,1
217336,1,1
217436,1,1
217536,1,1
217636,1,1
217736,1,1
217836,1,1
217936,1,1
218036,1,1
218136,1,1
218236,1,1
218334,1,1
218434,1,1
218534,1,1
218634,1,1
218734,1,1
218834,1,1
218934,1,1
219034,1,1
219134,1,1
219234,1,1
219334,1,1
219434,1,1
219534,1,1
219634,1,1
219734,1,1
219834,1,1
219934,1,1
220034,1,1
220134,1,1
220234,1,1
220334,1,1
220434,1,1
220534,1,1
220634,1,1
220734,1,1
220834,1,1
220934,1,1
221034,1,1
221134,1,1
221234,1,1
221334,1,1
221434,1,1
221534,1,1
221634,1,1
221734,1,1
221834,1,1
221934,1,1
222034,1,1
222134,1,1
222234,1,1
222333,1,1
222433,1,1
222533,1,1
222633,1,1
222733,1,1
222833,1,1
222933,1,1
223033,1,1
223133,1,1
223233,1,1
223333,1,1
223433,1,1
223533,1,1
223633,1,1
223733,1,1
223833,1,1
223933,1,1
224033,1,1
224133,1,1
224233,1,1
224333,1,1
224433,1,1
224533,1,1
224633,1,1
224733,1,1
224833,1,1
224933,1,1
225033,1,1
225133,1,1
225233,1,1
225333,1,1
225433,1,1
225533,1,1
225633,1,1
225733,1,1
225833,1,1
225933,1,1
226033,1,1
226133,1,1
226233,1,1
226333,1,1
226433,1,1
226533,1,1
226633,1,1
226733,1,1
226833,1,1
226933,1,1
227033,1,1
227133,1,1
227233,1,1
227333,1,1
227433,1,1
227533,1,1
227633,1,1
227733,1,1
227833,1,1
227933,1,1
228033,1,1
228133,1,1
228233,1,1
228333,1,1
228433,1,1
228533,1,1
228633,1,1
228733,1,1
228833,1,1
228933,1,1
229033,1,1
229133,1,1
229233,1,1
229333,1,1
229433,1,1
229533,1,1
229633,1,1
229733,1,1
229833,1,1
229933,1,1
230060,0,0
230160,0,0
230260,0,0
230360,0,0
230460,0,0
230561,0,0
230661,0,0
230761,0,0
230861,0,0
230961,0,0
231061,0,0
231161,0,0
231261,0,0
231361,0,0
231461,0,0
231561,0,0
231661,0,0
231761,0,0
231861,0,0
231961,0,0
232061,0,0
232161,0,0
232261,0,0
232361,0,0
232461,0,0
232561,0,0
232661,0,0
232761,0,0
232861,0,0
232961,0,0
233061,0,0
233161,0,0
233261,0,0
233361,0,0
233461,0,0
233561,0,0
233661,0,0
233761,0,0
233861,0,0
233961,0,0
234061,0,0
234161,0,0
234261,0,0
234361,0,0
234461,0,0
234561,0,0
234661,0,0
234761,0,0
234861,0,0
234961,0,0
235061,0,0
235161,0,0
235261,0,0
235361,0,0
235461,0,0
235561,0,0
235661,0,0
235761,0,0
235861,0,0
235961,0,0
236061,0,0
236161,0,0
236261,0,0
236361,0,0
236461,0,0
236561,0,0
236661,0,0
236761,0,0
236861,0,0
236961,0,0
237061,0,0
237161,0,0
237261,0,0
237361,0,0
237461,0,0
237561,0,0
237661,0,0
237761,0,0
237861,0,0
237961,0,0
238061,0,0
238161,0,0
238261,0,0
238361,0,0
238461,0,0
238561,0,0
238661,0,0
238761,0,0
238861,0,0
238961,0,0
239061,0,0
239161,0,0
239261,0,0
239361,0,0
239461,0,0
239561,0,0
239661,0,0
239761,0,0
239861,0,0
239961,0,0
240061,0,0
240161,0,0
240261,0,0
240361,0,0
240461,0,0
240561,0,0
240661,0,0
240761,0,0
240861,0,0
240961,0,0
241061,0,0
241161,0,0
241261,0,0
241361,0,0
241461,0,0
241561,0,0
241661,0,0
241761,0,0
241861,0,0
241961,0,0
242061,0,0
242161,0,0
242261,0,0
242361,0,0
242461,0,0
242561,0,0
242651,0,0
242751,1,1
242851,1,1
242951,1,1
243051,1,1
243151,1,1
243251,1,1
243351,1,1
243451,1,1
243551,1,1
243651,1,1
243751,1,1
243851,1,1
243951,1,1
244051,1,1
244151,1,1
244251,1,1
244351,1,1
244451,1,1
244551,1,1
244651,1,1
244751,1,1
244851,1,1
244951,1,1
245051,1,1
245151,1,1
245251,1,1
245351,1,1
245451,1,1
245551,1,1
245651,1,1
245751,1,1
245851,1,1
245951,1,1
246051,1,1
246151,1,1
246251,1,1
246351,1,1
246451,1,1
246551,1,1
246650,1,1
246750,1,1
246850,1,1
246950,1,1
247050,1,1
247150,1,1
247250,1,1
247350,1,1
247450,1,1
247550,1,1
247650,1,1
247750,1,1
247850,1,1
247950,1,1
248050,1,1
248150,1,1
248250,1,1
248350,1,1
248450,1,1
248550,1,1
248650,1,1
248750,1,1
248850,1,1
248950,1,1
249050,1,1
249150,1,1
249250,1,1
249350,1,1
249450,1,1
249550,1,1
249650,1,1
249750,1,1
249850,1,1
249950,1,1
250050,1,1
250150,1,1
250250,1,1
250350,1,1
250450,1,1
250550,1,1
250647,1,1
250747,1,1
250847,1,1
250947,1,1
251047,1,1
251147,1,1
251247,1,1
251347,1,1
251447,1,1
251547,1,1
251647,1,1
251747,1,1
251847,1,1
251947,1,1
252047,1,1
252147,1,1
252247,1,1
252347,1,1
252447,1,1
252547,1,1
252647,1,1
252747,1,1
252847,1,1
252947,1,1
253047,1,1
253147,1,1
253247,1,1
253347,1,1
253447,1,1
253547,1,1
253647,1,1
253747,1,1
253847,1,1
253947,1,1
254047,1,1
254147,1,1
254247,1,1
254347,1,1
254447,1,1
254547,1,1
254645,1,1
254745,1,1
254845,1,1
254945,1,1
255045,1,1
255145,1,1
255245,1,1
255345,1,1
255445,1,1
255545,1,1
255645,1,1
255745,1,1
255845,1,1
255945,1,1
256045,1,1
256145,1,1
256245,1,1
256345,1,1
256445,1,1
256545,1,1
256645,1,1
256745,1,1
256845,1,1
256945,1,1
257045,1,1
257145,1,1
257245,1,1
257345,1,1
257445,1,1
257545,1,1
257645,1,1
257745,1,1
257845,1,1
257945,1,1
258045,1,1
258145,1,1
258245,1,1
258345,1,1
258445,1,1
258545,1,1
258644,1,1
258756,1,1
258856,1,1
258956,1,1
259056,1,1
259156,1,1
259256,1,1
259356,1,1
259456,1,1
259556,1,1
259656,1,1
259756,1,1
259856,1,1
259956,1,1
260056,1,1
260156,1,1
260256,1,1
260356,1,1
260456,1,1
260556,1,1
260656,1,1
260756,1,1
260856,1,1
260956,1,1
261056,1,1
261156,1,1
261256,1,1
261356,1,1
261456,1,1
261556,1,1
261656,1,1
261756,1,1
261856,1,1
261956,1,1
262056,1,1
262156,1,1
262256,1,1
262356,1,1
262456,1,1
262556,1,1
262654,1,1
262754,1,1
262854,1,1
262954,1,1
263054,1,1
263154,1,1
263254,1,1
263354,1,1
263454,1,1
263554,1,1
263654,1,1
263754,1,1
263854,1,1
263954,1,1
264054,1,1
264154,1,1
264254,1,1
264354,1,1
264454,1,1
264554,1,1
264654,1,1
264754,1,1
264854,1,1
264954,1,1
265054,1,1
265154,1,1
265254,1,1
265354,1,1
265454,1,1
265554,1,1
265654,1,1
265754,1,1
265854,1,1
265954,1,1
266054,1,1
266154,1,1
266254,1,1
266354,1,1
266454,1,1
266554,1,1
266649,1,1
266755,1,1
266855,1,1
266955,1,1
267055,1,1
267155,1,1
267255,1,1
267355,1,1
267455,1,1
267555,1,1
267655,1,1
267755,1,1
267855,1,1
267956,1,1
268056,1,1
268156,1,1
268256,1,1
268356,1,1
268456,1,1
268556,1,1
268656,1,1
268756,1,1
268856,1,1
268956,1,1
269056,1,1
269156,1,1
269256,1,1
269356,1,1
269456,1,1
269556,1,1
269656,1,1
269756,1,1
269856,1,1
269956,1,1
270056,1,1
270156,1,1
270256,1,1
270356,1,1
270456,1,1
270556,1,1
270656,1,1
270756,1,1
270857,1,1
270957,1,1
271057,1,1
271157,1,1
271257,1,1
271357,1,1
271457,1,1
271557,1,1
271657,1,1
271757,1,1
271857,1,1
271957,1,1
272057,1,1
272157,1,1
272257,1,1
272357,1,1
272457,1,1
272557,1,1
272657,1,1
272757,1,1
272857,1,1
272957,1,1
273057,1,1
273157,1,1
273257,1,1
273357,1,1
273457,1,1
273557,1,1
273657,1,1
273757,1,1
273857,1,1
273957,1,1
274057,1,1
274157,1,1
274257,1,1
274357,1,1
274457,1,1
274557,1,1
274654,1,1
274766,1,1
274866,1,1
274966,1,1
275066,1,1
275166,1,1
275266,1,1
275366,1,1
275466,1,1
275566,1,1
275666,1,1
275766,1,1
275866,1,1
275966,1,1
276066,1,1
276166,1,1
276266,1,1
276366,1,1
276466,1,1
276566,1,1
276666,1,1
276766,1,1
276866,1,1
276966,1,1
277066,1,1
277166,1,1
277266,1,1
277366,1,1
277466,1,1
277566,1,1
277666,1,1
277766,1,1
277866,1,1
277966,1,1
278066,1,1
278166,1,1
278266,1,1
278366,1,1
278466,1,1
278566,1,1
278666,1,1
278769,1,1
278869,1,1
278969,1,1
279069,1,1
279169,1,1
279269,1,1
279369,1,1
279469,1,1
279569,1,1
279669,1,1
279769,1,1
279869,1,1
279969,1,1
280070,1,1
280170,1,1
280270,1,1
280370,1,1
280470,1,1
280570,1,1
280670,1,1
280770,1,1
280870,1,1
280970,1,1
281070,1,1
281170,1,1
281270,1,1
281370,1,1
281470,1,1
281570,1,1
281670,1,1
281770,1,1
281870,1,1
281970,1,1
282070,1,1
282170,1,1
282270,1,1
282370,1,1
282470,1,1
282570,1,1
282670,1,1
282770,1,1
282870,1,1
282970,1,1
283070,1,1
283170,1,1
283270,1,1
283370,1,1
283470,1,1
283570,1,1
283670,1,1
283770,1,1
283870,1,1
283970,1,1
284070,1,1
284170,1,1
284270,1,1
284370,1,1
284470,1,1
284570,1,1
284670,1,1
284770,1,1
284870,1,1
284970,1,1
285070,1,1
285170,1,1
285270,1,1
285370,1,1
285470,1,1
285570,1,1
285670,1,1
285770,1,1
285870,1,1
285970,1,1
286070,1,1
286170,1,1
286270,1,1
286370,1,1
286470,1,1
286570,1,1
286670,1,1
286797,0,0
286897,0,0
286997,0,0
287097,0,0
287197,0,0
287297,0,0
287397,0,0
287497,0,0
287597,0,0
287697,0,0
287797,0,0
287897,0,0
287997,0,0
288097,0,0
288197,0,0
288297,0,0
288397,0,0
288497,0,0
288597,0,0
288697,0,0
288797,0,0
288897,0,0
288997,0,0
289097,0,0
289197,0,0
289297,0,0
289397,0,0
289497,0,0
289597,0,0
289697,0,0
289798,0,0
289898,0,0
289998,0,0
290098,0,0
290198,0,0
290298,0,0
290398,0,0
290498,0,0
290598,0,0
290698,0,0
290798,0,0
290898,0,0
290998,0,0
291098,0,0
291198,0,0
291298,0,0
291398,0,0
291498,0,0
291598,0,0
291698,0,0
291798,0,0
291898,0,0
291998,0,0
292098,0,0
292198,0,0
292298,0,0
292398,0,0
292498,0,0
292598,0,0
292698,0,0
292798,0,0
292898,0,0
292998,0,0
293098,0,0
293198,0,0
293298,0,0
293398,0,0
293498,0,0
293598,0,0
293698,0,0
293798,0,0
293898,0,0
293998,0,0
294098,0,0
294198,0,0
294298,0,0
294398,0,0
294498,0,0
294598,0,0
294698,0,0
294798,0,0
294898,0,0
294998,0,0
295098,0,0
295198,0,0
295298,0,0
295398,0,0
295498,0,0
295598,0,0
295698,0,0
295798,0,0
295898,0,0
295998,0,0
296098,0,0
296198,0,0
296298,0,0
296398,0,0
296498,0,0
296598,0,0
296698,0,0
296798,0,0
296898,0,0
296998,0,0
297098,0,0
297198,0,0
297298,0,0
297398,0,0
297498,0,0
297598,0,0
297698,0,0
297798,0,0
297898,0,0
297998,0,0
298098,0,0
298198,0,0
298298,0,0
298398,0,0
298498,0,0
298598,0,0
298698,0,0
298798,0,0
298898,0,0
298998,0,0
299098,0,0
299198,0,0
299298,0,0
299387,0,0
299487,0,0
299623,0,0
299723,1,1
299823,1,1
299923,1,1
300023,1,1
300123,1,1
300223,1,1
300323,1,1
300423,1,1
300523,1,1
300623,1,1
300723,1,1
300823,1,1
300923,1,1
301023,1,1
301123,1,1
301223,1,1
301323,1,1
301423,1,1
301523,1,1
301623,1,1
301723,1,1
301823,1,1
301923,1,1
302023,1,1
302123,1,1
302223,1,1
302323,1,1
302423,1,1
302523,1,1
302623,1,1
302723,1,1
302823,1,1
302923,1,1
303023,1,1
303123,1,1
303223,1,1
303323,1,1
303421,1,1
303521,1,1
303621,1,1
303721,1,1
303821,1,1
303921,1,1
304021,1,1
304121,1,1
304221,1,1
304321,1,1
304421,1,1
304521,1,1
304621,1,1
304721,1,1
304821,1,1
304921,1,1
305021,1,1
305121,1,1
305221,1,1
305321,1,1
305421,1,1
305521,1,1
305621,1,1
305721,1,1
305821,1,1
305921,1,1
306021,1,1
306121,1,1
306221,1,1
306321,1,1
306421,1,1
306521,1,1
306621,1,1
306721,1,1
306821,1,1
306921,1,1
307021,1,1
307121,1,1
307221,1,1
307321,1,1
307419,1,1
307519,1,1
307619,1,1
307719,1,1
307819,1,1
307919,1,1
308019,1,1
308119,1,1
308219,1,1
308319,1,1
308419,1,1
308519,1,1
308619,1,1
308719,1,1
308819,1,1
308919,1,1
309019,1,1
309119,1,1
309219,1,1
309319,1,1
309419,1,1
309519,1,1
309619,1,1
309719,1,1
309819,1,1
309919,1,1
310019,1,1
310119,1,1
310219,1,1
310319,1,1
310419,1,1
310519,1,1
310619,1,1
310719,1,1
310819,1,1
310919,1,1
311019,1,1
311119,1,1
311219,1,1
311319,1,1
311416,1,1
311516,1,1
311616,1,1
311716,1,1
311816,1,1
311916,1,1
312016,1,1
312116,1,1
312216,1,1
312316,1,1
312416,1,1
312516,1,1
312616,1,1
312716,1,1
312816,1,1
312916,1,1
313016,1,1
313116,1,1
313216,1,1
313316,1,1
313416,1,1
313516,1,1
313616,1,1
313716,1,1
313816,1,1
313916,1,1
314016,1,1
314116,1,1
314216,1,1
314316,1,1
314416,1,1
314516,1,1
314616,1,1
314716,1,1
314816,1,1
314916,1,1
315016,1,1
315116,1,1
315216,1,1
315316,1,1
315415,1,1
315515,1,1
315615,1,1
315715,1,1
315815,1,1
315915,1,1
316015,1,1
316115,1,1
316215,1,1
316315,1,1
316415,1,1
316515,1,1
316615,1,1
316715,1,1
316815,1,1
316915,1,1
317015,1,1
317115,1,1
317215,1,1
317315,1,1
317415,1,1
317515,1,1
317615,1,1
317715,1,1
317815,1,1
317915,1,1
318015,1,1
318115,1,1
318215,1,1
318315,1,1
318415,1,1
318515,1,1
318615,1,1
318715,1,1
318815,1,1
318915,1,1
319015,1,1
319115,1,1
319215,1,1
319315,1,1
319412,1,1
319512,1,1
319612,1,1
319712,1,1
319812,1,1
319912,1,1
320012,1,1
320112,1,1
320212,1,1
320312,1,1
320412,1,1
320512,1,1
320612,1,1
320712,1,1
320812,1,1
320912,1,1
321012,1,1
321112,1,1
321212,1,1
321312,1,1
321412,1,1
321512,1,1
321612,1,1
321712,1,1
321812,1,1
321912,1,1
322012,1,1
322112,1,1
322212,1,1
322312,1,1
322412,1,1
322512,1,1
322612,1,1
322712,1,1
322812,1,1
322912,1,1
323012,1,1
323112,1,1
323212,1,1
323312,1,1
323411,1,1
323511,1,1
323611,1,1
323711,1,1
323811,1,1
323911,1,1
324011,1,1
324111,1,1
324211,1,1
324311,1,1
324411,1,1
324511,1,1
324611,1,1
324711,1,1
324811,1,1
324911,1,1
325011,1,1
325111,1,1
325211,1,1
325311,1,1
325411,1,1
325511,1,1
325611,1,1
325711,1,1
325811,1,1
325911,1,1
326011,1,1
326111,1,1
326211,1,1
326311,1,1
326411,1,1
326511,1,1
326611,1,1
326711,1,1
326811,1,1
326911,1,1
327011,1,1
327111,1,1
327211,1,1
327311,1,1
327409,1,1
327509,1,1
327624,1,1
327724,1,1
327824,1,1
327924,1,1
328024,1,1
328124,1,1
328224,1,1
328324,1,1
328424,1,1
328524,1,1
328624,1,1
328724,1,1
328824,1,1
328924,1,1
329024,1,1
329124,1,1
329224,1,1
329325,1,1
329425,1,1
329525,1,1
329625,1,1
329725,1,1
329825,1,1
329925,1,1
330025,1,1
330125,1,1
330225,1,1
330325,1,1
330425,1,1
330525,1,1
330625,1,1
330725,1,1
330825,1,1
330925,1,1
331025,1,1
331125,1,1
331225,1,1
331325,1,1
331423,1,1
331523,1,1
331623,1,1
331723,1,1
331823,1,1
331923,1,1
332023,1,1
332123,1,1
332223,1,1
332323,1,1
332423,1,1
332523,1,1
332623,1,1
332723,1,1
332823,1,1
332923,1,1
333023,1,1
333123,1,1
333223,1,1
333323,1,1
333423,1,1
333523,1,1
333623,1,1
333723,1,1
333823,1,1
333923,1,1
334023,1,1
334123,1,1
334223,1,1
334323,1,1
334423,1,1
334523,1,1
334623,1,1
334723,1,1
334823,1,1
334923,1,1
335023,1,1
335123,1,1
335223,1,1
335323,1,1
335420,1,1
335520,1,1
335620,1,1
335720,1,1
335820,1,1
335920,1,1
336020,1,1
336120,1,1
336220,1,1
336320,1,1
336420,1,1
336520,1,1
336620,1,1
336720,1,1
336820,1,1
336920,1,1
337020,1,1
337120,1,1
337220,1,1
337320,1,1
337420,1,1
337520,1,1
337620,1,1
337720,1,1
337820,1,1
337920,1,1
338020,1,1
338120,1,1
338220,1,1
338320,1,1
338420,1,1
338520,1,1
338620,1,1
338720,1,1
338820,1,1
338920,1,1
339020,1,1
339120,1,1
339220,1,1
339320,1,1
339418,1,1
339518,1,1
339618,1,1
339718,1,1
339818,1,1
339918,1,1
340018,1,1
340118,1,1
340218,1,1
340318,1,1
340418,1,1
340518,1,1
340618,1,1
340718,1,1
340818,1,1
340918,1,1
341018,1,1
341118,1,1
341218,1,1
341318,1,1
341418,1,1
341518,1,1
341618,1,1
341718,1,1
341818,1,1
341918,1,1
342018,1,1
342118,1,1
342218,1,1
342318,1,1
342418,1,1
342518,1,1
342618,1,1
342718,1,1
342818,1,1
342918,1,1
343018,1,1
343118,1,1
343218,1,1
343318,1,1
343418,1,1
343518,1,1
343618,1,1
343718,1,1
343818,1,1
343918,1,1
344018,1,1
344118,1,1
344218,1,1
344318,1,1
344418,1,1
344518,1,1
344618,1,1
344718,1,1
344818,1,1
344918,1,1
345018,1,1
345118,1,1
345218,1,1
345318,1,1
345418,1,1
345518,1,1
345618,1,1
345718,1,1
345818,1,1
345918,1,1
346018,1,1
346118,1,1
346218,1,1
346318,1,1
346418,1,1
346518,1,1
346618,1,1
346718,1,1
346818,1,1
346918,1,1
347018,1,1
347118,1,1
347218,1,1
347318,1,1
347418,1,1
347518,1,1
347618,1,1
347718,0,0
347818,0,0
347918,0,0
348018,0,0
348118,0,0
348218,0,0
348318,0,0
348418,0,0
348518,0,0
348618,0,0
348718,0,0
348818,0,0
348918,0,0
349018,0,0
349118,0,0
349218,0,0
349318,0,0
349418,0,0
349518,0,0
349618,0,0
349718,0,0
349818,0,0
349918,0,0
350018,0,0
350118,0,0
350218,0,0
350318,0,0
350418,0,0
350518,0,0
350618,0,0
350718,0,0
350818,0,0
350918,0,0
351018,0,0
351118,0,0
351218,0,0
351318,0,0
351418,0,0
351518,0,0
351618,0,0
351718,0,0
351818,0,0
351918,0,0
352018,0,0
352118,0,0
352218,0,0
352318,0,0
352418,0,0
352518,0,0
352618,0,0
352718,0,0
352818,0,0
352918,0,0
353018,0,0
353118,0,0
353218,0,0
353318,0,0
353418,0,0
353518,0,0
353618,0,0
353718,0,0
353818,0,0
353918,0,0
354018,0,0
354118,0,0
354218,0,0
354318,0,0
354418,0,0
354518,0,0
354618,0,0
354718,0,0
354818,0,0
354918,0,0
355018,0,0
355118,0,0
355218,0,0
355318,0,0
355411,0,0
355511,0,0
355651,0,0
355750,1,1
355850,1,1
355950,1,1
356050,1,1
356150,1,1
356250,1,1
356350,1,1
356450,1,1
356550,1,1
356650,1,1
356750,1,1
356850,1,1
356950,1,1
357050,1,1
357150,1,1
357250,1,1
357350,1,1
357450,1,1
357550,1,1
357650,1,1
357750,1,1
357850,1,1
357950,1,1
358050,1,1
358150,1,1
358250,1,1
358350,1,1
358450,1,1
358550,1,1
358650,1,1
358751,1,1
358851,1,1
358951,1,1
359051,1,1
359151,1,1
359251,1,1
359351,1,1
359449,1,1
359549,1,1
359649,1,1
359749,1,1
359849,1,1
359949,1,1
360049,1,1
360149,1,1
360249,1,1
360349,1,1
360449,1,1
360549,1,1
360649,1,1
360749,1,1
360849,1,1
360949,1,1
361049,1,1
361149,1,1
361249,1,1
361349,1,1
361449,1,1
361549,1,1
361649,1,1
361749,1,1
361849,1,1
361949,1,1
362049,1,1
362149,1,1
362249,1,1
362349,1,1
362449,1,1
362549,1,1
362649,1,1
362749,1,1
362849,1,1
362949,1,1
363049,1,1
363149,1,1
363249,1,1
363349,1,1
363446,1,1
363546,1,1
363646,1,1
363746,1,1
363846,1,1
363946,1,1
364046,1,1
364146,1,1
364246,1,1
364346,1,1
364446,1,1
364546,1,1
364646,1,1
364746,1,1
364846,1,1
364946,1,1
365046,1,1
365146,1,1
365246,1,1
365346,1,1
365446,1,1
365546,1,1
365646,1,1
365746,1,1
365846,1,1
365946,1,1
366046,1,1
366146,1,1
366246,1,1
366346,1,1
366446,1,1
366546,1,1
366646,1,1
366746,1,1
366846,1,1
366946,1,1
367046,1,1
367146,1,1
367246,1,1
367346,1,1
367444,1,1
367544,1,1
367644,1,1
367744,1,1
367844,1,1
367944,1,1
368044,1,1
368144,1,1
368244,1,1
368344,1,1
368444,1,1
368544,1,1
368644,1,1
368744,1,1
368844,1,1
368944,1,1
369044,1,1
369144,1,1
369244,1,1
369344,1,1
369444,1,1
369544,1,1
369644,1,1
369744,1,1
369844,1,1
369944,1,1
370044,1,1
370144,1,1
370244,1,1
370344,1,1
370444,1,1
370544,1,1
370644,1,1
370744,1,1
370844,1,1
370944,1,1
371044,1,1
371144,1,1
371244,1,1
371344,1,1
371443,1,1
371543,1,1
371643,1,1
371743,1,1
371843,1,1
371943,1,1
372043,1,1
372143,1,1
372243,1,1
372343,1,1
372443,1,1
372543,1,1
372643,1,1
372743,1,1
372843,1,1
372943,1,1
373043,1,1
373143,1,1
373243,1,1
373343,1,1
373443,1,1
373543,1,1
373643,1,1
373743,1,1
373843,1,1
373943,1,1
374043,1,1
374143,1,1
374243,1,1
374343,1,1
374443,1,1
374543,1,1
374643,1,1
374743,1,1
374843,1,1
374943,1,1
375043,1,1
375143,1,1
375243,1,1
375343,1,1
375440,1,1
375540,1,1
375640,1,1
375740,1,1
375840,1,1
375940,1,1
376040,1,1
376140,1,1
376240,1,1
376340,1,1
376440,1,1
376540,1,1
376640,1,1
376740,1,1
376840,1,1
376940,1,1
377040,1,1
377140,1,1
377240,1,1
377340,1,1
377440,1,1
377540,1,1
377640,1,1
377740,1,1
377840,1,1
377940,1,1
378040,1,1
378140,1,1
378240,1,1
378340,1,1
378440,1,1
378540,1,1
378640,1,1
378740,1,1
378840,1,1
378940,1,1
379040,1,1
379140,1,1
379240,1,1
379340,1,1
379437,1,1
379537,1,1
379637,1,1
379737,1,1
379837,1,1
379937,1,1
380037,1,1
380137,1,1
380237,1,1
380337,1,1
380437,1,1
380537,1,1
380637,1,1
380737,1,1
380837,1,1
380937,1,1
381037,1,1
381137,1,1
381237,1,1
381337,1,1
381437,1,1
381537,1,1
381637,1,1
381737,1,1
381837,1,1
381937,1,1
382037,1,1
382137,1,1
382237,1,1
382337,1,1
382437,1,1
382537,1,1
382637,1,1
382737,1,1
382837,1,1
382937,1,1
383037,1,1
383137,1,1
383237,1,1
383337,1,1
383436,1,1
383536,1,1
383636,1,1
383747,1,1
383847,1,1
383947,1,1
384047,1,1
384147,1,1
384247,1,1
384347,1,1
384447,1,1
384547,1,1
384647,1,1
384747,1,1
384848,1,1
384948,1,1
385048,1,1
385148,1,1
385248,1,1
385348,1,1
385448,1,1
385548,1,1
385648,1,1
385748,1,1
385848,1,1
385948,1,1
386048,1,1
386148,1,1
386248,1,1
386348,1,1
386448,1,1
386548,1,1
386648,1,1
386748,1,1
386848,1,1
386948,1,1
387048,1,1
387148,1,1
387248,1,1
387348,1,1
387447,1,1
387547,1,1
387647,1,1
387747,1,1
387847,1,1
387947,1,1
388047,1,1
388147,1,1
388247,1,1
388347,1,1
388447,1,1
388547,1,1
388647,1,1
388747,1,1
388847,1,1
388947,1,1
389047,1,1
389147,1,1
389247,1,1
389347,1,1
389447,1,1
389547,1,1
389647,1,1
389747,1,1
389847,1,1
389947,1,1
390047,1,1
390147,1,1
390247,1,1
390347,1,1
390447,1,1
390547,1,1
390647,1,1
390747,1,1
390847,1,1
390947,1,1
391047,1,1
391147,1,1
391247,1,1
391347,1,1
391444,1,1
391544,1,1
391644,1,1
391744,1,1
391844,1,1
391944,1,1
392044,1,1
392144,1,1
392244,1,1
392344,1,1
392444,1,1
392544,1,1
392644,1,1
392744,1,1
392844,1,1
392944,1,1
393044,1,1
393144,1,1
393244,1,1
393344,1,1
393444,1,1
393544,1,1
393644,1,1
393744,1,1
393844,1,1
393944,1,1
394044,1,1
394144,1,1
394244,1,1
394344,1,1
394444,1,1
394544,1,1
394644,1,1
394744,1,1
394844,1,1
394944,1,1
395044,1,1
395144,1,1
395244,1,1
395344,1,1
395439,1,1
395539,1,1
395639,1,1
395739,1,1
395839,1,1
395939,1,1
396039,1,1
396139,1,1
396239,1,1
396339,1,1
396439,1,1
396539,1,1
396639,1,1
396739,1,1
396839,1,1
396939,1,1
397039,1,1
397139,1,1
397239,1,1
397339,1,1
397439,1,1
397539,1,1
397639,1,1
397739,1,1
397839,1,1
397939,1,1
398039,1,1
398139,1,1
398239,1,1
398339,1,1
398439,1,1
398539,1,1
398639,1,1
398739,1,1
398839,1,1
398939,1,1
399039,1,1
399139,1,1
399239,1,1
399339,1,1
399439,1,1
399539,1,1
399639,1,1
399739,1,1
399839,1,1
399939,1,1
400039,1,1
400139,1,1
400239,1,1
400339,1,1
400439,1,1
400539,1,1
400639,1,1
400739,1,1
400839,1,1
400939,1,1
401039,1,1
401139,1,1
401239,1,1
401339,1,1
401439,1,1
401539,1,1
401639,1,1
401739,1,1
401839,1,1
401939,1,1
402039,1,1
402139,1,1
402239,1,1
402339,1,1
402439,1,1
402539,1,1
402639,1,1
402739,1,1
402839,1,1
402939,1,1
403039,1,1
403139,1,1
403239,1,1
403339,1,1
403439,1,1
403539,1,1
403639,1,1
403739,1,1
403867,0,0
403967,0,0
404067,0,0
404167,0,0
404267,0,0
404367,0,0
404467,0,0
404567,0,0
404667,0,0
404767,0,0
404867,0,0
404967,0,0
405067,0,0
405167,0,0
405267,0,0
405367,0,0
405467,0,0
405567,0,0
405667,0,0
405767,0,0
405867,0,0
405967,0,0
406067,0,0
406167,0,0
406267,0,0
406367,0,0
406467,0,0
406567,0,0
406667,0,0
406767,0,0
406867,0,0
406967,0,0
407067,0,0
407167,0,0
407267,0,0
407367,0,0
407467,0,0
407567,0,0
407667,0,0
407767,0,0
407867,0,0
407967,0,0
408067,0,0
408167,0,0
408267,0,0
408367,0,0
408467,0,0
408567,0,0
408667,0,0
408767,0,0
408867,0,0
408967,0,0
409067,0,0
409167,0,0
409267,0,0
409367,0,0
409467,0,0
409567,0,0
409667,0,0
409767,0,0
409867,0,0
409967,0,0
410067,0,0
410167,0,0
410267,0,0
410367,0,0
410467,0,0
410567,0,0
410667,0,0
410767,0,0
410867,0,0
410967,0,0
411067,0,0
411167,0,0
411267,0,0
411367,0,0
411467,0,0
411567,0,0
411667,0,0
411767,0,0
411867,0,0
411967,0,0
412067,0,0
412167,0,0
412267,0,0
412367,0,0
412467,0,0
412567,0,0
412667,0,0
412767,0,0
412867,0,0
412967,0,0
413067,0,0
413167,0,0
413267,0,0
413367,0,0
413467,0,0
413567,0,0
413667,0,0
413767,0,0
413867,0,0
413967,0,0
414067,0,0
414167,0,0
414267,0,0
414367,0,0
414467,0,0
414567,0,0
414667,0,0
414767,0,0
414867,0,0
414967,0,0
415067,0,0
415167,0,0
415267,0,0
415367,0,0
415467,0,0
415567,0,0
415667,0,0
415767,0,0
415867,0,0
415935,1,1
416035,1,1
416135,1,1
416235,1,1
416335,1,1
416435,1,1
416535,1,1
416635,1,1
416735,1,1
416835,1,1
416935,1,1
417035,1,1
417135,1,1
417235,1,1
417335,1,1
417435,1,1
417535,1,1
417635,1,1
417735,1,1
417835,1,1
417935,1,1
418035,1,1
418135,1,1
418235,1,1
418335,1,1
418435,1,1
418535,1,1
418635,1,1
418735,1,1
418835,1,1
418935,1,1
419035,1,1
419135,1,1
419235,1,1
419335,1,1
419435,1,1
419535,1,1
419635,1,1
419735,1,1
419835,1,1
419946,1,1
420046,1,1
420146,1,1
420246,1,1
420346,1,1
420446,1,1
420546,1,1
420646,1,1
420746,1,1
420846,1,1
420946,1,1
421046,1,1
421146,1,1
421246,1,1
421346,1,1
421446,1,1
421546,1,1
421646,1,1
421746,1,1
421846,1,1
421946,1,1
422046,1,1
422146,1,1
422246,1,1
422346,1,1
422446,1,1
422546,1,1
422646,1,1
422746,1,1
422846,1,1
422946,1,1
423046,1,1
423146,1,1
423246,1,1
423346,1,1
423446,1,1
423546,1,1
423646,1,1
423746,1,1
423846,1,1
424356,1,1
424029,1,1
424129,1,1
424229,1,1
424329,1,1
424429,1,1
424529,1,1
424629,1,1
424729,1,1
424829,1,1
424929,1,1
425029,1,1
425129,1,1
425229,1,1
425329,1,1
425429,1,1
425529,1,1
425629,1,1
425729,1,1
425829,1,1
425929,1,1
426029,1,1
426129,1,1
426229,1,1
426329,1,1
426429,1,1
426529,1,1
426629,1,1
426729,1,1
426829,1,1
426930,1,1
427030,1,1
427130,1,1
427230,1,1
427330,1,1
427430,1,1
427920,1,1
428037,1,1
428137,1,1
428237,1,1
428337,1,1
428437,1,1
428537,1,1
428637,1,1
428737,1,1
428837,1,1
428937,1,1
429038,1,1
429138,1,1
429238,1,1
429338,1,1
429438,1,1
429538,1,1
429638,1,1
429738,1,1
429838,1,1
429938,1,1
430038,1,1
430138,1,1
430238,1,1
430338,1,1
430438,1,1
430538,1,1
430638,1,1
430738,1,1
430838,1,1
430938,1,1
431038,1,1
431138,1,1
431238,1,1
431338,1,1
431438,1,1
431958,1,1
432057,1,1
432157,1,1
432257,1,1
432357,1,1
432457,1,1
432557,1,1
432657,1,1
432757,1,1
432857,1,1
432957,1,1
433057,1,1
433157,1,1
433257,1,1
433357,1,1
433457,1,1
433557,1,1
433657,1,1
433757,1,1
433858,1,1
433958,1,1
434058,1,1
434158,1,1
434258,1,1
434358,1,1
434458,1,1
434558,1,1
434658,1,1
434758,1,1
434858,1,1
434958,1,1
435058,1,1
435158,1,1
435258,1,1
435358,1,1
435458,1,1
435961,1,1
436059,1,1
436160,1,1
436260,1,1
436360,1,1
436460,1,1
436560,1,1
436660,1,1
436760,1,1
436860,1,1
436960,1,1
437060,1,1
437160,1,1
437260,1,1
437360,1,1
437460,1,1
437560,1,1
437660,1,1
437760,1,1
437860,1,1
437960,1,1
438060,1,1
438175,1,1
438275,1,1
438375,1,1
438475,1,1
438575,1,1
438675,1,1
438775,1,1
438875,1,1
438976,1,1
439076,1,1
439176,1,1
439276,1,1
439376,1,1
439476,1,1
439963,1,1
440060,1,1
440160,1,1
440260,1,1
440360,1,1
440460,1,1
440560,1,1
440660,1,1
440760,1,1
440860,1,1
440960,1,1
441060,1,1
441160,1,1
441260,1,1
441360,1,1
441460,1,1
441560,1,1
441661,1,1
441761,1,1
441861,1,1
441961,1,1
442061,1,1
442161,1,1
442261,1,1
442361,1,1
442461,1,1
442561,1,1
442661,1,1
442761,1,1
442861,1,1
442961,1,1
443061,1,1
443161,1,1
443261,1,1
443361,1,1
443461,1,1
443963,1,1
444064,1,1
444164,1,1
444265,1,1
444365,1,1
444465,1,1
444565,1,1
444665,1,1
444765,1,1
444865,1,1
444965,1,1
445065,1,1
445165,1,1
445265,1,1
445365,1,1
445465,1,1
445565,1,1
445665,1,1
445765,1,1
445865,1,1
445965,1,1
446065,1,1
446165,1,1
446265,1,1
446365,1,1
446465,1,1
446565,1,1
446665,1,1
446765,1,1
446865,1,1
446965,1,1
447065,1,1
447166,1,1
447266,1,1
447366,1,1
447466,1,1
447975,1,1
448065,1,1
448165,1,1
448265,1,1
448365,1,1
448465,1,1
448565,1,1
448665,1,1
448765,1,1
448865,1,1
448965,1,1
449065,1,1
449165,1,1
449265,1,1
449365,1,1
449465,1,1
449565,1,1
449665,1,1
449765,1,1
449865,1,1
449965,1,1
450065,1,1
450165,1,1
450265,1,1
450365,1,1
450465,1,1
450565,1,1
450665,1,1
450765,1,1
450865,1,1
450965,1,1
451065,1,1
451165,1,1
451265,1,1
451365,1,1
451465,1,1
451966,1,1
452067,1,1
452167,1,1
452267,1,1
452367,1,1
452467,1,1
452567,1,1
452667,1,1
452767,1,1
452867,1,1
452967,1,1
453067,1,1
453167,1,1
453267,1,1
453367,1,1
453467,1,1
453567,1,1
453667,1,1
453767,1,1
453867,1,1
453967,1,1
454067,1,1
454167,1,1
454267,1,1
454368,1,1
454468,1,1
454568,1,1
454668,1,1
454768,1,1
454868,1,1
454968,1,1
455068,1,1
455168,1,1
455268,1,1
455368,1,1
455468,1,1
455971,1,1
456069,1,1
456169,1,1
456269,1,1
456369,1,1
456469,1,1
456569,1,1
456670,1,1
456770,1,1
456870,1,1
456970,1,1
457070,1,1
457170,1,1
457270,1,1
457370,1,1
457470,1,1
457570,1,1
457670,1,1
457770,1,1
457870,1,1
457970,1,1
458070,1,1
458170,1,1
458270,1,1
458370,1,1
458470,1,1
458570,1,1
458670,1,1
458770,1,1
458870,1,1
458970,1,1
459070,1,1
459170,1,1
459270,1,1
459370,1,1
459470,1,1
459571,1,1
459671,1,1
459771,1,1
459871,1,1
459971,1,1
460071,1,1
460171,1,1
460271,1,1
460371,1,1
460471,1,1
460571,1,1
460671,1,1
460771,1,1
460871,1,1
460971,1,1
461071,1,1
461171,1,1
461271,1,1
461371,1,1
461471,1,1
461571,1,1
461671,1,1
461771,1,1
461871,1,1
461971,1,1
462071,1,1
462171,1,1
462271,1,1
462371,1,1
462472,1,1
462572,1,1
462672,1,1
462772,1,1
462872,1,1
462972,1,1
463072,1,1
463172,1,1
463272,1,1
463372,1,1
463472,1,1
463572,1,1
463672,1,1
463772,1,1
463872,1,1
464393,0,0
464493,0,0
464593,0,0
464693,0,0
464793,0,0
464893,0,0
464993,0,0
465093,0,0
465193,0,0
465293,0,0
465393,0,0
465493,0,0
465593,0,0
465693,0,0
465793,0,0
465893,0,0
465993,0,0
466093,0,0
466193,0,0
466293,0,0
466393,0,0
466493,0,0
466593,0,0
466693,0,0
466793,0,0
466893,0,0
466993,0,0
467093,0,0
467193,0,0
467294,0,0
467394,0,0
467494,0,0
467594,0,0
467694,0,0
467794,0,0
467894,0,0
467994,0,0
468094,0,0
468194,0,0
468294,0,0
468394,0,0
468494,0,0
468594,0,0
468694,0,0
468794,0,0
468894,0,0
468994,0,0
469094,0,0
469194,0,0
469294,0,0
469394,0,0
469494,0,0
469594,0,0
469694,0,0
469794,0,0
469894,0,0
469994,0,0
470094,0,0
470195,0,0
470295,0,0
470395,0,0
470495,0,0
470595,0,0
470695,0,0
470795,0,0
470895,0,0
470995,0,0
471095,0,0
471195,0,0
471295,0,0
471395,0,0
471495,0,0
472222,0,0
472096,1,1
472196,1,1
472296,1,1
472396,1,1
472496,1,1
472596,1,1
472696,1,1
472796,1,1
472896,1,1
472996,1,1
473096,1,1
473196,1,1
473297,1,1
473397,1,1
473497,1,1
473597,1,1
473697,1,1
473797,1,1
473897,1,1
473997,1,1
474097,1,1
474197,1,1
474297,1,1
474397,1,1
474497,1,1
474597,1,1
474697,1,1
474797,1,1
474897,1,1
474997,1,1
475097,1,1
475197,1,1
475297,1,1
475788,1,1
476104,1,1
476204,1,1
476304,1,1
476404,1,1
476504,1,1
476604,1,1
476704,1,1
476804,1,1
476904,1,1
477004,1,1
477104,1,1
477204,1,1
477304,1,1
477404,1,1
477504,1,1
477604,1,1
477704,1,1
477804,1,1
477904,1,1
478004,1,1
478104,1,1
478204,1,1
478304,1,1
478404,1,1
478505,1,1
478605,1,1
478705,1,1
478805,1,1
478905,1,1
479005,1,1
479105,1,1
479205,1,1
479305,1,1
479405,1,1
479505,1,1
480021,1,1
480116,1,1
480216,1,1
480316,1,1
480416,1,1
480516,1,1
480616,1,1
480716,1,1
480816,1,1
480916,1,1
481017,1,1
481117,1,1
481217,1,1
481317,1,1
481417,1,1
481517,1,1
481617,1,1
481717,1,1
481817,1,1
481917,1,1
482017,1,1
482117,1,1
482217,1,1
482317,1,1
482417,1,1
482517,1,1
482617,1,1
482717,1,1
482817,1,1
482917,1,1
483017,1,1
483117,1,1
483217,1,1
483317,1,1
483417,1,1
483517,1,1
484021,1,1
484034,1,1
484134,1,1
484234,1,1
484334,1,1
484434,1,1
484534,1,1
484634,1,1
484734,1,1
484834,1,1
484934,1,1
485034,1,1
485134,1,1
485234,1,1
485334,1,1
485434,1,1
485534,1,1
485634,1,1
485734,1,1
485834,1,1
485934,1,1
486034,1,1
486134,1,1
486234,1,1
486334,1,1
486434,1,1
486534,1,1
486634,1,1
486734,1,1
486834,1,1
486934,1,1
487034,1,1
487134,1,1
487234,1,1
487334,1,1
487434,1,1
487936,1,1
488128,1,1
488228,1,1
488328,1,1
488428,1,1
488528,1,1
488628,1,1
488728,1,1
488828,1,1
488928,1,1
489028,1,1
489128,1,1
489228,1,1
489328,1,1
489428,1,1
489528,1,1
489628,1,1
489728,1,1
489828,1,1
489928,1,1
490028,1,1
490128,1,1
490228,1,1
490328,1,1
490428,1,1
490529,1,1
490629,1,1
490729,1,1
490829,1,1
490929,1,1
491029,1,1
491129,1,1
491229,1,1
491329,1,1
491429,1,1
491529,1,1
492039,1,1
492134,1,1
492234,1,1
492334,1,1
492434,1,1
492534,1,1
492634,1,1
492734,1,1
492834,1,1
492934,1,1
493034,1,1
493134,1,1
493234,1,1
493334,1,1
493434,1,1
493534,1,1
493634,1,1
493734,1,1
493834,1,1
493934,1,1
494034,1,1
494134,1,1
494234,1,1
494334,1,1
494434,1,1
494535,1,1
494635,1,1
494735,1,1
494835,1,1
494935,1,1
495035,1,1
495135,1,1
495235,1,1
495335,1,1
495435,1,1
495535,1,1
496035,1,1
496135,1,1
496235,1,1
496335,1,1
496435,1,1
496535,1,1
496635,1,1
496735,1,1
496835,1,1
496935,1,1
497035,1,1
497135,1,1
497235,1,1
497335,1,1
497436,1,1
497536,1,1
497636,1,1
497736,1,1
497836,1,1
497936,1,1
498036,1,1
498136,1,1
498236,1,1
498336,1,1
498436,1,1
498536,1,1
498636,1,1
498736,1,1
498836,1,1
498936,1,1
499036,1,1
499136,1,1
499236,1,1
499336,1,1
499436,1,1
499536,1,1
500054,1,1
500143,1,1
500243,1,1
500343,1,1
500443,1,1
500543,1,1
500643,1,1
500743,1,1
500843,1,1
500943,1,1
501043,1,1
501143,1,1
501243,1,1
501343,1,1
501443,1,1
501543,1,1
501643,1,1
501743,1,1
501843,1,1
501943,1,1
502043,1,1
502143,1,1
502243,1,1
502343,1,1
502443,1,1
502543,1,1
502643,1,1
502743,1,1
502844,1,1
502944,1,1
503044,1,1
503144,1,1
503244,1,1
503344,1,1
503444,1,1
503544,1,1
504038,1,1
504143,1,1
504243,1,1
504343,1,1
504443,1,1
504543,1,1
504643,1,1
504743,1,1
504843,1,1
504943,1,1
505043,1,1
505143,1,1
505243,1,1
505343,1,1
505443,1,1
505543,1,1
505643,1,1
505743,1,1
505843,1,1
505943,1,1
506043,1,1
506143,1,1
506243,1,1
506343,1,1
506443,1,1
506543,1,1
506643,1,1
506743,1,1
506843,1,1
506943,1,1
507043,1,1
507143,1,1
507243,1,1
507343,1,1
507443,1,1
507543,1,1
508047,1,1
508143,1,1
508243,1,1
508343,1,1
508443,1,1
508543,1,1
508643,1,1
508743,1,1
508843,1,1
508943,1,1
509043,1,1
509143,1,1
509243,1,1
509343,1,1
509443,1,1
509543,1,1
509643,1,1
509743,1,1
509843,1,1
509943,1,1
510043,1,1
510143,1,1
510243,1,1
510343,1,1
510443,1,1
510543,1,1
510643,1,1
510743,1,1
510843,1,1
510943,1,1
511043,1,1
511143,1,1
511243,1,1
511343,1,1
511443,1,1
511543,1,1
512050,1,1
512147,1,1
512247,1,1
512347,1,1
512447,1,1
512547,1,1
512647,1,1
512747,1,1
512847,1,1
512947,1,1
513047,1,1
513147,1,1
513247,1,1
513347,1,1
513447,1,1
513547,1,1
513647,1,1
513747,1,1
513847,1,1
513947,1,1
514047,1,1
514148,1,1
514248,1,1
514348,1,1
514448,1,1
514548,1,1
514648,1,1
514748,1,1
514848,1,1
514948,1,1
515048,1,1
515148,1,1
515248,1,1
515348,1,1
515448,1,1
515548,1,1
515648,1,1
515748,1,1
515848,1,1
515948,1,1
516048,1,1
516148,1,1
516248,1,1
516348,1,1
516448,1,1
516548,1,1
516648,1,1
516748,1,1
516848,1,1
516948,1,1
517048,1,1
517148,1,1
517248,1,1
517348,1,1
517448,1,1
517548,1,1
517648,1,1
517748,1,1
517848,1,1
517948,1,1
518048,1,1
518148,1,1
518248,1,1
518348,1,1
518448,1,1
518548,1,1
518648,1,1
518748,1,1
518848,1,1
518948,1,1
519048,1,1
519148,1,1
519248,1,1
519348,1,1
519448,1,1
519548,1,1
519648,1,1
519748,1,1
519848,1,1
519948,1,1
520474,0,0
520574,0,0
520674,0,0
520774,0,0
520874,0,0
520975,0,0
521075,0,0
521175,0,0
521275,0,0
521375,0,0
521475,0,0
521575,0,0
521675,0,0
521775,0,0
521875,0,0
521975,0,0
522075,0,0
522175,0,0
522275,0,0
522375,0,0
522475,0,0
522575,0,0
522675,0,0
522775,0,0
522875,0,0
522975,0,0
523075,0,0
523175,0,0
523275,0,0
523375,0,0
523475,0,0
523575,0,0
523675,0,0
523775,0,0
523876,0,0
523976,0,0
524076,0,0
524176,0,0
524276,0,0
524376,0,0
524476,0,0
524576,0,0
524676,0,0
524776,0,0
524876,0,0
524976,0,0
525076,0,0
525176,0,0
525276,0,0
525376,0,0
525476,0,0
525576,0,0
525676,0,0
525776,0,0
525876,0,0
525976,0,0
526076,0,0
526176,0,0
526276,0,0
526376,0,0
526476,0,0
526576,0,0
526676,0,0
526776,0,0
526876,0,0
526976,0,0
527076,0,0
527176,0,0
527276,0,0
527376,0,0
527476,0,0
527576,0,0
527676,0,0
527776,0,0
527876,0,0
527976,0,0
528076,0,0
528176,0,0
528276,0,0
528376,0,0
528476,0,0
528576,0,0
528676,0,0
528776,0,0
528876,0,0
528976,0,0
529076,0,0
529176,0,0
529276,0,0
529376,0,0
529476,0,0
529576,0,0
529676,0,0
529776,0,0
529876,0,0
529976,0,0
530076,0,0
530176,0,0
530276,0,0
530376,0,0
530476,0,0
530576,0,0
530676,0,0
530776,0,0
530876,0,0
530976,0,0
531076,0,0
531176,0,0
531276,0,0
531376,0,0
531476,0,0
531576,0,0
531676,0,0
531776,0,0
531876,0,0
531976,0,0
532076,0,0
532176,0,0
532276,0,0
532376,0,0
532476,0,0
532576,0,0
532676,0,0
533820,0,0
533920,1,1
534020,1,1
534120,1,1
534220,1,1
534320,1,1
534420,1,1
534520,1,1
534620,1,1
534720,1,1
534820,1,1
534920,1,1
535020,1,1
535120,1,1
535220,1,1
535320,1,1
535420,1,1
535520,1,1
535620,1,1
535720,1,1
535820,1,1
535920,1,1
536020,1,1
536120,1,1
536220,1,1
536320,1,1
536420,1,1
536520,1,1
536621,1,1
536721,1,1
536821,1,1
536921,1,1
537021,1,1
537119,1,1
537635,1,1
537739,1,1
537839,1,1
537939,1,1
538039,1,1
538139,1,1
538240,1,1
538340,1,1
538440,1,1
538540,1,1
538640,1,1
538740,1,1
538840,1,1
538940,1,1
539040,1,1
539140,1,1
539240,1,1
539340,1,1
539440,1,1
539540,1,1
539640,1,1
539740,1,1
539840,1,1
539940,1,1
540040,1,1
540140,1,1
540240,1,1
540340,1,1
540440,1,1
540540,1,1
540640,1,1
540740,1,1
540840,1,1
540940,1,1
541040,1,1
541138,1,1
541656,1,1
541756,1,1
541856,1,1
541956,1,1
542056,1,1
542156,1,1
542256,1,1
542356,1,1
542456,1,1
542556,1,1
542656,1,1
542756,1,1
542856,1,1
542956,1,1
543056,1,1
543156,1,1
543256,1,1
543356,1,1
543456,1,1
543556,1,1
543657,1,1
543757,1,1
543857,1,1
543957,1,1
544057,1,1
544157,1,1
544257,1,1
544357,1,1
544457,1,1
544557,1,1
544657,1,1
544757,1,1
544857,1,1
544957,1,1
545057,1,1
545155,1,1
545255,1,1
545355,1,1
545826,1,1
545926,1,1
546026,1,1
546126,1,1
546226,1,1
546326,1,1
546426,1,1
546526,1,1
546626,1,1
546727,1,1
546827,1,1
546927,1,1
547027,1,1
547127,1,1
547227,1,1
547327,1,1
547427,1,1
547527,1,1
547627,1,1
547727,1,1
547827,1,1
547927,1,1
548027,1,1
548127,1,1
548227,1,1
548327,1,1
548427,1,1
548527,1,1
548627,1,1
548727,1,1
548827,1,1
548927,1,1
549027,1,1
549124,1,1
549224,1,1
549324,1,1
549826,1,1
549926,1,1
550026,1,1
550126,1,1
550226,1,1
550326,1,1
550426,1,1
550526,1,1
550626,1,1
550726,1,1
550826,1,1
550926,1,1
551026,1,1
551126,1,1
551226,1,1
551326,1,1
551426,1,1
551526,1,1
551626,1,1
551726,1,1
551826,1,1
551926,1,1
552026,1,1
552126,1,1
552226,1,1
552326,1,1
552426,1,1
552527,1,1
552627,1,1
552727,1,1
552827,1,1
552927,1,1
553027,1,1
553126,1,1
553226,1,1
553326,1,1
553827,1,1
553927,1,1
554027,1,1
554127,1,1
554227,1,1
554327,1,1
554427,1,1
554527,1,1
554627,1,1
554727,1,1
554827,1,1
554927,1,1
555027,1,1
555128,1,1
555228,1,1
555328,1,1
555428,1,1
555528,1,1
555628,1,1
555728,1,1
555828,1,1
555928,1,1
556028,1,1
556128,1,1
556228,1,1
556328,1,1
556428,1,1
556528,1,1
556628,1,1
556728,1,1
556828,1,1
556928,1,1
557028,1,1
557125,1,1
557225,1,1
557325,1,1
557828,1,1
557928,1,1
558028,1,1
558128,1,1
558228,1,1
558328,1,1
558428,1,1
558528,1,1
558628,1,1
558728,1,1
558828,1,1
558928,1,1
559028,1,1
559128,1,1
559228,1,1
559328,1,1
559428,1,1
559528,1,1
559628,1,1
559728,1,1
559828,1,1
559928,1,1
560028,1,1
560128,1,1
560228,1,1
560328,1,1
560428,1,1
560528,1,1
560629,1,1
560729,1,1
560829,1,1
560929,1,1
561029,1,1
561127,1,1
561227,1,1
561327,1,1
561833,1,1
561933,1,1
562033,1,1
562133,1,1
562233,1,1
562334,1,1
562434,1,1
562534,1,1
562634,1,1
562734,1,1
562834,1,1
562934,1,1
563034,1,1
563134,1,1
563234,1,1
563334,1,1
563434,1,1
563534,1,1
563634,1,1
563734,1,1
563834,1,1
563934,1,1
564034,1,1
564134,1,1
564234,1,1
564334,1,1
564434,1,1
564534,1,1
564634,1,1
564734,1,1
564834,1,1
564934,1,1
565034,1,1
565131,1,1
565232,1,1
565332,1,1
565841,1,1
565941,1,1
566041,1,1
566141,1,1
566241,1,1
566342,1,1
566442,1,1
566542,1,1
566642,1,1
566742,1,1
566842,1,1
566942,1,1
567042,1,1
567142,1,1
567242,1,1
567342,1,1
567442,1,1
567542,1,1
567642,1,1
567742,1,1
567842,1,1
567942,1,1
568042,1,1
568142,1,1
568242,1,1
568342,1,1
568442,1,1
568542,1,1
568642,1,1
568742,1,1
568842,1,1
568942,1,1
569042,1,1
569140,1,1
569241,1,1
569341,1,1
569857,1,1
569957,1,1
570057,1,1
570157,1,1
570257,1,1
570357,1,1
570457,1,1
570557,1,1
570657,1,1
570757,1,1
570857,1,1
570957,1,1
571057,1,1
571157,1,1
571257,1,1
571357,1,1
571457,1,1
571557,1,1
571657,1,1
571758,1,1
571858,1,1
571958,1,1
572058,1,1
572158,1,1
572258,1,1
572358,1,1
572458,1,1
572558,1,1
572658,1,1
572758,1,1
572858,1,1
572958,1,1
573058,1,1
573157,1,1
573257,1,1
573357,1,1
573457,1,1
573940,1,1
574040,1,1
574140,1,1
574240,1,1
574340,1,1
574440,1,1
574540,1,1
574640,1,1
574740,1,1
574840,1,1
574940,1,1
575040,1,1
575140,1,1
575240,1,1
575341,1,1
575441,1,1
575541,1,1
575641,1,1
575741,1,1
575841,1,1
575941,1,1
576041,1,1
576141,1,1
576241,1,1
576341,1,1
576441,1,1
576541,1,1
576641,1,1
576741,1,1
576841,1,1
576941,1,1
577041,1,1
577141,1,1
577241,1,1
577341,1,1
577441,1,1
577541,1,1
577641,1,1
577741,1,1
577841,1,1
577941,1,1
578041,1,1
578141,1,1
578241,1,1
578341,1,1
578441,1,1
578541,1,1
578641,1,1
578741,1,1
578841,1,1
578941,1,1
579041,1,1
579141,1,1
579241,1,1
579341,1,1
579441,1,1
579541,1,1
579641,1,1
579741,1,1
579841,1,1
579941,1,1
580041,1,1
580141,1,1
580241,1,1
580341,1,1
580441,1,1
580541,1,1
580641,1,1
580741,1,1
580841,1,1
580941,1,1
581041,1,1
581141,1,1
581241,1,1
581341,1,1
581441,1,1
581541,1,1
581641,1,1
581741,1,1
581841,1,1
582377,0,0
582817,0,0
583029,0,0
583241,0,0
583449,0,0
583659,0,0
583871,0,0
584083,0,0
584291,0,0
584505,0,0
584729,0,0
584939,0,0
585151,0,0
585364,0,0
585573,0,0
585784,0,0
585996,0,0
586222,0,0
586435,0,0
586649,0,0
586861,0,0
587071,0,0
587279,0,0
587491,0,0
587703,0,0
587914,0,0
588126,0,0
588338,0,0
588554,0,0
588765,0,0
588988,0,0
589201,0,0
589410,0,0
589621,0,0
589833,0,0
590045,0,0
590256,0,0
590476,0,0
590687,0,0
590899,0,0
591107,0,0
591320,0,0
591531,0,0
591836,0,0
592048,0,0
592257,0,0
592471,0,0
592683,0,0
592894,0,0
593107,0,0
593327,0,0
593539,0,0
593751,0,0
593962,0,0
594176,0,0
594385,0,0
594596,0,0
594821,0,0
595034,0,0
595247,0,0
595458,0,0
595670,0,0
595882,0,0
596091,0,0
596305,0,0
596517,0,0
596728,0,0
596941,0,0
597153,0,0
597367,0,0
597590,0,0
597802,0,0
598016,0,0
598225,0,0
598436,0,0
598648,0,0
598855,0,0
599080,0,0
599293,0,0
599505,0,0
599717,0,0
599926,0,0
600140,0,0
600351,0,0
600563,0,0
600776,0,0
601081,0,0
601290,0,0
601502,0,0
601714,0,0
601934,0,0
602149,0,0
602360,0,0
602572,0,0
602785,0,0
602996,0,0
603210,0,0
603435,0,0
603647,0,0
603859,0,0
604068,0,0
604280,0,0
604492,0,0
604700,0,0
604912,0,0
605120,0,0
605332,0,0
605544,0,0
605756,0,0
605966,0,0
606190,0,0
606401,0,0
606614,0,0
606825,0,0
607039,0,0
607251,0,0
607462,0,0
607688,0,0
607898,0,0
608110,0,0
608321,0,0
608529,0,0
608741,0,0
608950,0,0
609161,0,0
609373,0,0
609585,0,0
609793,0,0
610007,0,0
610312,0,0
610532,0,0
610741,0,0
610953,0,0
611165,0,0
611377,0,0
611586,0,0
611798,0,0
612025,0,0
612237,0,0
612449,0,0
612662,0,0
612874,0,0
613086,0,0
613298,0,0
613512,0,0
613724,0,0
613938,0,0
614150,0,0
614362,0,0
614574,0,0
614799,0,0
615010,0,0
615222,0,0
615431,0,0
615643,0,0
615852,0,0
616063,0,0
616288,0,0
616501,0,0
616710,0,0
616922,0,0
617133,0,0
617348,0,0
617559,0,0
617773,0,0
617985,0,0
618197,0,0
618409,0,0
618619,0,0
618831,0,0
619054,0,0
619361,0,0
619573,0,0
619787,0,0
619998,0,0
620210,0,0
620428,0,0
620640,0,0
620852,0,0
621064,0,0
621274,0,0
621485,0,0
621695,0,0
621907,0,0
622119,0,0
622328,0,0
622540,0,0
622752,0,0
622964,0,0
623185,0,0
623397,0,0
623611,0,0
623823,0,0
624035,0,0
624249,0,0
624461,0,0
624685,0,0
624897,0,0
625110,0,0
625322,0,0
625531,0,0
625743,0,0
625955,0,0
626163,0,0
626375,0,0
626582,0,0
626794,0,0
627006,0,0
627220,0,0
627441,0,0
627653,0,0
627865,0,0
628078,0,0
628289,0,0
628596,0,0
628808,0,0
629030,0,0
629241,0,0
629451,0,0
629662,0,0
629874,0,0
630087,0,0
630300,0,0
630511,0,0
630723,0,0
630931,0,0
631143,0,0
631351,0,0
631563,0,0
631786,0,0
631994,0,0
632203,0,0
632414,0,0
632626,0,0
632840,0,0
633052,0,0
633278,0,0
633489,0,0
633701,0,0
633914,0,0
634127,0,0
634339,0,0
634550,0,0
634759,0,0
634971,0,0
635185,0,0
635397,0,0
635609,0,0
635820,0,0
636041,0,0
636253,0,0
636465,0,0
636679,0,0
636891,0,0
637101,0,0
637313,0,0
637537,0,0
637843,0,0
638056,0,0
638268,0,0
638480,0,0
638695,0,0
638906,0,0
639116,0,0
639328,0,0
639539,0,0
639751,0,0
639964,0,0
640176,0,0
640399,0,0
640608,0,0
640820,0,0
641033,0,0
641245,0,0
641457,0,0
641669,0,0
641894,0,0
642107,0,0
642319,0,0
642533,0,0
642744,0,0
642953,0,0
643165,0,0
643377,0,0
643589,0,0
643801,0,0
644014,0,0
644228,0,0
644440,0,0
644665,0,0
644879,0,0
645091,0,0
645303,0,0
645515,0,0
645726,0,0
645935,0,0
646157,0,0
646368,0,0
646577,0,0
646802,0,0
647013,0,0
647224,0,0
647435,0,0
647644,0,0
647855,0,0
648068,0,0
648279,0,0
648490,0,0
648698,0,0
648921,0,0
649133,0,0
649344,0,0
649557,0,0
649768,0,0
649976,0,0
650200,0,0
650411,0,0
650622,0,0
650833,0,0
651045,0,0
651256,0,0
651465,0,0
651677,0,0
651889,0,0
652101,0,0
652310,0,0
652522,0,0
652733,0,0
652944,0,0
653168,0,0
653380,0,0
653592,0,0
653799,0,0
654010,0,0
654220,0,0
654446,0,0
654655,0,0
654867,0,0
655079,0,0
655287,0,0
655499,0,0
655712,0,0
656016,0,0
656228,0,0
656439,0,0
656650,0,0
656862,0,0
657073,0,0
657297,0,0
657509,0,0
657721,0,0
657933,0,0
658144,0,0
658356,0,0
658567,0,0
658792,0,0
659003,0,0
659212,0,0
659423,0,0
659631,0,0
659843,0,0
660054,0,0
660265,0,0
660476,0,0
660688,0,0
660899,0,0
661109,0,0
661320,0,0
661539,0,0
661751,0,0
661962,0,0
662174,0,0
662385,0,0
662597,0,0
662808,0,0
663034,0,0
663242,0,0
663454,0,0
663665,0,0
663876,0,0
664086,0,0
664298,0,0
664509,0,0
664721,0,0
664932,0,0
665241,0,0
665453,0,0
665664,0,0
665888,0,0
666100,0,0
666312,0,0
666524,0,0
666736,0,0
666949,0,0
667156,0,0
667382,0,0
667594,0,0
667805,0,0
668017,0,0
668229,0,0
668441,0,0
668653,0,0
668862,0,0
669075,0,0
669287,0,0
669499,0,0
669708,0,0
669923,0,0
670147,0,0
670358,0,0
670570,0,0
670783,0,0
670991,0,0
671203,0,0
671415,0,0
671644,0,0
671858,0,0
672069,0,0
672281,0,0
672493,0,0
672701,0,0
672915,0,0
673127,0,0
673339,0,0
673553,0,0
673767,0,0
673979,0,0
674286,0,0
674509,0,0
674718,0,0
674932,0,0
675144,0,0
675356,0,0
675569,0,0
675783,0,0
676008,0,0
676220,0,0
676432,0,0
676646,0,0
676855,0,0
677067,0,0
677279,0,0
677488,0,0
677700,0,0
677914,0,0
678126,0,0
678337,0,0
678550,0,0
678775,0,0
678987,0,0
679199,0,0
679413,0,0
679625,0,0
679834,0,0
680046,0,0
680271,0,0
680480,0,0
680689,0,0
680901,0,0
681113,0,0
681321,0,0
681533,0,0
681748,0,0
681960,0,0
682172,0,0
682382,0,0
682590,0,0
682802,0,0
683026,0,0
683240,0,0
683546,0,0
683761,0,0
683973,0,0
684185,0,0
684407,0,0
684621,0,0
684833,0,0
685045,0,0
685259,0,0
685470,0,0
685680,0,0
685891,0,0
686104,0,0
686317,0,0
686531,0,0
686742,0,0
686954,0,0
687166,0,0
687393,0,0
687607,0,0
687819,0,0
688031,0,0
688241,0,0
688449,0,0
688675,0,0
688887,0,0
689099,0,0
689308,0,0
689518,0,0
689729,0,0
689941,0,0
690155,0,0
690368,0,0
690580,0,0
690792,0,0
691005,0,0
691214,0,0
691423,0,0
691646,0,0
691858,0,0
692068,0,0
692276,0,0
692488,0,0
692717,0,0
692943,0,0
693158,0,0
693369,0,0
693581,0,0
693791,0,0
694003,0,0
694212,0,0
694419,0,0
694631,0,0
694843,0,0
695057,0,0
695271,0,0
695483,0,0
695705,0,0
695917,0,0
696129,0,0
696341,0,0
696553,0,0
696765,0,0
696975,0,0
697198,0,0
697409,0,0
697624,0,0
697835,0,0
698043,0,0
698255,0,0
698467,0,0
698680,0,0
698894,0,0
699103,0,0
699316,0,0
699528,0,0
699742,0,0
699961,0,0
700174,0,0
700386,0,0
700598,0,0
700808,0,0
701021,0,0
701233,0,0
701458,0,0
701768,0,0
701980,0,0
702192,0,0
702404,0,0
702612,0,0
702823,0,0
703037,0,0
703249,0,0
703459,0,0
703671,0,0
703884,0,0
704097,0,0
704320,0,0
704534,0,0
704745,0,0
704955,0,0
705167,0,0
705380,0,0
705592,0,0
705813,0,0
706026,0,0
706238,0,0
706448,0,0
706660,0,0
706875,0,0
707087,0,0
707296,0,0
707509,0,0
707721,0,0
707933,0,0
708146,0,0
708356,0,0
708578,0,0
708788,0,0
709000,0,0
709214,0,0
709426,0,0
709638,0,0
709851,0,0
710075,0,0
710285,0,0
710497,0,0
710710,0,0
710939,0,0
711152,0,0
711364,0,0
711576,0,0
711789,0,0
712000,0,0
712214,0,0
712426,0,0
712632,0,0
712857,0,0
713065,0,0
713278,0,0
713490,0,0
713698,0,0
713911,0,0
714133,0,0
714341,0,0
714553,0,0
714765,0,0
714978,0,0
715190,0,0
715402,0,0
715616,0,0
715828,0,0
716042,0,0
716252,0,0
716464,0,0
716676,0,0
716888,0,0
717114,0,0
717326,0,0
717534,0,0
717747,0,0
717956,0,0
718169,0,0
718394,0,0
718606,0,0
718818,0,0
719027,0,0
719240,0,0
719453,0,0
719665,0,0
719879,0,0
720093,0,0
720305,0,0
720517,0,0
720729,0,0
720939,0,0
721151,0,0
721370,0,0
721583,0,0
721792,0,0
722006,0,0
722218,0,0
722430,0,0
722653,0,0
722865,0,0
723077,0,0
723290,0,0
723502,0,0
723716,0,0
723926,0,0
724138,0,0
724350,0,0
724559,0,0
724771,0,0
724984,0,0
725196,0,0
725409,0,0
725630,0,0
725844,0,0
726056,0,0
726268,0,0
726482,0,0
726694,0,0
726919,0,0
727132,0,0
727345,0,0
727558,0,0
727767,0,0
727980,0,0
728192,0,0
728402,0,0
728614,0,0
728827,0,0
729055,0,0
729263,0,0
729476,0,0
729700,0,0
729912,0,0
730124,0,0
730334,0,0
730546,0,0
730754,0,0
730967,0,0
731194,0,0
731405,0,0
731617,0,0
731829,0,0
732041,0,0
732255,0,0
732468,0,0
732680,0,0
732892,0,0
733105,0,0
733317,0,0
733528,0,0
733740,0,0
733963,0,0
734173,0,0
734385,0,0
734597,0,0
734810,0,0
