p:4000,20000,6000,600,8000,4000,2000,8000,100
16030,packet,1,0,0,1,52,8000
16242,event,0,0
16452,action,0,0
20095,packet,1,0,0,1,52,8000
20304,event,0,1
24094,packet,1,0,0,1,52,8000
24308,event,0,1
28094,packet,1,0,0,1,52,8000
28317,event,0,1
32092,packet,1,0,0,1,52,8000
32304,event,0,1
36093,packet,1,0,0,1,52,8000
36305,event,0,1
40094,packet,1,0,0,1,52,8000
40308,event,0,1
44110,packet,1,0,0,1,52,8000
44325,event,0,1
48295,packet,1,0,0,1,52,8000
48507,event,0,1
52109,packet,1,0,0,1,52,8000
52325,event,0,1
60698,event,1,1
60910,action,1,1
73752,packet,1,0,0,1,59,8000
73964,event,0,0
74188,action,0,0
77761,packet,1,0,0,1,59,8000
77975,event,0,1
81760,packet,1,0,0,1,58,8000
81971,event,0,1
85761,packet,1,0,0,1,58,8000
85976,event,0,1
89762,packet,1,0,0,1,58,8000
89973,event,0,1
93761,packet,1,0,0,1,58,8000
93973,event,0,1
97760,packet,1,0,0,1,59,8000
97972,event,0,1
101758,packet,1,0,0,1,58,8000
101970,event,0,1
105759,packet,1,0,0,1,59,8000
105971,event,0,1
109760,packet,1,0,0,1,64,8000
114251,event,1,1
114459,action,1,1
129705,packet,1,0,0,1,62,8000
133355,packet,1,0,0,1,62,8000
137126,packet,1,0,0,1,62,8000
141339,packet,1,0,0,1,62,8000
145359,packet,1,0,0,1,63,8000
149374,packet,1,0,0,1,62,8000
153160,packet,1,0,0,1,61,8000
157446,packet,1,0,0,1,62,8000
161375,packet,1,0,0,1,62,8000
165170,packet,1,0,0,1,63,8000
186012,packet,1,0,0,1,64,8000
190012,packet,1,0,0,1,64,8000
194013,packet,1,0,0,1,64,8000
198012,packet,1,0,0,1,64,8000
202237,packet,1,0,0,1,64,8000
206027,packet,1,0,0,1,64,8000
210012,packet,1,0,0,1,64,8000
214010,packet,1,0,0,1,63,8000
218010,packet,1,0,0,1,64,8000
222013,packet,1,0,0,1,64,8000
242824,packet,1,0,0,1,57,8000
243036,event,0,0
243249,action,0,0
246825,packet,1,0,0,1,56,8000
247038,event,0,1
250825,packet,1,0,0,1,57,8000
251035,event,0,1
254825,packet,1,0,0,1,57,8000
255038,event,0,1
258823,packet,1,0,0,1,57,8000
259032,event,0,1
262821,packet,1,0,0,1,57,8000
263033,event,0,1
266824,packet,1,0,0,1,57,8000
267036,event,0,1
271033,packet,1,0,0,1,57,8000
271245,event,0,1
274825,packet,1,0,0,1,57,8000
275037,event,0,1
278826,packet,1,0,0,1,57,8000
279038,event,0,1
287360,event,1,1
287572,action,1,1
299547,packet,1,0,0,1,56,8000
299759,event,0,0
299978,action,0,0
303553,packet,1,0,0,1,55,8000
303774,event,0,1
307551,packet,1,0,0,1,55,8000
307764,event,0,1
311553,packet,1,0,0,1,55,8000
311766,event,0,1
315548,packet,1,0,0,1,55,8000
315760,event,0,1
319551,packet,1,0,0,1,55,8000
319760,event,0,1
323565,packet,1,0,0,1,55,8000
323777,event,0,1
327781,packet,1,0,0,1,55,8000
327992,event,0,1
331779,packet,1,0,0,1,55,8000
331993,event,0,1
335779,packet,1,0,0,1,55,8000
335989,event,0,1
344274,event,1,1
344482,action,1,1
358106,packet,1,0,0,1,53,8000
358318,event,0,0
358530,action,0,0
362130,packet,1,0,0,1,56,8000
362342,event,0,1
366104,packet,1,0,0,1,55,8000
366316,event,0,1
370115,packet,1,0,0,1,55,8000
370327,event,0,1
374344,packet,1,0,0,1,55,8000
374559,event,0,1
378343,packet,1,0,0,1,55,8000
378651,event,0,1
382337,packet,1,0,0,1,55,8000
382549,event,0,1
386346,packet,1,0,0,1,55,8000
386558,event,0,1
390342,packet,1,0,0,1,55,8000
390554,event,0,1
394142,packet,1,0,0,1,54,8000
394350,event,0,1
402626,event,1,1
402838,action,1,1
415944,packet,1,0,0,1,52,8000
416156,event,0,0
416367,action,0,0
419942,packet,1,0,0,1,52,8000
420155,event,0,1
424155,packet,1,0,0,1,56,8000
424367,event,0,1
428155,packet,1,0,0,1,52,8000
428361,event,0,1
431972,packet,1,0,0,1,52,8000
432280,event,0,1
436165,packet,1,0,0,1,51,8000
436377,event,0,1
439942,packet,1,0,0,1,52,8000
440154,event,0,1
443941,packet,1,0,0,1,53,8000
444155,event,0,1
447957,packet,1,0,0,1,52,8000
448169,event,0,1
452151,packet,1,0,0,1,52,8000
452376,event,0,1
456154,packet,1,0,0,1,52,8000
456380,event,0,1
464693,event,1,1
464919,action,1,1
472148,packet,1,0,0,1,47,8000
472358,event,0,0
472572,action,0,0
476151,packet,1,0,0,1,48,8000
476362,event,0,1
480152,packet,1,0,0,1,47,8000
480362,event,0,1
484148,packet,1,0,0,1,47,8000
484362,event,0,1
488156,packet,1,0,0,1,47,8000
488368,event,0,1
492149,packet,1,0,0,1,47,8000
492361,event,0,1
496153,packet,1,0,0,1,47,8000
496365,event,0,1
500117,packet,1,0,0,1,47,8000
500329,event,0,1
504130,packet,1,0,0,1,47,8000
504342,event,0,1
508329,packet,1,0,0,1,48,8000
508553,event,0,1
512331,packet,1,0,0,1,48,8000
512543,event,0,1
520858,event,1,1
521070,action,1,1
533482,packet,1,0,0,1,48,8000
533696,event,0,0
533909,action,0,0
537484,packet,1,0,0,1,48,8000
537792,event,0,1
541479,packet,1,0,0,1,48,8000
541694,event,0,1
545493,packet,1,0,0,1,48,8000
545703,event,0,1
549483,packet,1,0,0,1,48,8000
549710,event,0,1
553480,packet,1,0,0,1,47,8000
553693,event,0,1
557479,packet,1,0,0,1,47,8000
557691,event,0,1
561484,packet,1,0,0,1,47,8000
561697,event,0,1
565697,packet,1,0,0,1,47,8000
565909,event,0,1
569695,packet,1,0,0,1,47,8000
569907,event,0,1
573482,packet,1,0,0,1,47,8000
573694,event,0,1
582006,event,1,1
582218,action,1,1
