p:4000,20000,6000,600,8000,4000,2000,8000,100
16153,packet,1,0,0,1,51,8000
16168,event,0,0
16182,action,0,0
20152,packet,1,0,0,1,51,8000
20178,event,0,1
24150,packet,1,0,0,1,52,8000
24166,event,0,1
28154,packet,1,0,0,1,53,8000
28169,event,0,1
32155,packet,1,0,0,1,52,8000
32170,event,0,1
36154,packet,1,0,0,1,51,8000
36169,event,0,1
40155,packet,1,0,0,1,52,8000
40170,event,0,1
44343,packet,1,0,0,1,51,8000
44357,event,0,1
48157,packet,1,0,0,1,52,8000
48172,event,0,1
52158,packet,1,0,0,1,53,8000
52177,event,0,1
60192,event,1,1
60207,action,1,1
73607,packet,1,0,0,1,60,8000
77615,packet,1,0,0,1,62,8000
81655,packet,1,0,0,1,62,8000
85638,packet,1,0,0,1,62,8000
89638,packet,1,0,0,1,61,8000
93646,packet,1,0,0,1,61,8000
97657,packet,1,0,0,1,62,8000
101658,packet,1,0,0,1,60,8000
105663,packet,1,0,0,1,60,8000
109675,packet,1,0,0,1,61,8000
129679,packet,1,0,0,1,64,8000
133674,packet,1,0,0,1,66,8000
137676,packet,1,0,0,1,66,8000
141678,packet,1,0,0,1,65,8000
145873,packet,1,0,0,1,66,8000
149683,packet,1,0,0,1,65,8000
153682,packet,1,0,0,1,65,8000
157691,packet,1,0,0,1,66,8000
161685,packet,1,0,0,1,66,8000
165689,packet,1,0,0,1,66,8000
185858,packet,1,0,0,1,59,8000
185872,event,0,0
185887,action,0,0
189901,packet,1,0,0,1,60,8000
193891,event,1,1
193905,action,1,1
194079,packet,1,0,0,1,60,8000
198096,packet,1,0,0,1,59,8000
198112,event,0,0
198126,action,0,0
202096,packet,1,0,0,1,60,8000
206105,packet,1,0,0,1,59,8000
206121,event,0,1
210105,packet,1,0,0,1,59,8000
210132,event,0,1
214110,packet,1,0,0,1,60,8000
218116,packet,1,0,0,1,59,8000
218131,event,0,1
222205,packet,1,0,0,1,59,8000
222219,event,0,1
230233,event,1,1
230247,action,1,1
242874,packet,1,0,0,1,60,8000
246893,packet,1,0,0,1,59,8000
246908,event,0,0
246922,action,0,0
250907,packet,1,0,0,1,60,8000
254905,packet,1,0,0,1,59,8000
254919,event,0,1
258994,packet,1,0,0,1,60,8000
262932,event,1,1
262946,action,1,1
263003,packet,1,0,0,1,61,8000
266996,packet,1,0,0,1,59,8000
267012,event,0,0
267026,action,0,0
270967,packet,1,0,0,1,60,8000
275003,packet,1,0,0,1,60,8000
275027,event,1,1
275042,action,1,1
279008,packet,1,0,0,1,65,8000
299731,packet,1,0,0,1,54,8000
299746,event,0,0
299761,action,0,0
303701,packet,1,0,0,1,54,8000
303717,event,0,1
307717,packet,1,0,0,1,53,8000
307732,event,0,1
311732,packet,1,0,0,1,54,8000
311748,event,0,1
315728,packet,1,0,0,1,53,8000
315754,event,0,1
319731,packet,1,0,0,1,54,8000
319745,event,0,1
323917,packet,1,0,0,1,53,8000
323932,event,0,1
327719,packet,1,0,0,1,53,8000
327738,event,0,1
331728,packet,1,0,0,1,54,8000
331743,event,0,1
335728,packet,1,0,0,1,54,8000
335743,event,0,1
339734,packet,1,0,0,1,54,8000
339748,event,0,1
347762,event,1,1
347776,action,1,1
355758,packet,1,0,0,1,59,8000
355774,event,0,0
355788,action,0,0
359735,packet,1,0,0,1,55,8000
359750,event,0,1
363725,packet,1,0,0,1,54,8000
363740,event,0,1
367743,packet,1,0,0,1,53,8000
367757,event,0,1
371949,packet,1,0,0,1,53,8000
371965,event,0,1
375951,packet,1,0,0,1,53,8000
375971,event,0,1
379952,packet,1,0,0,1,53,8000
379966,event,0,1
383951,packet,1,0,0,1,53,8000
383965,event,0,1
387950,packet,1,0,0,1,53,8000
387966,event,0,1
391949,packet,1,0,0,1,56,8000
391964,event,0,1
395959,packet,1,0,0,1,55,8000
395975,event,0,1
403990,event,1,1
404004,action,1,1
416159,packet,1,0,0,1,51,8000
416173,event,0,0
416188,action,0,0
420166,packet,1,0,0,1,52,8000
420181,event,0,1
424169,packet,1,0,0,1,52,8000
424192,event,0,1
428184,packet,1,0,0,1,52,8000
428199,event,0,1
432196,packet,1,0,0,1,52,8000
432210,event,0,1
436198,packet,1,0,0,1,52,8000
436212,event,0,1
440206,packet,1,0,0,1,52,8000
440220,event,0,1
444215,packet,1,0,0,1,53,8000
444229,event,0,1
448224,packet,1,0,0,1,53,8000
448238,event,0,1
452229,packet,1,0,0,1,55,8000
452243,event,0,1
456235,packet,1,0,0,1,54,8000
456250,event,0,1
464265,event,1,1
464278,action,1,1
472236,packet,1,0,0,1,51,8000
472252,event,0,0
472265,action,0,0
476252,packet,1,0,0,1,52,8000
476267,event,0,1
480262,packet,1,0,0,1,52,8000
480292,event,0,1
484449,packet,1,0,0,1,52,8000
484464,event,0,1
488268,packet,1,0,0,1,52,8000
488283,event,0,1
492276,packet,1,0,0,1,51,8000
492290,event,0,1
496281,packet,1,0,0,1,53,8000
496296,event,0,1
500288,packet,1,0,0,1,52,8000
500302,event,0,1
504301,packet,1,0,0,1,52,8000
504315,event,0,1
508304,packet,1,0,0,1,51,8000
508319,event,0,1
512319,packet,1,0,0,1,51,8000
512333,event,0,1
520303,event,1,1
520317,action,1,1
533524,packet,1,0,0,1,50,8000
533540,event,0,0
533558,action,0,0
537545,packet,1,0,0,1,49,8000
537560,event,0,1
541551,packet,1,0,0,1,49,8000
541567,event,0,1
545558,packet,1,0,0,1,49,8000
545574,event,0,1
549655,packet,1,0,0,1,50,8000
549671,event,0,1
553636,packet,1,0,0,1,49,8000
553651,event,0,1
557660,packet,1,0,0,1,50,8000
557676,event,0,1
561627,packet,1,0,0,1,50,8000
561643,event,0,1
565663,packet,1,0,0,1,50,8000
565678,event,0,1
569671,packet,1,0,0,1,50,8000
569686,event,0,1
573679,packet,1,0,0,1,50,8000
573706,event,0,1
581706,event,1,1
581720,action,1,1
