p:4000,20000,6000,600,8000,4000,2000,8000,100
15101,0,0
15201,0,0
15301,0,0
15401,0,0
15501,0,0
15601,0,0
15701,0,0
15801,0,0
15901,0,0
16001,0,0
16114,0,0
16214,1,1
16314,1,1
16414,1,1
16514,1,1
16614,1,1
16714,1,1
16814,1,1
16914,1,1
17014,1,1
17114,1,1
17214,1,1
17314,1,1
17414,1,1
17514,1,1
17614,1,1
17714,1,1
17814,1,1
17914,1,1
18014,1,1
18114,1,1
18214,1,1
18314,1,1
18414,1,1
18514,1,1
18615,1,1
18715,1,1
18815,1,1
18915,1,1
19015,1,1
19106,1,1
19206,1,1
19306,1,1
19406,1,1
19506,1,1
19606,1,1
19706,1,1
19806,1,1
19906,1,1
20006,1,1
20106,1,1
20206,1,1
20306,1,1
20406,1,1
20506,1,1
20606,1,1
20706,1,1
20806,1,1
20906,1,1
21006,1,1
21106,1,1
21206,1,1
21306,1,1
21406,1,1
21507,1,1
21607,1,1
21707,1,1
21807,1,1
21907,1,1
22007,1,1
22107,1,1
22207,1,1
22307,1,1
22407,1,1
22507,1,1
22607,1,1
22707,1,1
22807,1,1
22907,1,1
23007,1,1
23095,1,1
23195,1,1
23295,1,1
23395,1,1
23495,1,1
23595,1,1
23695,1,1
23795,1,1
23895,1,1
23995,1,1
24095,1,1
24195,1,1
24295,1,1
24396,1,1
24496,1,1
24596,1,1
24696,1,1
24796,1,1
24896,1,1
24996,1,1
25096,1,1
25196,1,1
25296,1,1
25396,1,1
25496,1,1
25596,1,1
25696,1,1
25796,1,1
25896,1,1
25996,1,1
26096,1,1
26196,1,1
26296,1,1
26396,1,1
26496,1,1
26596,1,1
26696,1,1
26796,1,1
26896,1,1
26996,1,1
27105,1,1
27205,1,1
27305,1,1
27405,1,1
27505,1,1
27605,1,1
27705,1,1
27805,1,1
27905,1,1
28005,1,1
28105,1,1
28205,1,1
28305,1,1
28405,1,1
28505,1,1
28605,1,1
28705,1,1
28805,1,1
28905,1,1
29005,1,1
29105,1,1
29205,1,1
29305,1,1
29405,1,1
29505,1,1
29605,1,1
29705,1,1
29805,1,1
29905,1,1
30005,1,1
30105,1,1
30205,1,1
30305,1,1
30405,1,1
30505,1,1
30605,1,1
30705,1,1
30805,1,1
30905,1,1
31005,1,1
31105,1,1
31205,1,1
31305,1,1
31405,1,1
31505,1,1
31605,1,1
31705,1,1
31805,1,1
31905,1,1
32005,1,1
32112,1,1
32213,1,1
32313,1,1
32413,1,1
32513,1,1
32613,1,1
32713,1,1
32813,1,1
32913,1,1
33013,1,1
33113,1,1
33213,1,1
33313,1,1
33413,1,1
33513,1,1
33613,1,1
33713,1,1
33813,1,1
33913,1,1
34013,1,1
34113,1,1
34213,1,1
34313,1,1
34413,1,1
34513,1,1
34613,1,1
34713,1,1
34813,1,1
34913,1,1
35013,1,1
35106,1,1
35206,1,1
35306,1,1
35406,1,1
35506,1,1
35606,1,1
35706,1,1
35806,1,1
35906,1,1
36006,1,1
36110,1,1
36210,1,1
36310,1,1
36410,1,1
36510,1,1
36610,1,1
36710,1,1
36810,1,1
36910,1,1
37010,1,1
37110,1,1
37210,1,1
37310,1,1
37410,1,1
37510,1,1
37610,1,1
37710,1,1
37810,1,1
37910,1,1
38010,1,1
38110,1,1
38210,1,1
38310,1,1
38410,1,1
38510,1,1
38610,1,1
38710,1,1
38810,1,1
38910,1,1
39010,1,1
39114,1,1
39214,1,1
39314,1,1
39414,1,1
39514,1,1
39614,1,1
39714,1,1
39814,1,1
39914,1,1
40014,1,1
40123,1,1
40223,1,1
40323,1,1
40423,1,1
40523,1,1
40623,1,1
40723,1,1
40823,1,1
40923,1,1
41023,1,1
41123,1,1
41223,1,1
41323,1,1
41423,1,1
41523,1,1
41623,1,1
41723,1,1
41823,1,1
41923,1,1
42024,1,1
42124,1,1
42224,1,1
42324,1,1
42424,1,1
42524,1,1
42624,1,1
42724,1,1
42824,1,1
42924,1,1
43024,1,1
43121,1,1
43221,1,1
43321,1,1
43421,1,1
43521,1,1
43621,1,1
43721,1,1
43821,1,1
43921,1,1
44021,1,1
44155,1,1
44255,1,1
44355,1,1
44455,1,1
44555,1,1
44655,1,1
44755,1,1
44855,1,1
44955,1,1
45055,1,1
45155,1,1
45255,1,1
45355,1,1
45455,1,1
45555,1,1
45655,1,1
45755,1,1
45855,1,1
45955,1,1
46055,1,1
46155,1,1
46255,1,1
46355,1,1
46455,1,1
46555,1,1
46655,1,1
46755,1,1
46855,1,1
46955,1,1
47054,1,1
47154,1,1
47254,1,1
47354,1,1
47454,1,1
47554,1,1
47654,1,1
47754,1,1
47854,1,1
47954,1,1
48054,1,1
48154,1,1
48254,1,1
48354,1,1
48454,1,1
48554,1,1
48654,1,1
48754,1,1
48854,1,1
48954,1,1
49054,1,1
49154,1,1
49254,1,1
49354,1,1
49454,1,1
49554,1,1
49654,1,1
49754,1,1
49854,1,1
49954,1,1
50054,1,1
50154,1,1
50254,1,1
50354,1,1
50454,1,1
50554,1,1
50654,1,1
50754,1,1
50854,1,1
50954,1,1
51051,1,1
51151,1,1
51251,1,1
51351,1,1
51451,1,1
51551,1,1
51651,1,1
51751,1,1
51851,1,1
51951,1,1
52051,1,1
52151,1,1
52251,1,1
52351,1,1
52451,1,1
52551,1,1
52651,1,1
52751,1,1
52851,1,1
52951,1,1
53051,1,1
53151,1,1
53251,1,1
53351,1,1
53451,1,1
53551,1,1
53651,1,1
53751,1,1
53851,1,1
53951,1,1
54051,1,1
54151,1,1
54251,1,1
54351,1,1
54451,1,1
54551,1,1
54651,1,1
54751,1,1
54851,1,1
54951,1,1
55051,1,1
55151,1,1
55251,1,1
55351,1,1
55451,1,1
55551,1,1
55651,1,1
55751,1,1
55851,1,1
55951,1,1
56051,1,1
56151,1,1
56251,1,1
56351,1,1
56451,1,1
56551,1,1
56651,1,1
56751,1,1
56851,1,1
56951,1,1
57051,1,1
57151,1,1
57251,1,1
57351,1,1
57451,1,1
57551,1,1
57651,1,1
57751,1,1
57851,1,1
57951,1,1
58051,1,1
58151,1,1
58251,1,1
58351,1,1
58451,1,1
58551,1,1
58651,1,1
58751,1,1
58851,1,1
58951,1,1
59051,1,1
59151,1,1
59251,1,1
59351,1,1
59451,1,1
59551,1,1
59651,1,1
59751,1,1
59851,1,1
59951,1,1
60051,1,1
60177,0,0
60278,0,0
60378,0,0
60478,0,0
60578,0,0
60678,0,0
60778,0,0
60878,0,0
60978,0,0
61078,0,0
61178,0,0
61278,0,0
61378,0,0
61478,0,0
61578,0,0
61678,0,0
61778,0,0
61878,0,0
61978,0,0
62078,0,0
62178,0,0
62278,0,0
62378,0,0
62478,0,0
62578,0,0
62678,0,0
62778,0,0
62878,0,0
62978,0,0
63078,0,0
63179,0,0
63279,0,0
63379,0,0
63479,0,0
63579,0,0
63679,0,0
63779,0,0
63879,0,0
63979,0,0
64079,0,0
64179,0,0
64279,0,0
64379,0,0
64479,0,0
64579,0,0
64679,0,0
64779,0,0
64879,0,0
64979,0,0
65079,0,0
65179,0,0
65279,0,0
65379,0,0
65479,0,0
65579,0,0
65679,0,0
65779,0,0
65879,0,0
65979,0,0
66079,0,0
66179,0,0
66279,0,0
66379,0,0
66479,0,0
66579,0,0
66679,0,0
66779,0,0
66879,0,0
66979,0,0
67079,0,0
67179,0,0
67279,0,0
67379,0,0
67479,0,0
67579,0,0
67679,0,0
67779,0,0
67879,0,0
67979,0,0
68079,0,0
68179,0,0
68279,0,0
68379,0,0
68479,0,0
68579,0,0
68679,0,0
68779,0,0
68879,0,0
68979,0,0
69079,0,0
69179,0,0
69279,0,0
69379,0,0
69479,0,0
69579,0,0
69679,0,0
69779,0,0
69879,0,0
69979,0,0
70079,0,0
70179,0,0
70279,0,0
70379,0,0
70479,0,0
70579,0,0
70679,0,0
70779,0,0
70879,0,0
70979,0,0
71079,0,0
71179,0,0
71279,0,0
71379,0,0
71479,0,0
71579,0,0
71679,0,0
71779,0,0
71879,0,0
71979,0,0
72079,0,0
72179,0,0
72279,0,0
72379,0,0
72479,0,0
72579,0,0
72679,0,0
72779,0,0
72879,0,0
72979,0,0
73079,0,0
73179,0,0
73279,0,0
73379,0,0
73479,0,0
73566,0,0
73690,0,0
73790,1,1
73890,1,1
73990,1,1
74090,1,1
74190,1,1
74290,1,1
74390,1,1
74490,1,1
74590,1,1
74690,1,1
74790,1,1
74890,1,1
74990,1,1
75090,1,1
75190,1,1
75290,1,1
75390,1,1
75490,1,1
75590,1,1
75690,1,1
75790,1,1
75890,1,1
75990,1,1
76090,1,1
76190,1,1
76290,1,1
76390,1,1
76490,1,1
76590,1,1
76690,1,1
76790,1,1
76890,1,1
76990,1,1
77090,1,1
77190,1,1
77290,1,1
77390,1,1
77490,1,1
77588,1,1
77688,1,1
77788,1,1
77888,1,1
77988,1,1
78088,1,1
78188,1,1
78288,1,1
78388,1,1
78488,1,1
78588,1,1
78688,1,1
78788,1,1
78888,1,1
78988,1,1
79088,1,1
79188,1,1
79288,1,1
79388,1,1
79488,1,1
79588,1,1
79688,1,1
79788,1,1
79888,1,1
79988,1,1
80088,1,1
80188,1,1
80288,1,1
80388,1,1
80488,1,1
80588,1,1
80688,1,1
80788,1,1
80888,1,1
80988,1,1
81088,1,1
81188,1,1
81288,1,1
81388,1,1
81488,1,1
81588,1,1
81688,1,1
81774,1,1
81874,1,1
81974,1,1
82074,1,1
82174,1,1
82274,1,1
82374,1,1
82474,1,1
82574,1,1
82674,1,1
82774,1,1
82874,1,1
82974,1,1
83074,1,1
83174,1,1
83274,1,1
83374,1,1
83474,1,1
83574,1,1
83674,1,1
83774,1,1
83874,1,1
83974,1,1
84074,1,1
84174,1,1
84274,1,1
84374,1,1
84474,1,1
84574,1,1
84674,1,1
84774,1,1
84874,1,1
84974,1,1
85074,1,1
85174,1,1
85274,1,1
85374,1,1
85474,1,1
85574,1,1
85674,1,1
85772,1,1
85872,1,1
85972,1,1
86072,1,1
86172,1,1
86272,1,1
86372,1,1
86472,1,1
86572,1,1
86672,1,1
86772,1,1
86872,1,1
86972,1,1
87072,1,1
87172,1,1
87272,1,1
87372,1,1
87472,1,1
87572,1,1
87672,1,1
87772,1,1
87872,1,1
87972,1,1
88072,1,1
88172,1,1
88272,1,1
88372,1,1
88472,1,1
88572,1,1
88672,1,1
88772,1,1
88872,1,1
88972,1,1
89072,1,1
89172,1,1
89272,1,1
89372,1,1
89472,1,1
89572,1,1
89672,1,1
89770,1,1
89870,1,1
89970,1,1
90070,1,1
90170,1,1
90270,1,1
90370,1,1
90470,1,1
90570,1,1
90670,1,1
90770,1,1
90870,1,1
90970,1,1
91070,1,1
91170,1,1
91270,1,1
91370,1,1
91470,1,1
91570,1,1
91670,1,1
91770,1,1
91870,1,1
91970,1,1
92070,1,1
92170,1,1
92270,1,1
92370,1,1
92470,1,1
92570,1,1
92670,1,1
92770,1,1
92870,1,1
92970,1,1
93070,1,1
93170,1,1
93270,1,1
93370,1,1
93470,1,1
93570,1,1
93670,1,1
93768,1,1
93868,1,1
93968,1,1
94068,1,1
94168,1,1
94268,1,1
94368,1,1
94468,1,1
94568,1,1
94668,1,1
94768,1,1
94868,1,1
94968,1,1
95068,1,1
95168,1,1
95268,1,1
95368,1,1
95468,1,1
95568,1,1
95668,1,1
95768,1,1
95868,1,1
95968,1,1
96068,1,1
96168,1,1
96268,1,1
96368,1,1
96468,1,1
96568,1,1
96668,1,1
96768,1,1
96868,1,1
96968,1,1
97068,1,1
97168,1,1
97268,1,1
97368,1,1
97468,1,1
97568,1,1
97668,1,1
97765,1,1
97865,1,1
97965,1,1
98065,1,1
98165,1,1
98265,1,1
98365,1,1
98465,1,1
98565,1,1
98665,1,1
98765,1,1
98865,1,1
98965,1,1
99065,1,1
99165,1,1
99265,1,1
99365,1,1
99465,1,1
99565,1,1
99665,1,1
99765,1,1
99865,1,1
99965,1,1
100065,1,1
100165,1,1
100265,1,1
100365,1,1
100465,1,1
100565,1,1
100665,1,1
100765,1,1
100865,1,1
100965,1,1
101065,1,1
101165,1,1
101265,1,1
101365,1,1
101465,1,1
101565,1,1
101665,1,1
101772,1,1
101843,1,1
101943,1,1
102043,1,1
102143,1,1
102243,1,1
102343,1,1
102443,1,1
102543,1,1
102643,1,1
102743,1,1
102843,1,1
102943,1,1
103043,1,1
103143,1,1
103243,1,1
103343,1,1
103443,1,1
103543,1,1
103643,1,1
103743,1,1
103843,1,1
103944,1,1
104044,1,1
104144,1,1
104244,1,1
104344,1,1
104444,1,1
104544,1,1
104644,1,1
104744,1,1
104844,1,1
104944,1,1
105044,1,1
105144,1,1
105244,1,1
105344,1,1
105444,1,1
105544,1,1
105644,1,1
105758,1,1
105852,1,1
105952,1,1
106052,1,1
106152,1,1
106252,1,1
106352,1,1
106452,1,1
106552,1,1
106652,1,1
106752,1,1
106852,1,1
106952,1,1
107053,1,1
107153,1,1
107253,1,1
107353,1,1
107453,1,1
107553,1,1
107653,1,1
107753,1,1
107853,1,1
107953,1,1
108053,1,1
108153,1,1
108253,1,1
108353,1,1
108453,1,1
108553,1,1
108653,1,1
108753,1,1
108853,1,1
108953,1,1
109053,1,1
109153,1,1
109253,1,1
109353,1,1
109453,1,1
109553,1,1
109653,1,1
109753,1,1
109876,1,1
109977,1,1
110077,1,1
110177,1,1
110277,1,1
110377,1,1
110477,1,1
110577,1,1
110677,1,1
110777,1,1
110877,1,1
110977,1,1
111077,1,1
111177,1,1
111277,1,1
111377,1,1
111477,1,1
111577,1,1
111677,1,1
111777,1,1
111877,1,1
111977,1,1
112077,1,1
112177,1,1
112277,1,1
112377,1,1
112477,1,1
112577,1,1
112677,1,1
112777,1,1
112877,1,1
112977,1,1
113077,1,1
113177,1,1
113277,1,1
113377,1,1
113477,1,1
113577,1,1
113677,1,1
113777,1,1
113877,1,1
113977,1,1
114077,1,1
114177,1,1
114277,1,1
114377,1,1
114477,1,1
114577,1,1
114677,1,1
114777,1,1
114877,1,1
114977,1,1
115077,1,1
115177,1,1
115277,1,1
115377,1,1
115477,1,1
115577,1,1
115677,1,1
115777,1,1
115877,1,1
115977,1,1
116077,1,1
116177,1,1
116277,1,1
116377,1,1
116477,1,1
116577,1,1
116677,1,1
116777,1,1
116877,1,1
116977,1,1
117077,1,1
117177,1,1
117277,1,1
117377,1,1
117477,1,1
117577,1,1
117677,1,1
117777,1,1
117884,0,0
117984,0,0
118084,0,0
118184,0,0
118284,0,0
118384,0,0
118484,0,0
118584,0,0
118684,0,0
118784,0,0
118884,0,0
118984,0,0
119084,0,0
119184,0,0
119284,0,0
119384,0,0
119484,0,0
119584,0,0
119684,0,0
119784,0,0
119884,0,0
119984,0,0
120084,0,0
120184,0,0
120284,0,0
120384,0,0
120484,0,0
120584,0,0
120684,0,0
120784,0,0
120884,0,0
120985,0,0
121085,0,0
121185,0,0
121285,0,0
121385,0,0
121485,0,0
121585,0,0
121685,0,0
121785,0,0
121885,0,0
121985,0,0
122085,0,0
122185,0,0
122285,0,0
122385,0,0
122485,0,0
122585,0,0
122685,0,0
122785,0,0
122885,0,0
122985,0,0
123085,0,0
123185,0,0
123285,0,0
123385,0,0
123485,0,0
123585,0,0
123685,0,0
123785,0,0
123885,0,0
123985,0,0
124085,0,0
124185,0,0
124285,0,0
124385,0,0
124485,0,0
124585,0,0
124685,0,0
124785,0,0
124885,0,0
124985,0,0
125085,0,0
125185,0,0
125285,0,0
125385,0,0
125485,0,0
125585,0,0
125685,0,0
125785,0,0
125885,0,0
125985,0,0
126085,0,0
126185,0,0
126285,0,0
126385,0,0
126485,0,0
126585,0,0
126685,0,0
126785,0,0
126885,0,0
126985,0,0
127085,0,0
127185,0,0
127285,0,0
127385,0,0
127485,0,0
127585,0,0
127685,0,0
127785,0,0
127885,0,0
127985,0,0
128085,0,0
128185,0,0
128285,0,0
128385,0,0
128485,0,0
128585,0,0
128685,0,0
128785,0,0
128885,0,0
128985,0,0
129085,0,0
129185,0,0
129285,0,0
129385,0,0
129485,0,0
129585,0,0
129685,0,0
129785,0,0
129903,0,0
129967,1,1
130067,1,1
130167,1,1
130267,1,1
130367,1,1
130467,1,1
130567,1,1
130667,1,1
130767,1,1
130867,1,1
130967,1,1
131067,1,1
131167,1,1
131267,1,1
131367,1,1
131467,1,1
131567,1,1
131667,1,1
131767,1,1
131867,1,1
131967,1,1
132067,1,1
132167,1,1
132267,1,1
132367,1,1
132467,1,1
132567,1,1
132667,1,1
132768,1,1
132868,1,1
132968,1,1
133068,1,1
133168,1,1
133268,1,1
133368,1,1
133468,1,1
133568,1,1
133668,1,1
133768,1,1
133895,1,1
133995,1,1
134095,1,1
134195,1,1
134295,1,1
134395,1,1
134495,1,1
134595,1,1
134695,1,1
134795,1,1
134895,1,1
134995,1,1
135095,1,1
135195,1,1
135295,1,1
135395,1,1
135495,1,1
135595,1,1
135696,1,1
135796,1,1
135896,1,1
135996,1,1
136096,1,1
136196,1,1
136296,1,1
136396,1,1
136496,1,1
136596,1,1
136696,1,1
136796,1,1
136896,1,1
136996,1,1
137096,1,1
137196,1,1
137296,1,1
137396,1,1
137496,1,1
137596,1,1
137696,1,1
137796,1,1
137896,1,1
137978,1,1
138078,1,1
138178,1,1
138278,1,1
138378,1,1
138478,1,1
138578,1,1
138678,1,1
138778,1,1
138878,1,1
138978,1,1
139078,1,1
139178,1,1
139278,1,1
139378,1,1
139478,1,1
139578,1,1
139678,1,1
139778,1,1
139878,1,1
139978,1,1
140078,1,1
140178,1,1
140278,1,1
140378,1,1
140478,1,1
140578,1,1
140678,1,1
140778,1,1
140878,1,1
140978,1,1
141078,1,1
141178,1,1
141278,1,1
141378,1,1
141478,1,1
141578,1,1
141678,1,1
141778,1,1
141886,1,1
141968,1,1
142068,1,1
142168,1,1
142268,1,1
142368,1,1
142468,1,1
142568,1,1
142668,1,1
142768,1,1
142868,1,1
142968,1,1
143068,1,1
143168,1,1
143268,1,1
143368,1,1
143468,1,1
143568,1,1
143668,1,1
143768,1,1
143868,1,1
143968,1,1
144068,1,1
144168,1,1
144268,1,1
144368,1,1
144468,1,1
144568,1,1
144668,1,1
144768,1,1
144868,1,1
144968,1,1
145068,1,1
145168,1,1
145268,1,1
145368,1,1
145468,1,1
145568,1,1
145668,1,1
145768,1,1
145870,1,1
145985,1,1
146086,1,1
146186,1,1
146286,1,1
146386,1,1
146486,1,1
146586,1,1
146686,1,1
146786,1,1
146886,1,1
146986,1,1
147086,1,1
147186,1,1
147286,1,1
147386,1,1
147486,1,1
147586,1,1
147686,1,1
147786,1,1
147886,1,1
147986,1,1
148086,1,1
148186,1,1
148286,1,1
148386,1,1
148486,1,1
148586,1,1
148686,1,1
148786,1,1
148886,1,1
148987,1,1
149087,1,1
149187,1,1
149287,1,1
149390,1,1
149490,1,1
149590,1,1
149690,1,1
149790,1,1
149902,1,1
150002,1,1
150102,1,1
150202,1,1
150302,1,1
150402,1,1
150502,1,1
150602,1,1
150702,1,1
150802,1,1
150902,1,1
151002,1,1
151102,1,1
151202,1,1
151303,1,1
151403,1,1
151503,1,1
151603,1,1
151703,1,1
151803,1,1
151903,1,1
152003,1,1
152103,1,1
152203,1,1
152303,1,1
152403,1,1
152503,1,1
152603,1,1
152703,1,1
152803,1,1
152903,1,1
153003,1,1
153103,1,1
153203,1,1
153303,1,1
153403,1,1
153503,1,1
153603,1,1
153703,1,1
153803,1,1
153903,1,1
153986,1,1
154086,1,1
154186,1,1
154286,1,1
154386,1,1
154486,1,1
154586,1,1
154686,1,1
154786,1,1
154886,1,1
154986,1,1
155086,1,1
155186,1,1
155286,1,1
155386,1,1
155486,1,1
155586,1,1
155686,1,1
155786,1,1
155886,1,1
155986,1,1
156086,1,1
156186,1,1
156286,1,1
156386,1,1
156486,1,1
156586,1,1
156686,1,1
156786,1,1
156886,1,1
156986,1,1
157086,1,1
157186,1,1
157286,1,1
157386,1,1
157486,1,1
157586,1,1
157686,1,1
157786,1,1
157895,1,1
157980,1,1
158080,1,1
158180,1,1
158280,1,1
158380,1,1
158480,1,1
158580,1,1
158680,1,1
158781,1,1
158881,1,1
158981,1,1
159081,1,1
159181,1,1
159281,1,1
159381,1,1
159481,1,1
159581,1,1
159681,1,1
159781,1,1
159881,1,1
159981,1,1
160081,1,1
160181,1,1
160281,1,1
160381,1,1
160481,1,1
160581,1,1
160681,1,1
160781,1,1
160881,1,1
160981,1,1
161081,1,1
161181,1,1
161281,1,1
161381,1,1
161481,1,1
161581,1,1
161682,1,1
161782,1,1
161907,1,1
162007,1,1
162107,1,1
162207,1,1
162307,1,1
162407,1,1
162507,1,1
162607,1,1
162707,1,1
162807,1,1
162907,1,1
163007,1,1
163107,1,1
163207,1,1
163307,1,1
163407,1,1
163507,1,1
163607,1,1
163707,1,1
163807,1,1
163907,1,1
164007,1,1
164107,1,1
164207,1,1
164307,1,1
164407,1,1
164507,1,1
164608,1,1
164708,1,1
164808,1,1
164908,1,1
165008,1,1
165108,1,1
165208,1,1
165308,1,1
165408,1,1
165508,1,1
165608,1,1
165708,1,1
165808,1,1
165914,1,1
165997,1,1
166097,1,1
166197,1,1
166298,1,1
166398,1,1
166498,1,1
166598,1,1
166698,1,1
166798,1,1
166898,1,1
166998,1,1
167098,1,1
167198,1,1
167298,1,1
167398,1,1
167498,1,1
167598,1,1
167698,1,1
167798,1,1
167898,1,1
167998,1,1
168098,1,1
168198,1,1
168298,1,1
168398,1,1
168498,1,1
168598,1,1
168698,1,1
168798,1,1
168898,1,1
168998,1,1
169098,1,1
169199,1,1
169299,1,1
169399,1,1
169499,1,1
169599,1,1
169699,1,1
169799,1,1
169899,1,1
169999,1,1
170099,1,1
170199,1,1
170299,1,1
170399,1,1
170499,1,1
170599,1,1
170699,1,1
170799,1,1
170899,1,1
170999,1,1
171099,1,1
171199,1,1
171299,1,1
171399,1,1
171499,1,1
171599,1,1
171699,1,1
171799,1,1
171899,1,1
171999,1,1
172099,1,1
172199,1,1
172299,1,1
172399,1,1
172499,1,1
172599,1,1
172699,1,1
172799,1,1
172899,1,1
172999,1,1
173099,1,1
173199,1,1
173299,1,1
173399,1,1
173499,1,1
173599,1,1
173699,1,1
173799,1,1
173925,0,0
174025,0,0
174125,0,0
174225,0,0
174325,0,0
174425,0,0
174525,0,0
174625,0,0
174725,0,0
174825,0,0
174925,0,0
175025,0,0
175125,0,0
175225,0,0
175325,0,0
175425,0,0
175525,0,0
175625,0,0
175725,0,0
175825,0,0
175925,0,0
176026,0,0
176126,0,0
176226,0,0
176326,0,0
176426,0,0
176526,0,0
176626,0,0
176726,0,0
176826,0,0
176926,0,0
177026,0,0
177126,0,0
177226,0,0
177326,0,0
177426,0,0
177526,0,0
177626,0,0
177726,0,0
177826,0,0
177926,0,0
178026,0,0
178126,0,0
178226,0,0
178326,0,0
178426,0,0
178526,0,0
178626,0,0
178726,0,0
178826,0,0
178927,0,0
179027,0,0
179127,0,0
179227,0,0
179327,0,0
179427,0,0
179527,0,0
179627,0,0
179727,0,0
179827,0,0
179927,0,0
180027,0,0
180127,0,0
180227,0,0
180327,0,0
180427,0,0
180527,0,0
180627,0,0
180727,0,0
180827,0,0
180927,0,0
181027,0,0
181127,0,0
181227,0,0
181327,0,0
181427,0,0
181527,0,0
181627,0,0
181727,0,0
181827,0,0
181927,0,0
182027,0,0
182127,0,0
182227,0,0
182327,0,0
182427,0,0
182527,0,0
182627,0,0
182727,0,0
182827,0,0
182927,0,0
183027,0,0
183127,0,0
183227,0,0
183327,0,0
183427,0,0
183527,0,0
183627,0,0
183727,0,0
183827,0,0
183927,0,0
184027,0,0
184127,0,0
184227,0,0
184327,0,0
184427,0,0
184527,0,0
184627,0,0
184727,0,0
184827,0,0
184927,0,0
185027,0,0
185127,0,0
185227,0,0
185327,0,0
185427,0,0
185527,0,0
185627,0,0
185727,0,0
185827,0,0
185941,0,0
186041,0,0
186141,0,0
186241,0,0
186341,0,0
186441,0,0
186541,0,0
186641,0,0
186741,0,0
186841,0,0
186941,0,0
187041,0,0
187141,0,0
187241,0,0
187341,0,0
187441,0,0
187541,0,0
187641,0,0
187741,0,0
187841,0,0
187941,0,0
188041,0,0
188141,0,0
188241,0,0
188341,0,0
188441,0,0
188541,0,0
188641,0,0
188741,0,0
188841,0,0
188941,0,0
189041,0,0
189141,0,0
189241,0,0
189341,0,0
189441,0,0
189541,0,0
189641,0,0
189741,0,0
189841,0,0
189938,0,0
190038,0,0
190138,0,0
190238,0,0
190338,0,0
190438,0,0
190538,0,0
190638,0,0
190738,0,0
190838,0,0
190938,0,0
191038,0,0
191138,0,0
191238,0,0
191338,0,0
191438,0,0
191538,0,0
191638,0,0
191738,0,0
191838,0,0
191938,0,0
192038,0,0
192138,0,0
192238,0,0
192338,0,0
192438,0,0
192538,0,0
192638,0,0
192738,0,0
192838,0,0
192938,0,0
193038,0,0
193138,0,0
193238,0,0
193338,0,0
193438,0,0
193538,0,0
193638,0,0
193738,0,0
193838,0,0
193933,0,0
194033,0,0
194133,0,0
194233,0,0
194333,0,0
194433,0,0
194533,0,0
194633,0,0
194733,0,0
194833,0,0
194933,0,0
195033,0,0
195133,0,0
195233,0,0
195333,0,0
195433,0,0
195533,0,0
195633,0,0
195733,0,0
195833,0,0
195933,0,0
196033,0,0
196133,0,0
196233,0,0
196333,0,0
196433,0,0
196533,0,0
196633,0,0
196733,0,0
196833,0,0
196933,0,0
197033,0,0
197133,0,0
197233,0,0
197333,0,0
197433,0,0
197533,0,0
197633,0,0
197733,0,0
197833,0,0
197934,0,0
198034,0,0
198134,0,0
198234,0,0
198334,0,0
198434,0,0
198534,0,0
198634,0,0
198734,0,0
198834,0,0
198934,0,0
199034,0,0
199134,0,0
199234,0,0
199334,0,0
199434,0,0
199534,0,0
199634,0,0
199734,0,0
199834,0,0
199934,0,0
200034,0,0
200134,0,0
200234,0,0
200334,0,0
200434,0,0
200534,0,0
200634,0,0
200734,0,0
200834,0,0
200934,0,0
201034,0,0
201134,0,0
201234,0,0
201334,0,0
201434,0,0
201534,0,0
201634,0,0
201734,0,0
201834,0,0
201934,0,0
202020,0,0
202120,0,0
202220,0,0
202320,0,0
202420,0,0
202520,0,0
202620,0,0
202720,0,0
202820,0,0
202920,0,0
203020,0,0
203120,0,0
203220,0,0
203320,0,0
203420,0,0
203520,0,0
203620,0,0
203720,0,0
203820,0,0
203920,0,0
204020,0,0
204120,0,0
204221,0,0
204321,0,0
204421,0,0
204521,0,0
204621,0,0
204721,0,0
204821,0,0
204921,0,0
205021,0,0
205121,0,0
205221,0,0
205321,0,0
205421,0,0
205521,0,0
205621,0,0
205721,0,0
205821,0,0
205921,0,0
206026,0,0
206126,0,0
206226,0,0
206326,0,0
206426,0,0
206526,0,0
206626,0,0
206726,0,0
206826,0,0
206926,0,0
207026,0,0
207126,0,0
207226,0,0
207326,0,0
207426,0,0
207526,0,0
207626,0,0
207726,0,0
207826,0,0
207926,0,0
208026,0,0
208126,0,0
208226,0,0
208326,0,0
208426,0,0
208527,0,0
208627,0,0
208727,0,0
208827,0,0
208927,0,0
209027,0,0
209127,0,0
209227,0,0
209327,0,0
209427,0,0
209527,0,0
209627,0,0
209727,0,0
209827,0,0
209938,0,0
210044,0,0
210144,0,0
210245,0,0
210345,0,0
210445,0,0
210545,0,0
210645,0,0
210745,0,0
210845,0,0
210945,0,0
211045,0,0
211145,0,0
211245,0,0
211345,0,0
211445,0,0
211545,0,0
211645,0,0
211745,0,0
211845,0,0
211945,0,0
212045,0,0
212145,0,0
212245,0,0
212345,0,0
212445,0,0
212545,0,0
212645,0,0
212745,0,0
212845,0,0
212945,0,0
213045,0,0
213146,0,0
213246,0,0
213346,0,0
213446,0,0
213546,0,0
213646,0,0
213746,0,0
213846,0,0
213943,0,0
214052,0,0
214152,0,0
214252,0,0
214352,0,0
214452,0,0
214552,0,0
214652,0,0
214752,0,0
214852,0,0
214952,0,0
215052,0,0
215152,0,0
215252,0,0
215352,0,0
215452,0,0
215552,0,0
215652,0,0
215752,0,0
215852,0,0
215952,0,0
216052,0,0
216152,0,0
216252,0,0
216352,0,0
216452,0,0
216552,0,0
216652,0,0
216752,0,0
216852,0,0
216952,0,0
217052,0,0
217152,0,0
217252,0,0
217352,0,0
217452,0,0
217552,0,0
217652,0,0
217752,0,0
217852,0,0
217949,0,0
218053,0,0
218153,0,0
218253,0,0
218353,0,0
218453,0,0
218553,0,0
218653,0,0
218753,0,0
218853,0,0
218953,0,0
219053,0,0
219153,0,0
219253,0,0
219353,0,0
219453,0,0
219553,0,0
219653,0,0
219753,0,0
219853,0,0
219953,0,0
220053,0,0
220153,0,0
220253,0,0
220353,0,0
220453,0,0
220553,0,0
220653,0,0
220753,0,0
220853,0,0
220953,0,0
221053,0,0
221153,0,0
221253,0,0
221353,0,0
221453,0,0
221553,0,0
221653,0,0
221753,0,0
221853,0,0
221950,0,0
222055,0,0
222155,0,0
222255,0,0
222355,0,0
222455,0,0
222555,0,0
222655,0,0
222755,0,0
222855,0,0
222955,0,0
223055,0,0
223155,0,0
223255,0,0
223355,0,0
223455,0,0
223555,0,0
223655,0,0
223755,0,0
223855,0,0
223955,0,0
224055,0,0
224155,0,0
224255,0,0
224355,0,0
224455,0,0
224555,0,0
224655,0,0
224755,0,0
224855,0,0
224956,0,0
225056,0,0
225156,0,0
225256,0,0
225356,0,0
225456,0,0
225556,0,0
225656,0,0
225756,0,0
225856,0,0
225956,0,0
226056,0,0
226156,0,0
226256,0,0
226356,0,0
226456,0,0
226556,0,0
226656,0,0
226756,0,0
226856,0,0
226956,0,0
227056,0,0
227156,0,0
227256,0,0
227356,0,0
227456,0,0
227556,0,0
227656,0,0
227756,0,0
227857,0,0
227957,0,0
228057,0,0
228157,0,0
228257,0,0
228357,0,0
228457,0,0
228557,0,0
228657,0,0
228757,0,0
228857,0,0
228957,0,0
229057,0,0
229157,0,0
229257,0,0
229357,0,0
229457,0,0
229557,0,0
229657,0,0
229757,0,0
229857,0,0
229957,0,0
230057,0,0
230157,0,0
230257,0,0
230357,0,0
230457,0,0
230557,0,0
230657,0,0
230758,0,0
230858,0,0
230958,0,0
231058,0,0
231158,0,0
231258,0,0
231358,0,0
231458,0,0
231558,0,0
231658,0,0
231758,0,0
231858,0,0
231958,0,0
232058,0,0
232158,0,0
232258,0,0
232358,0,0
232458,0,0
232558,0,0
232658,0,0
232758,0,0
232858,0,0
232958,0,0
233058,0,0
233158,0,0
233258,0,0
233358,0,0
233458,0,0
233558,0,0
233658,0,0
233758,0,0
233858,0,0
233958,0,0
234058,0,0
234158,0,0
234258,0,0
234358,0,0
234458,0,0
234558,0,0
234658,0,0
234758,0,0
234858,0,0
234958,0,0
235058,0,0
235158,0,0
235258,0,0
235358,0,0
235458,0,0
235558,0,0
235658,0,0
235758,0,0
235858,0,0
235958,0,0
236058,0,0
236158,0,0
236258,0,0
236358,0,0
236458,0,0
236558,0,0
236658,0,0
236758,0,0
236858,0,0
236958,0,0
237058,0,0
237158,0,0
237258,0,0
237358,0,0
237458,0,0
237558,0,0
237658,0,0
237758,0,0
237858,0,0
237958,0,0
238058,0,0
238158,0,0
238258,0,0
238358,0,0
238458,0,0
238558,0,0
238658,0,0
238758,0,0
238858,0,0
238958,0,0
239058,0,0
239158,0,0
239258,0,0
239358,0,0
239458,0,0
239558,0,0
239658,0,0
239758,0,0
239858,0,0
239958,0,0
240058,0,0
240158,0,0
240258,0,0
240358,0,0
240458,0,0
240558,0,0
240658,0,0
240758,0,0
240858,0,0
240958,0,0
241058,0,0
241158,0,0
241258,0,0
241358,0,0
241458,0,0
241558,0,0
241658,0,0
241758,0,0
241858,0,0
241958,0,0
242058,0,0
242158,0,0
242258,0,0
242358,0,0
242458,0,0
242558,0,0
242658,0,0
242746,0,0
242846,1,1
242946,1,1
243046,1,1
243146,1,1
243246,1,1
243346,1,1
243446,1,1
243546,1,1
243646,1,1
243746,1,1
243846,1,1
243946,1,1
244046,1,1
244146,1,1
244246,1,1
244346,1,1
244446,1,1
244546,1,1
244646,1,1
244746,1,1
244846,1,1
244946,1,1
245046,1,1
245146,1,1
245246,1,1
245346,1,1
245446,1,1
245546,1,1
245646,1,1
245746,1,1
245846,1,1
245946,1,1
246046,1,1
246146,1,1
246246,1,1
246346,1,1
246446,1,1
246546,1,1
246646,1,1
246744,1,1
246853,1,1
246953,1,1
247053,1,1
247153,1,1
247253,1,1
247353,1,1
247453,1,1
247553,1,1
247653,1,1
247753,1,1
247854,1,1
247954,1,1
248054,1,1
248154,1,1
248254,1,1
248354,1,1
248454,1,1
248554,1,1
248654,1,1
248754,1,1
248854,1,1
248954,1,1
249054,1,1
249154,1,1
249254,1,1
249354,1,1
249454,1,1
249554,1,1
249654,1,1
249754,1,1
249854,1,1
249954,1,1
250054,1,1
250154,1,1
250254,1,1
250354,1,1
250454,1,1
250554,1,1
250654,1,1
250753,1,1
250874,1,1
250974,1,1
251074,1,1
251174,1,1
251274,1,1
251374,1,1
251474,1,1
251574,1,1
251674,1,1
251774,1,1
251874,1,1
251974,1,1
252074,1,1
252174,1,1
252274,1,1
252374,1,1
252474,1,1
252574,1,1
252674,1,1
252774,1,1
252874,1,1
252974,1,1
253074,1,1
253174,1,1
253274,1,1
253374,1,1
253474,1,1
253574,1,1
253674,1,1
253774,1,1
253874,1,1
253974,1,1
254074,1,1
254174,1,1
254274,1,1
254374,1,1
254474,1,1
254574,1,1
254674,1,1
254772,1,1
254872,1,1
254972,1,1
255072,1,1
255172,1,1
255272,1,1
255372,1,1
255472,1,1
255572,1,1
255672,1,1
255772,1,1
255872,1,1
255972,1,1
256072,1,1
256172,1,1
256272,1,1
256372,1,1
256472,1,1
256572,1,1
256672,1,1
256772,1,1
256872,1,1
256972,1,1
257072,1,1
257172,1,1
257272,1,1
257372,1,1
257472,1,1
257572,1,1
257672,1,1
257772,1,1
257872,1,1
257972,1,1
258072,1,1
258172,1,1
258272,1,1
258372,1,1
258472,1,1
258572,1,1
258672,1,1
258768,1,1
258868,1,1
258968,1,1
259068,1,1
259168,1,1
259268,1,1
259368,1,1
259468,1,1
259568,1,1
259668,1,1
259768,1,1
259868,1,1
259968,1,1
260068,1,1
260168,1,1
260268,1,1
260368,1,1
260468,1,1
260568,1,1
260668,1,1
260768,1,1
260868,1,1
260968,1,1
261068,1,1
261168,1,1
261268,1,1
261368,1,1
261468,1,1
261568,1,1
261668,1,1
261768,1,1
261868,1,1
261968,1,1
262068,1,1
262168,1,1
262268,1,1
262368,1,1
262468,1,1
262568,1,1
262668,1,1
262767,1,1
262867,1,1
262967,1,1
263067,1,1
263167,1,1
263267,1,1
263367,1,1
263467,1,1
263567,1,1
263667,1,1
263767,1,1
263867,1,1
263967,1,1
264067,1,1
264167,1,1
264267,1,1
264367,1,1
264467,1,1
264567,1,1
264667,1,1
264767,1,1
264867,1,1
264967,1,1
265067,1,1
265167,1,1
265267,1,1
265367,1,1
265467,1,1
265567,1,1
265667,1,1
265767,1,1
265867,1,1
265967,1,1
266067,1,1
266167,1,1
266267,1,1
266367,1,1
266467,1,1
266567,1,1
266667,1,1
266763,1,1
266863,1,1
266963,1,1
267063,1,1
267163,1,1
267263,1,1
267363,1,1
267463,1,1
267563,1,1
267663,1,1
267763,1,1
267863,1,1
267963,1,1
268063,1,1
268163,1,1
268263,1,1
268363,1,1
268463,1,1
268563,1,1
268663,1,1
268763,1,1
268863,1,1
268963,1,1
269063,1,1
269163,1,1
269263,1,1
269363,1,1
269463,1,1
269563,1,1
269663,1,1
269763,1,1
269863,1,1
269963,1,1
270063,1,1
270163,1,1
270263,1,1
270363,1,1
270463,1,1
270563,1,1
270663,1,1
270763,1,1
270863,1,1
270963,1,1
271063,1,1
271163,1,1
271263,1,1
271363,1,1
271463,1,1
271563,1,1
271663,1,1
271763,1,1
271863,1,1
271963,1,1
272063,1,1
272163,1,1
272263,1,1
272363,1,1
272463,1,1
272563,1,1
272663,1,1
272763,1,1
272863,1,1
272963,1,1
273063,1,1
273163,1,1
273263,1,1
273363,1,1
273463,1,1
273563,1,1
273663,1,1
273763,1,1
273863,1,1
273963,1,1
274063,1,1
274163,1,1
274263,1,1
274363,1,1
274463,1,1
274563,1,1
274663,1,1
274760,1,1
274860,1,1
274960,1,1
275060,1,1
275160,1,1
275260,1,1
275360,1,1
275460,1,1
275560,1,1
275660,1,1
275760,1,1
275860,1,1
275960,1,1
276060,1,1
276160,1,1
276260,1,1
276360,1,1
276460,1,1
276560,1,1
276660,1,1
276760,1,1
276860,1,1
276960,1,1
277060,1,1
277160,1,1
277260,1,1
277360,1,1
277460,1,1
277560,1,1
277660,1,1
277760,1,1
277860,1,1
277960,1,1
278060,1,1
278160,1,1
278260,1,1
278360,1,1
278460,1,1
278560,1,1
278660,1,1
278757,1,1
278857,1,1
278957,1,1
279057,1,1
279157,1,1
279257,1,1
279357,1,1
279457,1,1
279557,1,1
279657,1,1
279757,1,1
279857,1,1
279957,1,1
280057,1,1
280157,1,1
280257,1,1
280357,1,1
280457,1,1
280557,1,1
280657,1,1
280757,1,1
280857,1,1
280957,1,1
281057,1,1
281157,1,1
281257,1,1
281357,1,1
281457,1,1
281557,1,1
281657,1,1
281757,1,1
281857,1,1
281957,1,1
282057,1,1
282157,1,1
282257,1,1
282357,1,1
282457,1,1
282557,1,1
282657,1,1
282757,1,1
282857,1,1
282957,1,1
283057,1,1
283157,1,1
283257,1,1
283357,1,1
283457,1,1
283557,1,1
283657,1,1
283757,1,1
283857,1,1
283957,1,1
284057,1,1
284157,1,1
284257,1,1
284357,1,1
284457,1,1
284557,1,1
284657,1,1
284757,1,1
284857,1,1
284957,1,1
285057,1,1
285157,1,1
285257,1,1
285357,1,1
285457,1,1
285557,1,1
285657,1,1
285757,1,1
285857,1,1
285957,1,1
286057,1,1
286157,1,1
286257,1,1
286357,1,1
286457,1,1
286557,1,1
286657,1,1
286757,1,1
286857,1,1
286957,0,0
287057,0,0
287157,0,0
287257,0,0
287357,0,0
287457,0,0
287557,0,0
287657,0,0
287757,0,0
287857,0,0
287957,0,0
288057,0,0
288157,0,0
288257,0,0
288357,0,0
288457,0,0
288557,0,0
288657,0,0
288757,0,0
288857,0,0
288957,0,0
289057,0,0
289157,0,0
289257,0,0
289357,0,0
289457,0,0
289557,0,0
289657,0,0
289757,0,0
289857,0,0
289957,0,0
290057,0,0
290157,0,0
290257,0,0
290357,0,0
290457,0,0
290557,0,0
290657,0,0
290757,0,0
290857,0,0
290957,0,0
291057,0,0
291157,0,0
291257,0,0
291357,0,0
291457,0,0
291557,0,0
291657,0,0
291757,0,0
291857,0,0
291957,0,0
292057,0,0
292157,0,0
292257,0,0
292357,0,0
292457,0,0
292557,0,0
292657,0,0
292757,0,0
292857,0,0
292957,0,0
293057,0,0
293157,0,0
293257,0,0
293357,0,0
293457,0,0
293557,0,0
293657,0,0
293757,0,0
293857,0,0
293957,0,0
294057,0,0
294157,0,0
294257,0,0
294357,0,0
294457,0,0
294557,0,0
294657,0,0
294757,0,0
294857,0,0
294957,0,0
295057,0,0
295157,0,0
295257,0,0
295357,0,0
295457,0,0
295557,0,0
295657,0,0
295757,0,0
295857,0,0
295957,0,0
296057,0,0
296157,0,0
296257,0,0
296357,0,0
296457,0,0
296557,0,0
296657,0,0
296757,0,0
296857,0,0
296957,0,0
297057,0,0
297157,0,0
297257,0,0
297357,0,0
297457,0,0
297557,0,0
297657,0,0
297757,0,0
297857,0,0
297957,0,0
298057,0,0
298157,0,0
298257,0,0
298357,0,0
298457,0,0
298557,0,0
298657,0,0
298757,0,0
298857,0,0
298957,0,0
299057,0,0
299157,0,0
299257,0,0
299357,0,0
299457,0,0
299558,0,0
299658,1,1
299758,1,1
299858,1,1
299958,1,1
300058,1,1
300158,1,1
300258,1,1
300358,1,1
300458,1,1
300558,1,1
300658,1,1
300758,1,1
300858,1,1
300958,1,1
301058,1,1
301158,1,1
301258,1,1
301358,1,1
301458,1,1
301558,1,1
301658,1,1
301758,1,1
301858,1,1
301958,1,1
302058,1,1
302158,1,1
302258,1,1
302358,1,1
302458,1,1
302558,1,1
302658,1,1
302758,1,1
302858,1,1
302958,1,1
303058,1,1
303158,1,1
303258,1,1
303358,1,1
303467,1,1
303572,1,1
303672,1,1
303772,1,1
303872,1,1
303972,1,1
304072,1,1
304172,1,1
304272,1,1
304372,1,1
304472,1,1
304572,1,1
304672,1,1
304772,1,1
304872,1,1
304972,1,1
305072,1,1
305172,1,1
305272,1,1
305372,1,1
305472,1,1
305572,1,1
305672,1,1
305772,1,1
305872,1,1
305972,1,1
306072,1,1
306172,1,1
306272,1,1
306372,1,1
306472,1,1
306573,1,1
306673,1,1
306773,1,1
306873,1,1
306973,1,1
307073,1,1
307173,1,1
307273,1,1
307373,1,1
307472,1,1
307578,1,1
307678,1,1
307778,1,1
307878,1,1
307978,1,1
308078,1,1
308178,1,1
308278,1,1
308378,1,1
308478,1,1
308578,1,1
308678,1,1
308778,1,1
308878,1,1
308978,1,1
309078,1,1
309178,1,1
309278,1,1
309378,1,1
309478,1,1
309578,1,1
309678,1,1
309778,1,1
309878,1,1
309978,1,1
310078,1,1
310178,1,1
310278,1,1
310378,1,1
310478,1,1
310578,1,1
310678,1,1
310778,1,1
310878,1,1
310978,1,1
311078,1,1
311178,1,1
311278,1,1
311378,1,1
311475,1,1
311594,1,1
311694,1,1
311794,1,1
311894,1,1
311994,1,1
312094,1,1
312194,1,1
312294,1,1
312394,1,1
312494,1,1
312594,1,1
312694,1,1
312794,1,1
312894,1,1
312994,1,1
313094,1,1
313194,1,1
313294,1,1
313395,1,1
313495,1,1
313595,1,1
313695,1,1
313795,1,1
313895,1,1
313995,1,1
314095,1,1
314195,1,1
314295,1,1
314395,1,1
314495,1,1
314595,1,1
314695,1,1
314795,1,1
314895,1,1
314995,1,1
315095,1,1
315195,1,1
315295,1,1
315395,1,1
315493,1,1
315593,1,1
315693,1,1
315793,1,1
315893,1,1
315993,1,1
316093,1,1
316193,1,1
316293,1,1
316393,1,1
316493,1,1
316593,1,1
316693,1,1
316793,1,1
316893,1,1
316993,1,1
317093,1,1
317193,1,1
317293,1,1
317393,1,1
317493,1,1
317593,1,1
317693,1,1
317793,1,1
317893,1,1
317993,1,1
318093,1,1
318193,1,1
318293,1,1
318393,1,1
318493,1,1
318593,1,1
318693,1,1
318793,1,1
318893,1,1
318993,1,1
319093,1,1
319193,1,1
319293,1,1
319393,1,1
319490,1,1
319596,1,1
319696,1,1
319796,1,1
319896,1,1
319996,1,1
320096,1,1
320196,1,1
320296,1,1
320396,1,1
320496,1,1
320596,1,1
320696,1,1
320796,1,1
320896,1,1
320996,1,1
321096,1,1
321196,1,1
321296,1,1
321396,1,1
321497,1,1
321597,1,1
321697,1,1
321797,1,1
321897,1,1
321997,1,1
322097,1,1
322197,1,1
322297,1,1
322397,1,1
322497,1,1
322597,1,1
322697,1,1
322797,1,1
322897,1,1
322997,1,1
323097,1,1
323197,1,1
323297,1,1
323397,1,1
323495,1,1
323599,1,1
323699,1,1
323799,1,1
323899,1,1
323999,1,1
324099,1,1
324199,1,1
324299,1,1
324399,1,1
324499,1,1
324599,1,1
324699,1,1
324799,1,1
324899,1,1
324999,1,1
325099,1,1
325199,1,1
325299,1,1
325399,1,1
325499,1,1
325599,1,1
325699,1,1
325799,1,1
325899,1,1
325999,1,1
326099,1,1
326199,1,1
326299,1,1
326399,1,1
326499,1,1
326599,1,1
326700,1,1
326800,1,1
326900,1,1
327000,1,1
327100,1,1
327200,1,1
327300,1,1
327400,1,1
327497,1,1
327601,1,1
327701,1,1
327801,1,1
327901,1,1
328001,1,1
328101,1,1
328201,1,1
328301,1,1
328401,1,1
328501,1,1
328601,1,1
328701,1,1
328801,1,1
328901,1,1
329001,1,1
329101,1,1
329201,1,1
329301,1,1
329401,1,1
329501,1,1
329601,1,1
329701,1,1
329801,1,1
329901,1,1
330001,1,1
330101,1,1
330201,1,1
330301,1,1
330401,1,1
330501,1,1
330601,1,1
330701,1,1
330801,1,1
330901,1,1
331001,1,1
331101,1,1
331201,1,1
331301,1,1
331401,1,1
331499,1,1
331606,1,1
331706,1,1
331806,1,1
331906,1,1
332006,1,1
332106,1,1
332206,1,1
332306,1,1
332406,1,1
332506,1,1
332606,1,1
332706,1,1
332806,1,1
332906,1,1
333006,1,1
333106,1,1
333206,1,1
333306,1,1
333406,1,1
333506,1,1
333607,1,1
333707,1,1
333807,1,1
333907,1,1
334007,1,1
334107,1,1
334207,1,1
334307,1,1
334407,1,1
334507,1,1
334607,1,1
334707,1,1
334807,1,1
334907,1,1
335007,1,1
335107,1,1
335207,1,1
335307,1,1
335407,1,1
335505,1,1
335616,1,1
335716,1,1
335816,1,1
335916,1,1
336016,1,1
336116,1,1
336216,1,1
336316,1,1
336416,1,1
336516,1,1
336616,1,1
336716,1,1
336816,1,1
336916,1,1
337016,1,1
337116,1,1
337216,1,1
337317,1,1
337417,1,1
337517,1,1
337617,1,1
337717,1,1
337817,1,1
337917,1,1
338017,1,1
338117,1,1
338217,1,1
338317,1,1
338417,1,1
338517,1,1
338617,1,1
338717,1,1
338817,1,1
338917,1,1
339017,1,1
339117,1,1
339217,1,1
339317,1,1
339417,1,1
339515,1,1
339634,1,1
339734,1,1
339834,1,1
339934,1,1
340034,1,1
340134,1,1
340234,1,1
340334,1,1
340434,1,1
340534,1,1
340634,1,1
340734,1,1
340834,1,1
340934,1,1
341034,1,1
341134,1,1
341234,1,1
341334,1,1
341434,1,1
341534,1,1
341634,1,1
341734,1,1
341834,1,1
341934,1,1
342034,1,1
342134,1,1
342234,1,1
342334,1,1
342435,1,1
342535,1,1
342635,1,1
342735,1,1
342835,1,1
342935,1,1
343035,1,1
343135,1,1
343235,1,1
343335,1,1
343435,1,1
343535,1,1
343635,1,1
343735,1,1
343835,1,1
343935,1,1
344035,1,1
344135,1,1
344235,1,1
344335,1,1
344435,1,1
344535,1,1
344635,1,1
344735,1,1
344835,1,1
344935,1,1
345035,1,1
345135,1,1
345235,1,1
345335,1,1
345435,1,1
345535,1,1
345635,1,1
345735,1,1
345835,1,1
345935,1,1
346035,1,1
346135,1,1
346235,1,1
346335,1,1
346435,1,1
346535,1,1
346635,1,1
346735,1,1
346835,1,1
346935,1,1
347035,1,1
347135,1,1
347235,1,1
347335,1,1
347435,1,1
347535,1,1
347667,0,0
347767,0,0
347867,0,0
347967,0,0
348067,0,0
348167,0,0
348267,0,0
348367,0,0
348467,0,0
348567,0,0
348667,0,0
348767,0,0
348867,0,0
348967,0,0
349067,0,0
349167,0,0
349267,0,0
349367,0,0
349467,0,0
349567,0,0
349667,0,0
349767,0,0
349867,0,0
349967,0,0
350067,0,0
350167,0,0
350267,0,0
350367,0,0
350467,0,0
350567,0,0
350667,0,0
350767,0,0
350867,0,0
350967,0,0
351067,0,0
351167,0,0
351267,0,0
351367,0,0
351467,0,0
351567,0,0
351667,0,0
351767,0,0
351867,0,0
351967,0,0
352067,0,0
352167,0,0
352267,0,0
352367,0,0
352467,0,0
352567,0,0
352667,0,0
352767,0,0
352867,0,0
352967,0,0
353067,0,0
353167,0,0
353267,0,0
353367,0,0
353467,0,0
353567,0,0
353667,0,0
353767,0,0
353867,0,0
353967,0,0
354067,0,0
354167,0,0
354267,0,0
354367,0,0
354467,0,0
354567,0,0
354667,0,0
354767,0,0
354867,0,0
354967,0,0
355067,0,0
355167,0,0
355267,0,0
355367,0,0
355467,0,0
355551,0,0
355651,1,1
355751,1,1
355851,1,1
355951,1,1
356051,1,1
356151,1,1
356251,1,1
356351,1,1
356451,1,1
356551,1,1
356651,1,1
356751,1,1
356851,1,1
356951,1,1
357051,1,1
357151,1,1
357251,1,1
357351,1,1
357451,1,1
357551,1,1
357651,1,1
357751,1,1
357851,1,1
357951,1,1
358051,1,1
358151,1,1
358251,1,1
358351,1,1
358451,1,1
358551,1,1
358651,1,1
358751,1,1
358851,1,1
358951,1,1
359051,1,1
359151,1,1
359251,1,1
359351,1,1
359451,1,1
359551,1,1
359651,1,1
359751,1,1
359851,1,1
359951,1,1
360051,1,1
360151,1,1
360251,1,1
360351,1,1
360451,1,1
360551,1,1
360651,1,1
360751,1,1
360851,1,1
360951,1,1
361051,1,1
361151,1,1
361251,1,1
361351,1,1
361451,1,1
361551,1,1
361651,1,1
361751,1,1
361851,1,1
361951,1,1
362051,1,1
362151,1,1
362251,1,1
362351,1,1
362451,1,1
362551,1,1
362651,1,1
362751,1,1
362851,1,1
362951,1,1
363051,1,1
363151,1,1
363251,1,1
363351,1,1
363451,1,1
363550,1,1
363650,1,1
363750,1,1
363850,1,1
363950,1,1
364050,1,1
364150,1,1
364250,1,1
364350,1,1
364450,1,1
364550,1,1
364650,1,1
364750,1,1
364850,1,1
364950,1,1
365050,1,1
365150,1,1
365250,1,1
365350,1,1
365450,1,1
365550,1,1
365650,1,1
365750,1,1
365850,1,1
365950,1,1
366050,1,1
366150,1,1
366250,1,1
366350,1,1
366450,1,1
366550,1,1
366650,1,1
366750,1,1
366850,1,1
366950,1,1
367050,1,1
367150,1,1
367250,1,1
367350,1,1
367450,1,1
367550,1,1
367650,1,1
367750,1,1
367850,1,1
367950,1,1
368050,1,1
368150,1,1
368250,1,1
368350,1,1
368450,1,1
368550,1,1
368650,1,1
368750,1,1
368850,1,1
368950,1,1
369050,1,1
369150,1,1
369250,1,1
369350,1,1
369450,1,1
369550,1,1
369650,1,1
369750,1,1
369850,1,1
369950,1,1
370050,1,1
370150,1,1
370250,1,1
370350,1,1
370450,1,1
370550,1,1
370650,1,1
370750,1,1
370850,1,1
370950,1,1
371050,1,1
371150,1,1
371250,1,1
371350,1,1
371450,1,1
371549,1,1
371649,1,1
371749,1,1
371849,1,1
371949,1,1
372049,1,1
372149,1,1
372249,1,1
372349,1,1
372449,1,1
372549,1,1
372649,1,1
372749,1,1
372849,1,1
372949,1,1
373049,1,1
373149,1,1
373249,1,1
373349,1,1
373449,1,1
373549,1,1
373649,1,1
373749,1,1
373849,1,1
373949,1,1
374049,1,1
374149,1,1
374249,1,1
374349,1,1
374449,1,1
374549,1,1
374649,1,1
374749,1,1
374849,1,1
374949,1,1
375049,1,1
375149,1,1
375249,1,1
375349,1,1
375449,1,1
375546,1,1
375646,1,1
375746,1,1
375846,1,1
375946,1,1
376046,1,1
376146,1,1
376246,1,1
376346,1,1
376446,1,1
376546,1,1
376646,1,1
376746,1,1
376846,1,1
376946,1,1
377046,1,1
377146,1,1
377246,1,1
377346,1,1
377446,1,1
377546,1,1
377646,1,1
377746,1,1
377846,1,1
377946,1,1
378046,1,1
378146,1,1
378246,1,1
378346,1,1
378446,1,1
378546,1,1
378646,1,1
378746,1,1
378846,1,1
378946,1,1
379046,1,1
379146,1,1
379246,1,1
379346,1,1
379446,1,1
379544,1,1
379644,1,1
379744,1,1
379844,1,1
379944,1,1
380044,1,1
380144,1,1
380244,1,1
380344,1,1
380444,1,1
380544,1,1
380644,1,1
380744,1,1
380844,1,1
380944,1,1
381044,1,1
381144,1,1
381244,1,1
381344,1,1
381444,1,1
381544,1,1
381644,1,1
381744,1,1
381844,1,1
381944,1,1
382044,1,1
382144,1,1
382244,1,1
382344,1,1
382444,1,1
382544,1,1
382644,1,1
382744,1,1
382844,1,1
382944,1,1
383044,1,1
383144,1,1
383244,1,1
383344,1,1
383444,1,1
383542,1,1
383642,1,1
383742,1,1
383842,1,1
383942,1,1
384042,1,1
384142,1,1
384242,1,1
384342,1,1
384442,1,1
384542,1,1
384642,1,1
384742,1,1
384842,1,1
384942,1,1
385042,1,1
385142,1,1
385242,1,1
385342,1,1
385442,1,1
385542,1,1
385642,1,1
385742,1,1
385842,1,1
385942,1,1
386042,1,1
386142,1,1
386242,1,1
386342,1,1
386442,1,1
386542,1,1
386642,1,1
386742,1,1
386842,1,1
386942,1,1
387042,1,1
387142,1,1
387242,1,1
387342,1,1
387442,1,1
387539,1,1
387639,1,1
387739,1,1
387839,1,1
387939,1,1
388039,1,1
388139,1,1
388239,1,1
388339,1,1
388439,1,1
388539,1,1
388639,1,1
388739,1,1
388839,1,1
388939,1,1
389039,1,1
389139,1,1
389239,1,1
389339,1,1
389439,1,1
389539,1,1
389639,1,1
389739,1,1
389839,1,1
389939,1,1
390039,1,1
390139,1,1
390239,1,1
390339,1,1
390439,1,1
390539,1,1
390639,1,1
390739,1,1
390839,1,1
390939,1,1
391039,1,1
391139,1,1
391239,1,1
391339,1,1
391439,1,1
391538,1,1
391638,1,1
391738,1,1
391838,1,1
391938,1,1
392038,1,1
392138,1,1
392238,1,1
392338,1,1
392438,1,1
392538,1,1
392638,1,1
392738,1,1
392838,1,1
392938,1,1
393038,1,1
393138,1,1
393238,1,1
393338,1,1
393438,1,1
393538,1,1
393638,1,1
393738,1,1
393838,1,1
393938,1,1
394038,1,1
394138,1,1
394238,1,1
394338,1,1
394438,1,1
394538,1,1
394638,1,1
394738,1,1
394838,1,1
394938,1,1
395038,1,1
395138,1,1
395238,1,1
395338,1,1
395438,1,1
395536,1,1
395636,1,1
395736,1,1
395845,1,1
395945,1,1
396045,1,1
396145,1,1
396245,1,1
396345,1,1
396445,1,1
396545,1,1
396645,1,1
396745,1,1
396845,1,1
396945,1,1
397045,1,1
397146,1,1
397246,1,1
397346,1,1
397446,1,1
397546,1,1
397646,1,1
397746,1,1
397846,1,1
397946,1,1
398046,1,1
398146,1,1
398246,1,1
398346,1,1
398446,1,1
398546,1,1
398646,1,1
398746,1,1
398846,1,1
398946,1,1
399046,1,1
399146,1,1
399246,1,1
399346,1,1
399446,1,1
399546,1,1
399646,1,1
399746,1,1
399846,1,1
399946,1,1
400047,1,1
400147,1,1
400247,1,1
400347,1,1
400447,1,1
400547,1,1
400647,1,1
400747,1,1
400847,1,1
400947,1,1
401047,1,1
401147,1,1
401247,1,1
401347,1,1
401447,1,1
401547,1,1
401647,1,1
401747,1,1
401847,1,1
401947,1,1
402047,1,1
402147,1,1
402247,1,1
402347,1,1
402447,1,1
402547,1,1
402647,1,1
402747,1,1
402847,1,1
402948,1,1
403048,1,1
403148,1,1
403248,1,1
403348,1,1
403448,1,1
403548,1,1
403648,1,1
403748,1,1
403872,0,0
403972,0,0
404072,0,0
404172,0,0
404272,0,0
404372,0,0
404472,0,0
404572,0,0
404672,0,0
404772,0,0
404872,0,0
404972,0,0
405072,0,0
405172,0,0
405272,0,0
405372,0,0
405472,0,0
405572,0,0
405672,0,0
405772,0,0
405872,0,0
405972,0,0
406072,0,0
406172,0,0
406272,0,0
406372,0,0
406472,0,0
406572,0,0
406672,0,0
406772,0,0
406872,0,0
406972,0,0
407072,0,0
407172,0,0
407272,0,0
407372,0,0
407472,0,0
407572,0,0
407672,0,0
407772,0,0
407872,0,0
407972,0,0
408072,0,0
408172,0,0
408272,0,0
408372,0,0
408472,0,0
408572,0,0
408672,0,0
408772,0,0
408872,0,0
408972,0,0
409072,0,0
409172,0,0
409272,0,0
409372,0,0
409472,0,0
409572,0,0
409672,0,0
409772,0,0
409872,0,0
409972,0,0
410072,0,0
410172,0,0
410272,0,0
410372,0,0
410472,0,0
410572,0,0
410672,0,0
410772,0,0
410872,0,0
410972,0,0
411072,0,0
411172,0,0
411272,0,0
411372,0,0
411472,0,0
411572,0,0
411672,0,0
411772,0,0
411872,0,0
411972,0,0
412072,0,0
412172,0,0
412272,0,0
412372,0,0
412472,0,0
412572,0,0
412672,0,0
412772,0,0
412872,0,0
412972,0,0
413072,0,0
413172,0,0
413272,0,0
413372,0,0
413472,0,0
413572,0,0
413672,0,0
413772,0,0
413872,0,0
413972,0,0
414072,0,0
414172,0,0
414272,0,0
414372,0,0
414472,0,0
414572,0,0
414672,0,0
414772,0,0
414872,0,0
414972,0,0
415072,0,0
415172,0,0
415272,0,0
415372,0,0
415472,0,0
415572,0,0
415672,0,0
415772,0,0
415872,0,0
415972,0,0
416060,0,0
416160,0,0
416260,0,0
416360,1,1
416460,1,1
416560,1,1
416660,1,1
416760,1,1
416860,1,1
416960,1,1
417060,1,1
417160,1,1
417260,1,1
417360,1,1
417460,1,1
417560,1,1
417660,1,1
417760,1,1
417860,1,1
417960,1,1
418060,1,1
418160,1,1
418260,1,1
418360,1,1
418460,1,1
418560,1,1
418660,1,1
418760,1,1
418860,1,1
418960,1,1
419060,1,1
419160,1,1
419260,1,1
419360,1,1
419460,1,1
419560,1,1
419660,1,1
419760,1,1
419860,1,1
419960,1,1
420057,1,1
420157,1,1
420257,1,1
420357,1,1
420457,1,1
420557,1,1
420657,1,1
420757,1,1
420857,1,1
420957,1,1
421057,1,1
421157,1,1
421257,1,1
421357,1,1
421457,1,1
421557,1,1
421657,1,1
421757,1,1
421857,1,1
421957,1,1
422057,1,1
422157,1,1
422257,1,1
422357,1,1
422457,1,1
422557,1,1
422657,1,1
422757,1,1
422857,1,1
422957,1,1
423057,1,1
423157,1,1
423257,1,1
423357,1,1
423457,1,1
423557,1,1
423657,1,1
423757,1,1
423857,1,1
423957,1,1
424055,1,1
424155,1,1
424255,1,1
424355,1,1
424455,1,1
424555,1,1
424655,1,1
424755,1,1
424855,1,1
424955,1,1
425055,1,1
425155,1,1
425255,1,1
425355,1,1
425455,1,1
425555,1,1
425655,1,1
425755,1,1
425855,1,1
425955,1,1
426055,1,1
426155,1,1
426255,1,1
426355,1,1
426455,1,1
426555,1,1
426655,1,1
426755,1,1
426855,1,1
426955,1,1
427055,1,1
427155,1,1
427255,1,1
427355,1,1
427455,1,1
427555,1,1
427655,1,1
427755,1,1
427855,1,1
427955,1,1
428052,1,1
428152,1,1
428252,1,1
428352,1,1
428452,1,1
428552,1,1
428652,1,1
428752,1,1
428852,1,1
428952,1,1
429052,1,1
429152,1,1
429252,1,1
429352,1,1
429452,1,1
429552,1,1
429652,1,1
429752,1,1
429852,1,1
429952,1,1
430052,1,1
430152,1,1
430252,1,1
430352,1,1
430452,1,1
430552,1,1
430652,1,1
430752,1,1
430852,1,1
430952,1,1
431052,1,1
431152,1,1
431252,1,1
431352,1,1
431452,1,1
431552,1,1
431652,1,1
431752,1,1
431852,1,1
431952,1,1
432050,1,1
432150,1,1
432250,1,1
432350,1,1
432450,1,1
432550,1,1
432650,1,1
432750,1,1
432850,1,1
432950,1,1
433050,1,1
433150,1,1
433250,1,1
433350,1,1
433450,1,1
433550,1,1
433650,1,1
433750,1,1
433850,1,1
433950,1,1
434050,1,1
434150,1,1
434250,1,1
434350,1,1
434450,1,1
434550,1,1
434650,1,1
434750,1,1
434850,1,1
434950,1,1
435050,1,1
435150,1,1
435250,1,1
435350,1,1
435450,1,1
435550,1,1
435650,1,1
435750,1,1
435850,1,1
435950,1,1
436047,1,1
436147,1,1
436247,1,1
436347,1,1
436447,1,1
436547,1,1
436647,1,1
436747,1,1
436847,1,1
436947,1,1
437047,1,1
437147,1,1
437247,1,1
437347,1,1
437447,1,1
437547,1,1
437647,1,1
437747,1,1
437847,1,1
437947,1,1
438047,1,1
438147,1,1
438247,1,1
438347,1,1
438447,1,1
438547,1,1
438647,1,1
438747,1,1
438847,1,1
438947,1,1
439047,1,1
439147,1,1
439247,1,1
439347,1,1
439447,1,1
439547,1,1
439647,1,1
439747,1,1
439847,1,1
439947,1,1
440046,1,1
440146,1,1
440246,1,1
440346,1,1
440446,1,1
440546,1,1
440646,1,1
440746,1,1
440846,1,1
440946,1,1
441046,1,1
441146,1,1
441246,1,1
441346,1,1
441446,1,1
441546,1,1
441646,1,1
441746,1,1
441846,1,1
441946,1,1
442046,1,1
442146,1,1
442246,1,1
442346,1,1
442446,1,1
442546,1,1
442646,1,1
442746,1,1
442846,1,1
442946,1,1
443046,1,1
443146,1,1
443246,1,1
443346,1,1
443446,1,1
443546,1,1
443646,1,1
443746,1,1
443846,1,1
443946,1,1
444044,1,1
444144,1,1
444244,1,1
444344,1,1
444444,1,1
444544,1,1
444644,1,1
444744,1,1
444844,1,1
444944,1,1
445044,1,1
445144,1,1
445244,1,1
445344,1,1
445444,1,1
445544,1,1
445644,1,1
445744,1,1
445844,1,1
445944,1,1
446044,1,1
446144,1,1
446244,1,1
446344,1,1
446444,1,1
446544,1,1
446644,1,1
446744,1,1
446844,1,1
446944,1,1
447044,1,1
447144,1,1
447244,1,1
447344,1,1
447444,1,1
447544,1,1
447644,1,1
447744,1,1
447844,1,1
447944,1,1
448041,1,1
448141,1,1
448241,1,1
448341,1,1
448441,1,1
448541,1,1
448641,1,1
448741,1,1
448841,1,1
448941,1,1
449041,1,1
449141,1,1
449241,1,1
449341,1,1
449441,1,1
449541,1,1
449641,1,1
449741,1,1
449841,1,1
449941,1,1
450041,1,1
450141,1,1
450241,1,1
450341,1,1
450441,1,1
450541,1,1
450641,1,1
450741,1,1
450841,1,1
450941,1,1
451041,1,1
451141,1,1
451241,1,1
451341,1,1
451441,1,1
451541,1,1
451641,1,1
451741,1,1
451841,1,1
451941,1,1
452038,1,1
452138,1,1
452238,1,1
452338,1,1
452438,1,1
452538,1,1
452638,1,1
452738,1,1
452838,1,1
452938,1,1
453038,1,1
453138,1,1
453238,1,1
453338,1,1
453438,1,1
453538,1,1
453638,1,1
453738,1,1
453838,1,1
453938,1,1
454038,1,1
454138,1,1
454238,1,1
454338,1,1
454438,1,1
454538,1,1
454638,1,1
454738,1,1
454838,1,1
454938,1,1
455038,1,1
455138,1,1
455238,1,1
455338,1,1
455438,1,1
455538,1,1
455638,1,1
455738,1,1
455838,1,1
455938,1,1
456038,1,1
456126,1,1
456226,1,1
456326,1,1
456426,1,1
456526,1,1
456626,1,1
456726,1,1
456826,1,1
456926,1,1
457026,1,1
457126,1,1
457226,1,1
457326,1,1
457426,1,1
457526,1,1
457626,1,1
457726,1,1
457826,1,1
457926,1,1
458026,1,1
458126,1,1
458226,1,1
458326,1,1
458426,1,1
458526,1,1
458626,1,1
458726,1,1
458826,1,1
458926,1,1
459026,1,1
459126,1,1
459226,1,1
459326,1,1
459426,1,1
459526,1,1
459626,1,1
459726,1,1
459826,1,1
459926,1,1
460026,1,1
460126,1,1
460226,1,1
460326,1,1
460426,1,1
460526,1,1
460626,1,1
460726,1,1
460826,1,1
460926,1,1
461026,1,1
461126,1,1
461226,1,1
461326,1,1
461426,1,1
461526,1,1
461626,1,1
461726,1,1
461826,1,1
461926,1,1
462026,1,1
462126,1,1
462226,1,1
462326,1,1
462426,1,1
462526,1,1
462626,1,1
462726,1,1
462826,1,1
462926,1,1
463026,1,1
463126,1,1
463226,1,1
463326,1,1
463426,1,1
463526,1,1
463626,1,1
463726,1,1
463826,1,1
463926,1,1
464026,1,1
464126,1,1
464226,1,1
464326,0,0
464426,0,0
464526,0,0
464626,0,0
464726,0,0
464826,0,0
464926,0,0
465026,0,0
465126,0,0
465226,0,0
465326,0,0
465426,0,0
465526,0,0
465626,0,0
465726,0,0
465826,0,0
465926,0,0
466026,0,0
466126,0,0
466226,0,0
466326,0,0
466426,0,0
466526,0,0
466626,0,0
466726,0,0
466826,0,0
466926,0,0
467026,0,0
467126,0,0
467226,0,0
467326,0,0
467426,0,0
467526,0,0
467626,0,0
467726,0,0
467826,0,0
467926,0,0
468026,0,0
468126,0,0
468226,0,0
468326,0,0
468426,0,0
468526,0,0
468626,0,0
468726,0,0
468826,0,0
468926,0,0
469026,0,0
469126,0,0
469226,0,0
469326,0,0
469426,0,0
469526,0,0
469626,0,0
469726,0,0
469826,0,0
469926,0,0
470026,0,0
470126,0,0
470226,0,0
470326,0,0
470426,0,0
470526,0,0
470626,0,0
470726,0,0
470826,0,0
470926,0,0
471026,0,0
471126,0,0
471226,0,0
471326,0,0
471426,0,0
471526,0,0
471626,0,0
471726,0,0
471826,0,0
471926,0,0
472026,0,0
472126,0,0
472226,0,0
472326,1,1
472426,1,1
472526,1,1
472626,1,1
472726,1,1
472826,1,1
472926,1,1
473026,1,1
473126,1,1
473226,1,1
473326,1,1
473426,1,1
473526,1,1
473626,1,1
473726,1,1
473826,1,1
473926,1,1
474026,1,1
474126,1,1
474226,1,1
474326,1,1
474426,1,1
474526,1,1
474626,1,1
474726,1,1
474826,1,1
474926,1,1
475026,1,1
475126,1,1
475226,1,1
475326,1,1
475426,1,1
475526,1,1
475626,1,1
475726,1,1
475826,1,1
475926,1,1
476026,1,1
476107,1,1
476207,1,1
476307,1,1
476407,1,1
476507,1,1
476607,1,1
476707,1,1
476807,1,1
476907,1,1
477007,1,1
477107,1,1
477207,1,1
477307,1,1
477407,1,1
477507,1,1
477607,1,1
477707,1,1
477807,1,1
477907,1,1
478007,1,1
478107,1,1
478207,1,1
478307,1,1
478407,1,1
478507,1,1
478607,1,1
478707,1,1
478807,1,1
478907,1,1
479007,1,1
479107,1,1
479207,1,1
479307,1,1
479407,1,1
479507,1,1
479607,1,1
479707,1,1
479807,1,1
479907,1,1
480007,1,1
480122,1,1
480222,1,1
480322,1,1
480422,1,1
480522,1,1
480622,1,1
480722,1,1
480822,1,1
480922,1,1
481022,1,1
481122,1,1
481222,1,1
481322,1,1
481422,1,1
481522,1,1
481622,1,1
481722,1,1
481822,1,1
481922,1,1
482022,1,1
482122,1,1
482222,1,1
482322,1,1
482422,1,1
482522,1,1
482622,1,1
482722,1,1
482822,1,1
482922,1,1
483022,1,1
483122,1,1
483222,1,1
483322,1,1
483422,1,1
483522,1,1
483622,1,1
483722,1,1
483822,1,1
483922,1,1
484022,1,1
484121,1,1
484221,1,1
484348,1,1
484448,1,1
484548,1,1
484648,1,1
484748,1,1
484848,1,1
484948,1,1
485048,1,1
485148,1,1
485248,1,1
485348,1,1
485448,1,1
485548,1,1
485648,1,1
485748,1,1
485848,1,1
485948,1,1
486048,1,1
486148,1,1
486248,1,1
486348,1,1
486448,1,1
486548,1,1
486648,1,1
486748,1,1
486848,1,1
486948,1,1
487048,1,1
487148,1,1
487249,1,1
487349,1,1
487449,1,1
487549,1,1
487649,1,1
487749,1,1
487849,1,1
487949,1,1
488046,1,1
488146,1,1
488246,1,1
488361,1,1
488461,1,1
488561,1,1
488661,1,1
488761,1,1
488861,1,1
488961,1,1
489061,1,1
489161,1,1
489261,1,1
489361,1,1
489461,1,1
489561,1,1
489661,1,1
489761,1,1
489861,1,1
489961,1,1
490062,1,1
490162,1,1
490262,1,1
490362,1,1
490462,1,1
490562,1,1
490662,1,1
490762,1,1
490862,1,1
490962,1,1
491062,1,1
491162,1,1
491262,1,1
491362,1,1
491462,1,1
491562,1,1
491662,1,1
491762,1,1
491862,1,1
491962,1,1
492060,1,1
492160,1,1
492260,1,1
492366,1,1
492466,1,1
492566,1,1
492666,1,1
492766,1,1
492866,1,1
492966,1,1
493066,1,1
493166,1,1
493266,1,1
493366,1,1
493466,1,1
493566,1,1
493666,1,1
493766,1,1
493866,1,1
493966,1,1
494066,1,1
494166,1,1
494266,1,1
494366,1,1
494466,1,1
494566,1,1
494666,1,1
494766,1,1
494866,1,1
494967,1,1
495067,1,1
495167,1,1
495267,1,1
495367,1,1
495467,1,1
495567,1,1
495667,1,1
495767,1,1
495867,1,1
495967,1,1
496064,1,1
496164,1,1
496264,1,1
496387,1,1
496487,1,1
496587,1,1
496687,1,1
496787,1,1
496887,1,1
496987,1,1
497087,1,1
497187,1,1
497287,1,1
497387,1,1
497487,1,1
497587,1,1
497687,1,1
497787,1,1
497887,1,1
497987,1,1
498087,1,1
498187,1,1
498287,1,1
498387,1,1
498487,1,1
498587,1,1
498687,1,1
498787,1,1
498887,1,1
498987,1,1
499087,1,1
499188,1,1
499288,1,1
499388,1,1
499488,1,1
499588,1,1
499688,1,1
499788,1,1
499888,1,1
499988,1,1
500086,1,1
500186,1,1
500286,1,1
500386,1,1
500486,1,1
500586,1,1
500686,1,1
500786,1,1
500886,1,1
500986,1,1
501086,1,1
501186,1,1
501286,1,1
501386,1,1
501486,1,1
501586,1,1
501686,1,1
501786,1,1
501886,1,1
501986,1,1
502087,1,1
502187,1,1
502287,1,1
502387,1,1
502487,1,1
502587,1,1
502687,1,1
502787,1,1
502887,1,1
502987,1,1
503087,1,1
503187,1,1
503287,1,1
503387,1,1
503487,1,1
503587,1,1
503687,1,1
503787,1,1
503887,1,1
503987,1,1
504085,1,1
504185,1,1
504285,1,1
504385,1,1
504485,1,1
504585,1,1
504685,1,1
504785,1,1
504885,1,1
504985,1,1
505085,1,1
505185,1,1
505285,1,1
505385,1,1
505485,1,1
505585,1,1
505685,1,1
505785,1,1
505885,1,1
505985,1,1
506085,1,1
506185,1,1
506285,1,1
506385,1,1
506485,1,1
506585,1,1
506685,1,1
506785,1,1
506885,1,1
506985,1,1
507085,1,1
507185,1,1
507285,1,1
507385,1,1
507485,1,1
507585,1,1
507685,1,1
507785,1,1
507885,1,1
507985,1,1
508083,1,1
508183,1,1
508283,1,1
508385,1,1
508485,1,1
508585,1,1
508685,1,1
508785,1,1
508885,1,1
508985,1,1
509085,1,1
509185,1,1
509285,1,1
509385,1,1
509485,1,1
509585,1,1
509685,1,1
509785,1,1
509885,1,1
509985,1,1
510085,1,1
510185,1,1
510285,1,1
510385,1,1
510485,1,1
510585,1,1
510685,1,1
510785,1,1
510885,1,1
510985,1,1
511086,1,1
511186,1,1
511286,1,1
511386,1,1
511486,1,1
511586,1,1
511686,1,1
511786,1,1
511886,1,1
511986,1,1
512083,1,1
512183,1,1
512283,1,1
512383,1,1
512483,1,1
512583,1,1
512683,1,1
512783,1,1
512883,1,1
512983,1,1
513083,1,1
513183,1,1
513283,1,1
513383,1,1
513483,1,1
513583,1,1
513683,1,1
513783,1,1
513883,1,1
513984,1,1
514084,1,1
514184,1,1
514284,1,1
514384,1,1
514484,1,1
514584,1,1
514684,1,1
514784,1,1
514884,1,1
514984,1,1
515084,1,1
515184,1,1
515284,1,1
515384,1,1
515484,1,1
515584,1,1
515684,1,1
515784,1,1
515884,1,1
515984,1,1
516084,1,1
516184,1,1
516284,1,1
516384,1,1
516484,1,1
516584,1,1
516684,1,1
516784,1,1
516884,1,1
516984,1,1
517084,1,1
517184,1,1
517284,1,1
517384,1,1
517484,1,1
517584,1,1
517684,1,1
517784,1,1
517884,1,1
517984,1,1
518084,1,1
518184,1,1
518284,1,1
518384,1,1
518484,1,1
518584,1,1
518684,1,1
518784,1,1
518884,1,1
518984,1,1
519084,1,1
519184,1,1
519284,1,1
519384,1,1
519484,1,1
519584,1,1
519684,1,1
519784,1,1
519884,1,1
519984,1,1
520084,1,1
520184,1,1
520284,1,1
520384,1,1
520505,0,0
520605,0,0
520705,0,0
520805,0,0
520905,0,0
521005,0,0
521105,0,0
521205,0,0
521305,0,0
521405,0,0
521505,0,0
521605,0,0
521705,0,0
521805,0,0
521905,0,0
522006,0,0
522106,0,0
522206,0,0
522306,0,0
522406,0,0
522506,0,0
522606,0,0
522706,0,0
522806,0,0
522906,0,0
523006,0,0
523106,0,0
523206,0,0
523306,0,0
523406,0,0
523506,0,0
523606,0,0
523706,0,0
523806,0,0
523906,0,0
524006,0,0
524106,0,0
524206,0,0
524306,0,0
524406,0,0
524506,0,0
524606,0,0
524706,0,0
524806,0,0
524907,0,0
525007,0,0
525107,0,0
525207,0,0
525307,0,0
525407,0,0
525507,0,0
525607,0,0
525707,0,0
525807,0,0
525907,0,0
526007,0,0
526107,0,0
526207,0,0
526307,0,0
526407,0,0
526507,0,0
526607,0,0
526707,0,0
526807,0,0
526907,0,0
527007,0,0
527107,0,0
527207,0,0
527307,0,0
527407,0,0
527507,0,0
527607,0,0
527707,0,0
527808,0,0
527908,0,0
528008,0,0
528108,0,0
528208,0,0
528308,0,0
528408,0,0
528508,0,0
528608,0,0
528708,0,0
528808,0,0
528908,0,0
529008,0,0
529108,0,0
529208,0,0
529308,0,0
529408,0,0
529508,0,0
529608,0,0
529708,0,0
529808,0,0
529908,0,0
530008,0,0
530108,0,0
530208,0,0
530308,0,0
530408,0,0
530508,0,0
530608,0,0
530708,0,0
530808,0,0
530908,0,0
531008,0,0
531108,0,0
531208,0,0
531308,0,0
531408,0,0
531508,0,0
531608,0,0
531708,0,0
531808,0,0
531908,0,0
532008,0,0
532108,0,0
532208,0,0
532308,0,0
532408,0,0
532508,0,0
532608,0,0
532708,0,0
532808,0,0
532908,0,0
533008,0,0
533108,0,0
533208,0,0
533308,0,0
533396,0,0
533496,1,1
533596,1,1
533696,1,1
533796,1,1
533896,1,1
533996,1,1
534096,1,1
534196,1,1
534296,1,1
534396,1,1
534496,1,1
534596,1,1
534696,1,1
534796,1,1
534896,1,1
534996,1,1
535096,1,1
535196,1,1
535296,1,1
535396,1,1
535496,1,1
535596,1,1
535696,1,1
535796,1,1
535896,1,1
535996,1,1
536096,1,1
536196,1,1
536296,1,1
536396,1,1
536496,1,1
536596,1,1
536696,1,1
536796,1,1
536896,1,1
536996,1,1
537096,1,1
537196,1,1
537296,1,1
537394,1,1
537494,1,1
537594,1,1
537694,1,1
537794,1,1
537894,1,1
537994,1,1
538094,1,1
538194,1,1
538294,1,1
538394,1,1
538494,1,1
538594,1,1
538694,1,1
538794,1,1
538894,1,1
538994,1,1
539094,1,1
539194,1,1
539294,1,1
539394,1,1
539494,1,1
539594,1,1
539694,1,1
539794,1,1
539894,1,1
539994,1,1
540094,1,1
540194,1,1
540294,1,1
540394,1,1
540494,1,1
540594,1,1
540694,1,1
540794,1,1
540894,1,1
540994,1,1
541094,1,1
541194,1,1
541294,1,1
541391,1,1
541499,1,1
541599,1,1
541699,1,1
541799,1,1
541899,1,1
541999,1,1
542099,1,1
542199,1,1
542299,1,1
542399,1,1
542499,1,1
542599,1,1
542699,1,1
542799,1,1
542899,1,1
542999,1,1
543099,1,1
543199,1,1
543299,1,1
543399,1,1
543499,1,1
543599,1,1
543699,1,1
543799,1,1
543899,1,1
543999,1,1
544099,1,1
544199,1,1
544299,1,1
544399,1,1
544499,1,1
544599,1,1
544699,1,1
544799,1,1
544899,1,1
544999,1,1
545099,1,1
545199,1,1
545299,1,1
545398,1,1
545498,1,1
545598,1,1
545698,1,1
545798,1,1
545898,1,1
545998,1,1
546098,1,1
546198,1,1
546298,1,1
546398,1,1
546498,1,1
546598,1,1
546698,1,1
546798,1,1
546898,1,1
546998,1,1
547098,1,1
547198,1,1
547298,1,1
547398,1,1
547498,1,1
547598,1,1
547698,1,1
547798,1,1
547898,1,1
547998,1,1
548098,1,1
548198,1,1
548298,1,1
548398,1,1
548498,1,1
548598,1,1
548698,1,1
548798,1,1
548898,1,1
548998,1,1
549098,1,1
549198,1,1
549298,1,1
549395,1,1
549507,1,1
549607,1,1
549707,1,1
549807,1,1
549907,1,1
550007,1,1
550107,1,1
550207,1,1
550307,1,1
550407,1,1
550507,1,1
550607,1,1
550707,1,1
550807,1,1
550907,1,1
551007,1,1
551107,1,1
551207,1,1
551307,1,1
551407,1,1
551507,1,1
551607,1,1
551707,1,1
551807,1,1
551907,1,1
552007,1,1
552107,1,1
552207,1,1
552307,1,1
552407,1,1
552507,1,1
552607,1,1
552707,1,1
552807,1,1
552907,1,1
553007,1,1
553107,1,1
553207,1,1
553307,1,1
553404,1,1
553504,1,1
553604,1,1
553704,1,1
553804,1,1
553904,1,1
554004,1,1
554104,1,1
554204,1,1
554304,1,1
554404,1,1
554504,1,1
554604,1,1
554704,1,1
554804,1,1
554904,1,1
555004,1,1
555104,1,1
555204,1,1
555304,1,1
555404,1,1
555504,1,1
555604,1,1
555704,1,1
555804,1,1
555904,1,1
556004,1,1
556104,1,1
556204,1,1
556304,1,1
556404,1,1
556504,1,1
556604,1,1
556704,1,1
556804,1,1
556904,1,1
557004,1,1
557104,1,1
557204,1,1
557304,1,1
557402,1,1
557502,1,1
557602,1,1
557702,1,1
557802,1,1
557902,1,1
558002,1,1
558102,1,1
558202,1,1
558302,1,1
558402,1,1
558502,1,1
558602,1,1
558702,1,1
558802,1,1
558902,1,1
559002,1,1
559102,1,1
559202,1,1
559302,1,1
559402,1,1
559502,1,1
559602,1,1
559702,1,1
559802,1,1
559902,1,1
560002,1,1
560102,1,1
560202,1,1
560302,1,1
560402,1,1
560502,1,1
560602,1,1
560702,1,1
560802,1,1
560902,1,1
561002,1,1
561102,1,1
561202,1,1
561302,1,1
561400,1,1
561507,1,1
561607,1,1
561707,1,1
561807,1,1
561907,1,1
562007,1,1
562107,1,1
562207,1,1
562307,1,1
562407,1,1
562507,1,1
562607,1,1
562707,1,1
562807,1,1
562907,1,1
563007,1,1
563108,1,1
563208,1,1
563308,1,1
563408,1,1
563508,1,1
563608,1,1
563708,1,1
563808,1,1
563908,1,1
564008,1,1
564108,1,1
564208,1,1
564308,1,1
564408,1,1
564508,1,1
564608,1,1
564708,1,1
564808,1,1
564908,1,1
565008,1,1
565108,1,1
565208,1,1
565308,1,1
565406,1,1
565508,1,1
565608,1,1
565709,1,1
565809,1,1
565909,1,1
566009,1,1
566109,1,1
566209,1,1
566309,1,1
566409,1,1
566509,1,1
566609,1,1
566709,1,1
566809,1,1
566909,1,1
567009,1,1
567109,1,1
567209,1,1
567309,1,1
567409,1,1
567509,1,1
567609,1,1
567709,1,1
567809,1,1
567909,1,1
568009,1,1
568109,1,1
568209,1,1
568450,1,1
568550,1,1
568650,1,1
568750,1,1
568850,1,1
568950,1,1
569050,1,1
569150,1,1
569250,1,1
569350,1,1
569447,1,1
569547,1,1
569647,1,1
569747,1,1
569847,1,1
569947,1,1
570047,1,1
570147,1,1
570247,1,1
570347,1,1
570447,1,1
570547,1,1
570647,1,1
570747,1,1
570847,1,1
570947,1,1
571047,1,1
571147,1,1
571247,1,1
571347,1,1
571447,1,1
571547,1,1
571647,1,1
571747,1,1
571847,1,1
571947,1,1
572047,1,1
572147,1,1
572247,1,1
572347,1,1
572447,1,1
572547,1,1
572647,1,1
572747,1,1
572847,1,1
572947,1,1
573047,1,1
573147,1,1
573247,1,1
573347,1,1
573445,1,1
573545,1,1
573645,1,1
573745,1,1
573845,1,1
573945,1,1
574045,1,1
574145,1,1
574245,1,1
574345,1,1
574445,1,1
574545,1,1
574645,1,1
574745,1,1
574845,1,1
574945,1,1
575045,1,1
575145,1,1
575245,1,1
575345,1,1
575445,1,1
575545,1,1
575645,1,1
575745,1,1
575845,1,1
575945,1,1
576045,1,1
576145,1,1
576245,1,1
576345,1,1
576445,1,1
576545,1,1
576645,1,1
576745,1,1
576845,1,1
576945,1,1
577045,1,1
577145,1,1
577245,1,1
577345,1,1
577445,1,1
577545,1,1
577645,1,1
577745,1,1
577845,1,1
577945,1,1
578045,1,1
578145,1,1
578245,1,1
578345,1,1
578445,1,1
578545,1,1
578645,1,1
578745,1,1
578845,1,1
578945,1,1
579045,1,1
579145,1,1
579245,1,1
579345,1,1
579445,1,1
579545,1,1
579645,1,1
579745,1,1
579845,1,1
579945,1,1
580045,1,1
580145,1,1
580245,1,1
580345,1,1
580445,1,1
580545,1,1
580645,1,1
580745,1,1
580845,1,1
580945,1,1
581045,1,1
581145,1,1
581245,1,1
581345,1,1
581445,1,1
581554,0,0
581654,0,0
581754,0,0
581854,0,0
581954,0,0
582054,0,0
582154,0,0
582254,0,0
582354,0,0
582454,0,0
582554,0,0
582654,0,0
582754,0,0
582854,0,0
582954,0,0
583054,0,0
583155,0,0
583255,0,0
583355,0,0
583455,0,0
583555,0,0
583655,0,0
583755,0,0
583855,0,0
583955,0,0
584055,0,0
584155,0,0
584255,0,0
584355,0,0
584455,0,0
584555,0,0
584655,0,0
584755,0,0
584855,0,0
584955,0,0
585055,0,0
585155,0,0
585255,0,0
585355,0,0
585455,0,0
585555,0,0
585655,0,0
585755,0,0
585855,0,0
585955,0,0
586056,0,0
586156,0,0
586256,0,0
586356,0,0
586456,0,0
586556,0,0
586656,0,0
586756,0,0
586856,0,0
586956,0,0
587056,0,0
587156,0,0
587256,0,0
587356,0,0
587456,0,0
587556,0,0
587656,0,0
587756,0,0
587856,0,0
587956,0,0
588056,0,0
588156,0,0
588256,0,0
588356,0,0
588456,0,0
588556,0,0
588656,0,0
588756,0,0
588856,0,0
588957,0,0
589057,0,0
589157,0,0
589257,0,0
589357,0,0
589457,0,0
589557,0,0
589657,0,0
589757,0,0
589857,0,0
589957,0,0
590057,0,0
590157,0,0
590257,0,0
590357,0,0
590457,0,0
590557,0,0
590657,0,0
590757,0,0
590857,0,0
590957,0,0
591057,0,0
591157,0,0
591257,0,0
591357,0,0
591457,0,0
591557,0,0
591657,0,0
591757,0,0
591857,0,0
591957,0,0
592057,0,0
592157,0,0
592257,0,0
592357,0,0
592457,0,0
592557,0,0
592657,0,0
592757,0,0
592857,0,0
592957,0,0
593057,0,0
593157,0,0
593257,0,0
593357,0,0
593457,0,0
593557,0,0
593657,0,0
593757,0,0
593857,0,0
593957,0,0
594057,0,0
594157,0,0
594257,0,0
594357,0,0
594457,0,0
594557,0,0
594657,0,0
594757,0,0
