p:4000,20000,6000,600,8000,4000,2000,8000,100
15081,0,0
15181,0,0
15281,0,0
15381,0,0
15481,0,0
15581,0,0
15681,0,0
15781,0,0
15881,0,0
15981,0,0
16081,1,1
16181,1,1
16281,1,1
16381,1,1
16481,1,1
16581,1,1
16681,1,1
16781,1,1
16881,1,1
16981,1,1
17081,1,1
17181,1,1
17281,1,1
17381,1,1
17481,1,1
17581,1,1
17681,1,1
17781,1,1
17881,1,1
17981,1,1
18081,1,1
18181,1,1
18281,1,1
18381,1,1
18481,1,1
18581,1,1
18681,1,1
18781,1,1
18881,1,1
18981,1,1
19079,1,1
19179,1,1
19279,1,1
19379,1,1
19479,1,1
19579,1,1
19679,1,1
19779,1,1
19879,1,1
19979,1,1
20079,1,1
20179,1,1
20279,1,1
20379,1,1
20479,1,1
20579,1,1
20679,1,1
20779,1,1
20879,1,1
20979,1,1
21079,1,1
21179,1,1
21279,1,1
21379,1,1
21479,1,1
21579,1,1
21679,1,1
21779,1,1
21879,1,1
21979,1,1
22079,1,1
22179,1,1
22279,1,1
22379,1,1
22479,1,1
22579,1,1
22679,1,1
22779,1,1
22879,1,1
22979,1,1
23078,1,1
23178,1,1
23278,1,1
23378,1,1
23478,1,1
23578,1,1
23678,1,1
23778,1,1
23878,1,1
23978,1,1
24078,1,1
24178,1,1
24278,1,1
24378,1,1
24478,1,1
24578,1,1
24678,1,1
24778,1,1
24878,1,1
24978,1,1
25078,1,1
25178,1,1
25278,1,1
25378,1,1
25478,1,1
25578,1,1
25678,1,1
25778,1,1
25878,1,1
25978,1,1
26078,1,1
26178,1,1
26278,1,1
26378,1,1
26478,1,1
26578,1,1
26678,1,1
26778,1,1
26878,1,1
26978,1,1
27077,1,1
27177,1,1
27277,1,1
27377,1,1
27477,1,1
27577,1,1
27677,1,1
27777,1,1
27877,1,1
27977,1,1
28077,1,1
28177,1,1
28277,1,1
28377,1,1
28477,1,1
28577,1,1
28677,1,1
28777,1,1
28877,1,1
28977,1,1
29077,1,1
29177,1,1
29277,1,1
29377,1,1
29477,1,1
29577,1,1
29677,1,1
29777,1,1
29877,1,1
29977,1,1
30077,1,1
30177,1,1
30277,1,1
30377,1,1
30477,1,1
30577,1,1
30677,1,1
30777,1,1
30877,1,1
30977,1,1
31074,1,1
31174,1,1
31274,1,1
31374,1,1
31474,1,1
31574,1,1
31674,1,1
31774,1,1
31874,1,1
31974,1,1
32077,1,1
32177,1,1
32277,1,1
32377,1,1
32477,1,1
32577,1,1
32677,1,1
32777,1,1
32877,1,1
32977,1,1
33077,1,1
33178,1,1
33278,1,1
33378,1,1
33478,1,1
33578,1,1
33678,1,1
33778,1,1
33878,1,1
33978,1,1
34078,1,1
34178,1,1
34278,1,1
34378,1,1
34478,1,1
34578,1,1
34678,1,1
34778,1,1
34878,1,1
34978,1,1
35078,1,1
35175,1,1
35275,1,1
35375,1,1
35475,1,1
35575,1,1
35675,1,1
35775,1,1
35875,1,1
35975,1,1
36083,1,1
36183,1,1
36283,1,1
36383,1,1
36483,1,1
36583,1,1
36683,1,1
36783,1,1
36883,1,1
36983,1,1
37083,1,1
37183,1,1
37283,1,1
37383,1,1
37483,1,1
37583,1,1
37683,1,1
37783,1,1
37883,1,1
37983,1,1
38083,1,1
38183,1,1
38283,1,1
38383,1,1
38483,1,1
38583,1,1
38683,1,1
38783,1,1
38883,1,1
38983,1,1
39083,1,1
39182,1,1
39282,1,1
39382,1,1
39482,1,1
39582,1,1
39682,1,1
39782,1,1
39882,1,1
39982,1,1
40100,1,1
40200,1,1
40300,1,1
40400,1,1
40500,1,1
40600,1,1
40700,1,1
40800,1,1
40900,1,1
41000,1,1
41100,1,1
41200,1,1
41300,1,1
41400,1,1
41500,1,1
41600,1,1
41700,1,1
41800,1,1
41900,1,1
42000,1,1
42100,1,1
42200,1,1
42300,1,1
42400,1,1
42500,1,1
42600,1,1
42700,1,1
42800,1,1
42900,1,1
43000,1,1
43100,1,1
43192,1,1
43292,1,1
43392,1,1
43492,1,1
43592,1,1
43692,1,1
43792,1,1
43892,1,1
43992,1,1
44121,1,1
44221,1,1
44321,1,1
44421,1,1
44521,1,1
44621,1,1
44721,1,1
44821,1,1
44921,1,1
45021,1,1
45121,1,1
45221,1,1
45321,1,1
45421,1,1
45521,1,1
45621,1,1
45721,1,1
45821,1,1
45921,1,1
46021,1,1
46121,1,1
46221,1,1
46321,1,1
46421,1,1
46521,1,1
46621,1,1
46721,1,1
46821,1,1
46921,1,1
47021,1,1
47126,1,1
47226,1,1
47326,1,1
47426,1,1
47526,1,1
47626,1,1
47726,1,1
47826,1,1
47926,1,1
48026,1,1
48126,1,1
48226,1,1
48326,1,1
48426,1,1
48526,1,1
48626,1,1
48726,1,1
48826,1,1
48926,1,1
49026,1,1
49126,1,1
49226,1,1
49326,1,1
49426,1,1
49526,1,1
49626,1,1
49726,1,1
49826,1,1
49926,1,1
50026,1,1
50126,1,1
50226,1,1
50326,1,1
50426,1,1
50526,1,1
50626,1,1
50726,1,1
50826,1,1
50926,1,1
51026,1,1
51124,1,1
51224,1,1
51324,1,1
51424,1,1
51524,1,1
51624,1,1
51724,1,1
51824,1,1
51924,1,1
52024,1,1
52124,1,1
52224,1,1
52324,1,1
52424,1,1
52524,1,1
52624,1,1
52724,1,1
52824,1,1
52924,1,1
53024,1,1
53124,1,1
53224,1,1
53324,1,1
53424,1,1
53524,1,1
53624,1,1
53724,1,1
53824,1,1
53924,1,1
54024,1,1
54124,1,1
54224,1,1
54324,1,1
54424,1,1
54524,1,1
54624,1,1
54724,1,1
54824,1,1
54924,1,1
55024,1,1
55124,1,1
55224,1,1
55324,1,1
55424,1,1
55524,1,1
55624,1,1
55724,1,1
55824,1,1
55924,1,1
56024,1,1
56124,1,1
56224,1,1
56324,1,1
56424,1,1
56524,1,1
56624,1,1
56724,1,1
56824,1,1
56924,1,1
57024,1,1
57124,1,1
57224,1,1
57324,1,1
57424,1,1
57524,1,1
57624,1,1
57724,1,1
57824,1,1
57924,1,1
58024,1,1
58124,1,1
58224,1,1
58324,1,1
58424,1,1
58524,1,1
58624,1,1
58724,1,1
58824,1,1
58924,1,1
59024,1,1
59124,1,1
59224,1,1
59324,1,1
59424,1,1
59524,1,1
59624,1,1
59724,1,1
59824,1,1
59924,1,1
60024,1,1
60124,1,1
60229,0,0
60329,0,0
60429,0,0
60529,0,0
60629,0,0
60729,0,0
60829,0,0
60929,0,0
61030,0,0
61130,0,0
61230,0,0
61330,0,0
61430,0,0
61530,0,0
61630,0,0
61730,0,0
61830,0,0
61930,0,0
62030,0,0
62130,0,0
62230,0,0
62330,0,0
62430,0,0
62530,0,0
62630,0,0
62730,0,0
62830,0,0
62930,0,0
63030,0,0
63130,0,0
63230,0,0
63330,0,0
63430,0,0
63530,0,0
63630,0,0
63730,0,0
63830,0,0
63931,0,0
64031,0,0
64131,0,0
64231,0,0
64331,0,0
64431,0,0
64531,0,0
64631,0,0
64731,0,0
64831,0,0
64931,0,0
65031,0,0
65131,0,0
65231,0,0
65331,0,0
65431,0,0
65531,0,0
65631,0,0
65731,0,0
65831,0,0
65931,0,0
66031,0,0
66131,0,0
66231,0,0
66331,0,0
66431,0,0
66531,0,0
66631,0,0
66731,0,0
66832,0,0
66932,0,0
67032,0,0
67132,0,0
67232,0,0
67332,0,0
67432,0,0
67532,0,0
67632,0,0
67732,0,0
67832,0,0
67932,0,0
68032,0,0
68132,0,0
68232,0,0
68332,0,0
68432,0,0
68532,0,0
68632,0,0
68732,0,0
68832,0,0
68932,0,0
69032,0,0
69132,0,0
69232,0,0
69332,0,0
69432,0,0
69532,0,0
69632,0,0
69732,0,0
69832,0,0
69932,0,0
70032,0,0
70132,0,0
70232,0,0
70332,0,0
70432,0,0
70532,0,0
70632,0,0
70732,0,0
70832,0,0
70932,0,0
71032,0,0
71132,0,0
71232,0,0
71332,0,0
71432,0,0
71532,0,0
71632,0,0
71732,0,0
71832,0,0
71932,0,0
72032,0,0
72132,0,0
72232,0,0
72332,0,0
72432,0,0
72532,0,0
72632,0,0
72732,0,0
72832,0,0
72932,0,0
73032,0,0
73132,0,0
73232,0,0
73332,0,0
73432,0,0
73532,0,0
73663,0,0
73763,1,1
73863,1,1
73963,1,1
74063,1,1
74163,1,1
74263,1,1
74363,1,1
74463,1,1
74563,1,1
74663,1,1
74763,1,1
74863,1,1
74963,1,1
75063,1,1
75163,1,1
75263,1,1
75363,1,1
75463,1,1
75563,1,1
75663,1,1
75763,1,1
75863,1,1
75963,1,1
76063,1,1
76164,1,1
76264,1,1
76364,1,1
76464,1,1
76564,1,1
76664,1,1
76764,1,1
76864,1,1
76964,1,1
77064,1,1
77164,1,1
77264,1,1
77364,1,1
77464,1,1
77564,1,1
77664,1,1
77751,1,1
77851,1,1
77951,1,1
78051,1,1
78151,1,1
78251,1,1
78351,1,1
78451,1,1
78551,1,1
78651,1,1
78751,1,1
78851,1,1
78951,1,1
79051,1,1
79151,1,1
79251,1,1
79351,1,1
79451,1,1
79551,1,1
79651,1,1
79751,1,1
79851,1,1
79951,1,1
80051,1,1
80151,1,1
80251,1,1
80351,1,1
80451,1,1
80551,1,1
80651,1,1
80751,1,1
80851,1,1
80951,1,1
81051,1,1
81151,1,1
81251,1,1
81351,1,1
81451,1,1
81551,1,1
81651,1,1
81749,1,1
81849,1,1
81949,1,1
82049,1,1
82149,1,1
82249,1,1
82349,1,1
82449,1,1
82549,1,1
82649,1,1
82749,1,1
82849,1,1
82949,1,1
83049,1,1
83149,1,1
83249,1,1
83349,1,1
83449,1,1
83549,1,1
83649,1,1
83749,1,1
83849,1,1
83949,1,1
84049,1,1
84149,1,1
84249,1,1
84349,1,1
84449,1,1
84549,1,1
84649,1,1
84749,1,1
84849,1,1
84949,1,1
85049,1,1
85149,1,1
85249,1,1
85349,1,1
85449,1,1
85549,1,1
85649,1,1
85746,1,1
85846,1,1
85946,1,1
86046,1,1
86146,1,1
86246,1,1
86346,1,1
86446,1,1
86546,1,1
86646,1,1
86746,1,1
86846,1,1
86946,1,1
87046,1,1
87146,1,1
87246,1,1
87346,1,1
87446,1,1
87546,1,1
87646,1,1
87746,1,1
87846,1,1
87946,1,1
88046,1,1
88146,1,1
88246,1,1
88346,1,1
88446,1,1
88546,1,1
88646,1,1
88746,1,1
88846,1,1
88946,1,1
89046,1,1
89146,1,1
89246,1,1
89346,1,1
89446,1,1
89546,1,1
89646,1,1
89744,1,1
89844,1,1
89944,1,1
90044,1,1
90144,1,1
90244,1,1
90344,1,1
90444,1,1
90544,1,1
90644,1,1
90744,1,1
90844,1,1
90944,1,1
91044,1,1
91144,1,1
91244,1,1
91344,1,1
91444,1,1
91544,1,1
91644,1,1
91744,1,1
91844,1,1
91944,1,1
92044,1,1
92144,1,1
92244,1,1
92344,1,1
92444,1,1
92544,1,1
92644,1,1
92744,1,1
92844,1,1
92944,1,1
93044,1,1
93144,1,1
93244,1,1
93344,1,1
93444,1,1
93544,1,1
93644,1,1
93742,1,1
93842,1,1
93942,1,1
94042,1,1
94142,1,1
94242,1,1
94342,1,1
94442,1,1
94542,1,1
94642,1,1
94742,1,1
94842,1,1
94942,1,1
95042,1,1
95142,1,1
95242,1,1
95342,1,1
95442,1,1
95542,1,1
95642,1,1
95742,1,1
95842,1,1
95942,1,1
96042,1,1
96142,1,1
96242,1,1
96342,1,1
96442,1,1
96542,1,1
96642,1,1
96742,1,1
96842,1,1
96942,1,1
97042,1,1
97142,1,1
97242,1,1
97342,1,1
97442,1,1
97542,1,1
97642,1,1
97740,1,1
97840,1,1
97940,1,1
98040,1,1
98140,1,1
98240,1,1
98340,1,1
98440,1,1
98540,1,1
98640,1,1
98740,1,1
98840,1,1
98940,1,1
99040,1,1
99140,1,1
99240,1,1
99340,1,1
99440,1,1
99540,1,1
99640,1,1
99740,1,1
99840,1,1
99940,1,1
100040,1,1
100140,1,1
100240,1,1
100340,1,1
100440,1,1
100540,1,1
100640,1,1
100740,1,1
100840,1,1
100940,1,1
101040,1,1
101140,1,1
101240,1,1
101340,1,1
101440,1,1
101540,1,1
101640,1,1
101744,1,1
101828,1,1
101928,1,1
102028,1,1
102128,1,1
102228,1,1
102328,1,1
102428,1,1
102528,1,1
102628,1,1
102728,1,1
102828,1,1
102928,1,1
103028,1,1
103128,1,1
103228,1,1
103328,1,1
103428,1,1
103528,1,1
103628,1,1
103728,1,1
103828,1,1
103928,1,1
104028,1,1
104128,1,1
104228,1,1
104328,1,1
104428,1,1
104528,1,1
104628,1,1
104728,1,1
104828,1,1
104928,1,1
105028,1,1
105128,1,1
105228,1,1
105328,1,1
105428,1,1
105528,1,1
105628,1,1
105728,1,1
105828,1,1
105933,1,1
106032,1,1
106132,1,1
106232,1,1
106332,1,1
106432,1,1
106532,1,1
106632,1,1
106732,1,1
106832,1,1
106932,1,1
107032,1,1
107132,1,1
107232,1,1
107332,1,1
107432,1,1
107532,1,1
107632,1,1
107732,1,1
107832,1,1
107932,1,1
108032,1,1
108132,1,1
108232,1,1
108332,1,1
108432,1,1
108532,1,1
108632,1,1
108732,1,1
108832,1,1
108933,1,1
109033,1,1
109133,1,1
109233,1,1
109333,1,1
109433,1,1
109533,1,1
109633,1,1
109733,1,1
109833,1,1
109939,1,1
110033,1,1
110133,1,1
110233,1,1
110333,1,1
110433,1,1
110533,1,1
110634,1,1
110734,1,1
110834,1,1
110934,1,1
111034,1,1
111134,1,1
111234,1,1
111334,1,1
111434,1,1
111534,1,1
111634,1,1
111734,1,1
111834,1,1
111934,1,1
112034,1,1
112134,1,1
112234,1,1
112334,1,1
112434,1,1
112534,1,1
112634,1,1
112734,1,1
112834,1,1
112934,1,1
113034,1,1
113134,1,1
113234,1,1
113334,1,1
113434,1,1
113535,1,1
113635,1,1
113735,1,1
113835,1,1
113935,1,1
114035,1,1
114135,1,1
114235,1,1
114335,1,1
114435,1,1
114535,1,1
114635,1,1
114735,1,1
114835,1,1
114935,1,1
115035,1,1
115135,1,1
115235,1,1
115335,1,1
115435,1,1
115535,1,1
115635,1,1
115735,1,1
115835,1,1
115935,1,1
116035,1,1
116135,1,1
116235,1,1
116335,1,1
116436,1,1
116536,1,1
116636,1,1
116736,1,1
116836,1,1
116936,1,1
117036,1,1
117136,1,1
117236,1,1
117336,1,1
117436,1,1
117536,1,1
117636,1,1
117736,1,1
117836,1,1
117961,0,0
118061,0,0
118161,0,0
118261,0,0
118361,0,0
118461,0,0
118561,0,0
118661,0,0
118761,0,0
118861,0,0
118961,0,0
119061,0,0
119161,0,0
119261,0,0
119361,0,0
119461,0,0
119561,0,0
119661,0,0
119761,0,0
119861,0,0
119961,0,0
120061,0,0
120161,0,0
120261,0,0
120362,0,0
120462,0,0
120562,0,0
120662,0,0
120762,0,0
120862,0,0
120962,0,0
121062,0,0
121162,0,0
121262,0,0
121362,0,0
121462,0,0
121562,0,0
121662,0,0
121762,0,0
121862,0,0
121962,0,0
122062,0,0
122162,0,0
122262,0,0
122362,0,0
122462,0,0
122562,0,0
122662,0,0
122762,0,0
122862,0,0
122962,0,0
123062,0,0
123162,0,0
123263,0,0
123363,0,0
123463,0,0
123563,0,0
123663,0,0
123763,0,0
123863,0,0
123963,0,0
124063,0,0
124163,0,0
124263,0,0
124363,0,0
124463,0,0
124563,0,0
124663,0,0
124763,0,0
124863,0,0
124963,0,0
125063,0,0
125163,0,0
125263,0,0
125363,0,0
125463,0,0
125563,0,0
125663,0,0
125763,0,0
125863,0,0
125983,0,0
126083,0,0
126184,0,0
126284,0,0
126384,0,0
126484,0,0
126584,0,0
126684,0,0
126784,0,0
126884,0,0
126984,0,0
127084,0,0
127184,0,0
127284,0,0
127384,0,0
127484,0,0
127584,0,0
127684,0,0
127784,0,0
127884,0,0
127984,0,0
128084,0,0
128184,0,0
128284,0,0
128384,0,0
128484,0,0
128584,0,0
128684,0,0
128784,0,0
128884,0,0
128984,0,0
129084,0,0
129184,0,0
129284,0,0
129384,0,0
129484,0,0
129584,0,0
129684,0,0
129784,0,0
129884,0,0
129982,0,0
130082,0,0
130182,0,0
130282,0,0
130382,0,0
130482,0,0
130582,0,0
130682,0,0
130782,0,0
130882,0,0
130982,0,0
131082,0,0
131182,0,0
131282,0,0
131382,0,0
131482,0,0
131582,0,0
131682,0,0
131782,0,0
131882,0,0
131982,0,0
132082,0,0
132182,0,0
132282,0,0
132382,0,0
132482,0,0
132582,0,0
132682,0,0
132782,0,0
132882,0,0
132982,0,0
133082,0,0
133182,0,0
133282,0,0
133382,0,0
133482,0,0
133582,0,0
133682,0,0
133782,0,0
133882,0,0
133982,0,0
134069,0,0
134169,0,0
134269,0,0
134369,0,0
134469,0,0
134569,0,0
134669,0,0
134769,0,0
134869,0,0
134969,0,0
135069,0,0
135169,0,0
135269,0,0
135369,0,0
135469,0,0
135569,0,0
135669,0,0
135769,0,0
135869,0,0
135969,0,0
136069,0,0
136169,0,0
136269,0,0
136369,0,0
136469,0,0
136569,0,0
136669,0,0
136769,0,0
136869,0,0
136969,0,0
137069,0,0
137169,0,0
137269,0,0
137369,0,0
137469,0,0
137569,0,0
137669,0,0
137769,0,0
137869,0,0
137973,0,0
138072,0,0
138172,0,0
138272,0,0
138372,0,0
138472,0,0
138572,0,0
138672,0,0
138772,0,0
138872,0,0
138972,0,0
139072,0,0
139172,0,0
139272,0,0
139372,0,0
139472,0,0
139572,0,0
139672,0,0
139772,0,0
139872,0,0
139972,0,0
140072,0,0
140172,0,0
140272,0,0
140372,0,0
140472,0,0
140572,0,0
140672,0,0
140772,0,0
140872,0,0
140972,0,0
141072,0,0
141172,0,0
141272,0,0
141372,0,0
141472,0,0
141572,0,0
141672,0,0
141772,0,0
141872,0,0
141973,0,0
142072,0,0
142172,0,0
142272,0,0
142372,0,0
142472,0,0
142572,0,0
142672,0,0
142772,0,0
142872,0,0
142972,0,0
143072,0,0
143172,0,0
143272,0,0
143372,0,0
143472,0,0
143572,0,0
143672,0,0
143772,0,0
143872,0,0
143972,0,0
144072,0,0
144173,0,0
144273,0,0
144373,0,0
144473,0,0
144573,0,0
144673,0,0
144773,0,0
144873,0,0
144973,0,0
145073,0,0
145173,0,0
145273,0,0
145373,0,0
145473,0,0
145573,0,0
145673,0,0
145773,0,0
145873,0,0
145999,0,0
146071,0,0
146171,0,0
146271,0,0
146371,0,0
146471,0,0
146571,0,0
146671,0,0
146771,0,0
146871,0,0
146971,0,0
147071,0,0
147171,0,0
147271,0,0
147371,0,0
147471,0,0
147571,0,0
147671,0,0
147771,0,0
147871,0,0
147971,0,0
148071,0,0
148171,0,0
148271,0,0
148371,0,0
148471,0,0
148571,0,0
148671,0,0
148771,0,0
148871,0,0
148971,0,0
149071,0,0
149171,0,0
149271,0,0
149371,0,0
149471,0,0
149571,0,0
149671,0,0
149771,0,0
149871,0,0
150004,0,0
150104,0,0
150204,0,0
150304,0,0
150404,0,0
150504,0,0
150604,0,0
150704,0,0
150804,0,0
150904,0,0
151004,0,0
151104,0,0
151204,0,0
151304,0,0
151404,0,0
151504,0,0
151604,0,0
151704,0,0
151804,0,0
151904,0,0
152004,0,0
152104,0,0
152204,0,0
152304,0,0
152404,0,0
152504,0,0
152604,0,0
152704,0,0
152804,0,0
152904,0,0
153004,0,0
153104,0,0
153204,0,0
153304,0,0
153404,0,0
153504,0,0
153604,0,0
153704,0,0
153804,0,0
153904,0,0
154004,0,0
154101,0,0
154201,0,0
154301,0,0
154401,0,0
154501,0,0
154601,0,0
154701,0,0
154801,0,0
154901,0,0
155001,0,0
155101,0,0
155201,0,0
155301,0,0
155401,0,0
155501,0,0
155601,0,0
155701,0,0
155801,0,0
155901,0,0
156001,0,0
156101,0,0
156201,0,0
156301,0,0
156401,0,0
156501,0,0
156601,0,0
156701,0,0
156801,0,0
156901,0,0
157001,0,0
157101,0,0
157201,0,0
157301,0,0
157401,0,0
157501,0,0
157601,0,0
157701,0,0
157801,0,0
157901,0,0
158001,0,0
158100,0,0
158200,0,0
158300,0,0
158400,0,0
158500,0,0
158600,0,0
158700,0,0
158800,0,0
158900,0,0
159000,0,0
159100,0,0
159200,0,0
159300,0,0
159400,0,0
159500,0,0
159600,0,0
159700,0,0
159800,0,0
159900,0,0
160000,0,0
160100,0,0
160200,0,0
160300,0,0
160400,0,0
160500,0,0
160600,0,0
160700,0,0
160800,0,0
160900,0,0
161000,0,0
161100,0,0
161200,0,0
161300,0,0
161400,0,0
161500,0,0
161600,0,0
161700,0,0
161800,0,0
161900,0,0
162000,0,0
162097,0,0
162197,0,0
162297,0,0
162397,0,0
162497,0,0
162597,0,0
162697,0,0
162797,0,0
162897,0,0
162997,0,0
163097,0,0
163197,0,0
163297,0,0
163397,0,0
163497,0,0
163597,0,0
163697,0,0
163797,0,0
163897,0,0
163997,0,0
164097,0,0
164197,0,0
164297,0,0
164397,0,0
164497,0,0
164597,0,0
164697,0,0
164797,0,0
164897,0,0
164997,0,0
165097,0,0
165197,0,0
165297,0,0
165397,0,0
165497,0,0
165597,0,0
165697,0,0
165797,0,0
165897,0,0
165997,0,0
166095,0,0
166195,0,0
166295,0,0
166395,0,0
166495,0,0
166595,0,0
166695,0,0
166795,0,0
166895,0,0
166995,0,0
167095,0,0
167195,0,0
167295,0,0
167395,0,0
167495,0,0
167595,0,0
167695,0,0
167795,0,0
167895,0,0
167995,0,0
168095,0,0
168195,0,0
168295,0,0
168395,0,0
168495,0,0
168595,0,0
168695,0,0
168795,0,0
168895,0,0
168995,0,0
169095,0,0
169195,0,0
169295,0,0
169395,0,0
169495,0,0
169595,0,0
169695,0,0
169795,0,0
169895,0,0
169995,0,0
170095,0,0
170195,0,0
170295,0,0
170395,0,0
170495,0,0
170595,0,0
170695,0,0
170795,0,0
170895,0,0
170995,0,0
171095,0,0
171195,0,0
171295,0,0
171395,0,0
171495,0,0
171595,0,0
171695,0,0
171795,0,0
171895,0,0
171995,0,0
172095,0,0
172195,0,0
172295,0,0
172395,0,0
172495,0,0
172595,0,0
172695,0,0
172795,0,0
172895,0,0
172995,0,0
173095,0,0
173195,0,0
173295,0,0
173395,0,0
173495,0,0
173595,0,0
173695,0,0
173795,0,0
173895,0,0
173995,0,0
174095,0,0
174195,0,0
174295,0,0
174395,0,0
174495,0,0
174595,0,0
174695,0,0
174795,0,0
174895,0,0
174995,0,0
175095,0,0
175195,0,0
175295,0,0
175395,0,0
175495,0,0
175595,0,0
175695,0,0
175795,0,0
175895,0,0
175995,0,0
176095,0,0
176195,0,0
176295,0,0
176395,0,0
176495,0,0
176595,0,0
176695,0,0
176795,0,0
176895,0,0
176995,0,0
177095,0,0
177195,0,0
177295,0,0
177395,0,0
177495,0,0
177595,0,0
177695,0,0
177795,0,0
177895,0,0
177995,0,0
178095,0,0
178195,0,0
178295,0,0
178395,0,0
178495,0,0
178595,0,0
178695,0,0
178795,0,0
178895,0,0
178995,0,0
179095,0,0
179195,0,0
179295,0,0
179395,0,0
179495,0,0
179595,0,0
179695,0,0
179795,0,0
179895,0,0
179995,0,0
180095,0,0
180195,0,0
180295,0,0
180395,0,0
180495,0,0
180595,0,0
180695,0,0
180795,0,0
180895,0,0
180995,0,0
181095,0,0
181195,0,0
181295,0,0
181395,0,0
181495,0,0
181595,0,0
181695,0,0
181795,0,0
181895,0,0
181995,0,0
182095,0,0
182195,0,0
182295,0,0
182395,0,0
182495,0,0
182595,0,0
182695,0,0
182795,0,0
182895,0,0
182995,0,0
183095,0,0
183195,0,0
183295,0,0
183395,0,0
183495,0,0
183595,0,0
183695,0,0
183795,0,0
183895,0,0
183995,0,0
184095,0,0
184195,0,0
184295,0,0
184395,0,0
184495,0,0
184595,0,0
184695,0,0
184795,0,0
184895,0,0
184995,0,0
185095,0,0
185195,0,0
185295,0,0
185395,0,0
185495,0,0
185595,0,0
185695,0,0
185795,0,0
185895,0,0
186009,0,0
186099,0,0
186199,0,0
186299,0,0
186399,0,0
186499,0,0
186599,0,0
186699,0,0
186799,0,0
186899,0,0
186999,0,0
187099,0,0
187199,0,0
187299,0,0
187399,0,0
187499,0,0
187599,0,0
187699,0,0
187799,0,0
187899,0,0
187999,0,0
188099,0,0
188199,0,0
188299,0,0
188399,0,0
188499,0,0
188599,0,0
188699,0,0
188799,0,0
188899,0,0
189000,0,0
189100,0,0
189200,0,0
189300,0,0
189400,0,0
189500,0,0
189600,0,0
189700,0,0
189800,0,0
189900,0,0
190000,0,0
190100,0,0
190197,0,0
190297,0,0
190397,0,0
190497,0,0
190597,0,0
190697,0,0
190797,0,0
190897,0,0
190997,0,0
191097,0,0
191197,0,0
191297,0,0
191397,0,0
191497,0,0
191597,0,0
191697,0,0
191797,0,0
191897,0,0
191997,0,0
192097,0,0
192197,0,0
192297,0,0
192397,0,0
192497,0,0
192597,0,0
192697,0,0
192797,0,0
192897,0,0
192997,0,0
193097,0,0
193197,0,0
193297,0,0
193397,0,0
193497,0,0
193597,0,0
193697,0,0
193797,0,0
193897,0,0
194001,0,0
194101,0,0
194200,0,0
194300,0,0
194400,0,0
194500,0,0
194600,0,0
194700,0,0
194800,0,0
194900,0,0
195000,0,0
195100,0,0
195200,0,0
195300,0,0
195400,0,0
195500,0,0
195600,0,0
195700,0,0
195800,0,0
195900,0,0
196000,0,0
196100,0,0
196200,0,0
196300,0,0
196400,0,0
196500,0,0
196600,0,0
196700,0,0
196800,0,0
196900,0,0
197000,0,0
197100,0,0
197200,0,0
197300,0,0
197400,0,0
197500,0,0
197600,0,0
197700,0,0
197800,0,0
197900,0,0
198008,0,0
198108,0,0
198206,0,0
198306,0,0
198406,0,0
198506,0,0
198606,0,0
198706,0,0
198806,0,0
198906,0,0
199006,0,0
199106,0,0
199206,0,0
199306,0,0
199406,0,0
199506,0,0
199606,0,0
199706,0,0
199806,0,0
199906,0,0
200006,0,0
200106,0,0
200206,0,0
200306,0,0
200406,0,0
200506,0,0
200606,0,0
200706,0,0
200806,0,0
200906,0,0
201006,0,0
201106,0,0
201206,0,0
201306,0,0
201406,0,0
201506,0,0
201606,0,0
201706,0,0
201806,0,0
201906,0,0
202006,0,0
202106,0,0
202202,0,0
202302,0,0
202402,0,0
202502,0,0
202602,0,0
202702,0,0
202802,0,0
202902,0,0
203002,0,0
203102,0,0
203202,0,0
203302,0,0
203402,0,0
203502,0,0
203602,0,0
203702,0,0
203802,0,0
203902,0,0
204002,0,0
204102,0,0
204202,0,0
204302,0,0
204402,0,0
204502,0,0
204602,0,0
204702,0,0
204802,0,0
204902,0,0
205002,0,0
205102,0,0
205202,0,0
205302,0,0
205402,0,0
205502,0,0
205602,0,0
205702,0,0
205802,0,0
205902,0,0
206002,0,0
206102,0,0
206200,0,0
206300,0,0
206400,0,0
206500,0,0
206600,0,0
206700,0,0
206800,0,0
206900,0,0
207000,0,0
207100,0,0
207200,0,0
207300,0,0
207400,0,0
207500,0,0
207600,0,0
207700,0,0
207800,0,0
207900,0,0
208000,0,0
208100,0,0
208200,0,0
208300,0,0
208400,0,0
208500,0,0
208600,0,0
208700,0,0
208800,0,0
208900,0,0
209000,0,0
209100,0,0
209200,0,0
209300,0,0
209400,0,0
209500,0,0
209600,0,0
209700,0,0
209800,0,0
209900,0,0
210001,0,0
210101,0,0
210200,0,0
210300,0,0
210400,0,0
210500,0,0
210600,0,0
210700,0,0
210800,0,0
210900,0,0
211000,0,0
211100,0,0
211200,0,0
211300,0,0
211400,0,0
211500,0,0
211601,0,0
211701,0,0
211801,0,0
211901,0,0
212001,0,0
212101,0,0
212201,0,0
212301,0,0
212401,0,0
212501,0,0
212601,0,0
212701,0,0
212801,0,0
212901,0,0
213001,0,0
213101,0,0
213201,0,0
213301,0,0
213401,0,0
213501,0,0
213601,0,0
213701,0,0
213801,0,0
213901,0,0
214012,0,0
214112,0,0
214210,0,0
214310,0,0
214410,0,0
214510,0,0
214610,0,0
214710,0,0
214810,0,0
214910,0,0
215010,0,0
215110,0,0
215210,0,0
215311,0,0
215411,0,0
215511,0,0
215611,0,0
215711,0,0
215811,0,0
215911,0,0
216011,0,0
216111,0,0
216211,0,0
216311,0,0
216411,0,0
216511,0,0
216611,0,0
216711,0,0
216811,0,0
216911,0,0
217011,0,0
217111,0,0
217211,0,0
217311,0,0
217411,0,0
217511,0,0
217611,0,0
217711,0,0
217811,0,0
217911,0,0
218015,0,0
218115,0,0
218215,0,0
218311,0,0
218411,0,0
218511,0,0
218611,0,0
218711,0,0
218811,0,0
218911,0,0
219011,0,0
219111,0,0
219211,0,0
219311,0,0
219411,0,0
219511,0,0
219611,0,0
219711,0,0
219811,0,0
219911,0,0
220011,0,0
220111,0,0
220211,0,0
220311,0,0
220411,0,0
220512,0,0
220612,0,0
220712,0,0
220812,0,0
220912,0,0
221012,0,0
221112,0,0
221212,0,0
221312,0,0
221412,0,0
221512,0,0
221612,0,0
221712,0,0
221812,0,0
221912,0,0
222019,0,0
222119,0,0
222219,0,0
222318,0,0
222418,0,0
222518,0,0
222618,0,0
222718,0,0
222818,0,0
222918,0,0
223018,0,0
223118,0,0
223218,0,0
223318,0,0
223418,0,0
223518,0,0
223618,0,0
223718,0,0
223818,0,0
223918,0,0
224018,0,0
224118,0,0
224218,0,0
224318,0,0
224418,0,0
224518,0,0
224618,0,0
224718,0,0
224818,0,0
224918,0,0
225018,0,0
225119,0,0
225219,0,0
225319,0,0
225419,0,0
225519,0,0
225619,0,0
225719,0,0
225819,0,0
225919,0,0
226019,0,0
226119,0,0
226219,0,0
226319,0,0
226419,0,0
226519,0,0
226619,0,0
226719,0,0
226819,0,0
226919,0,0
227019,0,0
227119,0,0
227219,0,0
227319,0,0
227419,0,0
227519,0,0
227619,0,0
227719,0,0
227819,0,0
227919,0,0
228020,0,0
228120,0,0
228220,0,0
228320,0,0
228420,0,0
228520,0,0
228620,0,0
228720,0,0
228820,0,0
228920,0,0
229020,0,0
229120,0,0
229220,0,0
229320,0,0
229420,0,0
229520,0,0
229620,0,0
229720,0,0
229820,0,0
229920,0,0
230020,0,0
230120,0,0
230220,0,0
230320,0,0
230420,0,0
230523,0,0
230623,0,0
230723,0,0
230823,0,0
230923,0,0
231023,0,0
231123,0,0
231223,0,0
231323,0,0
231423,0,0
231523,0,0
231623,0,0
231723,0,0
231823,0,0
231923,0,0
232023,0,0
232123,0,0
232223,0,0
232323,0,0
232423,0,0
232523,0,0
232623,0,0
232723,0,0
232823,0,0
232923,0,0
233023,0,0
233123,0,0
233223,0,0
233323,0,0
233423,0,0
233524,0,0
233624,0,0
233724,0,0
233824,0,0
233924,0,0
234024,0,0
234124,0,0
234224,0,0
234324,0,0
234424,0,0
234524,0,0
234624,0,0
234724,0,0
234824,0,0
234924,0,0
235024,0,0
235124,0,0
235224,0,0
235324,0,0
235424,0,0
235524,0,0
235624,0,0
235724,0,0
235824,0,0
235924,0,0
236024,0,0
236124,0,0
236224,0,0
236324,0,0
236424,0,0
236524,0,0
236624,0,0
236724,0,0
236824,0,0
236924,0,0
237024,0,0
237124,0,0
237224,0,0
237324,0,0
237424,0,0
237524,0,0
237624,0,0
237724,0,0
237824,0,0
237924,0,0
238024,0,0
238124,0,0
238224,0,0
238324,0,0
238424,0,0
238524,0,0
238624,0,0
238724,0,0
238824,0,0
238924,0,0
239024,0,0
239124,0,0
239224,0,0
239324,0,0
239424,0,0
239524,0,0
239624,0,0
239724,0,0
239824,0,0
239924,0,0
240024,0,0
240124,0,0
240224,0,0
240324,0,0
240424,0,0
240524,0,0
240624,0,0
240724,0,0
240824,0,0
240924,0,0
241024,0,0
241124,0,0
241224,0,0
241324,0,0
241424,0,0
241524,0,0
241624,0,0
241724,0,0
241824,0,0
241924,0,0
242024,0,0
242124,0,0
242224,0,0
242324,0,0
242424,0,0
242524,0,0
242624,0,0
242729,0,0
242829,1,1
242929,1,1
243029,1,1
243129,1,1
243229,1,1
243329,1,1
243429,1,1
243529,1,1
243629,1,1
243729,1,1
243829,1,1
243929,1,1
244029,1,1
244129,1,1
244229,1,1
244329,1,1
244429,1,1
244529,1,1
244629,1,1
244729,1,1
244829,1,1
244929,1,1
245030,1,1
245130,1,1
245230,1,1
245330,1,1
245430,1,1
245530,1,1
245630,1,1
245730,1,1
245830,1,1
245930,1,1
246030,1,1
246130,1,1
246230,1,1
246330,1,1
246430,1,1
246530,1,1
246630,1,1
246747,1,1
246847,1,1
246947,1,1
247047,1,1
247147,1,1
247247,1,1
247347,1,1
247447,1,1
247548,1,1
247648,1,1
247748,1,1
247848,1,1
247948,1,1
248048,1,1
248148,1,1
248248,1,1
248348,1,1
248448,1,1
248548,1,1
248648,1,1
248748,1,1
248848,1,1
248948,1,1
249048,1,1
249148,1,1
249248,1,1
249348,1,1
249448,1,1
249548,1,1
249648,1,1
249748,1,1
249848,1,1
249948,1,1
250048,1,1
250148,1,1
250248,1,1
250348,1,1
250449,1,1
250549,1,1
250647,1,1
250754,1,1
250854,1,1
250954,1,1
251054,1,1
251154,1,1
251254,1,1
251354,1,1
251454,1,1
251554,1,1
251654,1,1
251754,1,1
251855,1,1
251955,1,1
252055,1,1
252155,1,1
252255,1,1
252355,1,1
252455,1,1
252555,1,1
252655,1,1
252755,1,1
252855,1,1
252955,1,1
253055,1,1
253155,1,1
253255,1,1
253355,1,1
253455,1,1
253555,1,1
253655,1,1
253755,1,1
253855,1,1
253955,1,1
254055,1,1
254155,1,1
254255,1,1
254355,1,1
254455,1,1
254555,1,1
254653,1,1
254754,1,1
254854,1,1
254954,1,1
255054,1,1
255154,1,1
255254,1,1
255354,1,1
255454,1,1
255554,1,1
255654,1,1
255754,1,1
255854,1,1
255954,1,1
256054,1,1
256154,1,1
256254,1,1
256354,1,1
256454,1,1
256554,1,1
256654,1,1
256754,1,1
256854,1,1
256954,1,1
257054,1,1
257154,1,1
257254,1,1
257354,1,1
257454,1,1
257554,1,1
257654,1,1
257754,1,1
257854,1,1
257954,1,1
258054,1,1
258154,1,1
258254,1,1
258354,1,1
258454,1,1
258554,1,1
258652,1,1
258760,1,1
258860,1,1
258960,1,1
259060,1,1
259160,1,1
259260,1,1
259360,1,1
259460,1,1
259560,1,1
259660,1,1
259760,1,1
259860,1,1
259960,1,1
260060,1,1
260160,1,1
260260,1,1
260360,1,1
260460,1,1
260560,1,1
260660,1,1
260760,1,1
260860,1,1
260960,1,1
261060,1,1
261160,1,1
261260,1,1
261360,1,1
261460,1,1
261560,1,1
261660,1,1
261760,1,1
261860,1,1
261960,1,1
262060,1,1
262160,1,1
262260,1,1
262360,1,1
262460,1,1
262560,1,1
262658,1,1
262759,1,1
262859,1,1
262959,1,1
263059,1,1
263159,1,1
263259,1,1
263359,1,1
263459,1,1
263559,1,1
263659,1,1
263759,1,1
263859,1,1
263959,1,1
264059,1,1
264159,1,1
264259,1,1
264359,1,1
264459,1,1
264559,1,1
264659,1,1
264759,1,1
264859,1,1
264959,1,1
265059,1,1
265159,1,1
265259,1,1
265359,1,1
265460,1,1
265560,1,1
265660,1,1
265760,1,1
265860,1,1
265960,1,1
266060,1,1
266160,1,1
266260,1,1
266360,1,1
266460,1,1
266560,1,1
266656,1,1
266756,1,1
266856,1,1
266956,1,1
267056,1,1
267156,1,1
267256,1,1
267356,1,1
267456,1,1
267556,1,1
267656,1,1
267756,1,1
267856,1,1
267956,1,1
268056,1,1
268156,1,1
268256,1,1
268357,1,1
268457,1,1
268557,1,1
268657,1,1
268757,1,1
268857,1,1
268957,1,1
269057,1,1
269157,1,1
269257,1,1
269357,1,1
269457,1,1
269557,1,1
269657,1,1
269757,1,1
269857,1,1
269957,1,1
270057,1,1
270157,1,1
270257,1,1
270357,1,1
270457,1,1
270557,1,1
270656,1,1
270757,1,1
270857,1,1
270957,1,1
271057,1,1
271157,1,1
271257,1,1
271357,1,1
271457,1,1
271557,1,1
271657,1,1
271757,1,1
271857,1,1
271957,1,1
272057,1,1
272157,1,1
272257,1,1
272357,1,1
272457,1,1
272557,1,1
272657,1,1
272757,1,1
272857,1,1
272957,1,1
273057,1,1
273157,1,1
273257,1,1
273357,1,1
273457,1,1
273557,1,1
273657,1,1
273757,1,1
273857,1,1
273957,1,1
274057,1,1
274157,1,1
274257,1,1
274357,1,1
274457,1,1
274557,1,1
274656,1,1
274773,1,1
274873,1,1
274973,1,1
275073,1,1
275173,1,1
275273,1,1
275373,1,1
275473,1,1
275573,1,1
275673,1,1
275773,1,1
275873,1,1
275973,1,1
276073,1,1
276173,1,1
276273,1,1
276373,1,1
276473,1,1
276573,1,1
276673,1,1
276773,1,1
276873,1,1
276974,1,1
277074,1,1
277174,1,1
277274,1,1
277374,1,1
277474,1,1
277574,1,1
277674,1,1
277774,1,1
277874,1,1
277974,1,1
278074,1,1
278174,1,1
278274,1,1
278374,1,1
278474,1,1
278574,1,1
278672,1,1
278776,1,1
278876,1,1
278977,1,1
279077,1,1
279177,1,1
279277,1,1
279377,1,1
279477,1,1
279577,1,1
279677,1,1
279777,1,1
279877,1,1
279977,1,1
280077,1,1
280177,1,1
280277,1,1
280377,1,1
280477,1,1
280577,1,1
280677,1,1
280777,1,1
280877,1,1
280977,1,1
281077,1,1
281177,1,1
281277,1,1
281377,1,1
281477,1,1
281577,1,1
281677,1,1
281777,1,1
281878,1,1
281978,1,1
282078,1,1
282178,1,1
282278,1,1
282378,1,1
282478,1,1
282578,1,1
282678,1,1
282778,1,1
282878,1,1
282978,1,1
283078,1,1
283178,1,1
283278,1,1
283378,1,1
283478,1,1
283578,1,1
283678,1,1
283778,1,1
283878,1,1
283978,1,1
284078,1,1
284178,1,1
284278,1,1
284378,1,1
284478,1,1
284578,1,1
284678,1,1
284778,1,1
284878,1,1
284978,1,1
285078,1,1
285178,1,1
285278,1,1
285378,1,1
285478,1,1
285578,1,1
285678,1,1
285778,1,1
285878,1,1
285978,1,1
286078,1,1
286178,1,1
286278,1,1
286378,1,1
286478,1,1
286578,1,1
286678,1,1
286816,0,0
286916,0,0
287016,0,0
287116,0,0
287216,0,0
287316,0,0
287416,0,0
287516,0,0
287616,0,0
287716,0,0
287816,0,0
287916,0,0
288016,0,0
288116,0,0
288216,0,0
288316,0,0
288416,0,0
288516,0,0
288616,0,0
288716,0,0
288816,0,0
288916,0,0
289016,0,0
289116,0,0
289217,0,0
289317,0,0
289417,0,0
289517,0,0
289617,0,0
289717,0,0
289817,0,0
289917,0,0
290017,0,0
290117,0,0
290217,0,0
290317,0,0
290417,0,0
290517,0,0
290617,0,0
290717,0,0
290817,0,0
290917,0,0
291017,0,0
291117,0,0
291217,0,0
291317,0,0
291417,0,0
291517,0,0
291617,0,0
291717,0,0
291817,0,0
291917,0,0
292017,0,0
292118,0,0
292218,0,0
292318,0,0
292418,0,0
292518,0,0
292618,0,0
292718,0,0
292818,0,0
292918,0,0
293018,0,0
293118,0,0
293218,0,0
293318,0,0
293418,0,0
293518,0,0
293618,0,0
293718,0,0
293818,0,0
293918,0,0
294018,0,0
294118,0,0
294218,0,0
294318,0,0
294418,0,0
294518,0,0
294618,0,0
294718,0,0
294818,0,0
294918,0,0
295018,0,0
295118,0,0
295218,0,0
295318,0,0
295418,0,0
295518,0,0
295618,0,0
295718,0,0
295818,0,0
295918,0,0
296018,0,0
296118,0,0
296218,0,0
296318,0,0
296418,0,0
296518,0,0
296618,0,0
296718,0,0
296818,0,0
296918,0,0
297018,0,0
297118,0,0
297218,0,0
297318,0,0
297418,0,0
297518,0,0
297618,0,0
297718,0,0
297818,0,0
297918,0,0
298018,0,0
298118,0,0
298218,0,0
298318,0,0
298418,0,0
298518,0,0
298618,0,0
298718,0,0
298818,0,0
298918,0,0
299018,0,0
299118,0,0
299218,0,0
299318,0,0
299406,0,0
299506,0,0
299633,0,0
299733,1,1
299833,1,1
299933,1,1
300033,1,1
300133,1,1
300233,1,1
300333,1,1
300433,1,1
300533,1,1
300633,1,1
300733,1,1
300833,1,1
300933,1,1
301033,1,1
301133,1,1
301233,1,1
301333,1,1
301433,1,1
301533,1,1
301633,1,1
301733,1,1
301834,1,1
301934,1,1
302034,1,1
302134,1,1
302234,1,1
302334,1,1
302434,1,1
302534,1,1
302634,1,1
302734,1,1
302834,1,1
302934,1,1
303034,1,1
303134,1,1
303234,1,1
303334,1,1
303429,1,1
303529,1,1
303629,1,1
303729,1,1
303829,1,1
303929,1,1
304029,1,1
304129,1,1
304229,1,1
304329,1,1
304429,1,1
304529,1,1
304629,1,1
304729,1,1
304829,1,1
304929,1,1
305029,1,1
305129,1,1
305229,1,1
305329,1,1
305429,1,1
305529,1,1
305629,1,1
305729,1,1
305829,1,1
305929,1,1
306029,1,1
306129,1,1
306229,1,1
306329,1,1
306429,1,1
306529,1,1
306629,1,1
306729,1,1
306829,1,1
306929,1,1
307029,1,1
307129,1,1
307229,1,1
307329,1,1
307428,1,1
307528,1,1
307628,1,1
307728,1,1
307828,1,1
307928,1,1
308028,1,1
308128,1,1
308228,1,1
308328,1,1
308428,1,1
308528,1,1
308628,1,1
308728,1,1
308828,1,1
308928,1,1
309028,1,1
309128,1,1
309228,1,1
309328,1,1
309428,1,1
309528,1,1
309628,1,1
309728,1,1
309828,1,1
309928,1,1
310028,1,1
310128,1,1
310228,1,1
310328,1,1
310428,1,1
310528,1,1
310628,1,1
310728,1,1
310828,1,1
310928,1,1
311028,1,1
311128,1,1
311228,1,1
311328,1,1
311427,1,1
311527,1,1
311627,1,1
311727,1,1
311827,1,1
311927,1,1
312027,1,1
312127,1,1
312227,1,1
312327,1,1
312427,1,1
312527,1,1
312627,1,1
312727,1,1
312827,1,1
312927,1,1
313027,1,1
313127,1,1
313227,1,1
313327,1,1
313427,1,1
313527,1,1
313627,1,1
313727,1,1
313827,1,1
313927,1,1
314027,1,1
314127,1,1
314227,1,1
314327,1,1
314427,1,1
314527,1,1
314627,1,1
314727,1,1
314827,1,1
314927,1,1
315027,1,1
315127,1,1
315227,1,1
315327,1,1
315426,1,1
315526,1,1
315626,1,1
315726,1,1
315826,1,1
315926,1,1
316026,1,1
316126,1,1
316226,1,1
316326,1,1
316426,1,1
316526,1,1
316626,1,1
316726,1,1
316826,1,1
316926,1,1
317026,1,1
317126,1,1
317226,1,1
317326,1,1
317426,1,1
317526,1,1
317626,1,1
317726,1,1
317826,1,1
317926,1,1
318026,1,1
318126,1,1
318226,1,1
318326,1,1
318426,1,1
318526,1,1
318626,1,1
318726,1,1
318826,1,1
318926,1,1
319026,1,1
319126,1,1
319226,1,1
319326,1,1
319423,1,1
319523,1,1
319632,1,1
319732,1,1
319832,1,1
319932,1,1
320032,1,1
320132,1,1
320232,1,1
320332,1,1
320432,1,1
320532,1,1
320632,1,1
320732,1,1
320832,1,1
320932,1,1
321032,1,1
321132,1,1
321232,1,1
321332,1,1
321432,1,1
321532,1,1
321632,1,1
321732,1,1
321832,1,1
321932,1,1
322032,1,1
322133,1,1
322233,1,1
322333,1,1
322433,1,1
322533,1,1
322633,1,1
322733,1,1
322833,1,1
322933,1,1
323033,1,1
323133,1,1
323233,1,1
323333,1,1
323431,1,1
323531,1,1
323631,1,1
323731,1,1
323831,1,1
323931,1,1
324031,1,1
324131,1,1
324231,1,1
324331,1,1
324431,1,1
324531,1,1
324631,1,1
324731,1,1
324831,1,1
324931,1,1
325032,1,1
325132,1,1
325232,1,1
325332,1,1
325432,1,1
325532,1,1
325632,1,1
325732,1,1
325832,1,1
325932,1,1
326032,1,1
326132,1,1
326232,1,1
326332,1,1
326432,1,1
326532,1,1
326632,1,1
326732,1,1
326832,1,1
326932,1,1
327032,1,1
327132,1,1
327232,1,1
327332,1,1
327430,1,1
327530,1,1
327630,1,1
327730,1,1
327830,1,1
327931,1,1
328031,1,1
328131,1,1
328231,1,1
328331,1,1
328431,1,1
328531,1,1
328631,1,1
328731,1,1
328831,1,1
328931,1,1
329031,1,1
329131,1,1
329231,1,1
329331,1,1
329431,1,1
329531,1,1
329631,1,1
329731,1,1
329831,1,1
329931,1,1
330031,1,1
330131,1,1
330231,1,1
330331,1,1
330431,1,1
330531,1,1
330631,1,1
330731,1,1
330831,1,1
330931,1,1
331031,1,1
331131,1,1
331231,1,1
331331,1,1
331431,1,1
331529,1,1
331635,1,1
331735,1,1
331835,1,1
331935,1,1
332035,1,1
332135,1,1
332235,1,1
332335,1,1
332435,1,1
332535,1,1
332635,1,1
332735,1,1
332836,1,1
332936,1,1
333036,1,1
333136,1,1
333236,1,1
333336,1,1
333436,1,1
333536,1,1
333636,1,1
333736,1,1
333836,1,1
333936,1,1
334036,1,1
334136,1,1
334236,1,1
334336,1,1
334436,1,1
334536,1,1
334636,1,1
334736,1,1
334836,1,1
334936,1,1
335036,1,1
335136,1,1
335236,1,1
335336,1,1
335436,1,1
335520,1,1
335633,1,1
335733,1,1
335833,1,1
335933,1,1
336033,1,1
336133,1,1
336233,1,1
336333,1,1
336433,1,1
336533,1,1
336633,1,1
336733,1,1
336833,1,1
336933,1,1
337033,1,1
337133,1,1
337233,1,1
337333,1,1
337433,1,1
337533,1,1
337633,1,1
337733,1,1
337833,1,1
337933,1,1
338033,1,1
338133,1,1
338233,1,1
338333,1,1
338433,1,1
338533,1,1
338633,1,1
338733,1,1
338833,1,1
338933,1,1
339033,1,1
339133,1,1
339233,1,1
339333,1,1
339433,1,1
339532,1,1
339636,1,1
339736,1,1
339836,1,1
339936,1,1
340036,1,1
340136,1,1
340236,1,1
340336,1,1
340436,1,1
340536,1,1
340636,1,1
340736,1,1
340836,1,1
340936,1,1
341036,1,1
341136,1,1
341236,1,1
341336,1,1
341436,1,1
341536,1,1
341636,1,1
341736,1,1
341836,1,1
341936,1,1
342036,1,1
342136,1,1
342236,1,1
342336,1,1
342436,1,1
342536,1,1
342636,1,1
342736,1,1
342836,1,1
342936,1,1
343036,1,1
343136,1,1
343236,1,1
343336,1,1
343436,1,1
343536,1,1
343636,1,1
343736,1,1
343836,1,1
343936,1,1
344036,1,1
344136,1,1
344236,1,1
344336,1,1
344436,1,1
344536,1,1
344636,1,1
344736,1,1
344836,1,1
344936,1,1
345036,1,1
345136,1,1
345236,1,1
345336,1,1
345436,1,1
345536,1,1
345636,1,1
345736,1,1
345836,1,1
345936,1,1
346036,1,1
346136,1,1
346236,1,1
346336,1,1
346436,1,1
346536,1,1
346636,1,1
346736,1,1
346836,1,1
346936,1,1
347036,1,1
347136,1,1
347236,1,1
347336,1,1
347436,1,1
347536,1,1
347636,1,1
347736,0,0
347836,0,0
347936,0,0
348036,0,0
348136,0,0
348236,0,0
348336,0,0
348436,0,0
348536,0,0
348636,0,0
348736,0,0
348836,0,0
348936,0,0
349036,0,0
349136,0,0
349236,0,0
349336,0,0
349436,0,0
349536,0,0
349636,0,0
349736,0,0
349836,0,0
349936,0,0
350036,0,0
350136,0,0
350236,0,0
350336,0,0
350436,0,0
350536,0,0
350636,0,0
350736,0,0
350836,0,0
350936,0,0
351036,0,0
351136,0,0
351236,0,0
351336,0,0
351436,0,0
351536,0,0
351636,0,0
351736,0,0
351836,0,0
351936,0,0
352036,0,0
352136,0,0
352236,0,0
352336,0,0
352436,0,0
352536,0,0
352636,0,0
352736,0,0
352836,0,0
352936,0,0
353036,0,0
353136,0,0
353236,0,0
353336,0,0
353436,0,0
353536,0,0
353636,0,0
353736,0,0
353836,0,0
353936,0,0
354036,0,0
354136,0,0
354236,0,0
354336,0,0
354436,0,0
354536,0,0
354636,0,0
354736,0,0
354836,0,0
354936,0,0
355036,0,0
355136,0,0
355236,0,0
355336,0,0
355436,0,0
355532,0,0
355645,0,0
355745,0,0
355845,0,0
355945,0,0
356045,0,0
356145,0,0
356245,0,0
356345,0,0
356445,0,0
356545,0,0
356645,0,0
356745,0,0
356845,0,0
356945,0,0
357045,0,0
357145,0,0
357245,0,0
357345,0,0
357445,0,0
357545,0,0
357645,0,0
357745,0,0
357845,0,0
357946,0,0
358046,0,0
358146,0,0
358246,0,0
358346,0,0
358446,0,0
358546,0,0
358646,0,0
358746,0,0
358846,0,0
358946,0,0
359046,0,0
359146,0,0
359246,0,0
359346,0,0
359451,0,0
359551,0,0
359684,0,0
359785,1,1
359885,1,1
359985,1,1
360085,1,1
360185,1,1
360285,1,1
360385,1,1
360485,1,1
360585,1,1
360685,1,1
360785,1,1
360885,1,1
360985,1,1
361085,1,1
361185,1,1
361285,1,1
361385,1,1
361485,1,1
361585,1,1
361685,1,1
361785,1,1
361885,1,1
361985,1,1
362085,1,1
362185,1,1
362285,1,1
362385,1,1
362485,1,1
362585,1,1
362685,1,1
362785,1,1
362885,1,1
362985,1,1
363085,1,1
363185,1,1
363285,1,1
363385,1,1
363484,1,1
363584,1,1
363684,1,1
363784,1,1
363884,1,1
363984,1,1
364084,1,1
364184,1,1
364284,1,1
364384,1,1
364484,1,1
364584,1,1
364684,1,1
364784,1,1
364884,1,1
364984,1,1
365084,1,1
365184,1,1
365284,1,1
365384,1,1
365484,1,1
365584,1,1
365684,1,1
365784,1,1
365884,1,1
365984,1,1
366084,1,1
366184,1,1
366284,1,1
366384,1,1
366484,1,1
366584,1,1
366684,1,1
366784,1,1
366884,1,1
366984,1,1
367084,1,1
367184,1,1
367284,1,1
367384,1,1
367482,1,1
367582,1,1
367682,1,1
367782,1,1
367882,1,1
367982,1,1
368082,1,1
368182,1,1
368282,1,1
368382,1,1
368482,1,1
368582,1,1
368682,1,1
368782,1,1
368882,1,1
368982,1,1
369082,1,1
369182,1,1
369282,1,1
369382,1,1
369482,1,1
369582,1,1
369682,1,1
369782,1,1
369882,1,1
369982,1,1
370082,1,1
370182,1,1
370282,1,1
370382,1,1
370482,1,1
370582,1,1
370682,1,1
370782,1,1
370882,1,1
370982,1,1
371082,1,1
371182,1,1
371282,1,1
371382,1,1
371479,1,1
371579,1,1
371679,1,1
371779,1,1
371879,1,1
371979,1,1
372079,1,1
372179,1,1
372279,1,1
372379,1,1
372479,1,1
372579,1,1
372679,1,1
372779,1,1
372879,1,1
372979,1,1
373079,1,1
373179,1,1
373279,1,1
373379,1,1
373479,1,1
373579,1,1
373679,1,1
373779,1,1
373879,1,1
373979,1,1
374079,1,1
374179,1,1
374279,1,1
374379,1,1
374479,1,1
374579,1,1
374679,1,1
374779,1,1
374879,1,1
374979,1,1
375079,1,1
375179,1,1
375279,1,1
375379,1,1
375477,1,1
375577,1,1
375677,1,1
375777,1,1
375880,1,1
375980,1,1
376080,1,1
376180,1,1
376280,1,1
376380,1,1
376480,1,1
376580,1,1
376680,1,1
376780,1,1
376880,1,1
376980,1,1
377080,1,1
377180,1,1
377280,1,1
377380,1,1
377480,1,1
377580,1,1
377680,1,1
377780,1,1
377880,1,1
377980,1,1
378081,1,1
378181,1,1
378281,1,1
378381,1,1
378481,1,1
378581,1,1
378681,1,1
378781,1,1
378881,1,1
378981,1,1
379081,1,1
379181,1,1
379281,1,1
379381,1,1
379479,1,1
379579,1,1
379679,1,1
379779,1,1
379879,1,1
379979,1,1
380079,1,1
380179,1,1
380279,1,1
380379,1,1
380479,1,1
380579,1,1
380679,1,1
380779,1,1
380879,1,1
380979,1,1
381079,1,1
381179,1,1
381279,1,1
381379,1,1
381479,1,1
381579,1,1
381679,1,1
381779,1,1
381879,1,1
381979,1,1
382079,1,1
382179,1,1
382279,1,1
382379,1,1
382479,1,1
382579,1,1
382679,1,1
382779,1,1
382879,1,1
382979,1,1
383079,1,1
383179,1,1
383279,1,1
383379,1,1
383478,1,1
383578,1,1
383678,1,1
383778,1,1
383878,1,1
383978,1,1
384078,1,1
384178,1,1
384278,1,1
384378,1,1
384478,1,1
384578,1,1
384678,1,1
384778,1,1
384878,1,1
384978,1,1
385078,1,1
385178,1,1
385278,1,1
385378,1,1
385478,1,1
385578,1,1
385678,1,1
385778,1,1
385878,1,1
385978,1,1
386078,1,1
386178,1,1
386278,1,1
386378,1,1
386478,1,1
386578,1,1
386678,1,1
386778,1,1
386878,1,1
386978,1,1
387078,1,1
387178,1,1
387278,1,1
387378,1,1
387475,1,1
387575,1,1
387675,1,1
387775,1,1
387892,1,1
387992,1,1
388092,1,1
388192,1,1
388292,1,1
388392,1,1
388492,1,1
388592,1,1
388692,1,1
388792,1,1
388892,1,1
388992,1,1
389092,1,1
389192,1,1
389292,1,1
389392,1,1
389492,1,1
389592,1,1
389692,1,1
389792,1,1
389892,1,1
389992,1,1
390092,1,1
390193,1,1
390293,1,1
390393,1,1
390493,1,1
390593,1,1
390693,1,1
390793,1,1
390893,1,1
390993,1,1
391093,1,1
391193,1,1
391293,1,1
391393,1,1
391491,1,1
391591,1,1
391691,1,1
391791,1,1
391891,1,1
391991,1,1
392091,1,1
392191,1,1
392291,1,1
392391,1,1
392491,1,1
392591,1,1
392691,1,1
392791,1,1
392891,1,1
392991,1,1
393092,1,1
393192,1,1
393292,1,1
393392,1,1
393492,1,1
393592,1,1
393692,1,1
393792,1,1
393892,1,1
393992,1,1
394092,1,1
394192,1,1
394292,1,1
394392,1,1
394492,1,1
394592,1,1
394692,1,1
394792,1,1
394892,1,1
394992,1,1
395092,1,1
395192,1,1
395292,1,1
395392,1,1
395490,1,1
395590,1,1
395690,1,1
395790,1,1
395890,1,1
395991,1,1
396091,1,1
396191,1,1
396291,1,1
396391,1,1
396491,1,1
396591,1,1
396691,1,1
396791,1,1
396891,1,1
396991,1,1
397091,1,1
397191,1,1
397291,1,1
397391,1,1
397491,1,1
397591,1,1
397691,1,1
397791,1,1
397891,1,1
397991,1,1
398091,1,1
398191,1,1
398291,1,1
398391,1,1
398491,1,1
398591,1,1
398691,1,1
398791,1,1
398891,1,1
398991,1,1
399091,1,1
399191,1,1
399291,1,1
399391,1,1
399491,1,1
399591,1,1
399691,1,1
399791,1,1
399891,1,1
399991,1,1
400091,1,1
400191,1,1
400291,1,1
400391,1,1
400491,1,1
400591,1,1
400691,1,1
400791,1,1
400891,1,1
400991,1,1
401091,1,1
401191,1,1
401291,1,1
401391,1,1
401491,1,1
401591,1,1
401691,1,1
401791,1,1
401891,1,1
401991,1,1
402091,1,1
402191,1,1
402291,1,1
402391,1,1
402491,1,1
402591,1,1
402691,1,1
402791,1,1
402891,1,1
402991,1,1
403091,1,1
403191,1,1
403291,1,1
403391,1,1
403491,1,1
403591,1,1
403691,1,1
403791,1,1
403891,1,1
404017,0,0
404117,0,0
404217,0,0
404317,0,0
404417,0,0
404517,0,0
404617,0,0
404717,0,0
404817,0,0
404917,0,0
405017,0,0
405117,0,0
405217,0,0
405317,0,0
405417,0,0
405517,0,0
405617,0,0
405717,0,0
405817,0,0
405917,0,0
406018,0,0
406118,0,0
406218,0,0
406318,0,0
406418,0,0
406518,0,0
406618,0,0
406718,0,0
406818,0,0
406918,0,0
407018,0,0
407118,0,0
407218,0,0
407318,0,0
407418,0,0
407518,0,0
407618,0,0
407718,0,0
407818,0,0
407918,0,0
408018,0,0
408118,0,0
408218,0,0
408318,0,0
408418,0,0
408518,0,0
408618,0,0
408718,0,0
408818,0,0
408919,0,0
409019,0,0
409119,0,0
409219,0,0
409319,0,0
409419,0,0
409519,0,0
409619,0,0
409719,0,0
409819,0,0
409919,0,0
410019,0,0
410119,0,0
410219,0,0
410319,0,0
410419,0,0
410519,0,0
410619,0,0
410719,0,0
410819,0,0
410919,0,0
411019,0,0
411119,0,0
411219,0,0
411319,0,0
411419,0,0
411519,0,0
411619,0,0
411719,0,0
411819,0,0
411919,0,0
412019,0,0
412119,0,0
412219,0,0
412319,0,0
412419,0,0
412519,0,0
412619,0,0
412719,0,0
412819,0,0
412919,0,0
413019,0,0
413119,0,0
413219,0,0
413319,0,0
413419,0,0
413519,0,0
413619,0,0
413719,0,0
413819,0,0
413919,0,0
414019,0,0
414119,0,0
414219,0,0
414319,0,0
414419,0,0
414519,0,0
414619,0,0
414719,0,0
414819,0,0
414919,0,0
415019,0,0
415119,0,0
415219,0,0
415319,0,0
415419,0,0
415519,0,0
415619,0,0
415719,0,0
415808,0,0
415908,0,0
416008,0,0
416108,1,1
416208,1,1
416308,1,1
416408,1,1
416508,1,1
416608,1,1
416708,1,1
416808,1,1
416908,1,1
417008,1,1
417108,1,1
417208,1,1
417308,1,1
417408,1,1
417508,1,1
417608,1,1
417708,1,1
417808,1,1
417908,1,1
418008,1,1
418108,1,1
418208,1,1
418308,1,1
418408,1,1
418508,1,1
418608,1,1
418708,1,1
418808,1,1
418908,1,1
419008,1,1
419108,1,1
419208,1,1
419308,1,1
419408,1,1
419508,1,1
419608,1,1
419708,1,1
419806,1,1
419906,1,1
420006,1,1
420106,1,1
420206,1,1
420306,1,1
420406,1,1
420506,1,1
420606,1,1
420706,1,1
420806,1,1
420906,1,1
421006,1,1
421106,1,1
421206,1,1
421306,1,1
421406,1,1
421506,1,1
421606,1,1
421706,1,1
421806,1,1
421906,1,1
422006,1,1
422106,1,1
422206,1,1
422306,1,1
422406,1,1
422506,1,1
422606,1,1
422706,1,1
422806,1,1
422906,1,1
423006,1,1
423106,1,1
423206,1,1
423306,1,1
423406,1,1
423506,1,1
423606,1,1
423706,1,1
423806,1,1
423891,1,1
423991,1,1
424091,1,1
424191,1,1
424291,1,1
424391,1,1
424491,1,1
424591,1,1
424691,1,1
424791,1,1
424891,1,1
424991,1,1
425091,1,1
425191,1,1
425291,1,1
425391,1,1
425491,1,1
425591,1,1
425691,1,1
425791,1,1
425891,1,1
425991,1,1
426091,1,1
426191,1,1
426291,1,1
426391,1,1
426491,1,1
426591,1,1
426691,1,1
426791,1,1
426891,1,1
426991,1,1
427091,1,1
427191,1,1
427291,1,1
427391,1,1
427491,1,1
427591,1,1
427691,1,1
427791,1,1
427890,1,1
427990,1,1
428090,1,1
428190,1,1
428290,1,1
428390,1,1
428490,1,1
428590,1,1
428690,1,1
428790,1,1
428890,1,1
428990,1,1
429090,1,1
429190,1,1
429290,1,1
429390,1,1
429490,1,1
429590,1,1
429690,1,1
429790,1,1
429890,1,1
429990,1,1
430090,1,1
430190,1,1
430290,1,1
430390,1,1
430490,1,1
430590,1,1
430690,1,1
430790,1,1
430890,1,1
430990,1,1
431090,1,1
431190,1,1
431290,1,1
431390,1,1
431490,1,1
431590,1,1
431690,1,1
431790,1,1
431890,1,1
431990,1,1
432090,1,1
432190,1,1
432290,1,1
432390,1,1
432490,1,1
432590,1,1
432690,1,1
432790,1,1
432890,1,1
432990,1,1
433090,1,1
433190,1,1
433290,1,1
433390,1,1
433490,1,1
433590,1,1
433690,1,1
433790,1,1
433890,1,1
433990,1,1
434090,1,1
434190,1,1
434290,1,1
434390,1,1
434490,1,1
434590,1,1
434690,1,1
434790,1,1
434890,1,1
434990,1,1
435090,1,1
435190,1,1
435290,1,1
435390,1,1
435490,1,1
435590,1,1
435690,1,1
435790,1,1
435892,1,1
435992,1,1
436092,1,1
436192,1,1
436292,1,1
436392,1,1
436492,1,1
436592,1,1
436692,1,1
436792,1,1
436892,1,1
436992,1,1
437092,1,1
437192,1,1
437292,1,1
437392,1,1
437492,1,1
437592,1,1
437692,1,1
437792,1,1
437892,1,1
437992,1,1
438092,1,1
438192,1,1
438292,1,1
438392,1,1
438492,1,1
438592,1,1
438692,1,1
438792,1,1
438892,1,1
438992,1,1
439092,1,1
439192,1,1
439292,1,1
439392,1,1
439492,1,1
439592,1,1
439692,1,1
439792,1,1
439895,1,1
439995,1,1
440095,1,1
440195,1,1
440295,1,1
440395,1,1
440495,1,1
440595,1,1
440695,1,1
440795,1,1
440895,1,1
440995,1,1
441095,1,1
441195,1,1
441295,1,1
441395,1,1
441495,1,1
441595,1,1
441695,1,1
441795,1,1
441895,1,1
441995,1,1
442095,1,1
442195,1,1
442295,1,1
442395,1,1
442495,1,1
442595,1,1
442695,1,1
442795,1,1
442895,1,1
442995,1,1
443095,1,1
443195,1,1
443295,1,1
443395,1,1
443495,1,1
443595,1,1
443695,1,1
443795,1,1
443895,1,1
443987,1,1
444087,1,1
444187,1,1
444287,1,1
444387,1,1
444487,1,1
444587,1,1
444687,1,1
444787,1,1
444887,1,1
444987,1,1
445087,1,1
445187,1,1
445287,1,1
445387,1,1
445487,1,1
445587,1,1
445687,1,1
445787,1,1
445887,1,1
445987,1,1
446087,1,1
446187,1,1
446287,1,1
446387,1,1
446487,1,1
446587,1,1
446687,1,1
446787,1,1
446887,1,1
446987,1,1
447087,1,1
447187,1,1
447287,1,1
447387,1,1
447487,1,1
447587,1,1
447687,1,1
447787,1,1
447887,1,1
447987,1,1
448090,1,1
448190,1,1
448290,1,1
448390,1,1
448490,1,1
448590,1,1
448690,1,1
448790,1,1
448890,1,1
448990,1,1
449090,1,1
449190,1,1
449290,1,1
449390,1,1
449490,1,1
449591,1,1
449691,1,1
449791,1,1
449891,1,1
449991,1,1
450091,1,1
450191,1,1
450291,1,1
450391,1,1
450491,1,1
450591,1,1
450691,1,1
450791,1,1
450891,1,1
450991,1,1
451091,1,1
451191,1,1
451291,1,1
451391,1,1
451491,1,1
451591,1,1
451691,1,1
451791,1,1
451891,1,1
451986,1,1
452096,1,1
452196,1,1
452296,1,1
452396,1,1
452496,1,1
452596,1,1
452696,1,1
452796,1,1
452896,1,1
452996,1,1
453096,1,1
453196,1,1
453296,1,1
453396,1,1
453496,1,1
453597,1,1
453697,1,1
453797,1,1
453897,1,1
453997,1,1
454097,1,1
454197,1,1
454297,1,1
454397,1,1
454497,1,1
454597,1,1
454697,1,1
454797,1,1
454897,1,1
454997,1,1
455097,1,1
455197,1,1
455297,1,1
455397,1,1
455497,1,1
455597,1,1
455697,1,1
455797,1,1
455902,1,1
456002,1,1
456102,1,1
456202,1,1
456302,1,1
456402,1,1
456503,1,1
456603,1,1
456703,1,1
456803,1,1
456903,1,1
457003,1,1
457103,1,1
457203,1,1
457303,1,1
457403,1,1
457503,1,1
457603,1,1
457703,1,1
457803,1,1
457903,1,1
458003,1,1
458103,1,1
458203,1,1
458303,1,1
458403,1,1
458503,1,1
458603,1,1
458703,1,1
458803,1,1
458903,1,1
459003,1,1
459103,1,1
459203,1,1
459303,1,1
459403,1,1
459503,1,1
459603,1,1
459703,1,1
459803,1,1
459903,1,1
460003,1,1
460103,1,1
460203,1,1
460303,1,1
460403,1,1
460503,1,1
460603,1,1
460703,1,1
460803,1,1
460903,1,1
461003,1,1
461103,1,1
461203,1,1
461303,1,1
461403,1,1
461503,1,1
461603,1,1
461703,1,1
461803,1,1
461903,1,1
462003,1,1
462103,1,1
462203,1,1
462303,1,1
462403,1,1
462503,1,1
462603,1,1
462703,1,1
462803,1,1
462903,1,1
463003,1,1
463103,1,1
463203,1,1
463303,1,1
463403,1,1
463503,1,1
463603,1,1
463703,1,1
463803,1,1
463903,1,1
464003,1,1
464125,0,0
464226,0,0
464326,0,0
464426,0,0
464526,0,0
464626,0,0
464726,0,0
464826,0,0
464926,0,0
465026,0,0
465126,0,0
465226,0,0
465326,0,0
465426,0,0
465526,0,0
465626,0,0
465726,0,0
465826,0,0
465926,0,0
466026,0,0
466126,0,0
466226,0,0
466326,0,0
466426,0,0
466526,0,0
466626,0,0
466726,0,0
466826,0,0
466926,0,0
467026,0,0
467127,0,0
467227,0,0
467327,0,0
467427,0,0
467527,0,0
467627,0,0
467727,0,0
467827,0,0
467927,0,0
468027,0,0
468127,0,0
468227,0,0
468327,0,0
468427,0,0
468527,0,0
468627,0,0
468727,0,0
468827,0,0
468927,0,0
469027,0,0
469127,0,0
469227,0,0
469327,0,0
469427,0,0
469527,0,0
469627,0,0
469727,0,0
469827,0,0
469927,0,0
470027,0,0
470127,0,0
470227,0,0
470327,0,0
470427,0,0
470527,0,0
470627,0,0
470727,0,0
470827,0,0
470927,0,0
471027,0,0
471127,0,0
471227,0,0
471327,0,0
471427,0,0
471527,0,0
471627,0,0
471727,0,0
471827,0,0
471918,0,0
472018,0,0
472118,1,1
472218,1,1
472318,1,1
472418,1,1
472518,1,1
472618,1,1
472718,1,1
472818,1,1
472918,1,1
473018,1,1
473118,1,1
473218,1,1
473318,1,1
473418,1,1
473518,1,1
473618,1,1
473718,1,1
473818,1,1
473918,1,1
474018,1,1
474118,1,1
474218,1,1
474318,1,1
474418,1,1
474518,1,1
474618,1,1
474718,1,1
474818,1,1
474918,1,1
475018,1,1
475118,1,1
475218,1,1
475318,1,1
475418,1,1
475518,1,1
475618,1,1
475718,1,1
475818,1,1
475915,1,1
476015,1,1
476115,1,1
476215,1,1
476315,1,1
476415,1,1
476515,1,1
476615,1,1
476715,1,1
476815,1,1
476915,1,1
477015,1,1
477115,1,1
477215,1,1
477315,1,1
477415,1,1
477515,1,1
477615,1,1
477715,1,1
477815,1,1
477915,1,1
478015,1,1
478115,1,1
478215,1,1
478315,1,1
478415,1,1
478515,1,1
478615,1,1
478715,1,1
478815,1,1
478915,1,1
479015,1,1
479115,1,1
479215,1,1
479315,1,1
479415,1,1
479515,1,1
479615,1,1
479715,1,1
479815,1,1
479915,1,1
480001,1,1
480101,1,1
480201,1,1
480301,1,1
480401,1,1
480501,1,1
480601,1,1
480701,1,1
480801,1,1
480901,1,1
481001,1,1
481101,1,1
481201,1,1
481301,1,1
481401,1,1
481501,1,1
481601,1,1
481701,1,1
481801,1,1
481901,1,1
482001,1,1
482101,1,1
482201,1,1
482301,1,1
482401,1,1
482501,1,1
482601,1,1
482701,1,1
482801,1,1
482901,1,1
483001,1,1
483101,1,1
483201,1,1
483301,1,1
483401,1,1
483501,1,1
483601,1,1
483701,1,1
483801,1,1
483901,1,1
484000,1,1
484100,1,1
484200,1,1
484300,1,1
484400,1,1
484500,1,1
484600,1,1
484700,1,1
484800,1,1
484900,1,1
485000,1,1
485100,1,1
485200,1,1
485300,1,1
485400,1,1
485500,1,1
485600,1,1
485700,1,1
485800,1,1
485900,1,1
486000,1,1
486100,1,1
486200,1,1
486300,1,1
486400,1,1
486500,1,1
486600,1,1
486700,1,1
486800,1,1
486900,1,1
487000,1,1
487100,1,1
487200,1,1
487300,1,1
487400,1,1
487500,1,1
487600,1,1
487700,1,1
487800,1,1
487900,1,1
488002,1,1
488102,1,1
488202,1,1
488302,1,1
488402,1,1
488502,1,1
488602,1,1
488702,1,1
488802,1,1
488902,1,1
489002,1,1
489102,1,1
489202,1,1
489302,1,1
489402,1,1
489502,1,1
489602,1,1
489702,1,1
489802,1,1
489902,1,1
490002,1,1
490102,1,1
490202,1,1
490302,1,1
490402,1,1
490502,1,1
490602,1,1
490702,1,1
490802,1,1
490902,1,1
491002,1,1
491102,1,1
491202,1,1
491302,1,1
491402,1,1
491502,1,1
491602,1,1
491702,1,1
491802,1,1
491902,1,1
492006,1,1
492106,1,1
492206,1,1
492306,1,1
492406,1,1
492506,1,1
492606,1,1
492706,1,1
492806,1,1
492906,1,1
493006,1,1
493106,1,1
493206,1,1
493306,1,1
493406,1,1
493506,1,1
493606,1,1
493706,1,1
493806,1,1
493906,1,1
494006,1,1
494106,1,1
494206,1,1
494306,1,1
494406,1,1
494506,1,1
494606,1,1
494706,1,1
494806,1,1
494906,1,1
495006,1,1
495106,1,1
495206,1,1
495306,1,1
495406,1,1
495506,1,1
495606,1,1
495706,1,1
495806,1,1
495906,1,1
496006,1,1
496106,1,1
496206,1,1
496306,1,1
496406,1,1
496506,1,1
496606,1,1
496706,1,1
496806,1,1
496906,1,1
497006,1,1
497106,1,1
497206,1,1
497306,1,1
497406,1,1
497506,1,1
497606,1,1
497706,1,1
497806,1,1
497906,1,1
498006,1,1
498106,1,1
498206,1,1
498306,1,1
498406,1,1
498506,1,1
498606,1,1
498706,1,1
498806,1,1
498906,1,1
499006,1,1
499106,1,1
499206,1,1
499306,1,1
499406,1,1
499506,1,1
499606,1,1
499706,1,1
499806,1,1
499906,1,1
500003,1,1
500112,1,1
500213,1,1
500313,1,1
500413,1,1
500513,1,1
500613,1,1
500713,1,1
500813,1,1
500913,1,1
501013,1,1
501113,1,1
501213,1,1
501313,1,1
501413,1,1
501513,1,1
501613,1,1
501713,1,1
501813,1,1
501913,1,1
502013,1,1
502113,1,1
502213,1,1
502313,1,1
502413,1,1
502513,1,1
502613,1,1
502713,1,1
502813,1,1
502913,1,1
503013,1,1
503114,1,1
503214,1,1
503314,1,1
503414,1,1
503514,1,1
503614,1,1
503714,1,1
503814,1,1
503914,1,1
504012,1,1
504112,1,1
504212,1,1
504312,1,1
504412,1,1
504512,1,1
504612,1,1
504712,1,1
504812,1,1
504912,1,1
505012,1,1
505112,1,1
505212,1,1
505312,1,1
505412,1,1
505512,1,1
505612,1,1
505712,1,1
505812,1,1
505912,1,1
506013,1,1
506113,1,1
506213,1,1
506313,1,1
506413,1,1
506513,1,1
506613,1,1
506713,1,1
506813,1,1
506913,1,1
507013,1,1
507113,1,1
507213,1,1
507313,1,1
507413,1,1
507513,1,1
507613,1,1
507713,1,1
507813,1,1
507913,1,1
508012,1,1
508112,1,1
508212,1,1
508312,1,1
508412,1,1
508512,1,1
508612,1,1
508712,1,1
508812,1,1
508912,1,1
509012,1,1
509112,1,1
509212,1,1
509312,1,1
509412,1,1
509512,1,1
509612,1,1
509712,1,1
509812,1,1
509912,1,1
510012,1,1
510112,1,1
510212,1,1
510312,1,1
510412,1,1
510512,1,1
510612,1,1
510712,1,1
510812,1,1
510912,1,1
511012,1,1
511112,1,1
511212,1,1
511312,1,1
511412,1,1
511512,1,1
511612,1,1
511712,1,1
511812,1,1
511912,1,1
512008,1,1
512128,1,1
512228,1,1
512328,1,1
512428,1,1
512528,1,1
512628,1,1
512728,1,1
512828,1,1
512928,1,1
513028,1,1
513128,1,1
513228,1,1
513328,1,1
513428,1,1
513528,1,1
513628,1,1
513728,1,1
513828,1,1
513928,1,1
514028,1,1
514128,1,1
514228,1,1
514328,1,1
514428,1,1
514528,1,1
514628,1,1
514728,1,1
514828,1,1
514928,1,1
515028,1,1
515128,1,1
515228,1,1
515328,1,1
515428,1,1
515528,1,1
515628,1,1
515728,1,1
515828,1,1
515928,1,1
516028,1,1
516128,1,1
516228,1,1
516328,1,1
516428,1,1
516528,1,1
516628,1,1
516728,1,1
516828,1,1
516928,1,1
517028,1,1
517128,1,1
517228,1,1
517328,1,1
517428,1,1
517528,1,1
517628,1,1
517728,1,1
517828,1,1
517928,1,1
518028,1,1
518128,1,1
518228,1,1
518328,1,1
518428,1,1
518528,1,1
518628,1,1
518728,1,1
518828,1,1
518928,1,1
519028,1,1
519128,1,1
519228,1,1
519328,1,1
519428,1,1
519528,1,1
519628,1,1
519728,1,1
519828,1,1
519928,1,1
520028,1,1
520128,1,1
520228,0,0
520328,0,0
520428,0,0
520528,0,0
520628,0,0
520728,0,0
520828,0,0
520928,0,0
521028,0,0
521128,0,0
521228,0,0
521328,0,0
521428,0,0
521528,0,0
521628,0,0
521728,0,0
521828,0,0
521928,0,0
522028,0,0
522128,0,0
522228,0,0
522328,0,0
522428,0,0
522528,0,0
522628,0,0
522728,0,0
522828,0,0
522928,0,0
523028,0,0
523128,0,0
523228,0,0
523328,0,0
523428,0,0
523528,0,0
523628,0,0
523728,0,0
523828,0,0
523928,0,0
524028,0,0
524128,0,0
524228,0,0
524328,0,0
524428,0,0
524528,0,0
524628,0,0
524728,0,0
524828,0,0
524928,0,0
525028,0,0
525128,0,0
525228,0,0
525328,0,0
525428,0,0
525528,0,0
525628,0,0
525728,0,0
525828,0,0
525928,0,0
526028,0,0
526128,0,0
526228,0,0
526328,0,0
526428,0,0
526528,0,0
526628,0,0
526728,0,0
526828,0,0
526928,0,0
527028,0,0
527128,0,0
527228,0,0
527328,0,0
527428,0,0
527528,0,0
527628,0,0
527728,0,0
527828,0,0
527928,0,0
528028,0,0
528128,0,0
528228,0,0
528328,0,0
528428,0,0
528528,0,0
528628,0,0
528728,0,0
528828,0,0
528928,0,0
529028,0,0
529128,0,0
529228,0,0
529328,0,0
529428,0,0
529528,0,0
529628,0,0
529728,0,0
529828,0,0
529928,0,0
530028,0,0
530128,0,0
530228,0,0
530328,0,0
530428,0,0
530528,0,0
530628,0,0
530728,0,0
530828,0,0
530928,0,0
531028,0,0
531128,0,0
531228,0,0
531328,0,0
531428,0,0
531528,0,0
531628,0,0
531728,0,0
531828,0,0
531928,0,0
532028,0,0
532128,0,0
532228,0,0
532328,0,0
532428,0,0
532528,0,0
532628,0,0
532728,0,0
532828,0,0
532928,0,0
533028,0,0
533128,0,0
533269,0,0
533369,1,1
533469,1,1
533569,1,1
533669,1,1
533769,1,1
533869,1,1
533969,1,1
534069,1,1
534169,1,1
534269,1,1
534369,1,1
534469,1,1
534569,1,1
534670,1,1
534770,1,1
534870,1,1
534970,1,1
535070,1,1
535170,1,1
535270,1,1
535370,1,1
535470,1,1
535570,1,1
535670,1,1
535770,1,1
535870,1,1
535970,1,1
536070,1,1
536170,1,1
536270,1,1
536370,1,1
536470,1,1
536570,1,1
536670,1,1
536770,1,1
536870,1,1
536970,1,1
537070,1,1
537167,1,1
537267,1,1
537367,1,1
537467,1,1
537567,1,1
537667,1,1
537767,1,1
537867,1,1
537967,1,1
538067,1,1
538167,1,1
538267,1,1
538367,1,1
538467,1,1
538567,1,1
538667,1,1
538767,1,1
538867,1,1
538967,1,1
539067,1,1
539167,1,1
539267,1,1
539367,1,1
539467,1,1
539567,1,1
539667,1,1
539767,1,1
539867,1,1
539967,1,1
540067,1,1
540167,1,1
540267,1,1
540367,1,1
540467,1,1
540567,1,1
540667,1,1
540767,1,1
540867,1,1
540967,1,1
541067,1,1
541166,1,1
541266,1,1
541366,1,1
541466,1,1
541566,1,1
541666,1,1
541766,1,1
541866,1,1
541966,1,1
542066,1,1
542166,1,1
542266,1,1
542366,1,1
542466,1,1
542566,1,1
542666,1,1
542766,1,1
542866,1,1
542966,1,1
543066,1,1
543166,1,1
543266,1,1
543366,1,1
543466,1,1
543566,1,1
543666,1,1
543766,1,1
543866,1,1
543966,1,1
544066,1,1
544166,1,1
544266,1,1
544366,1,1
544466,1,1
544566,1,1
544666,1,1
544766,1,1
544866,1,1
544966,1,1
545066,1,1
545163,1,1
545263,1,1
545363,1,1
545463,1,1
545563,1,1
545663,1,1
545763,1,1
545863,1,1
545963,1,1
546063,1,1
546163,1,1
546263,1,1
546363,1,1
546463,1,1
546563,1,1
546663,1,1
546763,1,1
546863,1,1
546963,1,1
547063,1,1
547163,1,1
547263,1,1
547363,1,1
547463,1,1
547563,1,1
547663,1,1
547763,1,1
547863,1,1
547963,1,1
548063,1,1
548163,1,1
548263,1,1
548363,1,1
548463,1,1
548563,1,1
548663,1,1
548763,1,1
548863,1,1
548963,1,1
549063,1,1
549160,1,1
549260,1,1
549360,1,1
549464,1,1
549564,1,1
549664,1,1
549764,1,1
549864,1,1
549964,1,1
550064,1,1
550164,1,1
550264,1,1
550364,1,1
550464,1,1
550564,1,1
550664,1,1
550764,1,1
550864,1,1
550964,1,1
551064,1,1
551164,1,1
551264,1,1
551364,1,1
551464,1,1
551564,1,1
551664,1,1
551764,1,1
551864,1,1
551964,1,1
552064,1,1
552164,1,1
552264,1,1
552364,1,1
552464,1,1
552564,1,1
552664,1,1
552764,1,1
552864,1,1
552964,1,1
553064,1,1
553163,1,1
553263,1,1
553363,1,1
553475,1,1
553575,1,1
553675,1,1
553775,1,1
553875,1,1
553975,1,1
554075,1,1
554175,1,1
554275,1,1
554375,1,1
554475,1,1
554575,1,1
554675,1,1
554775,1,1
554875,1,1
554975,1,1
555075,1,1
555175,1,1
555275,1,1
555375,1,1
555475,1,1
555575,1,1
555675,1,1
555775,1,1
555875,1,1
555975,1,1
556075,1,1
556175,1,1
556275,1,1
556375,1,1
556475,1,1
556575,1,1
556675,1,1
556775,1,1
556875,1,1
556975,1,1
557075,1,1
557173,1,1
557273,1,1
557373,1,1
557474,1,1
557574,1,1
557674,1,1
557774,1,1
557874,1,1
557974,1,1
558074,1,1
558174,1,1
558274,1,1
558374,1,1
558474,1,1
558574,1,1
558674,1,1
558774,1,1
558874,1,1
558974,1,1
559074,1,1
559174,1,1
559274,1,1
559374,1,1
559474,1,1
559575,1,1
559675,1,1
559775,1,1
559875,1,1
559975,1,1
560075,1,1
560175,1,1
560275,1,1
560375,1,1
560475,1,1
560575,1,1
560675,1,1
560775,1,1
560875,1,1
560975,1,1
561075,1,1
561173,1,1
561273,1,1
561373,1,1
561477,1,1
561578,1,1
561678,1,1
561778,1,1
561878,1,1
561978,1,1
562078,1,1
562178,1,1
562278,1,1
562378,1,1
562478,1,1
562578,1,1
562678,1,1
562778,1,1
562878,1,1
562978,1,1
563078,1,1
563178,1,1
563278,1,1
563378,1,1
563478,1,1
563578,1,1
563678,1,1
563778,1,1
563878,1,1
563978,1,1
564078,1,1
564178,1,1
564278,1,1
564378,1,1
564479,1,1
564579,1,1
564679,1,1
564779,1,1
564879,1,1
564979,1,1
565079,1,1
565177,1,1
565277,1,1
565377,1,1
565484,1,1
565584,1,1
565684,1,1
565784,1,1
565885,1,1
565985,1,1
566085,1,1
566185,1,1
566285,1,1
566385,1,1
566485,1,1
566585,1,1
566685,1,1
566785,1,1
566885,1,1
566985,1,1
567085,1,1
567185,1,1
567285,1,1
567385,1,1
567485,1,1
567585,1,1
567685,1,1
567785,1,1
567885,1,1
567985,1,1
568085,1,1
568185,1,1
568285,1,1
568512,1,1
568612,1,1
568712,1,1
568812,1,1
568912,1,1
569012,1,1
569112,1,1
569211,1,1
569311,1,1
569411,1,1
569511,1,1
569611,1,1
569711,1,1
569811,1,1
569911,1,1
570011,1,1
570111,1,1
570211,1,1
570311,1,1
570411,1,1
570511,1,1
570611,1,1
570711,1,1
570811,1,1
570911,1,1
571011,1,1
571111,1,1
571211,1,1
571311,1,1
571411,1,1
571511,1,1
571611,1,1
571711,1,1
571811,1,1
571911,1,1
572011,1,1
572111,1,1
572211,1,1
572311,1,1
572411,1,1
572511,1,1
572611,1,1
572711,1,1
572811,1,1
572911,1,1
573011,1,1
573111,1,1
573209,1,1
573309,1,1
573409,1,1
573509,1,1
573609,1,1
573709,1,1
573809,1,1
573909,1,1
574009,1,1
574109,1,1
574209,1,1
574309,1,1
574409,1,1
574509,1,1
574609,1,1
574709,1,1
574809,1,1
574909,1,1
575009,1,1
575109,1,1
575209,1,1
575309,1,1
575409,1,1
575509,1,1
575609,1,1
575709,1,1
575809,1,1
575909,1,1
576009,1,1
576109,1,1
576209,1,1
576309,1,1
576409,1,1
576509,1,1
576609,1,1
576709,1,1
576809,1,1
576909,1,1
577009,1,1
577109,1,1
577209,1,1
577309,1,1
577409,1,1
577509,1,1
577609,1,1
577709,1,1
577809,1,1
577909,1,1
578009,1,1
578109,1,1
578209,1,1
578309,1,1
578409,1,1
578509,1,1
578609,1,1
578709,1,1
578809,1,1
578909,1,1
579009,1,1
579109,1,1
579209,1,1
579309,1,1
579409,1,1
579509,1,1
579609,1,1
579709,1,1
579809,1,1
579909,1,1
580009,1,1
580109,1,1
580209,1,1
580309,1,1
580409,1,1
580509,1,1
580609,1,1
580709,1,1
580809,1,1
580909,1,1
581009,1,1
581109,1,1
581209,1,1
581309,1,1
581409,1,1
581527,0,0
581627,0,0
581727,0,0
581827,0,0
581927,0,0
582027,0,0
582127,0,0
582227,0,0
582327,0,0
582427,0,0
582527,0,0
582627,0,0
582727,0,0
582827,0,0
582927,0,0
583027,0,0
583127,0,0
583227,0,0
583327,0,0
583427,0,0
583527,0,0
583627,0,0
583727,0,0
583827,0,0
583927,0,0
584027,0,0
584127,0,0
584228,0,0
584328,0,0
584428,0,0
584528,0,0
584628,0,0
584728,0,0
584828,0,0
584928,0,0
585028,0,0
585128,0,0
585228,0,0
585328,0,0
585428,0,0
585528,0,0
585628,0,0
585728,0,0
585828,0,0
585928,0,0
586028,0,0
586128,0,0
586228,0,0
586328,0,0
586428,0,0
586528,0,0
586628,0,0
586728,0,0
586828,0,0
586928,0,0
587028,0,0
587129,0,0
587229,0,0
587329,0,0
587429,0,0
587529,0,0
587629,0,0
587729,0,0
587829,0,0
587929,0,0
588029,0,0
588129,0,0
588229,0,0
588329,0,0
588429,0,0
588529,0,0
588629,0,0
588729,0,0
588829,0,0
588929,0,0
589029,0,0
589129,0,0
589229,0,0
589329,0,0
589429,0,0
589529,0,0
589629,0,0
589729,0,0
589829,0,0
589929,0,0
590029,0,0
590129,0,0
590229,0,0
590329,0,0
590429,0,0
590529,0,0
590629,0,0
590729,0,0
590829,0,0
590929,0,0
591029,0,0
591129,0,0
591229,0,0
591329,0,0
591429,0,0
591529,0,0
591629,0,0
591729,0,0
591829,0,0
591929,0,0
592029,0,0
592129,0,0
592229,0,0
592329,0,0
592429,0,0
592529,0,0
592629,0,0
592729,0,0
592829,0,0
592929,0,0
593029,0,0
593129,0,0
593229,0,0
593329,0,0
593429,0,0
593529,0,0
593629,0,0
593729,0,0
593829,0,0
593929,0,0
594029,0,0
594129,0,0
594229,0,0
594329,0,0
594429,0,0
594529,0,0
594629,0,0
594729,0,0
594829,0,0
594929,0,0
595029,0,0
595129,0,0
595229,0,0
595329,0,0
595429,0,0
595529,0,0
595629,0,0
595729,0,0
595829,0,0
595929,0,0
596029,0,0
596129,0,0
596229,0,0
596329,0,0
596429,0,0
596529,0,0
596629,0,0
596729,0,0
596829,0,0
596929,0,0
597029,0,0
597129,0,0
597229,0,0
597329,0,0
597429,0,0
597529,0,0
597629,0,0
597729,0,0
597829,0,0
597929,0,0
598029,0,0
598129,0,0
598229,0,0
598329,0,0
598429,0,0
598529,0,0
598629,0,0
598729,0,0
598829,0,0
598929,0,0
599029,0,0
599129,0,0
599229,0,0
599329,0,0
599429,0,0
599529,0,0
599629,0,0
599729,0,0
599829,0,0
599929,0,0
600029,0,0
600129,0,0
600229,0,0
600329,0,0
600429,0,0
600529,0,0
600629,0,0
600729,0,0
600829,0,0
600929,0,0
601029,0,0
601129,0,0
601229,0,0
601329,0,0
601429,0,0
601529,0,0
601629,0,0
601729,0,0
601829,0,0
601929,0,0
602029,0,0
602129,0,0
602229,0,0
602329,0,0
602429,0,0
602529,0,0
602629,0,0
602729,0,0
602829,0,0
602929,0,0
603029,0,0
603129,0,0
603229,0,0
603329,0,0
603429,0,0
603529,0,0
603629,0,0
603729,0,0
603829,0,0
603929,0,0
604029,0,0
604129,0,0
604229,0,0
604329,0,0
604429,0,0
604529,0,0
604629,0,0
604729,0,0
604829,0,0
604929,0,0
605029,0,0
605129,0,0
605229,0,0
605329,0,0
605429,0,0
605529,0,0
605629,0,0
605729,0,0
605829,0,0
605929,0,0
606029,0,0
606129,0,0
606229,0,0
606329,0,0
606429,0,0
606529,0,0
606629,0,0
606729,0,0
606829,0,0
606929,0,0
607029,0,0
607129,0,0
607229,0,0
607329,0,0
607429,0,0
607529,0,0
607629,0,0
607729,0,0
607829,0,0
607929,0,0
608029,0,0
608129,0,0
608229,0,0
608329,0,0
608429,0,0
608529,0,0
608629,0,0
608729,0,0
608829,0,0
608929,0,0
609029,0,0
609129,0,0
609229,0,0
609329,0,0
609429,0,0
609529,0,0
609629,0,0
609729,0,0
609829,0,0
609929,0,0
610029,0,0
610129,0,0
610229,0,0
610329,0,0
610429,0,0
610529,0,0
610629,0,0
610729,0,0
610829,0,0
610929,0,0
611029,0,0
611129,0,0
611229,0,0
611329,0,0
611429,0,0
611529,0,0
611629,0,0
611729,0,0
611829,0,0
611929,0,0
612029,0,0
612129,0,0
612229,0,0
612329,0,0
612429,0,0
612529,0,0
612629,0,0
612729,0,0
612829,0,0
612929,0,0
613029,0,0
613129,0,0
613229,0,0
613329,0,0
613429,0,0
613529,0,0
613629,0,0
613729,0,0
613829,0,0
613929,0,0
614029,0,0
614129,0,0
614229,0,0
614329,0,0
614429,0,0
614529,0,0
614629,0,0
614729,0,0
614829,0,0
614929,0,0
615029,0,0
615129,0,0
615229,0,0
615329,0,0
615429,0,0
615529,0,0
615629,0,0
615729,0,0
615829,0,0
615929,0,0
616029,0,0
616129,0,0
616229,0,0
616329,0,0
616429,0,0
616529,0,0
616629,0,0
616729,0,0
616829,0,0
616929,0,0
617029,0,0
617129,0,0
617229,0,0
617329,0,0
617429,0,0
617529,0,0
617629,0,0
617729,0,0
617829,0,0
617929,0,0
618029,0,0
618129,0,0
618229,0,0
618329,0,0
618429,0,0
618529,0,0
618629,0,0
618729,0,0
618829,0,0
618929,0,0
619029,0,0
619129,0,0
619229,0,0
619329,0,0
619429,0,0
619529,0,0
619629,0,0
619729,0,0
619829,0,0
619929,0,0
620029,0,0
620129,0,0
620229,0,0
620329,0,0
620429,0,0
620529,0,0
620629,0,0
620729,0,0
620829,0,0
620929,0,0
621029,0,0
621129,0,0
621229,0,0
621329,0,0
621429,0,0
621529,0,0
621629,0,0
621729,0,0
621829,0,0
621929,0,0
622029,0,0
622129,0,0
622229,0,0
622329,0,0
622429,0,0
622529,0,0
622629,0,0
622729,0,0
622829,0,0
622929,0,0
623029,0,0
623129,0,0
623229,0,0
623329,0,0
623429,0,0
623529,0,0
623629,0,0
623729,0,0
623829,0,0
623929,0,0
624029,0,0
624129,0,0
624229,0,0
624329,0,0
624429,0,0
624529,0,0
624629,0,0
624729,0,0
624829,0,0
624929,0,0
625029,0,0
625129,0,0
625229,0,0
625329,0,0
625429,0,0
625529,0,0
625629,0,0
625729,0,0
625829,0,0
625929,0,0
626029,0,0
626129,0,0
626229,0,0
626329,0,0
626429,0,0
626529,0,0
626629,0,0
626729,0,0
626829,0,0
626929,0,0
627029,0,0
627129,0,0
