p:4000,20000,6000,600,8000,4000,2000,8000,70
16029,packet,1,0,0,1,50,8000
16045,event,0,0
16059,action,0,0
20018,packet,1,0,0,1,51,8000
20033,event,0,1
24031,packet,1,0,0,1,51,8000
24046,event,0,1
28028,packet,1,0,0,1,51,8000
28042,event,0,1
32035,packet,1,0,0,1,51,8000
32050,event,0,1
36053,packet,1,0,0,1,51,8000
36069,event,0,1
40070,packet,1,0,0,1,50,8000
40084,event,0,1
44072,packet,1,0,0,1,50,8000
44087,event,0,1
48075,packet,1,0,0,1,50,8000
48091,event,0,1
52165,packet,1,0,0,1,50,8000
52185,event,0,1
60199,event,1,1
60214,action,1,1
73600,packet,1,0,0,1,47,8000
73630,event,0,0
73645,action,0,0
77687,packet,1,0,0,1,47,8000
77702,event,0,1
81679,packet,1,0,0,1,47,8000
81694,event,0,1
85686,packet,1,0,0,1,47,8000
85701,event,0,1
89690,packet,1,0,0,1,47,8000
89705,event,0,1
93691,packet,1,0,0,1,47,8000
93706,event,0,1
97707,packet,1,0,0,1,47,8000
97722,event,0,1
101713,packet,1,0,0,1,47,8000
101728,event,0,1
105915,packet,1,0,0,1,47,8000
105930,event,0,1
109919,packet,1,0,0,1,47,8000
109938,event,0,1
117948,event,1,1
117963,action,1,1
125940,packet,1,0,0,1,49,8000
125955,event,0,0
125969,action,0,0
129922,packet,1,0,0,1,49,8000
129938,event,0,1
133954,packet,1,0,0,1,48,8000
133970,event,0,1
137957,packet,1,0,0,1,49,8000
137971,event,0,1
141931,packet,1,0,0,1,49,8000
141946,event,0,1
145957,packet,1,0,0,1,50,8000
145972,event,0,1
149968,packet,1,0,0,1,50,8000
149982,event,0,1
153965,packet,1,0,0,1,49,8000
153981,event,0,1
157976,packet,1,0,0,1,49,8000
157996,event,0,1
161979,packet,1,0,0,1,49,8000
161994,event,0,1
165978,packet,1,0,0,1,48,8000
165993,event,0,1
174006,event,1,1
174020,action,1,1
185982,packet,1,0,0,1,58,8000
185998,event,0,0
186012,action,0,0
190169,packet,1,0,0,1,59,8000
190184,event,0,1
193973,packet,1,0,0,1,59,8000
193988,event,0,1
197984,packet,1,0,0,1,59,8000
198009,event,0,1
201985,packet,1,0,0,1,59,8000
202001,event,0,1
205984,packet,1,0,0,1,59,8000
206000,event,0,1
209985,packet,1,0,0,1,59,8000
210000,event,0,1
213993,packet,1,0,0,1,59,8000
214008,event,0,1
217997,packet,1,0,0,1,59,8000
218011,event,0,1
222003,packet,1,0,0,1,59,8000
222017,event,0,1
230031,event,1,1
230045,action,1,1
242686,packet,1,0,0,1,51,8000
242702,event,0,0
242716,action,0,0
246717,packet,1,0,0,1,51,8000
246732,event,0,1
250725,packet,1,0,0,1,50,8000
250740,event,0,1
254914,packet,1,0,0,1,50,8000
254928,event,0,1
258730,packet,1,0,0,1,51,8000
258746,event,0,1
262725,packet,1,0,0,1,51,8000
262740,event,0,1
266723,packet,1,0,0,1,51,8000
266742,event,0,1
270728,packet,1,0,0,1,51,8000
270742,event,0,1
274744,packet,1,0,0,1,51,8000
274758,event,0,1
278746,packet,1,0,0,1,50,8000
278760,event,0,1
286774,event,1,1
286788,action,1,1
299588,packet,1,0,0,1,65,8000
303588,packet,1,0,0,1,69,8000
307588,packet,1,0,0,1,68,8000
311588,packet,1,0,0,1,67,8000
315587,packet,1,0,0,1,66,8000
319588,packet,1,0,0,1,64,8000
323589,packet,1,0,0,1,66,8000
327591,packet,1,0,0,1,67,8000
331595,packet,1,0,0,1,69,8000
335628,packet,1,0,0,1,65,8000
339625,packet,1,0,0,1,62,8000
355638,packet,1,0,0,1,60,8000
359641,packet,1,0,0,1,76,8000
363647,packet,1,0,0,1,73,8000
367831,packet,1,0,0,1,71,8000
371830,packet,1,0,0,1,73,8000
375834,packet,1,0,0,1,73,8000
379843,packet,1,0,0,1,72,8000
383844,packet,1,0,0,1,71,8000
387851,packet,1,0,0,1,72,8000
391861,packet,1,0,0,1,71,8000
395944,packet,1,0,0,1,69,8000
416036,packet,1,0,0,1,55,8000
416052,event,0,0
416066,action,0,0
420038,packet,1,0,0,1,55,8000
420054,event,0,1
424035,packet,1,0,0,1,55,8000
424049,event,0,1
428034,packet,1,0,0,1,55,8000
428049,event,0,1
432034,packet,1,0,0,1,55,8000
432067,event,0,1
436037,packet,1,0,0,1,56,8000
436051,event,0,1
440036,packet,1,0,0,1,53,8000
440050,event,0,1
444050,packet,1,0,0,1,54,8000
444064,event,0,1
448065,packet,1,0,0,1,54,8000
448080,event,0,1
452074,packet,1,0,0,1,53,8000
452088,event,0,1
456068,packet,1,0,0,1,53,8000
456082,event,0,1
464096,event,1,1
464110,action,1,1
472071,packet,1,0,0,1,52,8000
472085,event,0,0
472103,action,0,0
476074,packet,1,0,0,1,51,8000
476089,event,0,1
480256,packet,1,0,0,1,52,8000
480270,event,0,1
484072,packet,1,0,0,1,52,8000
484087,event,0,1
488070,packet,1,0,0,1,51,8000
488084,event,0,1
492069,packet,1,0,0,1,51,8000
492084,event,0,1
496064,packet,1,0,0,1,52,8000
496079,event,0,1
500062,packet,1,0,0,1,52,8000
500076,event,0,1
504075,packet,1,0,0,1,51,8000
504089,event,0,1
508078,packet,1,0,0,1,51,8000
508093,event,0,1
512078,packet,1,0,0,1,52,8000
512093,event,0,1
520111,event,1,1
520125,action,1,1
533197,packet,1,0,0,1,58,8000
533230,event,0,0
533245,action,0,0
537216,packet,1,0,0,1,59,8000
537231,event,0,1
541235,packet,1,0,0,1,56,8000
541250,event,0,1
545430,packet,1,0,0,1,55,8000
545445,event,0,1
549435,packet,1,0,0,1,56,8000
549450,event,0,1
553446,packet,1,0,0,1,56,8000
553461,event,0,1
557446,packet,1,0,0,1,56,8000
557460,event,0,1
561446,packet,1,0,0,1,56,8000
561462,event,0,1
565453,packet,1,0,0,1,56,8000
565469,event,0,1
569460,packet,1,0,0,1,56,8000
569480,event,0,1
573469,packet,1,0,0,1,56,8000
573484,event,0,1
581499,event,1,1
581514,action,1,1
