p:4000,20000,6000,600,8000,4000,2000,8000,70
15044,0,0
15144,0,0
15244,0,0
15344,0,0
15444,0,0
15544,0,0
15644,0,0
15744,0,0
15844,0,0
15944,0,0
16044,0,0
16144,0,0
16694,0,0
16794,0,1
16895,0,1
16995,0,1
17095,0,1
17195,0,1
17295,0,1
17395,0,1
17495,0,1
17595,0,1
17695,0,1
17795,0,1
17895,0,1
17995,0,1
18095,0,1
18195,0,1
18295,0,1
18395,0,1
18495,0,1
18595,0,1
18695,0,1
18795,0,1
18895,0,1
18995,0,1
19096,0,1
19196,0,1
19296,0,1
19396,0,1
19496,0,1
19596,0,1
19696,0,1
19797,0,1
19897,0,1
19997,0,1
20097,0,1
20197,0,1
20297,0,1
20397,0,1
20497,0,1
20597,0,1
20723,0,0
20823,0,0
20923,0,0
21023,0,0
21123,0,0
21223,0,0
21323,0,0
21423,0,0
21523,0,0
21623,0,0
21723,0,0
21823,0,0
21923,0,0
22023,0,0
22123,0,0
22223,0,0
22323,0,0
22423,0,0
22523,0,0
22623,0,0
22723,0,0
22823,0,0
22923,0,0
23023,0,0
23123,0,0
23223,0,0
23323,0,0
23424,0,0
23524,0,0
23624,0,0
23724,0,0
23824,0,0
23924,0,0
24024,0,0
24124,0,0
24224,0,0
24324,0,0
24424,0,0
24524,0,0
24624,0,0
24724,0,0
24824,0,0
24924,0,0
25024,0,0
25124,0,0
25224,0,0
25324,0,0
25424,0,0
25524,0,0
25624,0,0
25724,0,0
25824,0,0
25924,0,0
26024,0,0
26124,0,0
26224,0,0
26325,0,0
26425,0,0
26525,0,0
26625,0,0
26725,0,0
26825,0,0
26925,0,0
27024,0,0
27124,0,0
27224,0,0
27324,0,0
27424,0,0
27524,0,0
27624,0,0
27724,0,0
27824,0,0
27924,0,0
28024,0,0
28124,0,0
28224,0,0
28324,0,0
28424,0,0
28524,0,0
28624,0,0
28724,0,0
28824,0,0
28924,0,0
29024,0,0
29124,0,0
29224,0,0
29324,0,0
29424,0,0
29524,0,0
29624,0,0
29724,0,0
29824,0,0
29924,0,0
30024,0,0
30124,0,0
30224,0,0
30324,0,0
30424,0,0
30524,0,0
30624,0,0
30724,0,0
30824,0,0
30924,0,0
31025,0,0
31125,0,0
31225,0,0
31325,0,0
31425,0,0
31525,0,0
31625,0,0
31725,0,0
31825,0,0
31925,0,0
32025,0,0
32125,0,0
32225,0,0
32325,0,0
32425,0,0
32525,0,0
32625,0,0
32725,0,0
32825,0,0
32925,0,0
33025,0,0
33125,0,0
33225,0,0
33325,0,0
33425,0,0
33525,0,0
33625,0,0
33725,0,0
33825,0,0
33925,0,0
34025,0,0
34125,0,0
34225,0,0
34325,0,0
34425,0,0
34525,0,0
34625,0,0
34725,0,0
34825,0,0
34925,0,0
35024,0,0
35124,0,0
35224,0,0
35324,0,0
35424,0,0
35524,0,0
35624,0,0
35724,0,0
35824,0,0
35924,0,0
36024,0,0
36124,0,0
36224,0,0
36324,0,0
36424,0,0
36524,0,0
36624,0,0
36724,0,0
36824,0,0
36924,0,0
37024,0,0
37124,0,0
37224,0,0
37324,0,0
37424,0,0
37524,0,0
37624,0,0
37724,0,0
37824,0,0
37924,0,0
38024,0,0
38124,0,0
38224,0,0
38324,0,0
38424,0,0
38524,0,0
38624,0,0
38724,0,0
38824,0,0
38924,0,0
39024,0,0
39121,0,0
39221,0,0
39321,0,0
39421,0,0
39521,0,0
39621,0,0
39721,0,0
39821,0,0
39921,0,0
40021,0,0
40121,0,0
40221,0,0
40321,0,0
40421,0,0
40521,0,0
40621,0,0
40721,0,0
40821,0,0
40921,0,0
41021,0,0
41121,0,0
41221,0,0
41321,0,0
41421,0,0
41521,0,0
41621,0,0
41721,0,0
41821,0,0
41921,0,0
42021,0,0
42121,0,0
42221,0,0
42321,0,0
42421,0,0
42521,0,0
42621,0,0
42721,0,0
42821,0,0
42921,0,0
43021,0,0
43117,0,0
43217,0,0
43317,0,0
43417,0,0
43517,0,0
43617,0,0
43717,0,0
43817,0,0
43917,0,0
44017,0,0
44117,0,0
44217,0,0
44317,0,0
44417,0,0
44517,0,0
44617,0,0
44717,0,0
44817,0,0
44917,0,0
45017,0,0
45117,0,0
45217,0,0
45317,0,0
45417,0,0
45517,0,0
45617,0,0
45717,0,0
45817,0,0
45917,0,0
46017,0,0
46117,0,0
46217,0,0
46317,0,0
46417,0,0
46517,0,0
46617,0,0
46717,0,0
46817,0,0
46917,0,0
47017,0,0
47122,0,0
47222,0,0
47322,0,0
47422,0,0
47522,0,0
47622,0,0
47722,0,0
47822,0,0
47922,0,0
48022,0,0
48122,0,0
48222,0,0
48322,0,0
48422,0,0
48522,0,0
48622,0,0
48722,0,0
48822,0,0
48922,0,0
49022,0,0
49122,0,0
49222,0,0
49322,0,0
49422,0,0
49522,0,0
49622,0,0
49722,0,0
49822,0,0
49922,0,0
50022,0,0
50122,0,0
50222,0,0
50322,0,0
50422,0,0
50522,0,0
50622,0,0
50722,0,0
50822,0,0
50922,0,0
51022,0,0
51121,0,0
51221,0,0
51321,0,0
51421,0,0
51521,0,0
51621,0,0
51721,0,0
51821,0,0
51921,0,0
52021,0,0
52121,0,0
52221,0,0
52321,0,0
52421,0,0
52521,0,0
52621,0,0
52721,0,0
52821,0,0
52921,0,0
53021,0,0
53121,0,0
53221,0,0
53321,0,0
53421,0,0
53521,0,0
53621,0,0
53721,0,0
53821,0,0
53921,0,0
54021,0,0
54121,0,0
54221,0,0
54321,0,0
54421,0,0
54521,0,0
54621,0,0
54721,0,0
54821,0,0
54921,0,0
55021,0,0
55121,0,0
55221,0,0
55321,0,0
55421,0,0
55521,0,0
55621,0,0
55721,0,0
55821,0,0
55921,0,0
56021,0,0
56121,0,0
56221,0,0
56321,0,0
56421,0,0
56521,0,0
56621,0,0
56721,0,0
56821,0,0
56921,0,0
57021,0,0
57121,0,0
57221,0,0
57321,0,0
57421,0,0
57521,0,0
57621,0,0
57721,0,0
57821,0,0
57921,0,0
58021,0,0
58121,0,0
58221,0,0
58321,0,0
58421,0,0
58521,0,0
58621,0,0
58721,0,0
58821,0,0
58921,0,0
59021,0,0
59121,0,0
59221,0,0
59321,0,0
59421,0,0
59521,0,0
59621,0,0
59721,0,0
59821,0,0
59921,0,0
60021,0,0
60121,0,0
60221,0,0
60321,0,0
60421,0,0
60521,0,0
60621,0,0
60721,0,0
60821,0,0
60921,0,0
61021,0,0
61121,0,0
61221,0,0
61321,0,0
61421,0,0
61521,0,0
61621,0,0
61721,0,0
61821,0,0
61921,0,0
62021,0,0
62121,0,0
62221,0,0
62321,0,0
62421,0,0
62521,0,0
62621,0,0
62721,0,0
62821,0,0
62921,0,0
63021,0,0
63121,0,0
63221,0,0
63321,0,0
63421,0,0
63521,0,0
63621,0,0
63721,0,0
63821,0,0
63921,0,0
64021,0,0
64121,0,0
64221,0,0
64321,0,0
64421,0,0
64521,0,0
64621,0,0
64721,0,0
64821,0,0
64921,0,0
65021,0,0
65121,0,0
65221,0,0
65321,0,0
65421,0,0
65521,0,0
65621,0,0
65721,0,0
65821,0,0
65921,0,0
66021,0,0
66121,0,0
66221,0,0
66321,0,0
66421,0,0
66521,0,0
66621,0,0
66721,0,0
66821,0,0
66921,0,0
67021,0,0
67121,0,0
67221,0,0
67321,0,0
67421,0,0
67521,0,0
67621,0,0
67721,0,0
67821,0,0
67921,0,0
68021,0,0
68121,0,0
68221,0,0
68321,0,0
68421,0,0
68521,0,0
68621,0,0
68721,0,0
68821,0,0
68921,0,0
69021,0,0
69121,0,0
69221,0,0
69321,0,0
69421,0,0
69521,0,0
69621,0,0
69721,0,0
69821,0,0
69921,0,0
70021,0,0
70121,0,0
70221,0,0
70321,0,0
70421,0,0
70521,0,0
70621,0,0
70721,0,0
70821,0,0
70921,0,0
71021,0,0
71121,0,0
71221,0,0
71321,0,0
71421,0,0
71521,0,0
71621,0,0
71721,0,0
71821,0,0
71921,0,0
72021,0,0
72121,0,0
72221,0,0
72321,0,0
72421,0,0
72521,0,0
72621,0,0
72721,0,0
72821,0,0
72921,0,0
73021,0,0
73121,0,0
73221,0,0
73321,0,0
73421,0,0
73521,0,0
73623,0,0
73723,0,0
73823,0,0
74310,0,0
74410,0,1
74510,0,1
74610,0,1
74710,0,1
74810,0,1
74910,0,1
75010,0,1
75110,0,1
75210,0,1
75310,0,1
75410,0,1
75510,0,1
75610,0,1
75710,0,1
75810,0,1
75910,0,1
76010,0,1
76110,0,1
76210,0,1
76310,0,1
76410,0,1
76510,0,1
76610,0,1
76710,0,1
76810,0,1
76910,0,1
77011,0,1
77111,0,1
77211,0,1
77311,0,1
77411,0,1
77511,0,1
77611,0,1
77711,0,1
77811,0,1
77911,0,1
78011,0,1
78111,0,1
78211,0,1
78339,0,0
78725,0,0
78825,0,1
78925,0,1
79025,0,1
79125,0,1
79225,0,1
79325,0,1
79425,0,1
79525,0,1
79625,0,1
79725,0,1
79825,0,1
79925,0,1
80025,0,1
80126,0,1
80226,0,1
80326,0,1
80426,0,1
80526,0,1
80626,0,1
80726,0,1
80826,0,1
80926,0,1
81026,0,1
81126,0,1
81226,0,1
81326,0,1
81426,0,1
81526,0,1
81623,0,1
81723,0,1
81823,0,1
81923,0,1
82023,0,1
82123,0,1
82223,0,1
82323,0,1
82423,0,1
82523,0,1
82623,0,1
82751,0,0
82851,0,0
82951,0,0
83235,0,0
83335,0,1
83435,0,1
83536,0,1
83656,0,1
83756,1,2
83856,1,2
83956,1,2
84056,1,2
84156,1,2
84256,1,2
84356,1,2
84456,1,2
84556,1,2
84656,1,2
84756,1,2
84856,1,2
84956,1,2
85056,1,2
85156,1,2
85256,1,2
85356,1,2
85456,1,2
85557,1,2
85657,1,2
85757,0,0
85857,0,0
85957,0,0
86057,0,0
86157,0,0
86257,0,0
86357,0,0
86457,0,0
86557,0,0
86657,0,0
86757,0,0
86857,0,0
86957,0,0
87057,0,0
87157,0,0
87257,0,0
87357,0,0
87457,0,0
87557,0,0
87657,0,0
88081,0,0
88181,0,1
88281,0,1
88381,0,1
88481,0,1
88581,0,1
88681,0,1
88781,0,1
88881,0,1
88981,0,1
89081,0,1
89181,0,1
89281,0,1
89381,0,1
89481,0,1
89583,0,1
89683,0,1
89783,0,1
89883,0,1
89983,0,1
90083,0,1
90183,0,1
90283,0,1
90383,0,1
90483,0,1
90583,0,1
90683,0,1
90783,0,1
90883,0,1
90983,0,1
91083,0,1
91183,0,1
91283,0,1
91383,0,1
91483,0,1
91583,0,1
91683,0,1
91783,0,1
91883,0,1
91983,0,1
92083,0,1
92183,0,0
92283,0,0
92383,0,0
92483,0,0
92583,0,0
92683,0,0
92783,0,0
92883,0,0
92983,0,0
93083,0,0
93183,0,0
93283,0,0
93383,0,0
93483,0,0
93582,0,0
93682,0,0
93782,0,0
93882,0,0
93982,0,0
94082,0,0
94182,0,0
94282,0,0
94382,0,0
94482,0,0
94582,0,0
94682,0,0
94782,0,0
94882,0,0
94982,0,0
95082,0,0
95182,0,0
95282,0,0
95382,0,0
95482,0,0
95582,0,0
95682,0,0
95782,0,0
96387,0,0
96487,0,1
96587,0,1
96687,0,1
96787,0,1
96887,0,1
96987,0,1
97087,0,1
97187,0,1
97287,0,1
97387,0,1
97487,0,1
97585,0,1
97685,0,1
97785,0,1
97885,0,1
97985,0,1
98086,0,1
98186,0,1
98286,0,1
98386,0,1
98486,0,1
98586,0,1
98686,0,1
98786,0,1
98886,0,1
98986,0,1
99086,0,1
99186,0,1
99286,0,1
99386,0,1
99486,0,1
99586,0,1
99686,0,1
99786,0,1
99886,0,1
99986,0,1
100086,0,1
100186,0,1
100286,0,1
100425,0,0
100525,0,0
100625,0,0
100725,0,0
100825,0,0
100925,0,0
101025,0,0
101125,0,0
101225,0,0
101325,0,0
101425,0,0
101525,0,0
101626,0,0
101726,0,0
101826,0,0
101927,0,0
102027,0,0
102127,0,0
102227,0,0
102327,0,0
102427,0,0
102527,0,0
102627,0,0
102727,0,0
102827,0,0
102927,0,0
103027,0,0
103127,0,0
103227,0,0
103327,0,0
103427,0,0
103527,0,0
103627,0,0
103727,0,0
103827,0,0
103927,0,0
104027,0,0
104127,0,0
104227,0,0
104327,0,0
104427,0,0
104527,0,0
104627,0,0
104727,0,0
105311,0,0
105411,0,1
105511,0,1
105611,0,1
105731,0,1
105786,1,2
105886,1,2
105986,1,2
106086,1,2
106186,1,2
106286,1,2
106386,1,2
106486,1,2
106586,1,2
106686,1,2
106786,1,2
106886,1,2
106986,1,2
107087,1,2
107187,1,2
107287,1,2
107387,1,2
107487,1,2
107587,1,2
107725,0,0
107825,0,0
107925,0,0
108026,0,0
108126,0,0
108226,0,0
108326,0,0
108426,0,0
108526,0,0
108626,0,0
108726,0,0
108826,0,0
108926,0,0
109026,0,0
109126,0,0
109226,0,0
109326,0,0
109426,0,0
109526,0,0
109626,0,0
109772,0,0
110239,0,0
110339,0,1
110439,0,1
110539,0,1
110639,0,1
110739,0,1
110839,0,1
110939,0,1
111039,0,1
111139,0,1
111239,0,1
111339,0,1
111439,0,1
111539,0,1
111639,0,1
111739,0,1
111839,0,1
111939,0,1
112040,0,1
112140,0,1
112240,0,1
112340,0,1
112440,0,1
112540,0,1
112640,0,1
112740,0,1
112840,0,1
112940,0,1
113040,0,1
113140,0,1
113240,0,1
113340,0,1
113440,0,1
113540,0,1
113640,0,1
113740,0,1
113840,0,1
113940,0,1
114040,0,1
114140,0,1
114284,0,0
114383,0,0
114483,0,0
114583,0,0
114683,0,0
114783,0,0
114883,0,0
114984,0,0
115084,0,0
115184,0,0
115284,0,0
115384,0,0
115484,0,0
115584,0,0
115684,0,0
115784,0,0
115884,0,0
115984,0,0
116084,0,0
116184,0,0
116284,0,0
116384,0,0
116484,0,0
116584,0,0
116684,0,0
116784,0,0
116884,0,0
116984,0,0
117084,0,0
117184,0,0
117284,0,0
117384,0,0
117484,0,0
117584,0,0
117684,0,0
117784,0,0
117885,0,0
117985,0,0
118085,0,0
118185,0,0
118285,0,0
118385,0,0
118485,0,0
118585,0,0
118685,0,0
118785,0,0
118885,0,0
118985,0,0
119085,0,0
119185,0,0
119285,0,0
119385,0,0
119485,0,0
119585,0,0
119685,0,0
119785,0,0
119885,0,0
119985,0,0
120085,0,0
120185,0,0
120285,0,0
120385,0,0
120485,0,0
120585,0,0
120685,0,0
120786,0,0
120886,0,0
120986,0,0
121086,0,0
121186,0,0
121286,0,0
121386,0,0
121486,0,0
121586,0,0
121686,0,0
121786,0,0
121886,0,0
121986,0,0
122086,0,0
122186,0,0
122286,0,0
122386,0,0
122486,0,0
122586,0,0
122686,0,0
122786,0,0
122886,0,0
122986,0,0
123086,0,0
123186,0,0
123286,0,0
123386,0,0
123486,0,0
123586,0,0
123686,0,0
123786,0,0
123886,0,0
123986,0,0
124086,0,0
124186,0,0
124286,0,0
124386,0,0
124486,0,0
124586,0,0
124686,0,0
124786,0,0
124886,0,0
124986,0,0
125086,0,0
125186,0,0
125286,0,0
125386,0,0
125486,0,0
125586,0,0
125686,0,0
125786,0,0
125886,0,0
125935,0,0
126035,0,0
126135,0,0
126235,0,0
126335,0,0
126435,0,0
126535,0,0
126635,0,0
126735,0,0
126835,0,0
127245,0,0
127345,0,1
127445,0,1
127545,0,1
127645,0,1
127745,0,1
127845,0,1
127946,0,1
128046,0,1
128146,0,1
128246,0,1
128346,0,1
128446,0,1
128546,0,1
128646,0,1
128746,0,1
128846,0,1
128946,0,1
129046,0,1
129146,0,1
129246,0,1
129346,0,1
129446,0,1
129546,0,1
129646,0,1
129746,0,1
129896,0,1
129996,0,1
130096,0,1
130196,0,1
130296,0,1
130396,0,1
130496,0,1
130596,0,1
130696,0,1
130796,0,1
130897,0,1
130997,0,1
131097,0,1
131197,0,1
131324,0,0
131424,0,0
131524,0,0
131624,0,0
131724,0,0
131824,0,0
131924,0,0
132024,0,0
132124,0,0
132224,0,0
132324,0,0
132424,0,0
132524,0,0
132624,0,0
132724,0,0
132824,0,0
132924,0,0
133024,0,0
133124,0,0
133224,0,0
133324,0,0
133424,0,0
133524,0,0
133624,0,0
133724,0,0
133824,0,0
133924,0,0
134024,0,0
134124,0,0
134225,0,0
134325,0,0
134441,0,0
134541,0,0
134641,0,0
134741,0,0
134841,0,0
134941,0,0
135041,0,0
135226,0,0
135326,0,1
135426,0,1
135526,0,1
135628,0,1
135728,0,0
135828,0,0
135928,0,0
136028,0,0
136128,0,0
136228,0,0
136328,0,0
136428,0,0
136529,0,0
136629,0,0
136729,0,0
136829,0,0
136929,0,0
137029,0,0
137129,0,0
137229,0,0
137329,0,0
137429,0,0
137529,0,0
137629,0,0
137729,0,0
137829,0,0
137929,0,0
138029,0,0
138129,0,0
138229,0,0
138329,0,0
138429,0,0
138529,0,0
138629,0,0
138729,0,0
138829,0,0
138929,0,0
139029,0,0
139129,0,0
139446,0,0
139546,0,1
139646,0,1
139746,0,1
139846,0,1
139946,0,1
140046,0,1
140146,0,1
140246,0,1
140346,0,1
140446,0,1
140546,0,1
140646,0,1
140746,0,1
140846,0,1
140946,0,1
141046,0,1
141146,0,1
141246,0,1
141346,0,1
141446,0,1
141546,0,1
141646,0,1
141746,0,1
141846,0,1
141946,0,1
142046,0,1
142146,0,1
142247,0,1
142347,0,1
142447,0,1
142547,0,1
142647,0,1
142747,0,1
142847,0,1
142947,0,1
143047,0,1
143147,0,1
143247,0,1
143347,0,1
143474,0,0
143574,0,0
143674,0,0
143774,0,0
143874,0,0
143974,0,0
144074,0,0
144174,0,0
144274,0,0
144374,0,0
144474,0,0
144574,0,0
144674,0,0
144774,0,0
144874,0,0
144974,0,0
145074,0,0
145174,0,0
145274,0,0
145374,0,0
145474,0,0
145575,0,0
145675,0,0
145775,0,0
145875,0,0
145975,0,0
146075,0,0
146175,0,0
146275,0,0
146375,0,0
146475,0,0
146575,0,0
146675,0,0
146775,0,0
146875,0,0
146975,0,0
147075,0,0
147175,0,0
147275,0,0
147375,0,0
147475,0,0
147575,0,0
147675,0,0
147775,0,0
148326,0,0
148426,0,1
148526,0,1
148626,0,1
148726,0,1
148826,0,1
148926,0,1
149026,0,1
149126,0,1
149226,0,1
149326,0,1
149426,0,1
149526,0,1
149626,0,1
149726,0,1
149826,0,1
149926,0,1
150026,0,1
150126,0,1
150226,0,1
150326,0,1
150426,0,1
150526,0,1
150626,0,1
150726,0,1
150826,0,1
150926,0,1
151026,0,1
151126,0,1
151226,0,1
151326,0,1
151426,0,1
151526,0,1
151626,0,1
151726,0,1
151826,0,1
151926,0,1
152026,0,1
152126,0,1
152226,0,1
152353,0,0
152453,0,0
152553,0,0
152653,0,0
152753,0,0
152853,0,0
152953,0,0
153053,0,0
153153,0,0
153254,0,0
153354,0,0
153454,0,0
153554,0,0
153654,0,0
153754,0,0
153854,0,0
153954,0,0
154054,0,0
154154,0,0
154254,0,0
154354,0,0
154454,0,0
154554,0,0
154654,0,0
154754,0,0
154854,0,0
154954,0,0
155054,0,0
155154,0,0
155254,0,0
155354,0,0
155454,0,0
155554,0,0
155654,0,0
155754,0,0
155854,0,0
155954,0,0
156054,0,0
156155,0,0
156255,0,0
156355,0,0
156455,0,0
156555,0,0
156655,0,0
156755,0,0
156855,0,0
156955,0,0
157055,0,0
157155,0,0
157255,0,0
157355,0,0
157455,0,0
157555,0,0
157655,0,0
157755,0,0
157855,0,0
157954,0,0
158054,0,0
158154,0,0
158254,0,0
158354,0,0
158454,0,0
158554,0,0
158654,0,0
158754,0,0
158854,0,0
158954,0,0
159055,0,0
159155,0,0
159255,0,0
159355,0,0
159455,0,0
159555,0,0
159655,0,0
159755,0,0
159855,0,0
159955,0,0
160055,0,0
160155,0,0
160255,0,0
160355,0,0
160455,0,0
160555,0,0
160655,0,0
160755,0,0
160855,0,0
160955,0,0
161055,0,0
161155,0,0
161255,0,0
161355,0,0
161455,0,0
161555,0,0
161655,0,0
161755,0,0
161855,0,0
161955,0,0
162055,0,0
162155,0,0
162255,0,0
162355,0,0
162455,0,0
162555,0,0
162655,0,0
162755,0,0
162855,0,0
162955,0,0
163055,0,0
163155,0,0
163255,0,0
163355,0,0
163455,0,0
163555,0,0
163655,0,0
163755,0,0
163855,0,0
163955,0,0
164055,0,0
164155,0,0
164255,0,0
164355,0,0
164455,0,0
164555,0,0
164655,0,0
164755,0,0
164855,0,0
164955,0,0
165055,0,0
165155,0,0
165255,0,0
165355,0,0
165455,0,0
165555,0,0
165655,0,0
165755,0,0
165855,0,0
165955,0,0
166055,0,0
166155,0,0
166255,0,0
166355,0,0
166455,0,0
166555,0,0
166655,0,0
166755,0,0
166855,0,0
166955,0,0
167055,0,0
167155,0,0
167255,0,0
167355,0,0
167455,0,0
167555,0,0
167655,0,0
167755,0,0
167855,0,0
167955,0,0
168055,0,0
168155,0,0
168255,0,0
168355,0,0
168455,0,0
168555,0,0
168655,0,0
168755,0,0
168855,0,0
168955,0,0
169055,0,0
169155,0,0
169255,0,0
169355,0,0
169455,0,0
169555,0,0
169655,0,0
169755,0,0
169855,0,0
169955,0,0
170055,0,0
170155,0,0
170255,0,0
170355,0,0
170455,0,0
170555,0,0
170655,0,0
170755,0,0
170855,0,0
170955,0,0
171055,0,0
171155,0,0
171255,0,0
171355,0,0
171455,0,0
171555,0,0
171655,0,0
171755,0,0
171855,0,0
171955,0,0
172055,0,0
172155,0,0
172255,0,0
172355,0,0
172455,0,0
172555,0,0
172655,0,0
172755,0,0
172855,0,0
172955,0,0
173055,0,0
173155,0,0
173255,0,0
173355,0,0
173455,0,0
173555,0,0
173655,0,0
173755,0,0
173855,0,0
173955,0,0
174055,0,0
174155,0,0
174255,0,0
174355,0,0
174455,0,0
174555,0,0
174655,0,0
174755,0,0
174855,0,0
174955,0,0
175055,0,0
175155,0,0
175255,0,0
175355,0,0
175455,0,0
175555,0,0
175655,0,0
175755,0,0
175855,0,0
175955,0,0
176055,0,0
176155,0,0
176255,0,0
176355,0,0
176455,0,0
176555,0,0
176655,0,0
176755,0,0
176855,0,0
176955,0,0
177055,0,0
177155,0,0
177255,0,0
177355,0,0
177455,0,0
177555,0,0
177655,0,0
177755,0,0
177855,0,0
177955,0,0
178055,0,0
178155,0,0
178255,0,0
178355,0,0
178455,0,0
178555,0,0
178655,0,0
178755,0,0
178855,0,0
178955,0,0
179055,0,0
179155,0,0
179255,0,0
179355,0,0
179455,0,0
179555,0,0
179655,0,0
179755,0,0
179855,0,0
179955,0,0
180055,0,0
180155,0,0
180255,0,0
180355,0,0
180455,0,0
180555,0,0
180655,0,0
180755,0,0
180855,0,0
180955,0,0
181055,0,0
181155,0,0
181255,0,0
181355,0,0
181455,0,0
181555,0,0
181655,0,0
181755,0,0
181855,0,0
181955,0,0
182055,0,0
182155,0,0
182255,0,0
182355,0,0
182455,0,0
182555,0,0
182655,0,0
182755,0,0
182855,0,0
182955,0,0
183055,0,0
183155,0,0
183255,0,0
183355,0,0
183455,0,0
183555,0,0
183655,0,0
183755,0,0
183855,0,0
183955,0,0
184055,0,0
184155,0,0
184255,0,0
184355,0,0
184455,0,0
184555,0,0
184655,0,0
184755,0,0
184855,0,0
184955,0,0
185055,0,0
185155,0,0
185255,0,0
185355,0,0
185455,0,0
185555,0,0
185655,0,0
185755,0,0
185855,0,0
185955,0,0
186055,0,0
186155,0,0
186794,0,0
186894,0,1
186994,0,1
187094,0,1
187194,0,1
187294,0,1
187394,0,1
187494,0,1
187594,0,1
187694,0,1
187794,0,1
187894,0,1
187994,0,1
188094,0,1
188194,0,1
188294,0,1
188394,0,1
188495,0,1
188595,0,1
188695,0,1
188795,0,1
188895,0,1
188995,0,1
189095,0,1
189195,0,1
189295,0,1
189395,0,1
189495,0,1
189595,0,1
189695,0,1
189795,0,1
189895,0,1
189985,0,1
190085,0,1
190185,0,1
190285,0,1
190385,0,1
190485,0,1
190585,0,1
190685,0,1
190813,0,0
190913,0,0
191013,0,0
191113,0,0
191213,0,0
191313,0,0
191413,0,0
191513,0,0
191613,0,0
191713,0,0
191813,0,0
191913,0,0
192013,0,0
192113,0,0
192213,0,0
192313,0,0
192413,0,0
192513,0,0
192613,0,0
192713,0,0
192813,0,0
192913,0,0
193013,0,0
193113,0,0
193213,0,0
193313,0,0
193413,0,0
193513,0,0
193613,0,0
193713,0,0
193813,0,0
193923,0,0
194023,0,0
194123,0,0
194223,0,0
194323,0,0
194423,0,0
194523,0,0
194623,0,0
194723,0,0
194823,0,0
194923,0,0
195023,0,0
195123,0,0
195223,0,0
195323,0,0
195423,0,0
195523,0,0
195623,0,0
195723,0,0
195823,0,0
195923,0,0
196023,0,0
196123,0,0
196223,0,0
196323,0,0
196423,0,0
196523,0,0
196623,0,0
196723,0,0
196823,0,0
196923,0,0
197023,0,0
197123,0,0
197223,0,0
197323,0,0
197423,0,0
197523,0,0
197623,0,0
197723,0,0
197823,0,0
197923,0,0
198023,0,0
198123,0,0
198223,0,0
198323,0,0
198423,0,0
198523,0,0
198623,0,0
198723,0,0
198823,0,0
198923,0,0
199023,0,0
199123,0,0
199223,0,0
199323,0,0
199423,0,0
199523,0,0
199623,0,0
199723,0,0
199823,0,0
199923,0,0
200023,0,0
200123,0,0
200223,0,0
200323,0,0
200423,0,0
200523,0,0
200623,0,0
200723,0,0
200823,0,0
200923,0,0
201023,0,0
201123,0,0
201223,0,0
201323,0,0
201423,0,0
201523,0,0
201623,0,0
201723,0,0
201823,0,0
201923,0,0
202023,0,0
202123,0,0
202223,0,0
202323,0,0
202423,0,0
202523,0,0
202623,0,0
202723,0,0
202823,0,0
202923,0,0
203023,0,0
203123,0,0
203223,0,0
203323,0,0
203423,0,0
203523,0,0
203623,0,0
203723,0,0
203823,0,0
203923,0,0
204023,0,0
204123,0,0
204223,0,0
204323,0,0
204423,0,0
204523,0,0
204623,0,0
204723,0,0
204823,0,0
204923,0,0
205023,0,0
205123,0,0
205223,0,0
205323,0,0
205423,0,0
205523,0,0
205623,0,0
205723,0,0
205823,0,0
205922,0,0
206022,0,0
206122,0,0
206222,0,0
206322,0,0
206422,0,0
206522,0,0
206622,0,0
206722,0,0
206822,0,0
206922,0,0
207022,0,0
207122,0,0
207222,0,0
207322,0,0
207422,0,0
207522,0,0
207622,0,0
207722,0,0
207822,0,0
207922,0,0
208022,0,0
208122,0,0
208222,0,0
208322,0,0
208422,0,0
208522,0,0
208622,0,0
208722,0,0
208822,0,0
208922,0,0
209022,0,0
209122,0,0
209222,0,0
209322,0,0
209422,0,0
209522,0,0
209622,0,0
209722,0,0
209822,0,0
209922,0,0
210022,0,0
210122,0,0
210222,0,0
210322,0,0
210422,0,0
210522,0,0
210622,0,0
210722,0,0
210822,0,0
210922,0,0
211022,0,0
211122,0,0
211222,0,0
211322,0,0
211422,0,0
211522,0,0
211622,0,0
211722,0,0
211822,0,0
211922,0,0
212022,0,0
212122,0,0
212222,0,0
212322,0,0
212422,0,0
212522,0,0
212622,0,0
212722,0,0
212822,0,0
212922,0,0
213022,0,0
213122,0,0
213222,0,0
213322,0,0
213422,0,0
213522,0,0
213622,0,0
213722,0,0
213822,0,0
213921,0,0
214021,0,0
214121,0,0
214221,0,0
214321,0,0
214421,0,0
214521,0,0
214621,0,0
214721,0,0
214821,0,0
214921,0,0
215021,0,0
215121,0,0
215221,0,0
215321,0,0
215421,0,0
215521,0,0
215621,0,0
215721,0,0
215821,0,0
215921,0,0
216021,0,0
216121,0,0
216221,0,0
216321,0,0
216421,0,0
216521,0,0
216621,0,0
216721,0,0
216821,0,0
216921,0,0
217021,0,0
217121,0,0
217221,0,0
217321,0,0
217421,0,0
217521,0,0
217621,0,0
217721,0,0
217821,0,0
217922,0,0
218022,0,0
218122,0,0
218222,0,0
218322,0,0
218422,0,0
218522,0,0
218622,0,0
218722,0,0
218822,0,0
218922,0,0
219022,0,0
219122,0,0
219222,0,0
219322,0,0
219422,0,0
219522,0,0
219622,0,0
219722,0,0
219822,0,0
219922,0,0
220022,0,0
220122,0,0
220222,0,0
220322,0,0
220422,0,0
220522,0,0
220622,0,0
220722,0,0
220822,0,0
220922,0,0
221022,0,0
221122,0,0
221222,0,0
221322,0,0
221422,0,0
221522,0,0
221622,0,0
221722,0,0
221822,0,0
221921,0,0
222021,0,0
222121,0,0
222221,0,0
222321,0,0
222421,0,0
222521,0,0
222621,0,0
222721,0,0
222821,0,0
222921,0,0
223021,0,0
223121,0,0
223221,0,0
223321,0,0
223421,0,0
223521,0,0
223621,0,0
223721,0,0
223821,0,0
223921,0,0
224021,0,0
224121,0,0
224221,0,0
224321,0,0
224421,0,0
224521,0,0
224621,0,0
224721,0,0
224821,0,0
224921,0,0
225021,0,0
225121,0,0
225221,0,0
225321,0,0
225421,0,0
225521,0,0
225621,0,0
225721,0,0
225821,0,0
225921,0,0
226021,0,0
226121,0,0
226221,0,0
226321,0,0
226421,0,0
226521,0,0
226621,0,0
226721,0,0
226821,0,0
226921,0,0
227021,0,0
227121,0,0
227221,0,0
227321,0,0
227421,0,0
227521,0,0
227621,0,0
227721,0,0
227821,0,0
227921,0,0
228021,0,0
228121,0,0
228221,0,0
228321,0,0
228421,0,0
228521,0,0
228621,0,0
228721,0,0
228821,0,0
228921,0,0
229021,0,0
229121,0,0
229221,0,0
229321,0,0
229421,0,0
229521,0,0
229621,0,0
229721,0,0
229821,0,0
229921,0,0
230021,0,0
230121,0,0
230221,0,0
230321,0,0
230421,0,0
230521,0,0
230621,0,0
230721,0,0
230821,0,0
230921,0,0
231021,0,0
231121,0,0
231221,0,0
231321,0,0
231421,0,0
231521,0,0
231621,0,0
231721,0,0
231821,0,0
231921,0,0
232021,0,0
232121,0,0
232221,0,0
232321,0,0
232421,0,0
232521,0,0
232621,0,0
232721,0,0
232821,0,0
232921,0,0
233021,0,0
233121,0,0
233221,0,0
233321,0,0
233421,0,0
233521,0,0
233621,0,0
233721,0,0
233821,0,0
233921,0,0
234021,0,0
234121,0,0
234221,0,0
234321,0,0
234421,0,0
234521,0,0
234621,0,0
234721,0,0
234821,0,0
234921,0,0
235021,0,0
235121,0,0
235221,0,0
235321,0,0
235421,0,0
235521,0,0
235621,0,0
235721,0,0
235821,0,0
235921,0,0
236021,0,0
236121,0,0
236221,0,0
236321,0,0
236421,0,0
236521,0,0
236621,0,0
236721,0,0
236821,0,0
236921,0,0
237021,0,0
237121,0,0
237221,0,0
237321,0,0
237421,0,0
237521,0,0
237621,0,0
237721,0,0
237821,0,0
237921,0,0
238021,0,0
238121,0,0
238221,0,0
238321,0,0
238421,0,0
238521,0,0
238621,0,0
238721,0,0
238821,0,0
238921,0,0
239021,0,0
239121,0,0
239221,0,0
239321,0,0
239421,0,0
239521,0,0
239621,0,0
239721,0,0
239821,0,0
239921,0,0
240021,0,0
240121,0,0
240221,0,0
240321,0,0
240421,0,0
240521,0,0
240621,0,0
240721,0,0
240821,0,0
240921,0,0
241021,0,0
241121,0,0
241221,0,0
241321,0,0
241421,0,0
241521,0,0
241621,0,0
241721,0,0
241821,0,0
241921,0,0
242021,0,0
242121,0,0
242221,0,0
242321,0,0
242421,0,0
242521,0,0
242621,0,0
242721,0,0
242821,0,0
242921,0,0
243021,0,0
243577,0,0
243677,0,1
243777,0,1
243877,0,1
243977,0,1
244077,0,1
244177,0,1
244277,0,1
244377,0,1
244477,0,1
244577,0,1
244677,0,1
244777,0,1
244877,0,1
244977,0,1
245077,0,1
245177,0,1
245277,0,1
245377,0,1
245477,0,1
245577,0,1
245677,0,1
245777,0,1
245877,0,1
245977,0,1
246077,0,1
246177,0,1
246277,0,1
246377,0,1
246477,0,1
246577,0,1
246677,0,1
246777,0,1
246849,0,1
246949,0,1
247049,0,1
247149,0,1
247249,0,1
247349,0,1
247449,0,1
247549,0,1
247649,0,0
247749,0,0
247929,0,0
248029,0,1
248129,0,1
248229,0,1
248338,0,1
248438,1,2
248538,1,2
248638,1,2
248738,1,2
248839,1,2
248939,1,2
249039,1,2
249139,1,2
249239,1,2
249339,1,2
249439,1,2
249539,1,2
249639,1,2
249739,1,2
249839,1,2
249939,1,2
250039,1,2
250139,1,2
250239,1,2
250339,1,2
250439,1,2
250539,1,2
250639,1,2
250739,1,2
250865,1,2
250965,1,2
251065,1,2
251165,1,2
251265,1,2
251365,1,2
251465,1,2
251565,1,2
251665,1,2
251766,1,2
251866,1,2
251966,1,2
252066,1,2
252166,1,2
252266,1,2
252366,1,2
252466,1,2
252566,1,2
252666,1,2
252766,1,2
252866,1,2
252966,1,2
253066,1,2
253166,1,2
253266,1,2
253366,1,2
253466,1,2
253566,1,2
253666,1,2
253766,1,2
253866,1,2
253966,1,2
254066,1,2
254166,1,2
254266,1,2
254366,1,2
254466,1,2
254566,1,2
254667,1,2
254767,1,2
254865,1,2
254965,1,2
255065,1,2
255165,1,2
255265,1,2
255365,1,2
255465,1,2
255565,1,2
255665,1,2
255765,1,2
255865,1,2
255965,1,2
256065,1,2
256165,1,2
256265,1,2
256365,1,2
256465,1,2
256565,1,2
256665,1,2
256765,1,2
256865,1,2
256981,1,2
257081,1,2
257181,1,2
257281,1,2
257381,1,2
257481,1,2
257581,1,2
257681,1,2
257781,1,2
257881,1,2
257981,1,2
258081,1,2
258181,1,2
258281,1,2
258381,1,2
258481,1,2
258581,1,2
258681,1,2
258781,1,2
258872,1,2
258972,1,2
259072,1,2
259172,1,2
259272,1,2
259372,1,2
259472,1,2
259572,1,2
259672,1,2
259772,1,2
259872,1,2
259972,1,2
260072,1,2
260172,1,2
260272,1,2
260372,1,2
260472,1,2
260572,1,2
260672,1,2
260772,1,2
260872,1,2
260972,1,2
261072,1,2
261172,1,2
261272,1,2
261372,1,2
261472,1,2
261572,1,2
261672,1,2
261772,1,2
261872,1,2
261972,1,2
262072,1,2
262172,1,2
262272,1,2
262372,1,2
262472,1,2
262572,1,2
262672,1,2
262772,1,2
262872,1,2
262972,1,2
263072,1,2
263172,1,2
263272,1,2
263372,1,2
263472,1,2
263572,1,2
263672,1,2
263772,1,2
263872,1,2
263972,1,2
264072,1,2
264172,1,2
264272,1,2
264372,1,2
264472,1,2
264572,1,2
264672,1,2
264772,1,2
264872,1,2
264972,1,2
265072,1,2
265172,1,2
265272,1,2
265372,1,2
265472,1,2
265572,1,2
265672,1,2
265772,1,2
265872,1,2
265972,1,2
266072,1,2
266172,1,2
266272,1,2
266372,1,2
266472,1,2
266572,1,2
266672,1,2
266772,1,2
266871,1,2
266971,1,2
267071,1,2
267171,1,2
267271,1,2
267371,1,2
267471,1,2
267571,1,2
267671,1,2
267771,1,2
267871,1,2
267971,1,2
268071,1,2
268171,1,2
268271,1,2
268371,1,2
268471,1,2
268571,1,2
268671,1,2
268771,1,2
268871,1,2
268971,1,2
269071,1,2
269184,1,2
269284,1,2
269384,1,2
269484,1,2
269584,1,2
269684,1,2
269784,1,2
269884,1,2
269984,1,2
270084,1,2
270184,1,2
270284,1,2
270384,1,2
270485,1,2
270585,1,2
270685,1,2
270785,1,2
270884,1,2
270984,1,2
271084,1,2
271184,1,2
271284,1,2
271384,1,2
271484,1,2
271584,1,2
271684,1,2
271784,1,2
271884,1,2
271984,1,2
272084,1,2
272184,1,2
272284,1,2
272384,1,2
272484,1,2
272584,1,2
272684,1,2
272784,1,2
272884,1,2
272984,1,2
273084,1,2
273184,1,2
273284,1,2
273385,1,2
273485,1,2
273585,1,2
273685,1,2
273785,1,2
273885,1,2
273985,1,2
274085,1,2
274185,1,2
274285,1,2
274385,1,2
274485,1,2
274585,1,2
274685,1,2
274799,1,2
274899,1,2
274999,1,2
275099,1,2
275199,1,2
275299,1,2
275399,1,2
275499,1,2
275599,1,2
275699,1,2
275799,1,2
275899,1,2
275999,1,2
276099,1,2
276199,1,2
276300,1,2
276400,1,2
276500,1,2
276600,1,2
276700,1,2
276800,1,2
276900,1,2
277000,1,2
277100,1,2
277200,1,2
277300,1,2
277400,1,2
277500,1,2
277600,1,2
277700,1,2
277800,1,2
277900,1,2
278000,1,2
278100,1,2
278200,1,2
278300,1,2
278400,1,2
278500,1,2
278600,1,2
278700,1,2
278800,1,2
278900,1,2
279000,1,2
279100,1,2
279200,1,2
279300,1,2
279400,1,2
279500,1,2
279600,1,2
279700,1,2
279800,1,2
279900,1,2
280000,1,2
280100,1,2
280200,1,2
280300,1,2
280400,1,2
280500,1,2
280600,1,2
280700,1,2
280800,1,2
280900,1,2
281000,1,2
281100,1,2
281200,1,2
281300,1,2
281400,1,2
281500,1,2
281600,1,2
281700,1,2
281800,1,2
281900,1,2
282000,1,2
282100,1,2
282200,1,2
282300,1,2
282400,1,2
282500,1,2
282600,1,2
282700,1,2
282800,1,2
282900,1,2
283000,1,2
283100,1,2
283200,1,2
283300,1,2
283400,1,2
283500,1,2
283600,1,2
283700,1,2
283800,1,2
283900,1,2
284000,1,2
284100,1,2
284200,1,2
284300,1,2
284400,1,2
284500,1,2
284600,1,2
284700,1,2
284800,1,2
284900,1,2
285000,1,2
285100,1,2
285200,1,2
285300,1,2
285400,1,2
285500,1,2
285600,0,0
285700,0,0
285800,0,0
285900,0,0
286000,0,0
286100,0,0
286200,0,0
286300,0,0
286400,0,0
286500,0,0
286600,0,0
286700,0,0
286800,0,0
286900,0,0
287000,0,0
287100,0,0
287200,0,0
287300,0,0
287400,0,0
287500,0,0
287600,0,0
287700,0,0
287800,0,0
287900,0,0
288000,0,0
288100,0,0
288200,0,0
288300,0,0
288400,0,0
288500,0,0
288600,0,0
288700,0,0
288800,0,0
288900,0,0
289000,0,0
289100,0,0
289200,0,0
289300,0,0
289400,0,0
289500,0,0
289600,0,0
289700,0,0
289800,0,0
289900,0,0
290000,0,0
290100,0,0
290200,0,0
290300,0,0
290400,0,0
290500,0,0
290600,0,0
290700,0,0
290800,0,0
290900,0,0
291000,0,0
291100,0,0
291200,0,0
291300,0,0
291400,0,0
291500,0,0
291600,0,0
291700,0,0
291800,0,0
291900,0,0
292000,0,0
292100,0,0
292200,0,0
292300,0,0
292400,0,0
292500,0,0
292600,0,0
292700,0,0
292800,0,0
292900,0,0
293000,0,0
293100,0,0
293200,0,0
293300,0,0
293400,0,0
293500,0,0
293600,0,0
293700,0,0
293800,0,0
293900,0,0
294000,0,0
294100,0,0
294200,0,0
294300,0,0
294400,0,0
294500,0,0
294600,0,0
294700,0,0
294800,0,0
294900,0,0
295000,0,0
295100,0,0
295200,0,0
295300,0,0
295400,0,0
295500,0,0
295600,0,0
295700,0,0
295800,0,0
295900,0,0
296000,0,0
296100,0,0
296200,0,0
296300,0,0
296400,0,0
296500,0,0
296600,0,0
296700,0,0
296800,0,0
296900,0,0
297000,0,0
297100,0,0
297200,0,0
297300,0,0
297400,0,0
297500,0,0
297600,0,0
297700,0,0
297800,0,0
297900,0,0
298000,0,0
298100,0,0
298200,0,0
298300,0,0
298400,0,0
298500,0,0
298600,0,0
298700,0,0
298800,0,0
298900,0,0
299000,0,0
299100,0,0
299200,0,0
299300,0,0
299400,0,0
299499,0,0
299599,0,0
299699,0,0
299799,0,0
300016,0,0
300116,0,1
300216,0,1
300316,0,1
300416,0,1
300516,0,1
300616,0,1
300716,0,1
300816,0,1
300916,0,1
301016,0,1
301116,0,1
301217,0,1
301317,0,1
301417,0,1
301517,0,1
301617,0,1
301717,0,1
301817,0,1
301917,0,1
302017,0,1
302117,0,1
302217,0,1
302317,0,1
302417,0,1
302517,0,1
302617,0,1
302717,0,1
302817,0,1
302917,0,1
303017,0,1
303117,0,1
303217,0,1
303317,0,1
303417,0,1
303516,0,1
303616,0,1
303716,0,1
303816,0,1
303916,0,1
304044,0,0
304144,0,0
304245,0,0
304345,0,0
304807,0,0
304907,0,1
305007,0,1
305107,0,1
305207,0,1
305307,0,1
305407,0,1
305507,0,1
305607,0,1
305707,0,1
305807,0,1
305907,0,1
306007,0,1
306107,0,1
306208,0,1
306308,0,1
306408,0,1
306508,0,1
306608,0,1
306708,0,1
306808,0,1
306908,0,1
307008,0,1
307108,0,1
307208,0,1
307308,0,1
307408,0,1
307509,0,1
307609,0,1
307709,0,1
307809,0,1
307909,0,1
308009,0,1
308109,0,1
308209,0,1
308309,0,1
308409,0,1
308509,0,1
308609,0,1
308709,0,1
308837,0,0
308937,0,0
309037,0,0
309171,0,0
309271,0,1
309371,0,1
309471,0,1
309580,0,1
309680,1,2
309780,1,2
309880,1,2
309980,1,2
310080,1,2
310180,1,2
310280,1,2
310380,1,2
310480,1,2
310580,1,2
310680,1,2
310780,1,2
310880,1,2
310980,1,2
311080,1,2
311180,1,2
311280,1,2
311380,1,2
311480,1,2
311568,1,2
311668,1,2
311768,1,2
311868,1,2
311968,1,2
312068,1,2
312168,1,2
312268,1,2
312368,1,2
312469,1,2
312569,1,2
312669,1,2
312769,1,2
312869,1,2
312969,1,2
313069,1,2
313169,1,2
313269,1,2
313369,1,2
313469,1,2
313569,1,2
313669,1,2
313769,1,2
313869,1,2
313969,1,2
314069,1,2
314169,1,2
314269,1,2
314369,1,2
314469,1,2
314569,1,2
314669,1,2
314769,1,2
314869,1,2
314969,1,2
315069,1,2
315169,1,2
315269,1,2
315370,1,2
315470,1,2
315568,1,2
315668,1,2
315768,1,2
315868,1,2
315968,1,2
316068,1,2
316168,1,2
316268,1,2
316368,1,2
316468,1,2
316568,1,2
316668,1,2
316768,1,2
316868,1,2
316968,1,2
317068,1,2
317168,1,2
317268,1,2
317368,1,2
317468,1,2
317568,1,2
317668,1,2
317768,1,2
317868,1,2
317968,1,2
318068,1,2
318174,1,2
318274,1,2
318374,1,2
318474,1,2
318574,1,2
318674,1,2
318774,1,2
318874,1,2
318974,1,2
319074,1,2
319174,1,2
319274,1,2
319374,1,2
319474,1,2
319575,1,2
319675,1,2
319775,1,2
319875,1,2
319975,1,2
320075,1,2
320175,1,2
320276,1,2
320376,1,2
320476,1,2
320576,1,2
320676,1,2
320776,1,2
320876,1,2
320976,1,2
321076,1,2
321176,1,2
321276,1,2
321376,1,2
321476,1,2
321576,1,2
321676,1,2
321776,1,2
321876,1,2
321976,1,2
322076,1,2
322176,1,2
322276,1,2
322376,1,2
322476,1,2
322576,1,2
322676,1,2
322776,1,2
322876,1,2
322976,1,2
323076,1,2
323177,1,2
323277,1,2
323377,1,2
323477,1,2
323575,1,2
323675,1,2
323775,1,2
323875,1,2
323975,1,2
324075,1,2
324175,1,2
324275,1,2
324375,1,2
324475,1,2
324575,1,2
324675,1,2
324775,1,2
324875,1,2
324975,1,2
325075,1,2
325175,1,2
325275,1,2
325375,1,2
325475,1,2
325575,1,2
325675,1,2
325775,1,2
325875,1,2
325975,1,2
326076,1,2
326176,1,2
326276,1,2
326376,1,2
326513,1,2
326613,1,2
326713,1,2
326813,1,2
326913,1,2
327013,1,2
327113,1,2
327213,1,2
327314,1,2
327414,1,2
327528,1,2
327628,1,2
327728,1,2
327828,1,2
327928,1,2
328028,1,2
328128,1,2
328228,1,2
328328,1,2
328428,1,2
328528,1,2
328628,1,2
328728,1,2
328828,1,2
328928,1,2
329028,1,2
329128,1,2
329228,1,2
329328,1,2
329428,1,2
329528,1,2
329628,1,2
329728,1,2
329828,1,2
329928,1,2
330028,1,2
330128,1,2
330229,1,2
330329,1,2
330429,1,2
330529,1,2
330629,1,2
330729,1,2
330829,1,2
330929,1,2
331029,1,2
331129,1,2
331229,1,2
331329,1,2
331429,1,2
331528,1,2
331628,1,2
331728,1,2
331828,1,2
331928,1,2
332028,1,2
332128,1,2
332228,1,2
332328,1,2
332428,1,2
332528,1,2
332628,1,2
332728,1,2
332828,1,2
332928,1,2
333028,1,2
333129,1,2
333229,1,2
333329,1,2
333429,1,2
333529,1,2
333629,1,2
333729,1,2
333829,1,2
333929,1,2
334029,1,2
334129,1,2
334229,1,2
334329,1,2
334429,1,2
334529,1,2
334629,1,2
334729,1,2
334829,1,2
334929,1,2
335029,1,2
335129,1,2
335229,1,2
335329,1,2
335429,1,2
335530,1,2
335630,1,2
335730,1,2
335830,1,2
335930,1,2
336030,1,2
336130,1,2
336230,1,2
336330,1,2
336430,1,2
336530,1,2
336630,1,2
336730,1,2
336830,1,2
336930,1,2
337030,1,2
337130,1,2
337230,1,2
337330,1,2
337430,1,2
337530,1,2
337630,1,2
337730,1,2
337830,1,2
337930,1,2
338030,1,2
338130,1,2
338230,1,2
338330,1,2
338430,1,2
338530,1,2
338630,1,2
338731,1,2
338831,1,2
338931,1,2
339031,1,2
339131,1,2
339232,1,2
339332,1,2
339432,1,2
339531,1,2
339631,1,2
339731,1,2
339831,1,2
339931,1,2
340031,1,2
340131,1,2
340231,1,2
340331,1,2
340431,1,2
340531,1,2
340631,1,2
340731,1,2
340831,1,2
340931,1,2
341031,1,2
341131,1,2
341231,1,2
341331,1,2
341431,1,2
341531,1,2
341631,1,2
341731,1,2
341831,1,2
341931,1,2
342031,1,2
342132,1,2
342232,1,2
342332,1,2
342432,1,2
342532,1,2
342632,1,2
342732,1,2
342832,1,2
342932,1,2
343032,1,2
343132,1,2
343232,1,2
343332,1,2
343432,1,2
343532,1,2
343632,1,2
343732,1,2
343832,1,2
343932,1,2
344032,1,2
344132,1,2
344232,1,2
344332,1,2
344432,1,2
344532,1,2
344632,1,2
344732,1,2
344832,1,2
344932,1,2
345033,1,2
345133,1,2
345233,1,2
345333,1,2
345433,1,2
345533,1,2
345633,1,2
345733,1,2
345833,1,2
345933,1,2
346033,1,2
346133,1,2
346233,1,2
346333,1,2
346433,1,2
346533,1,2
346633,1,2
346743,0,0
346843,0,0
346943,0,0
347043,0,0
347143,0,0
347243,0,0
347343,0,0
347443,0,0
347543,0,0
347643,0,0
347743,0,0
347843,0,0
347943,0,0
348043,0,0
348143,0,0
348243,0,0
348343,0,0
348443,0,0
348543,0,0
348643,0,0
348743,0,0
348843,0,0
348943,0,0
349044,0,0
349144,0,0
349244,0,0
349344,0,0
349444,0,0
349544,0,0
349644,0,0
349744,0,0
349844,0,0
349944,0,0
350044,0,0
350144,0,0
350244,0,0
350344,0,0
350444,0,0
350544,0,0
350644,0,0
350744,0,0
350844,0,0
350944,0,0
351044,0,0
351144,0,0
351244,0,0
351344,0,0
351444,0,0
351544,0,0
351644,0,0
351744,0,0
351844,0,0
351945,0,0
352045,0,0
352145,0,0
352245,0,0
352345,0,0
352445,0,0
352545,0,0
352645,0,0
352745,0,0
352845,0,0
352945,0,0
353045,0,0
353145,0,0
353245,0,0
353345,0,0
353445,0,0
353545,0,0
353645,0,0
353745,0,0
353845,0,0
353945,0,0
354045,0,0
354145,0,0
354245,0,0
354345,0,0
354445,0,0
354545,0,0
354645,0,0
354745,0,0
354845,0,0
354945,0,0
355045,0,0
355145,0,0
355245,0,0
355345,0,0
355445,0,0
355545,0,0
355645,0,0
355745,0,0
355845,0,0
355945,0,0
356045,0,0
356145,0,0
356245,0,0
356345,0,0
356445,0,0
356545,0,0
356645,0,0
356745,0,0
356845,0,0
356945,0,0
357045,0,0
357145,0,0
357245,0,0
357345,0,0
357445,0,0
357545,0,0
357645,0,0
357745,0,0
357845,0,0
357945,0,0
358045,0,0
358145,0,0
358245,0,0
358345,0,0
358445,0,0
358924,0,0
359024,0,1
359124,0,1
359224,0,1
359324,0,1
359424,0,1
359523,0,1
359624,0,1
359724,0,1
359824,0,1
359924,0,1
360024,0,1
360124,0,1
360224,0,1
360324,0,1
360424,0,1
360524,0,1
360624,0,1
360724,0,1
360824,0,1
360924,0,1
361024,0,1
361124,0,1
361224,0,1
361324,0,1
361424,0,1
361524,0,1
361624,0,1
361724,0,1
361824,0,1
361924,0,1
362024,0,1
362124,0,1
362224,0,1
362324,0,1
362424,0,1
362524,0,1
362624,0,1
362724,0,1
362824,0,1
362950,0,0
363050,0,0
363150,0,0
363251,0,0
363819,0,0
363586,0,1
363686,0,1
363786,0,1
363886,0,1
363986,0,1
364086,0,1
364186,0,1
364286,0,1
364386,0,1
364486,0,1
364586,0,1
364686,0,1
364786,0,1
364886,0,1
364986,0,1
365086,0,1
365186,0,1
365286,0,1
365386,0,1
365486,0,1
365586,0,1
365686,0,1
365786,0,1
365886,0,1
365986,0,1
366086,0,1
366186,0,1
366286,0,1
366386,0,1
366486,0,1
366587,0,1
366687,0,1
366787,0,1
366887,0,1
366987,0,1
367087,0,1
367521,0,1
367621,0,1
367721,0,1
367860,0,0
368310,0,0
368410,0,1
368510,0,1
368610,0,1
368742,0,1
368842,1,2
368942,1,2
369042,1,2
369150,1,2
369250,1,2
369350,1,2
369450,1,2
369550,1,2
369650,1,2
369750,1,2
369850,1,2
369951,1,2
370051,1,2
370151,1,2
370251,1,2
370351,1,2
370451,1,2
370551,1,2
370651,1,2
370751,1,2
370851,1,2
370951,1,2
371051,1,2
371151,1,2
371251,1,2
371351,1,2
371451,1,2
371551,1,2
371651,1,2
371751,1,2
371851,1,2
371951,1,2
372051,1,2
372151,1,2
372251,1,2
372351,1,2
372451,1,2
372551,1,2
372651,1,2
372751,1,2
372852,1,2
372952,1,2
373052,1,2
373152,1,2
373252,1,2
373352,1,2
373452,1,2
373552,1,2
373652,1,2
373752,1,2
373852,1,2
373952,1,2
374052,1,2
374152,1,2
374252,1,2
374352,1,2
374452,1,2
374552,1,2
374652,1,2
374752,1,2
374852,1,2
374952,1,2
375052,1,2
375152,1,2
375252,1,2
375352,1,2
375452,1,2
375550,1,2
375650,1,2
375751,1,2
375851,1,2
375951,1,2
376051,1,2
376151,1,2
376251,1,2
376351,1,2
376451,1,2
376551,1,2
376651,1,2
376751,1,2
376851,1,2
376951,1,2
377051,1,2
377151,1,2
377251,0,0
377351,0,0
377451,0,0
377551,0,0
377651,0,0
377751,0,0
377851,0,0
377951,0,0
378051,0,0
378151,0,0
378251,0,0
378351,0,0
378451,0,0
378551,0,0
378651,0,0
378751,0,0
378851,0,0
378951,0,0
379051,0,0
379151,0,0
379251,0,0
379351,0,0
379451,0,0
379552,0,0
379652,0,0
379752,0,0
379852,0,0
379952,0,0
380052,0,0
380152,0,0
380284,0,0
380384,0,1
380484,0,1
380584,0,1
380684,0,1
380784,0,1
380884,0,1
380984,0,1
381084,0,1
381184,0,1
381284,0,1
381384,0,1
381484,0,1
381584,0,1
381684,0,1
381784,0,1
381884,0,1
381984,0,1
382084,0,1
382184,0,1
382284,0,1
382384,0,1
382484,0,1
382584,0,1
382684,0,1
382784,0,1
382884,0,1
382984,0,1
383084,0,1
383184,0,1
383284,0,1
383384,0,1
383484,0,1
383584,0,1
383684,0,1
383784,0,1
383884,0,1
383984,0,1
384084,0,1
384184,0,1
384284,0,1
384384,0,0
384484,0,0
384584,0,0
384684,0,0
384784,0,0
384884,0,0
384984,0,0
385084,0,0
385184,0,0
385284,0,0
385384,0,0
385484,0,0
385584,0,0
385684,0,0
385784,0,0
385884,0,0
385984,0,0
386084,0,0
386184,0,0
386284,0,0
386384,0,0
386484,0,0
386584,0,0
386684,0,0
386784,0,0
386884,0,0
386984,0,0
387084,0,0
387184,0,0
387284,0,0
387384,0,0
387484,0,0
387581,0,0
387681,0,0
387781,0,0
387881,0,0
387981,0,0
388081,0,0
388181,0,0
388281,0,0
388381,0,0
388481,0,0
388581,0,0
388681,0,0
388781,0,0
388881,0,0
389186,0,0
389286,0,1
389386,0,1
389486,0,1
389597,0,1
389697,1,2
389797,1,2
389897,1,2
390004,1,2
390104,1,2
390204,1,2
390304,1,2
390404,1,2
390504,1,2
390604,1,2
390704,1,2
390804,1,2
390904,1,2
391004,1,2
391104,1,2
391204,1,2
391304,1,2
391404,1,2
391505,1,2
391605,1,2
391705,1,2
391805,1,2
391905,1,2
392006,1,2
392106,1,2
392206,1,2
392306,1,2
392406,1,2
392506,1,2
392606,1,2
392706,1,2
392806,1,2
392906,1,2
393006,1,2
393106,1,2
393206,1,2
393306,1,2
393406,1,2
393506,1,2
393606,1,2
393706,1,2
393806,1,2
393906,1,2
394006,1,2
394106,1,2
394206,1,2
394306,1,2
394406,1,2
394506,1,2
394606,1,2
394706,1,2
394806,1,2
394906,1,2
395006,1,2
395106,1,2
395206,1,2
395306,1,2
395406,1,2
395508,1,2
395608,1,2
395708,1,2
395808,1,2
395908,1,2
396008,1,2
396108,1,2
396208,1,2
396308,1,2
396408,1,2
396508,1,2
396608,1,2
396708,1,2
396808,1,2
396908,1,2
397008,1,2
397108,1,2
397208,1,2
397308,1,2
397408,1,2
397508,1,2
397608,1,2
397708,1,2
397808,1,2
397908,1,2
398008,1,2
398108,0,0
398208,0,0
398308,0,0
398408,0,0
398508,0,0
398608,0,0
398708,0,0
398808,0,0
398908,0,0
399008,0,0
399108,0,0
399208,0,0
399308,0,0
399408,0,0
399508,0,0
399608,0,0
399708,0,0
399808,0,0
399908,0,0
400008,0,0
400108,0,0
400208,0,0
400308,0,0
400408,0,0
400508,0,0
400608,0,0
400708,0,0
400808,0,0
400908,0,0
401008,0,0
401108,0,0
401208,0,0
401308,0,0
401408,0,0
401508,0,0
401608,0,0
401708,0,0
401808,0,0
401908,0,0
402008,0,0
402108,0,0
402208,0,0
402308,0,0
402408,0,0
402508,0,0
402608,0,0
402708,0,0
402808,0,0
402908,0,0
403008,0,0
403108,0,0
403208,0,0
403308,0,0
403408,0,0
403508,0,0
403608,0,0
403708,0,0
403808,0,0
403908,0,0
404008,0,0
404108,0,0
404208,0,0
404308,0,0
404408,0,0
404508,0,0
404608,0,0
404708,0,0
404808,0,0
404908,0,0
405008,0,0
405108,0,0
405208,0,0
405308,0,0
405408,0,0
405508,0,0
405608,0,0
405708,0,0
405808,0,0
405908,0,0
406008,0,0
406108,0,0
406208,0,0
406308,0,0
406408,0,0
406508,0,0
406608,0,0
406708,0,0
406808,0,0
406908,0,0
407008,0,0
407108,0,0
407208,0,0
407308,0,0
407408,0,0
407508,0,0
407608,0,0
407708,0,0
407808,0,0
407908,0,0
408008,0,0
408108,0,0
408208,0,0
408308,0,0
408408,0,0
408508,0,0
408608,0,0
408708,0,0
408808,0,0
408908,0,0
409008,0,0
409108,0,0
409208,0,0
409308,0,0
409408,0,0
409508,0,0
409608,0,0
409708,0,0
409808,0,0
409908,0,0
410008,0,0
410108,0,0
410208,0,0
410308,0,0
410408,0,0
410508,0,0
410608,0,0
410708,0,0
410808,0,0
410908,0,0
411008,0,0
411108,0,0
411208,0,0
411308,0,0
411408,0,0
411508,0,0
411608,0,0
411708,0,0
411808,0,0
411908,0,0
412008,0,0
412108,0,0
412208,0,0
412308,0,0
412408,0,0
412508,0,0
412608,0,0
412708,0,0
412808,0,0
412908,0,0
413008,0,0
413108,0,0
413208,0,0
413308,0,0
413408,0,0
413508,0,0
413608,0,0
413708,0,0
413808,0,0
413908,0,0
414008,0,0
414108,0,0
414208,0,0
414308,0,0
414408,0,0
414508,0,0
414608,0,0
414708,0,0
414808,0,0
414908,0,0
415008,0,0
415108,0,0
415208,0,0
415308,0,0
415408,0,0
415508,0,0
415608,0,0
415708,0,0
415808,0,0
415908,0,0
416007,0,0
416107,0,0
416207,0,0
416307,0,0
416407,0,0
416507,0,0
416607,0,0
417034,0,0
417134,0,1
417234,0,1
417334,0,1
417434,0,1
417534,0,1
417634,0,1
417735,0,1
417835,0,1
417935,0,1
418035,0,1
418135,0,1
418235,0,1
418335,0,1
418435,0,1
418535,0,1
418635,0,1
418735,0,1
418835,0,1
418935,0,1
419035,0,1
419135,0,1
419235,0,1
419335,0,1
419435,0,1
419535,0,1
419635,0,1
419735,0,1
419835,0,1
419935,0,1
420021,0,1
420121,0,1
420221,0,1
420321,0,1
420421,0,1
420521,0,1
420621,0,1
420721,0,1
420821,0,1
420921,0,1
421049,0,0
421149,0,0
421626,0,0
421726,0,1
421826,0,1
421926,0,1
422026,0,1
422126,0,1
422226,0,1
422326,0,1
422426,0,1
422526,0,1
422626,0,1
422726,0,1
422826,0,1
422927,0,1
423027,0,1
423127,0,1
423227,0,1
423327,0,1
423427,0,1
423527,0,1
423627,0,1
423727,0,1
423827,0,1
423941,0,1
424041,0,1
424141,0,1
424241,0,1
424341,0,1
424441,0,1
424541,0,1
424641,0,1
424741,0,1
424841,0,1
424941,0,1
425041,0,1
425141,0,1
425241,0,1
425341,0,1
425441,0,1
425541,0,1
425668,0,0
425768,0,0
425868,0,0
425968,0,0
426068,0,0
426168,0,0
426269,0,0
426369,0,0
426469,0,0
426569,0,0
426669,0,0
426769,0,0
426869,0,0
426969,0,0
427069,0,0
427169,0,0
427269,0,0
427369,0,0
427469,0,0
427569,0,0
427669,0,0
427769,0,0
427869,0,0
427968,0,0
428068,0,0
428168,0,0
428268,0,0
428368,0,0
428468,0,0
428568,0,0
428668,0,0
428768,0,0
428868,0,0
428968,0,0
429068,0,0
429169,0,0
429269,0,0
429369,0,0
429932,0,0
430032,0,1
430132,0,1
430232,0,1
430375,0,1
430475,1,2
430575,1,2
430675,1,2
430775,1,2
430876,1,2
430976,1,2
431076,1,2
431176,1,2
431276,1,2
431376,1,2
431476,1,2
431576,1,2
431676,1,2
431776,1,2
431876,1,2
431977,1,2
432077,1,2
432177,1,2
432277,1,2
432404,0,0
432504,0,0
432604,0,0
432704,0,0
432804,0,0
432904,0,0
433004,0,0
433104,0,0
433204,0,0
433304,0,0
433404,0,0
433504,0,0
433604,0,0
433704,0,0
433804,0,0
433904,0,0
434004,0,0
434104,0,0
434205,0,0
434305,0,0
434912,0,0
435012,0,1
435112,0,1
435212,0,1
435312,0,1
435412,0,1
435512,0,1
435613,0,1
435713,0,1
435813,0,1
435913,0,1
436013,0,1
436113,0,1
436213,0,1
436313,0,1
436413,0,1
436513,0,1
436613,0,1
436713,0,1
436813,0,1
436913,0,1
437013,0,1
437113,0,1
437213,0,1
437313,0,1
437413,0,1
437513,0,1
437613,0,1
437713,0,1
437813,0,1
437913,0,1
438013,0,1
438113,0,1
438213,0,1
438313,0,1
438413,0,1
438514,0,1
438614,0,1
438714,0,1
438814,0,1
438941,0,0
439041,0,0
439141,0,0
439241,0,0
439341,0,0
439441,0,0
439541,0,0
439641,0,0
439741,0,0
439841,0,0
439941,0,0
440028,0,0
440128,0,0
440228,0,0
440328,0,0
440428,0,0
440528,0,0
440628,0,0
440728,0,0
440828,0,0
440928,0,0
441028,0,0
441128,0,0
441228,0,0
441328,0,0
441428,0,0
441528,0,0
441628,0,0
441728,0,0
441829,0,0
441929,0,0
442029,0,0
442129,0,0
442229,0,0
442329,0,0
442429,0,0
442529,0,0
442843,0,0
442943,0,1
443043,0,1
443143,0,1
443243,0,1
443343,0,1
443443,0,1
443543,0,1
443643,0,1
443743,0,1
443843,0,1
443954,0,1
444054,0,1
444154,0,1
444254,0,1
444354,0,1
444454,0,1
444554,0,1
444654,0,1
444754,0,1
444854,0,1
444955,0,1
445055,0,1
445155,0,1
445255,0,1
445355,0,1
445455,0,1
445555,0,1
445655,0,1
445755,0,1
445855,0,1
445955,0,1
446055,0,1
446155,0,1
446255,0,1
446355,0,1
446455,0,1
446555,0,1
446655,0,1
446755,0,1
446883,0,0
446983,0,0
447083,0,0
447183,0,0
447283,0,0
447739,0,0
447839,0,1
447939,0,1
448027,0,1
448127,0,1
448228,0,1
448328,0,1
448428,0,1
448528,0,1
448628,0,1
448728,0,1
448828,0,1
448928,0,1
449028,0,1
449128,0,1
449228,0,1
449328,0,1
449428,0,1
449528,0,1
449628,0,1
449728,0,1
449828,0,1
449928,0,1
450028,0,1
450128,0,1
450228,0,1
450328,0,1
450428,0,1
450528,0,1
450628,0,1
450728,0,1
450828,0,1
450928,0,1
451028,0,1
451129,0,1
451229,0,1
451329,0,1
451429,0,1
451529,0,1
451629,0,1
451755,0,0
451855,0,0
451968,0,0
452068,0,0
452168,0,0
452268,0,0
452368,0,0
452468,0,0
452568,0,0
452668,0,0
452768,0,0
452868,0,0
452968,0,0
453068,0,0
453168,0,0
453268,0,0
453368,0,0
453468,0,0
453568,0,0
453668,0,0
453768,0,0
453868,0,0
453968,0,0
454068,0,0
454168,0,0
454268,0,0
454368,0,0
454468,0,0
454568,0,0
454668,0,0
454769,0,0
454869,0,0
454969,0,0
455069,0,0
455169,0,0
455269,0,0
455369,0,0
455469,0,0
455930,0,0
456030,0,1
456130,0,1
456225,0,1
456325,0,1
456425,0,1
456525,0,1
456625,0,1
456725,0,1
456825,0,1
456925,0,1
457025,0,1
457125,0,1
457225,0,1
457325,0,1
457425,0,1
457525,0,1
457625,0,1
457725,0,1
457825,0,1
457925,0,1
458025,0,1
458125,0,1
458225,0,1
458325,0,1
458425,0,1
458525,0,1
458625,0,1
458725,0,1
458825,0,1
458925,0,1
459025,0,1
459125,0,1
459225,0,1
459325,0,1
459425,0,1
459525,0,1
459625,0,1
459725,0,1
459825,0,1
459925,0,1
460025,0,0
460125,0,0
460225,0,0
460325,0,0
460425,0,0
460525,0,0
460625,0,0
460725,0,0
460825,0,0
460925,0,0
461025,0,0
461125,0,0
461225,0,0
461325,0,0
461425,0,0
461525,0,0
461625,0,0
461725,0,0
461825,0,0
461925,0,0
462025,0,0
462125,0,0
462225,0,0
462325,0,0
462425,0,0
462525,0,0
462625,0,0
462725,0,0
462825,0,0
462925,0,0
463025,0,0
463125,0,0
463225,0,0
463325,0,0
463425,0,0
463525,0,0
463625,0,0
463725,0,0
463825,0,0
463925,0,0
464025,0,0
464125,0,0
464225,0,0
464325,0,0
464425,0,0
464525,0,0
464625,0,0
464725,0,0
464825,0,0
464925,0,0
465025,0,0
465125,0,0
465225,0,0
465325,0,0
465425,0,0
465525,0,0
465625,0,0
465725,0,0
465825,0,0
465925,0,0
466025,0,0
466125,0,0
466225,0,0
466325,0,0
466425,0,0
466525,0,0
466625,0,0
466725,0,0
466825,0,0
466925,0,0
467025,0,0
467125,0,0
467225,0,0
467325,0,0
467425,0,0
467525,0,0
467625,0,0
467725,0,0
467825,0,0
467925,0,0
468025,0,0
468125,0,0
468225,0,0
468325,0,0
468425,0,0
468525,0,0
468625,0,0
468725,0,0
468825,0,0
468925,0,0
469025,0,0
469125,0,0
469225,0,0
469325,0,0
469425,0,0
469525,0,0
469625,0,0
469725,0,0
469825,0,0
469925,0,0
470025,0,0
470125,0,0
470225,0,0
470325,0,0
470425,0,0
470525,0,0
470625,0,0
470725,0,0
470825,0,0
470925,0,0
471025,0,0
471125,0,0
471225,0,0
471325,0,0
471425,0,0
471525,0,0
471625,0,0
471725,0,0
471825,0,0
471925,0,0
472025,0,0
472125,0,0
472225,0,0
472329,0,0
472835,0,0
472935,0,1
473035,0,1
473135,0,1
473235,1,2
473335,1,2
473435,1,2
473535,1,2
473635,1,2
473735,1,2
473835,1,2
473935,1,2
474035,1,2
474135,1,2
474235,1,2
474335,1,2
474435,1,2
474535,1,2
474635,1,2
474736,1,2
474836,1,2
474936,1,2
475036,1,2
475136,1,2
475259,0,0
475359,0,0
475459,0,0
475559,0,0
475659,0,0
475760,0,0
475860,0,0
475960,0,0
476060,0,0
476160,0,0
476260,0,0
476359,0,0
476459,0,0
476559,0,0
476659,0,0
476759,0,0
476859,0,0
476959,0,0
477059,0,0
477159,0,0
477259,0,0
477521,0,0
477621,0,1
477722,0,1
477822,0,1
477922,0,1
478022,0,1
478122,0,1
478222,0,1
478322,0,1
478422,0,1
478522,0,1
478622,0,1
478722,0,1
478822,0,1
478922,0,1
479022,0,1
479122,0,1
479222,0,1
479322,0,1
479422,0,1
479522,0,1
479622,0,1
479722,0,1
479822,0,1
479922,0,1
480022,0,1
480122,0,1
480222,0,1
480323,0,1
480423,0,1
480523,0,1
480624,0,1
480724,0,1
480824,0,1
480924,0,1
481024,0,1
481124,0,1
481224,0,1
481324,0,1
481424,0,1
481550,0,0
481650,0,0
481750,0,0
481850,0,0
481950,0,0
482050,0,0
482626,0,0
482726,0,1
482826,0,1
482926,0,1
483026,0,1
483126,0,1
483227,0,1
483327,0,1
483427,0,1
483527,0,1
483627,0,1
483727,0,1
483827,0,1
483927,0,1
484027,0,1
484127,0,1
484227,0,1
484327,0,1
484427,0,1
484527,0,1
484627,0,1
484727,0,1
484827,0,1
484927,0,1
485027,0,1
485127,0,1
485227,0,1
485327,0,1
485427,0,1
485527,0,1
485627,0,1
485727,0,1
485827,0,1
485927,0,1
486027,0,1
486128,0,1
486228,0,1
486328,0,1
486428,0,1
486528,0,1
486655,0,0
486755,0,0
486855,0,0
486955,0,0
487055,0,0
487155,0,0
487255,0,0
487355,0,0
487455,0,0
487555,0,0
487655,0,0
487755,0,0
487855,0,0
487955,0,0
488055,0,0
488155,0,0
488255,0,0
488352,0,0
488452,0,0
488552,0,0
488652,0,0
488752,0,0
488852,0,0
488952,0,0
489052,0,0
489152,0,0
489252,0,0
489352,0,0
489453,0,0
489553,0,0
489653,0,0
489753,0,0
489853,0,0
489953,0,0
490053,0,0
490153,0,0
490253,0,0
490353,0,0
490453,0,0
490553,0,0
490653,0,0
490753,0,0
490853,0,0
490953,0,0
491053,0,0
491153,0,0
491253,0,0
491353,0,0
491453,0,0
491553,0,0
491653,0,0
491753,0,0
491853,0,0
491953,0,0
492053,0,0
492153,0,0
492253,0,0
492356,0,0
492456,0,0
492556,0,0
492656,0,0
492756,0,0
492856,0,0
492956,0,0
493056,0,0
493156,0,0
493256,0,0
493356,0,0
493456,0,0
493556,0,0
493656,0,0
493756,0,0
493856,0,0
493956,0,0
494056,0,0
494156,0,0
494256,0,0
494356,0,0
494456,0,0
494556,0,0
494656,0,0
494756,0,0
494856,0,0
494956,0,0
495056,0,0
495156,0,0
495256,0,0
495356,0,0
495456,0,0
495556,0,0
495656,0,0
495756,0,0
495856,0,0
495956,0,0
496056,0,0
496156,0,0
496256,0,0
496357,0,0
496457,0,0
496557,0,0
496657,0,0
496757,0,0
496857,0,0
496957,0,0
497057,0,0
497157,0,0
497257,0,0
497357,0,0
497457,0,0
497557,0,0
497657,0,0
497757,0,0
497857,0,0
497957,0,0
498057,0,0
498157,0,0
498257,0,0
498357,0,0
498457,0,0
498557,0,0
498657,0,0
498757,0,0
498857,0,0
498957,0,0
499057,0,0
499157,0,0
499257,0,0
499357,0,0
499457,0,0
499557,0,0
499657,0,0
499757,0,0
499857,0,0
499957,0,0
500057,0,0
500157,0,0
500257,0,0
500357,0,0
500457,0,0
500557,0,0
500657,0,0
500757,0,0
500857,0,0
500957,0,0
501057,0,0
501157,0,0
501257,0,0
501357,0,0
501457,0,0
501557,0,0
501657,0,0
501757,0,0
501857,0,0
501957,0,0
502057,0,0
502157,0,0
502257,0,0
502357,0,0
502457,0,0
502557,0,0
502657,0,0
502757,0,0
502857,0,0
502957,0,0
503057,0,0
503157,0,0
503257,0,0
503357,0,0
503457,0,0
503557,0,0
503657,0,0
503757,0,0
503857,0,0
503957,0,0
504057,0,0
504157,0,0
504257,0,0
504355,0,0
504455,0,0
504555,0,0
504655,0,0
504755,0,0
504855,0,0
504955,0,0
505055,0,0
505155,0,0
505255,0,0
505355,0,0
505455,0,0
505555,0,0
505655,0,0
505755,0,0
505855,0,0
505955,0,0
506055,0,0
506155,0,0
506255,0,0
506355,0,0
506455,0,0
506555,0,0
506655,0,0
506755,0,0
506855,0,0
506955,0,0
507055,0,0
507155,0,0
507255,0,0
507355,0,0
507455,0,0
507555,0,0
507655,0,0
507755,0,0
507855,0,0
507955,0,0
508055,0,0
508155,0,0
508255,0,0
508355,0,0
508455,0,0
508555,0,0
508655,0,0
508755,0,0
508855,0,0
508955,0,0
509055,0,0
509155,0,0
509255,0,0
509355,0,0
509455,0,0
509555,0,0
509655,0,0
509755,0,0
509855,0,0
509955,0,0
510055,0,0
510155,0,0
510255,0,0
510355,0,0
510455,0,0
510555,0,0
510655,0,0
510755,0,0
510855,0,0
510955,0,0
511055,0,0
511155,0,0
511255,0,0
511355,0,0
511455,0,0
511555,0,0
511655,0,0
511755,0,0
511855,0,0
511955,0,0
512055,0,0
512155,0,0
512255,0,0
512355,0,0
512455,0,0
512555,0,0
512655,0,0
512755,0,0
512855,0,0
512955,0,0
513055,0,0
513155,0,0
513255,0,0
513355,0,0
513455,0,0
513555,0,0
513655,0,0
513755,0,0
513855,0,0
513955,0,0
514055,0,0
514155,0,0
514255,0,0
514355,0,0
514455,0,0
514555,0,0
514655,0,0
514755,0,0
514855,0,0
514955,0,0
515055,0,0
515155,0,0
515255,0,0
515355,0,0
515455,0,0
515555,0,0
515655,0,0
515755,0,0
515855,0,0
515955,0,0
516055,0,0
516155,0,0
516255,0,0
516355,0,0
516455,0,0
516555,0,0
516655,0,0
516755,0,0
516855,0,0
516955,0,0
517055,0,0
517155,0,0
517255,0,0
517355,0,0
517455,0,0
517555,0,0
517655,0,0
517755,0,0
517855,0,0
517955,0,0
518055,0,0
518155,0,0
518255,0,0
518355,0,0
518455,0,0
518555,0,0
518655,0,0
518755,0,0
518855,0,0
518955,0,0
519055,0,0
519155,0,0
519255,0,0
519355,0,0
519455,0,0
519555,0,0
519655,0,0
519755,0,0
519855,0,0
519955,0,0
520055,0,0
520155,0,0
520255,0,0
520355,0,0
520455,0,0
520555,0,0
520655,0,0
520755,0,0
520855,0,0
520955,0,0
521055,0,0
521155,0,0
521255,0,0
521355,0,0
521455,0,0
521555,0,0
521655,0,0
521755,0,0
521855,0,0
521955,0,0
522055,0,0
522155,0,0
522255,0,0
522355,0,0
522455,0,0
522555,0,0
522655,0,0
522755,0,0
522855,0,0
522955,0,0
523055,0,0
523155,0,0
523255,0,0
523355,0,0
523455,0,0
523555,0,0
523655,0,0
523755,0,0
523855,0,0
523955,0,0
524055,0,0
524155,0,0
524255,0,0
524355,0,0
524455,0,0
524555,0,0
524655,0,0
524755,0,0
524855,0,0
524955,0,0
525055,0,0
525155,0,0
525255,0,0
525355,0,0
525455,0,0
525555,0,0
525655,0,0
525755,0,0
525855,0,0
525955,0,0
526055,0,0
526155,0,0
526255,0,0
526355,0,0
526455,0,0
526555,0,0
526655,0,0
526755,0,0
526855,0,0
526955,0,0
527055,0,0
527155,0,0
527255,0,0
527355,0,0
527455,0,0
527555,0,0
527655,0,0
527755,0,0
527855,0,0
527955,0,0
528055,0,0
528155,0,0
528255,0,0
528355,0,0
528455,0,0
528555,0,0
528655,0,0
528755,0,0
528855,0,0
528955,0,0
529055,0,0
529155,0,0
529255,0,0
529355,0,0
529455,0,0
529555,0,0
529655,0,0
529755,0,0
529855,0,0
529955,0,0
530055,0,0
530155,0,0
530255,0,0
530355,0,0
530455,0,0
530555,0,0
530655,0,0
530755,0,0
530855,0,0
530955,0,0
531055,0,0
531155,0,0
531255,0,0
531355,0,0
531455,0,0
531555,0,0
531655,0,0
531755,0,0
531855,0,0
531955,0,0
532055,0,0
532155,0,0
532255,0,0
532355,0,0
532455,0,0
532555,0,0
532655,0,0
532755,0,0
532855,0,0
532955,0,0
533055,0,0
533155,0,0
533255,0,0
533355,0,0
533456,0,0
533556,0,0
533656,0,0
533756,0,0
533856,0,0
534180,0,0
534280,0,1
534380,0,1
534480,0,1
534580,0,1
534680,0,1
534780,0,1
534880,0,1
534980,0,1
535080,0,1
535180,0,1
535280,0,1
535380,0,1
535480,0,1
535580,0,1
535680,0,1
535780,0,1
535880,0,1
535980,0,1
536080,0,1
536180,0,1
536280,0,1
536380,0,1
536480,0,1
536580,0,1
536680,0,1
536780,0,1
536880,0,1
536980,0,1
537080,0,1
537180,0,1
537280,0,1
537380,0,1
537479,0,1
537579,0,1
537679,0,1
537779,0,1
537879,0,1
537979,0,1
538079,0,1
538179,0,1
538279,0,0
538379,0,0
538479,0,0
538579,0,0
538679,0,0
538779,0,0
538879,0,0
538979,0,0
539079,0,0
539179,0,0
539279,0,0
539379,0,0
539479,0,0
539579,0,0
539679,0,0
539779,0,0
539879,0,0
539979,0,0
540079,0,0
540179,0,0
540279,0,0
540379,0,0
540479,0,0
540579,0,0
540679,0,0
540779,0,0
540879,0,0
540979,0,0
541079,0,0
541179,0,0
541279,0,0
541379,0,0
541479,0,0
541579,0,0
541679,0,0
541779,0,0
541879,0,0
541979,0,0
542079,0,0
542179,0,0
542279,0,0
542379,0,0
542479,0,0
542579,0,0
542679,0,0
542779,0,0
542879,0,0
542979,0,0
543079,0,0
543179,0,0
543279,0,0
543379,0,0
543479,0,0
543579,0,0
543679,0,0
543779,0,0
543879,0,0
543979,0,0
544079,0,0
544179,0,0
544279,0,0
544379,0,0
544479,0,0
544579,0,0
544679,0,0
544779,0,0
544879,0,0
544979,0,0
545079,0,0
545179,0,0
545279,0,0
545379,0,0
545479,0,0
545579,0,0
545679,0,0
545779,0,0
545879,0,0
545979,0,0
546079,0,0
546179,0,0
546279,0,0
546379,0,0
546479,0,0
546579,0,0
546679,0,0
546779,0,0
546879,0,0
546979,0,0
547079,0,0
547179,0,0
547279,0,0
547379,0,0
547479,0,0
547579,0,0
547679,0,0
547779,0,0
547879,0,0
547979,0,0
548079,0,0
548179,0,0
548279,0,0
548379,0,0
548479,0,0
548579,0,0
548679,0,0
548779,0,0
548879,0,0
548979,0,0
549079,0,0
549179,0,0
549279,0,0
549379,0,0
549479,0,0
549579,0,0
549679,0,0
549779,0,0
549879,0,0
549979,0,0
550079,0,0
550179,0,0
550279,0,0
550379,0,0
550479,0,0
550579,0,0
550679,0,0
550779,0,0
550879,0,0
550979,0,0
551079,0,0
551179,0,0
551279,0,0
551379,0,0
551479,0,0
551579,0,0
551679,0,0
551779,0,0
551879,0,0
551979,0,0
552079,0,0
552179,0,0
552279,0,0
552379,0,0
552479,0,0
552579,0,0
552679,0,0
552779,0,0
552879,0,0
552979,0,0
553079,0,0
553179,0,0
553279,0,0
553379,0,0
553479,0,0
553579,0,0
553679,0,0
553779,0,0
553879,0,0
553979,0,0
554079,0,0
554179,0,0
554279,0,0
554379,0,0
554479,0,0
554579,0,0
554679,0,0
554779,0,0
554879,0,0
554979,0,0
555079,0,0
555179,0,0
555279,0,0
555379,0,0
555479,0,0
555579,0,0
555679,0,0
555779,0,0
555879,0,0
555979,0,0
556079,0,0
556179,0,0
556279,0,0
556379,0,0
556479,0,0
556579,0,0
556679,0,0
556779,0,0
556879,0,0
556979,0,0
557079,0,0
557179,0,0
557279,0,0
557379,0,0
557478,0,0
557578,0,0
557678,0,0
557778,0,0
557878,0,0
557978,0,0
558078,0,0
558178,0,0
558278,0,0
558378,0,0
558478,0,0
558578,0,0
558678,0,0
558778,0,0
558878,0,0
558978,0,0
559078,0,0
559178,0,0
559278,0,0
559378,0,0
559478,0,0
559578,0,0
559678,0,0
559778,0,0
559878,0,0
559978,0,0
560078,0,0
560178,0,0
560278,0,0
560378,0,0
560478,0,0
560578,0,0
560678,0,0
560778,0,0
560878,0,0
560978,0,0
561078,0,0
561178,0,0
561278,0,0
561378,0,0
561478,0,0
561578,0,0
561678,0,0
561778,0,0
561878,0,0
561978,0,0
562078,0,0
562178,0,0
562278,0,0
562378,0,0
562478,0,0
562578,0,0
562678,0,0
562778,0,0
562878,0,0
562978,0,0
563078,0,0
563178,0,0
563278,0,0
563378,0,0
563478,0,0
563578,0,0
563678,0,0
563778,0,0
563878,0,0
563978,0,0
564078,0,0
564178,0,0
564278,0,0
564378,0,0
564478,0,0
564578,0,0
564678,0,0
564778,0,0
564878,0,0
564978,0,0
565078,0,0
565178,0,0
565278,0,0
565378,0,0
565478,0,0
565578,0,0
565678,0,0
565778,0,0
565878,0,0
565978,0,0
566078,0,0
566178,0,0
566278,0,0
566378,0,0
566478,0,0
566578,0,0
566678,0,0
566778,0,0
566878,0,0
566978,0,0
567078,0,0
567178,0,0
567278,0,0
567378,0,0
567478,0,0
567578,0,0
567678,0,0
567778,0,0
567878,0,0
567978,0,0
568078,0,0
568178,0,0
568278,0,0
568378,0,0
568478,0,0
568578,0,0
568678,0,0
568778,0,0
568878,0,0
568978,0,0
569078,0,0
569178,0,0
569278,0,0
569378,0,0
569479,0,0
569579,0,0
569679,0,0
569779,0,0
569879,0,0
569979,0,0
570079,0,0
570179,0,0
570279,0,0
570379,0,0
570479,0,0
570579,0,0
570679,0,0
570779,0,0
570879,0,0
570979,0,0
571079,0,0
571179,0,0
571279,0,0
571379,0,0
571479,0,0
571579,0,0
571679,0,0
571779,0,0
571879,0,0
572148,0,0
572248,0,1
572348,0,1
572448,0,1
572548,0,1
572648,0,1
572748,0,1
572848,0,1
572948,0,1
573048,0,1
573148,0,1
573248,0,1
573348,0,1
573446,0,1
573546,0,1
573646,0,1
573746,0,1
573847,0,1
573947,0,1
574047,0,1
574147,0,1
574247,0,1
574347,0,1
574447,0,1
574547,0,1
574647,0,1
574747,0,1
574847,0,1
574947,0,1
575047,0,1
575147,0,1
575247,0,1
575347,0,1
575447,0,1
575547,0,1
575647,0,1
575747,0,1
575847,0,1
575947,0,1
576047,0,1
576175,0,0
576275,0,0
576375,0,0
576475,0,0
576575,0,0
576675,0,0
576775,0,0
576876,0,0
576976,0,0
577076,0,0
577176,0,0
577276,0,0
577376,0,0
577476,0,0
577576,0,0
577676,0,0
577776,0,0
577876,0,0
577976,0,0
578076,0,0
578176,0,0
578276,0,0
578376,0,0
578476,0,0
578576,0,0
578676,0,0
578776,0,0
578876,0,0
578976,0,0
579076,0,0
579176,0,0
579276,0,0
579376,0,0
579476,0,0
579576,0,0
579676,0,0
579777,0,0
580005,0,0
580105,0,0
580205,0,0
580305,0,0
580405,0,0
580505,0,0
580605,0,0
580705,0,0
580805,0,0
580905,0,0
581005,0,0
581105,0,0
581205,0,0
581305,0,0
581405,0,0
581505,0,0
581605,0,0
581705,0,0
581805,0,0
581905,0,0
582005,0,0
582105,0,0
582205,0,0
582305,0,0
582405,0,0
582505,0,0
582605,0,0
582705,0,0
582805,0,0
582905,0,0
583005,0,0
583105,0,0
583205,0,0
583305,0,0
583405,0,0
583505,0,0
583605,0,0
583705,0,0
583805,0,0
583905,0,0
584005,0,0
584105,0,0
584205,0,0
584305,0,0
584405,0,0
584505,0,0
584605,0,0
584705,0,0
584805,0,0
584905,0,0
585005,0,0
585105,0,0
585205,0,0
585305,0,0
585405,0,0
585505,0,0
585605,0,0
585705,0,0
585805,0,0
585905,0,0
586005,0,0
586105,0,0
586205,0,0
586305,0,0
586405,0,0
586505,0,0
586605,0,0
586705,0,0
586805,0,0
586905,0,0
587005,0,0
587105,0,0
587205,0,0
587305,0,0
587405,0,0
587505,0,0
587605,0,0
587705,0,0
587805,0,0
587905,0,0
588005,0,0
588105,0,0
588205,0,0
588305,0,0
588405,0,0
588505,0,0
588605,0,0
588705,0,0
588805,0,0
588905,0,0
589005,0,0
589105,0,0
589205,0,0
589305,0,0
589405,0,0
589505,0,0
589605,0,0
589705,0,0
589805,0,0
589905,0,0
590005,0,0
590105,0,0
590205,0,0
590305,0,0
590405,0,0
590505,0,0
590605,0,0
590705,0,0
590805,0,0
590905,0,0
591005,0,0
591105,0,0
591205,0,0
591305,0,0
591405,0,0
591505,0,0
591605,0,0
591705,0,0
591805,0,0
591905,0,0
592005,0,0
592105,0,0
592205,0,0
592305,0,0
592405,0,0
592505,0,0
592605,0,0
592705,0,0
592805,0,0
592905,0,0
593005,0,0
593105,0,0
593205,0,0
593305,0,0
593405,0,0
593505,0,0
593605,0,0
593705,0,0
593805,0,0
593905,0,0
594005,0,0
594105,0,0
594205,0,0
594305,0,0
594405,0,0
594505,0,0
594605,0,0
594705,0,0
594805,0,0
594905,0,0
595005,0,0
595105,0,0
595205,0,0
595305,0,0
595405,0,0
595505,0,0
595605,0,0
595705,0,0
595805,0,0
595905,0,0
596005,0,0
596105,0,0
596205,0,0
596305,0,0
596405,0,0
596505,0,0
596605,0,0
596705,0,0
596805,0,0
596905,0,0
597005,0,0
597105,0,0
597205,0,0
597305,0,0
597405,0,0
597505,0,0
597605,0,0
597705,0,0
597805,0,0
597905,0,0
598005,0,0
598105,0,0
598205,0,0
598305,0,0
598405,0,0
598505,0,0
598605,0,0
598705,0,0
598805,0,0
598905,0,0
599005,0,0
599105,0,0
599205,0,0
599305,0,0
599405,0,0
599505,0,0
599605,0,0
599705,0,0
599805,0,0
599905,0,0
600005,0,0
600105,0,0
600205,0,0
600305,0,0
600405,0,0
600505,0,0
600605,0,0
600705,0,0
600805,0,0
600905,0,0
601005,0,0
601105,0,0
601205,0,0
601305,0,0
601405,0,0
601505,0,0
601605,0,0
601705,0,0
601805,0,0
601905,0,0
602005,0,0
602105,0,0
602205,0,0
602305,0,0
602405,0,0
602505,0,0
602605,0,0
602705,0,0
602805,0,0
602905,0,0
603005,0,0
603105,0,0
603205,0,0
603305,0,0
603405,0,0
603505,0,0
603605,0,0
603705,0,0
603805,0,0
