p:4000,20000,6000,600,8000,4000,2000,8000,100
16031,packet,1,0,0,1,56,8000
16045,event,0,0
16060,action,0,0
20030,packet,1,0,0,1,55,8000
20044,event,0,1
24043,packet,1,0,0,1,55,8000
24058,event,0,1
28040,packet,1,0,0,1,55,8000
28055,event,0,1
32049,packet,1,0,0,1,57,8000
32064,event,0,1
36054,packet,1,0,0,1,56,8000
36069,event,0,1
40071,packet,1,0,0,1,54,8000
40086,event,0,1
44067,packet,1,0,0,1,54,8000
44082,event,0,1
48076,packet,1,0,0,1,54,8000
48091,event,0,1
52166,packet,1,0,0,1,53,8000
52185,event,0,1
60200,event,1,1
60214,action,1,1
73605,packet,1,0,0,1,55,8000
73634,event,0,0
73649,action,0,0
77697,packet,1,0,0,1,55,8000
77711,event,0,1
81685,packet,1,0,0,1,56,8000
81700,event,0,1
85692,packet,1,0,0,1,54,8000
85707,event,0,1
89697,packet,1,0,0,1,54,8000
89711,event,0,1
93696,packet,1,0,0,1,54,8000
93712,event,0,1
97712,packet,1,0,0,1,54,8000
97727,event,0,1
101703,packet,1,0,0,1,54,8000
101718,event,0,1
105905,packet,1,0,0,1,54,8000
105921,event,0,1
109908,packet,1,0,0,1,55,8000
109928,event,0,1
117933,event,1,1
117948,action,1,1
125943,packet,1,0,0,1,56,8000
125958,event,0,0
125973,action,0,0
129928,packet,1,0,0,1,56,8000
129942,event,0,1
133958,packet,1,0,0,1,57,8000
133973,event,0,1
137947,packet,1,0,0,1,57,8000
137962,event,0,1
141936,packet,1,0,0,1,57,8000
141951,event,0,1
145963,packet,1,0,0,1,56,8000
145978,event,0,1
149973,packet,1,0,0,1,56,8000
149987,event,0,1
153956,packet,1,0,0,1,56,8000
153970,event,0,1
157981,packet,1,0,0,1,56,8000
158001,event,0,1
161982,packet,1,0,0,1,57,8000
161997,event,0,1
165981,packet,1,0,0,1,57,8000
165996,event,0,1
174006,event,1,1
174021,action,1,1
186004,packet,1,0,0,1,43,8000
186019,event,0,0
186033,action,0,0
190174,packet,1,0,0,1,43,8000
190189,event,0,1
193978,packet,1,0,0,1,42,8000
193993,event,0,1
197988,packet,1,0,0,1,43,8000
198015,event,0,1
201989,packet,1,0,0,1,43,8000
202003,event,0,1
205988,packet,1,0,0,1,43,8000
206002,event,0,1
209988,packet,1,0,0,1,43,8000
210003,event,0,1
213998,packet,1,0,0,1,43,8000
214013,event,0,1
218002,packet,1,0,0,1,43,8000
218017,event,0,1
222006,packet,1,0,0,1,43,8000
222021,event,0,1
230031,event,1,1
230045,action,1,1
242687,packet,1,0,0,1,62,8000
246718,packet,1,0,0,1,62,8000
250726,packet,1,0,0,1,63,8000
254915,packet,1,0,0,1,64,8000
258745,packet,1,0,0,1,64,8000
262725,packet,1,0,0,1,63,8000
266724,packet,1,0,0,1,64,8000
270727,packet,1,0,0,1,64,8000
274753,packet,1,0,0,1,64,8000
278750,packet,1,0,0,1,66,8000
299589,packet,1,0,0,1,47,8000
299609,event,0,0
299623,action,0,0
303584,packet,1,0,0,1,47,8000
303598,event,0,1
307588,packet,1,0,0,1,47,8000
307603,event,0,1
311586,packet,1,0,0,1,47,8000
311601,event,0,1
315585,packet,1,0,0,1,47,8000
315601,event,0,1
319587,packet,1,0,0,1,47,8000
319602,event,0,1
323587,packet,1,0,0,1,47,8000
323602,event,0,1
327590,packet,1,0,0,1,47,8000
327604,event,0,1
331594,packet,1,0,0,1,47,8000
331609,event,0,1
335619,packet,1,0,0,1,47,8000
335635,event,0,1
339605,packet,1,0,0,1,47,8000
339625,event,0,1
347639,event,1,1
347653,action,1,1
355637,packet,1,0,0,1,60,8000
359640,packet,1,0,0,1,56,8000
359655,event,0,0
359670,action,0,0
363648,packet,1,0,0,1,55,8000
363662,event,0,1
367832,packet,1,0,0,1,56,8000
367848,event,0,1
371830,packet,1,0,0,1,56,8000
371845,event,0,1
375834,packet,1,0,0,1,56,8000
375849,event,0,1
379844,packet,1,0,0,1,56,8000
379858,event,0,1
383844,packet,1,0,0,1,56,8000
383859,event,0,1
387851,packet,1,0,0,1,56,8000
387865,event,0,1
391861,packet,1,0,0,1,56,8000
391875,event,0,1
395945,packet,1,0,0,1,55,8000
395959,event,0,1
403974,event,1,1
403987,action,1,1
416037,packet,1,0,0,1,49,8000
416052,event,0,0
416065,action,0,0
420038,packet,1,0,0,1,49,8000
420053,event,0,1
424034,packet,1,0,0,1,49,8000
424048,event,0,1
428036,packet,1,0,0,1,49,8000
428050,event,0,1
432036,packet,1,0,0,1,49,8000
432050,event,0,1
436038,packet,1,0,0,1,49,8000
436053,event,0,1
440046,packet,1,0,0,1,50,8000
440061,event,0,1
444051,packet,1,0,0,1,49,8000
444069,event,0,1
448066,packet,1,0,0,1,48,8000
448080,event,0,1
452075,packet,1,0,0,1,48,8000
452089,event,0,1
456068,packet,1,0,0,1,48,8000
456082,event,0,1
464096,event,1,1
464109,action,1,1
472070,packet,1,0,0,1,56,8000
472085,event,0,0
472099,action,0,0
476045,packet,1,0,0,1,55,8000
476060,event,0,1
480249,packet,1,0,0,1,55,8000
480264,event,0,1
484072,packet,1,0,0,1,55,8000
484086,event,0,1
488069,packet,1,0,0,1,55,8000
488084,event,0,1
492069,packet,1,0,0,1,55,8000
492089,event,0,1
496071,packet,1,0,0,1,55,8000
496086,event,0,1
500072,packet,1,0,0,1,55,8000
500087,event,0,1
504075,packet,1,0,0,1,55,8000
504090,event,0,1
508079,packet,1,0,0,1,55,8000
508093,event,0,1
512077,packet,1,0,0,1,55,8000
512092,event,0,1
520106,event,1,1
520120,action,1,1
533210,packet,1,0,0,1,59,8000
533224,event,0,0
533239,action,0,0
537216,packet,1,0,0,1,60,8000
541230,event,1,1
541244,action,1,1
541258,packet,1,0,0,1,62,8000
545429,packet,1,0,0,1,61,8000
549435,packet,1,0,0,1,60,8000
553445,packet,1,0,0,1,59,8000
553461,event,0,0
553475,action,0,0
557445,packet,1,0,0,1,59,8000
557461,event,0,1
561447,packet,1,0,0,1,60,8000
565453,packet,1,0,0,1,60,8000
565469,event,1,1
565483,action,1,1
569460,packet,1,0,0,1,60,8000
573470,packet,1,0,0,1,60,8000
