p:4000,20000,6000,600,8000,4000,2000,8000,100
15039,0,0
15139,0,0
15239,0,0
15339,0,0
15439,0,0
15539,0,0
15639,0,0
15739,0,0
15839,0,0
15939,0,0
16039,0,0
16139,1,1
16239,1,1
16339,1,1
16439,1,1
16539,1,1
16639,1,1
16739,1,1
16839,1,1
16939,1,1
17039,1,1
17139,1,1
17239,1,1
17339,1,1
17439,1,1
17539,1,1
17639,1,1
17739,1,1
17839,1,1
17939,1,1
18039,1,1
18139,1,1
18239,1,1
18339,1,1
18439,1,1
18539,1,1
18639,1,1
18739,1,1
18839,1,1
18939,1,1
19035,1,1
19135,1,1
19235,1,1
19335,1,1
19435,1,1
19535,1,1
19635,1,1
19735,1,1
19835,1,1
19935,1,1
20035,1,1
20135,1,1
20235,1,1
20335,1,1
20435,1,1
20535,1,1
20635,1,1
20735,1,1
20835,1,1
20935,1,1
21035,1,1
21135,1,1
21235,1,1
21335,1,1
21435,1,1
21535,1,1
21635,1,1
21735,1,1
21835,1,1
21935,1,1
22035,1,1
22135,1,1
22235,1,1
22335,1,1
22435,1,1
22535,1,1
22635,1,1
22735,1,1
22835,1,1
22935,1,1
23031,1,1
23131,1,1
23231,1,1
23331,1,1
23431,1,1
23531,1,1
23631,1,1
23731,1,1
23831,1,1
23931,1,1
24031,1,1
24131,1,1
24231,1,1
24331,1,1
24431,1,1
24531,1,1
24631,1,1
24731,1,1
24831,1,1
24931,1,1
25031,1,1
25131,1,1
25231,1,1
25331,1,1
25431,1,1
25531,1,1
25631,1,1
25731,1,1
25831,1,1
25931,1,1
26031,1,1
26131,1,1
26231,1,1
26331,1,1
26431,1,1
26531,1,1
26631,1,1
26731,1,1
26831,1,1
26931,1,1
27031,1,1
27116,1,1
27216,1,1
27316,1,1
27416,1,1
27516,1,1
27616,1,1
27716,1,1
27816,1,1
27916,1,1
28016,1,1
28116,1,1
28216,1,1
28316,1,1
28416,1,1
28516,1,1
28616,1,1
28716,1,1
28816,1,1
28916,1,1
29016,1,1
29116,1,1
29216,1,1
29316,1,1
29416,1,1
29516,1,1
29616,1,1
29716,1,1
29816,1,1
29916,1,1
30016,1,1
30116,1,1
30216,1,1
30316,1,1
30416,1,1
30516,1,1
30616,1,1
30716,1,1
30816,1,1
30916,1,1
31016,1,1
31122,1,1
31222,1,1
31322,1,1
31422,1,1
31522,1,1
31622,1,1
31722,1,1
31822,1,1
31922,1,1
32022,1,1
32122,1,1
32222,1,1
32322,1,1
32422,1,1
32522,1,1
32622,1,1
32722,1,1
32822,1,1
32922,1,1
33022,1,1
33122,1,1
33222,1,1
33322,1,1
33422,1,1
33522,1,1
33622,1,1
33722,1,1
33822,1,1
33922,1,1
34022,1,1
34122,1,1
34222,1,1
34322,1,1
34422,1,1
34522,1,1
34622,1,1
34722,1,1
34822,1,1
34922,1,1
35022,1,1
35117,1,1
35217,1,1
35317,1,1
35417,1,1
35517,1,1
35617,1,1
35717,1,1
35817,1,1
35917,1,1
36017,1,1
36117,1,1
36217,1,1
36317,1,1
36417,1,1
36517,1,1
36617,1,1
36717,1,1
36817,1,1
36917,1,1
37017,1,1
37117,1,1
37217,1,1
37317,1,1
37417,1,1
37517,1,1
37617,1,1
37717,1,1
37817,1,1
37917,1,1
38017,1,1
38117,1,1
38217,1,1
38317,1,1
38417,1,1
38517,1,1
38617,1,1
38717,1,1
38817,1,1
38917,1,1
39017,1,1
39113,1,1
39213,1,1
39313,1,1
39413,1,1
39513,1,1
39613,1,1
39713,1,1
39813,1,1
39913,1,1
40013,1,1
40113,1,1
40213,1,1
40313,1,1
40413,1,1
40513,1,1
40613,1,1
40713,1,1
40813,1,1
40913,1,1
41013,1,1
41113,1,1
41213,1,1
41313,1,1
41413,1,1
41513,1,1
41613,1,1
41713,1,1
41813,1,1
41913,1,1
42013,1,1
42113,1,1
42213,1,1
42313,1,1
42413,1,1
42513,1,1
42613,1,1
42713,1,1
42813,1,1
42913,1,1
43013,1,1
43110,1,1
43210,1,1
43310,1,1
43410,1,1
43510,1,1
43610,1,1
43710,1,1
43810,1,1
43910,1,1
44010,1,1
44142,1,1
44242,1,1
44342,1,1
44442,1,1
44542,1,1
44642,1,1
44742,1,1
44842,1,1
44942,1,1
45042,1,1
45142,1,1
45242,1,1
45342,1,1
45442,1,1
45542,1,1
45642,1,1
45742,1,1
45842,1,1
45942,1,1
46042,1,1
46142,1,1
46242,1,1
46342,1,1
46442,1,1
46542,1,1
46642,1,1
46742,1,1
46842,1,1
46942,1,1
47042,1,1
47137,1,1
47237,1,1
47337,1,1
47437,1,1
47537,1,1
47637,1,1
47737,1,1
47837,1,1
47937,1,1
48037,1,1
48137,1,1
48237,1,1
48337,1,1
48437,1,1
48537,1,1
48637,1,1
48737,1,1
48837,1,1
48937,1,1
49037,1,1
49137,1,1
49237,1,1
49337,1,1
49437,1,1
49537,1,1
49637,1,1
49737,1,1
49837,1,1
49937,1,1
50037,1,1
50137,1,1
50237,1,1
50337,1,1
50437,1,1
50537,1,1
50637,1,1
50737,1,1
50837,1,1
50937,1,1
51037,1,1
51132,1,1
51232,1,1
51332,1,1
51432,1,1
51532,1,1
51632,1,1
51732,1,1
51832,1,1
51932,1,1
52032,1,1
52138,1,1
52238,1,1
52338,1,1
52438,1,1
52538,1,1
52638,1,1
52738,1,1
52838,1,1
52938,1,1
53038,1,1
53138,1,1
53238,1,1
53338,1,1
53438,1,1
53538,1,1
53638,1,1
53738,1,1
53838,1,1
53938,1,1
54038,1,1
54138,1,1
54238,1,1
54338,1,1
54438,1,1
54538,1,1
54638,1,1
54738,1,1
54839,1,1
54939,1,1
55039,1,1
55139,1,1
55239,1,1
55339,1,1
55439,1,1
55539,1,1
55639,1,1
55739,1,1
55839,1,1
55939,1,1
56039,1,1
56139,1,1
56239,1,1
56339,1,1
56439,1,1
56539,1,1
56639,1,1
56739,1,1
56839,1,1
56939,1,1
57039,1,1
57139,1,1
57239,1,1
57339,1,1
57439,1,1
57539,1,1
57639,1,1
57740,1,1
57840,1,1
57940,1,1
58040,1,1
58140,1,1
58240,1,1
58340,1,1
58440,1,1
58540,1,1
58640,1,1
58740,1,1
58840,1,1
58940,1,1
59040,1,1
59140,1,1
59240,1,1
59340,1,1
59440,1,1
59540,1,1
59640,1,1
59740,1,1
59840,1,1
59940,1,1
60040,1,1
60166,0,0
60266,0,0
60366,0,0
60466,0,0
60566,0,0
60666,0,0
60766,0,0
60866,0,0
60966,0,0
61066,0,0
61166,0,0
61266,0,0
61367,0,0
61467,0,0
61567,0,0
61667,0,0
61767,0,0
61867,0,0
61967,0,0
62067,0,0
62167,0,0
62267,0,0
62367,0,0
62467,0,0
62567,0,0
62667,0,0
62767,0,0
62867,0,0
62967,0,0
63067,0,0
63167,0,0
63267,0,0
63367,0,0
63467,0,0
63567,0,0
63667,0,0
63767,0,0
63867,0,0
63967,0,0
64067,0,0
64167,0,0
64268,0,0
64368,0,0
64468,0,0
64568,0,0
64668,0,0
64768,0,0
64868,0,0
64968,0,0
65068,0,0
65168,0,0
65268,0,0
65368,0,0
65468,0,0
65568,0,0
65668,0,0
65768,0,0
65868,0,0
65968,0,0
66068,0,0
66168,0,0
66268,0,0
66368,0,0
66468,0,0
66568,0,0
66668,0,0
66768,0,0
66868,0,0
66968,0,0
67068,0,0
67168,0,0
67268,0,0
67368,0,0
67468,0,0
67568,0,0
67668,0,0
67768,0,0
67868,0,0
67968,0,0
68068,0,0
68168,0,0
68268,0,0
68368,0,0
68468,0,0
68568,0,0
68668,0,0
68768,0,0
68868,0,0
68968,0,0
69068,0,0
69168,0,0
69268,0,0
69368,0,0
69468,0,0
69568,0,0
69668,0,0
69768,0,0
69868,0,0
69968,0,0
70068,0,0
70168,0,0
70268,0,0
70368,0,0
70468,0,0
70568,0,0
70668,0,0
70768,0,0
70868,0,0
70968,0,0
71068,0,0
71168,0,0
71268,0,0
71368,0,0
71468,0,0
71568,0,0
71668,0,0
71768,0,0
71868,0,0
71968,0,0
72068,0,0
72168,0,0
72268,0,0
72368,0,0
72468,0,0
72568,0,0
72668,0,0
72768,0,0
72868,0,0
72968,0,0
73068,0,0
73168,0,0
73268,0,0
73368,0,0
73468,0,0
73545,0,0
73645,1,1
73745,1,1
73845,1,1
73945,1,1
74045,1,1
74145,1,1
74245,1,1
74345,1,1
74445,1,1
74545,1,1
74645,1,1
74745,1,1
74845,1,1
74945,1,1
75045,1,1
75145,1,1
75245,1,1
75345,1,1
75445,1,1
75545,1,1
75645,1,1
75745,1,1
75845,1,1
75945,1,1
76045,1,1
76145,1,1
76245,1,1
76345,1,1
76445,1,1
76545,1,1
76645,1,1
76745,1,1
76845,1,1
76945,1,1
77045,1,1
77145,1,1
77245,1,1
77345,1,1
77445,1,1
77545,1,1
77636,1,1
77736,1,1
77836,1,1
77936,1,1
78036,1,1
78136,1,1
78236,1,1
78336,1,1
78436,1,1
78536,1,1
78636,1,1
78736,1,1
78836,1,1
78936,1,1
79036,1,1
79136,1,1
79236,1,1
79336,1,1
79436,1,1
79536,1,1
79636,1,1
79736,1,1
79836,1,1
79936,1,1
80036,1,1
80136,1,1
80236,1,1
80336,1,1
80436,1,1
80536,1,1
80636,1,1
80736,1,1
80836,1,1
80936,1,1
81036,1,1
81136,1,1
81236,1,1
81336,1,1
81436,1,1
81536,1,1
81637,1,1
81737,1,1
81837,1,1
81937,1,1
82037,1,1
82137,1,1
82237,1,1
82337,1,1
82437,1,1
82537,1,1
82637,1,1
82737,1,1
82837,1,1
82937,1,1
83037,1,1
83137,1,1
83237,1,1
83337,1,1
83437,1,1
83537,1,1
83637,1,1
83737,1,1
83837,1,1
83937,1,1
84037,1,1
84137,1,1
84237,1,1
84337,1,1
84437,1,1
84537,1,1
84637,1,1
84737,1,1
84837,1,1
84937,1,1
85037,1,1
85137,1,1
85237,1,1
85337,1,1
85437,1,1
85537,1,1
85653,1,1
85753,1,1
85853,1,1
85953,1,1
86053,1,1
86153,1,1
86253,1,1
86353,1,1
86453,1,1
86553,1,1
86653,1,1
86753,1,1
86853,1,1
86953,1,1
87053,1,1
87153,1,1
87253,1,1
87353,1,1
87453,1,1
87553,1,1
87653,1,1
87753,1,1
87853,1,1
87953,1,1
88053,1,1
88153,1,1
88253,1,1
88353,1,1
88453,1,1
88553,1,1
88653,1,1
88753,1,1
88853,1,1
88953,1,1
89053,1,1
89153,1,1
89253,1,1
89353,1,1
89453,1,1
89553,1,1
89648,1,1
89748,1,1
89848,1,1
89948,1,1
90048,1,1
90148,1,1
90248,1,1
90348,1,1
90448,1,1
90548,1,1
90648,1,1
90748,1,1
90848,1,1
90948,1,1
91048,1,1
91148,1,1
91248,1,1
91348,1,1
91448,1,1
91548,1,1
91648,1,1
91748,1,1
91848,1,1
91948,1,1
92048,1,1
92148,1,1
92248,1,1
92348,1,1
92448,1,1
92548,1,1
92648,1,1
92748,1,1
92848,1,1
92948,1,1
93048,1,1
93148,1,1
93248,1,1
93348,1,1
93448,1,1
93548,1,1
93649,1,1
93719,1,1
93819,1,1
93919,1,1
94019,1,1
94119,1,1
94219,1,1
94319,1,1
94419,1,1
94519,1,1
94619,1,1
94719,1,1
94819,1,1
94919,1,1
95019,1,1
95119,1,1
95219,1,1
95319,1,1
95419,1,1
95519,1,1
95619,1,1
95719,1,1
95819,1,1
95919,1,1
96019,1,1
96119,1,1
96219,1,1
96319,1,1
96419,1,1
96519,1,1
96619,1,1
96719,1,1
96819,1,1
96919,1,1
97019,1,1
97119,1,1
97219,1,1
97319,1,1
97419,1,1
97519,1,1
97619,1,1
97714,1,1
97814,1,1
97914,1,1
98014,1,1
98114,1,1
98214,1,1
98314,1,1
98414,1,1
98514,1,1
98614,1,1
98714,1,1
98814,1,1
98914,1,1
99014,1,1
99114,1,1
99214,1,1
99314,1,1
99414,1,1
99514,1,1
99614,1,1
99714,1,1
99814,1,1
99914,1,1
100014,1,1
100114,1,1
100214,1,1
100314,1,1
100414,1,1
100514,1,1
100614,1,1
100714,1,1
100814,1,1
100914,1,1
101014,1,1
101114,1,1
101214,1,1
101314,1,1
101414,1,1
101514,1,1
101614,1,1
101735,1,1
101835,1,1
101935,1,1
102035,1,1
102135,1,1
102235,1,1
102335,1,1
102435,1,1
102535,1,1
102635,1,1
102735,1,1
102835,1,1
102935,1,1
103035,1,1
103135,1,1
103235,1,1
103335,1,1
103435,1,1
103535,1,1
103635,1,1
103735,1,1
103835,1,1
103935,1,1
104035,1,1
104135,1,1
104235,1,1
104335,1,1
104435,1,1
104535,1,1
104635,1,1
104735,1,1
104835,1,1
104935,1,1
105035,1,1
105135,1,1
105235,1,1
105335,1,1
105435,1,1
105535,1,1
105635,1,1
105735,0,0
105796,1,1
105896,1,1
105996,1,1
106096,1,1
106196,1,1
106296,1,1
106396,1,1
106496,1,1
106596,1,1
106696,1,1
106796,1,1
106896,1,1
106996,1,1
107096,1,1
107196,1,1
107296,1,1
107396,1,1
107496,1,1
107596,1,1
107696,1,1
107796,1,1
107896,1,1
107996,1,1
108096,1,1
108196,1,1
108296,1,1
108396,1,1
108496,1,1
108596,1,1
108696,1,1
108796,1,1
108896,1,1
108996,1,1
109096,1,1
109196,1,1
109296,1,1
109396,1,1
109496,1,1
109596,1,1
109696,1,1
109815,1,1
109915,1,1
110015,1,1
110115,1,1
110215,1,1
110315,1,1
110415,1,1
110515,1,1
110615,1,1
110715,1,1
110815,1,1
110915,1,1
111015,1,1
111115,1,1
111215,1,1
111315,1,1
111415,1,1
111515,1,1
111615,1,1
111715,1,1
111815,1,1
111915,1,1
112015,1,1
112115,1,1
112215,1,1
112315,1,1
112415,1,1
112515,1,1
112615,1,1
112715,1,1
112815,1,1
112915,1,1
113015,1,1
113115,1,1
113215,1,1
113315,1,1
113415,1,1
113515,1,1
113615,1,1
113715,1,1
113815,1,1
113915,1,1
114015,1,1
114115,1,1
114215,1,1
114315,1,1
114415,1,1
114515,1,1
114615,1,1
114715,1,1
114815,1,1
114915,1,1
115015,1,1
115115,1,1
115215,1,1
115315,1,1
115415,1,1
115515,1,1
115615,1,1
115715,1,1
115815,1,1
115915,1,1
116015,1,1
116115,1,1
116215,1,1
116315,1,1
116415,1,1
116515,1,1
116615,1,1
116715,1,1
116815,1,1
116915,1,1
117015,1,1
117115,1,1
117215,1,1
117315,1,1
117415,1,1
117515,1,1
117615,1,1
117715,1,1
117815,0,0
117915,0,0
118015,0,0
118115,0,0
118215,0,0
118315,0,0
118415,0,0
118515,0,0
118615,0,0
118715,0,0
118815,0,0
118915,0,0
119015,0,0
119115,0,0
119215,0,0
119315,0,0
119415,0,0
119515,0,0
119615,0,0
119715,0,0
119815,0,0
119915,0,0
120015,0,0
120115,0,0
120215,0,0
120315,0,0
120415,0,0
120515,0,0
120615,0,0
120715,0,0
120815,0,0
120915,0,0
121015,0,0
121115,0,0
121215,0,0
121315,0,0
121415,0,0
121515,0,0
121615,0,0
121715,0,0
121815,0,0
121915,0,0
122015,0,0
122115,0,0
122215,0,0
122315,0,0
122415,0,0
122515,0,0
122615,0,0
122715,0,0
122815,0,0
122915,0,0
123015,0,0
123115,0,0
123215,0,0
123315,0,0
123415,0,0
123515,0,0
123615,0,0
123715,0,0
123815,0,0
123915,0,0
124015,0,0
124115,0,0
124215,0,0
124315,0,0
124415,0,0
124515,0,0
124615,0,0
124715,0,0
124815,0,0
124915,0,0
125015,0,0
125115,0,0
125215,0,0
125315,0,0
125415,0,0
125515,0,0
125615,0,0
125715,0,0
125815,0,0
125915,0,0
126015,0,0
126115,0,0
126215,0,0
126315,0,0
126415,0,0
126515,0,0
126615,0,0
126715,0,0
126815,0,0
126915,0,0
127015,0,0
127115,0,0
127215,0,0
127315,0,0
127415,0,0
127515,0,0
127615,0,0
127715,0,0
127815,0,0
127915,0,0
128015,0,0
128115,0,0
128215,0,0
128315,0,0
128415,0,0
128515,0,0
128615,0,0
128715,0,0
128815,0,0
128915,0,0
129015,0,0
129115,0,0
129215,0,0
129315,0,0
129415,0,0
129515,0,0
129615,0,0
129715,0,0
129782,1,1
129882,1,1
129982,1,1
130082,1,1
130182,1,1
130282,1,1
130382,1,1
130482,1,1
130582,1,1
130682,1,1
130782,1,1
130882,1,1
130982,1,1
131082,1,1
131182,1,1
131282,1,1
131382,1,1
131482,1,1
131582,1,1
131682,1,1
131782,1,1
131882,1,1
131982,1,1
132082,1,1
132182,1,1
132282,1,1
132382,1,1
132482,1,1
132582,1,1
132682,1,1
132782,1,1
132882,1,1
132982,1,1
133082,1,1
133182,1,1
133282,1,1
133382,1,1
133482,1,1
133582,1,1
133682,1,1
133791,1,1
133891,1,1
133991,1,1
134091,1,1
134191,1,1
134291,1,1
134391,1,1
134491,1,1
134591,1,1
134691,1,1
134791,1,1
134891,1,1
134991,1,1
135091,1,1
135191,1,1
135291,1,1
135391,1,1
135491,1,1
135591,1,1
135691,1,1
135791,1,1
135891,1,1
135991,1,1
136091,1,1
136191,1,1
136291,1,1
136391,1,1
136491,1,1
136591,1,1
136691,1,1
136791,1,1
136891,1,1
136991,1,1
137091,1,1
137191,1,1
137291,1,1
137391,1,1
137491,1,1
137591,1,1
137691,1,1
137801,1,1
137870,1,1
137970,1,1
138070,1,1
138170,1,1
138270,1,1
138370,1,1
138470,1,1
138570,1,1
138670,1,1
138770,1,1
138870,1,1
138970,1,1
139070,1,1
139170,1,1
139270,1,1
139370,1,1
139470,1,1
139570,1,1
139670,1,1
139770,1,1
139870,1,1
139970,1,1
140070,1,1
140170,1,1
140270,1,1
140370,1,1
140471,1,1
140571,1,1
140671,1,1
140771,1,1
140871,1,1
140971,1,1
141071,1,1
141171,1,1
141271,1,1
141371,1,1
141471,1,1
141571,1,1
141671,1,1
141794,1,1
141886,1,1
141986,1,1
142086,1,1
142186,1,1
142286,1,1
142386,1,1
142486,1,1
142586,1,1
142686,1,1
142786,1,1
142886,1,1
142986,1,1
143086,1,1
143186,1,1
143286,1,1
143386,1,1
143486,1,1
143586,1,1
143686,1,1
143786,1,1
143886,1,1
143986,1,1
144086,1,1
144186,1,1
144286,1,1
144386,1,1
144486,1,1
144586,1,1
144687,1,1
144787,1,1
144887,1,1
144987,1,1
145087,1,1
145187,1,1
145287,1,1
145387,1,1
145487,1,1
145587,1,1
145687,1,1
145812,1,1
145912,1,1
146012,1,1
146112,1,1
146212,1,1
146312,1,1
146412,1,1
146512,1,1
146612,1,1
146712,1,1
146812,1,1
146912,1,1
147012,1,1
147112,1,1
147212,1,1
147312,1,1
147412,1,1
147512,1,1
147613,1,1
147713,1,1
147813,1,1
147913,1,1
148013,1,1
148113,1,1
148213,1,1
148313,1,1
148413,1,1
148513,1,1
148613,1,1
148713,1,1
148813,1,1
148913,1,1
149013,1,1
149113,1,1
149213,1,1
149313,1,1
149413,1,1
149513,1,1
149613,1,1
149713,1,1
149819,1,1
149901,1,1
150001,1,1
150101,1,1
150201,1,1
150301,1,1
150401,1,1
150501,1,1
150601,1,1
150701,1,1
150801,1,1
150901,1,1
151001,1,1
151101,1,1
151201,1,1
151301,1,1
151401,1,1
151501,1,1
151601,1,1
151701,1,1
151801,1,1
151901,1,1
152001,1,1
152101,1,1
152201,1,1
152301,1,1
152401,1,1
152502,1,1
152602,1,1
152702,1,1
152802,1,1
152902,1,1
153002,1,1
153102,1,1
153202,1,1
153302,1,1
153402,1,1
153502,1,1
153602,1,1
153702,1,1
153814,1,1
153908,1,1
154008,1,1
154108,1,1
154208,1,1
154308,1,1
154408,1,1
154508,1,1
154608,1,1
154708,1,1
154808,1,1
154908,1,1
155008,1,1
155108,1,1
155208,1,1
155308,1,1
155408,1,1
155508,1,1
155608,1,1
155708,1,1
155808,1,1
155909,1,1
156009,1,1
156109,1,1
156209,1,1
156309,1,1
156409,1,1
156509,1,1
156609,1,1
156709,1,1
156809,1,1
156909,1,1
157009,1,1
157109,1,1
157209,1,1
157309,1,1
157409,1,1
157509,1,1
157609,1,1
157709,1,1
157822,1,1
157919,1,1
158019,1,1
158119,1,1
158219,1,1
158319,1,1
158419,1,1
158519,1,1
158619,1,1
158719,1,1
158819,1,1
158919,1,1
159019,1,1
159119,1,1
159219,1,1
159320,1,1
159420,1,1
159520,1,1
159620,1,1
159720,1,1
159820,1,1
159920,1,1
160020,1,1
160120,1,1
160220,1,1
160320,1,1
160420,1,1
160520,1,1
160620,1,1
160720,1,1
160820,1,1
160920,1,1
161020,1,1
161120,1,1
161220,1,1
161320,1,1
161420,1,1
161520,1,1
161620,1,1
161720,1,1
161837,1,1
161929,1,1
162029,1,1
162129,1,1
162229,1,1
162329,1,1
162429,1,1
162529,1,1
162629,1,1
162729,1,1
162829,1,1
162929,1,1
163029,1,1
163129,1,1
163229,1,1
163329,1,1
163429,1,1
163529,1,1
163629,1,1
163729,1,1
163829,1,1
163929,1,1
164029,1,1
164129,1,1
164229,1,1
164329,1,1
164429,1,1
164529,1,1
164629,1,1
164730,1,1
164830,1,1
164930,1,1
165030,1,1
165130,1,1
165230,1,1
165330,1,1
165430,1,1
165530,1,1
165630,1,1
165730,1,1
165834,1,1
165934,1,1
166034,1,1
166134,1,1
166234,1,1
166334,1,1
166434,1,1
166534,1,1
166634,1,1
166734,1,1
166834,1,1
166934,1,1
167034,1,1
167134,1,1
167234,1,1
167334,1,1
167434,1,1
167534,1,1
167634,1,1
167734,1,1
167834,1,1
167934,1,1
168034,1,1
168134,1,1
168234,1,1
168334,1,1
168434,1,1
168534,1,1
168634,1,1
168734,1,1
168834,1,1
168934,1,1
169034,1,1
169134,1,1
169234,1,1
169334,1,1
169434,1,1
169534,1,1
169634,1,1
169734,1,1
169834,1,1
169934,1,1
170034,1,1
170134,1,1
170234,1,1
170334,1,1
170434,1,1
170534,1,1
170634,1,1
170734,1,1
170834,1,1
170934,1,1
171034,1,1
171134,1,1
171234,1,1
171334,1,1
171434,1,1
171534,1,1
171634,1,1
171734,1,1
171834,1,1
171934,1,1
172034,1,1
172134,1,1
172234,1,1
172334,1,1
172434,1,1
172534,1,1
172634,1,1
172734,1,1
172834,1,1
172934,1,1
173034,1,1
173134,1,1
173234,1,1
173334,1,1
173434,1,1
173534,1,1
173634,1,1
173734,1,1
173834,1,1
173934,0,0
174034,0,0
174134,0,0
174234,0,0
174334,0,0
174434,0,0
174534,0,0
174634,0,0
174734,0,0
174834,0,0
174934,0,0
175034,0,0
175134,0,0
175234,0,0
175334,0,0
175434,0,0
175534,0,0
175634,0,0
175734,0,0
175834,0,0
175934,0,0
176034,0,0
176134,0,0
176234,0,0
176334,0,0
176434,0,0
176534,0,0
176634,0,0
176734,0,0
176834,0,0
176934,0,0
177034,0,0
177134,0,0
177234,0,0
177334,0,0
177434,0,0
177534,0,0
177634,0,0
177734,0,0
177834,0,0
177934,0,0
178034,0,0
178134,0,0
178234,0,0
178334,0,0
178434,0,0
178534,0,0
178634,0,0
178734,0,0
178834,0,0
178934,0,0
179034,0,0
179134,0,0
179234,0,0
179334,0,0
179434,0,0
179534,0,0
179634,0,0
179734,0,0
179834,0,0
179934,0,0
180034,0,0
180134,0,0
180234,0,0
180334,0,0
180434,0,0
180534,0,0
180634,0,0
180734,0,0
180834,0,0
180934,0,0
181034,0,0
181134,0,0
181234,0,0
181334,0,0
181434,0,0
181534,0,0
181634,0,0
181734,0,0
181834,0,0
181934,0,0
182034,0,0
182134,0,0
182234,0,0
182334,0,0
182434,0,0
182534,0,0
182634,0,0
182734,0,0
182834,0,0
182934,0,0
183034,0,0
183134,0,0
183234,0,0
183334,0,0
183434,0,0
183534,0,0
183634,0,0
183734,0,0
183834,0,0
183934,0,0
184034,0,0
184134,0,0
184234,0,0
184334,0,0
184434,0,0
184534,0,0
184634,0,0
184734,0,0
184834,0,0
184934,0,0
185034,0,0
185134,0,0
185234,0,0
185334,0,0
185434,0,0
185534,0,0
185634,0,0
185734,0,0
185834,0,0
185912,1,1
186012,1,1
186112,1,1
186212,1,1
186312,1,1
186412,1,1
186512,1,1
186612,1,1
186712,1,1
186812,1,1
186912,1,1
187012,1,1
187112,1,1
187212,1,1
187312,1,1
187412,1,1
187512,1,1
187612,1,1
187712,1,1
187812,1,1
187912,1,1
188012,1,1
188112,1,1
188212,1,1
188312,1,1
188412,1,1
188512,1,1
188612,1,1
188712,1,1
188812,1,1
188912,1,1
189012,1,1
189112,1,1
189212,1,1
189312,1,1
189412,1,1
189512,1,1
189612,1,1
189712,1,1
189812,1,1
189921,1,1
190021,1,1
190121,1,1
190221,1,1
190321,1,1
190421,1,1
190521,1,1
190621,1,1
190721,1,1
190821,1,1
190921,1,1
191021,1,1
191121,1,1
191221,1,1
191321,1,1
191421,1,1
191521,1,1
191621,1,1
191721,1,1
191821,1,1
191921,1,1
192021,1,1
192121,1,1
192221,1,1
192321,1,1
192421,1,1
192521,1,1
192621,1,1
192721,1,1
192821,1,1
192921,1,1
193021,1,1
193121,1,1
193221,1,1
193321,1,1
193421,1,1
193521,1,1
193621,1,1
193721,1,1
193821,1,1
193918,1,1
194018,1,1
194118,1,1
194218,1,1
194318,1,1
194418,1,1
194518,1,1
194618,1,1
194718,1,1
194818,1,1
194918,1,1
195018,1,1
195118,1,1
195218,1,1
195318,1,1
195418,1,1
195518,1,1
195618,1,1
195718,1,1
195818,1,1
195918,1,1
196018,1,1
196118,1,1
196218,1,1
196318,1,1
196418,1,1
196518,1,1
196618,1,1
196718,1,1
196818,1,1
196918,1,1
197018,1,1
197118,1,1
197218,1,1
197318,1,1
197418,1,1
197518,1,1
197618,1,1
197718,1,1
197818,1,1
197905,1,1
198005,1,1
198105,1,1
198205,1,1
198305,1,1
198405,1,1
198505,1,1
198605,1,1
198705,1,1
198805,1,1
198905,1,1
199005,1,1
199105,1,1
199205,1,1
199305,1,1
199405,1,1
199505,1,1
199605,1,1
199705,1,1
199805,1,1
199905,1,1
200005,1,1
200105,1,1
200205,1,1
200305,1,1
200405,1,1
200505,1,1
200605,1,1
200705,1,1
200805,1,1
200905,1,1
201005,1,1
201105,1,1
201205,1,1
201305,1,1
201405,1,1
201505,1,1
201605,1,1
201705,1,1
201805,1,1
201908,1,1
202008,1,1
202108,1,1
202208,1,1
202308,1,1
202408,1,1
202508,1,1
202608,1,1
202708,1,1
202808,1,1
202908,1,1
203008,1,1
203108,1,1
203208,1,1
203308,1,1
203408,1,1
203508,1,1
203608,1,1
203708,1,1
203808,1,1
203908,1,1
204008,1,1
204108,1,1
204208,1,1
204308,1,1
204408,1,1
204508,1,1
204608,1,1
204708,1,1
204808,1,1
204908,1,1
205008,1,1
205108,1,1
205208,1,1
205308,1,1
205408,1,1
205508,1,1
205608,1,1
205708,1,1
205808,1,1
205904,1,1
206004,1,1
206104,1,1
206204,1,1
206304,1,1
206404,1,1
206504,1,1
206604,1,1
206704,1,1
206804,1,1
206904,1,1
207004,1,1
207104,1,1
207204,1,1
207304,1,1
207404,1,1
207504,1,1
207604,1,1
207704,1,1
207804,1,1
207904,1,1
208004,1,1
208104,1,1
208204,1,1
208304,1,1
208404,1,1
208504,1,1
208604,1,1
208704,1,1
208804,1,1
208904,1,1
209004,1,1
209104,1,1
209204,1,1
209304,1,1
209404,1,1
209504,1,1
209604,1,1
209704,1,1
209804,1,1
209929,1,1
209993,1,1
210093,1,1
210193,1,1
210293,1,1
210393,1,1
210493,1,1
210593,1,1
210693,1,1
210793,1,1
210893,1,1
210993,1,1
211093,1,1
211193,1,1
211293,1,1
211393,1,1
211493,1,1
211593,1,1
211693,1,1
211793,1,1
211893,1,1
211993,1,1
212093,1,1
212193,1,1
212293,1,1
212393,1,1
212494,1,1
212594,1,1
212694,1,1
212794,1,1
212894,1,1
212994,1,1
213094,1,1
213194,1,1
213294,1,1
213394,1,1
213494,1,1
213594,1,1
213694,1,1
213794,1,1
213917,1,1
214017,1,1
214117,1,1
214217,1,1
214317,1,1
214417,1,1
214517,1,1
214617,1,1
214717,1,1
214817,1,1
214917,1,1
215017,1,1
215117,1,1
215217,1,1
215317,1,1
215418,1,1
215518,1,1
215618,1,1
215718,1,1
215818,1,1
215918,1,1
216018,1,1
216118,1,1
216218,1,1
216318,1,1
216418,1,1
216518,1,1
216618,1,1
216718,1,1
216818,1,1
216918,1,1
217018,1,1
217118,1,1
217218,1,1
217318,1,1
217418,1,1
217518,1,1
217618,1,1
217718,1,1
217818,1,1
217921,1,1
218002,1,1
218102,1,1
218202,1,1
218302,1,1
218402,1,1
218502,1,1
218602,1,1
218702,1,1
218802,1,1
218902,1,1
219002,1,1
219102,1,1
219202,1,1
219302,1,1
219402,1,1
219502,1,1
219602,1,1
219702,1,1
219802,1,1
219902,1,1
220002,1,1
220102,1,1
220202,1,1
220302,1,1
220402,1,1
220502,1,1
220602,1,1
220702,1,1
220802,1,1
220903,1,1
221003,1,1
221103,1,1
221203,1,1
221303,1,1
221403,1,1
221503,1,1
221603,1,1
221703,1,1
221803,1,1
221914,1,1
222014,1,1
222114,1,1
222214,1,1
222314,1,1
222414,1,1
222514,1,1
222614,1,1
222714,1,1
222814,1,1
222914,1,1
223014,1,1
223114,1,1
223214,1,1
223314,1,1
223414,1,1
223514,1,1
223614,1,1
223714,1,1
223814,1,1
223914,1,1
224014,1,1
224114,1,1
224214,1,1
224314,1,1
224414,1,1
224514,1,1
224615,1,1
224715,1,1
224815,1,1
224915,1,1
225015,1,1
225115,1,1
225215,1,1
225315,1,1
225415,1,1
225515,1,1
225615,1,1
225715,1,1
225815,1,1
225915,1,1
226015,1,1
226115,1,1
226215,1,1
226315,1,1
226415,1,1
226515,1,1
226615,1,1
226715,1,1
226815,1,1
226915,1,1
227015,1,1
227115,1,1
227215,1,1
227315,1,1
227415,1,1
227516,1,1
227616,1,1
227716,1,1
227816,1,1
227916,1,1
228016,1,1
228116,1,1
228216,1,1
228316,1,1
228416,1,1
228516,1,1
228616,1,1
228716,1,1
228816,1,1
228916,1,1
229016,1,1
229116,1,1
229216,1,1
229316,1,1
229416,1,1
229516,1,1
229616,1,1
229716,1,1
229816,1,1
229942,0,0
230042,0,0
230142,0,0
230242,0,0
230342,0,0
230442,0,0
230542,0,0
230642,0,0
230742,0,0
230842,0,0
230942,0,0
231042,0,0
231143,0,0
231243,0,0
231343,0,0
231443,0,0
231543,0,0
231643,0,0
231743,0,0
231843,0,0
231943,0,0
232043,0,0
232143,0,0
232243,0,0
232343,0,0
232443,0,0
232543,0,0
232643,0,0
232743,0,0
232843,0,0
232943,0,0
233043,0,0
233143,0,0
233243,0,0
233343,0,0
233443,0,0
233543,0,0
233643,0,0
233743,0,0
233843,0,0
233943,0,0
234044,0,0
234144,0,0
234244,0,0
234344,0,0
234444,0,0
234544,0,0
234644,0,0
234744,0,0
234844,0,0
234944,0,0
235044,0,0
235144,0,0
235244,0,0
235344,0,0
235444,0,0
235544,0,0
235644,0,0
235744,0,0
235844,0,0
235944,0,0
236044,0,0
236144,0,0
236244,0,0
236344,0,0
236444,0,0
236544,0,0
236644,0,0
236744,0,0
236844,0,0
236944,0,0
237044,0,0
237144,0,0
237244,0,0
237344,0,0
237444,0,0
237544,0,0
237644,0,0
237744,0,0
237844,0,0
237944,0,0
238044,0,0
238144,0,0
238244,0,0
238344,0,0
238444,0,0
238544,0,0
238644,0,0
238744,0,0
238844,0,0
238944,0,0
239044,0,0
239144,0,0
239244,0,0
239344,0,0
239444,0,0
239544,0,0
239644,0,0
239744,0,0
239844,0,0
239944,0,0
240044,0,0
240144,0,0
240244,0,0
240344,0,0
240444,0,0
240544,0,0
240644,0,0
240744,0,0
240844,0,0
240944,0,0
241044,0,0
241144,0,0
241244,0,0
241344,0,0
241444,0,0
241544,0,0
241644,0,0
241744,0,0
241844,0,0
241944,0,0
242044,0,0
242144,0,0
242244,0,0
242344,0,0
242444,0,0
242544,0,0
242648,0,0
242748,1,1
242848,1,1
242948,1,1
243048,1,1
243148,1,1
243248,1,1
243348,1,1
243448,1,1
243548,1,1
243648,1,1
243748,1,1
243848,1,1
243948,1,1
244048,1,1
244148,1,1
244248,1,1
244348,1,1
244448,1,1
244548,1,1
244648,1,1
244748,1,1
244848,1,1
244948,1,1
245048,1,1
245148,1,1
245248,1,1
245348,1,1
245448,1,1
245548,1,1
245648,1,1
245748,1,1
245848,1,1
245948,1,1
246048,1,1
246148,1,1
246248,1,1
246348,1,1
246448,1,1
246548,1,1
246643,1,1
246743,1,1
246843,1,1
246943,1,1
247043,1,1
247143,1,1
247243,1,1
247343,1,1
247443,1,1
247543,1,1
247643,1,1
247743,1,1
247843,1,1
247943,1,1
248043,1,1
248143,1,1
248243,1,1
248343,1,1
248443,1,1
248543,1,1
248643,1,1
248743,1,1
248843,1,1
248943,1,1
249043,1,1
249143,1,1
249243,1,1
249343,1,1
249443,1,1
249543,1,1
249643,1,1
249743,1,1
249843,1,1
249943,1,1
250043,1,1
250143,1,1
250243,1,1
250343,1,1
250443,1,1
250543,1,1
250639,1,1
250739,1,1
250839,1,1
250939,1,1
251039,1,1
251139,1,1
251239,1,1
251339,1,1
251439,1,1
251539,1,1
251639,1,1
251739,1,1
251839,1,1
251939,1,1
252039,1,1
252139,1,1
252239,1,1
252339,1,1
252439,1,1
252539,1,1
252639,1,1
252739,1,1
252839,1,1
252939,1,1
253039,1,1
253139,1,1
253239,1,1
253339,1,1
253439,1,1
253539,1,1
253639,1,1
253739,1,1
253839,1,1
253939,1,1
254039,1,1
254139,1,1
254239,1,1
254339,1,1
254439,1,1
254539,1,1
254634,1,1
254734,1,1
254834,1,1
254934,1,1
255034,1,1
255134,1,1
255234,1,1
255334,1,1
255434,1,1
255534,1,1
255634,1,1
255734,1,1
255834,1,1
255934,1,1
256034,1,1
256134,1,1
256234,1,1
256334,1,1
256434,1,1
256534,1,1
256634,1,1
256734,1,1
256834,1,1
256934,1,1
257034,1,1
257134,1,1
257234,1,1
257334,1,1
257434,1,1
257534,1,1
257634,1,1
257734,1,1
257834,1,1
257934,1,1
258034,1,1
258134,1,1
258234,1,1
258334,1,1
258434,1,1
258534,1,1
258630,1,1
258732,1,1
258832,1,1
258932,1,1
259033,1,1
259133,1,1
259233,1,1
259333,1,1
259433,1,1
259533,1,1
259633,1,1
259733,1,1
259833,1,1
259933,1,1
260033,1,1
260133,1,1
260233,1,1
260333,1,1
260433,1,1
260533,1,1
260633,1,1
260733,1,1
260833,1,1
260933,1,1
261033,1,1
261133,1,1
261233,1,1
261333,1,1
261433,1,1
261533,1,1
261633,1,1
261733,1,1
261833,1,1
261934,1,1
262034,1,1
262134,1,1
262234,1,1
262334,1,1
262434,1,1
262534,1,1
262630,1,1
262739,1,1
262839,1,1
262939,1,1
263040,1,1
263140,1,1
263240,1,1
263340,1,1
263440,1,1
263540,1,1
263640,1,1
263740,1,1
263840,1,1
263940,1,1
264040,1,1
264140,1,1
264240,1,1
264340,1,1
264440,1,1
264540,1,1
264640,1,1
264740,1,1
264840,1,1
264940,1,1
265040,1,1
265140,1,1
265240,1,1
265340,1,1
265440,1,1
265540,1,1
265640,1,1
265740,1,1
265840,1,1
265941,1,1
266041,1,1
266141,1,1
266241,1,1
266341,1,1
266441,1,1
266541,1,1
266634,1,1
266752,1,1
266852,1,1
266952,1,1
267052,1,1
267152,1,1
267252,1,1
267352,1,1
267452,1,1
267552,1,1
267652,1,1
267752,1,1
267852,1,1
267952,1,1
268052,1,1
268153,1,1
268253,1,1
268353,1,1
268453,1,1
268553,1,1
268653,1,1
268753,1,1
268853,1,1
268953,1,1
269053,1,1
269153,1,1
269253,1,1
269353,1,1
269453,1,1
269553,1,1
269653,1,1
269753,1,1
269853,1,1
269953,1,1
270053,1,1
270153,1,1
270253,1,1
270353,1,1
270453,1,1
270553,1,1
270650,1,1
270750,1,1
270850,1,1
270950,1,1
271051,1,1
271151,1,1
271251,1,1
271351,1,1
271451,1,1
271551,1,1
271651,1,1
271751,1,1
271851,1,1
271951,1,1
272051,1,1
272151,1,1
272251,1,1
272351,1,1
272451,1,1
272551,1,1
272651,1,1
272751,1,1
272851,1,1
272951,1,1
273051,1,1
273151,1,1
273251,1,1
273351,1,1
273451,1,1
273551,1,1
273651,1,1
273751,1,1
273851,1,1
273952,1,1
274052,1,1
274152,1,1
274252,1,1
274352,1,1
274452,1,1
274552,1,1
274649,1,1
274758,1,1
274858,1,1
274958,1,1
275059,1,1
275159,1,1
275259,1,1
275359,1,1
275459,1,1
275559,1,1
275659,1,1
275759,1,1
275859,1,1
275959,1,1
276059,1,1
276159,1,1
276259,1,1
276359,1,1
276459,1,1
276559,1,1
276659,1,1
276759,1,1
276859,1,1
276959,1,1
277059,1,1
277159,1,1
277259,1,1
277359,1,1
277459,1,1
277559,1,1
277659,1,1
277759,1,1
277859,1,1
277960,1,1
278060,1,1
278160,1,1
278260,1,1
278360,1,1
278460,1,1
278560,1,1
278656,1,1
278763,1,1
278863,1,1
278963,1,1
279063,1,1
279163,1,1
279263,1,1
279364,1,1
279464,1,1
279564,1,1
279664,1,1
279764,1,1
279864,1,1
279964,1,1
280064,1,1
280164,1,1
280264,1,1
280364,1,1
280464,1,1
280564,1,1
280664,1,1
280764,1,1
280864,1,1
280964,1,1
281064,1,1
281164,1,1
281264,1,1
281364,1,1
281464,1,1
281564,1,1
281664,1,1
281764,1,1
281864,1,1
281964,1,1
282064,1,1
282164,1,1
282265,1,1
282365,1,1
282465,1,1
282565,1,1
282665,1,1
282765,1,1
282865,1,1
282965,1,1
283065,1,1
283165,1,1
283265,1,1
283365,1,1
283465,1,1
283565,1,1
283665,1,1
283765,1,1
283865,1,1
283965,1,1
284065,1,1
284165,1,1
284265,1,1
284365,1,1
284465,1,1
284565,1,1
284665,1,1
284765,1,1
284865,1,1
284965,1,1
285065,1,1
285165,1,1
285265,1,1
285365,1,1
285465,1,1
285565,1,1
285665,1,1
285765,1,1
285865,1,1
285965,1,1
286065,1,1
286165,1,1
286265,1,1
286365,1,1
286465,1,1
286565,1,1
286665,1,1
286792,0,0
286892,0,0
286992,0,0
287092,0,0
287192,0,0
287292,0,0
287392,0,0
287492,0,0
287592,0,0
287692,0,0
287792,0,0
287892,0,0
287992,0,0
288092,0,0
288192,0,0
288292,0,0
288392,0,0
288492,0,0
288592,0,0
288692,0,0
288793,0,0
288893,0,0
288993,0,0
289093,0,0
289193,0,0
289293,0,0
289393,0,0
289493,0,0
289593,0,0
289693,0,0
289793,0,0
289893,0,0
289993,0,0
290093,0,0
290193,0,0
290293,0,0
290393,0,0
290493,0,0
290593,0,0
290693,0,0
290793,0,0
290893,0,0
290993,0,0
291093,0,0
291193,0,0
291293,0,0
291393,0,0
291493,0,0
291593,0,0
291693,0,0
291793,0,0
291893,0,0
291993,0,0
292093,0,0
292193,0,0
292293,0,0
292393,0,0
292493,0,0
292593,0,0
292693,0,0
292793,0,0
292893,0,0
292993,0,0
293093,0,0
293193,0,0
293293,0,0
293393,0,0
293493,0,0
293593,0,0
293693,0,0
293793,0,0
293893,0,0
293993,0,0
294093,0,0
294193,0,0
294293,0,0
294393,0,0
294493,0,0
294593,0,0
294693,0,0
294793,0,0
294893,0,0
294993,0,0
295093,0,0
295193,0,0
295293,0,0
295393,0,0
295493,0,0
295593,0,0
295693,0,0
295793,0,0
295893,0,0
295993,0,0
296093,0,0
296193,0,0
296293,0,0
296393,0,0
296493,0,0
296593,0,0
296693,0,0
296793,0,0
296893,0,0
296993,0,0
297093,0,0
297193,0,0
297293,0,0
297393,0,0
297493,0,0
297593,0,0
297693,0,0
297793,0,0
297893,0,0
297993,0,0
298093,0,0
298193,0,0
298293,0,0
298393,0,0
298493,0,0
298593,0,0
298693,0,0
298793,0,0
298893,0,0
298993,0,0
299093,0,0
299193,0,0
299293,0,0
299370,0,0
299470,0,0
299570,0,0
299670,1,1
299770,1,1
299870,1,1
299970,1,1
300070,1,1
300170,1,1
300270,1,1
300370,1,1
300470,1,1
300570,1,1
300670,1,1
300770,1,1
300870,1,1
300970,1,1
301070,1,1
301170,1,1
301270,1,1
301370,1,1
301470,1,1
301570,1,1
301670,1,1
301770,1,1
301870,1,1
301970,1,1
302070,1,1
302170,1,1
302270,1,1
302370,1,1
302470,1,1
302570,1,1
302670,1,1
302770,1,1
302870,1,1
302970,1,1
303070,1,1
303170,1,1
303270,1,1
303366,1,1
303466,1,1
303566,1,1
303666,1,1
303766,1,1
303866,1,1
303966,1,1
304066,1,1
304166,1,1
304266,1,1
304366,1,1
304466,1,1
304566,1,1
304666,1,1
304766,1,1
304866,1,1
304966,1,1
305066,1,1
305166,1,1
305266,1,1
305366,1,1
305466,1,1
305566,1,1
305666,1,1
305766,1,1
305866,1,1
305966,1,1
306066,1,1
306166,1,1
306266,1,1
306366,1,1
306466,1,1
306566,1,1
306666,1,1
306766,1,1
306866,1,1
306966,1,1
307066,1,1
307166,1,1
307266,1,1
307361,1,1
307461,1,1
307561,1,1
307661,1,1
307761,1,1
307861,1,1
307961,1,1
308061,1,1
308161,1,1
308261,1,1
308361,1,1
308461,1,1
308561,1,1
308661,1,1
308761,1,1
308861,1,1
308961,1,1
309061,1,1
309161,1,1
309261,1,1
309361,1,1
309461,1,1
309561,1,1
309661,1,1
309761,1,1
309861,1,1
309961,1,1
310061,1,1
310161,1,1
310261,1,1
310361,1,1
310461,1,1
310561,1,1
310661,1,1
310761,1,1
310861,1,1
310961,1,1
311061,1,1
311161,1,1
311261,1,1
311356,1,1
311456,1,1
311556,1,1
311656,1,1
311756,1,1
311856,1,1
311956,1,1
312056,1,1
312156,1,1
312256,1,1
312356,1,1
312456,1,1
312556,1,1
312656,1,1
312756,1,1
312856,1,1
312956,1,1
313056,1,1
313156,1,1
313256,1,1
313356,1,1
313456,1,1
313556,1,1
313656,1,1
313756,1,1
313856,1,1
313956,1,1
314056,1,1
314156,1,1
314256,1,1
314356,1,1
314456,1,1
314556,1,1
314656,1,1
314756,1,1
314856,1,1
314956,1,1
315056,1,1
315156,1,1
315256,1,1
315353,1,1
315453,1,1
315553,1,1
315653,1,1
315753,1,1
315853,1,1
315953,1,1
316053,1,1
316153,1,1
316253,1,1
316353,1,1
316453,1,1
316553,1,1
316653,1,1
316753,1,1
316853,1,1
316953,1,1
317053,1,1
317153,1,1
317253,1,1
317353,1,1
317453,1,1
317553,1,1
317653,1,1
317753,1,1
317853,1,1
317953,1,1
318053,1,1
318153,1,1
318253,1,1
318353,1,1
318453,1,1
318553,1,1
318653,1,1
318753,1,1
318853,1,1
318953,1,1
319053,1,1
319153,1,1
319253,1,1
319348,1,1
319448,1,1
319548,1,1
319648,1,1
319748,1,1
319848,1,1
319948,1,1
320048,1,1
320148,1,1
320248,1,1
320348,1,1
320448,1,1
320548,1,1
320648,1,1
320748,1,1
320848,1,1
320948,1,1
321048,1,1
321148,1,1
321248,1,1
321348,1,1
321448,1,1
321548,1,1
321648,1,1
321748,1,1
321848,1,1
321948,1,1
322048,1,1
322148,1,1
322248,1,1
322348,1,1
322448,1,1
322548,1,1
322648,1,1
322748,1,1
322848,1,1
322948,1,1
323048,1,1
323148,1,1
323248,1,1
323344,1,1
323444,1,1
323544,1,1
323644,1,1
323744,1,1
323844,1,1
323944,1,1
324044,1,1
324144,1,1
324244,1,1
324344,1,1
324444,1,1
324544,1,1
324644,1,1
324744,1,1
324844,1,1
324944,1,1
325044,1,1
325144,1,1
325244,1,1
325344,1,1
325444,1,1
325544,1,1
325644,1,1
325744,1,1
325844,1,1
325944,1,1
326044,1,1
326144,1,1
326244,1,1
326344,1,1
326444,1,1
326544,1,1
326644,1,1
326744,1,1
326844,1,1
326944,1,1
327044,1,1
327144,1,1
327244,1,1
327344,1,1
327427,1,1
327527,1,1
327627,1,1
327727,1,1
327827,1,1
327927,1,1
328027,1,1
328127,1,1
328227,1,1
328327,1,1
328427,1,1
328527,1,1
328627,1,1
328727,1,1
328827,1,1
328927,1,1
329027,1,1
329127,1,1
329227,1,1
329327,1,1
329427,1,1
329527,1,1
329627,1,1
329727,1,1
329827,1,1
329927,1,1
330027,1,1
330127,1,1
330227,1,1
330327,1,1
330427,1,1
330527,1,1
330627,1,1
330727,1,1
330827,1,1
330927,1,1
331027,1,1
331127,1,1
331227,1,1
331327,1,1
331428,1,1
331528,1,1
331628,1,1
331728,1,1
331828,1,1
331928,1,1
332028,1,1
332128,1,1
332228,1,1
332328,1,1
332428,1,1
332528,1,1
332628,1,1
332728,1,1
332828,1,1
332928,1,1
333028,1,1
333128,1,1
333228,1,1
333328,1,1
333428,1,1
333528,1,1
333628,1,1
333728,1,1
333828,1,1
333928,1,1
334028,1,1
334128,1,1
334228,1,1
334328,1,1
334428,1,1
334528,1,1
334628,1,1
334728,1,1
334828,1,1
334928,1,1
335028,1,1
335128,1,1
335228,1,1
335328,1,1
335428,1,1
335528,1,1
335628,1,1
335728,1,1
335828,1,1
335928,1,1
336028,1,1
336128,1,1
336228,1,1
336328,1,1
336428,1,1
336528,1,1
336628,1,1
336728,1,1
336828,1,1
336928,1,1
337028,1,1
337128,1,1
337228,1,1
337328,1,1
337428,1,1
337528,1,1
337628,1,1
337728,1,1
337828,1,1
337928,1,1
338028,1,1
338128,1,1
338228,1,1
338328,1,1
338428,1,1
338528,1,1
338628,1,1
338728,1,1
338828,1,1
338928,1,1
339028,1,1
339128,1,1
339228,1,1
339328,1,1
339426,1,1
339526,1,1
339626,1,1
339726,1,1
339826,1,1
339926,1,1
340026,1,1
340126,1,1
340226,1,1
340326,1,1
340426,1,1
340526,1,1
340626,1,1
340726,1,1
340826,1,1
340926,1,1
341026,1,1
341126,1,1
341226,1,1
341326,1,1
341426,1,1
341526,1,1
341626,1,1
341726,1,1
341826,1,1
341926,1,1
342026,1,1
342126,1,1
342226,1,1
342326,1,1
342426,1,1
342526,1,1
342626,1,1
342726,1,1
342826,1,1
342926,1,1
343026,1,1
343126,1,1
343226,1,1
343326,1,1
343426,1,1
343526,1,1
343626,1,1
343726,1,1
343826,1,1
343926,1,1
344026,1,1
344126,1,1
344226,1,1
344326,1,1
344426,1,1
344526,1,1
344626,1,1
344726,1,1
344826,1,1
344926,1,1
345026,1,1
345126,1,1
345226,1,1
345326,1,1
345426,1,1
345526,1,1
345626,1,1
345726,1,1
345826,1,1
345926,1,1
346026,1,1
346126,1,1
346226,1,1
346326,1,1
346426,1,1
346526,1,1
346626,1,1
346726,1,1
346826,1,1
346926,1,1
347026,1,1
347126,1,1
347226,1,1
347326,1,1
347426,1,1
347526,1,1
347653,0,0
347753,0,0
347853,0,0
347953,0,0
348053,0,0
348153,0,0
348253,0,0
348353,0,0
348453,0,0
348553,0,0
348653,0,0
348753,0,0
348853,0,0
348953,0,0
349053,0,0
349153,0,0
349253,0,0
349353,0,0
349453,0,0
349553,0,0
349654,0,0
349754,0,0
349854,0,0
349954,0,0
350054,0,0
350154,0,0
350254,0,0
350354,0,0
350454,0,0
350554,0,0
350654,0,0
350754,0,0
350854,0,0
350954,0,0
351054,0,0
351154,0,0
351254,0,0
351354,0,0
351454,0,0
351554,0,0
351654,0,0
351754,0,0
351854,0,0
351954,0,0
352054,0,0
352154,0,0
352254,0,0
352354,0,0
352454,0,0
352554,0,0
352654,0,0
352754,0,0
352854,0,0
352954,0,0
353054,0,0
353154,0,0
353254,0,0
353354,0,0
353454,0,0
353554,0,0
353654,0,0
353754,0,0
353854,0,0
353954,0,0
354054,0,0
354154,0,0
354254,0,0
354354,0,0
354454,0,0
354554,0,0
354654,0,0
354754,0,0
354854,0,0
354954,0,0
355054,0,0
355154,0,0
355254,0,0
355354,0,0
355437,0,0
355537,0,0
355669,0,0
355769,1,1
355869,1,1
355969,1,1
356069,1,1
356169,1,1
356269,1,1
356369,1,1
356469,1,1
356569,1,1
356669,1,1
356769,1,1
356869,1,1
356969,1,1
357069,1,1
357169,1,1
357269,1,1
357369,1,1
357469,1,1
357569,1,1
357669,1,1
357769,1,1
357869,1,1
357969,1,1
358069,1,1
358169,1,1
358269,1,1
358369,1,1
358469,1,1
358569,1,1
358669,1,1
358769,1,1
358869,1,1
358969,1,1
359069,1,1
359169,1,1
359269,1,1
359369,1,1
359463,1,1
359563,1,1
359663,1,1
359763,1,1
359863,1,1
359963,1,1
360063,1,1
360163,1,1
360263,1,1
360363,1,1
360463,1,1
360563,1,1
360663,1,1
360763,1,1
360863,1,1
360963,1,1
361063,1,1
361163,1,1
361263,1,1
361363,1,1
361463,1,1
361563,1,1
361663,1,1
361763,1,1
361863,1,1
361963,1,1
362063,1,1
362163,1,1
362263,1,1
362363,1,1
362463,1,1
362563,1,1
362663,1,1
362763,1,1
362863,1,1
362963,1,1
363063,1,1
363163,1,1
363263,1,1
363363,1,1
363460,1,1
363560,1,1
363660,1,1
363760,1,1
363860,1,1
363960,1,1
364060,1,1
364160,1,1
364260,1,1
364360,1,1
364460,1,1
364560,1,1
364660,1,1
364760,1,1
364860,1,1
364960,1,1
365060,1,1
365160,1,1
365260,1,1
365360,1,1
365460,1,1
365560,1,1
365660,1,1
365760,1,1
365860,1,1
365960,1,1
366060,1,1
366160,1,1
366260,1,1
366360,1,1
366460,1,1
366560,1,1
366660,1,1
366760,1,1
366860,1,1
366960,1,1
367060,1,1
367160,1,1
367260,1,1
367360,1,1
367455,1,1
367555,1,1
367655,1,1
367755,1,1
367855,1,1
367955,1,1
368055,1,1
368155,1,1
368255,1,1
368355,1,1
368455,1,1
368555,1,1
368655,1,1
368755,1,1
368855,1,1
368955,1,1
369055,1,1
369155,1,1
369255,1,1
369355,1,1
369455,1,1
369555,1,1
369655,1,1
369755,1,1
369855,1,1
369955,1,1
370055,1,1
370155,1,1
370255,1,1
370355,1,1
370455,1,1
370555,1,1
370655,1,1
370755,1,1
370855,1,1
370955,1,1
371055,1,1
371155,1,1
371255,1,1
371355,1,1
371451,1,1
371551,1,1
371651,1,1
371751,1,1
371851,1,1
371951,1,1
372051,1,1
372151,1,1
372251,1,1
372351,1,1
372451,1,1
372551,1,1
372651,1,1
372751,1,1
372851,1,1
372951,1,1
373051,1,1
373151,1,1
373251,1,1
373351,1,1
373451,1,1
373551,1,1
373651,1,1
373751,1,1
373851,1,1
373951,1,1
374051,1,1
374151,1,1
374251,1,1
374351,1,1
374451,1,1
374551,1,1
374651,1,1
374751,1,1
374851,1,1
374951,1,1
375051,1,1
375151,1,1
375251,1,1
375351,1,1
375447,1,1
375547,1,1
375647,1,1
375747,1,1
375847,1,1
375947,1,1
376047,1,1
376147,1,1
376247,1,1
376347,1,1
376447,1,1
376547,1,1
376647,1,1
376747,1,1
376847,1,1
376947,1,1
377047,1,1
377147,1,1
377247,1,1
377347,1,1
377447,1,1
377547,1,1
377647,1,1
377747,1,1
377847,1,1
377947,1,1
378047,1,1
378147,1,1
378247,1,1
378347,1,1
378447,1,1
378547,1,1
378647,1,1
378747,1,1
378847,1,1
378947,1,1
379047,1,1
379147,1,1
379247,1,1
379347,1,1
379443,1,1
379543,1,1
379643,1,1
379743,1,1
379843,1,1
379943,1,1
380043,1,1
380143,1,1
380243,1,1
380343,1,1
380443,1,1
380543,1,1
380643,1,1
380743,1,1
380843,1,1
380943,1,1
381043,1,1
381143,1,1
381243,1,1
381343,1,1
381443,1,1
381543,1,1
381643,1,1
381743,1,1
381843,1,1
381943,1,1
382043,1,1
382143,1,1
382243,1,1
382343,1,1
382443,1,1
382543,1,1
382643,1,1
382743,1,1
382843,1,1
382943,1,1
383043,1,1
383143,1,1
383243,1,1
383343,1,1
383438,1,1
383538,1,1
383638,1,1
383741,1,1
383841,1,1
383941,1,1
384041,1,1
384141,1,1
384241,1,1
384341,1,1
384441,1,1
384541,1,1
384641,1,1
384741,1,1
384841,1,1
384941,1,1
385041,1,1
385141,1,1
385241,1,1
385341,1,1
385441,1,1
385541,1,1
385641,1,1
385741,1,1
385841,1,1
385941,1,1
386041,1,1
386141,1,1
386241,1,1
386342,1,1
386442,1,1
386542,1,1
386642,1,1
386742,1,1
386842,1,1
386942,1,1
387042,1,1
387142,1,1
387242,1,1
387342,1,1
387438,1,1
387538,1,1
387638,1,1
387742,1,1
387842,1,1
387942,1,1
388042,1,1
388142,1,1
388242,1,1
388342,1,1
388442,1,1
388542,1,1
388642,1,1
388742,1,1
388842,1,1
388942,1,1
389042,1,1
389142,1,1
389242,1,1
389342,1,1
389442,1,1
389542,1,1
389642,1,1
389742,1,1
389842,1,1
389942,1,1
390042,1,1
390142,1,1
390242,1,1
390342,1,1
390442,1,1
390542,1,1
390642,1,1
390742,1,1
390842,1,1
390942,1,1
391042,1,1
391142,1,1
391242,1,1
391342,1,1
391437,1,1
391537,1,1
391637,1,1
391752,1,1
391852,1,1
391952,1,1
392052,1,1
392152,1,1
392252,1,1
392352,1,1
392452,1,1
392552,1,1
392652,1,1
392752,1,1
392852,1,1
392952,1,1
393052,1,1
393152,1,1
393252,1,1
393352,1,1
393452,1,1
393552,1,1
393652,1,1
393752,1,1
393852,1,1
393952,1,1
394052,1,1
394152,1,1
394252,1,1
394352,1,1
394452,1,1
394552,1,1
394653,1,1
394753,1,1
394853,1,1
394953,1,1
395053,1,1
395153,1,1
395253,1,1
395353,1,1
395449,1,1
395549,1,1
395649,1,1
395749,1,1
395849,1,1
395949,1,1
396049,1,1
396149,1,1
396249,1,1
396349,1,1
396449,1,1
396549,1,1
396649,1,1
396749,1,1
396849,1,1
396949,1,1
397049,1,1
397149,1,1
397249,1,1
397349,1,1
397449,1,1
397549,1,1
397649,1,1
397749,1,1
397849,1,1
397949,1,1
398049,1,1
398149,1,1
398249,1,1
398349,1,1
398449,1,1
398549,1,1
398649,1,1
398749,1,1
398849,1,1
398949,1,1
399049,1,1
399149,1,1
399249,1,1
399349,1,1
399449,1,1
399549,1,1
399649,1,1
399749,1,1
399849,1,1
399949,1,1
400049,1,1
400149,1,1
400249,1,1
400349,1,1
400449,1,1
400549,1,1
400649,1,1
400749,1,1
400849,1,1
400949,1,1
401049,1,1
401149,1,1
401249,1,1
401349,1,1
401449,1,1
401549,1,1
401649,1,1
401749,1,1
401849,1,1
401949,1,1
402049,1,1
402149,1,1
402249,1,1
402349,1,1
402449,1,1
402549,1,1
402649,1,1
402749,1,1
402849,1,1
402949,1,1
403049,1,1
403149,1,1
403249,1,1
403349,1,1
403449,1,1
403549,1,1
403649,1,1
403749,1,1
403849,1,1
403974,0,0
404074,0,0
404174,0,0
404274,0,0
404374,0,0
404474,0,0
404574,0,0
404674,0,0
404774,0,0
404874,0,0
404975,0,0
405075,0,0
405175,0,0
405275,0,0
405375,0,0
405475,0,0
405575,0,0
405675,0,0
405775,0,0
405875,0,0
405975,0,0
406075,0,0
406175,0,0
406275,0,0
406375,0,0
406475,0,0
406575,0,0
406675,0,0
406775,0,0
406875,0,0
406975,0,0
407075,0,0
407175,0,0
407275,0,0
407375,0,0
407475,0,0
407575,0,0
407675,0,0
407775,0,0
407876,0,0
407976,0,0
408076,0,0
408176,0,0
408276,0,0
408376,0,0
408476,0,0
408576,0,0
408676,0,0
408776,0,0
408876,0,0
408976,0,0
409076,0,0
409176,0,0
409276,0,0
409376,0,0
409476,0,0
409576,0,0
409676,0,0
409776,0,0
409876,0,0
409976,0,0
410076,0,0
410176,0,0
410276,0,0
410376,0,0
410476,0,0
410576,0,0
410676,0,0
410777,0,0
410877,0,0
410977,0,0
411077,0,0
411177,0,0
411277,0,0
411377,0,0
411477,0,0
411577,0,0
411677,0,0
411777,0,0
411877,0,0
411977,0,0
412077,0,0
412177,0,0
412277,0,0
412377,0,0
412477,0,0
412577,0,0
412677,0,0
412777,0,0
412877,0,0
412977,0,0
413077,0,0
413177,0,0
413277,0,0
413377,0,0
413477,0,0
413577,0,0
413677,0,0
413777,0,0
413877,0,0
413977,0,0
414077,0,0
414177,0,0
414277,0,0
414377,0,0
414477,0,0
414577,0,0
414677,0,0
414777,0,0
414877,0,0
414977,0,0
415077,0,0
415177,0,0
415277,0,0
415377,0,0
415477,0,0
415577,0,0
415677,0,0
415777,0,0
415877,0,0
415980,0,0
416080,1,1
416180,1,1
416280,1,1
416380,1,1
416480,1,1
416580,1,1
416680,1,1
416780,1,1
416880,1,1
416980,1,1
417080,1,1
417180,1,1
417280,1,1
417380,1,1
417480,1,1
417580,1,1
417680,1,1
417780,1,1
417881,1,1
417981,1,1
418081,1,1
418181,1,1
418281,1,1
418381,1,1
418481,1,1
418581,1,1
418681,1,1
418781,1,1
418881,1,1
418981,1,1
419081,1,1
419181,1,1
419281,1,1
419381,1,1
419481,1,1
419581,1,1
419681,1,1
419781,1,1
419881,1,1
419962,1,1
420062,1,1
420162,1,1
420262,1,1
420362,1,1
420462,1,1
420562,1,1
420662,1,1
420763,1,1
420863,1,1
420963,1,1
421063,1,1
421163,1,1
421263,1,1
421363,1,1
421463,1,1
421563,1,1
421663,1,1
421763,1,1
421863,1,1
421963,1,1
422063,1,1
422163,1,1
422263,1,1
422363,1,1
422463,1,1
422563,1,1
422663,1,1
422763,1,1
422863,1,1
422963,1,1
423063,1,1
423163,1,1
423263,1,1
423363,1,1
423463,1,1
423563,1,1
423664,1,1
423764,1,1
423864,1,1
423969,1,1
424069,1,1
424169,1,1
424269,1,1
424369,1,1
424469,1,1
424569,1,1
424669,1,1
424769,1,1
424869,1,1
424969,1,1
425070,1,1
425170,1,1
425270,1,1
425370,1,1
425470,1,1
425570,1,1
425670,1,1
425770,1,1
425870,1,1
425970,1,1
426070,1,1
426170,1,1
426270,1,1
426370,1,1
426470,1,1
426570,1,1
426670,1,1
426770,1,1
426870,1,1
426970,1,1
427070,1,1
427170,1,1
427270,1,1
427370,1,1
427470,1,1
427570,1,1
427670,1,1
427770,1,1
427878,1,1
428002,1,1
428102,1,1
428202,1,1
428302,1,1
428402,1,1
428502,1,1
428602,1,1
428702,1,1
428802,1,1
428902,1,1
429002,1,1
429102,1,1
429202,1,1
429302,1,1
429402,1,1
429502,1,1
429602,1,1
429702,1,1
429802,1,1
429902,1,1
430002,1,1
430102,1,1
430202,1,1
430302,1,1
430402,1,1
430502,1,1
430602,1,1
430702,1,1
430802,1,1
430902,1,1
431002,1,1
431102,1,1
431202,1,1
431302,1,1
431402,1,1
431502,1,1
431602,1,1
431702,1,1
431802,1,1
431898,1,1
431998,1,1
432098,1,1
432198,1,1
432298,1,1
432398,1,1
432498,1,1
432598,1,1
432698,1,1
432798,1,1
432898,1,1
432998,1,1
433098,1,1
433198,1,1
433298,1,1
433398,1,1
433498,1,1
433598,1,1
433698,1,1
433798,1,1
433898,1,1
433998,1,1
434098,1,1
434198,1,1
434298,1,1
434398,1,1
434498,1,1
434598,1,1
434698,1,1
434798,1,1
434898,1,1
434998,1,1
435098,1,1
435198,1,1
435298,1,1
435398,1,1
435498,1,1
435598,1,1
435698,1,1
435798,1,1
435893,1,1
436008,1,1
436108,1,1
436208,1,1
436308,1,1
436408,1,1
436508,1,1
436608,1,1
436708,1,1
436808,1,1
436908,1,1
437008,1,1
437108,1,1
437208,1,1
437308,1,1
437408,1,1
437508,1,1
437608,1,1
437708,1,1
437808,1,1
437908,1,1
438008,1,1
438108,1,1
438208,1,1
438308,1,1
438408,1,1
438509,1,1
438609,1,1
438709,1,1
438809,1,1
438909,1,1
439009,1,1
439109,1,1
439209,1,1
439309,1,1
439409,1,1
439509,1,1
439609,1,1
439709,1,1
439809,1,1
439905,1,1
440015,1,1
440115,1,1
440215,1,1
440315,1,1
440415,1,1
440515,1,1
440615,1,1
440715,1,1
440815,1,1
440915,1,1
441015,1,1
441115,1,1
441215,1,1
441315,1,1
441415,1,1
441515,1,1
441615,1,1
441715,1,1
441815,1,1
441915,1,1
442015,1,1
442115,1,1
442215,1,1
442315,1,1
442415,1,1
442516,1,1
442616,1,1
442716,1,1
442816,1,1
442916,1,1
443016,1,1
443116,1,1
443216,1,1
443316,1,1
443416,1,1
443516,1,1
443616,1,1
443716,1,1
443816,1,1
443916,1,1
444033,1,1
444133,1,1
444233,1,1
444333,1,1
444433,1,1
444533,1,1
444633,1,1
444733,1,1
444833,1,1
444933,1,1
445033,1,1
445133,1,1
445233,1,1
445333,1,1
445433,1,1
445533,1,1
445633,1,1
445733,1,1
445833,1,1
445933,1,1
446033,1,1
446133,1,1
446233,1,1
446333,1,1
446433,1,1
446533,1,1
446633,1,1
446733,1,1
446833,1,1
446933,1,1
447034,1,1
447134,1,1
447234,1,1
447334,1,1
447434,1,1
447534,1,1
447634,1,1
447734,1,1
447834,1,1
447934,1,1
448037,1,1
448137,1,1
448237,1,1
448337,1,1
448438,1,1
448538,1,1
448638,1,1
448738,1,1
448838,1,1
448938,1,1
449038,1,1
449138,1,1
449238,1,1
449338,1,1
449438,1,1
449538,1,1
449638,1,1
449738,1,1
449838,1,1
449938,1,1
450038,1,1
450138,1,1
450238,1,1
450338,1,1
450438,1,1
450538,1,1
450638,1,1
450738,1,1
450838,1,1
450938,1,1
451038,1,1
451138,1,1
451238,1,1
451339,1,1
451439,1,1
451539,1,1
451639,1,1
451739,1,1
451839,1,1
451939,1,1
452030,1,1
452130,1,1
452230,1,1
452330,1,1
452430,1,1
452530,1,1
452630,1,1
452730,1,1
452830,1,1
452930,1,1
453030,1,1
453130,1,1
453230,1,1
453330,1,1
453430,1,1
453530,1,1
453630,1,1
453730,1,1
453830,1,1
453930,1,1
454030,1,1
454130,1,1
454231,1,1
454331,1,1
454431,1,1
454531,1,1
454631,1,1
454731,1,1
454831,1,1
454931,1,1
455031,1,1
455131,1,1
455231,1,1
455331,1,1
455431,1,1
455531,1,1
455631,1,1
455731,1,1
455831,1,1
455931,1,1
456029,1,1
456129,1,1
456229,1,1
456329,1,1
456429,1,1
456529,1,1
456629,1,1
456729,1,1
456829,1,1
456929,1,1
457029,1,1
457129,1,1
457229,1,1
457329,1,1
457429,1,1
457529,1,1
457629,1,1
457729,1,1
457829,1,1
457929,1,1
458029,1,1
458129,1,1
458229,1,1
458329,1,1
458429,1,1
458529,1,1
458629,1,1
458729,1,1
458829,1,1
458929,1,1
459029,1,1
459129,1,1
459229,1,1
459329,1,1
459429,1,1
459529,1,1
459629,1,1
459729,1,1
459829,1,1
459929,1,1
460029,1,1
460129,1,1
460229,1,1
460329,1,1
460429,1,1
460529,1,1
460629,1,1
460729,1,1
460829,1,1
460929,1,1
461029,1,1
461129,1,1
461229,1,1
461329,1,1
461429,1,1
461529,1,1
461629,1,1
461729,1,1
461829,1,1
461929,1,1
462029,1,1
462129,1,1
462229,1,1
462329,1,1
462429,1,1
462529,1,1
462629,1,1
462729,1,1
462829,1,1
462929,1,1
463029,1,1
463129,1,1
463229,1,1
463329,1,1
463429,1,1
463529,1,1
463629,1,1
463729,1,1
463829,1,1
463929,1,1
464029,1,1
464129,0,0
464229,0,0
464329,0,0
464429,0,0
464529,0,0
464629,0,0
464729,0,0
464829,0,0
464929,0,0
465029,0,0
465129,0,0
465229,0,0
465329,0,0
465429,0,0
465529,0,0
465629,0,0
465729,0,0
465829,0,0
465929,0,0
466029,0,0
466129,0,0
466229,0,0
466329,0,0
466429,0,0
466529,0,0
466629,0,0
466729,0,0
466829,0,0
466929,0,0
467029,0,0
467129,0,0
467229,0,0
467329,0,0
467429,0,0
467529,0,0
467629,0,0
467729,0,0
467829,0,0
467929,0,0
468029,0,0
468129,0,0
468229,0,0
468329,0,0
468429,0,0
468529,0,0
468629,0,0
468729,0,0
468829,0,0
468929,0,0
469029,0,0
469129,0,0
469229,0,0
469329,0,0
469429,0,0
469529,0,0
469629,0,0
469729,0,0
469829,0,0
469929,0,0
470029,0,0
470129,0,0
470229,0,0
470329,0,0
470429,0,0
470529,0,0
470629,0,0
470729,0,0
470829,0,0
470929,0,0
471029,0,0
471129,0,0
471229,0,0
471329,0,0
471429,0,0
471529,0,0
471629,0,0
471729,0,0
471829,0,0
471929,0,0
472015,0,0
472115,1,1
472215,1,1
472315,1,1
472415,1,1
472515,1,1
472615,1,1
472715,1,1
472815,1,1
472915,1,1
473015,1,1
473115,1,1
473215,1,1
473315,1,1
473415,1,1
473515,1,1
473615,1,1
473715,1,1
473815,1,1
473915,1,1
474015,1,1
474115,1,1
474215,1,1
474315,1,1
474415,1,1
474515,1,1
474615,1,1
474715,1,1
474815,1,1
474915,1,1
475015,1,1
475115,1,1
475215,1,1
475315,1,1
475415,1,1
475515,1,1
475615,1,1
475715,1,1
475815,1,1
475915,1,1
476009,1,1
476109,1,1
476209,1,1
476309,1,1
476409,1,1
476509,1,1
476609,1,1
476709,1,1
476809,1,1
476909,1,1
477009,1,1
477109,1,1
477209,1,1
477309,1,1
477409,1,1
477509,1,1
477609,1,1
477709,1,1
477809,1,1
477909,1,1
478009,1,1
478109,1,1
478209,1,1
478309,1,1
478409,1,1
478509,1,1
478609,1,1
478709,1,1
478809,1,1
478909,1,1
479009,1,1
479109,1,1
479209,1,1
479309,1,1
479409,1,1
479509,1,1
479609,1,1
479709,1,1
479809,1,1
479909,1,1
480006,1,1
480106,1,1
480206,1,1
480306,1,1
480406,1,1
480506,1,1
480606,1,1
480706,1,1
480806,1,1
480906,1,1
481006,1,1
481106,1,1
481206,1,1
481306,1,1
481406,1,1
481506,1,1
481606,1,1
481706,1,1
481806,1,1
481906,1,1
482006,1,1
482106,1,1
482206,1,1
482306,1,1
482406,1,1
482506,1,1
482606,1,1
482706,1,1
482806,1,1
482906,1,1
483006,1,1
483106,1,1
483206,1,1
483306,1,1
483406,1,1
483506,1,1
483606,1,1
483706,1,1
483806,1,1
483906,1,1
484001,1,1
484101,1,1
484201,1,1
484301,1,1
484401,1,1
484501,1,1
484601,1,1
484701,1,1
484801,1,1
484901,1,1
485001,1,1
485101,1,1
485201,1,1
485301,1,1
485401,1,1
485501,1,1
485601,1,1
485701,1,1
485801,1,1
485901,1,1
486001,1,1
486101,1,1
486201,1,1
486301,1,1
486401,1,1
486501,1,1
486601,1,1
486701,1,1
486801,1,1
486901,1,1
487001,1,1
487101,1,1
487201,1,1
487301,1,1
487401,1,1
487501,1,1
487601,1,1
487701,1,1
487801,1,1
487901,1,1
487997,1,1
488097,1,1
488197,1,1
488297,1,1
488397,1,1
488497,1,1
488597,1,1
488697,1,1
488797,1,1
488897,1,1
488997,1,1
489097,1,1
489197,1,1
489297,1,1
489397,1,1
489497,1,1
489597,1,1
489697,1,1
489797,1,1
489897,1,1
489997,1,1
490097,1,1
490197,1,1
490297,1,1
490397,1,1
490497,1,1
490597,1,1
490697,1,1
490797,1,1
490897,1,1
490997,1,1
491097,1,1
491197,1,1
491297,1,1
491397,1,1
491497,1,1
491597,1,1
491697,1,1
491797,1,1
491897,1,1
491992,1,1
492092,1,1
492192,1,1
492292,1,1
492392,1,1
492492,1,1
492592,1,1
492692,1,1
492792,1,1
492892,1,1
492992,1,1
493092,1,1
493192,1,1
493292,1,1
493392,1,1
493492,1,1
493592,1,1
493692,1,1
493792,1,1
493892,1,1
493992,1,1
494092,1,1
494192,1,1
494292,1,1
494392,1,1
494492,1,1
494592,1,1
494692,1,1
494792,1,1
494892,1,1
494992,1,1
495092,1,1
495192,1,1
495292,1,1
495392,1,1
495492,1,1
495592,1,1
495692,1,1
495792,1,1
495892,1,1
495988,1,1
496088,1,1
496188,1,1
496288,1,1
496388,1,1
496488,1,1
496588,1,1
496688,1,1
496788,1,1
496888,1,1
496988,1,1
497088,1,1
497188,1,1
497288,1,1
497388,1,1
497488,1,1
497588,1,1
497688,1,1
497788,1,1
497888,1,1
497988,1,1
498088,1,1
498188,1,1
498288,1,1
498388,1,1
498488,1,1
498588,1,1
498688,1,1
498788,1,1
498888,1,1
498988,1,1
499088,1,1
499188,1,1
499288,1,1
499388,1,1
499488,1,1
499588,1,1
499688,1,1
499788,1,1
499888,1,1
499984,1,1
500094,1,1
500194,1,1
500294,1,1
500394,1,1
500494,1,1
500594,1,1
500694,1,1
500794,1,1
500894,1,1
500994,1,1
501094,1,1
501194,1,1
501294,1,1
501394,1,1
501494,1,1
501594,1,1
501694,1,1
501794,1,1
501894,1,1
501994,1,1
502094,1,1
502194,1,1
502294,1,1
502394,1,1
502494,1,1
502594,1,1
502694,1,1
502794,1,1
502894,1,1
502995,1,1
503095,1,1
503195,1,1
503295,1,1
503395,1,1
503495,1,1
503595,1,1
503695,1,1
503795,1,1
503895,1,1
503991,1,1
504096,1,1
504196,1,1
504296,1,1
504396,1,1
504496,1,1
504596,1,1
504696,1,1
504796,1,1
504896,1,1
504996,1,1
505096,1,1
505196,1,1
505296,1,1
505396,1,1
505496,1,1
505596,1,1
505696,1,1
505796,1,1
505896,1,1
505996,1,1
506096,1,1
506196,1,1
506296,1,1
506396,1,1
506496,1,1
506596,1,1
506696,1,1
506796,1,1
506896,1,1
506996,1,1
507096,1,1
507196,1,1
507296,1,1
507396,1,1
507496,1,1
507596,1,1
507696,1,1
507796,1,1
507896,1,1
507991,1,1
508095,1,1
508195,1,1
508295,1,1
508395,1,1
508495,1,1
508595,1,1
508695,1,1
508795,1,1
508895,1,1
508995,1,1
509095,1,1
509195,1,1
509295,1,1
509395,1,1
509495,1,1
509595,1,1
509695,1,1
509795,1,1
509895,1,1
509995,1,1
510095,1,1
510195,1,1
510295,1,1
510395,1,1
510495,1,1
510595,1,1
510695,1,1
510795,1,1
510895,1,1
510995,1,1
511095,1,1
511195,1,1
511295,1,1
511395,1,1
511495,1,1
511595,1,1
511695,1,1
511795,1,1
511895,1,1
511991,1,1
512136,1,1
512236,1,1
512336,1,1
512436,1,1
512536,1,1
512636,1,1
512736,1,1
512836,1,1
512936,1,1
513036,1,1
513137,1,1
513237,1,1
513337,1,1
513437,1,1
513537,1,1
513637,1,1
513737,1,1
513837,1,1
513937,1,1
514037,1,1
514137,1,1
514237,1,1
514337,1,1
514437,1,1
514537,1,1
514637,1,1
514737,1,1
514837,1,1
514937,1,1
515037,1,1
515137,1,1
515237,1,1
515337,1,1
515437,1,1
515537,1,1
515637,1,1
515737,1,1
515837,1,1
515937,1,1
516038,1,1
516138,1,1
516238,1,1
516338,1,1
516438,1,1
516538,1,1
516638,1,1
516738,1,1
516838,1,1
516938,1,1
517038,1,1
517138,1,1
517238,1,1
517338,1,1
517438,1,1
517538,1,1
517638,1,1
517738,1,1
517838,1,1
517938,1,1
518038,1,1
518138,1,1
518238,1,1
518338,1,1
518438,1,1
518538,1,1
518638,1,1
518738,1,1
518838,1,1
518939,1,1
519039,1,1
519139,1,1
519239,1,1
519339,1,1
519439,1,1
519539,1,1
519639,1,1
519739,1,1
519839,1,1
519939,1,1
520039,1,1
520168,0,0
520268,0,0
520368,0,0
520468,0,0
520568,0,0
520668,0,0
520768,0,0
520868,0,0
520968,0,0
521068,0,0
521168,0,0
521268,0,0
521368,0,0
521468,0,0
521568,0,0
521668,0,0
521768,0,0
521868,0,0
521969,0,0
522069,0,0
522169,0,0
522269,0,0
522369,0,0
522469,0,0
522569,0,0
522669,0,0
522769,0,0
522869,0,0
522969,0,0
523069,0,0
523169,0,0
523269,0,0
523369,0,0
523469,0,0
523569,0,0
523669,0,0
523769,0,0
523869,0,0
523969,0,0
524069,0,0
524169,0,0
524269,0,0
524369,0,0
524469,0,0
524569,0,0
524669,0,0
524769,0,0
524870,0,0
524970,0,0
525070,0,0
525170,0,0
525270,0,0
525370,0,0
525470,0,0
525570,0,0
525670,0,0
525770,0,0
525870,0,0
525970,0,0
526070,0,0
526170,0,0
526270,0,0
526370,0,0
526470,0,0
526570,0,0
526670,0,0
526770,0,0
526870,0,0
526970,0,0
527070,0,0
527170,0,0
527270,0,0
527370,0,0
527470,0,0
527570,0,0
527670,0,0
527771,0,0
527871,0,0
527971,0,0
528071,0,0
528171,0,0
528271,0,0
528371,0,0
528471,0,0
528571,0,0
528671,0,0
528771,0,0
528871,0,0
528971,0,0
529071,0,0
529171,0,0
529271,0,0
529371,0,0
529471,0,0
529571,0,0
529671,0,0
529771,0,0
529871,0,0
529971,0,0
530071,0,0
530171,0,0
530271,0,0
530371,0,0
530471,0,0
530571,0,0
530671,0,0
530771,0,0
530871,0,0
530971,0,0
531071,0,0
531171,0,0
531271,0,0
531371,0,0
531471,0,0
531571,0,0
531671,0,0
531771,0,0
531871,0,0
531971,0,0
532071,0,0
532171,0,0
532271,0,0
532371,0,0
532471,0,0
532571,0,0
532671,0,0
532771,0,0
532871,0,0
532971,0,0
533071,0,0
533148,0,0
533255,0,0
533355,1,1
533455,1,1
533555,1,1
533655,1,1
533755,1,1
533855,1,1
533955,1,1
534055,1,1
534155,1,1
534255,1,1
534355,1,1
534455,1,1
534555,1,1
534655,1,1
534755,1,1
534855,1,1
534955,1,1
535055,1,1
535155,1,1
535255,1,1
535355,1,1
535455,1,1
535556,1,1
535656,1,1
535756,1,1
535856,1,1
535956,1,1
536056,1,1
536156,1,1
536256,1,1
536356,1,1
536456,1,1
536556,1,1
536656,1,1
536756,1,1
536856,1,1
536956,1,1
537056,1,1
537152,1,1
537252,1,1
537352,1,1
537452,1,1
537552,1,1
537652,1,1
537752,1,1
537852,1,1
537952,1,1
538052,1,1
538152,1,1
538252,1,1
538352,1,1
538452,1,1
538552,1,1
538652,1,1
538752,1,1
538852,1,1
538952,1,1
539052,1,1
539152,1,1
539252,1,1
539352,1,1
539452,1,1
539552,1,1
539652,1,1
539752,1,1
539852,1,1
539952,1,1
540052,1,1
540152,1,1
540252,1,1
540352,1,1
540452,1,1
540552,1,1
540652,1,1
540752,1,1
540852,1,1
540952,1,1
541052,1,1
541147,1,1
541249,1,1
541350,1,1
541450,1,1
541550,1,1
541650,1,1
541750,1,1
541850,1,1
541950,1,1
542050,1,1
542150,1,1
542250,1,1
542350,1,1
542450,1,1
542550,1,1
542650,1,1
542750,1,1
542850,1,1
542950,1,1
543050,1,1
543150,1,1
543250,1,1
543350,1,1
543450,1,1
543550,1,1
543650,1,1
543750,1,1
543850,1,1
543950,1,1
544050,1,1
544150,1,1
544251,1,1
544351,1,1
544451,1,1
544551,1,1
544651,1,1
544751,1,1
544851,1,1
544951,1,1
545051,1,1
545147,1,1
545247,1,1
545347,1,1
545447,1,1
545547,1,1
545647,1,1
545747,1,1
545847,1,1
545947,1,1
546047,1,1
546147,1,1
546247,1,1
546347,1,1
546447,1,1
546547,1,1
546647,1,1
546747,1,1
546847,1,1
546947,1,1
547047,1,1
547147,1,1
547247,1,1
547347,1,1
547447,1,1
547547,1,1
547647,1,1
547747,1,1
547847,1,1
547947,1,1
548047,1,1
548147,1,1
548247,1,1
548347,1,1
548447,1,1
548547,1,1
548647,1,1
548747,1,1
548847,1,1
548947,1,1
549047,1,1
549143,1,1
549243,1,1
549343,1,1
549449,1,1
549549,1,1
549649,1,1
549749,1,1
549849,1,1
549949,1,1
550049,1,1
550149,1,1
550249,1,1
550349,1,1
550449,1,1
550549,1,1
550649,1,1
550749,1,1
550849,1,1
550949,1,1
551049,1,1
551149,1,1
551249,1,1
551349,1,1
551449,1,1
551549,1,1
551649,1,1
551749,1,1
551849,1,1
551949,1,1
552049,1,1
552149,1,1
552249,1,1
552350,1,1
552450,1,1
552550,1,1
552650,1,1
552750,1,1
552850,1,1
552950,1,1
553050,1,1
553145,1,1
553245,1,1
553345,1,1
553466,1,1
553566,1,1
553666,1,1
553766,1,1
553866,1,1
553966,1,1
554066,1,1
554166,1,1
554266,1,1
554366,1,1
554466,1,1
554566,1,1
554666,1,1
554766,1,1
554866,1,1
554966,1,1
555066,1,1
555166,1,1
555266,1,1
555366,1,1
555466,1,1
555566,1,1
555666,1,1
555766,1,1
555866,1,1
555966,1,1
556066,1,1
556166,1,1
556266,1,1
556366,1,1
556466,1,1
556566,1,1
556666,1,1
556766,1,1
556866,1,1
556966,1,1
557066,1,1
557161,1,1
557261,1,1
557361,1,1
557463,1,1
557563,1,1
557663,1,1
557763,1,1
557863,1,1
557963,1,1
558063,1,1
558163,1,1
558263,1,1
558363,1,1
558463,1,1
558563,1,1
558663,1,1
558763,1,1
558863,1,1
558963,1,1
559063,1,1
559163,1,1
559263,1,1
559363,1,1
559463,1,1
559563,1,1
559663,1,1
559764,1,1
559864,1,1
559964,1,1
560064,1,1
560164,1,1
560264,1,1
560364,1,1
560464,1,1
560564,1,1
560664,1,1
560764,1,1
560864,1,1
560964,1,1
561064,1,1
561160,1,1
561260,1,1
561360,1,1
561463,1,1
561563,1,1
561663,1,1
561763,1,1
561863,1,1
561963,1,1
562064,1,1
562164,1,1
562264,1,1
562364,1,1
562464,1,1
562564,1,1
562664,1,1
562764,1,1
562864,1,1
562964,1,1
563064,1,1
563164,1,1
563264,1,1
563364,1,1
563464,1,1
563564,1,1
563664,1,1
563764,1,1
563864,1,1
563964,1,1
564064,1,1
564164,1,1
564264,1,1
564364,1,1
564464,1,1
564564,1,1
564664,1,1
564764,1,1
564864,1,1
564965,1,1
565065,1,1
565162,1,1
565262,1,1
565362,1,1
565470,1,1
565570,1,1
565670,1,1
565770,1,1
565870,1,1
565970,1,1
566070,1,1
566170,1,1
566270,1,1
566370,1,1
566470,1,1
566570,1,1
566670,1,1
566770,1,1
566870,1,1
566970,1,1
567070,1,1
567170,1,1
567270,1,1
567370,1,1
567470,1,1
567570,1,1
567670,1,1
567770,1,1
567870,1,1
567970,1,1
568194,1,1
568294,1,1
568394,1,1
568494,1,1
568594,1,1
568694,1,1
568794,1,1
568894,1,1
568994,1,1
569094,1,1
569188,1,1
569288,1,1
569388,1,1
569488,1,1
569588,1,1
569688,1,1
569788,1,1
569888,1,1
569988,1,1
570088,1,1
570188,1,1
570288,1,1
570388,1,1
570488,1,1
570588,1,1
570688,1,1
570788,1,1
570888,1,1
570988,1,1
571088,1,1
571188,1,1
571288,1,1
571388,1,1
571488,1,1
571588,1,1
571688,1,1
571788,1,1
571888,1,1
571988,1,1
572088,1,1
572188,1,1
572288,1,1
572388,1,1
572488,1,1
572588,1,1
572688,1,1
572788,1,1
572888,1,1
572988,1,1
573088,1,1
573184,1,1
573284,1,1
573384,1,1
573484,1,1
573584,1,1
573684,1,1
573784,1,1
573884,1,1
573984,1,1
574084,1,1
574184,1,1
574284,1,1
574384,1,1
574484,1,1
574584,1,1
574684,1,1
574784,1,1
574884,1,1
574984,1,1
575084,1,1
575184,1,1
575284,1,1
575384,1,1
575484,1,1
575584,1,1
575684,1,1
575784,1,1
575884,1,1
575984,1,1
576084,1,1
576184,1,1
576284,1,1
576384,1,1
576484,1,1
576584,1,1
576684,1,1
576784,1,1
576884,1,1
576984,1,1
577084,1,1
577184,1,1
577284,1,1
577384,1,1
577484,1,1
577584,1,1
577684,1,1
577784,1,1
577884,1,1
577984,1,1
578084,1,1
578184,1,1
578284,1,1
578384,1,1
578484,1,1
578584,1,1
578684,1,1
578784,1,1
578884,1,1
578984,1,1
579084,1,1
579184,1,1
579284,1,1
579384,1,1
579484,1,1
579584,1,1
579684,1,1
579784,1,1
579884,1,1
579984,1,1
580084,1,1
580184,1,1
580284,1,1
580384,1,1
580484,1,1
580584,1,1
580684,1,1
580784,1,1
580884,1,1
580984,1,1
581084,1,1
581184,1,1
581284,1,1
581384,1,1
581484,1,1
581601,0,0
581701,0,0
581801,0,0
581901,0,0
582001,0,0
582101,0,0
582201,0,0
582301,0,0
582401,0,0
582501,0,0
582601,0,0
582702,0,0
582802,0,0
582902,0,0
583002,0,0
583102,0,0
583202,0,0
583302,0,0
583402,0,0
583502,0,0
583602,0,0
583702,0,0
583802,0,0
583902,0,0
584002,0,0
584102,0,0
584202,0,0
584302,0,0
584402,0,0
584502,0,0
584602,0,0
584702,0,0
584802,0,0
584902,0,0
585002,0,0
585102,0,0
585202,0,0
585302,0,0
585402,0,0
585502,0,0
585603,0,0
585703,0,0
585803,0,0
585903,0,0
586003,0,0
586103,0,0
586203,0,0
586303,0,0
586403,0,0
586503,0,0
586603,0,0
586703,0,0
586803,0,0
586903,0,0
587003,0,0
587103,0,0
587203,0,0
587303,0,0
587403,0,0
587503,0,0
587603,0,0
587703,0,0
587803,0,0
587903,0,0
588003,0,0
588103,0,0
588203,0,0
588303,0,0
588403,0,0
588504,0,0
588604,0,0
588704,0,0
588804,0,0
588904,0,0
589004,0,0
589104,0,0
589204,0,0
589304,0,0
589404,0,0
589504,0,0
589604,0,0
589704,0,0
589804,0,0
589904,0,0
590004,0,0
590104,0,0
590204,0,0
590304,0,0
590404,0,0
590504,0,0
590604,0,0
590704,0,0
590804,0,0
590904,0,0
591004,0,0
591104,0,0
591204,0,0
591304,0,0
591404,0,0
591504,0,0
591604,0,0
591704,0,0
591804,0,0
591904,0,0
592004,0,0
592104,0,0
592204,0,0
592304,0,0
592404,0,0
592504,0,0
592604,0,0
592704,0,0
592804,0,0
592904,0,0
593004,0,0
593104,0,0
593204,0,0
593304,0,0
593404,0,0
593504,0,0
593604,0,0
593704,0,0
593804,0,0
593904,0,0
594004,0,0
594104,0,0
594204,0,0
594304,0,0
594404,0,0
594504,0,0
594604,0,0
594704,0,0
594804,0,0
594904,0,0
595004,0,0
595104,0,0
595204,0,0
595304,0,0
595404,0,0
595504,0,0
595604,0,0
595704,0,0
595804,0,0
595904,0,0
596004,0,0
596104,0,0
596204,0,0
596304,0,0
596404,0,0
596504,0,0
596604,0,0
596704,0,0
596804,0,0
596904,0,0
597004,0,0
597104,0,0
597204,0,0
597304,0,0
597404,0,0
597504,0,0
597604,0,0
597704,0,0
597804,0,0
597904,0,0
598004,0,0
598104,0,0
598204,0,0
598304,0,0
598404,0,0
598504,0,0
598604,0,0
598704,0,0
598804,0,0
598904,0,0
599004,0,0
599104,0,0
599204,0,0
599304,0,0
599404,0,0
599504,0,0
599604,0,0
599704,0,0
599804,0,0
599904,0,0
600004,0,0
600104,0,0
600204,0,0
