p:4000,20000,6000,600,8000,4000,2000,8000,100
15064,0,0
15164,0,0
15264,0,0
15364,0,0
15464,0,0
15564,0,0
15664,0,0
15764,0,0
15864,0,0
15964,0,0
16074,0,0
16174,1,1
16274,1,1
16374,1,1
16474,1,1
16574,1,1
16674,1,1
16774,1,1
16874,1,1
16974,1,1
17074,1,1
17174,1,1
17274,1,1
17374,1,1
17474,1,1
17574,1,1
17674,1,1
17774,1,1
17874,1,1
17974,1,1
18074,1,1
18174,1,1
18275,1,1
18375,1,1
18475,1,1
18575,1,1
18675,1,1
18775,1,1
18875,1,1
18975,1,1
19070,1,1
19170,1,1
19270,1,1
19370,1,1
19470,1,1
19570,1,1
19670,1,1
19770,1,1
19870,1,1
19970,1,1
20070,1,1
20170,1,1
20270,1,1
20370,1,1
20470,1,1
20570,1,1
20670,1,1
20770,1,1
20870,1,1
20970,1,1
21070,1,1
21171,1,1
21271,1,1
21371,1,1
21471,1,1
21571,1,1
21671,1,1
21771,1,1
21871,1,1
21971,1,1
22071,1,1
22171,1,1
22271,1,1
22371,1,1
22471,1,1
22571,1,1
22671,1,1
22771,1,1
22871,1,1
22971,1,1
23067,1,1
23167,1,1
23267,1,1
23367,1,1
23467,1,1
23567,1,1
23667,1,1
23767,1,1
23867,1,1
23967,1,1
24073,1,1
24173,1,1
24273,1,1
24373,1,1
24473,1,1
24573,1,1
24673,1,1
24773,1,1
24873,1,1
24973,1,1
25073,1,1
25173,1,1
25273,1,1
25373,1,1
25473,1,1
25573,1,1
25673,1,1
25773,1,1
25873,1,1
25973,1,1
26074,1,1
26174,1,1
26274,1,1
26374,1,1
26474,1,1
26574,1,1
26674,1,1
26774,1,1
26874,1,1
26974,1,1
27070,1,1
27170,1,1
27270,1,1
27370,1,1
27470,1,1
27570,1,1
27670,1,1
27770,1,1
27870,1,1
27970,1,1
28070,1,1
28170,1,1
28270,1,1
28370,1,1
28470,1,1
28570,1,1
28670,1,1
28770,1,1
28870,1,1
28971,1,1
29071,1,1
29171,1,1
29271,1,1
29371,1,1
29471,1,1
29571,1,1
29671,1,1
29771,1,1
29871,1,1
29971,1,1
30071,1,1
30171,1,1
30271,1,1
30371,1,1
30471,1,1
30571,1,1
30671,1,1
30771,1,1
30871,1,1
30971,1,1
31067,1,1
31167,1,1
31267,1,1
31367,1,1
31467,1,1
31567,1,1
31667,1,1
31767,1,1
31867,1,1
31967,1,1
32078,1,1
32178,1,1
32278,1,1
32378,1,1
32478,1,1
32578,1,1
32679,1,1
32779,1,1
32879,1,1
32979,1,1
33079,1,1
33179,1,1
33279,1,1
33379,1,1
33479,1,1
33579,1,1
33679,1,1
33779,1,1
33879,1,1
33979,1,1
34079,1,1
34179,1,1
34279,1,1
34379,1,1
34479,1,1
34579,1,1
34679,1,1
34779,1,1
34879,1,1
34979,1,1
35079,1,1
35173,1,1
35273,1,1
35373,1,1
35473,1,1
35573,1,1
35673,1,1
35773,1,1
35873,1,1
35973,1,1
36083,1,1
36183,1,1
36283,1,1
36383,1,1
36483,1,1
36583,1,1
36684,1,1
36784,1,1
36884,1,1
36984,1,1
37084,1,1
37184,1,1
37284,1,1
37384,1,1
37484,1,1
37584,1,1
37684,1,1
37784,1,1
37884,1,1
37984,1,1
38084,1,1
38184,1,1
38284,1,1
38384,1,1
38484,1,1
38584,1,1
38684,1,1
38784,1,1
38884,1,1
38984,1,1
39084,1,1
39181,1,1
39281,1,1
39381,1,1
39481,1,1
39582,1,1
39682,1,1
39782,1,1
39882,1,1
39982,1,1
40101,1,1
40201,1,1
40301,1,1
40401,1,1
40501,1,1
40601,1,1
40701,1,1
40801,1,1
40901,1,1
41001,1,1
41101,1,1
41201,1,1
41301,1,1
41401,1,1
41502,1,1
41602,1,1
41702,1,1
41802,1,1
41902,1,1
42002,1,1
42102,1,1
42202,1,1
42302,1,1
42402,1,1
42502,1,1
42602,1,1
42702,1,1
42802,1,1
42902,1,1
43002,1,1
43102,1,1
43191,1,1
43291,1,1
43391,1,1
43491,1,1
43591,1,1
43691,1,1
43791,1,1
43891,1,1
43991,1,1
44122,1,1
44222,1,1
44322,1,1
44422,1,1
44522,1,1
44622,1,1
44722,1,1
44822,1,1
44922,1,1
45022,1,1
45122,1,1
45222,1,1
45322,1,1
45422,1,1
45522,1,1
45622,1,1
45722,1,1
45822,1,1
45922,1,1
46022,1,1
46122,1,1
46222,1,1
46322,1,1
46422,1,1
46522,1,1
46622,1,1
46722,1,1
46822,1,1
46922,1,1
47022,1,1
47125,1,1
47225,1,1
47325,1,1
47425,1,1
47525,1,1
47625,1,1
47725,1,1
47825,1,1
47925,1,1
48025,1,1
48125,1,1
48225,1,1
48325,1,1
48425,1,1
48525,1,1
48625,1,1
48725,1,1
48825,1,1
48925,1,1
49025,1,1
49125,1,1
49225,1,1
49325,1,1
49425,1,1
49525,1,1
49625,1,1
49725,1,1
49825,1,1
49925,1,1
50025,1,1
50125,1,1
50225,1,1
50325,1,1
50425,1,1
50525,1,1
50625,1,1
50725,1,1
50825,1,1
50925,1,1
51025,1,1
51120,1,1
51220,1,1
51320,1,1
51420,1,1
51520,1,1
51620,1,1
51720,1,1
51820,1,1
51920,1,1
52020,1,1
52120,1,1
52220,1,1
52320,1,1
52420,1,1
52520,1,1
52620,1,1
52720,1,1
52820,1,1
52920,1,1
53020,1,1
53120,1,1
53220,1,1
53320,1,1
53420,1,1
53520,1,1
53620,1,1
53720,1,1
53820,1,1
53920,1,1
54020,1,1
54120,1,1
54220,1,1
54320,1,1
54420,1,1
54520,1,1
54620,1,1
54720,1,1
54820,1,1
54920,1,1
55020,1,1
55120,1,1
55220,1,1
55320,1,1
55420,1,1
55520,1,1
55620,1,1
55720,1,1
55820,1,1
55920,1,1
56020,1,1
56120,1,1
56220,1,1
56320,1,1
56420,1,1
56520,1,1
56620,1,1
56720,1,1
56820,1,1
56920,1,1
57020,1,1
57120,1,1
57220,1,1
57320,1,1
57420,1,1
57520,1,1
57620,1,1
57720,1,1
57820,1,1
57920,1,1
58020,1,1
58120,1,1
58220,1,1
58320,1,1
58420,1,1
58520,1,1
58620,1,1
58720,1,1
58820,1,1
58920,1,1
59020,1,1
59120,1,1
59220,1,1
59320,1,1
59420,1,1
59520,1,1
59620,1,1
59720,1,1
59820,1,1
59920,1,1
60020,1,1
60120,1,1
60229,0,0
60329,0,0
60429,0,0
60529,0,0
60629,0,0
60729,0,0
60829,0,0
60929,0,0
61030,0,0
61130,0,0
61230,0,0
61330,0,0
61430,0,0
61530,0,0
61630,0,0
61730,0,0
61830,0,0
61930,0,0
62030,0,0
62130,0,0
62230,0,0
62330,0,0
62430,0,0
62530,0,0
62630,0,0
62730,0,0
62830,0,0
62930,0,0
63030,0,0
63130,0,0
63230,0,0
63330,0,0
63430,0,0
63530,0,0
63630,0,0
63730,0,0
63830,0,0
63931,0,0
64031,0,0
64131,0,0
64231,0,0
64331,0,0
64431,0,0
64531,0,0
64631,0,0
64731,0,0
64831,0,0
64931,0,0
65031,0,0
65131,0,0
65231,0,0
65331,0,0
65431,0,0
65531,0,0
65631,0,0
65731,0,0
65831,0,0
65931,0,0
66031,0,0
66131,0,0
66231,0,0
66331,0,0
66431,0,0
66531,0,0
66631,0,0
66731,0,0
66832,0,0
66932,0,0
67032,0,0
67132,0,0
67232,0,0
67332,0,0
67432,0,0
67532,0,0
67632,0,0
67732,0,0
67832,0,0
67932,0,0
68032,0,0
68132,0,0
68232,0,0
68332,0,0
68432,0,0
68532,0,0
68632,0,0
68732,0,0
68832,0,0
68932,0,0
69032,0,0
69132,0,0
69232,0,0
69332,0,0
69432,0,0
69532,0,0
69632,0,0
69732,0,0
69832,0,0
69932,0,0
70032,0,0
70132,0,0
70232,0,0
70332,0,0
70432,0,0
70532,0,0
70632,0,0
70732,0,0
70832,0,0
70932,0,0
71032,0,0
71132,0,0
71232,0,0
71332,0,0
71432,0,0
71532,0,0
71632,0,0
71732,0,0
71832,0,0
71932,0,0
72032,0,0
72132,0,0
72232,0,0
72332,0,0
72432,0,0
72532,0,0
72632,0,0
72732,0,0
72832,0,0
72932,0,0
73032,0,0
73132,0,0
73232,0,0
73332,0,0
73432,0,0
73532,0,0
73663,0,0
73764,1,1
73864,1,1
73964,1,1
74064,1,1
74164,1,1
74264,1,1
74364,1,1
74464,1,1
74564,1,1
74664,1,1
74764,1,1
74864,1,1
74964,1,1
75064,1,1
75164,1,1
75264,1,1
75364,1,1
75464,1,1
75564,1,1
75664,1,1
75764,1,1
75864,1,1
75964,1,1
76064,1,1
76164,1,1
76264,1,1
76364,1,1
76464,1,1
76564,1,1
76665,1,1
76765,1,1
76865,1,1
76965,1,1
77065,1,1
77165,1,1
77265,1,1
77365,1,1
77465,1,1
77565,1,1
77665,1,1
77749,1,1
77849,1,1
77949,1,1
78049,1,1
78149,1,1
78249,1,1
78349,1,1
78449,1,1
78549,1,1
78649,1,1
78749,1,1
78849,1,1
78949,1,1
79049,1,1
79149,1,1
79249,1,1
79349,1,1
79449,1,1
79549,1,1
79649,1,1
79749,1,1
79849,1,1
79949,1,1
80049,1,1
80149,1,1
80249,1,1
80349,1,1
80449,1,1
80549,1,1
80649,1,1
80749,1,1
80849,1,1
80949,1,1
81049,1,1
81149,1,1
81249,1,1
81349,1,1
81449,1,1
81549,1,1
81649,1,1
81745,1,1
81845,1,1
81945,1,1
82045,1,1
82145,1,1
82245,1,1
82345,1,1
82445,1,1
82545,1,1
82645,1,1
82745,1,1
82845,1,1
82945,1,1
83045,1,1
83145,1,1
83245,1,1
83345,1,1
83445,1,1
83545,1,1
83645,1,1
83745,1,1
83845,1,1
83945,1,1
84045,1,1
84145,1,1
84245,1,1
84345,1,1
84445,1,1
84545,1,1
84645,1,1
84745,1,1
84845,1,1
84945,1,1
85045,1,1
85145,1,1
85245,1,1
85345,1,1
85445,1,1
85545,1,1
85645,1,1
85740,1,1
85840,1,1
85940,1,1
86040,1,1
86140,1,1
86240,1,1
86340,1,1
86440,1,1
86540,1,1
86640,1,1
86740,1,1
86840,1,1
86940,1,1
87040,1,1
87140,1,1
87240,1,1
87340,1,1
87440,1,1
87540,1,1
87640,1,1
87740,1,1
87840,1,1
87940,1,1
88040,1,1
88140,1,1
88240,1,1
88340,1,1
88440,1,1
88540,1,1
88640,1,1
88740,1,1
88840,1,1
88940,1,1
89040,1,1
89140,1,1
89240,1,1
89340,1,1
89440,1,1
89540,1,1
89640,1,1
89735,1,1
89835,1,1
89935,1,1
90035,1,1
90135,1,1
90235,1,1
90335,1,1
90435,1,1
90535,1,1
90635,1,1
90735,1,1
90835,1,1
90935,1,1
91035,1,1
91135,1,1
91235,1,1
91335,1,1
91435,1,1
91535,1,1
91635,1,1
91735,1,1
91835,1,1
91935,1,1
92035,1,1
92135,1,1
92235,1,1
92335,1,1
92435,1,1
92535,1,1
92635,1,1
92735,1,1
92835,1,1
92935,1,1
93035,1,1
93135,1,1
93235,1,1
93335,1,1
93435,1,1
93535,1,1
93635,1,1
93731,1,1
93831,1,1
93931,1,1
94031,1,1
94131,1,1
94231,1,1
94331,1,1
94431,1,1
94531,1,1
94631,1,1
94731,1,1
94831,1,1
94931,1,1
95031,1,1
95131,1,1
95231,1,1
95331,1,1
95431,1,1
95531,1,1
95631,1,1
95731,1,1
95831,1,1
95931,1,1
96031,1,1
96131,1,1
96231,1,1
96331,1,1
96431,1,1
96531,1,1
96631,1,1
96731,1,1
96831,1,1
96931,1,1
97031,1,1
97131,1,1
97231,1,1
97331,1,1
97431,1,1
97531,1,1
97631,1,1
97741,1,1
97822,1,1
97922,1,1
98022,1,1
98122,1,1
98222,1,1
98322,1,1
98422,1,1
98522,1,1
98622,1,1
98722,1,1
98822,1,1
98922,1,1
99022,1,1
99122,1,1
99222,1,1
99322,1,1
99422,1,1
99522,1,1
99622,1,1
99722,1,1
99823,1,1
99923,1,1
100023,1,1
100123,1,1
100223,1,1
100323,1,1
100423,1,1
100523,1,1
100623,1,1
100723,1,1
100823,1,1
100923,1,1
101023,1,1
101123,1,1
101223,1,1
101323,1,1
101423,1,1
101523,1,1
101623,1,1
101732,1,1
101828,1,1
101928,1,1
102028,1,1
102128,1,1
102228,1,1
102328,1,1
102428,1,1
102528,1,1
102628,1,1
102728,1,1
102828,1,1
102928,1,1
103028,1,1
103128,1,1
103228,1,1
103328,1,1
103428,1,1
103528,1,1
103628,1,1
103728,1,1
103828,1,1
103928,1,1
104028,1,1
104128,1,1
104228,1,1
104328,1,1
104428,1,1
104528,1,1
104628,1,1
104728,1,1
104828,1,1
104928,1,1
105028,1,1
105128,1,1
105228,1,1
105328,1,1
105428,1,1
105528,1,1
105628,1,1
105728,1,1
105828,1,1
105935,1,1
106031,1,1
106131,1,1
106231,1,1
106331,1,1
106431,1,1
106531,1,1
106631,1,1
106731,1,1
106831,1,1
106931,1,1
107031,1,1
107131,1,1
107231,1,1
107331,1,1
107431,1,1
107531,1,1
107631,1,1
107731,1,1
107831,1,1
107931,1,1
108031,1,1
108131,1,1
108231,1,1
108331,1,1
108431,1,1
108531,1,1
108631,1,1
108732,1,1
108832,1,1
108932,1,1
109032,1,1
109132,1,1
109232,1,1
109332,1,1
109432,1,1
109532,1,1
109632,1,1
109732,1,1
109832,1,1
109942,1,1
110033,1,1
110133,1,1
110233,1,1
110333,1,1
110433,1,1
110533,1,1
110633,1,1
110733,1,1
110833,1,1
110933,1,1
111033,1,1
111133,1,1
111233,1,1
111333,1,1
111433,1,1
111533,1,1
111633,1,1
111733,1,1
111833,1,1
111933,1,1
112033,1,1
112133,1,1
112233,1,1
112333,1,1
112433,1,1
112533,1,1
112633,1,1
112734,1,1
112834,1,1
112934,1,1
113034,1,1
113134,1,1
113234,1,1
113334,1,1
113434,1,1
113534,1,1
113634,1,1
113734,1,1
113834,1,1
113934,1,1
114034,1,1
114134,1,1
114234,1,1
114334,1,1
114434,1,1
114534,1,1
114634,1,1
114734,1,1
114834,1,1
114934,1,1
115034,1,1
115134,1,1
115234,1,1
115334,1,1
115434,1,1
115534,1,1
115635,1,1
115735,1,1
115835,1,1
115935,1,1
116035,1,1
116135,1,1
116235,1,1
116335,1,1
116435,1,1
116535,1,1
116635,1,1
116735,1,1
116835,1,1
116935,1,1
117035,1,1
117135,1,1
117235,1,1
117335,1,1
117435,1,1
117535,1,1
117635,1,1
117735,1,1
117835,1,1
117962,0,0
118062,0,0
118162,0,0
118262,0,0
118362,0,0
118462,0,0
118562,0,0
118662,0,0
118762,0,0
118862,0,0
118963,0,0
119063,0,0
119163,0,0
119263,0,0
119363,0,0
119463,0,0
119563,0,0
119663,0,0
119763,0,0
119863,0,0
119963,0,0
120063,0,0
120163,0,0
120263,0,0
120363,0,0
120463,0,0
120563,0,0
120663,0,0
120763,0,0
120863,0,0
120963,0,0
121063,0,0
121163,0,0
121263,0,0
121363,0,0
121463,0,0
121563,0,0
121663,0,0
121763,0,0
121863,0,0
121963,0,0
122063,0,0
122163,0,0
122263,0,0
122363,0,0
122463,0,0
122563,0,0
122663,0,0
122763,0,0
122863,0,0
122963,0,0
123063,0,0
123163,0,0
123263,0,0
123363,0,0
123463,0,0
123563,0,0
123663,0,0
123763,0,0
123863,0,0
123963,0,0
124063,0,0
124163,0,0
124263,0,0
124363,0,0
124463,0,0
124563,0,0
124663,0,0
124763,0,0
124863,0,0
124963,0,0
125063,0,0
125163,0,0
125263,0,0
125363,0,0
125463,0,0
125563,0,0
125663,0,0
125763,0,0
125863,0,0
125987,0,0
126060,1,1
126160,1,1
126260,1,1
126360,1,1
126460,1,1
126560,1,1
126660,1,1
126760,1,1
126860,1,1
126960,1,1
127060,1,1
127160,1,1
127260,1,1
127360,1,1
127460,1,1
127560,1,1
127660,1,1
127760,1,1
127860,1,1
127960,1,1
128060,1,1
128160,1,1
128260,1,1
128360,1,1
128460,1,1
128560,1,1
128660,1,1
128760,1,1
128860,1,1
128960,1,1
129060,1,1
129160,1,1
129260,1,1
129360,1,1
129460,1,1
129560,1,1
129660,1,1
129760,1,1
129860,1,1
129984,1,1
130084,1,1
130184,1,1
130284,1,1
130384,1,1
130484,1,1
130584,1,1
130684,1,1
130784,1,1
130884,1,1
130984,1,1
131084,1,1
131184,1,1
131284,1,1
131384,1,1
131484,1,1
131584,1,1
131684,1,1
131784,1,1
131884,1,1
131984,1,1
132084,1,1
132184,1,1
132284,1,1
132384,1,1
132484,1,1
132584,1,1
132684,1,1
132784,1,1
132884,1,1
132984,1,1
133084,1,1
133184,1,1
133284,1,1
133384,1,1
133484,1,1
133584,1,1
133684,1,1
133784,1,1
133884,1,1
133988,1,1
134070,1,1
134170,1,1
134270,1,1
134370,1,1
134470,1,1
134570,1,1
134670,1,1
134770,1,1
134870,1,1
134970,1,1
135070,1,1
135170,1,1
135270,1,1
135370,1,1
135470,1,1
135570,1,1
135670,1,1
135770,1,1
135870,1,1
135970,1,1
136070,1,1
136170,1,1
136270,1,1
136370,1,1
136470,1,1
136570,1,1
136670,1,1
136770,1,1
136870,1,1
136970,1,1
137070,1,1
137170,1,1
137270,1,1
137370,1,1
137470,1,1
137570,1,1
137670,1,1
137770,1,1
137870,1,1
137988,1,1
138073,1,1
138173,1,1
138273,1,1
138373,1,1
138473,1,1
138573,1,1
138673,1,1
138773,1,1
138873,1,1
138973,1,1
139073,1,1
139173,1,1
139273,1,1
139373,1,1
139473,1,1
139573,1,1
139673,1,1
139773,1,1
139873,1,1
139973,1,1
140073,1,1
140173,1,1
140273,1,1
140373,1,1
140474,1,1
140574,1,1
140674,1,1
140774,1,1
140874,1,1
140974,1,1
141074,1,1
141174,1,1
141274,1,1
141374,1,1
141474,1,1
141574,1,1
141674,1,1
141774,1,1
141874,1,1
141996,1,1
142096,1,1
142196,1,1
142296,1,1
142396,1,1
142496,1,1
142596,1,1
142696,1,1
142796,1,1
142896,1,1
142996,1,1
143096,1,1
143196,1,1
143296,1,1
143397,1,1
143497,1,1
143597,1,1
143697,1,1
143797,1,1
143897,1,1
143997,1,1
144097,1,1
144197,1,1
144297,1,1
144397,1,1
144497,1,1
144597,1,1
144697,1,1
144797,1,1
144897,1,1
144997,1,1
145097,1,1
145197,1,1
145297,1,1
145397,1,1
145497,1,1
145597,1,1
145697,1,1
145797,1,1
145897,1,1
145992,1,1
146092,1,1
146192,1,1
146292,1,1
146392,1,1
146492,1,1
146592,1,1
146692,1,1
146792,1,1
146892,1,1
146992,1,1
147092,1,1
147192,1,1
147292,1,1
147392,1,1
147492,1,1
147592,1,1
147692,1,1
147792,1,1
147892,1,1
147992,1,1
148092,1,1
148192,1,1
148292,1,1
148392,1,1
148492,1,1
148592,1,1
148692,1,1
148792,1,1
148892,1,1
148992,1,1
149092,1,1
149192,1,1
149292,1,1
149392,1,1
149492,1,1
149592,1,1
149692,1,1
149792,1,1
149892,1,1
150001,1,1
150081,1,1
150181,1,1
150281,1,1
150381,1,1
150481,1,1
150581,1,1
150681,1,1
150781,1,1
150882,1,1
150982,1,1
151082,1,1
151182,1,1
151282,1,1
151382,1,1
151482,1,1
151582,1,1
151682,1,1
151782,1,1
151882,1,1
151982,1,1
152082,1,1
152182,1,1
152282,1,1
152382,1,1
152482,1,1
152582,1,1
152682,1,1
152782,1,1
152882,1,1
152982,1,1
153082,1,1
153182,1,1
153282,1,1
153382,1,1
153482,1,1
153582,1,1
153682,1,1
153783,1,1
153883,1,1
153984,1,1
154105,1,1
154205,1,1
154305,1,1
154405,1,1
154505,1,1
154605,1,1
154705,1,1
154805,1,1
154905,1,1
155005,1,1
155105,1,1
155205,1,1
155305,1,1
155405,1,1
155505,1,1
155605,1,1
155705,1,1
155805,1,1
155905,1,1
156005,1,1
156105,1,1
156205,1,1
156305,1,1
156405,1,1
156505,1,1
156605,1,1
156705,1,1
156805,1,1
156905,1,1
157005,1,1
157105,1,1
157205,1,1
157305,1,1
157405,1,1
157505,1,1
157605,1,1
157705,1,1
157805,1,1
157905,1,1
158015,1,1
158111,1,1
158211,1,1
158311,1,1
158411,1,1
158511,1,1
158611,1,1
158711,1,1
158811,1,1
158911,1,1
159011,1,1
159111,1,1
159211,1,1
159311,1,1
159411,1,1
159511,1,1
159611,1,1
159711,1,1
159811,1,1
159911,1,1
160011,1,1
160111,1,1
160211,1,1
160311,1,1
160411,1,1
160511,1,1
160611,1,1
160712,1,1
160812,1,1
160912,1,1
161012,1,1
161112,1,1
161212,1,1
161312,1,1
161412,1,1
161512,1,1
161612,1,1
161712,1,1
161812,1,1
161912,1,1
162012,1,1
162107,1,1
162207,1,1
162307,1,1
162407,1,1
162507,1,1
162607,1,1
162707,1,1
162807,1,1
162907,1,1
163007,1,1
163107,1,1
163207,1,1
163307,1,1
163407,1,1
163507,1,1
163608,1,1
163708,1,1
163808,1,1
163908,1,1
164008,1,1
164108,1,1
164208,1,1
164308,1,1
164408,1,1
164508,1,1
164608,1,1
164708,1,1
164808,1,1
164908,1,1
165008,1,1
165108,1,1
165208,1,1
165308,1,1
165408,1,1
165508,1,1
165608,1,1
165708,1,1
165808,1,1
165908,1,1
166011,1,1
166106,1,1
166206,1,1
166306,1,1
166406,1,1
166506,1,1
166606,1,1
166706,1,1
166806,1,1
166906,1,1
167006,1,1
167106,1,1
167206,1,1
167306,1,1
167406,1,1
167506,1,1
167606,1,1
167706,1,1
167806,1,1
167906,1,1
168006,1,1
168106,1,1
168206,1,1
168306,1,1
168406,1,1
168506,1,1
168606,1,1
168706,1,1
168806,1,1
168906,1,1
169006,1,1
169107,1,1
169207,1,1
169307,1,1
169407,1,1
169507,1,1
169607,1,1
169707,1,1
169807,1,1
169907,1,1
170007,1,1
170107,1,1
170207,1,1
170307,1,1
170407,1,1
170507,1,1
170607,1,1
170707,1,1
170807,1,1
170907,1,1
171007,1,1
171107,1,1
171207,1,1
171307,1,1
171407,1,1
171507,1,1
171607,1,1
171707,1,1
171807,1,1
171907,1,1
172007,1,1
172107,1,1
172207,1,1
172307,1,1
172407,1,1
172507,1,1
172607,1,1
172707,1,1
172807,1,1
172907,1,1
173007,1,1
173107,1,1
173207,1,1
173307,1,1
173407,1,1
173507,1,1
173607,1,1
173707,1,1
173807,1,1
173907,1,1
174035,0,0
174135,0,0
174235,0,0
174335,0,0
174435,0,0
174535,0,0
174635,0,0
174735,0,0
174835,0,0
174935,0,0
175035,0,0
175135,0,0
175235,0,0
175335,0,0
175435,0,0
175535,0,0
175635,0,0
175735,0,0
175835,0,0
175935,0,0
176035,0,0
176135,0,0
176235,0,0
176335,0,0
176435,0,0
176535,0,0
176635,0,0
176735,0,0
176835,0,0
176935,0,0
177035,0,0
177135,0,0
177235,0,0
177335,0,0
177435,0,0
177535,0,0
177635,0,0
177735,0,0
177835,0,0
177935,0,0
178035,0,0
178135,0,0
178235,0,0
178335,0,0
178435,0,0
178535,0,0
178635,0,0
178735,0,0
178835,0,0
178935,0,0
179035,0,0
179135,0,0
179235,0,0
179335,0,0
179435,0,0
179535,0,0
179635,0,0
179735,0,0
179835,0,0
179935,0,0
180035,0,0
180135,0,0
180235,0,0
180335,0,0
180435,0,0
180535,0,0
180635,0,0
180735,0,0
180835,0,0
180935,0,0
181035,0,0
181135,0,0
181235,0,0
181335,0,0
181435,0,0
181535,0,0
181635,0,0
181735,0,0
181835,0,0
181935,0,0
182035,0,0
182135,0,0
182235,0,0
182335,0,0
182435,0,0
182535,0,0
182635,0,0
182735,0,0
182835,0,0
182935,0,0
183035,0,0
183135,0,0
183235,0,0
183335,0,0
183435,0,0
183535,0,0
183635,0,0
183735,0,0
183835,0,0
183935,0,0
184035,0,0
184135,0,0
184235,0,0
184335,0,0
184435,0,0
184535,0,0
184635,0,0
184735,0,0
184835,0,0
184935,0,0
185035,0,0
185135,0,0
185235,0,0
185335,0,0
185435,0,0
185535,0,0
185635,0,0
185735,0,0
185835,0,0
185935,0,0
186048,0,0
186127,1,1
186227,1,1
186327,1,1
186427,1,1
186527,1,1
186627,1,1
186727,1,1
186827,1,1
186927,1,1
187027,1,1
187127,1,1
187227,1,1
187327,1,1
187427,1,1
187527,1,1
187627,1,1
187727,1,1
187827,1,1
187927,1,1
188027,1,1
188127,1,1
188227,1,1
188327,1,1
188427,1,1
188527,1,1
188628,1,1
188728,1,1
188828,1,1
188928,1,1
189028,1,1
189128,1,1
189228,1,1
189328,1,1
189428,1,1
189528,1,1
189628,1,1
189728,1,1
189828,1,1
189928,1,1
190028,1,1
190128,1,1
190213,1,1
190313,1,1
190413,1,1
190513,1,1
190613,1,1
190713,1,1
190813,1,1
190913,1,1
191013,1,1
191113,1,1
191213,1,1
191313,1,1
191413,1,1
191514,1,1
191614,1,1
191714,1,1
191814,1,1
191914,1,1
192014,1,1
192114,1,1
192214,1,1
192314,1,1
192414,1,1
192514,1,1
192614,1,1
192714,1,1
192814,1,1
192914,1,1
193014,1,1
193114,1,1
193214,1,1
193314,1,1
193414,1,1
193514,1,1
193614,1,1
193714,1,1
193814,1,1
193914,1,1
194014,1,1
194114,1,1
194220,1,1
194320,1,1
194421,1,1
194521,1,1
194621,1,1
194721,1,1
194821,1,1
194921,1,1
195021,1,1
195121,1,1
195221,1,1
195321,1,1
195421,1,1
195521,1,1
195621,1,1
195721,1,1
195821,1,1
195921,1,1
196021,1,1
196121,1,1
196221,1,1
196321,1,1
196421,1,1
196521,1,1
196621,1,1
196721,1,1
196821,1,1
196921,1,1
197021,1,1
197121,1,1
197221,1,1
197321,1,1
197421,1,1
197521,1,1
197621,1,1
197721,1,1
197821,1,1
197921,1,1
198029,1,1
198129,1,1
198225,1,1
198325,1,1
198425,1,1
198525,1,1
198625,1,1
198725,1,1
198825,1,1
198925,1,1
199025,1,1
199125,1,1
199225,1,1
199325,1,1
199425,1,1
199525,1,1
199625,1,1
199725,1,1
199825,1,1
199925,1,1
200025,1,1
200125,1,1
200225,1,1
200325,1,1
200425,1,1
200525,1,1
200625,1,1
200725,1,1
200825,1,1
200925,1,1
201025,1,1
201125,1,1
201225,1,1
201325,1,1
201425,1,1
201525,1,1
201625,1,1
201725,1,1
201825,1,1
201925,1,1
202025,1,1
202125,1,1
202220,1,1
202320,1,1
202420,1,1
202520,1,1
202620,1,1
202720,1,1
202820,1,1
202920,1,1
203020,1,1
203120,1,1
203220,1,1
203320,1,1
203420,1,1
203520,1,1
203620,1,1
203720,1,1
203820,1,1
203920,1,1
204020,1,1
204120,1,1
204220,1,1
204320,1,1
204420,1,1
204520,1,1
204620,1,1
204720,1,1
204820,1,1
204920,1,1
205020,1,1
205120,1,1
205220,1,1
205320,1,1
205420,1,1
205520,1,1
205620,1,1
205720,1,1
205820,1,1
205920,1,1
206020,1,1
206120,1,1
206215,1,1
206315,1,1
206415,1,1
206515,1,1
206615,1,1
206715,1,1
206815,1,1
206915,1,1
207015,1,1
207115,1,1
207215,1,1
207315,1,1
207415,1,1
207515,1,1
207615,1,1
207715,1,1
207815,1,1
207915,1,1
208015,1,1
208115,1,1
208215,1,1
208315,1,1
208415,1,1
208515,1,1
208615,1,1
208715,1,1
208815,1,1
208915,1,1
209015,1,1
209115,1,1
209215,1,1
209315,1,1
209415,1,1
209515,1,1
209615,1,1
209715,1,1
209815,1,1
209915,1,1
210038,1,1
210138,1,1
210235,1,1
210335,1,1
210435,1,1
210535,1,1
210635,1,1
210735,1,1
210835,1,1
210935,1,1
211035,1,1
211135,1,1
211235,1,1
211335,1,1
211435,1,1
211535,1,1
211635,1,1
211735,1,1
211835,1,1
211935,1,1
212035,1,1
212135,1,1
212235,1,1
212335,1,1
212435,1,1
212535,1,1
212635,1,1
212735,1,1
212836,1,1
212936,1,1
213036,1,1
213136,1,1
213236,1,1
213336,1,1
213436,1,1
213536,1,1
213636,1,1
213736,1,1
213836,1,1
213936,1,1
214036,1,1
214136,1,1
214232,1,1
214332,1,1
214432,1,1
214532,1,1
214632,1,1
214732,1,1
214832,1,1
214932,1,1
215032,1,1
215132,1,1
215232,1,1
215332,1,1
215432,1,1
215532,1,1
215632,1,1
215732,1,1
215832,1,1
215932,1,1
216032,1,1
216132,1,1
216232,1,1
216332,1,1
216432,1,1
216532,1,1
216632,1,1
216732,1,1
216832,1,1
216932,1,1
217032,1,1
217132,1,1
217232,1,1
217332,1,1
217432,1,1
217532,1,1
217632,1,1
217732,1,1
217832,1,1
217932,1,1
218032,1,1
218132,1,1
218232,1,1
218326,1,1
218426,1,1
218526,1,1
218626,1,1
218726,1,1
218826,1,1
218926,1,1
219026,1,1
219126,1,1
219226,1,1
219326,1,1
219426,1,1
219526,1,1
219626,1,1
219726,1,1
219826,1,1
219926,1,1
220026,1,1
220126,1,1
220226,1,1
220326,1,1
220426,1,1
220526,1,1
220626,1,1
220726,1,1
220826,1,1
220926,1,1
221026,1,1
221126,1,1
221226,1,1
221326,1,1
221426,1,1
221526,1,1
221626,1,1
221726,1,1
221826,1,1
221926,1,1
222035,1,1
222135,1,1
222235,1,1
222331,1,1
222431,1,1
222531,1,1
222631,1,1
222731,1,1
222831,1,1
222931,1,1
223031,1,1
223131,1,1
223231,1,1
223331,1,1
223431,1,1
223532,1,1
223632,1,1
223732,1,1
223832,1,1
223932,1,1
224032,1,1
224132,1,1
224232,1,1
224332,1,1
224432,1,1
224532,1,1
224632,1,1
224732,1,1
224832,1,1
224932,1,1
225032,1,1
225132,1,1
225232,1,1
225332,1,1
225432,1,1
225532,1,1
225632,1,1
225732,1,1
225832,1,1
225932,1,1
226032,1,1
226132,1,1
226232,1,1
226332,1,1
226433,1,1
226533,1,1
226633,1,1
226733,1,1
226833,1,1
226933,1,1
227033,1,1
227133,1,1
227233,1,1
227333,1,1
227433,1,1
227533,1,1
227633,1,1
227733,1,1
227833,1,1
227933,1,1
228033,1,1
228133,1,1
228233,1,1
228333,1,1
228433,1,1
228533,1,1
228633,1,1
228733,1,1
228833,1,1
228933,1,1
229033,1,1
229133,1,1
229233,1,1
229334,1,1
229434,1,1
229534,1,1
229634,1,1
229734,1,1
229834,1,1
229934,1,1
230060,0,0
230160,0,0
230260,0,0
230360,0,0
230460,0,0
230560,0,0
230660,0,0
230760,0,0
230860,0,0
230960,0,0
231060,0,0
231160,0,0
231260,0,0
231360,0,0
231460,0,0
231560,0,0
231660,0,0
231760,0,0
231860,0,0
231960,0,0
232060,0,0
232160,0,0
232260,0,0
232360,0,0
232460,0,0
232560,0,0
232660,0,0
232760,0,0
232860,0,0
232961,0,0
233061,0,0
233161,0,0
233261,0,0
233361,0,0
233461,0,0
233561,0,0
233661,0,0
233761,0,0
233861,0,0
233961,0,0
234061,0,0
234161,0,0
234261,0,0
234361,0,0
234461,0,0
234561,0,0
234661,0,0
234761,0,0
234861,0,0
234961,0,0
235061,0,0
235161,0,0
235261,0,0
235361,0,0
235461,0,0
235561,0,0
235661,0,0
235761,0,0
235862,0,0
235962,0,0
236062,0,0
236162,0,0
236262,0,0
236362,0,0
236462,0,0
236562,0,0
236662,0,0
236762,0,0
236862,0,0
236962,0,0
237062,0,0
237162,0,0
237262,0,0
237362,0,0
237462,0,0
237562,0,0
237662,0,0
237762,0,0
237862,0,0
237962,0,0
238062,0,0
238162,0,0
238262,0,0
238362,0,0
238462,0,0
238562,0,0
238662,0,0
238762,0,0
238862,0,0
238962,0,0
239062,0,0
239162,0,0
239262,0,0
239362,0,0
239462,0,0
239562,0,0
239662,0,0
239762,0,0
239862,0,0
239962,0,0
240062,0,0
240162,0,0
240262,0,0
240362,0,0
240462,0,0
240562,0,0
240662,0,0
240762,0,0
240862,0,0
240962,0,0
241062,0,0
241162,0,0
241262,0,0
241362,0,0
241462,0,0
241562,0,0
241662,0,0
241762,0,0
241862,0,0
241962,0,0
242062,0,0
242162,0,0
242262,0,0
242362,0,0
242462,0,0
242562,0,0
242640,0,0
242740,0,0
242840,0,0
242940,0,0
243040,0,0
243140,0,0
243240,0,0
243340,0,0
243440,0,0
243540,0,0
243640,0,0
243740,0,0
243840,0,0
243940,0,0
244040,0,0
244140,0,0
244240,0,0
244340,0,0
244440,0,0
244540,0,0
244640,0,0
244740,0,0
244840,0,0
244940,0,0
245040,0,0
245140,0,0
245240,0,0
245340,0,0
245440,0,0
245540,0,0
245640,0,0
245740,0,0
245840,0,0
245940,0,0
246040,0,0
246140,0,0
246240,0,0
246340,0,0
246440,0,0
246540,0,0
246636,0,0
246736,0,0
246836,0,0
246936,0,0
247036,0,0
247136,0,0
247236,0,0
247336,0,0
247436,0,0
247536,0,0
247636,0,0
247736,0,0
247836,0,0
247936,0,0
248036,0,0
248136,0,0
248236,0,0
248336,0,0
248436,0,0
248536,0,0
248636,0,0
248736,0,0
248836,0,0
248936,0,0
249036,0,0
249136,0,0
249236,0,0
249336,0,0
249436,0,0
249536,0,0
249636,0,0
249736,0,0
249836,0,0
249936,0,0
250036,0,0
250136,0,0
250236,0,0
250336,0,0
250436,0,0
250536,0,0
250632,0,0
250740,0,0
250840,0,0
250940,0,0
251040,0,0
251140,0,0
251240,0,0
251340,0,0
251440,0,0
251540,0,0
251640,0,0
251740,0,0
251840,0,0
251940,0,0
252040,0,0
252140,0,0
252240,0,0
252340,0,0
252440,0,0
252540,0,0
252640,0,0
252740,0,0
252840,0,0
252940,0,0
253040,0,0
253140,0,0
253240,0,0
253340,0,0
253440,0,0
253540,0,0
253640,0,0
253740,0,0
253840,0,0
253940,0,0
254040,0,0
254140,0,0
254240,0,0
254340,0,0
254440,0,0
254540,0,0
254635,0,0
254735,0,0
254835,0,0
254935,0,0
255035,0,0
255135,0,0
255235,0,0
255335,0,0
255435,0,0
255535,0,0
255635,0,0
255735,0,0
255835,0,0
255935,0,0
256035,0,0
256135,0,0
256235,0,0
256335,0,0
256435,0,0
256535,0,0
256635,0,0
256735,0,0
256835,0,0
256935,0,0
257035,0,0
257135,0,0
257235,0,0
257335,0,0
257435,0,0
257535,0,0
257635,0,0
257735,0,0
257835,0,0
257935,0,0
258035,0,0
258135,0,0
258235,0,0
258335,0,0
258435,0,0
258535,0,0
258630,0,0
258730,0,0
258830,0,0
258930,0,0
259030,0,0
259130,0,0
259230,0,0
259330,0,0
259430,0,0
259530,0,0
259630,0,0
259730,0,0
259830,0,0
259930,0,0
260030,0,0
260130,0,0
260230,0,0
260330,0,0
260430,0,0
260530,0,0
260630,0,0
260730,0,0
260830,0,0
260930,0,0
261030,0,0
261130,0,0
261230,0,0
261330,0,0
261430,0,0
261530,0,0
261630,0,0
261730,0,0
261830,0,0
261930,0,0
262030,0,0
262130,0,0
262230,0,0
262330,0,0
262430,0,0
262530,0,0
262626,0,0
262741,0,0
262841,0,0
262941,0,0
263041,0,0
263141,0,0
263241,0,0
263341,0,0
263441,0,0
263541,0,0
263641,0,0
263741,0,0
263841,0,0
263941,0,0
264041,0,0
264141,0,0
264241,0,0
264341,0,0
264441,0,0
264541,0,0
264641,0,0
264741,0,0
264841,0,0
264941,0,0
265041,0,0
265141,0,0
265241,0,0
265341,0,0
265441,0,0
265541,0,0
265642,0,0
265742,0,0
265842,0,0
265942,0,0
266042,0,0
266142,0,0
266242,0,0
266342,0,0
266442,0,0
266542,0,0
266636,0,0
266739,0,0
266839,0,0
266939,0,0
267039,0,0
267139,0,0
267239,0,0
267339,0,0
267439,0,0
267539,0,0
267639,0,0
267739,0,0
267839,0,0
267940,0,0
268040,0,0
268140,0,0
268240,0,0
268340,0,0
268440,0,0
268540,0,0
268640,0,0
268740,0,0
268840,0,0
268940,0,0
269040,0,0
269140,0,0
269240,0,0
269340,0,0
269440,0,0
269540,0,0
269640,0,0
269740,0,0
269840,0,0
269940,0,0
270040,0,0
270140,0,0
270240,0,0
270340,0,0
270440,0,0
270540,0,0
270636,0,0
270741,0,0
270841,0,0
270941,0,0
271041,0,0
271141,0,0
271241,0,0
271341,0,0
271441,0,0
271541,0,0
271641,0,0
271741,0,0
271841,0,0
271941,0,0
272041,0,0
272141,0,0
272241,0,0
272341,0,0
272441,0,0
272541,0,0
272641,0,0
272741,0,0
272841,0,0
272941,0,0
273041,0,0
273142,0,0
273242,0,0
273342,0,0
273442,0,0
273542,0,0
273642,0,0
273742,0,0
273842,0,0
273942,0,0
274042,0,0
274142,0,0
274242,0,0
274342,0,0
274442,0,0
274542,0,0
274639,0,0
274739,0,0
274839,0,0
274939,0,0
275039,0,0
275139,0,0
275239,0,0
275339,0,0
275439,0,0
275539,0,0
275639,0,0
275739,0,0
275839,0,0
275939,0,0
276040,0,0
276140,0,0
276240,0,0
276340,0,0
276440,0,0
276540,0,0
276640,0,0
276740,0,0
276840,0,0
276940,0,0
277040,0,0
277140,0,0
277240,0,0
277340,0,0
277440,0,0
277540,0,0
277640,0,0
277740,0,0
277840,0,0
277940,0,0
278040,0,0
278140,0,0
278240,0,0
278340,0,0
278440,0,0
278540,0,0
278636,0,0
278736,0,0
278836,0,0
278937,0,0
279037,0,0
279137,0,0
279237,0,0
279337,0,0
279437,0,0
279537,0,0
279637,0,0
279737,0,0
279837,0,0
279937,0,0
280037,0,0
280137,0,0
280237,0,0
280337,0,0
280437,0,0
280537,0,0
280637,0,0
280737,0,0
280837,0,0
280937,0,0
281037,0,0
281137,0,0
281237,0,0
281337,0,0
281437,0,0
281537,0,0
281637,0,0
281737,0,0
281837,0,0
281937,0,0
282037,0,0
282137,0,0
282237,0,0
282337,0,0
282437,0,0
282537,0,0
282637,0,0
282737,0,0
282837,0,0
282937,0,0
283037,0,0
283137,0,0
283237,0,0
283337,0,0
283437,0,0
283537,0,0
283637,0,0
283737,0,0
283837,0,0
283937,0,0
284037,0,0
284137,0,0
284237,0,0
284337,0,0
284437,0,0
284537,0,0
284637,0,0
284737,0,0
284837,0,0
284937,0,0
285037,0,0
285137,0,0
285237,0,0
285337,0,0
285437,0,0
285537,0,0
285637,0,0
285737,0,0
285837,0,0
285937,0,0
286037,0,0
286137,0,0
286237,0,0
286337,0,0
286437,0,0
286537,0,0
286637,0,0
286737,0,0
286837,0,0
286937,0,0
287037,0,0
287137,0,0
287237,0,0
287337,0,0
287437,0,0
287537,0,0
287637,0,0
287737,0,0
287837,0,0
287937,0,0
288037,0,0
288137,0,0
288237,0,0
288337,0,0
288437,0,0
288537,0,0
288637,0,0
288737,0,0
288837,0,0
288937,0,0
289037,0,0
289137,0,0
289237,0,0
289337,0,0
289437,0,0
289537,0,0
289637,0,0
289737,0,0
289837,0,0
289937,0,0
290037,0,0
290137,0,0
290237,0,0
290337,0,0
290437,0,0
290537,0,0
290637,0,0
290737,0,0
290837,0,0
290937,0,0
291037,0,0
291137,0,0
291237,0,0
291337,0,0
291437,0,0
291537,0,0
291637,0,0
291737,0,0
291837,0,0
291937,0,0
292037,0,0
292137,0,0
292237,0,0
292337,0,0
292437,0,0
292537,0,0
292637,0,0
292737,0,0
292837,0,0
292937,0,0
293037,0,0
293137,0,0
293237,0,0
293337,0,0
293437,0,0
293537,0,0
293637,0,0
293737,0,0
293837,0,0
293937,0,0
294037,0,0
294137,0,0
294237,0,0
294337,0,0
294437,0,0
294537,0,0
294637,0,0
294737,0,0
294837,0,0
294937,0,0
295037,0,0
295137,0,0
295237,0,0
295337,0,0
295437,0,0
295537,0,0
295637,0,0
295737,0,0
295837,0,0
295937,0,0
296037,0,0
296137,0,0
296237,0,0
296337,0,0
296437,0,0
296537,0,0
296637,0,0
296737,0,0
296837,0,0
296937,0,0
297037,0,0
297137,0,0
297237,0,0
297337,0,0
297437,0,0
297537,0,0
297637,0,0
297737,0,0
297837,0,0
297937,0,0
298037,0,0
298137,0,0
298237,0,0
298337,0,0
298437,0,0
298537,0,0
298637,0,0
298737,0,0
298837,0,0
298937,0,0
299037,0,0
299137,0,0
299237,0,0
299337,0,0
299414,0,0
299514,0,0
299637,0,0
299737,1,1
299837,1,1
299937,1,1
300037,1,1
300137,1,1
300237,1,1
300337,1,1
300437,1,1
300537,1,1
300637,1,1
300737,1,1
300837,1,1
300937,1,1
301037,1,1
301137,1,1
301237,1,1
301337,1,1
301437,1,1
301537,1,1
301637,1,1
301737,1,1
301837,1,1
301937,1,1
302037,1,1
302137,1,1
302237,1,1
302338,1,1
302438,1,1
302538,1,1
302638,1,1
302738,1,1
302838,1,1
302938,1,1
303038,1,1
303138,1,1
303238,1,1
303338,1,1
303429,1,1
303529,1,1
303629,1,1
303729,1,1
303829,1,1
303929,1,1
304029,1,1
304129,1,1
304229,1,1
304329,1,1
304429,1,1
304529,1,1
304629,1,1
304729,1,1
304829,1,1
304929,1,1
305029,1,1
305129,1,1
305229,1,1
305329,1,1
305429,1,1
305529,1,1
305629,1,1
305729,1,1
305829,1,1
305929,1,1
306029,1,1
306129,1,1
306229,1,1
306329,1,1
306429,1,1
306529,1,1
306629,1,1
306729,1,1
306829,1,1
306929,1,1
307029,1,1
307129,1,1
307229,1,1
307329,1,1
307429,1,1
307529,1,1
307634,1,1
307734,1,1
307834,1,1
307934,1,1
308034,1,1
308134,1,1
308234,1,1
308334,1,1
308434,1,1
308534,1,1
308634,1,1
308734,1,1
308834,1,1
308934,1,1
309034,1,1
309134,1,1
309234,1,1
309334,1,1
309434,1,1
309534,1,1
309634,1,1
309734,1,1
309834,1,1
309934,1,1
310034,1,1
310134,1,1
310234,1,1
310334,1,1
310434,1,1
310534,1,1
310634,1,1
310735,1,1
310835,1,1
310935,1,1
311035,1,1
311135,1,1
311235,1,1
311335,1,1
311429,1,1
311529,1,1
311629,1,1
311729,1,1
311829,1,1
311929,1,1
312029,1,1
312129,1,1
312229,1,1
312329,1,1
312429,1,1
312529,1,1
312629,1,1
312729,1,1
312829,1,1
312929,1,1
313029,1,1
313129,1,1
313229,1,1
313329,1,1
313429,1,1
313529,1,1
313630,1,1
313730,1,1
313830,1,1
313930,1,1
314030,1,1
314130,1,1
314230,1,1
314330,1,1
314430,1,1
314530,1,1
314630,1,1
314730,1,1
314830,1,1
314930,1,1
315030,1,1
315130,1,1
315230,1,1
315330,1,1
315427,1,1
315527,1,1
315627,1,1
315727,1,1
315827,1,1
315927,1,1
316027,1,1
316127,1,1
316227,1,1
316327,1,1
316427,1,1
316528,1,1
316628,1,1
316728,1,1
316828,1,1
316928,1,1
317028,1,1
317128,1,1
317228,1,1
317328,1,1
317428,1,1
317528,1,1
317628,1,1
317728,1,1
317828,1,1
317928,1,1
318028,1,1
318128,1,1
318228,1,1
318328,1,1
318428,1,1
318528,1,1
318628,1,1
318728,1,1
318828,1,1
318928,1,1
319028,1,1
319128,1,1
319228,1,1
319328,1,1
319424,1,1
319524,1,1
319624,1,1
319724,1,1
319824,1,1
319924,1,1
320024,1,1
320124,1,1
320224,1,1
320324,1,1
320424,1,1
320524,1,1
320624,1,1
320724,1,1
320824,1,1
320924,1,1
321024,1,1
321124,1,1
321224,1,1
321324,1,1
321424,1,1
321524,1,1
321624,1,1
321724,1,1
321824,1,1
321924,1,1
322024,1,1
322124,1,1
322224,1,1
322324,1,1
322424,1,1
322524,1,1
322624,1,1
322724,1,1
322824,1,1
322924,1,1
323024,1,1
323124,1,1
323224,1,1
323324,1,1
323419,1,1
323519,1,1
323619,1,1
323719,1,1
323819,1,1
323919,1,1
324019,1,1
324119,1,1
324219,1,1
324319,1,1
324419,1,1
324519,1,1
324619,1,1
324719,1,1
324819,1,1
324919,1,1
325019,1,1
325119,1,1
325219,1,1
325319,1,1
325419,1,1
325519,1,1
325619,1,1
325719,1,1
325819,1,1
325919,1,1
326019,1,1
326119,1,1
326219,1,1
326319,1,1
326419,1,1
326519,1,1
326619,1,1
326719,1,1
326819,1,1
326919,1,1
327019,1,1
327119,1,1
327219,1,1
327319,1,1
327415,1,1
327515,1,1
327619,1,1
327719,1,1
327819,1,1
327919,1,1
328019,1,1
328119,1,1
328219,1,1
328319,1,1
328419,1,1
328519,1,1
328619,1,1
328719,1,1
328819,1,1
328919,1,1
329019,1,1
329119,1,1
329219,1,1
329319,1,1
329419,1,1
329519,1,1
329619,1,1
329719,1,1
329819,1,1
329919,1,1
330019,1,1
330119,1,1
330219,1,1
330319,1,1
330419,1,1
330519,1,1
330619,1,1
330719,1,1
330819,1,1
330919,1,1
331019,1,1
331119,1,1
331219,1,1
331319,1,1
331419,1,1
331514,1,1
331624,1,1
331724,1,1
331824,1,1
331924,1,1
332024,1,1
332124,1,1
332224,1,1
332324,1,1
332425,1,1
332525,1,1
332625,1,1
332725,1,1
332825,1,1
332925,1,1
333025,1,1
333125,1,1
333225,1,1
333325,1,1
333425,1,1
333525,1,1
333625,1,1
333725,1,1
333825,1,1
333925,1,1
334025,1,1
334125,1,1
334225,1,1
334325,1,1
334425,1,1
334525,1,1
334625,1,1
334725,1,1
334825,1,1
334925,1,1
335025,1,1
335125,1,1
335225,1,1
335326,1,1
335426,1,1
335523,1,1
335649,1,1
335750,1,1
335850,1,1
335950,1,1
336050,1,1
336150,1,1
336250,1,1
336350,1,1
336450,1,1
336550,1,1
336650,1,1
336750,1,1
336850,1,1
336950,1,1
337050,1,1
337150,1,1
337250,1,1
337350,1,1
337450,1,1
337550,1,1
337650,1,1
337750,1,1
337850,1,1
337950,1,1
338050,1,1
338150,1,1
338250,1,1
338350,1,1
338450,1,1
338550,1,1
338651,1,1
338751,1,1
338851,1,1
338951,1,1
339051,1,1
339151,1,1
339251,1,1
339351,1,1
339451,1,1
339531,1,1
339639,1,1
339739,1,1
339839,1,1
339939,1,1
340039,1,1
340139,1,1
340239,1,1
340339,1,1
340439,1,1
340539,1,1
340639,1,1
340739,1,1
340839,1,1
340939,1,1
341039,1,1
341139,1,1
341239,1,1
341339,1,1
341439,1,1
341539,1,1
341639,1,1
341739,1,1
341839,1,1
341939,1,1
342039,1,1
342139,1,1
342239,1,1
342339,1,1
342439,1,1
342539,1,1
342639,1,1
342739,1,1
342839,1,1
342939,1,1
343039,1,1
343139,1,1
343239,1,1
343339,1,1
343439,1,1
343539,1,1
343639,1,1
343739,1,1
343839,1,1
343939,1,1
344039,1,1
344139,1,1
344239,1,1
344339,1,1
344439,1,1
344539,1,1
344639,1,1
344739,1,1
344839,1,1
344939,1,1
345039,1,1
345139,1,1
345239,1,1
345339,1,1
345439,1,1
345539,1,1
345639,1,1
345739,1,1
345839,1,1
345939,1,1
346039,1,1
346139,1,1
346239,1,1
346339,1,1
346439,1,1
346539,1,1
346639,1,1
346739,1,1
346839,1,1
346939,1,1
347039,1,1
347139,1,1
347239,1,1
347339,1,1
347439,1,1
347539,1,1
347667,0,0
347767,0,0
347867,0,0
347967,0,0
348067,0,0
348167,0,0
348267,0,0
348367,0,0
348467,0,0
348567,0,0
348667,0,0
348767,0,0
348867,0,0
348967,0,0
349067,0,0
349167,0,0
349267,0,0
349367,0,0
349467,0,0
349567,0,0
349667,0,0
349767,0,0
349867,0,0
349967,0,0
350067,0,0
350167,0,0
350267,0,0
350367,0,0
350467,0,0
350567,0,0
350667,0,0
350767,0,0
350867,0,0
350967,0,0
351067,0,0
351167,0,0
351267,0,0
351367,0,0
351467,0,0
351567,0,0
351667,0,0
351767,0,0
351867,0,0
351967,0,0
352067,0,0
352167,0,0
352267,0,0
352367,0,0
352467,0,0
352567,0,0
352667,0,0
352767,0,0
352867,0,0
352967,0,0
353067,0,0
353167,0,0
353267,0,0
353367,0,0
353467,0,0
353567,0,0
353667,0,0
353767,0,0
353867,0,0
353967,0,0
354067,0,0
354167,0,0
354267,0,0
354367,0,0
354467,0,0
354567,0,0
354667,0,0
354767,0,0
354867,0,0
354967,0,0
355067,0,0
355167,0,0
355267,0,0
355367,0,0
355464,0,0
355564,0,0
355664,0,0
355764,0,0
355864,0,0
355964,0,0
356064,0,0
356164,0,0
356264,0,0
356364,0,0
356464,0,0
356564,0,0
356664,0,0
356764,0,0
356864,0,0
356964,0,0
357064,0,0
357164,0,0
357264,0,0
357364,0,0
357464,0,0
357564,0,0
357664,0,0
357764,0,0
357864,0,0
357964,0,0
358064,0,0
358164,0,0
358264,0,0
358364,0,0
358464,0,0
358564,0,0
358664,0,0
358764,0,0
358864,0,0
358964,0,0
359064,0,0
359164,0,0
359264,0,0
359364,0,0
359459,0,0
359559,0,0
359684,0,0
359784,1,1
359884,1,1
359984,1,1
360085,1,1
360185,1,1
360285,1,1
360385,1,1
360485,1,1
360585,1,1
360685,1,1
360785,1,1
360885,1,1
360985,1,1
361085,1,1
361185,1,1
361285,1,1
361385,1,1
361485,1,1
361585,1,1
361685,1,1
361785,1,1
361885,1,1
361985,1,1
362085,1,1
362185,1,1
362285,1,1
362385,1,1
362485,1,1
362585,1,1
362685,1,1
362785,1,1
362885,1,1
362986,1,1
363086,1,1
363186,1,1
363286,1,1
363386,1,1
363482,1,1
363582,1,1
363682,1,1
363782,1,1
363882,1,1
363982,1,1
364082,1,1
364182,1,1
364282,1,1
364382,1,1
364482,1,1
364582,1,1
364682,1,1
364782,1,1
364882,1,1
364982,1,1
365082,1,1
365182,1,1
365282,1,1
365382,1,1
365482,1,1
365582,1,1
365682,1,1
365782,1,1
365883,1,1
365983,1,1
366083,1,1
366183,1,1
366283,1,1
366383,1,1
366483,1,1
366583,1,1
366683,1,1
366783,1,1
366883,1,1
366983,1,1
367083,1,1
367183,1,1
367283,1,1
367383,1,1
367480,1,1
367580,1,1
367680,1,1
367780,1,1
367880,1,1
367980,1,1
368080,1,1
368180,1,1
368280,1,1
368380,1,1
368480,1,1
368580,1,1
368680,1,1
368780,1,1
368880,1,1
368980,1,1
369080,1,1
369180,1,1
369280,1,1
369380,1,1
369480,1,1
369580,1,1
369680,1,1
369780,1,1
369880,1,1
369980,1,1
370080,1,1
370180,1,1
370280,1,1
370380,1,1
370480,1,1
370580,1,1
370680,1,1
370780,1,1
370880,1,1
370980,1,1
371080,1,1
371180,1,1
371280,1,1
371380,1,1
371474,1,1
371574,1,1
371674,1,1
371774,1,1
371874,1,1
371974,1,1
372074,1,1
372174,1,1
372274,1,1
372374,1,1
372474,1,1
372574,1,1
372674,1,1
372774,1,1
372874,1,1
372974,1,1
373074,1,1
373174,1,1
373274,1,1
373374,1,1
373474,1,1
373574,1,1
373674,1,1
373774,1,1
373874,1,1
373974,1,1
374074,1,1
374174,1,1
374274,1,1
374374,1,1
374474,1,1
374574,1,1
374674,1,1
374774,1,1
374874,1,1
374974,1,1
375074,1,1
375174,1,1
375274,1,1
375374,1,1
375470,1,1
375570,1,1
375670,1,1
375770,1,1
375870,1,1
375970,1,1
376070,1,1
376170,1,1
376270,1,1
376370,1,1
376470,1,1
376570,1,1
376670,1,1
376770,1,1
376870,1,1
376970,1,1
377070,1,1
377170,1,1
377270,1,1
377370,1,1
377470,1,1
377570,1,1
377670,1,1
377770,1,1
377870,1,1
377970,1,1
378070,1,1
378170,1,1
378270,1,1
378370,1,1
378470,1,1
378570,1,1
378670,1,1
378770,1,1
378870,1,1
378970,1,1
379070,1,1
379170,1,1
379270,1,1
379370,1,1
379466,1,1
379566,1,1
379666,1,1
379766,1,1
379873,1,1
379973,1,1
380074,1,1
380174,1,1
380274,1,1
380374,1,1
380474,1,1
380574,1,1
380674,1,1
380774,1,1
380874,1,1
380974,1,1
381074,1,1
381174,1,1
381274,1,1
381374,1,1
381474,1,1
381574,1,1
381674,1,1
381774,1,1
381874,1,1
381974,1,1
382074,1,1
382174,1,1
382274,1,1
382374,1,1
382474,1,1
382574,1,1
382674,1,1
382774,1,1
382874,1,1
382974,1,1
383074,1,1
383174,1,1
383274,1,1
383374,1,1
383469,1,1
383569,1,1
383669,1,1
383769,1,1
383874,1,1
383974,1,1
384074,1,1
384174,1,1
384274,1,1
384374,1,1
384474,1,1
384574,1,1
384674,1,1
384774,1,1
384874,1,1
384974,1,1
385074,1,1
385174,1,1
385275,1,1
385375,1,1
385475,1,1
385575,1,1
385675,1,1
385775,1,1
385875,1,1
385975,1,1
386075,1,1
386175,1,1
386275,1,1
386375,1,1
386475,1,1
386575,1,1
386675,1,1
386775,1,1
386875,1,1
386975,1,1
387075,1,1
387175,1,1
387275,1,1
387375,1,1
387470,1,1
387570,1,1
387670,1,1
387770,1,1
387884,1,1
387984,1,1
388084,1,1
388184,1,1
388284,1,1
388384,1,1
388484,1,1
388584,1,1
388684,1,1
388784,1,1
388884,1,1
388984,1,1
389084,1,1
389184,1,1
389284,1,1
389384,1,1
389484,1,1
389584,1,1
389684,1,1
389784,1,1
389884,1,1
389984,1,1
390084,1,1
390184,1,1
390284,1,1
390384,1,1
390484,1,1
390584,1,1
390684,1,1
390784,1,1
390884,1,1
390984,1,1
391084,1,1
391184,1,1
391284,1,1
391384,1,1
391481,1,1
391581,1,1
391681,1,1
391781,1,1
391907,1,1
392008,1,1
392108,1,1
392208,1,1
392308,1,1
392408,1,1
392508,1,1
392608,1,1
392708,1,1
392808,1,1
392908,1,1
393008,1,1
393108,1,1
393208,1,1
393308,1,1
393408,1,1
393508,1,1
393608,1,1
393708,1,1
393808,1,1
393908,1,1
394008,1,1
394108,1,1
394208,1,1
394308,1,1
394408,1,1
394508,1,1
394608,1,1
394708,1,1
394808,1,1
394909,1,1
395009,1,1
395109,1,1
395209,1,1
395309,1,1
395409,1,1
395504,1,1
395604,1,1
395704,1,1
395804,1,1
395904,1,1
396004,1,1
396104,1,1
396204,1,1
396304,1,1
396404,1,1
396504,1,1
396604,1,1
396704,1,1
396804,1,1
396904,1,1
397004,1,1
397104,1,1
397204,1,1
397304,1,1
397404,1,1
397504,1,1
397604,1,1
397704,1,1
397804,1,1
397904,1,1
398004,1,1
398104,1,1
398204,1,1
398304,1,1
398404,1,1
398504,1,1
398604,1,1
398704,1,1
398804,1,1
398904,1,1
399004,1,1
399104,1,1
399204,1,1
399304,1,1
399404,1,1
399504,1,1
399604,1,1
399704,1,1
399804,1,1
399904,1,1
400004,1,1
400104,1,1
400204,1,1
400304,1,1
400404,1,1
400504,1,1
400604,1,1
400704,1,1
400804,1,1
400904,1,1
401004,1,1
401104,1,1
401204,1,1
401304,1,1
401404,1,1
401504,1,1
401604,1,1
401704,1,1
401804,1,1
401904,1,1
402004,1,1
402104,1,1
402204,1,1
402304,1,1
402404,1,1
402504,1,1
402604,1,1
402704,1,1
402804,1,1
402904,1,1
403004,1,1
403104,1,1
403204,1,1
403304,1,1
403404,1,1
403504,1,1
403604,1,1
403704,1,1
403804,1,1
403904,1,1
404004,0,0
404104,0,0
404204,0,0
404304,0,0
404404,0,0
404504,0,0
404604,0,0
404704,0,0
404804,0,0
404904,0,0
405004,0,0
405104,0,0
405204,0,0
405304,0,0
405404,0,0
405504,0,0
405604,0,0
405704,0,0
405804,0,0
405904,0,0
406004,0,0
406104,0,0
406204,0,0
406304,0,0
406404,0,0
406504,0,0
406604,0,0
406704,0,0
406804,0,0
406904,0,0
407004,0,0
407104,0,0
407204,0,0
407304,0,0
407404,0,0
407504,0,0
407604,0,0
407704,0,0
407804,0,0
407904,0,0
408004,0,0
408104,0,0
408204,0,0
408304,0,0
408404,0,0
408504,0,0
408604,0,0
408704,0,0
408804,0,0
408904,0,0
409004,0,0
409104,0,0
409204,0,0
409304,0,0
409404,0,0
409504,0,0
409604,0,0
409704,0,0
409804,0,0
409904,0,0
410004,0,0
410104,0,0
410204,0,0
410304,0,0
410404,0,0
410504,0,0
410604,0,0
410704,0,0
410804,0,0
410904,0,0
411004,0,0
411104,0,0
411204,0,0
411304,0,0
411404,0,0
411504,0,0
411604,0,0
411704,0,0
411804,0,0
411904,0,0
412004,0,0
412104,0,0
412204,0,0
412304,0,0
412404,0,0
412504,0,0
412604,0,0
412704,0,0
412804,0,0
412904,0,0
413004,0,0
413104,0,0
413204,0,0
413304,0,0
413404,0,0
413504,0,0
413604,0,0
413704,0,0
413804,0,0
413904,0,0
414004,0,0
414104,0,0
414204,0,0
414304,0,0
414404,0,0
414504,0,0
414604,0,0
414704,0,0
414804,0,0
414904,0,0
415004,0,0
415104,0,0
415204,0,0
415304,0,0
415404,0,0
415504,0,0
415604,0,0
415704,0,0
415804,0,0
415882,0,0
415982,0,0
416082,1,1
416182,1,1
416282,1,1
416382,1,1
416482,1,1
416582,1,1
416682,1,1
416782,1,1
416882,1,1
416982,1,1
417082,1,1
417182,1,1
417282,1,1
417382,1,1
417482,1,1
417582,1,1
417682,1,1
417782,1,1
417882,1,1
417982,1,1
418082,1,1
418182,1,1
418282,1,1
418382,1,1
418482,1,1
418582,1,1
418682,1,1
418782,1,1
418882,1,1
418982,1,1
419082,1,1
419182,1,1
419282,1,1
419382,1,1
419482,1,1
419582,1,1
419682,1,1
419782,1,1
419877,1,1
419977,1,1
420077,1,1
420177,1,1
420277,1,1
420377,1,1
420477,1,1
420577,1,1
420677,1,1
420777,1,1
420877,1,1
420977,1,1
421077,1,1
421177,1,1
421277,1,1
421377,1,1
421477,1,1
421577,1,1
421677,1,1
421777,1,1
421877,1,1
421977,1,1
422077,1,1
422177,1,1
422277,1,1
422377,1,1
422477,1,1
422577,1,1
422677,1,1
422777,1,1
422877,1,1
422977,1,1
423077,1,1
423177,1,1
423277,1,1
423377,1,1
423477,1,1
423577,1,1
423677,1,1
423777,1,1
423870,1,1
423970,1,1
424070,1,1
424170,1,1
424270,1,1
424370,1,1
424470,1,1
424570,1,1
424670,1,1
424770,1,1
424870,1,1
424970,1,1
425070,1,1
425170,1,1
425270,1,1
425370,1,1
425470,1,1
425570,1,1
425670,1,1
425770,1,1
425870,1,1
425970,1,1
426070,1,1
426170,1,1
426270,1,1
426370,1,1
426470,1,1
426570,1,1
426670,1,1
426770,1,1
426870,1,1
426970,1,1
427070,1,1
427170,1,1
427270,1,1
427370,1,1
427470,1,1
427570,1,1
427670,1,1
427770,1,1
427869,1,1
427969,1,1
428069,1,1
428169,1,1
428269,1,1
428369,1,1
428469,1,1
428569,1,1
428669,1,1
428769,1,1
428869,1,1
428969,1,1
429069,1,1
429169,1,1
429269,1,1
429369,1,1
429469,1,1
429569,1,1
429669,1,1
429769,1,1
429869,1,1
429969,1,1
430069,1,1
430169,1,1
430269,1,1
430369,1,1
430469,1,1
430569,1,1
430669,1,1
430769,1,1
430869,1,1
430969,1,1
431069,1,1
431169,1,1
431269,1,1
431369,1,1
431469,1,1
431569,1,1
431669,1,1
431769,1,1
431865,1,1
431965,1,1
432065,1,1
432165,1,1
432265,1,1
432365,1,1
432465,1,1
432565,1,1
432665,1,1
432765,1,1
432865,1,1
432965,1,1
433065,1,1
433165,1,1
433265,1,1
433365,1,1
433465,1,1
433565,1,1
433665,1,1
433765,1,1
433865,1,1
433965,1,1
434065,1,1
434165,1,1
434265,1,1
434365,1,1
434465,1,1
434565,1,1
434665,1,1
434765,1,1
434865,1,1
434965,1,1
435065,1,1
435165,1,1
435265,1,1
435365,1,1
435465,1,1
435565,1,1
435665,1,1
435765,1,1
435860,1,1
435960,1,1
436066,1,1
436166,1,1
436266,1,1
436366,1,1
436466,1,1
436566,1,1
436666,1,1
436766,1,1
436866,1,1
436966,1,1
437066,1,1
437166,1,1
437266,1,1
437366,1,1
437466,1,1
437566,1,1
437666,1,1
437766,1,1
437866,1,1
437966,1,1
438066,1,1
438167,1,1
438267,1,1
438367,1,1
438467,1,1
438567,1,1
438667,1,1
438767,1,1
438867,1,1
438967,1,1
439067,1,1
439167,1,1
439267,1,1
439367,1,1
439467,1,1
439567,1,1
439667,1,1
439767,1,1
439863,1,1
439963,1,1
440074,1,1
440174,1,1
440274,1,1
440374,1,1
440474,1,1
440574,1,1
440674,1,1
440774,1,1
440874,1,1
440974,1,1
441074,1,1
441174,1,1
441274,1,1
441374,1,1
441474,1,1
441574,1,1
441674,1,1
441774,1,1
441875,1,1
441975,1,1
442075,1,1
442175,1,1
442275,1,1
442375,1,1
442475,1,1
442575,1,1
442675,1,1
442775,1,1
442875,1,1
442975,1,1
443075,1,1
443175,1,1
443275,1,1
443375,1,1
443475,1,1
443575,1,1
443675,1,1
443775,1,1
443875,1,1
443970,1,1
444083,1,1
444183,1,1
444283,1,1
444383,1,1
444483,1,1
444583,1,1
444683,1,1
444783,1,1
444883,1,1
444983,1,1
445083,1,1
445183,1,1
445283,1,1
445383,1,1
445483,1,1
445583,1,1
445683,1,1
445783,1,1
445883,1,1
445983,1,1
446083,1,1
446183,1,1
446283,1,1
446383,1,1
446483,1,1
446583,1,1
446683,1,1
446783,1,1
446883,1,1
446983,1,1
447083,1,1
447183,1,1
447283,1,1
447383,1,1
447483,1,1
447583,1,1
447683,1,1
447783,1,1
447883,1,1
447978,1,1
448112,1,1
448212,1,1
448312,1,1
448412,1,1
448512,1,1
448612,1,1
448712,1,1
448812,1,1
448912,1,1
449012,1,1
449112,1,1
449212,1,1
449312,1,1
449412,1,1
449512,1,1
449612,1,1
449712,1,1
449812,1,1
449912,1,1
450012,1,1
450112,1,1
450212,1,1
450313,1,1
450413,1,1
450513,1,1
450613,1,1
450713,1,1
450813,1,1
450913,1,1
451013,1,1
451113,1,1
451213,1,1
451313,1,1
451413,1,1
451513,1,1
451613,1,1
451713,1,1
451813,1,1
451909,1,1
452009,1,1
452109,1,1
452209,1,1
452309,1,1
452409,1,1
452509,1,1
452609,1,1
452709,1,1
452809,1,1
452909,1,1
453009,1,1
453109,1,1
453210,1,1
453310,1,1
453410,1,1
453510,1,1
453610,1,1
453710,1,1
453810,1,1
453910,1,1
454010,1,1
454110,1,1
454210,1,1
454310,1,1
454410,1,1
454510,1,1
454610,1,1
454710,1,1
454810,1,1
454910,1,1
455010,1,1
455110,1,1
455210,1,1
455310,1,1
455410,1,1
455510,1,1
455610,1,1
455710,1,1
455810,1,1
455905,1,1
456005,1,1
456105,1,1
456205,1,1
456305,1,1
456405,1,1
456505,1,1
456605,1,1
456705,1,1
456805,1,1
456905,1,1
457005,1,1
457105,1,1
457205,1,1
457305,1,1
457405,1,1
457505,1,1
457605,1,1
457705,1,1
457805,1,1
457905,1,1
458005,1,1
458105,1,1
458205,1,1
458305,1,1
458405,1,1
458505,1,1
458605,1,1
458705,1,1
458805,1,1
458905,1,1
459005,1,1
459105,1,1
459205,1,1
459305,1,1
459405,1,1
459505,1,1
459605,1,1
459705,1,1
459805,1,1
459905,1,1
460005,1,1
460105,1,1
460205,1,1
460305,1,1
460405,1,1
460505,1,1
460605,1,1
460705,1,1
460805,1,1
460905,1,1
461005,1,1
461105,1,1
461205,1,1
461305,1,1
461405,1,1
461505,1,1
461605,1,1
461705,1,1
461805,1,1
461905,1,1
462005,1,1
462105,1,1
462205,1,1
462305,1,1
462405,1,1
462505,1,1
462605,1,1
462705,1,1
462805,1,1
462905,1,1
463005,1,1
463105,1,1
463205,1,1
463305,1,1
463405,1,1
463505,1,1
463605,1,1
463705,1,1
463805,1,1
463905,1,1
464005,1,1
464123,0,0
464223,0,0
464323,0,0
464423,0,0
464523,0,0
464623,0,0
464723,0,0
464823,0,0
464923,0,0
465024,0,0
465124,0,0
465224,0,0
465324,0,0
465424,0,0
465524,0,0
465624,0,0
465724,0,0
465824,0,0
465924,0,0
466024,0,0
466124,0,0
466224,0,0
466324,0,0
466424,0,0
466524,0,0
466624,0,0
466724,0,0
466824,0,0
466924,0,0
467024,0,0
467124,0,0
467224,0,0
467324,0,0
467424,0,0
467524,0,0
467624,0,0
467724,0,0
467824,0,0
467925,0,0
468025,0,0
468125,0,0
468225,0,0
468325,0,0
468425,0,0
468525,0,0
468625,0,0
468725,0,0
468825,0,0
468925,0,0
469025,0,0
469125,0,0
469225,0,0
469325,0,0
469425,0,0
469525,0,0
469625,0,0
469725,0,0
469825,0,0
469925,0,0
470025,0,0
470125,0,0
470225,0,0
470325,0,0
470425,0,0
470525,0,0
470625,0,0
470725,0,0
470825,0,0
470925,0,0
471025,0,0
471125,0,0
471225,0,0
471325,0,0
471425,0,0
471525,0,0
471625,0,0
471725,0,0
471825,0,0
471908,0,0
472008,0,0
472113,0,0
472213,1,1
472313,1,1
472413,1,1
472513,1,1
472613,1,1
472713,1,1
472813,1,1
472913,1,1
473013,1,1
473114,1,1
473214,1,1
473314,1,1
473414,1,1
473514,1,1
473614,1,1
473714,1,1
473814,1,1
473914,1,1
474014,1,1
474114,1,1
474214,1,1
474314,1,1
474414,1,1
474514,1,1
474614,1,1
474714,1,1
474814,1,1
474914,1,1
475014,1,1
475114,1,1
475214,1,1
475314,1,1
475414,1,1
475514,1,1
475614,1,1
475714,1,1
475814,1,1
475914,1,1
475982,1,1
476082,1,1
476182,1,1
476282,1,1
476382,1,1
476482,1,1
476582,1,1
476682,1,1
476782,1,1
476882,1,1
476982,1,1
477082,1,1
477182,1,1
477282,1,1
477382,1,1
477482,1,1
477582,1,1
477682,1,1
477782,1,1
477882,1,1
477982,1,1
478082,1,1
478182,1,1
478282,1,1
478382,1,1
478482,1,1
478582,1,1
478682,1,1
478782,1,1
478883,1,1
478983,1,1
479083,1,1
479183,1,1
479283,1,1
479383,1,1
479483,1,1
479583,1,1
479683,1,1
479783,1,1
479883,1,1
480001,1,1
480101,1,1
480201,1,1
480301,1,1
480401,1,1
480501,1,1
480601,1,1
480701,1,1
480801,1,1
480901,1,1
481001,1,1
481101,1,1
481201,1,1
481301,1,1
481401,1,1
481501,1,1
481601,1,1
481701,1,1
481801,1,1
481901,1,1
482001,1,1
482101,1,1
482201,1,1
482301,1,1
482401,1,1
482501,1,1
482601,1,1
482701,1,1
482801,1,1
482901,1,1
483001,1,1
483101,1,1
483201,1,1
483301,1,1
483401,1,1
483501,1,1
483601,1,1
483701,1,1
483801,1,1
483901,1,1
484001,1,1
484101,1,1
484201,1,1
484301,1,1
484401,1,1
484501,1,1
484601,1,1
484701,1,1
484801,1,1
484901,1,1
485001,1,1
485101,1,1
485201,1,1
485301,1,1
485401,1,1
485501,1,1
485601,1,1
485701,1,1
485801,1,1
485901,1,1
486001,1,1
486101,1,1
486201,1,1
486301,1,1
486401,1,1
486501,1,1
486601,1,1
486701,1,1
486801,1,1
486901,1,1
487001,1,1
487101,1,1
487201,1,1
487301,1,1
487401,1,1
487501,1,1
487601,1,1
487701,1,1
487801,1,1
487901,1,1
487998,1,1
488098,1,1
488198,1,1
488298,1,1
488398,1,1
488498,1,1
488598,1,1
488698,1,1
488798,1,1
488898,1,1
488998,1,1
489098,1,1
489198,1,1
489298,1,1
489398,1,1
489498,1,1
489598,1,1
489698,1,1
489798,1,1
489898,1,1
489998,1,1
490098,1,1
490198,1,1
490298,1,1
490398,1,1
490498,1,1
490598,1,1
490698,1,1
490798,1,1
490898,1,1
490998,1,1
491098,1,1
491198,1,1
491298,1,1
491398,1,1
491498,1,1
491598,1,1
491698,1,1
491798,1,1
491898,1,1
491994,1,1
492103,1,1
492203,1,1
492303,1,1
492403,1,1
492503,1,1
492603,1,1
492703,1,1
492804,1,1
492904,1,1
493004,1,1
493104,1,1
493204,1,1
493304,1,1
493404,1,1
493504,1,1
493604,1,1
493704,1,1
493804,1,1
493904,1,1
494004,1,1
494104,1,1
494204,1,1
494304,1,1
494404,1,1
494504,1,1
494604,1,1
494704,1,1
494804,1,1
494904,1,1
495004,1,1
495104,1,1
495204,1,1
495304,1,1
495404,1,1
495504,1,1
495604,1,1
495705,1,1
495805,1,1
495905,1,1
496001,1,1
496101,1,1
496201,1,1
496301,1,1
496401,1,1
496501,1,1
496601,1,1
496701,1,1
496801,1,1
496901,1,1
497001,1,1
497101,1,1
497201,1,1
497301,1,1
497401,1,1
497501,1,1
497601,1,1
497701,1,1
497801,1,1
497901,1,1
498001,1,1
498101,1,1
498201,1,1
498301,1,1
498401,1,1
498501,1,1
498602,1,1
498702,1,1
498802,1,1
498902,1,1
499002,1,1
499102,1,1
499202,1,1
499302,1,1
499402,1,1
499502,1,1
499602,1,1
499702,1,1
499802,1,1
499902,1,1
499997,1,1
500102,1,1
500202,1,1
500302,1,1
500402,1,1
500502,1,1
500603,1,1
500703,1,1
500803,1,1
500903,1,1
501003,1,1
501103,1,1
501203,1,1
501303,1,1
501403,1,1
501503,1,1
501603,1,1
501703,1,1
501803,1,1
501903,1,1
502003,1,1
502103,1,1
502203,1,1
502303,1,1
502403,1,1
502503,1,1
502603,1,1
502703,1,1
502803,1,1
502903,1,1
503003,1,1
503103,1,1
503203,1,1
503303,1,1
503403,1,1
503504,1,1
503604,1,1
503704,1,1
503804,1,1
503904,1,1
503999,1,1
504105,1,1
504205,1,1
504305,1,1
504405,1,1
504505,1,1
504605,1,1
504705,1,1
504805,1,1
504905,1,1
505005,1,1
505105,1,1
505206,1,1
505306,1,1
505406,1,1
505506,1,1
505606,1,1
505706,1,1
505806,1,1
505906,1,1
506006,1,1
506106,1,1
506206,1,1
506306,1,1
506406,1,1
506506,1,1
506606,1,1
506706,1,1
506806,1,1
506906,1,1
507006,1,1
507106,1,1
507206,1,1
507306,1,1
507406,1,1
507506,1,1
507606,1,1
507706,1,1
507806,1,1
507906,1,1
508003,1,1
508108,1,1
508208,1,1
508308,1,1
508408,1,1
508508,1,1
508608,1,1
508708,1,1
508808,1,1
508908,1,1
509008,1,1
509108,1,1
509208,1,1
509308,1,1
509408,1,1
509508,1,1
509608,1,1
509708,1,1
509808,1,1
509908,1,1
510008,1,1
510109,1,1
510209,1,1
510309,1,1
510409,1,1
510509,1,1
510609,1,1
510709,1,1
510809,1,1
510909,1,1
511009,1,1
511109,1,1
511209,1,1
511309,1,1
511409,1,1
511509,1,1
511609,1,1
511709,1,1
511809,1,1
511909,1,1
512003,1,1
512106,1,1
512206,1,1
512306,1,1
512407,1,1
512507,1,1
512607,1,1
512707,1,1
512807,1,1
512907,1,1
513007,1,1
513107,1,1
513207,1,1
513307,1,1
513407,1,1
513507,1,1
513607,1,1
513707,1,1
513807,1,1
513907,1,1
514007,1,1
514107,1,1
514207,1,1
514307,1,1
514407,1,1
514507,1,1
514607,1,1
514707,1,1
514807,1,1
514907,1,1
515007,1,1
515107,1,1
515207,1,1
515307,1,1
515407,1,1
515507,1,1
515607,1,1
515707,1,1
515807,1,1
515907,1,1
516007,1,1
516107,1,1
516207,1,1
516307,1,1
516407,1,1
516507,1,1
516607,1,1
516707,1,1
516807,1,1
516907,1,1
517007,1,1
517107,1,1
517207,1,1
517307,1,1
517407,1,1
517507,1,1
517607,1,1
517707,1,1
517807,1,1
517907,1,1
518007,1,1
518107,1,1
518207,1,1
518307,1,1
518407,1,1
518507,1,1
518607,1,1
518707,1,1
518807,1,1
518907,1,1
519007,1,1
519107,1,1
519207,1,1
519307,1,1
519407,1,1
519507,1,1
519607,1,1
519707,1,1
519807,1,1
519907,1,1
520007,1,1
520135,0,0
520235,0,0
520335,0,0
520435,0,0
520535,0,0
520635,0,0
520735,0,0
520835,0,0
520935,0,0
521035,0,0
521135,0,0
521235,0,0
521335,0,0
521435,0,0
521535,0,0
521635,0,0
521735,0,0
521835,0,0
521935,0,0
522035,0,0
522135,0,0
522235,0,0
522335,0,0
522435,0,0
522535,0,0
522635,0,0
522735,0,0
522835,0,0
522935,0,0
523035,0,0
523135,0,0
523235,0,0
523335,0,0
523435,0,0
523535,0,0
523635,0,0
523735,0,0
523835,0,0
523935,0,0
524035,0,0
524135,0,0
524235,0,0
524335,0,0
524435,0,0
524535,0,0
524635,0,0
524735,0,0
524835,0,0
524935,0,0
525035,0,0
525135,0,0
525235,0,0
525335,0,0
525435,0,0
525535,0,0
525635,0,0
525735,0,0
525835,0,0
525935,0,0
526035,0,0
526135,0,0
526235,0,0
526335,0,0
526435,0,0
526535,0,0
526635,0,0
526735,0,0
526835,0,0
526935,0,0
527035,0,0
527135,0,0
527235,0,0
527335,0,0
527435,0,0
527535,0,0
527635,0,0
527735,0,0
527835,0,0
527935,0,0
528035,0,0
528135,0,0
528235,0,0
528335,0,0
528435,0,0
528535,0,0
528635,0,0
528735,0,0
528835,0,0
528935,0,0
529035,0,0
529135,0,0
529235,0,0
529335,0,0
529435,0,0
529535,0,0
529635,0,0
529735,0,0
529835,0,0
529935,0,0
530035,0,0
530135,0,0
530235,0,0
530335,0,0
530435,0,0
530535,0,0
530635,0,0
530735,0,0
530835,0,0
530935,0,0
531035,0,0
531135,0,0
531235,0,0
531335,0,0
531435,0,0
531535,0,0
531635,0,0
531735,0,0
531835,0,0
531935,0,0
532035,0,0
532135,0,0
532235,0,0
532335,0,0
532435,0,0
532535,0,0
532635,0,0
532735,0,0
532835,0,0
532935,0,0
533035,0,0
533135,0,0
533254,0,0
533354,1,1
533454,1,1
533554,1,1
533654,1,1
533754,1,1
533854,1,1
533954,1,1
534054,1,1
534154,1,1
534254,1,1
534354,1,1
534454,1,1
534554,1,1
534654,1,1
534754,1,1
534854,1,1
534954,1,1
535054,1,1
535154,1,1
535255,1,1
535355,1,1
535455,1,1
535555,1,1
535655,1,1
535755,1,1
535855,1,1
535955,1,1
536055,1,1
536155,1,1
536255,1,1
536355,1,1
536455,1,1
536555,1,1
536655,1,1
536755,1,1
536855,1,1
536955,1,1
537055,1,1
537151,1,1
537251,1,1
537351,1,1
537451,1,1
537551,1,1
537651,1,1
537751,1,1
537851,1,1
537951,1,1
538051,1,1
538152,1,1
538252,1,1
538352,1,1
538452,1,1
538552,1,1
538652,1,1
538752,1,1
538852,1,1
538952,1,1
539052,1,1
539152,1,1
539252,1,1
539352,1,1
539452,1,1
539552,1,1
539652,1,1
539752,1,1
539852,1,1
539952,1,1
540052,1,1
540152,1,1
540252,1,1
540352,1,1
540452,1,1
540552,1,1
540652,1,1
540752,1,1
540852,1,1
540952,1,1
541053,1,1
541148,1,1
541274,0,0
541374,0,0
541475,0,0
541575,0,0
541675,0,0
541775,0,0
541875,0,0
541975,0,0
542075,0,0
542175,0,0
542275,0,0
542375,0,0
542475,0,0
542575,0,0
542675,0,0
542775,0,0
542875,0,0
542975,0,0
543075,0,0
543175,0,0
543275,0,0
543375,0,0
543475,0,0
543575,0,0
543675,0,0
543775,0,0
543875,0,0
543975,0,0
544075,0,0
544175,0,0
544275,0,0
544376,0,0
544476,0,0
544576,0,0
544676,0,0
544776,0,0
544876,0,0
544976,0,0
545076,0,0
545171,0,0
545271,0,0
545371,0,0
545471,0,0
545571,0,0
545671,0,0
545771,0,0
545871,0,0
545971,0,0
546071,0,0
546171,0,0
546271,0,0
546371,0,0
546471,0,0
546571,0,0
546671,0,0
546771,0,0
546871,0,0
546971,0,0
547071,0,0
547171,0,0
547271,0,0
547371,0,0
547471,0,0
547571,0,0
547671,0,0
547771,0,0
547871,0,0
547971,0,0
548071,0,0
548171,0,0
548271,0,0
548371,0,0
548471,0,0
548571,0,0
548671,0,0
548771,0,0
548871,0,0
548971,0,0
549071,0,0
549167,0,0
549267,0,0
549367,0,0
549467,0,0
549567,0,0
549667,0,0
549767,0,0
549867,0,0
549967,0,0
550067,0,0
550167,0,0
550267,0,0
550367,0,0
550467,0,0
550567,0,0
550667,0,0
550767,0,0
550867,0,0
550967,0,0
551067,0,0
551167,0,0
551267,0,0
551367,0,0
551467,0,0
551567,0,0
551667,0,0
551767,0,0
551867,0,0
551967,0,0
552067,0,0
552167,0,0
552267,0,0
552367,0,0
552467,0,0
552567,0,0
552667,0,0
552767,0,0
552867,0,0
552967,0,0
553067,0,0
553163,0,0
553263,0,0
553363,0,0
553489,0,0
553589,1,1
553689,1,1
553789,1,1
553889,1,1
553989,1,1
554089,1,1
554189,1,1
554289,1,1
554390,1,1
554490,1,1
554590,1,1
554690,1,1
554790,1,1
554890,1,1
554990,1,1
555090,1,1
555190,1,1
555290,1,1
555390,1,1
555490,1,1
555590,1,1
555690,1,1
555790,1,1
555890,1,1
555990,1,1
556090,1,1
556190,1,1
556290,1,1
556390,1,1
556490,1,1
556590,1,1
556690,1,1
556790,1,1
556890,1,1
556990,1,1
557090,1,1
557186,1,1
557287,1,1
557387,1,1
557487,1,1
557587,1,1
557687,1,1
557787,1,1
557887,1,1
557987,1,1
558087,1,1
558187,1,1
558287,1,1
558387,1,1
558487,1,1
558587,1,1
558687,1,1
558787,1,1
558887,1,1
558987,1,1
559087,1,1
559187,1,1
559287,1,1
559387,1,1
559487,1,1
559587,1,1
559687,1,1
559787,1,1
559887,1,1
559987,1,1
560087,1,1
560187,1,1
560287,1,1
560387,1,1
560487,1,1
560587,1,1
560687,1,1
560787,1,1
560887,1,1
560987,1,1
561087,1,1
561182,1,1
561282,1,1
561382,1,1
561482,1,1
561582,1,1
561682,1,1
561782,1,1
561882,1,1
561982,1,1
562082,1,1
562182,1,1
562282,1,1
562382,1,1
562482,1,1
562582,1,1
562682,1,1
562782,1,1
562882,1,1
562982,1,1
563082,1,1
563182,1,1
563282,1,1
563382,1,1
563482,1,1
563582,1,1
563682,1,1
563782,1,1
563882,1,1
563982,1,1
564082,1,1
564182,1,1
564282,1,1
564382,1,1
564482,1,1
564582,1,1
564682,1,1
564782,1,1
564882,1,1
564982,1,1
565082,1,1
565177,1,1
565277,1,1
565377,1,1
565497,0,0
565597,0,0
565697,0,0
565797,0,0
565897,0,0
565997,0,0
566097,0,0
566197,0,0
566297,0,0
566397,0,0
566497,0,0
566597,0,0
566697,0,0
566797,0,0
566897,0,0
566997,0,0
567097,0,0
567197,0,0
567297,0,0
567397,0,0
567497,0,0
567597,0,0
567697,0,0
567797,0,0
567897,0,0
567997,0,0
568097,0,0
568197,0,0
568423,0,0
568523,0,0
568623,0,0
568723,0,0
568823,0,0
568923,0,0
569023,0,0
569123,0,0
569220,0,0
569320,0,0
569420,0,0
569520,0,0
569620,0,0
569720,0,0
569820,0,0
569920,0,0
570020,0,0
570120,0,0
570220,0,0
570320,0,0
570420,0,0
570520,0,0
570620,0,0
570720,0,0
570820,0,0
570920,0,0
571020,0,0
571120,0,0
571220,0,0
571320,0,0
571420,0,0
571520,0,0
571620,0,0
571720,0,0
571820,0,0
571920,0,0
572020,0,0
572121,0,0
572221,0,0
572321,0,0
572421,0,0
572521,0,0
572621,0,0
572721,0,0
572821,0,0
572921,0,0
573021,0,0
573121,0,0
573217,0,0
573317,0,0
573417,0,0
573517,0,0
573617,0,0
573717,0,0
573817,0,0
573917,0,0
574017,0,0
574117,0,0
574217,0,0
574317,0,0
574417,0,0
574517,0,0
574617,0,0
574717,0,0
574817,0,0
574917,0,0
575017,0,0
575117,0,0
575217,0,0
575317,0,0
575417,0,0
575517,0,0
575617,0,0
575717,0,0
575817,0,0
575917,0,0
576017,0,0
576117,0,0
576217,0,0
576317,0,0
576417,0,0
576517,0,0
576617,0,0
576717,0,0
576817,0,0
576917,0,0
577017,0,0
577117,0,0
577217,0,0
577317,0,0
577417,0,0
577543,0,0
577643,0,0
577743,0,0
577843,0,0
577943,0,0
578043,0,0
578143,0,0
578243,0,0
578343,0,0
578443,0,0
578543,0,0
578643,0,0
578743,0,0
578843,0,0
578944,0,0
579044,0,0
579144,0,0
579244,0,0
579344,0,0
579444,0,0
579544,0,0
579644,0,0
579744,0,0
579844,0,0
579944,0,0
580044,0,0
580144,0,0
580244,0,0
580344,0,0
580444,0,0
580544,0,0
580644,0,0
580744,0,0
580844,0,0
580944,0,0
581044,0,0
581144,0,0
581244,0,0
581344,0,0
581444,0,0
581544,0,0
581644,0,0
581744,0,0
581845,0,0
581945,0,0
582045,0,0
582145,0,0
582245,0,0
582345,0,0
582445,0,0
582545,0,0
582645,0,0
582745,0,0
582845,0,0
582945,0,0
583045,0,0
583145,0,0
583245,0,0
583345,0,0
583445,0,0
583545,0,0
583645,0,0
583745,0,0
583845,0,0
583945,0,0
584045,0,0
584145,0,0
584245,0,0
584345,0,0
584445,0,0
584545,0,0
584645,0,0
584745,0,0
584845,0,0
584945,0,0
585045,0,0
585145,0,0
585245,0,0
585345,0,0
585445,0,0
585545,0,0
585645,0,0
585745,0,0
585845,0,0
585945,0,0
586045,0,0
586145,0,0
586245,0,0
586345,0,0
586445,0,0
586545,0,0
586645,0,0
586745,0,0
586845,0,0
586945,0,0
587045,0,0
587145,0,0
587245,0,0
587345,0,0
587445,0,0
587545,0,0
587645,0,0
587745,0,0
587845,0,0
587945,0,0
588045,0,0
588145,0,0
588245,0,0
588345,0,0
588445,0,0
588545,0,0
588645,0,0
588745,0,0
588845,0,0
588945,0,0
589045,0,0
589145,0,0
589245,0,0
589345,0,0
589445,0,0
589545,0,0
589645,0,0
589745,0,0
589845,0,0
589945,0,0
590045,0,0
590145,0,0
590245,0,0
590345,0,0
590445,0,0
590545,0,0
590645,0,0
590745,0,0
590845,0,0
590945,0,0
591045,0,0
591145,0,0
591245,0,0
591345,0,0
591445,0,0
591545,0,0
591645,0,0
591745,0,0
591845,0,0
591945,0,0
592045,0,0
592145,0,0
592245,0,0
592345,0,0
592445,0,0
592545,0,0
592645,0,0
592745,0,0
592845,0,0
592945,0,0
593045,0,0
593145,0,0
593245,0,0
593345,0,0
593445,0,0
593545,0,0
593645,0,0
593745,0,0
593845,0,0
593945,0,0
594045,0,0
594145,0,0
594245,0,0
594345,0,0
594445,0,0
594545,0,0
594645,0,0
594745,0,0
594845,0,0
594945,0,0
595045,0,0
595145,0,0
595245,0,0
595345,0,0
595445,0,0
595545,0,0
595645,0,0
595745,0,0
595845,0,0
595945,0,0
596045,0,0
596145,0,0
596245,0,0
596345,0,0
596445,0,0
596545,0,0
596645,0,0
596745,0,0
596845,0,0
596945,0,0
597045,0,0
597145,0,0
597245,0,0
597345,0,0
597445,0,0
597545,0,0
597645,0,0
597745,0,0
597845,0,0
597945,0,0
598045,0,0
598145,0,0
598245,0,0
598345,0,0
598445,0,0
598545,0,0
598645,0,0
598745,0,0
598845,0,0
598945,0,0
599045,0,0
599145,0,0
599245,0,0
599345,0,0
599445,0,0
599545,0,0
599645,0,0
599745,0,0
599845,0,0
599945,0,0
600045,0,0
600145,0,0
600245,0,0
600345,0,0
600445,0,0
600545,0,0
600645,0,0
600745,0,0
600845,0,0
600945,0,0
601045,0,0
601145,0,0
601245,0,0
601345,0,0
601445,0,0
601545,0,0
601645,0,0
601745,0,0
601845,0,0
601945,0,0
602045,0,0
602145,0,0
602245,0,0
602345,0,0
602445,0,0
602545,0,0
602645,0,0
602745,0,0
602845,0,0
602945,0,0
603045,0,0
603145,0,0
603245,0,0
603345,0,0
603445,0,0
603545,0,0
603645,0,0
603745,0,0
603845,0,0
603945,0,0
604045,0,0
604145,0,0
604245,0,0
604345,0,0
604445,0,0
604545,0,0
604645,0,0
604745,0,0
604845,0,0
604945,0,0
605045,0,0
605145,0,0
605245,0,0
605345,0,0
605445,0,0
605545,0,0
605645,0,0
605745,0,0
605845,0,0
605945,0,0
606045,0,0
606145,0,0
606245,0,0
606345,0,0
606445,0,0
606545,0,0
606645,0,0
606745,0,0
606845,0,0
606945,0,0
607045,0,0
607145,0,0
607245,0,0
607345,0,0
607445,0,0
607545,0,0
607645,0,0
607745,0,0
607845,0,0
607945,0,0
608045,0,0
608145,0,0
608245,0,0
608345,0,0
608445,0,0
608545,0,0
608645,0,0
608745,0,0
608845,0,0
608945,0,0
609045,0,0
609145,0,0
609245,0,0
609345,0,0
609445,0,0
609545,0,0
609645,0,0
609745,0,0
609845,0,0
609945,0,0
610045,0,0
610145,0,0
610245,0,0
610345,0,0
610445,0,0
610545,0,0
610645,0,0
610745,0,0
610845,0,0
610945,0,0
611045,0,0
611145,0,0
611245,0,0
611345,0,0
611445,0,0
611545,0,0
611645,0,0
611745,0,0
611845,0,0
611945,0,0
612045,0,0
612145,0,0
612245,0,0
612345,0,0
612445,0,0
612545,0,0
612645,0,0
612745,0,0
612845,0,0
612945,0,0
613045,0,0
613145,0,0
613245,0,0
613345,0,0
613445,0,0
613545,0,0
613645,0,0
613745,0,0
613845,0,0
613945,0,0
614045,0,0
614145,0,0
614245,0,0
614345,0,0
614445,0,0
614545,0,0
614645,0,0
614745,0,0
614845,0,0
614945,0,0
615045,0,0
615145,0,0
615245,0,0
615345,0,0
615445,0,0
615545,0,0
615645,0,0
615745,0,0
615845,0,0
615945,0,0
616045,0,0
616145,0,0
616245,0,0
616345,0,0
616445,0,0
616545,0,0
616645,0,0
616745,0,0
616845,0,0
616945,0,0
617045,0,0
617145,0,0
617245,0,0
617345,0,0
617445,0,0
617545,0,0
617645,0,0
617745,0,0
617845,0,0
617945,0,0
618045,0,0
618145,0,0
618245,0,0
618345,0,0
618445,0,0
618545,0,0
618645,0,0
618745,0,0
618845,0,0
618945,0,0
619045,0,0
619145,0,0
619245,0,0
619345,0,0
619445,0,0
619545,0,0
619645,0,0
619745,0,0
619845,0,0
619945,0,0
620045,0,0
620145,0,0
620245,0,0
620345,0,0
620445,0,0
620545,0,0
620645,0,0
620745,0,0
620845,0,0
620945,0,0
621045,0,0
621145,0,0
621245,0,0
621345,0,0
621445,0,0
621545,0,0
621645,0,0
621745,0,0
621845,0,0
621945,0,0
622045,0,0
622145,0,0
622245,0,0
622345,0,0
622445,0,0
622545,0,0
622645,0,0
622745,0,0
622845,0,0
622945,0,0
623045,0,0
623145,0,0
623245,0,0
623345,0,0
623445,0,0
623545,0,0
623645,0,0
623745,0,0
623845,0,0
623945,0,0
624045,0,0
624145,0,0
624245,0,0
624345,0,0
624445,0,0
624545,0,0
624645,0,0
624745,0,0
624845,0,0
624945,0,0
625045,0,0
625145,0,0
625245,0,0
625345,0,0
625445,0,0
625545,0,0
625645,0,0
625745,0,0
625845,0,0
625945,0,0
626045,0,0
626145,0,0
626245,0,0
626345,0,0
626445,0,0
626545,0,0
626645,0,0
626745,0,0
626845,0,0
626945,0,0
627045,0,0
627145,0,0
627245,0,0
627345,0,0
627445,0,0
627545,0,0
627645,0,0
627745,0,0
627845,0,0
627945,0,0
628045,0,0
628145,0,0
628245,0,0
628345,0,0
628445,0,0
628545,0,0
628645,0,0
628745,0,0
628845,0,0
628945,0,0
629045,0,0
629145,0,0
629245,0,0
629345,0,0
629445,0,0
629545,0,0
629645,0,0
629745,0,0
629845,0,0
629945,0,0
630045,0,0
630145,0,0
630245,0,0
630345,0,0
630445,0,0
630545,0,0
630645,0,0
630745,0,0
630845,0,0
630945,0,0
631045,0,0
631145,0,0
631245,0,0
631345,0,0
631445,0,0
631545,0,0
631645,0,0
631745,0,0
631845,0,0
631945,0,0
632045,0,0
632145,0,0
632245,0,0
632345,0,0
632445,0,0
632545,0,0
632645,0,0
632745,0,0
632845,0,0
632945,0,0
633045,0,0
