p:4000,20000,6000,600,8000,4000,2000,8000,70
15087,0,0
15187,0,0
15287,0,0
15387,0,0
15487,0,0
15587,0,0
15687,0,0
15787,0,0
15887,0,0
15987,0,0
16087,0,0
16187,0,0
16287,0,0
16387,0,0
16487,0,0
16587,0,0
16687,0,0
16787,0,0
16887,0,0
16987,0,0
17087,0,0
17187,0,0
17287,0,0
17387,0,0
17487,0,0
17587,0,0
17687,0,0
17787,0,0
17887,0,0
17987,0,0
18087,0,0
18187,0,0
18287,0,0
18387,0,0
18487,0,0
18587,0,0
18687,0,0
18787,0,0
18887,0,0
18987,0,0
19085,0,0
19185,0,0
19285,0,0
19385,0,0
19485,0,0
19585,0,0
19685,0,0
19785,0,0
19885,0,0
19985,0,0
20085,0,0
20185,0,0
20285,0,0
20385,0,0
20485,0,0
20585,0,0
20685,0,0
20785,0,0
20885,0,0
20985,0,0
21085,0,0
21185,0,0
21285,0,0
21385,0,0
21485,0,0
21585,0,0
21685,0,0
21785,0,0
21885,0,0
21985,0,0
22085,0,0
22185,0,0
22285,0,0
22385,0,0
22485,0,0
22585,0,0
22685,0,0
22785,0,0
22885,0,0
22985,0,0
23079,0,0
23179,0,0
23279,0,0
23379,0,0
23479,0,0
23579,0,0
23679,0,0
23779,0,0
23879,0,0
23979,0,0
24079,0,0
24179,0,0
24279,0,0
24379,0,0
24479,0,0
24579,0,0
24679,0,0
24779,0,0
24879,0,0
24979,0,0
25079,0,0
25179,0,0
25279,0,0
25379,0,0
25479,0,0
25579,0,0
25679,0,0
25779,0,0
25879,0,0
25979,0,0
26079,0,0
26179,0,0
26279,0,0
26379,0,0
26479,0,0
26579,0,0
26679,0,0
26779,0,0
26879,0,0
26979,0,0
27076,0,0
27176,0,0
27276,0,0
27376,0,0
27476,0,0
27576,0,0
27676,0,0
27776,0,0
27876,0,0
27976,0,0
28076,0,0
28176,0,0
28276,0,0
28376,0,0
28476,0,0
28576,0,0
28676,0,0
28776,0,0
28876,0,0
28976,0,0
29076,0,0
29176,0,0
29276,0,0
29376,0,0
29476,0,0
29576,0,0
29676,0,0
29776,0,0
29876,0,0
29976,0,0
30076,0,0
30176,0,0
30276,0,0
30376,0,0
30476,0,0
30576,0,0
30676,0,0
30776,0,0
30876,0,0
30976,0,0
31072,0,0
31172,0,0
31272,0,0
31372,0,0
31472,0,0
31572,0,0
31672,0,0
31772,0,0
31872,0,0
31972,0,0
32072,0,0
32172,0,0
32272,0,0
32372,0,0
32472,0,0
32572,0,0
32672,0,0
32772,0,0
32872,0,0
32972,0,0
33072,0,0
33172,0,0
33272,0,0
33372,0,0
33472,0,0
33572,0,0
33672,0,0
33772,0,0
33872,0,0
33972,0,0
34072,0,0
34172,0,0
34272,0,0
34372,0,0
34472,0,0
34572,0,0
34672,0,0
34772,0,0
34872,0,0
34972,0,0
35067,0,0
35167,0,0
35267,0,0
35367,0,0
35467,0,0
35567,0,0
35667,0,0
35767,0,0
35867,0,0
35967,0,0
36067,0,0
36167,0,0
36267,0,0
36367,0,0
36467,0,0
36567,0,0
36667,0,0
36767,0,0
36867,0,0
36967,0,0
37067,0,0
37167,0,0
37267,0,0
37367,0,0
37467,0,0
37567,0,0
37667,0,0
37767,0,0
37867,0,0
37967,0,0
38067,0,0
38167,0,0
38267,0,0
38367,0,0
38467,0,0
38567,0,0
38667,0,0
38767,0,0
38867,0,0
38967,0,0
39061,0,0
39161,0,0
39261,0,0
39361,0,0
39461,0,0
39561,0,0
39661,0,0
39761,0,0
39861,0,0
39961,0,0
40061,0,0
40161,0,0
40261,0,0
40361,0,0
40461,0,0
40561,0,0
40661,0,0
40761,0,0
40861,0,0
40961,0,0
41061,0,0
41161,0,0
41261,0,0
41361,0,0
41461,0,0
41561,0,0
41661,0,0
41761,0,0
41861,0,0
41961,0,0
42061,0,0
42161,0,0
42261,0,0
42361,0,0
42461,0,0
42561,0,0
42661,0,0
42761,0,0
42861,0,0
42961,0,0
43058,0,0
43158,0,0
43258,0,0
43358,0,0
43458,0,0
43558,0,0
43658,0,0
43758,0,0
43858,0,0
43958,0,0
44058,0,0
44158,0,0
44258,0,0
44358,0,0
44458,0,0
44558,0,0
44658,0,0
44758,0,0
44858,0,0
44958,0,0
45058,0,0
45158,0,0
45258,0,0
45358,0,0
45458,0,0
45558,0,0
45658,0,0
45758,0,0
45858,0,0
45958,0,0
46058,0,0
46158,0,0
46258,0,0
46358,0,0
46458,0,0
46558,0,0
46658,0,0
46758,0,0
46858,0,0
46958,0,0
47053,0,0
47153,0,0
47253,0,0
47353,0,0
47453,0,0
47553,0,0
47653,0,0
47753,0,0
47853,0,0
47953,0,0
48053,0,0
48153,0,0
48253,0,0
48353,0,0
48453,0,0
48553,0,0
48653,0,0
48753,0,0
48853,0,0
48953,0,0
49053,0,0
49153,0,0
49253,0,0
49353,0,0
49453,0,0
49553,0,0
49653,0,0
49753,0,0
49853,0,0
49953,0,0
50053,0,0
50153,0,0
50253,0,0
50353,0,0
50453,0,0
50553,0,0
50653,0,0
50753,0,0
50853,0,0
50953,0,0
51048,0,0
51148,0,0
51248,0,0
51348,0,0
51448,0,0
51548,0,0
51648,0,0
51748,0,0
51848,0,0
51948,0,0
52048,0,0
52148,0,0
52248,0,0
52348,0,0
52448,0,0
52548,0,0
52648,0,0
52748,0,0
52848,0,0
52948,0,0
53048,0,0
53148,0,0
53248,0,0
53348,0,0
53448,0,0
53548,0,0
53648,0,0
53748,0,0
53848,0,0
53948,0,0
54048,0,0
54148,0,0
54248,0,0
54348,0,0
54448,0,0
54548,0,0
54648,0,0
54748,0,0
54848,0,0
54948,0,0
55048,0,0
55148,0,0
55248,0,0
55348,0,0
55448,0,0
55548,0,0
55648,0,0
55748,0,0
55848,0,0
55948,0,0
56048,0,0
56148,0,0
56248,0,0
56348,0,0
56448,0,0
56548,0,0
56648,0,0
56748,0,0
56848,0,0
56948,0,0
57048,0,0
57148,0,0
57248,0,0
57348,0,0
57448,0,0
57548,0,0
57648,0,0
57748,0,0
57848,0,0
57948,0,0
58048,0,0
58148,0,0
58248,0,0
58348,0,0
58448,0,0
58548,0,0
58648,0,0
58748,0,0
58848,0,0
58948,0,0
59048,0,0
59148,0,0
59248,0,0
59348,0,0
59448,0,0
59548,0,0
59648,0,0
59748,0,0
59848,0,0
59948,0,0
60048,0,0
60148,0,0
60248,0,0
60348,0,0
60448,0,0
60548,0,0
60648,0,0
60748,0,0
60848,0,0
60948,0,0
61048,0,0
61148,0,0
61248,0,0
61348,0,0
61448,0,0
61548,0,0
61648,0,0
61748,0,0
61848,0,0
61948,0,0
62048,0,0
62148,0,0
62248,0,0
62348,0,0
62448,0,0
62548,0,0
62648,0,0
62748,0,0
62848,0,0
62948,0,0
63048,0,0
63148,0,0
63248,0,0
63348,0,0
63448,0,0
63548,0,0
63648,0,0
63748,0,0
63848,0,0
63948,0,0
64048,0,0
64148,0,0
64248,0,0
64348,0,0
64448,0,0
64548,0,0
64648,0,0
64748,0,0
64848,0,0
64948,0,0
65048,0,0
65148,0,0
65248,0,0
65348,0,0
65448,0,0
65548,0,0
65648,0,0
65748,0,0
65848,0,0
65948,0,0
66048,0,0
66148,0,0
66248,0,0
66348,0,0
66448,0,0
66548,0,0
66648,0,0
66748,0,0
66848,0,0
66948,0,0
67048,0,0
67148,0,0
67248,0,0
67348,0,0
67448,0,0
67548,0,0
67648,0,0
67748,0,0
67848,0,0
67948,0,0
68048,0,0
68148,0,0
68248,0,0
68348,0,0
68448,0,0
68548,0,0
68648,0,0
68748,0,0
68848,0,0
68948,0,0
69048,0,0
69148,0,0
69248,0,0
69348,0,0
69448,0,0
69548,0,0
69648,0,0
69748,0,0
69848,0,0
69948,0,0
70048,0,0
70148,0,0
70248,0,0
70348,0,0
70448,0,0
70548,0,0
70648,0,0
70748,0,0
70848,0,0
70948,0,0
71048,0,0
71148,0,0
71248,0,0
71348,0,0
71448,0,0
71548,0,0
71648,0,0
71748,0,0
71848,0,0
71948,0,0
72048,0,0
72148,0,0
72248,0,0
72348,0,0
72448,0,0
72548,0,0
72648,0,0
72748,0,0
72848,0,0
72948,0,0
73048,0,0
73148,0,0
73248,0,0
73348,0,0
73448,0,0
73548,0,0
73610,0,0
73710,0,0
73810,0,0
73910,0,0
74010,0,0
74110,0,0
74210,0,0
74310,0,0
74410,0,0
74510,0,0
74610,0,0
74710,0,0
74810,0,0
74910,0,0
75010,0,0
75110,0,0
75210,0,0
75310,0,0
75410,0,0
75510,0,0
75610,0,0
75710,0,0
75810,0,0
75910,0,0
76010,0,0
76110,0,0
76210,0,0
76310,0,0
76410,0,0
76510,0,0
76610,0,0
76710,0,0
76810,0,0
76910,0,0
77010,0,0
77110,0,0
77210,0,0
77310,0,0
77410,0,0
77510,0,0
77620,0,0
77720,0,0
77820,0,0
77920,0,0
78020,0,0
78120,0,0
78220,0,0
78320,0,0
78420,0,0
78520,0,0
78620,0,0
78720,0,0
78820,0,0
78920,0,0
79020,0,0
79120,0,0
79220,0,0
79320,0,0
79420,0,0
79520,0,0
79620,0,0
79720,0,0
79820,0,0
79920,0,0
80020,0,0
80120,0,0
80220,0,0
80320,0,0
80420,0,0
80520,0,0
80620,0,0
80720,0,0
80820,0,0
80920,0,0
81020,0,0
81120,0,0
81220,0,0
81320,0,0
81420,0,0
81520,0,0
81616,0,0
81716,0,0
81816,0,0
81916,0,0
82016,0,0
82116,0,0
82216,0,0
82316,0,0
82416,0,0
82516,0,0
82616,0,0
82716,0,0
82816,0,0
82916,0,0
83016,0,0
83122,0,0
83222,0,0
83322,0,0
83422,0,0
83522,0,0
83622,0,0
83722,0,0
83822,0,0
83922,0,0
84023,0,0
84123,0,0
84223,0,0
84323,0,0
84423,0,0
84523,0,0
84623,0,0
84723,0,0
84823,0,0
84923,0,0
85023,0,0
85123,0,0
85223,0,0
85323,0,0
85423,0,0
85523,0,0
85617,0,0
85717,0,0
85817,0,0
85917,0,0
86017,0,0
86117,0,0
86217,0,0
86317,0,0
86417,0,0
86517,0,0
86617,0,0
86717,0,0
86817,0,0
86918,0,0
87018,0,0
87118,0,0
87218,0,0
87318,0,0
87418,0,0
87518,0,0
87618,0,0
87718,0,0
87832,0,0
87932,0,0
88032,0,0
88132,0,0
88232,0,0
88332,0,0
88432,0,0
88532,0,0
88632,0,0
88732,0,0
88832,0,0
88946,0,0
89046,0,0
89146,0,0
89246,0,0
89346,0,0
89446,0,0
89542,0,0
89642,0,0
89742,0,0
89842,0,0
89942,0,0
90042,0,0
90142,0,0
90242,0,0
90342,0,0
90442,0,0
90542,0,0
90642,0,0
90742,0,0
90842,0,0
90942,0,0
91042,0,0
91142,0,0
91242,0,0
91342,0,0
91442,0,0
91542,0,0
91642,0,0
91742,0,0
91842,0,0
91942,0,0
92042,0,0
92142,0,0
92242,0,0
92342,0,0
92442,0,0
92542,0,0
92642,0,0
92742,0,0
92842,0,0
92942,0,0
93042,0,0
93142,0,0
93242,0,0
93342,0,0
93442,0,0
93542,0,0
93627,0,0
93727,0,0
93827,0,0
93927,0,0
94027,0,0
94127,0,0
94227,0,0
94327,0,0
94427,0,0
94527,0,0
94627,0,0
94727,0,0
94827,0,0
94927,0,0
95027,0,0
95127,0,0
95227,0,0
95327,0,0
95427,0,0
95527,0,0
95627,0,0
95727,0,0
95827,0,0
95927,0,0
96027,0,0
96127,0,0
96227,0,0
96327,0,0
96427,0,0
96527,0,0
96627,0,0
96727,0,0
96827,0,0
96927,0,0
97027,0,0
97127,0,0
97227,0,0
97327,0,0
97427,0,0
97527,0,0
97630,0,0
97730,0,0
97830,0,0
97930,0,0
98030,0,0
98130,0,0
98230,0,0
98330,0,0
98430,0,0
98530,0,0
98630,0,0
98730,0,0
98830,0,0
98930,0,0
99030,0,0
99130,0,0
99230,0,0
99330,0,0
99430,0,0
99530,0,0
99630,0,0
99730,0,0
99830,0,0
99930,0,0
100030,0,0
100130,0,0
100230,0,0
100330,0,0
100430,0,0
100530,0,0
100630,0,0
100730,0,0
100830,0,0
100930,0,0
101030,0,0
101130,0,0
101230,0,0
101330,0,0
101430,0,0
101530,0,0
101629,0,0
101729,0,0
101829,0,0
101929,0,0
102029,0,0
102129,0,0
102229,0,0
102329,0,0
102429,0,0
102529,0,0
102629,0,0
102729,0,0
102829,0,0
102929,0,0
103029,0,0
103129,0,0
103229,0,0
103329,0,0
103429,0,0
103529,0,0
103629,0,0
103729,0,0
103829,0,0
103929,0,0
104029,0,0
104129,0,0
104229,0,0
104329,0,0
104429,0,0
104529,0,0
104629,0,0
104729,0,0
104829,0,0
104929,0,0
105029,0,0
105129,0,0
105229,0,0
105329,0,0
105429,0,0
105529,0,0
105624,0,0
105724,0,0
105824,0,0
105924,0,0
106024,0,0
106124,0,0
106224,0,0
106324,0,0
106424,0,0
106524,0,0
106624,0,0
106724,0,0
106824,0,0
106924,0,0
107024,0,0
107124,0,0
107224,0,0
107324,0,0
107424,0,0
107524,0,0
107624,0,0
107724,0,0
107824,0,0
107924,0,0
108024,0,0
108124,0,0
108224,0,0
108324,0,0
108424,0,0
108524,0,0
108624,0,0
108724,0,0
108824,0,0
108924,0,0
109024,0,0
109124,0,0
109224,0,0
109324,0,0
109424,0,0
109524,0,0
109620,0,0
109720,0,0
109820,0,0
109920,0,0
110020,0,0
110120,0,0
110220,0,0
110320,0,0
110420,0,0
110520,0,0
110620,0,0
110720,0,0
110820,0,0
110920,0,0
111020,0,0
111120,0,0
111220,0,0
111320,0,0
111420,0,0
111520,0,0
111620,0,0
111720,0,0
111820,0,0
111920,0,0
112020,0,0
112120,0,0
112220,0,0
112320,0,0
112420,0,0
112520,0,0
112620,0,0
112720,0,0
112820,0,0
112920,0,0
113020,0,0
113120,0,0
113220,0,0
113320,0,0
113420,0,0
113520,0,0
113620,0,0
113720,0,0
113820,0,0
113920,0,0
114020,0,0
114120,0,0
114220,0,0
114320,0,0
114420,0,0
114520,0,0
114620,0,0
114720,0,0
114820,0,0
114920,0,0
115020,0,0
115120,0,0
115220,0,0
115320,0,0
115420,0,0
115520,0,0
115620,0,0
115720,0,0
115820,0,0
115920,0,0
116020,0,0
116120,0,0
116220,0,0
116320,0,0
116420,0,0
116520,0,0
116620,0,0
116720,0,0
116820,0,0
116920,0,0
117020,0,0
117120,0,0
117220,0,0
117320,0,0
117420,0,0
117520,0,0
117620,0,0
117720,0,0
117820,0,0
117920,0,0
118020,0,0
118120,0,0
118220,0,0
118320,0,0
118420,0,0
118520,0,0
118620,0,0
118720,0,0
118820,0,0
118920,0,0
119020,0,0
119120,0,0
119220,0,0
119320,0,0
119420,0,0
119520,0,0
119620,0,0
119720,0,0
119820,0,0
119920,0,0
120020,0,0
120120,0,0
120220,0,0
120320,0,0
120420,0,0
120520,0,0
120620,0,0
120720,0,0
120820,0,0
120920,0,0
121020,0,0
121120,0,0
121220,0,0
121320,0,0
121420,0,0
121520,0,0
121620,0,0
121720,0,0
121820,0,0
121920,0,0
122020,0,0
122120,0,0
122220,0,0
122320,0,0
122420,0,0
122520,0,0
122620,0,0
122720,0,0
122820,0,0
122920,0,0
123020,0,0
123120,0,0
123220,0,0
123320,0,0
123420,0,0
123520,0,0
123620,0,0
123720,0,0
123820,0,0
123920,0,0
124020,0,0
124120,0,0
124220,0,0
124320,0,0
124420,0,0
124520,0,0
124620,0,0
124720,0,0
124820,0,0
124920,0,0
125020,0,0
125120,0,0
125220,0,0
125320,0,0
125420,0,0
125520,0,0
125620,0,0
125720,0,0
125820,0,0
125902,0,0
126002,0,0
126102,0,0
126202,0,0
126302,0,0
126402,0,0
126502,0,0
126791,0,0
126891,0,1
126991,0,1
127091,0,1
127231,0,1
127331,1,2
127431,1,2
127531,1,2
127638,1,2
127738,1,2
127838,1,2
127938,1,2
128038,1,2
128138,1,2
128238,1,2
128338,1,2
128438,1,2
128538,1,2
128638,1,2
128738,1,2
128838,1,2
128938,1,2
129038,1,2
129138,1,2
129238,1,2
129338,1,2
129438,1,2
129538,1,2
129638,1,2
129738,1,2
129833,1,2
129933,1,2
130033,1,2
130133,1,2
130233,1,2
130333,1,2
130433,1,2
130533,1,2
130633,1,2
130733,1,2
130833,1,2
130933,1,2
131033,1,2
131133,1,2
131233,1,2
131333,1,2
131433,1,2
131533,1,2
131633,1,2
131733,1,2
131833,1,2
131933,1,2
132033,1,2
132133,1,2
132233,1,2
132333,1,2
132433,1,2
132533,1,2
132633,1,2
132733,1,2
132833,1,2
132933,1,2
133033,1,2
133133,1,2
133233,1,2
133333,1,2
133433,1,2
133533,1,2
133633,1,2
133733,1,2
133833,1,2
133899,1,2
133999,1,2
134099,1,2
134199,1,2
134299,1,2
134399,1,2
134499,1,2
134599,1,2
134699,1,2
134799,1,2
134899,1,2
134999,1,2
135099,1,2
135199,1,2
135299,1,2
135399,1,2
135499,1,2
135599,1,2
135699,1,2
135799,1,2
135899,1,2
135999,1,2
136099,1,2
136199,1,2
136299,1,2
136399,1,2
136499,1,2
136599,1,2
136699,1,2
136799,1,2
136899,1,2
136999,1,2
137099,1,2
137199,1,2
137299,1,2
137399,1,2
137499,1,2
137599,1,2
137699,1,2
137799,1,2
137915,1,2
138015,1,2
138115,1,2
138215,1,2
138315,1,2
138415,1,2
138515,1,2
138615,1,2
138715,1,2
138815,1,2
138915,1,2
139015,1,2
139115,1,2
139215,1,2
139315,1,2
139415,1,2
139515,1,2
139615,1,2
139715,1,2
139815,1,2
139915,1,2
140032,1,2
140132,1,2
140232,1,2
140332,1,2
140432,1,2
140532,1,2
140632,1,2
140732,1,2
140832,1,2
140932,1,2
141032,1,2
141132,1,2
141232,1,2
141332,1,2
141432,1,2
141532,1,2
141632,1,2
141732,1,2
141832,1,2
141927,1,2
142027,1,2
142127,1,2
142228,1,2
142328,1,2
142428,1,2
142528,1,2
142628,1,2
142728,1,2
142828,1,2
142928,1,2
143028,1,2
143128,1,2
143228,1,2
143328,1,2
143428,1,2
143528,1,2
143628,1,2
143728,1,2
143828,1,2
143928,1,2
144028,1,2
144128,1,2
144228,1,2
144328,1,2
144428,1,2
144528,1,2
144628,1,2
144728,1,2
144828,1,2
144928,1,2
145028,1,2
145129,1,2
145229,1,2
145329,1,2
145429,1,2
145529,1,2
145629,1,2
145729,1,2
145829,1,2
145927,1,2
146027,1,2
146127,1,2
146227,1,2
146327,1,2
146427,1,2
146527,1,2
146627,1,2
146727,1,2
146827,1,2
146927,1,2
147027,1,2
147127,1,2
147227,1,2
147327,1,2
147427,1,2
147527,1,2
147627,1,2
147727,1,2
147827,1,2
147927,1,2
148028,1,2
148128,1,2
148228,1,2
148328,1,2
148428,1,2
148528,1,2
148628,1,2
148728,1,2
148828,1,2
148928,1,2
149028,1,2
149128,1,2
149228,1,2
149328,1,2
149428,1,2
149528,1,2
149628,1,2
149728,1,2
149828,1,2
149927,1,2
150027,1,2
150127,1,2
150227,1,2
150327,1,2
150427,1,2
150527,1,2
150627,1,2
150727,1,2
150827,1,2
150927,1,2
151027,1,2
151127,1,2
151227,1,2
151327,1,2
151427,1,2
151527,1,2
151627,1,2
151727,1,2
151827,1,2
151927,1,2
152027,1,2
152127,1,2
152254,1,2
152354,1,2
152454,1,2
152554,1,2
152654,1,2
152754,1,2
152854,1,2
152954,1,2
153054,1,2
153154,1,2
153254,1,2
153354,1,2
153454,1,2
153554,1,2
153654,1,2
153754,1,2
153851,1,2
153951,1,2
154051,1,2
154151,1,2
154251,1,2
154351,1,2
154451,1,2
154552,1,2
154652,1,2
154752,1,2
154852,1,2
154952,1,2
155052,1,2
155152,1,2
155252,1,2
155352,1,2
155452,1,2
155552,1,2
155652,1,2
155752,1,2
155852,1,2
155952,1,2
156052,1,2
156152,1,2
156252,1,2
156352,1,2
156452,1,2
156552,1,2
156652,1,2
156752,1,2
156852,1,2
156952,1,2
157052,1,2
157152,1,2
157252,1,2
157352,1,2
157452,1,2
157552,1,2
157652,1,2
157752,1,2
157849,1,2
157949,1,2
158049,1,2
158149,1,2
158249,1,2
158349,1,2
158449,1,2
158549,1,2
158649,1,2
158749,1,2
158849,1,2
158949,1,2
159049,1,2
159149,1,2
159249,1,2
159349,1,2
159449,1,2
159549,1,2
159649,1,2
159749,1,2
159849,1,2
159949,1,2
160049,1,2
160149,1,2
160249,1,2
160349,1,2
160449,1,2
160549,1,2
160649,1,2
160749,1,2
160849,1,2
160949,1,2
161049,1,2
161149,1,2
161249,1,2
161349,1,2
161449,1,2
161549,1,2
161649,1,2
161749,1,2
161845,1,2
161945,1,2
162045,1,2
162145,1,2
162245,1,2
162345,1,2
162445,1,2
162545,1,2
162645,1,2
162745,1,2
162845,1,2
162945,1,2
163045,1,2
163145,1,2
163245,1,2
163345,1,2
163445,1,2
163545,1,2
163645,1,2
163745,1,2
163845,1,2
163945,1,2
164045,1,2
164145,1,2
164245,1,2
164345,1,2
164445,1,2
164545,1,2
164645,1,2
164745,1,2
164845,1,2
164945,1,2
165045,1,2
165145,1,2
165245,1,2
165345,1,2
165445,1,2
165545,1,2
165645,1,2
165745,1,2
165845,1,2
165926,1,2
166026,1,2
166126,1,2
166226,1,2
166326,1,2
166426,1,2
166526,1,2
166626,1,2
166726,1,2
166826,1,2
166926,1,2
167026,1,2
167126,1,2
167226,1,2
167326,1,2
167426,1,2
167526,1,2
167626,1,2
167726,1,2
167826,1,2
167926,1,2
168026,1,2
168126,1,2
168226,1,2
168326,1,2
168426,1,2
168526,1,2
168626,1,2
168726,1,2
168826,1,2
168926,1,2
169026,1,2
169126,1,2
169226,1,2
169326,1,2
169426,1,2
169526,1,2
169626,1,2
169726,1,2
169826,1,2
169926,1,2
170026,1,2
170126,1,2
170226,1,2
170326,1,2
170426,1,2
170526,1,2
170626,1,2
170726,1,2
170826,1,2
170926,1,2
171026,1,2
171126,1,2
171226,1,2
171326,1,2
171426,1,2
171526,1,2
171626,1,2
171726,1,2
171826,1,2
171926,1,2
172026,1,2
172126,1,2
172226,1,2
172326,1,2
172426,1,2
172526,0,0
172626,0,0
172726,0,0
172826,0,0
172926,0,0
173026,0,0
173126,0,0
173226,0,0
173326,0,0
173426,0,0
173526,0,0
173626,0,0
173726,0,0
173826,0,0
173926,0,0
174026,0,0
174126,0,0
174226,0,0
174326,0,0
174426,0,0
174526,0,0
174626,0,0
174726,0,0
174826,0,0
174926,0,0
175026,0,0
175126,0,0
175226,0,0
175326,0,0
175426,0,0
175526,0,0
175626,0,0
175726,0,0
175826,0,0
175926,0,0
176026,0,0
176126,0,0
176226,0,0
176326,0,0
176426,0,0
176526,0,0
176626,0,0
176726,0,0
176826,0,0
176926,0,0
177026,0,0
177126,0,0
177226,0,0
177326,0,0
177426,0,0
177526,0,0
177626,0,0
177726,0,0
177826,0,0
177926,0,0
178026,0,0
178126,0,0
178226,0,0
178326,0,0
178426,0,0
178526,0,0
178626,0,0
178726,0,0
178826,0,0
178926,0,0
179026,0,0
179126,0,0
179226,0,0
179326,0,0
179426,0,0
179526,0,0
179626,0,0
179726,0,0
179826,0,0
179926,0,0
180026,0,0
180126,0,0
180226,0,0
180326,0,0
180426,0,0
180526,0,0
180626,0,0
180726,0,0
180826,0,0
180926,0,0
181026,0,0
181126,0,0
181226,0,0
181326,0,0
181426,0,0
181526,0,0
181626,0,0
181726,0,0
181826,0,0
181926,0,0
182026,0,0
182126,0,0
182226,0,0
182326,0,0
182426,0,0
182526,0,0
182626,0,0
182726,0,0
182826,0,0
182926,0,0
183026,0,0
183126,0,0
183226,0,0
183326,0,0
183426,0,0
183526,0,0
183626,0,0
183726,0,0
183826,0,0
183926,0,0
184026,0,0
184126,0,0
184226,0,0
184326,0,0
184426,0,0
184526,0,0
184626,0,0
184726,0,0
184826,0,0
184926,0,0
185026,0,0
185126,0,0
185226,0,0
185326,0,0
185426,0,0
185526,0,0
185626,0,0
185726,0,0
185826,0,0
185918,0,0
186018,0,0
186118,0,0
186658,0,0
186758,0,1
186858,0,1
186958,0,1
187059,0,1
187159,1,2
187259,1,2
187359,1,2
187459,1,2
187559,1,2
187659,1,2
187759,1,2
187859,1,2
187959,1,2
188059,1,2
188159,1,2
188259,1,2
188359,1,2
188459,1,2
188559,1,2
188659,1,2
188759,1,2
188859,1,2
188959,1,2
189059,1,2
189159,1,2
189259,1,2
189359,1,2
189459,1,2
189559,1,2
189659,1,2
189759,1,2
189859,1,2
189954,1,2
190055,1,2
190155,1,2
190255,1,2
190355,1,2
190455,1,2
190555,1,2
190655,1,2
190755,1,2
190855,1,2
190955,1,2
191055,1,2
191155,1,2
191255,1,2
191355,1,2
191455,1,2
191555,1,2
191655,1,2
191784,1,2
191884,1,2
191984,1,2
192084,1,2
192184,1,2
192284,1,2
192384,1,2
192484,1,2
192584,1,2
192684,1,2
192785,1,2
192885,1,2
192985,1,2
193085,1,2
193185,1,2
193285,1,2
193385,1,2
193485,1,2
193585,1,2
193685,1,2
193785,1,2
193885,1,2
193981,1,2
194081,1,2
194181,1,2
194281,1,2
194381,1,2
194481,1,2
194581,1,2
194681,1,2
194781,1,2
194881,1,2
194981,1,2
195081,1,2
195181,1,2
195281,1,2
195381,1,2
195481,1,2
195581,1,2
195681,1,2
195781,1,2
195881,1,2
195981,1,2
196081,1,2
196181,1,2
196281,1,2
196381,1,2
196481,1,2
196581,1,2
196681,1,2
196781,1,2
196881,1,2
196981,1,2
197081,1,2
197181,1,2
197281,1,2
197381,1,2
197481,1,2
197581,1,2
197681,1,2
197781,1,2
197881,1,2
197976,1,2
198076,1,2
198176,1,2
198276,1,2
198376,1,2
198476,1,2
198576,1,2
198676,1,2
198776,1,2
198876,1,2
198976,1,2
199076,1,2
199176,1,2
199276,1,2
199376,1,2
199476,1,2
199576,1,2
199676,1,2
199776,1,2
199876,1,2
199976,1,2
200076,1,2
200176,1,2
200276,1,2
200376,1,2
200476,1,2
200576,1,2
200676,1,2
200776,1,2
200876,1,2
200976,1,2
201076,1,2
201176,1,2
201276,1,2
201376,1,2
201476,1,2
201576,1,2
201676,1,2
201776,1,2
201876,1,2
201971,1,2
202071,1,2
202171,1,2
202271,1,2
202371,1,2
202471,1,2
202571,1,2
202671,1,2
202771,1,2
202871,1,2
202971,1,2
203071,1,2
203171,1,2
203271,1,2
203371,1,2
203471,1,2
203571,1,2
203671,1,2
203771,1,2
203871,1,2
203971,1,2
204071,1,2
204171,1,2
204271,1,2
204371,1,2
204471,1,2
204571,1,2
204671,1,2
204771,1,2
204871,1,2
204971,1,2
205071,1,2
205171,1,2
205271,1,2
205371,1,2
205471,1,2
205571,1,2
205671,1,2
205771,1,2
205871,1,2
205967,1,2
206067,1,2
206167,1,2
206267,1,2
206367,1,2
206467,1,2
206567,1,2
206667,1,2
206767,1,2
206867,1,2
206967,1,2
207067,1,2
207167,1,2
207267,1,2
207367,1,2
207467,1,2
207567,1,2
207667,1,2
207767,1,2
207867,1,2
207967,1,2
208082,1,2
208182,1,2
208282,1,2
208383,1,2
208483,1,2
208583,1,2
208683,1,2
208783,1,2
208883,1,2
208983,1,2
209083,1,2
209183,1,2
209283,1,2
209383,1,2
209483,1,2
209583,1,2
209683,1,2
209783,1,2
209883,1,2
209983,1,2
210079,1,2
210179,1,2
210279,1,2
210379,1,2
210479,1,2
210579,1,2
210679,1,2
210779,1,2
210879,1,2
210979,1,2
211079,1,2
211179,1,2
211279,1,2
211379,1,2
211479,1,2
211579,1,2
211679,1,2
211779,1,2
211879,1,2
211979,1,2
212079,1,2
212179,1,2
212279,1,2
212379,1,2
212479,1,2
212579,1,2
212679,1,2
212779,1,2
212879,1,2
212979,1,2
213079,1,2
213179,1,2
213279,1,2
213379,1,2
213479,1,2
213579,1,2
213679,1,2
213779,1,2
213879,1,2
213979,1,2
214075,1,2
214175,1,2
214275,1,2
214375,1,2
214475,1,2
214575,1,2
214675,1,2
214775,1,2
214875,1,2
214975,1,2
215075,1,2
215175,1,2
215275,1,2
215375,1,2
215475,1,2
215575,1,2
215675,1,2
215775,1,2
215875,1,2
215975,1,2
216075,1,2
216175,1,2
216275,1,2
216375,1,2
216475,1,2
216575,1,2
216675,1,2
216775,1,2
216875,1,2
216975,1,2
217075,1,2
217175,1,2
217275,1,2
217375,1,2
217475,1,2
217575,1,2
217675,1,2
217775,1,2
217875,1,2
217975,1,2
218069,1,2
218169,1,2
218269,1,2
218369,1,2
218469,1,2
218569,1,2
218669,1,2
218769,1,2
218869,1,2
218969,1,2
219069,1,2
219169,1,2
219269,1,2
219369,1,2
219469,1,2
219569,1,2
219669,1,2
219769,1,2
219869,1,2
219969,1,2
220069,1,2
220169,1,2
220299,1,2
220399,1,2
220499,1,2
220599,1,2
220700,1,2
220800,1,2
220900,1,2
221000,1,2
221100,1,2
221200,1,2
221300,1,2
221400,1,2
221500,1,2
221600,1,2
221700,1,2
221800,1,2
221900,1,2
222000,1,2
222096,1,2
222196,1,2
222296,1,2
222396,1,2
222496,1,2
222596,1,2
222696,1,2
222796,1,2
222896,1,2
222996,1,2
223096,1,2
223196,1,2
223296,1,2
223396,1,2
223496,1,2
223597,1,2
223697,1,2
223797,1,2
223897,1,2
223997,1,2
224097,1,2
224197,1,2
224297,1,2
224397,1,2
224497,1,2
224597,1,2
224697,1,2
224797,1,2
224897,1,2
224997,1,2
225097,1,2
225197,1,2
225297,1,2
225397,1,2
225497,1,2
225597,1,2
225697,1,2
225797,1,2
225897,1,2
225997,1,2
226097,1,2
226197,1,2
226297,1,2
226397,1,2
226497,1,2
226597,1,2
226697,1,2
226797,1,2
226897,1,2
226997,1,2
227097,1,2
227197,1,2
227297,1,2
227397,1,2
227497,1,2
227597,1,2
227697,1,2
227797,1,2
227897,1,2
227997,1,2
228097,1,2
228197,1,2
228310,0,0
228410,0,0
228510,0,0
228610,0,0
228710,0,0
228810,0,0
228910,0,0
229010,0,0
229110,0,0
229210,0,0
229310,0,0
229410,0,0
229510,0,0
229610,0,0
229710,0,0
229810,0,0
229910,0,0
230010,0,0
230110,0,0
230211,0,0
230311,0,0
230411,0,0
230511,0,0
230611,0,0
230711,0,0
230811,0,0
230911,0,0
231011,0,0
231111,0,0
231211,0,0
231311,0,0
231411,0,0
231511,0,0
231611,0,0
231711,0,0
231811,0,0
231911,0,0
232011,0,0
232111,0,0
232211,0,0
232311,0,0
232411,0,0
232511,0,0
232611,0,0
232711,0,0
232811,0,0
232911,0,0
233011,0,0
233112,0,0
233212,0,0
233312,0,0
233412,0,0
233512,0,0
233612,0,0
233712,0,0
233812,0,0
233912,0,0
234012,0,0
234112,0,0
234212,0,0
234312,0,0
234412,0,0
234512,0,0
234612,0,0
234712,0,0
234812,0,0
234912,0,0
235012,0,0
235112,0,0
235212,0,0
235312,0,0
235412,0,0
235512,0,0
235612,0,0
235712,0,0
235812,0,0
235912,0,0
236013,0,0
236113,0,0
236213,0,0
236313,0,0
236413,0,0
236513,0,0
236613,0,0
236713,0,0
236813,0,0
236913,0,0
237013,0,0
237113,0,0
237213,0,0
237313,0,0
237413,0,0
237513,0,0
237613,0,0
237713,0,0
237813,0,0
237913,0,0
238013,0,0
238113,0,0
238213,0,0
238313,0,0
238413,0,0
238513,0,0
238613,0,0
238713,0,0
238813,0,0
238913,0,0
239013,0,0
239113,0,0
239213,0,0
239313,0,0
239413,0,0
239513,0,0
239613,0,0
239713,0,0
239813,0,0
239913,0,0
240013,0,0
240113,0,0
240213,0,0
240313,0,0
240413,0,0
240513,0,0
240613,0,0
240713,0,0
240813,0,0
240913,0,0
241013,0,0
241113,0,0
241213,0,0
241313,0,0
241413,0,0
241513,0,0
241613,0,0
241713,0,0
241813,0,0
241913,0,0
242013,0,0
242113,0,0
242213,0,0
242313,0,0
242413,0,0
242513,0,0
242613,0,0
242690,0,0
242790,0,0
242890,0,0
242990,0,0
243090,0,0
243190,0,0
243290,0,0
243390,0,0
243490,0,0
243590,0,0
243690,0,0
243790,0,0
243890,0,0
243990,0,0
244090,0,0
244190,0,0
244290,0,0
244390,0,0
244490,0,0
244590,0,0
244690,0,0
244790,0,0
244890,0,0
244990,0,0
245090,0,0
245190,0,0
245290,0,0
245390,0,0
245490,0,0
245590,0,0
245690,0,0
245790,0,0
245890,0,0
245990,0,0
246090,0,0
246190,0,0
246290,0,0
246390,0,0
246490,0,0
246590,0,0
246686,0,0
246786,0,0
246886,0,0
246986,0,0
247086,0,0
247186,0,0
247286,0,0
247386,0,0
247486,0,0
247586,0,0
247686,0,0
247786,0,0
247886,0,0
247986,0,0
248086,0,0
248186,0,0
248286,0,0
248386,0,0
248486,0,0
248586,0,0
248686,0,0
248786,0,0
248886,0,0
248986,0,0
249086,0,0
249186,0,0
249286,0,0
249386,0,0
249486,0,0
249586,0,0
249686,0,0
249786,0,0
249886,0,0
249986,0,0
250086,0,0
250186,0,0
250286,0,0
250386,0,0
250486,0,0
250586,0,0
250680,0,0
250780,0,0
250880,0,0
250980,0,0
251080,0,0
251180,0,0
251280,0,0
251380,0,0
251480,0,0
251580,0,0
251680,0,0
251780,0,0
251880,0,0
251980,0,0
252080,0,0
252180,0,0
252280,0,0
252380,0,0
252480,0,0
252580,0,0
252680,0,0
252780,0,0
252880,0,0
252980,0,0
253080,0,0
253180,0,0
253280,0,0
253380,0,0
253480,0,0
253580,0,0
253680,0,0
253780,0,0
253880,0,0
253980,0,0
254080,0,0
254180,0,0
254280,0,0
254380,0,0
254480,0,0
254580,0,0
254677,0,0
254777,0,0
254877,0,0
254977,0,0
255077,0,0
255177,0,0
255277,0,0
255377,0,0
255477,0,0
255577,0,0
255677,0,0
255777,0,0
255877,0,0
255977,0,0
256077,0,0
256177,0,0
256277,0,0
256377,0,0
256477,0,0
256577,0,0
256677,0,0
256777,0,0
256877,0,0
256977,0,0
257077,0,0
257177,0,0
257277,0,0
257377,0,0
257477,0,0
257577,0,0
257677,0,0
257777,0,0
257877,0,0
257977,0,0
258077,0,0
258177,0,0
258277,0,0
258377,0,0
258477,0,0
258577,0,0
258673,0,0
258773,0,0
258873,0,0
258973,0,0
259073,0,0
259173,0,0
259273,0,0
259373,0,0
259473,0,0
259573,0,0
259673,0,0
259773,0,0
259873,0,0
259973,0,0
260073,0,0
260173,0,0
260273,0,0
260373,0,0
260473,0,0
260573,0,0
260673,0,0
260773,0,0
260873,0,0
260973,0,0
261073,0,0
261173,0,0
261273,0,0
261373,0,0
261473,0,0
261573,0,0
261673,0,0
261773,0,0
261873,0,0
261973,0,0
262073,0,0
262173,0,0
262273,0,0
262373,0,0
262473,0,0
262573,0,0
262667,0,0
262767,0,0
262867,0,0
262967,0,0
263067,0,0
263167,0,0
263267,0,0
263367,0,0
263467,0,0
263567,0,0
263667,0,0
263767,0,0
263867,0,0
263967,0,0
264067,0,0
264167,0,0
264267,0,0
264367,0,0
264467,0,0
264567,0,0
264667,0,0
264767,0,0
264867,0,0
264967,0,0
265067,0,0
265167,0,0
265267,0,0
265367,0,0
265467,0,0
265567,0,0
265667,0,0
265767,0,0
265867,0,0
265967,0,0
266067,0,0
266167,0,0
266267,0,0
266367,0,0
266467,0,0
266567,0,0
266661,0,0
266761,0,0
266861,0,0
266961,0,0
267061,0,0
267161,0,0
267261,0,0
267361,0,0
267461,0,0
267561,0,0
267661,0,0
267761,0,0
267861,0,0
267979,0,0
268079,0,0
268179,0,0
268279,0,0
268379,0,0
268479,0,0
268579,0,0
268679,0,0
268779,0,0
268879,0,0
268979,0,0
269079,0,0
269179,0,0
269279,0,0
269379,0,0
269479,0,0
269579,0,0
269679,0,0
269779,0,0
269879,0,0
269979,0,0
270079,0,0
270180,0,0
270280,0,0
270380,0,0
270480,0,0
270580,0,0
270677,0,0
270777,0,0
270877,0,0
270977,0,0
271077,0,0
271177,0,0
271277,0,0
271377,0,0
271477,0,0
271577,0,0
271677,0,0
271777,0,0
271877,0,0
271977,0,0
272077,0,0
272177,0,0
272277,0,0
272377,0,0
272477,0,0
272577,0,0
272677,0,0
272777,0,0
272877,0,0
272977,0,0
273078,0,0
273178,0,0
273278,0,0
273378,0,0
273478,0,0
273578,0,0
273678,0,0
273778,0,0
273878,0,0
273978,0,0
274078,0,0
274178,0,0
274278,0,0
274378,0,0
274478,0,0
274578,0,0
274675,0,0
274775,0,0
274875,0,0
274975,0,0
275075,0,0
275175,0,0
275275,0,0
275375,0,0
275475,0,0
275575,0,0
275675,0,0
275775,0,0
275875,0,0
275975,0,0
276075,0,0
276175,0,0
276275,0,0
276375,0,0
276475,0,0
276575,0,0
276675,0,0
276775,0,0
276875,0,0
276975,0,0
277075,0,0
277175,0,0
277275,0,0
277375,0,0
277475,0,0
277575,0,0
277675,0,0
277775,0,0
277875,0,0
277975,0,0
278075,0,0
278175,0,0
278275,0,0
278375,0,0
278475,0,0
278575,0,0
278669,0,0
278769,0,0
278869,0,0
278969,0,0
279069,0,0
279169,0,0
279269,0,0
279369,0,0
279469,0,0
279569,0,0
279669,0,0
279769,0,0
279869,0,0
279969,0,0
280069,0,0
280169,0,0
280269,0,0
280369,0,0
280469,0,0
280569,0,0
280669,0,0
280769,0,0
280869,0,0
280969,0,0
281069,0,0
281169,0,0
281269,0,0
281369,0,0
281469,0,0
281569,0,0
281669,0,0
281769,0,0
281869,0,0
281969,0,0
282069,0,0
282169,0,0
282269,0,0
282369,0,0
282469,0,0
282569,0,0
282669,0,0
282769,0,0
282869,0,0
282969,0,0
283069,0,0
283169,0,0
283269,0,0
283369,0,0
283469,0,0
283569,0,0
283669,0,0
283769,0,0
283869,0,0
283969,0,0
284069,0,0
284169,0,0
284269,0,0
284369,0,0
284469,0,0
284569,0,0
284669,0,0
284769,0,0
284869,0,0
284969,0,0
285069,0,0
285169,0,0
285269,0,0
285369,0,0
285469,0,0
285569,0,0
285669,0,0
285769,0,0
285869,0,0
285969,0,0
286069,0,0
286169,0,0
286269,0,0
286369,0,0
286469,0,0
286569,0,0
286669,0,0
286769,0,0
286869,0,0
286969,0,0
287069,0,0
287169,0,0
287269,0,0
287369,0,0
287469,0,0
287569,0,0
287669,0,0
287769,0,0
287869,0,0
287969,0,0
288069,0,0
288169,0,0
288269,0,0
288369,0,0
288469,0,0
288569,0,0
288669,0,0
288769,0,0
288869,0,0
288969,0,0
289069,0,0
289169,0,0
289269,0,0
289369,0,0
289469,0,0
289569,0,0
289669,0,0
289769,0,0
289869,0,0
289969,0,0
290069,0,0
290169,0,0
290269,0,0
290369,0,0
290469,0,0
290569,0,0
290669,0,0
290769,0,0
290869,0,0
290969,0,0
291069,0,0
291169,0,0
291269,0,0
291369,0,0
291469,0,0
291569,0,0
291669,0,0
291769,0,0
291869,0,0
291969,0,0
292069,0,0
292169,0,0
292269,0,0
292369,0,0
292469,0,0
292569,0,0
292669,0,0
292769,0,0
292869,0,0
292969,0,0
293069,0,0
293169,0,0
293269,0,0
293369,0,0
293469,0,0
293569,0,0
293669,0,0
293769,0,0
293869,0,0
293969,0,0
294069,0,0
294169,0,0
294269,0,0
294369,0,0
294469,0,0
294569,0,0
294669,0,0
294769,0,0
294869,0,0
294969,0,0
295069,0,0
295169,0,0
295269,0,0
295369,0,0
295469,0,0
295569,0,0
295669,0,0
295769,0,0
295869,0,0
295969,0,0
296069,0,0
296169,0,0
296269,0,0
296369,0,0
296469,0,0
296569,0,0
296669,0,0
296769,0,0
296869,0,0
296969,0,0
297069,0,0
297169,0,0
297269,0,0
297369,0,0
297469,0,0
297569,0,0
297669,0,0
297769,0,0
297869,0,0
297969,0,0
298069,0,0
298169,0,0
298269,0,0
298369,0,0
298469,0,0
298569,0,0
298669,0,0
298769,0,0
298869,0,0
298969,0,0
299069,0,0
299169,0,0
299269,0,0
299369,0,0
299447,0,0
299547,0,0
299647,0,0
299912,0,0
300013,0,1
300113,0,1
300213,0,1
300313,1,2
300413,1,2
300513,1,2
300613,1,2
300713,1,2
300813,1,2
300913,1,2
301013,1,2
301113,1,2
301213,1,2
301313,1,2
301413,1,2
301513,1,2
301613,1,2
301713,1,2
301813,1,2
301913,1,2
302013,1,2
302113,1,2
302213,1,2
302344,0,0
302445,0,0
302545,0,0
302645,0,0
302745,0,0
302845,0,0
302945,0,0
303045,0,0
303145,0,0
303245,0,0
303345,0,0
303441,0,0
303541,0,0
303641,0,0
303741,0,0
303841,0,0
303941,0,0
304041,0,0
304141,0,0
304241,0,0
304341,0,0
304586,0,0
304686,0,1
304787,0,1
304887,0,1
304987,0,1
305087,0,1
305187,0,1
305287,0,1
305387,0,1
305487,0,1
305587,0,1
305687,0,1
305787,0,1
305887,0,1
305987,0,1
306087,0,1
306187,0,1
306287,0,1
306387,0,1
306487,0,1
306587,0,1
306687,0,1
306787,0,1
306887,0,1
306987,0,1
307087,0,1
307187,0,1
307287,0,1
307382,0,1
307482,0,1
307582,0,1
307682,0,1
307782,0,1
307882,0,1
307982,0,1
308082,0,1
308182,0,1
308282,0,1
308382,0,1
308482,0,1
308609,0,0
308709,0,0
308809,0,0
308909,0,0
309009,0,0
309109,0,0
309336,0,0
309436,0,1
309536,0,1
309636,0,1
309736,0,1
309836,0,1
309936,0,1
310036,0,1
310136,0,1
310236,0,1
310336,0,1
310436,0,1
310536,0,1
310636,0,1
310736,0,1
310836,0,1
310936,0,1
311036,0,1
311136,0,1
311236,0,1
311336,0,1
311431,0,1
311531,0,1
311631,0,1
311732,0,1
311832,0,1
311932,0,1
312032,0,1
312132,0,1
312232,0,1
312332,0,1
312432,0,1
312532,0,1
312632,0,1
312732,0,1
312832,0,1
312932,0,1
313032,0,1
313132,0,1
313232,0,1
313360,0,0
313460,0,0
313560,0,0
313660,0,0
313760,0,0
313860,0,0
313960,0,0
314060,0,0
314160,0,0
314260,0,0
314360,0,0
314460,0,0
314560,0,0
314660,0,0
314761,0,0
314861,0,0
314961,0,0
315061,0,0
315161,0,0
315261,0,0
315361,0,0
315454,0,0
315554,0,0
315654,0,0
315754,0,0
315854,0,0
315954,0,0
316054,0,0
316154,0,0
316254,0,0
316354,0,0
316454,0,0
316554,0,0
316654,0,0
316754,0,0
316854,0,0
316954,0,0
317054,0,0
317154,0,0
317254,0,0
317354,0,0
317454,0,0
317554,0,0
317654,0,0
317754,0,0
317854,0,0
317954,0,0
318054,0,0
318154,0,0
318254,0,0
318354,0,0
318454,0,0
318554,0,0
318654,0,0
318754,0,0
318854,0,0
318954,0,0
319054,0,0
319154,0,0
319254,0,0
319354,0,0
319452,0,0
319552,0,0
319652,0,0
319752,0,0
319852,0,0
319952,0,0
320052,0,0
320152,0,0
320252,0,0
320352,0,0
320452,0,0
320552,0,0
320652,0,0
320752,0,0
320852,0,0
320952,0,0
321052,0,0
321152,0,0
321252,0,0
321352,0,0
321452,0,0
321552,0,0
321652,0,0
321752,0,0
321852,0,0
321952,0,0
322052,0,0
322152,0,0
322252,0,0
322352,0,0
322452,0,0
322552,0,0
322652,0,0
322752,0,0
322852,0,0
322952,0,0
323052,0,0
323152,0,0
323252,0,0
323352,0,0
323447,0,0
323547,0,0
323647,0,0
323747,0,0
323847,0,0
323947,0,0
324047,0,0
324147,0,0
324247,0,0
324347,0,0
324447,0,0
324547,0,0
324647,0,0
324747,0,0
324847,0,0
324947,0,0
325047,0,0
325147,0,0
325247,0,0
325347,0,0
325447,0,0
325547,0,0
325647,0,0
325747,0,0
325847,0,0
325947,0,0
326047,0,0
326147,0,0
326247,0,0
326347,0,0
326447,0,0
326547,0,0
326647,0,0
326747,0,0
326847,0,0
326947,0,0
327047,0,0
327147,0,0
327247,0,0
327347,0,0
327443,0,0
327543,0,0
327643,0,0
327743,0,0
327843,0,0
327943,0,0
328043,0,0
328143,0,0
328243,0,0
328343,0,0
328443,0,0
328543,0,0
328643,0,0
328743,0,0
328843,0,0
328943,0,0
329043,0,0
329143,0,0
329243,0,0
329343,0,0
329443,0,0
329543,0,0
329643,0,0
329743,0,0
329843,0,0
329943,0,0
330043,0,0
330143,0,0
330243,0,0
330343,0,0
330443,0,0
330543,0,0
330643,0,0
330743,0,0
330843,0,0
330943,0,0
331043,0,0
331143,0,0
331243,0,0
331343,0,0
331439,0,0
331539,0,0
331639,0,0
331739,0,0
331839,0,0
331939,0,0
332039,0,0
332139,0,0
332239,0,0
332339,0,0
332439,0,0
332539,0,0
332639,0,0
332739,0,0
332839,0,0
332939,0,0
333039,0,0
333139,0,0
333239,0,0
333339,0,0
333439,0,0
333539,0,0
333639,0,0
333739,0,0
333839,0,0
333939,0,0
334039,0,0
334139,0,0
334239,0,0
334339,0,0
334439,0,0
334539,0,0
334639,0,0
334739,0,0
334839,0,0
334939,0,0
335039,0,0
335139,0,0
335239,0,0
335339,0,0
335434,0,0
335534,0,0
335634,0,0
335734,0,0
335834,0,0
335934,0,0
336034,0,0
336134,0,0
336234,0,0
336334,0,0
336434,0,0
336534,0,0
336634,0,0
336734,0,0
336834,0,0
336934,0,0
337034,0,0
337134,0,0
337234,0,0
337334,0,0
337434,0,0
337534,0,0
337634,0,0
337734,0,0
337834,0,0
337934,0,0
338034,0,0
338134,0,0
338234,0,0
338334,0,0
338434,0,0
338534,0,0
338634,0,0
338734,0,0
338834,0,0
338934,0,0
339034,0,0
339134,0,0
339234,0,0
339334,0,0
339430,0,0
339530,0,0
339630,0,0
339730,0,0
339830,0,0
339930,0,0
340030,0,0
340130,0,0
340230,0,0
340330,0,0
340430,0,0
340530,0,0
340630,0,0
340730,0,0
340830,0,0
340930,0,0
341030,0,0
341130,0,0
341230,0,0
341330,0,0
341430,0,0
341530,0,0
341630,0,0
341730,0,0
341830,0,0
341930,0,0
342030,0,0
342130,0,0
342230,0,0
342330,0,0
342430,0,0
342530,0,0
342630,0,0
342730,0,0
342830,0,0
342930,0,0
343030,0,0
343130,0,0
343230,0,0
343330,0,0
343430,0,0
343530,0,0
343630,0,0
343730,0,0
343830,0,0
343930,0,0
344030,0,0
344130,0,0
344230,0,0
344330,0,0
344430,0,0
344530,0,0
344630,0,0
344730,0,0
344830,0,0
344930,0,0
345030,0,0
345130,0,0
345230,0,0
345330,0,0
345430,0,0
345530,0,0
345630,0,0
345730,0,0
345830,0,0
345930,0,0
346030,0,0
346130,0,0
346230,0,0
346330,0,0
346430,0,0
346530,0,0
346630,0,0
346730,0,0
346830,0,0
346930,0,0
347030,0,0
347130,0,0
347230,0,0
347330,0,0
347430,0,0
347530,0,0
347630,0,0
347730,0,0
347830,0,0
347930,0,0
348030,0,0
348130,0,0
348230,0,0
348330,0,0
348430,0,0
348530,0,0
348630,0,0
348730,0,0
348830,0,0
348930,0,0
349030,0,0
349130,0,0
349230,0,0
349330,0,0
349430,0,0
349530,0,0
349630,0,0
349730,0,0
349830,0,0
349930,0,0
350030,0,0
350130,0,0
350230,0,0
350330,0,0
350430,0,0
350530,0,0
350630,0,0
350730,0,0
350830,0,0
350930,0,0
351030,0,0
351130,0,0
351230,0,0
351330,0,0
351430,0,0
351530,0,0
351630,0,0
351730,0,0
351830,0,0
351930,0,0
352030,0,0
352130,0,0
352230,0,0
352330,0,0
352430,0,0
352530,0,0
352630,0,0
352730,0,0
352830,0,0
352930,0,0
353030,0,0
353130,0,0
353230,0,0
353330,0,0
353430,0,0
353530,0,0
353630,0,0
353730,0,0
353830,0,0
353930,0,0
354030,0,0
354130,0,0
354230,0,0
354330,0,0
354430,0,0
354530,0,0
354630,0,0
354730,0,0
354830,0,0
354930,0,0
355030,0,0
355130,0,0
355230,0,0
355330,0,0
355412,0,0
355512,0,0
355612,0,0
355712,0,0
355812,0,0
355912,0,0
356012,0,0
356112,0,0
356212,0,0
356312,0,0
356412,0,0
356512,0,0
356612,0,0
356712,0,0
356812,0,0
356912,0,0
357012,0,0
357112,0,0
357212,0,0
357312,0,0
357412,0,0
357512,0,0
357612,0,0
357712,0,0
357812,0,0
357912,0,0
358012,0,0
358112,0,0
358212,0,0
358312,0,0
358412,0,0
358512,0,0
358612,0,0
358712,0,0
358812,0,0
358912,0,0
359012,0,0
359112,0,0
359212,0,0
359312,0,0
359407,0,0
359507,0,0
359607,0,0
359707,0,0
359807,0,0
359907,0,0
360007,0,0
360107,0,0
360207,0,0
360307,0,0
360407,0,0
360507,0,0
360607,0,0
360707,0,0
360807,0,0
360907,0,0
361007,0,0
361107,0,0
361207,0,0
361307,0,0
361407,0,0
361507,0,0
361607,0,0
361707,0,0
361807,0,0
361907,0,0
362007,0,0
362107,0,0
362207,0,0
362307,0,0
362407,0,0
362507,0,0
362607,0,0
362707,0,0
362807,0,0
362907,0,0
363007,0,0
363107,0,0
363207,0,0
363307,0,0
363407,0,0
363988,0,0
363524,0,1
363624,0,1
363724,0,1
363824,0,1
363924,0,1
364024,0,1
364124,0,1
364224,0,1
364324,0,1
364424,0,1
364524,0,1
364624,0,1
364724,0,1
364824,0,1
364924,0,1
365024,0,1
365124,0,1
365224,0,1
365324,0,1
365424,0,1
365524,0,1
365624,0,1
365724,0,1
365824,0,1
365924,0,1
366024,0,1
366124,0,1
366224,0,1
366325,0,1
366425,0,1
366525,0,1
366625,0,1
366725,0,1
366825,0,1
367480,0,1
367580,0,1
367680,0,1
367780,0,1
367880,0,1
368008,0,0
368108,0,0
368208,0,0
368621,0,0
368721,0,1
368821,0,1
368921,0,1
369021,0,1
369121,0,1
369221,1,2
369321,1,2
369421,1,2
369521,1,2
369621,1,2
369721,1,2
369821,1,2
369921,1,2
370021,1,2
370122,1,2
370222,1,2
370322,1,2
370422,1,2
370522,1,2
370622,1,2
370722,1,2
370822,1,2
370922,1,2
371022,1,2
371122,1,2
371222,1,2
371322,1,2
371422,1,2
371518,1,2
371618,1,2
371718,1,2
371818,1,2
371918,1,2
372018,1,2
372118,1,2
372218,1,2
372318,1,2
372418,1,2
372518,1,2
372618,1,2
372718,1,2
372818,1,2
372918,1,2
373018,1,2
373118,1,2
373218,1,2
373318,1,2
373418,1,2
373518,1,2
373618,1,2
373718,1,2
373818,1,2
373918,1,2
374018,1,2
374118,1,2
374218,1,2
374318,1,2
374418,1,2
374518,1,2
374618,1,2
374718,1,2
374818,1,2
374918,1,2
375018,1,2
375118,1,2
375218,1,2
375318,1,2
375418,1,2
375514,1,2
375614,1,2
375714,1,2
375814,1,2
375914,1,2
376014,1,2
376114,1,2
376214,1,2
376314,1,2
376414,1,2
376514,1,2
376614,1,2
376714,1,2
376814,1,2
376914,1,2
377014,1,2
377114,1,2
377214,1,2
377314,1,2
377414,1,2
377514,1,2
377614,1,2
377714,0,0
377814,0,0
377914,0,0
378014,0,0
378114,0,0
378214,0,0
378314,0,0
378414,0,0
378514,0,0
378614,0,0
378714,0,0
378814,0,0
378914,0,0
379014,0,0
379114,0,0
379214,0,0
379314,0,0
379414,0,0
379514,0,0
379542,0,0
379642,0,0
379742,0,0
379842,0,0
379942,0,0
380042,0,0
380142,0,0
380242,0,0
380342,0,0
380569,0,0
380669,0,1
380769,0,1
380869,0,1
380969,0,1
381069,0,1
381169,0,1
381269,0,1
381369,0,1
381469,0,1
381569,0,1
381669,0,1
381769,0,1
381869,0,1
381969,0,1
382069,0,1
382169,0,1
382269,0,1
382369,0,1
382469,0,1
382569,0,1
382669,0,1
382769,0,1
382869,0,1
382970,0,1
383070,0,1
383170,0,1
383270,0,1
383370,0,1
383533,0,1
383633,0,1
383733,0,1
383833,0,1
383933,0,1
384033,0,1
384133,0,1
384233,0,1
384333,0,1
384433,0,1
384533,0,1
384661,0,0
384761,0,0
384861,0,0
384961,0,0
385061,0,0
385161,0,0
385261,0,0
385361,0,0
385461,0,0
385561,0,0
385661,0,0
385761,0,0
385861,0,0
385961,0,0
386061,0,0
386161,0,0
386261,0,0
386361,0,0
386461,0,0
386561,0,0
386661,0,0
386761,0,0
386861,0,0
386961,0,0
387061,0,0
387161,0,0
387261,0,0
387361,0,0
387461,0,0
387556,0,0
387656,0,0
387756,0,0
387856,0,0
387956,0,0
388056,0,0
388156,0,0
388256,0,0
388356,0,0
388456,0,0
388556,0,0
389211,0,0
389311,0,1
389411,0,1
389511,0,1
389644,0,1
389744,1,2
389844,1,2
389944,1,2
390058,1,2
390158,1,2
390258,1,2
390358,1,2
390458,1,2
390558,1,2
390658,1,2
390758,1,2
390858,1,2
390958,1,2
391058,1,2
391158,1,2
391258,1,2
391358,1,2
391458,1,2
391553,1,2
391653,1,2
391753,1,2
391853,1,2
391953,1,2
392053,1,2
392154,1,2
392254,1,2
392354,1,2
392454,1,2
392554,1,2
392654,1,2
392754,1,2
392854,1,2
392954,1,2
393054,1,2
393154,1,2
393254,1,2
393354,1,2
393454,1,2
393554,1,2
393654,1,2
393754,1,2
393854,1,2
393954,1,2
394054,1,2
394154,1,2
394254,1,2
394354,1,2
394454,1,2
394554,1,2
394654,1,2
394754,1,2
394854,1,2
394954,1,2
395055,1,2
395155,1,2
395255,1,2
395355,1,2
395455,1,2
395551,1,2
395651,1,2
395751,1,2
395851,1,2
395951,1,2
396051,1,2
396151,1,2
396251,1,2
396351,1,2
396451,1,2
396551,1,2
396651,1,2
396751,1,2
396851,1,2
396951,1,2
397051,1,2
397151,1,2
397251,1,2
397351,1,2
397451,1,2
397551,1,2
397651,1,2
397751,1,2
397851,1,2
397951,1,2
398051,1,2
398151,0,0
398251,0,0
398351,0,0
398451,0,0
398551,0,0
398651,0,0
398751,0,0
398851,0,0
398951,0,0
399051,0,0
399151,0,0
399251,0,0
399351,0,0
399451,0,0
399551,0,0
399651,0,0
399751,0,0
399851,0,0
399951,0,0
400051,0,0
400151,0,0
400251,0,0
400351,0,0
400451,0,0
400551,0,0
400651,0,0
400751,0,0
400851,0,0
400951,0,0
401051,0,0
401151,0,0
401251,0,0
401351,0,0
401451,0,0
401551,0,0
401651,0,0
401751,0,0
401851,0,0
401951,0,0
402051,0,0
402151,0,0
402251,0,0
402351,0,0
402451,0,0
402551,0,0
402651,0,0
402751,0,0
402851,0,0
402951,0,0
403051,0,0
403151,0,0
403251,0,0
403351,0,0
403451,0,0
403551,0,0
403651,0,0
403751,0,0
403851,0,0
403951,0,0
404051,0,0
404151,0,0
404251,0,0
404351,0,0
404451,0,0
404551,0,0
404651,0,0
404751,0,0
404851,0,0
404951,0,0
405051,0,0
405151,0,0
405251,0,0
405351,0,0
405451,0,0
405551,0,0
405651,0,0
405751,0,0
405851,0,0
405951,0,0
406051,0,0
406151,0,0
406251,0,0
406351,0,0
406451,0,0
406551,0,0
406651,0,0
406751,0,0
406851,0,0
406951,0,0
407051,0,0
407151,0,0
407251,0,0
407351,0,0
407451,0,0
407551,0,0
407651,0,0
407751,0,0
407851,0,0
407951,0,0
408051,0,0
408151,0,0
408251,0,0
408351,0,0
408451,0,0
408551,0,0
408651,0,0
408751,0,0
408851,0,0
408951,0,0
409051,0,0
409151,0,0
409251,0,0
409351,0,0
409451,0,0
409551,0,0
409651,0,0
409751,0,0
409851,0,0
409951,0,0
410051,0,0
410151,0,0
410251,0,0
410351,0,0
410451,0,0
410551,0,0
410651,0,0
410751,0,0
410851,0,0
410951,0,0
411051,0,0
411151,0,0
411251,0,0
411351,0,0
411451,0,0
411551,0,0
411651,0,0
411751,0,0
411851,0,0
411951,0,0
412051,0,0
412151,0,0
412251,0,0
412351,0,0
412451,0,0
412551,0,0
412651,0,0
412751,0,0
412851,0,0
412951,0,0
413051,0,0
413151,0,0
413251,0,0
413351,0,0
413451,0,0
413551,0,0
413651,0,0
413751,0,0
413851,0,0
413951,0,0
414051,0,0
414151,0,0
414251,0,0
414351,0,0
414451,0,0
414551,0,0
414651,0,0
414751,0,0
414851,0,0
414951,0,0
415051,0,0
415151,0,0
415251,0,0
415351,0,0
415451,0,0
415551,0,0
415651,0,0
415751,0,0
415851,0,0
415929,0,0
416029,0,0
416129,0,0
416229,0,0
416329,0,0
416429,0,0
417056,0,0
417156,0,1
417256,0,1
417356,0,1
417456,0,1
417557,0,1
417657,0,1
417757,0,1
417857,0,1
417957,0,1
418057,0,1
418157,0,1
418257,0,1
418357,0,1
418457,0,1
418557,0,1
418657,0,1
418757,0,1
418857,0,1
418957,0,1
419057,0,1
419157,0,1
419257,0,1
419357,0,1
419457,0,1
419557,0,1
419657,0,1
419757,0,1
419857,0,1
419951,0,1
420051,0,1
420151,0,1
420251,0,1
420351,0,1
420451,0,1
420551,0,1
420651,0,1
420751,0,1
420851,0,1
420951,0,1
421078,0,0
421178,0,0
421278,0,0
421378,0,0
421478,0,0
421578,0,0
421678,0,0
421778,0,0
421878,0,0
421978,0,0
422078,0,0
422178,0,0
422278,0,0
422378,0,0
422478,0,0
422578,0,0
422678,0,0
422778,0,0
422878,0,0
422978,0,0
423078,0,0
423178,0,0
423278,0,0
423378,0,0
423478,0,0
423578,0,0
423678,0,0
423778,0,0
423878,0,0
423974,0,0
424075,0,0
424175,0,0
424275,0,0
424375,0,0
424475,0,0
424575,0,0
424675,0,0
424775,0,0
424875,0,0
424975,0,0
425075,0,0
425175,0,0
425275,0,0
425375,0,0
425475,0,0
425575,0,0
425675,0,0
425775,0,0
425875,0,0
425975,0,0
426075,0,0
426175,0,0
426275,0,0
426375,0,0
426475,0,0
426575,0,0
426675,0,0
426775,0,0
426875,0,0
426975,0,0
427075,0,0
427175,0,0
427275,0,0
427375,0,0
427917,0,0
428011,0,1
428111,0,1
428211,0,1
428321,0,1
428461,1,2
428561,1,2
428661,1,2
428761,1,2
428861,1,2
428961,1,2
429061,1,2
429161,1,2
429261,1,2
429361,1,2
429461,1,2
429561,1,2
429661,1,2
429761,1,2
429861,1,2
429961,1,2
430061,1,2
430161,1,2
430261,1,2
430361,1,2
430461,1,2
430561,1,2
430661,1,2
430761,1,2
430861,1,2
430961,1,2
431061,1,2
431161,1,2
431261,1,2
431361,1,2
431461,1,2
431561,1,2
431661,1,2
431761,1,2
431861,1,2
431958,1,2
432058,1,2
432158,1,2
432258,1,2
432358,1,2
432458,1,2
432558,1,2
432658,1,2
432758,1,2
432858,1,2
432958,1,2
433058,1,2
433158,1,2
433258,1,2
433358,1,2
433458,1,2
433558,1,2
433658,1,2
433758,1,2
433858,1,2
433958,1,2
434058,1,2
434158,1,2
434258,1,2
434358,1,2
434458,1,2
434558,1,2
434658,1,2
434758,1,2
434858,1,2
434958,1,2
435058,1,2
435158,1,2
435258,1,2
435358,1,2
435458,1,2
435558,1,2
435658,1,2
435758,1,2
435858,1,2
435954,1,2
436054,1,2
436154,1,2
436254,1,2
436354,1,2
436454,0,0
436554,0,0
436654,0,0
436754,0,0
436854,0,0
436954,0,0
437054,0,0
437154,0,0
437254,0,0
437354,0,0
437454,0,0
437554,0,0
437654,0,0
437754,0,0
437854,0,0
437954,0,0
438054,0,0
438154,0,0
438254,0,0
438354,0,0
438454,0,0
438554,0,0
438654,0,0
438754,0,0
438854,0,0
438954,0,0
439054,0,0
439154,0,0
439254,0,0
439354,0,0
439454,0,0
439554,0,0
439732,0,0
439832,0,1
439932,0,1
440027,0,1
440127,0,1
440228,0,1
440328,0,1
440428,0,1
440528,0,1
440628,0,1
440728,0,1
440828,0,1
440928,0,1
441028,0,1
441128,0,1
441228,0,1
441328,0,1
441428,0,1
441528,0,1
441628,0,1
441728,0,1
441828,0,1
441928,0,1
442028,0,1
442128,0,1
442228,0,1
442328,0,1
442428,0,1
442528,0,1
442628,0,1
442728,0,1
442828,0,1
442928,0,1
443028,0,1
443129,0,1
443229,0,1
443329,0,1
443429,0,1
443529,0,1
443629,0,1
443754,0,0
443855,0,0
443955,0,0
444055,0,0
444155,0,0
444250,0,0
444350,0,0
444450,0,0
444550,0,0
444650,0,0
444750,0,0
444850,0,0
444950,0,0
445050,0,0
445150,0,0
445250,0,0
445350,0,0
445450,0,0
445550,0,0
445650,0,0
445750,0,0
445850,0,0
445950,0,0
446050,0,0
446150,0,0
446250,0,0
446350,0,0
446450,0,0
446550,0,0
446650,0,0
446751,0,0
446851,0,0
446951,0,0
447051,0,0
447151,0,0
447251,0,0
447351,0,0
447451,0,0
447551,0,0
447651,0,0
448293,0,0
448272,0,1
448372,0,1
448472,0,1
448572,0,1
448712,0,1
448812,1,2
448912,1,2
449012,1,2
449112,1,2
449236,1,2
449336,1,2
449436,1,2
449536,1,2
449636,1,2
449736,1,2
449836,1,2
449936,1,2
450036,1,2
450136,1,2
450236,1,2
450336,1,2
450436,1,2
450536,1,2
450636,1,2
450736,1,2
450836,1,2
450936,1,2
451036,1,2
451136,1,2
451236,1,2
451336,1,2
451436,1,2
451537,1,2
451637,1,2
451737,1,2
451837,1,2
451937,1,2
452037,1,2
452249,1,2
452349,1,2
452449,1,2
452549,1,2
452649,1,2
452749,1,2
452849,1,2
452949,1,2
453049,1,2
453149,1,2
453249,1,2
453349,1,2
453449,1,2
453549,1,2
453649,1,2
453749,1,2
453849,1,2
453949,1,2
454049,1,2
454149,1,2
454249,1,2
454349,1,2
454449,1,2
454550,1,2
454650,1,2
454750,1,2
454850,1,2
454950,1,2
455050,1,2
455150,1,2
455250,1,2
455350,1,2
455450,1,2
455550,1,2
455650,1,2
455750,1,2
455850,1,2
455950,1,2
456050,1,2
456150,1,2
456250,1,2
456346,1,2
456446,1,2
456546,1,2
456646,1,2
456746,1,2
456846,1,2
456946,1,2
457046,1,2
457146,1,2
457246,1,2
457356,0,0
457456,0,0
457556,0,0
457656,0,0
457756,0,0
457856,0,0
457956,0,0
458056,0,0
458156,0,0
458256,0,0
458356,0,0
458456,0,0
458557,0,0
458657,0,0
458757,0,0
458857,0,0
458957,0,0
459057,0,0
459157,0,0
459257,0,0
459357,0,0
459457,0,0
459557,0,0
459657,0,0
459757,0,0
459857,0,0
459957,0,0
460057,0,0
460157,0,0
460257,0,0
460357,0,0
460457,0,0
460557,0,0
460657,0,0
460757,0,0
460857,0,0
460957,0,0
461057,0,0
461157,0,0
461257,0,0
461357,0,0
461458,0,0
461558,0,0
461658,0,0
461758,0,0
461858,0,0
461958,0,0
462058,0,0
462158,0,0
462258,0,0
462358,0,0
462458,0,0
462558,0,0
462658,0,0
462758,0,0
462858,0,0
462958,0,0
463058,0,0
463158,0,0
463258,0,0
463358,0,0
463458,0,0
463558,0,0
463658,0,0
463758,0,0
463858,0,0
463958,0,0
464058,0,0
464158,0,0
464258,0,0
464359,0,0
464459,0,0
464559,0,0
464659,0,0
464759,0,0
464859,0,0
464959,0,0
465059,0,0
465159,0,0
465259,0,0
465359,0,0
465459,0,0
465559,0,0
465659,0,0
465759,0,0
465859,0,0
465959,0,0
466059,0,0
466159,0,0
466259,0,0
466359,0,0
466459,0,0
466559,0,0
466659,0,0
466759,0,0
466859,0,0
466959,0,0
467059,0,0
467159,0,0
467259,0,0
467359,0,0
467459,0,0
467559,0,0
467659,0,0
467759,0,0
467859,0,0
467959,0,0
468059,0,0
468159,0,0
468259,0,0
468359,0,0
468459,0,0
468559,0,0
468659,0,0
468759,0,0
468859,0,0
468959,0,0
469059,0,0
469159,0,0
469259,0,0
469359,0,0
469459,0,0
469559,0,0
469659,0,0
469759,0,0
469859,0,0
469959,0,0
470059,0,0
470159,0,0
470259,0,0
470359,0,0
470459,0,0
470559,0,0
470659,0,0
470759,0,0
470859,0,0
470959,0,0
471059,0,0
471159,0,0
471259,0,0
471359,0,0
471459,0,0
471559,0,0
471659,0,0
471759,0,0
471859,0,0
471959,0,0
472059,0,0
472176,0,0
472276,0,0
472376,0,0
472476,0,0
472576,0,0
472676,0,0
472757,0,0
472857,0,0
472957,0,0
473057,0,0
473157,0,0
473258,0,0
473358,0,0
473458,0,0
473558,0,0
473658,0,0
473758,0,0
473858,0,0
473958,0,0
474058,0,0
474158,0,0
474258,0,0
474358,0,0
474458,0,0
474558,0,0
474658,0,0
474758,0,0
474858,0,0
474958,0,0
475058,0,0
475158,0,0
475258,0,0
475358,0,0
475458,0,0
475558,0,0
475658,0,0
475758,0,0
475858,0,0
475958,0,0
476058,0,0
476159,0,0
476259,0,0
476359,0,0
476459,0,0
476559,0,0
476659,0,0
476755,0,0
476855,0,0
476955,0,0
477055,0,0
477155,0,0
477255,0,0
477355,0,0
477455,0,0
477555,0,0
477655,0,0
477755,0,0
477855,0,0
477955,0,0
478055,0,0
478155,0,0
478255,0,0
478355,0,0
478455,0,0
478555,0,0
478655,0,0
478755,0,0
478855,0,0
478955,0,0
479056,0,0
479156,0,0
479256,0,0
479356,0,0
479456,0,0
479556,0,0
479656,0,0
479756,0,0
479856,0,0
479956,0,0
480056,0,0
480156,0,0
480256,0,0
480356,0,0
480456,0,0
480556,0,0
480656,0,0
480752,0,0
480852,0,0
480952,0,0
481052,0,0
481152,0,0
481252,0,0
481352,0,0
481452,0,0
481552,0,0
481669,0,0
481769,0,0
481869,0,0
481969,0,0
482069,0,0
482169,0,0
482269,0,0
482369,0,0
482469,0,0
482569,0,0
482669,0,0
482769,0,0
482869,0,0
482969,0,0
483069,0,0
483169,0,0
483269,0,0
483369,0,0
483469,0,0
483569,0,0
483669,0,0
483769,0,0
483869,0,0
483969,0,0
484069,0,0
484169,0,0
484269,0,0
484369,0,0
484469,0,0
484569,0,0
484669,0,0
484770,0,0
484865,0,0
484965,0,0
485065,0,0
485165,0,0
485265,0,0
485365,0,0
485465,0,0
485565,0,0
485665,0,0
485765,0,0
485865,0,0
485965,0,0
486065,0,0
486165,0,0
486265,0,0
486365,0,0
486465,0,0
486565,0,0
486665,0,0
486765,0,0
486865,0,0
486965,0,0
487065,0,0
487165,0,0
487265,0,0
487365,0,0
487465,0,0
487565,0,0
487666,0,0
487766,0,0
487866,0,0
487966,0,0
488066,0,0
488166,0,0
488266,0,0
488366,0,0
488466,0,0
488566,0,0
488666,0,0
488766,0,0
488861,0,0
488961,0,0
489061,0,0
489161,0,0
489261,0,0
489361,0,0
489461,0,0
489561,0,0
489661,0,0
489761,0,0
489861,0,0
489961,0,0
490061,0,0
490161,0,0
490261,0,0
490361,0,0
490461,0,0
490562,0,0
490662,0,0
490762,0,0
490862,0,0
490962,0,0
491062,0,0
491162,0,0
491262,0,0
491362,0,0
491462,0,0
491562,0,0
491662,0,0
491762,0,0
491862,0,0
491962,0,0
492062,0,0
492162,0,0
492262,0,0
492362,0,0
492462,0,0
492562,0,0
492662,0,0
492762,0,0
492858,0,0
492958,0,0
493058,0,0
493158,0,0
493258,0,0
493358,0,0
493458,0,0
493558,0,0
493658,0,0
493758,0,0
493858,0,0
493958,0,0
494058,0,0
494158,0,0
494258,0,0
494358,0,0
494458,0,0
494558,0,0
494658,0,0
494758,0,0
494858,0,0
494958,0,0
495058,0,0
495158,0,0
495258,0,0
495358,0,0
495458,0,0
495558,0,0
495658,0,0
495758,0,0
495858,0,0
495958,0,0
496058,0,0
496158,0,0
496258,0,0
496358,0,0
496458,0,0
496558,0,0
496658,0,0
496758,0,0
496853,0,0
496953,0,0
497053,0,0
497153,0,0
497253,0,0
497353,0,0
497453,0,0
497553,0,0
497653,0,0
497753,0,0
497853,0,0
497953,0,0
498053,0,0
498153,0,0
498253,0,0
498353,0,0
498453,0,0
498553,0,0
498653,0,0
498753,0,0
498853,0,0
498953,0,0
499053,0,0
499153,0,0
499253,0,0
499353,0,0
499453,0,0
499553,0,0
499653,0,0
499753,0,0
499853,0,0
499953,0,0
500053,0,0
500153,0,0
500253,0,0
500353,0,0
500453,0,0
500553,0,0
500653,0,0
500753,0,0
500849,0,0
500949,0,0
501049,0,0
501149,0,0
501249,0,0
501349,0,0
501449,0,0
501549,0,0
501649,0,0
501749,0,0
501849,0,0
501949,0,0
502049,0,0
502149,0,0
502249,0,0
502349,0,0
502449,0,0
502549,0,0
502649,0,0
502749,0,0
502849,0,0
502949,0,0
503049,0,0
503149,0,0
503249,0,0
503349,0,0
503449,0,0
503549,0,0
503649,0,0
503749,0,0
503849,0,0
503949,0,0
504049,0,0
504149,0,0
504249,0,0
504349,0,0
504449,0,0
504549,0,0
504649,0,0
504749,0,0
504846,0,0
504946,0,0
505046,0,0
505146,0,0
505246,0,0
505346,0,0
505446,0,0
505546,0,0
505646,0,0
505746,0,0
505846,0,0
505946,0,0
506046,0,0
506146,0,0
506246,0,0
506346,0,0
506446,0,0
506546,0,0
506646,0,0
506746,0,0
506846,0,0
506946,0,0
507046,0,0
507146,0,0
507246,0,0
507346,0,0
507446,0,0
507546,0,0
507646,0,0
507746,0,0
507846,0,0
507946,0,0
508046,0,0
508146,0,0
508246,0,0
508346,0,0
508446,0,0
508546,0,0
508646,0,0
508746,0,0
508846,0,0
508931,0,0
509031,0,0
509131,0,0
509231,0,0
509331,0,0
509431,0,0
509531,0,0
509631,0,0
509731,0,0
509831,0,0
509931,0,0
510031,0,0
510131,0,0
510231,0,0
510331,0,0
510431,0,0
510531,0,0
510631,0,0
510731,0,0
510831,0,0
510931,0,0
511031,0,0
511131,0,0
511231,0,0
511331,0,0
511431,0,0
511531,0,0
511631,0,0
511731,0,0
511831,0,0
511931,0,0
512031,0,0
512131,0,0
512231,0,0
512331,0,0
512431,0,0
512531,0,0
512631,0,0
512731,0,0
512831,0,0
512930,0,0
513030,0,0
513130,0,0
513230,0,0
513330,0,0
513430,0,0
513530,0,0
513630,0,0
513730,0,0
513830,0,0
513930,0,0
514030,0,0
514130,0,0
514230,0,0
514330,0,0
514430,0,0
514530,0,0
514630,0,0
514730,0,0
514830,0,0
514930,0,0
515030,0,0
515130,0,0
515230,0,0
515330,0,0
515430,0,0
515530,0,0
515630,0,0
515730,0,0
515830,0,0
515930,0,0
516030,0,0
516130,0,0
516230,0,0
516330,0,0
516430,0,0
516530,0,0
516630,0,0
516730,0,0
516830,0,0
516930,0,0
517030,0,0
517130,0,0
517230,0,0
517330,0,0
517430,0,0
517530,0,0
517630,0,0
517730,0,0
517830,0,0
517930,0,0
518030,0,0
518130,0,0
518230,0,0
518330,0,0
518430,0,0
518530,0,0
518630,0,0
518730,0,0
518830,0,0
518930,0,0
519030,0,0
519130,0,0
519230,0,0
519330,0,0
519430,0,0
519530,0,0
519630,0,0
519730,0,0
519830,0,0
519930,0,0
520030,0,0
520130,0,0
520230,0,0
520330,0,0
520430,0,0
520530,0,0
520630,0,0
520730,0,0
520830,0,0
520930,0,0
521030,0,0
521130,0,0
521230,0,0
521330,0,0
521430,0,0
521530,0,0
521630,0,0
521730,0,0
521830,0,0
521930,0,0
522030,0,0
522130,0,0
522230,0,0
522330,0,0
522430,0,0
522530,0,0
522630,0,0
522730,0,0
522830,0,0
522930,0,0
523030,0,0
523130,0,0
523230,0,0
523330,0,0
523430,0,0
523530,0,0
523630,0,0
523730,0,0
523830,0,0
523930,0,0
524030,0,0
524130,0,0
524230,0,0
524330,0,0
524430,0,0
524530,0,0
524630,0,0
524730,0,0
524830,0,0
524930,0,0
525030,0,0
525130,0,0
525230,0,0
525330,0,0
525430,0,0
525530,0,0
525630,0,0
525730,0,0
525830,0,0
525930,0,0
526030,0,0
526130,0,0
526230,0,0
526330,0,0
526430,0,0
526530,0,0
526630,0,0
526730,0,0
526830,0,0
526930,0,0
527030,0,0
527130,0,0
527230,0,0
527330,0,0
527430,0,0
527530,0,0
527630,0,0
527730,0,0
527830,0,0
527930,0,0
528030,0,0
528130,0,0
528230,0,0
528330,0,0
528430,0,0
528530,0,0
528630,0,0
528730,0,0
528830,0,0
528930,0,0
529030,0,0
529130,0,0
529230,0,0
529330,0,0
529430,0,0
529530,0,0
529630,0,0
529730,0,0
529830,0,0
529930,0,0
530030,0,0
530130,0,0
530230,0,0
530330,0,0
530430,0,0
530530,0,0
530630,0,0
530730,0,0
530830,0,0
530930,0,0
531030,0,0
531130,0,0
531230,0,0
531330,0,0
531430,0,0
531530,0,0
531630,0,0
531730,0,0
531830,0,0
531930,0,0
532030,0,0
532130,0,0
532230,0,0
532330,0,0
532430,0,0
532530,0,0
532630,0,0
532730,0,0
532830,0,0
532930,0,0
533030,0,0
533130,0,0
533230,0,0
533330,0,0
533413,0,0
533513,0,0
533613,0,0
533713,0,0
533928,0,0
534028,0,1
534128,0,1
534228,0,1
534328,1,2
534428,1,2
534528,1,2
534628,1,2
534728,1,2
534828,1,2
534929,1,2
535029,1,2
535129,1,2
535229,1,2
535329,1,2
535429,1,2
535529,1,2
535629,1,2
535729,1,2
535829,1,2
535929,1,2
536029,1,2
536129,1,2
536229,1,2
536365,0,0
536465,0,0
536565,0,0
536665,0,0
536765,0,0
536865,0,0
536965,0,0
537065,0,0
537165,0,0
537265,0,0
537365,0,0
537461,0,0
537561,0,0
537661,0,0
537761,0,0
537861,0,0
537961,0,0
538061,0,0
538161,0,0
538261,0,0
538361,0,0
538719,0,0
538819,0,1
538919,0,1
539019,0,1
539119,0,1
539219,0,1
539320,0,1
539420,0,1
539520,0,1
539620,0,1
539720,0,1
539820,0,1
539920,0,1
540020,0,1
540120,0,1
540220,0,1
540320,0,1
540420,0,1
540520,0,1
540620,0,1
540720,0,1
540820,0,1
540920,0,1
541020,0,1
541120,0,1
541220,0,1
541320,0,1
541416,0,1
541516,0,1
541616,0,1
541716,0,1
541816,0,1
541916,0,1
542016,0,1
542116,0,1
542217,0,1
542317,0,1
542417,0,1
542517,0,1
542617,0,1
542748,0,0
542848,0,0
542948,0,0
543048,0,0
543148,0,0
543248,0,0
543348,0,0
543448,0,0
543548,0,0
543648,0,0
543748,0,0
543848,0,0
543948,0,0
544048,0,0
544148,0,0
544248,0,0
544348,0,0
544448,0,0
544548,0,0
544649,0,0
544749,0,0
544849,0,0
544949,0,0
545049,0,0
545149,0,0
545249,0,0
545349,0,0
545443,0,0
545543,0,0
545643,0,0
545743,0,0
545843,0,0
545943,0,0
546043,0,0
546143,0,0
546243,0,0
546343,0,0
546443,0,0
546543,0,0
546643,0,0
546743,0,0
546843,0,0
546943,0,0
547043,0,0
547143,0,0
547243,0,0
547343,0,0
547443,0,0
547543,0,0
547643,0,0
547743,0,0
547843,0,0
547943,0,0
548043,0,0
548143,0,0
548243,0,0
548343,0,0
548443,0,0
548543,0,0
548643,0,0
548743,0,0
548843,0,0
548943,0,0
549043,0,0
549143,0,0
549243,0,0
549343,0,0
549438,0,0
549538,0,0
549638,0,0
549738,0,0
549838,0,0
549938,0,0
550038,0,0
550138,0,0
550238,0,0
550338,0,0
550438,0,0
550538,0,0
550638,0,0
550738,0,0
550838,0,0
550938,0,0
551038,0,0
551138,0,0
551238,0,0
551338,0,0
551438,0,0
551538,0,0
551638,0,0
551738,0,0
551838,0,0
551938,0,0
552038,0,0
552138,0,0
552238,0,0
552338,0,0
552438,0,0
552538,0,0
552638,0,0
552738,0,0
552838,0,0
552938,0,0
553038,0,0
553138,0,0
553238,0,0
553338,0,0
553435,0,0
553535,0,0
553635,0,0
553735,0,0
553835,0,0
553935,0,0
554035,0,0
554135,0,0
554235,0,0
554335,0,0
554435,0,0
554535,0,0
554635,0,0
554735,0,0
554835,0,0
554935,0,0
555035,0,0
555135,0,0
555235,0,0
555335,0,0
555435,0,0
555535,0,0
555635,0,0
555735,0,0
555835,0,0
555935,0,0
556035,0,0
556135,0,0
556235,0,0
556335,0,0
556435,0,0
556535,0,0
556635,0,0
556735,0,0
556835,0,0
556935,0,0
557035,0,0
557135,0,0
557235,0,0
557335,0,0
557429,0,0
557529,0,0
557629,0,0
557729,0,0
557829,0,0
557929,0,0
558029,0,0
558129,0,0
558229,0,0
558329,0,0
558429,0,0
558529,0,0
558629,0,0
558729,0,0
558829,0,0
558929,0,0
559029,0,0
559129,0,0
559229,0,0
559329,0,0
559429,0,0
559529,0,0
559629,0,0
559729,0,0
559829,0,0
559929,0,0
560029,0,0
560129,0,0
560229,0,0
560329,0,0
560429,0,0
560529,0,0
560629,0,0
560729,0,0
560829,0,0
560929,0,0
561029,0,0
561129,0,0
561229,0,0
561329,0,0
561426,0,0
561526,0,0
561626,0,0
561726,0,0
561826,0,0
561926,0,0
562026,0,0
562126,0,0
562226,0,0
562326,0,0
562426,0,0
562526,0,0
562626,0,0
562726,0,0
562826,0,0
562926,0,0
563026,0,0
563126,0,0
563226,0,0
563326,0,0
563426,0,0
563526,0,0
563626,0,0
563726,0,0
563826,0,0
563926,0,0
564026,0,0
564126,0,0
564226,0,0
564326,0,0
564426,0,0
564526,0,0
564626,0,0
564726,0,0
564826,0,0
564926,0,0
565026,0,0
565126,0,0
565226,0,0
565326,0,0
565421,0,0
565521,0,0
565621,0,0
565721,0,0
565821,0,0
565921,0,0
566021,0,0
566121,0,0
566221,0,0
566321,0,0
566421,0,0
566521,0,0
566621,0,0
566721,0,0
566821,0,0
566921,0,0
567021,0,0
567121,0,0
567221,0,0
567321,0,0
567421,0,0
567521,0,0
567621,0,0
567721,0,0
567821,0,0
567921,0,0
568021,0,0
568121,0,0
568221,0,0
568321,0,0
568421,0,0
568521,0,0
568621,0,0
568721,0,0
568821,0,0
568921,0,0
569021,0,0
569121,0,0
569221,0,0
569321,0,0
569416,0,0
569516,0,0
569616,0,0
569716,0,0
569816,0,0
569916,0,0
570016,0,0
570116,0,0
570216,0,0
570316,0,0
570416,0,0
570516,0,0
570616,0,0
570716,0,0
570816,0,0
570916,0,0
571016,0,0
571116,0,0
571216,0,0
571316,0,0
571416,0,0
571516,0,0
571616,0,0
571716,0,0
571816,0,0
571916,0,0
572016,0,0
572116,0,0
572216,0,0
572316,0,0
572416,0,0
572516,0,0
572741,0,0
572841,0,0
572941,0,0
573041,0,0
573141,0,0
573241,0,0
573341,0,0
573438,0,0
573538,0,0
573638,0,0
573738,0,0
573838,0,0
573938,0,0
574038,0,0
574139,0,0
574239,0,0
574339,0,0
574439,0,0
574539,0,0
574639,0,0
574739,0,0
574839,0,0
574939,0,0
575039,0,0
575139,0,0
575239,0,0
575339,0,0
575439,0,0
575539,0,0
575639,0,0
575739,0,0
575839,0,0
575939,0,0
576039,0,0
576139,0,0
576239,0,0
576339,0,0
576439,0,0
576539,0,0
576639,0,0
576739,0,0
576839,0,0
576939,0,0
577040,0,0
577140,0,0
577240,0,0
577340,0,0
577440,0,0
577540,0,0
577640,0,0
577740,0,0
577840,0,0
577940,0,0
578040,0,0
578140,0,0
578240,0,0
578340,0,0
578440,0,0
578540,0,0
578640,0,0
578740,0,0
578840,0,0
578940,0,0
579040,0,0
579140,0,0
579240,0,0
579340,0,0
579440,0,0
579540,0,0
579640,0,0
579740,0,0
579840,0,0
579941,0,0
580041,0,0
580141,0,0
580241,0,0
580341,0,0
580441,0,0
580541,0,0
580641,0,0
580741,0,0
580841,0,0
580941,0,0
581041,0,0
581141,0,0
581241,0,0
581341,0,0
581441,0,0
581541,0,0
581641,0,0
581741,0,0
581841,0,0
581941,0,0
582041,0,0
582141,0,0
582241,0,0
582341,0,0
582441,0,0
582541,0,0
582641,0,0
582741,0,0
582841,0,0
582941,0,0
583041,0,0
583141,0,0
583241,0,0
583341,0,0
583441,0,0
583541,0,0
583641,0,0
583741,0,0
583841,0,0
583941,0,0
584041,0,0
584141,0,0
584241,0,0
584341,0,0
584441,0,0
584541,0,0
584641,0,0
584741,0,0
584841,0,0
584941,0,0
585041,0,0
585141,0,0
585241,0,0
585341,0,0
585441,0,0
585541,0,0
585641,0,0
585741,0,0
585841,0,0
585941,0,0
586041,0,0
586141,0,0
586241,0,0
586341,0,0
586441,0,0
586541,0,0
586641,0,0
586741,0,0
586841,0,0
586941,0,0
587041,0,0
587141,0,0
587241,0,0
587341,0,0
587441,0,0
587541,0,0
587641,0,0
587741,0,0
587841,0,0
587941,0,0
588041,0,0
588141,0,0
588241,0,0
588341,0,0
588441,0,0
588541,0,0
588641,0,0
588741,0,0
588841,0,0
588941,0,0
589041,0,0
589141,0,0
589241,0,0
589341,0,0
589441,0,0
589541,0,0
589641,0,0
589741,0,0
589841,0,0
589941,0,0
590041,0,0
590141,0,0
590241,0,0
590341,0,0
590441,0,0
590541,0,0
590641,0,0
590741,0,0
590841,0,0
590941,0,0
591041,0,0
591141,0,0
591241,0,0
591341,0,0
591441,0,0
591541,0,0
591641,0,0
591741,0,0
591841,0,0
591941,0,0
592041,0,0
592141,0,0
592241,0,0
592341,0,0
592441,0,0
592541,0,0
592641,0,0
592741,0,0
592841,0,0
592941,0,0
593041,0,0
593141,0,0
593241,0,0
593341,0,0
593441,0,0
593541,0,0
593641,0,0
593741,0,0
593841,0,0
593941,0,0
594041,0,0
594141,0,0
594241,0,0
594341,0,0
594441,0,0
594541,0,0
594641,0,0
594741,0,0
594841,0,0
594941,0,0
595041,0,0
595141,0,0
595241,0,0
595341,0,0
595441,0,0
595541,0,0
595641,0,0
595741,0,0
595841,0,0
595941,0,0
596041,0,0
596141,0,0
596241,0,0
596341,0,0
596441,0,0
596541,0,0
596641,0,0
596741,0,0
596841,0,0
596941,0,0
597041,0,0
597141,0,0
597241,0,0
597341,0,0
597441,0,0
597541,0,0
597641,0,0
597741,0,0
597841,0,0
597941,0,0
598041,0,0
598141,0,0
598241,0,0
598341,0,0
598441,0,0
598541,0,0
598641,0,0
598741,0,0
598841,0,0
598941,0,0
599041,0,0
599141,0,0
599241,0,0
599341,0,0
599441,0,0
599541,0,0
599641,0,0
599741,0,0
599841,0,0
599941,0,0
600041,0,0
600141,0,0
600241,0,0
600341,0,0
600441,0,0
600541,0,0
600641,0,0
600741,0,0
600841,0,0
600941,0,0
601041,0,0
601141,0,0
601241,0,0
