p:4000,20000,6000,600,8000,4000,2000,8000,100
15063,0,0
15163,0,0
15263,0,0
15363,0,0
15463,0,0
15563,0,0
15663,0,0
15763,0,0
15863,0,0
15963,0,0
16063,0,0
16163,0,0
16295,0,0
16395,1,1
16495,1,1
16595,1,1
16695,1,1
16795,1,1
16895,1,1
16995,1,1
17095,1,1
17195,1,1
17295,1,1
17395,1,1
17495,1,1
17595,1,1
17695,1,1
17795,1,1
17895,1,1
17995,1,1
18095,1,1
18195,1,1
18295,1,1
18395,1,1
18495,1,1
18595,1,1
18695,1,1
18795,1,1
18895,1,1
18995,1,1
19094,1,1
19194,1,1
19294,1,1
19394,1,1
19494,1,1
19594,1,1
19694,1,1
19794,1,1
19894,1,1
19994,1,1
20094,1,1
20194,1,1
20294,1,1
20394,1,1
20494,1,1
20594,1,1
20694,1,1
20794,1,1
20894,1,1
20994,1,1
21094,1,1
21194,1,1
21294,1,1
21394,1,1
21494,1,1
21594,1,1
21694,1,1
21794,1,1
21894,1,1
21994,1,1
22094,1,1
22194,1,1
22294,1,1
22394,1,1
22494,1,1
22594,1,1
22694,1,1
22794,1,1
22894,1,1
22994,1,1
23092,1,1
23192,1,1
23292,1,1
23392,1,1
23492,1,1
23592,1,1
23692,1,1
23792,1,1
23892,1,1
23992,1,1
24092,1,1
24192,1,1
24292,1,1
24392,1,1
24492,1,1
24592,1,1
24692,1,1
24792,1,1
24892,1,1
24992,1,1
25092,1,1
25192,1,1
25292,1,1
25392,1,1
25492,1,1
25592,1,1
25692,1,1
25792,1,1
25892,1,1
25992,1,1
26092,1,1
26192,1,1
26292,1,1
26392,1,1
26492,1,1
26592,1,1
26692,1,1
26792,1,1
26892,1,1
26992,1,1
27091,1,1
27191,1,1
27291,1,1
27391,1,1
27491,1,1
27591,1,1
27691,1,1
27791,1,1
27891,1,1
27991,1,1
28091,1,1
28191,1,1
28291,1,1
28391,1,1
28491,1,1
28591,1,1
28691,1,1
28791,1,1
28891,1,1
28991,1,1
29091,1,1
29191,1,1
29291,1,1
29391,1,1
29491,1,1
29591,1,1
29691,1,1
29791,1,1
29891,1,1
29991,1,1
30091,1,1
30191,1,1
30291,1,1
30391,1,1
30491,1,1
30591,1,1
30691,1,1
30791,1,1
30891,1,1
30991,1,1
31090,1,1
31190,1,1
31290,1,1
31390,1,1
31490,1,1
31590,1,1
31690,1,1
31790,1,1
31890,1,1
31990,1,1
32090,1,1
32190,1,1
32290,1,1
32390,1,1
32490,1,1
32590,1,1
32690,1,1
32790,1,1
32890,1,1
32990,1,1
33090,1,1
33190,1,1
33290,1,1
33390,1,1
33490,1,1
33590,1,1
33690,1,1
33790,1,1
33890,1,1
33990,1,1
34090,1,1
34190,1,1
34290,1,1
34390,1,1
34490,1,1
34590,1,1
34690,1,1
34790,1,1
34890,1,1
34990,1,1
35087,1,1
35187,1,1
35287,1,1
35387,1,1
35487,1,1
35587,1,1
35687,1,1
35787,1,1
35887,1,1
35987,1,1
36087,1,1
36187,1,1
36287,1,1
36387,1,1
36487,1,1
36587,1,1
36687,1,1
36787,1,1
36887,1,1
36987,1,1
37087,1,1
37187,1,1
37287,1,1
37387,1,1
37487,1,1
37587,1,1
37687,1,1
37787,1,1
37887,1,1
37987,1,1
38087,1,1
38187,1,1
38287,1,1
38387,1,1
38487,1,1
38587,1,1
38687,1,1
38787,1,1
38887,1,1
38987,1,1
39085,1,1
39185,1,1
39285,1,1
39385,1,1
39485,1,1
39585,1,1
39685,1,1
39785,1,1
39885,1,1
39985,1,1
40085,1,1
40185,1,1
40290,1,1
40390,1,1
40490,1,1
40590,1,1
40690,1,1
40790,1,1
40890,1,1
40990,1,1
41090,1,1
41190,1,1
41290,1,1
41390,1,1
41490,1,1
41590,1,1
41690,1,1
41790,1,1
41890,1,1
41990,1,1
42090,1,1
42190,1,1
42290,1,1
42390,1,1
42490,1,1
42590,1,1
42690,1,1
42790,1,1
42890,1,1
42990,1,1
43089,1,1
43189,1,1
43289,1,1
43390,1,1
43490,1,1
43590,1,1
43690,1,1
43790,1,1
43890,1,1
43990,1,1
44090,1,1
44190,1,1
44290,1,1
44390,1,1
44490,1,1
44590,1,1
44690,1,1
44790,1,1
44890,1,1
44990,1,1
45090,1,1
45190,1,1
45290,1,1
45390,1,1
45490,1,1
45590,1,1
45690,1,1
45790,1,1
45890,1,1
45990,1,1
46090,1,1
46190,1,1
46291,1,1
46391,1,1
46491,1,1
46591,1,1
46691,1,1
46791,1,1
46891,1,1
46991,1,1
47090,1,1
47190,1,1
47290,1,1
47390,1,1
47490,1,1
47590,1,1
47690,1,1
47790,1,1
47890,1,1
47990,1,1
48090,1,1
48190,1,1
48290,1,1
48390,1,1
48490,1,1
48590,1,1
48690,1,1
48790,1,1
48890,1,1
48990,1,1
49090,1,1
49191,1,1
49291,1,1
49391,1,1
49491,1,1
49591,1,1
49691,1,1
49791,1,1
49891,1,1
49991,1,1
50091,1,1
50191,1,1
50291,1,1
50391,1,1
50491,1,1
50591,1,1
50691,1,1
50791,1,1
50891,1,1
50991,1,1
51089,1,1
51189,1,1
51289,1,1
51389,1,1
51489,1,1
51589,1,1
51689,1,1
51789,1,1
51889,1,1
51989,1,1
52089,1,1
52189,1,1
52289,1,1
52389,1,1
52489,1,1
52589,1,1
52689,1,1
52789,1,1
52889,1,1
52989,1,1
53089,1,1
53189,1,1
53289,1,1
53389,1,1
53489,1,1
53589,1,1
53689,1,1
53789,1,1
53889,1,1
53989,1,1
54089,1,1
54189,1,1
54289,1,1
54389,1,1
54489,1,1
54589,1,1
54689,1,1
54789,1,1
54889,1,1
54989,1,1
55089,1,1
55189,1,1
55289,1,1
55389,1,1
55489,1,1
55589,1,1
55689,1,1
55789,1,1
55889,1,1
55989,1,1
56089,1,1
56189,1,1
56289,1,1
56389,1,1
56489,1,1
56589,1,1
56689,1,1
56789,1,1
56889,1,1
56989,1,1
57089,1,1
57189,1,1
57289,1,1
57389,1,1
57489,1,1
57589,1,1
57689,1,1
57789,1,1
57889,1,1
57989,1,1
58089,1,1
58189,1,1
58289,1,1
58389,1,1
58489,1,1
58589,1,1
58689,1,1
58789,1,1
58889,1,1
58989,1,1
59089,1,1
59189,1,1
59289,1,1
59389,1,1
59489,1,1
59589,1,1
59689,1,1
59789,1,1
59889,1,1
59989,1,1
60089,1,1
60189,1,1
60289,1,1
60389,1,1
60512,0,0
60612,0,0
60712,0,0
60812,0,0
60912,0,0
61012,0,0
61112,0,0
61212,0,0
61312,0,0
61412,0,0
61512,0,0
61612,0,0
61712,0,0
61812,0,0
61912,0,0
62012,0,0
62112,0,0
62212,0,0
62312,0,0
62412,0,0
62512,0,0
62612,0,0
62712,0,0
62812,0,0
62912,0,0
63013,0,0
63113,0,0
63213,0,0
63313,0,0
63413,0,0
63513,0,0
63613,0,0
63713,0,0
63813,0,0
63913,0,0
64013,0,0
64113,0,0
64213,0,0
64313,0,0
64413,0,0
64513,0,0
64613,0,0
64713,0,0
64813,0,0
64913,0,0
65013,0,0
65113,0,0
65213,0,0
65313,0,0
65413,0,0
65513,0,0
65613,0,0
65713,0,0
65813,0,0
65913,0,0
66013,0,0
66113,0,0
66213,0,0
66313,0,0
66413,0,0
66513,0,0
66613,0,0
66713,0,0
66813,0,0
66913,0,0
67013,0,0
67113,0,0
67213,0,0
67313,0,0
67413,0,0
67513,0,0
67613,0,0
67713,0,0
67813,0,0
67913,0,0
68013,0,0
68113,0,0
68213,0,0
68313,0,0
68413,0,0
68513,0,0
68613,0,0
68713,0,0
68813,0,0
68913,0,0
69013,0,0
69113,0,0
69213,0,0
69313,0,0
69413,0,0
69513,0,0
69613,0,0
69713,0,0
69813,0,0
69913,0,0
70013,0,0
70113,0,0
70213,0,0
70313,0,0
70413,0,0
70513,0,0
70613,0,0
70713,0,0
70813,0,0
70913,0,0
71013,0,0
71113,0,0
71213,0,0
71313,0,0
71413,0,0
71513,0,0
71613,0,0
71713,0,0
71813,0,0
71913,0,0
72013,0,0
72113,0,0
72213,0,0
72313,0,0
72413,0,0
72513,0,0
72613,0,0
72713,0,0
72813,0,0
72913,0,0
73013,0,0
73113,0,0
73213,0,0
73313,0,0
73413,0,0
73513,0,0
73605,0,0
73705,1,1
73805,1,1
73905,1,1
74005,1,1
74105,1,1
74205,1,1
74305,1,1
74405,1,1
74505,1,1
74605,1,1
74705,1,1
74805,1,1
74905,1,1
75005,1,1
75105,1,1
75205,1,1
75305,1,1
75405,1,1
75505,1,1
75605,1,1
75705,1,1
75805,1,1
75905,1,1
76005,1,1
76105,1,1
76205,1,1
76305,1,1
76405,1,1
76505,1,1
76605,1,1
76705,1,1
76805,1,1
76905,1,1
77005,1,1
77105,1,1
77205,1,1
77305,1,1
77405,1,1
77505,1,1
77602,1,1
77702,1,1
77802,1,1
77902,1,1
78002,1,1
78102,1,1
78202,1,1
78302,1,1
78402,1,1
78502,1,1
78602,1,1
78702,1,1
78802,1,1
78902,1,1
79002,1,1
79102,1,1
79202,1,1
79302,1,1
79402,1,1
79502,1,1
79602,1,1
79702,1,1
79802,1,1
79902,1,1
80002,1,1
80102,1,1
80202,1,1
80302,1,1
80402,1,1
80502,1,1
80602,1,1
80702,1,1
80802,1,1
80902,1,1
81002,1,1
81102,1,1
81202,1,1
81302,1,1
81402,1,1
81502,1,1
81602,1,1
81702,1,1
81802,1,1
81902,1,1
82002,1,1
82102,1,1
82202,1,1
82302,1,1
82402,1,1
82502,1,1
82602,1,1
82702,1,1
82802,1,1
82902,1,1
83002,1,1
83102,1,1
83202,1,1
83302,1,1
83402,1,1
83502,1,1
83602,1,1
83702,1,1
83802,1,1
83902,1,1
84002,1,1
84102,1,1
84202,1,1
84302,1,1
84402,1,1
84502,1,1
84602,1,1
84702,1,1
84802,1,1
84902,1,1
85002,1,1
85102,1,1
85202,1,1
85302,1,1
85402,1,1
85502,1,1
85600,1,1
85700,1,1
85800,1,1
85900,1,1
86000,1,1
86100,1,1
86200,1,1
86300,1,1
86400,1,1
86500,1,1
86600,1,1
86700,1,1
86800,1,1
86900,1,1
87000,1,1
87100,1,1
87200,1,1
87300,1,1
87400,1,1
87500,1,1
87600,1,1
87700,1,1
87800,1,1
87900,1,1
88000,1,1
88100,1,1
88200,1,1
88300,1,1
88400,1,1
88500,1,1
88600,1,1
88700,1,1
88800,1,1
88900,1,1
89000,1,1
89100,1,1
89200,1,1
89300,1,1
89400,1,1
89500,1,1
89598,1,1
89698,1,1
89798,1,1
89898,1,1
89998,1,1
90098,1,1
90198,1,1
90298,1,1
90398,1,1
90498,1,1
90598,1,1
90698,1,1
90798,1,1
90898,1,1
90998,1,1
91098,1,1
91198,1,1
91298,1,1
91398,1,1
91498,1,1
91598,1,1
91698,1,1
91798,1,1
91898,1,1
91998,1,1
92098,1,1
92198,1,1
92298,1,1
92398,1,1
92498,1,1
92598,1,1
92698,1,1
92798,1,1
92898,1,1
92998,1,1
93098,1,1
93198,1,1
93298,1,1
93398,1,1
93498,1,1
93596,1,1
93696,1,1
93796,1,1
93896,1,1
93996,1,1
94096,1,1
94196,1,1
94296,1,1
94396,1,1
94496,1,1
94596,1,1
94696,1,1
94796,1,1
94896,1,1
94996,1,1
95096,1,1
95196,1,1
95296,1,1
95396,1,1
95496,1,1
95596,1,1
95696,1,1
95796,1,1
95896,1,1
95996,1,1
96096,1,1
96196,1,1
96296,1,1
96396,1,1
96496,1,1
96596,1,1
96696,1,1
96796,1,1
96896,1,1
96996,1,1
97096,1,1
97196,1,1
97296,1,1
97396,1,1
97496,1,1
97591,1,1
97694,1,1
97794,1,1
97894,1,1
97994,1,1
98094,1,1
98194,1,1
98294,1,1
98394,1,1
98494,1,1
98594,1,1
98694,1,1
98794,1,1
98894,1,1
98994,1,1
99094,1,1
99194,1,1
99294,1,1
99394,1,1
99494,1,1
99594,1,1
99694,1,1
99794,1,1
99894,1,1
99994,1,1
100094,1,1
100194,1,1
100294,1,1
100394,1,1
100495,1,1
100595,1,1
100695,1,1
100795,1,1
100895,1,1
100995,1,1
101095,1,1
101195,1,1
101295,1,1
101395,1,1
101495,1,1
101598,1,1
101698,1,1
101798,1,1
101898,1,1
101998,1,1
102098,1,1
102198,1,1
102298,1,1
102398,1,1
102498,1,1
102598,1,1
102698,1,1
102798,1,1
102898,1,1
102998,1,1
103098,1,1
103198,1,1
103298,1,1
103398,1,1
103498,1,1
103598,1,1
103698,1,1
103798,1,1
103898,1,1
103998,1,1
104098,1,1
104198,1,1
104298,1,1
104398,1,1
104498,1,1
104598,1,1
104698,1,1
104798,1,1
104898,1,1
104998,1,1
105098,1,1
105198,1,1
105298,1,1
105398,1,1
105498,1,1
105596,1,1
105711,1,1
105811,1,1
105911,1,1
106011,1,1
106111,1,1
106211,1,1
106311,1,1
106411,1,1
106512,1,1
106612,1,1
106712,1,1
106812,1,1
106912,1,1
107012,1,1
107112,1,1
107212,1,1
107312,1,1
107412,1,1
107512,1,1
107612,1,1
107712,1,1
107812,1,1
107912,1,1
108012,1,1
108112,1,1
108212,1,1
108312,1,1
108412,1,1
108512,1,1
108612,1,1
108712,1,1
108812,1,1
108912,1,1
109012,1,1
109112,1,1
109212,1,1
109312,1,1
109412,1,1
109512,1,1
109610,1,1
109715,1,1
109815,1,1
109915,1,1
110015,1,1
110115,1,1
110215,1,1
110315,1,1
110415,1,1
110515,1,1
110615,1,1
110715,1,1
110815,1,1
110915,1,1
111015,1,1
111115,1,1
111215,1,1
111315,1,1
111415,1,1
111515,1,1
111615,1,1
111716,1,1
111816,1,1
111916,1,1
112016,1,1
112116,1,1
112216,1,1
112316,1,1
112416,1,1
112516,1,1
112616,1,1
112716,1,1
112816,1,1
112916,1,1
113016,1,1
113116,1,1
113216,1,1
113316,1,1
113416,1,1
113516,1,1
113616,1,1
113716,1,1
113816,1,1
113916,1,1
114016,1,1
114116,1,1
114216,1,1
114316,1,1
114416,1,1
114516,1,1
114617,1,1
114717,1,1
114817,1,1
114917,1,1
115017,1,1
115117,1,1
115217,1,1
115317,1,1
115417,1,1
115517,1,1
115617,1,1
115717,1,1
115817,1,1
115917,1,1
116017,1,1
116117,1,1
116217,1,1
116317,1,1
116417,1,1
116517,1,1
116617,1,1
116717,1,1
116817,1,1
116917,1,1
117017,1,1
117117,1,1
117217,1,1
117317,1,1
117417,1,1
117518,1,1
117618,1,1
117752,0,0
117852,0,0
117952,0,0
118052,0,0
118152,0,0
118252,0,0
118352,0,0
118452,0,0
118552,0,0
118652,0,0
118752,0,0
118852,0,0
118952,0,0
119052,0,0
119152,0,0
119252,0,0
119353,0,0
119453,0,0
119553,0,0
119653,0,0
119753,0,0
119853,0,0
119953,0,0
120053,0,0
120153,0,0
120253,0,0
120353,0,0
120453,0,0
120553,0,0
120653,0,0
120753,0,0
120853,0,0
120953,0,0
121053,0,0
121153,0,0
121253,0,0
121353,0,0
121453,0,0
121553,0,0
121653,0,0
121753,0,0
121853,0,0
121953,0,0
122053,0,0
122153,0,0
122254,0,0
122354,0,0
122454,0,0
122554,0,0
122654,0,0
122754,0,0
122854,0,0
122954,0,0
123054,0,0
123154,0,0
123254,0,0
123354,0,0
123454,0,0
123554,0,0
123654,0,0
123754,0,0
123854,0,0
123954,0,0
124054,0,0
124154,0,0
124254,0,0
124354,0,0
124454,0,0
124554,0,0
124654,0,0
124754,0,0
124854,0,0
124954,0,0
125054,0,0
125154,0,0
125254,0,0
125354,0,0
125454,0,0
125554,0,0
125654,0,0
125754,0,0
125854,0,0
125954,0,0
126054,0,0
126154,0,0
126254,0,0
126354,0,0
126454,0,0
126554,0,0
126654,0,0
126754,0,0
126854,0,0
126954,0,0
127054,0,0
127154,0,0
127254,0,0
127354,0,0
127454,0,0
127554,0,0
127654,0,0
127754,0,0
127854,0,0
127954,0,0
128054,0,0
128154,0,0
128254,0,0
128354,0,0
128454,0,0
128554,0,0
128654,0,0
128754,0,0
128854,0,0
128954,0,0
129054,0,0
129154,0,0
129254,0,0
129354,0,0
129454,0,0
129554,0,0
129641,0,0
129741,1,1
129841,1,1
129941,1,1
130041,1,1
130141,1,1
130241,1,1
130341,1,1
130441,1,1
130541,1,1
130641,1,1
130741,1,1
130841,1,1
130941,1,1
131041,1,1
131141,1,1
131241,1,1
131341,1,1
131441,1,1
131541,1,1
131641,1,1
131741,1,1
131841,1,1
131941,1,1
132041,1,1
132141,1,1
132241,1,1
132341,1,1
132441,1,1
132541,1,1
132641,1,1
132741,1,1
132841,1,1
132941,1,1
133041,1,1
133141,1,1
133241,1,1
133341,1,1
133441,1,1
133541,1,1
133640,1,1
133740,1,1
133840,1,1
133940,1,1
134040,1,1
134140,1,1
134240,1,1
134340,1,1
134440,1,1
134540,1,1
134640,1,1
134740,1,1
134840,1,1
134940,1,1
135040,1,1
135140,1,1
135240,1,1
135340,1,1
135440,1,1
135540,1,1
135640,1,1
135740,1,1
135840,1,1
135940,1,1
136040,1,1
136140,1,1
136240,1,1
136340,1,1
136440,1,1
136540,1,1
136640,1,1
136740,1,1
136840,1,1
136940,1,1
137040,1,1
137140,1,1
137240,1,1
137340,1,1
137440,1,1
137540,1,1
137641,1,1
137741,1,1
137841,1,1
137941,1,1
138041,1,1
138141,1,1
138241,1,1
138341,1,1
138441,1,1
138541,1,1
138641,1,1
138741,1,1
138841,1,1
138941,1,1
139041,1,1
139141,1,1
139241,1,1
139341,1,1
139441,1,1
139541,1,1
139641,1,1
139741,1,1
139841,1,1
139941,1,1
140041,1,1
140141,1,1
140241,1,1
140341,1,1
140441,1,1
140541,1,1
140641,1,1
140741,1,1
140841,1,1
140941,1,1
141041,1,1
141141,1,1
141241,1,1
141341,1,1
141441,1,1
141541,1,1
141642,1,1
141742,1,1
141842,1,1
141942,1,1
142042,1,1
142142,1,1
142242,1,1
142342,1,1
142442,1,1
142542,1,1
142642,1,1
142742,1,1
142842,1,1
142942,1,1
143042,1,1
143142,1,1
143242,1,1
143342,1,1
143442,1,1
143542,1,1
143642,1,1
143742,1,1
143842,1,1
143942,1,1
144042,1,1
144142,1,1
144242,1,1
144342,1,1
144442,1,1
144542,1,1
144642,1,1
144742,1,1
144842,1,1
144942,1,1
145042,1,1
145142,1,1
145242,1,1
145342,1,1
145442,1,1
145542,1,1
145627,1,1
145727,1,1
145827,1,1
145927,1,1
146027,1,1
146127,1,1
146227,1,1
146327,1,1
146427,1,1
146527,1,1
146627,1,1
146727,1,1
146827,1,1
146927,1,1
147027,1,1
147127,1,1
147227,1,1
147327,1,1
147427,1,1
147527,1,1
147627,1,1
147727,1,1
147827,1,1
147927,1,1
148027,1,1
148127,1,1
148227,1,1
148327,1,1
148427,1,1
148527,1,1
148627,1,1
148727,1,1
148827,1,1
148927,1,1
149027,1,1
149127,1,1
149227,1,1
149327,1,1
149427,1,1
149527,1,1
149638,1,1
149738,1,1
149838,1,1
149938,1,1
150038,1,1
150138,1,1
150238,1,1
150338,1,1
150438,1,1
150538,1,1
150638,1,1
150738,1,1
150838,1,1
150938,1,1
151038,1,1
151138,1,1
151238,1,1
151338,1,1
151438,1,1
151538,1,1
151638,1,1
151738,1,1
151838,1,1
151938,1,1
152038,1,1
152138,1,1
152238,1,1
152338,1,1
152438,1,1
152538,1,1
152638,1,1
152738,1,1
152838,1,1
152938,1,1
153038,1,1
153138,1,1
153238,1,1
153338,1,1
153438,1,1
153538,1,1
153637,1,1
153737,1,1
153837,1,1
153937,1,1
154037,1,1
154137,1,1
154237,1,1
154337,1,1
154437,1,1
154537,1,1
154637,1,1
154737,1,1
154837,1,1
154937,1,1
155037,1,1
155137,1,1
155237,1,1
155337,1,1
155437,1,1
155537,1,1
155637,1,1
155737,1,1
155837,1,1
155937,1,1
156037,1,1
156137,1,1
156237,1,1
156337,1,1
156437,1,1
156537,1,1
156637,1,1
156737,1,1
156837,1,1
156937,1,1
157037,1,1
157137,1,1
157237,1,1
157337,1,1
157437,1,1
157537,1,1
157636,1,1
157736,1,1
157836,1,1
157936,1,1
158036,1,1
158136,1,1
158236,1,1
158336,1,1
158436,1,1
158536,1,1
158636,1,1
158736,1,1
158836,1,1
158936,1,1
159036,1,1
159136,1,1
159236,1,1
159336,1,1
159436,1,1
159536,1,1
159636,1,1
159736,1,1
159836,1,1
159936,1,1
160036,1,1
160136,1,1
160236,1,1
160336,1,1
160436,1,1
160536,1,1
160636,1,1
160736,1,1
160836,1,1
160936,1,1
161036,1,1
161136,1,1
161236,1,1
161336,1,1
161436,1,1
161536,1,1
161634,1,1
161734,1,1
161834,1,1
161934,1,1
162034,1,1
162134,1,1
162234,1,1
162334,1,1
162434,1,1
162534,1,1
162634,1,1
162734,1,1
162834,1,1
162934,1,1
163034,1,1
163134,1,1
163234,1,1
163334,1,1
163434,1,1
163534,1,1
163634,1,1
163734,1,1
163834,1,1
163934,1,1
164034,1,1
164134,1,1
164234,1,1
164334,1,1
164434,1,1
164534,1,1
164634,1,1
164734,1,1
164834,1,1
164934,1,1
165034,1,1
165134,1,1
165234,1,1
165334,1,1
165434,1,1
165534,1,1
165632,1,1
165732,1,1
165832,1,1
165932,1,1
166032,1,1
166132,1,1
166232,1,1
166332,1,1
166432,1,1
166532,1,1
166632,1,1
166732,1,1
166832,1,1
166932,1,1
167032,1,1
167132,1,1
167232,1,1
167332,1,1
167432,1,1
167532,1,1
167632,1,1
167732,1,1
167832,1,1
167932,1,1
168032,1,1
168132,1,1
168232,1,1
168332,1,1
168432,1,1
168532,1,1
168632,1,1
168732,1,1
168832,1,1
168932,1,1
169032,1,1
169132,1,1
169232,1,1
169332,1,1
169432,1,1
169532,1,1
169632,1,1
169732,1,1
169832,1,1
169932,1,1
170032,1,1
170132,1,1
170232,1,1
170332,1,1
170432,1,1
170532,1,1
170632,1,1
170732,1,1
170832,1,1
170932,1,1
171032,1,1
171132,1,1
171232,1,1
171332,1,1
171432,1,1
171532,1,1
171632,1,1
171732,1,1
171832,1,1
171932,1,1
172032,1,1
172132,1,1
172232,1,1
172332,1,1
172432,1,1
172532,1,1
172632,1,1
172732,1,1
172832,1,1
172932,1,1
173032,1,1
173132,1,1
173232,1,1
173332,1,1
173432,1,1
173532,1,1
173632,1,1
173759,0,0
173859,0,0
173959,0,0
174059,0,0
174159,0,0
174259,0,0
174359,0,0
174459,0,0
174559,0,0
174659,0,0
174759,0,0
174859,0,0
174959,0,0
175059,0,0
175159,0,0
175259,0,0
175359,0,0
175459,0,0
175559,0,0
175659,0,0
175759,0,0
175859,0,0
175959,0,0
176059,0,0
176159,0,0
176259,0,0
176359,0,0
176459,0,0
176559,0,0
176659,0,0
176760,0,0
176860,0,0
176960,0,0
177060,0,0
177160,0,0
177260,0,0
177360,0,0
177460,0,0
177560,0,0
177660,0,0
177760,0,0
177860,0,0
177960,0,0
178060,0,0
178160,0,0
178260,0,0
178360,0,0
178460,0,0
178560,0,0
178660,0,0
178760,0,0
178860,0,0
178960,0,0
179060,0,0
179160,0,0
179260,0,0
179360,0,0
179460,0,0
179560,0,0
179660,0,0
179760,0,0
179860,0,0
179960,0,0
180060,0,0
180160,0,0
180260,0,0
180360,0,0
180460,0,0
180560,0,0
180660,0,0
180760,0,0
180860,0,0
180960,0,0
181060,0,0
181160,0,0
181260,0,0
181360,0,0
181460,0,0
181560,0,0
181660,0,0
181760,0,0
181860,0,0
181960,0,0
182060,0,0
182160,0,0
182260,0,0
182360,0,0
182460,0,0
182560,0,0
182660,0,0
182760,0,0
182860,0,0
182960,0,0
183060,0,0
183160,0,0
183260,0,0
183360,0,0
183460,0,0
183560,0,0
183660,0,0
183760,0,0
183860,0,0
183960,0,0
184060,0,0
184160,0,0
184260,0,0
184360,0,0
184460,0,0
184560,0,0
184660,0,0
184760,0,0
184860,0,0
184960,0,0
185060,0,0
185160,0,0
185260,0,0
185360,0,0
185460,0,0
185560,0,0
185660,0,0
185760,0,0
185852,0,0
185952,1,1
186052,1,1
186152,1,1
186252,1,1
186352,1,1
186452,1,1
186552,1,1
186652,1,1
186752,1,1
186852,1,1
186952,1,1
187052,1,1
187152,1,1
187252,1,1
187352,1,1
187452,1,1
187552,1,1
187652,1,1
187752,1,1
187852,1,1
187952,1,1
188052,1,1
188152,1,1
188252,1,1
188352,1,1
188452,1,1
188552,1,1
188652,1,1
188752,1,1
188852,1,1
188952,1,1
189052,1,1
189152,1,1
189252,1,1
189352,1,1
189452,1,1
189552,1,1
189652,1,1
189752,1,1
189852,1,1
189952,1,1
190052,1,1
190152,1,1
190252,1,1
190352,1,1
190452,1,1
190552,1,1
190652,1,1
190752,1,1
190852,1,1
190952,1,1
191052,1,1
191152,1,1
191252,1,1
191352,1,1
191452,1,1
191552,1,1
191652,1,1
191752,1,1
191852,1,1
191952,1,1
192052,1,1
192152,1,1
192252,1,1
192352,1,1
192452,1,1
192552,1,1
192652,1,1
192752,1,1
192852,1,1
192952,1,1
193052,1,1
193152,1,1
193252,1,1
193352,1,1
193452,1,1
193552,1,1
193652,1,1
193752,1,1
193850,1,1
193950,1,1
194050,1,1
194150,1,1
194250,1,1
194350,1,1
194450,1,1
194550,1,1
194650,1,1
194750,1,1
194850,1,1
194950,1,1
195050,1,1
195150,1,1
195250,1,1
195350,1,1
195450,1,1
195550,1,1
195650,1,1
195750,1,1
195850,1,1
195950,1,1
196050,1,1
196150,1,1
196250,1,1
196350,1,1
196450,1,1
196550,1,1
196650,1,1
196750,1,1
196850,1,1
196950,1,1
197050,1,1
197150,1,1
197250,1,1
197350,1,1
197450,1,1
197550,1,1
197650,1,1
197750,1,1
197847,1,1
197947,1,1
198047,1,1
198147,1,1
198247,1,1
198347,1,1
198447,1,1
198547,1,1
198647,1,1
198747,1,1
198847,1,1
198947,1,1
199047,1,1
199147,1,1
199247,1,1
199347,1,1
199447,1,1
199547,1,1
199647,1,1
199747,1,1
199847,1,1
199947,1,1
200047,1,1
200147,1,1
200247,1,1
200347,1,1
200447,1,1
200547,1,1
200647,1,1
200747,1,1
200847,1,1
200947,1,1
201047,1,1
201147,1,1
201247,1,1
201347,1,1
201447,1,1
201547,1,1
201647,1,1
201747,1,1
201846,1,1
201946,1,1
202046,1,1
202146,1,1
202246,1,1
202346,1,1
202446,1,1
202546,1,1
202646,1,1
202746,1,1
202846,1,1
202946,1,1
203046,1,1
203146,1,1
203246,1,1
203346,1,1
203446,1,1
203546,1,1
203646,1,1
203746,1,1
203846,1,1
203946,1,1
204046,1,1
204146,1,1
204246,1,1
204346,1,1
204446,1,1
204546,1,1
204646,1,1
204746,1,1
204846,1,1
204946,1,1
205046,1,1
205146,1,1
205246,1,1
205346,1,1
205446,1,1
205546,1,1
205646,1,1
205746,1,1
205844,1,1
205944,1,1
206044,1,1
206144,1,1
206244,1,1
206344,1,1
206444,1,1
206544,1,1
206644,1,1
206744,1,1
206844,1,1
206944,1,1
207044,1,1
207144,1,1
207244,1,1
207344,1,1
207444,1,1
207544,1,1
207644,1,1
207744,1,1
207844,1,1
207944,1,1
208044,1,1
208144,1,1
208244,1,1
208344,1,1
208444,1,1
208544,1,1
208644,1,1
208744,1,1
208844,1,1
208944,1,1
209044,1,1
209144,1,1
209244,1,1
209344,1,1
209444,1,1
209544,1,1
209644,1,1
209744,1,1
209844,1,1
209944,1,1
210044,1,1
210150,1,1
210250,1,1
210350,1,1
210451,1,1
210551,1,1
210651,1,1
210751,1,1
210851,1,1
210951,1,1
211051,1,1
211151,1,1
211251,1,1
211351,1,1
211451,1,1
211551,1,1
211651,1,1
211751,1,1
211851,1,1
211951,1,1
212051,1,1
212151,1,1
212251,1,1
212351,1,1
212451,1,1
212551,1,1
212651,1,1
212751,1,1
212851,1,1
212951,1,1
213051,1,1
213151,1,1
213251,1,1
213352,1,1
213452,1,1
213552,1,1
213652,1,1
213752,1,1
213849,1,1
213949,1,1
214049,1,1
214149,1,1
214249,1,1
214349,1,1
214449,1,1
214549,1,1
214649,1,1
214749,1,1
214849,1,1
214949,1,1
215049,1,1
215149,1,1
215249,1,1
215349,1,1
215449,1,1
215549,1,1
215649,1,1
215749,1,1
215849,1,1
215949,1,1
216049,1,1
216149,1,1
216249,1,1
216349,1,1
216449,1,1
216549,1,1
216649,1,1
216749,1,1
216849,1,1
216949,1,1
217049,1,1
217149,1,1
217249,1,1
217349,1,1
217449,1,1
217549,1,1
217649,1,1
217749,1,1
217848,1,1
217948,1,1
218048,1,1
218148,1,1
218248,1,1
218348,1,1
218448,1,1
218548,1,1
218648,1,1
218748,1,1
218848,1,1
218948,1,1
219048,1,1
219148,1,1
219248,1,1
219348,1,1
219448,1,1
219548,1,1
219648,1,1
219748,1,1
219848,1,1
219948,1,1
220048,1,1
220148,1,1
220248,1,1
220348,1,1
220448,1,1
220548,1,1
220648,1,1
220748,1,1
220848,1,1
220948,1,1
221048,1,1
221148,1,1
221248,1,1
221348,1,1
221448,1,1
221548,1,1
221648,1,1
221748,1,1
221846,1,1
221946,1,1
222046,1,1
222146,1,1
222246,1,1
222346,1,1
222446,1,1
222546,1,1
222646,1,1
222746,1,1
222846,1,1
222946,1,1
223046,1,1
223146,1,1
223246,1,1
223346,1,1
223446,1,1
223546,1,1
223646,1,1
223746,1,1
223846,1,1
223946,1,1
224046,1,1
224146,1,1
224246,1,1
224346,1,1
224446,1,1
224546,1,1
224646,1,1
224746,1,1
224846,1,1
224946,1,1
225046,1,1
225146,1,1
225246,1,1
225346,1,1
225446,1,1
225546,1,1
225646,1,1
225746,1,1
225846,1,1
225946,1,1
226046,1,1
226146,1,1
226246,1,1
226346,1,1
226446,1,1
226546,1,1
226646,1,1
226746,1,1
226846,1,1
226946,1,1
227046,1,1
227146,1,1
227246,1,1
227346,1,1
227446,1,1
227546,1,1
227646,1,1
227746,1,1
227846,1,1
227946,1,1
228046,1,1
228146,1,1
228246,1,1
228346,1,1
228446,1,1
228546,1,1
228646,1,1
228746,1,1
228846,1,1
228946,1,1
229046,1,1
229146,1,1
229246,1,1
229346,1,1
229446,1,1
229546,1,1
229646,1,1
229746,1,1
229846,1,1
229946,1,1
230046,1,1
230146,1,1
230265,0,0
230365,0,0
230465,0,0
230565,0,0
230665,0,0
230765,0,0
230865,0,0
230965,0,0
231065,0,0
231165,0,0
231266,0,0
231366,0,0
231466,0,0
231566,0,0
231666,0,0
231766,0,0
231866,0,0
231966,0,0
232066,0,0
232166,0,0
232266,0,0
232366,0,0
232466,0,0
232566,0,0
232666,0,0
232766,0,0
232866,0,0
232966,0,0
233066,0,0
233166,0,0
233266,0,0
233366,0,0
233466,0,0
233566,0,0
233666,0,0
233766,0,0
233866,0,0
233966,0,0
234066,0,0
234166,0,0
234266,0,0
234366,0,0
234466,0,0
234566,0,0
234666,0,0
234766,0,0
234866,0,0
234966,0,0
235066,0,0
235166,0,0
235266,0,0
235366,0,0
235466,0,0
235566,0,0
235666,0,0
235766,0,0
235866,0,0
235966,0,0
236066,0,0
236166,0,0
236266,0,0
236366,0,0
236466,0,0
236566,0,0
236666,0,0
236766,0,0
236866,0,0
236966,0,0
237066,0,0
237166,0,0
237266,0,0
237366,0,0
237466,0,0
237566,0,0
237666,0,0
237766,0,0
237866,0,0
237966,0,0
238066,0,0
238166,0,0
238266,0,0
238366,0,0
238466,0,0
238566,0,0
238666,0,0
238766,0,0
238866,0,0
238966,0,0
239066,0,0
239166,0,0
239266,0,0
239366,0,0
239466,0,0
239566,0,0
239666,0,0
239766,0,0
239866,0,0
239966,0,0
240066,0,0
240166,0,0
240266,0,0
240366,0,0
240466,0,0
240566,0,0
240666,0,0
240766,0,0
240866,0,0
240966,0,0
241066,0,0
241166,0,0
241266,0,0
241366,0,0
241466,0,0
241566,0,0
241666,0,0
241766,0,0
241866,0,0
241966,0,0
242066,0,0
242166,0,0
242266,0,0
242366,0,0
242466,0,0
242566,0,0
242658,0,0
242758,1,1
242858,1,1
242958,1,1
243058,1,1
243158,1,1
243258,1,1
243358,1,1
243458,1,1
243558,1,1
243658,1,1
243758,1,1
243858,1,1
243958,1,1
244058,1,1
244158,1,1
244258,1,1
244358,1,1
244458,1,1
244558,1,1
244658,1,1
244758,1,1
244858,1,1
244958,1,1
245058,1,1
245158,1,1
245258,1,1
245358,1,1
245458,1,1
245558,1,1
245658,1,1
245758,1,1
245858,1,1
245958,1,1
246058,1,1
246158,1,1
246258,1,1
246358,1,1
246458,1,1
246558,1,1
246657,1,1
246757,1,1
246857,1,1
246957,1,1
247057,1,1
247157,1,1
247257,1,1
247357,1,1
247457,1,1
247557,1,1
247657,1,1
247757,1,1
247857,1,1
247957,1,1
248057,1,1
248157,1,1
248257,1,1
248357,1,1
248457,1,1
248557,1,1
248657,1,1
248757,1,1
248857,1,1
248957,1,1
249057,1,1
249157,1,1
249257,1,1
249357,1,1
249457,1,1
249557,1,1
249657,1,1
249757,1,1
249857,1,1
249957,1,1
250057,1,1
250157,1,1
250257,1,1
250357,1,1
250457,1,1
250557,1,1
250655,1,1
250755,1,1
250855,1,1
250955,1,1
251055,1,1
251155,1,1
251255,1,1
251355,1,1
251455,1,1
251555,1,1
251655,1,1
251755,1,1
251855,1,1
251955,1,1
252055,1,1
252155,1,1
252255,1,1
252355,1,1
252455,1,1
252555,1,1
252655,1,1
252755,1,1
252855,1,1
252955,1,1
253055,1,1
253155,1,1
253255,1,1
253355,1,1
253455,1,1
253555,1,1
253655,1,1
253755,1,1
253855,1,1
253955,1,1
254055,1,1
254155,1,1
254255,1,1
254355,1,1
254455,1,1
254555,1,1
254654,1,1
254754,1,1
254854,1,1
254954,1,1
255054,1,1
255154,1,1
255254,1,1
255354,1,1
255454,1,1
255554,1,1
255654,1,1
255754,1,1
255854,1,1
255954,1,1
256054,1,1
256154,1,1
256254,1,1
256354,1,1
256454,1,1
256554,1,1
256654,1,1
256754,1,1
256854,1,1
256954,1,1
257054,1,1
257154,1,1
257254,1,1
257354,1,1
257454,1,1
257554,1,1
257654,1,1
257754,1,1
257854,1,1
257954,1,1
258054,1,1
258154,1,1
258254,1,1
258354,1,1
258454,1,1
258554,1,1
258652,1,1
258752,1,1
258852,1,1
258952,1,1
259052,1,1
259152,1,1
259252,1,1
259352,1,1
259452,1,1
259552,1,1
259652,1,1
259752,1,1
259852,1,1
259952,1,1
260052,1,1
260152,1,1
260252,1,1
260352,1,1
260452,1,1
260552,1,1
260652,1,1
260752,1,1
260852,1,1
260952,1,1
261052,1,1
261152,1,1
261252,1,1
261352,1,1
261452,1,1
261552,1,1
261652,1,1
261752,1,1
261852,1,1
261952,1,1
262052,1,1
262152,1,1
262252,1,1
262352,1,1
262452,1,1
262552,1,1
262649,1,1
262754,1,1
262854,1,1
262954,1,1
263054,1,1
263154,1,1
263254,1,1
263354,1,1
263454,1,1
263554,1,1
263654,1,1
263754,1,1
263854,1,1
263954,1,1
264054,1,1
264154,1,1
264254,1,1
264354,1,1
264454,1,1
264554,1,1
264654,1,1
264754,1,1
264854,1,1
264954,1,1
265054,1,1
265154,1,1
265255,1,1
265355,1,1
265455,1,1
265555,1,1
265655,1,1
265755,1,1
265855,1,1
265955,1,1
266055,1,1
266155,1,1
266255,1,1
266355,1,1
266455,1,1
266555,1,1
266653,1,1
266753,1,1
266853,1,1
266953,1,1
267053,1,1
267153,1,1
267253,1,1
267353,1,1
267453,1,1
267553,1,1
267653,1,1
267753,1,1
267853,1,1
267953,1,1
268053,1,1
268154,1,1
268254,1,1
268354,1,1
268454,1,1
268554,1,1
268654,1,1
268754,1,1
268854,1,1
268954,1,1
269054,1,1
269154,1,1
269254,1,1
269354,1,1
269454,1,1
269554,1,1
269654,1,1
269754,1,1
269854,1,1
269954,1,1
270054,1,1
270154,1,1
270254,1,1
270354,1,1
270454,1,1
270554,1,1
270654,1,1
270773,1,1
270873,1,1
270973,1,1
271073,1,1
271173,1,1
271273,1,1
271373,1,1
271473,1,1
271573,1,1
271673,1,1
271773,1,1
271873,1,1
271973,1,1
272073,1,1
272173,1,1
272273,1,1
272373,1,1
272473,1,1
272573,1,1
272673,1,1
272773,1,1
272873,1,1
272973,1,1
273073,1,1
273173,1,1
273274,1,1
273374,1,1
273474,1,1
273574,1,1
273674,1,1
273774,1,1
273874,1,1
273974,1,1
274074,1,1
274174,1,1
274274,1,1
274374,1,1
274474,1,1
274574,1,1
274673,1,1
274773,1,1
274873,1,1
274973,1,1
275073,1,1
275173,1,1
275273,1,1
275373,1,1
275473,1,1
275573,1,1
275673,1,1
275773,1,1
275873,1,1
275973,1,1
276073,1,1
276174,1,1
276274,1,1
276374,1,1
276474,1,1
276574,1,1
276674,1,1
276774,1,1
276874,1,1
276974,1,1
277074,1,1
277174,1,1
277274,1,1
277374,1,1
277474,1,1
277574,1,1
277674,1,1
277774,1,1
277874,1,1
277974,1,1
278074,1,1
278174,1,1
278274,1,1
278374,1,1
278474,1,1
278574,1,1
278671,1,1
278771,1,1
278871,1,1
278971,1,1
279071,1,1
279171,1,1
279271,1,1
279371,1,1
279471,1,1
279571,1,1
279671,1,1
279771,1,1
279871,1,1
279971,1,1
280071,1,1
280171,1,1
280271,1,1
280371,1,1
280471,1,1
280571,1,1
280671,1,1
280771,1,1
280871,1,1
280971,1,1
281071,1,1
281171,1,1
281271,1,1
281371,1,1
281471,1,1
281571,1,1
281671,1,1
281771,1,1
281871,1,1
281971,1,1
282071,1,1
282171,1,1
282271,1,1
282371,1,1
282471,1,1
282571,1,1
282671,1,1
282771,1,1
282871,1,1
282971,1,1
283071,1,1
283171,1,1
283271,1,1
283371,1,1
283471,1,1
283571,1,1
283671,1,1
283771,1,1
283871,1,1
283971,1,1
284071,1,1
284171,1,1
284271,1,1
284371,1,1
284471,1,1
284571,1,1
284671,1,1
284771,1,1
284871,1,1
284971,1,1
285071,1,1
285171,1,1
285271,1,1
285371,1,1
285471,1,1
285571,1,1
285671,1,1
285771,1,1
285871,1,1
285971,1,1
286071,1,1
286171,1,1
286271,1,1
286371,1,1
286471,1,1
286571,1,1
286671,1,1
286789,0,0
286889,0,0
286989,0,0
287089,0,0
287189,0,0
287289,0,0
287389,0,0
287489,0,0
287589,0,0
287689,0,0
287789,0,0
287889,0,0
287990,0,0
288090,0,0
288190,0,0
288290,0,0
288390,0,0
288490,0,0
288590,0,0
288690,0,0
288790,0,0
288890,0,0
288990,0,0
289090,0,0
289190,0,0
289290,0,0
289390,0,0
289490,0,0
289590,0,0
289690,0,0
289790,0,0
289890,0,0
289990,0,0
290090,0,0
290190,0,0
290290,0,0
290390,0,0
290490,0,0
290590,0,0
290690,0,0
290790,0,0
290891,0,0
290991,0,0
291091,0,0
291191,0,0
291291,0,0
291391,0,0
291491,0,0
291591,0,0
291691,0,0
291791,0,0
291891,0,0
291991,0,0
292091,0,0
292191,0,0
292291,0,0
292391,0,0
292491,0,0
292591,0,0
292691,0,0
292791,0,0
292891,0,0
292991,0,0
293091,0,0
293191,0,0
293291,0,0
293391,0,0
293491,0,0
293591,0,0
293691,0,0
293791,0,0
293891,0,0
293991,0,0
294091,0,0
294191,0,0
294291,0,0
294391,0,0
294491,0,0
294591,0,0
294691,0,0
294791,0,0
294891,0,0
294991,0,0
295091,0,0
295191,0,0
295291,0,0
295391,0,0
295491,0,0
295591,0,0
295691,0,0
295791,0,0
295891,0,0
295991,0,0
296091,0,0
296191,0,0
296291,0,0
296391,0,0
296491,0,0
296591,0,0
296691,0,0
296791,0,0
296891,0,0
296991,0,0
297091,0,0
297191,0,0
297291,0,0
297391,0,0
297491,0,0
297591,0,0
297691,0,0
297791,0,0
297891,0,0
297991,0,0
298091,0,0
298191,0,0
298291,0,0
298391,0,0
298491,0,0
298591,0,0
298691,0,0
298791,0,0
298891,0,0
298991,0,0
299091,0,0
299191,0,0
299291,0,0
299439,0,0
299539,1,1
299639,1,1
299739,1,1
299839,1,1
299939,1,1
300039,1,1
300139,1,1
300239,1,1
300339,1,1
300439,1,1
300539,1,1
300639,1,1
300739,1,1
300839,1,1
300939,1,1
301039,1,1
301139,1,1
301239,1,1
301339,1,1
301439,1,1
301539,1,1
301639,1,1
301739,1,1
301839,1,1
301939,1,1
302039,1,1
302139,1,1
302239,1,1
302339,1,1
302439,1,1
302539,1,1
302639,1,1
302739,1,1
302839,1,1
302939,1,1
303039,1,1
303139,1,1
303239,1,1
303339,1,1
303429,1,1
303529,1,1
303629,1,1
303729,1,1
303829,1,1
303929,1,1
304029,1,1
304129,1,1
304229,1,1
304329,1,1
304429,1,1
304529,1,1
304629,1,1
304729,1,1
304829,1,1
304929,1,1
305029,1,1
305129,1,1
305229,1,1
305329,1,1
305429,1,1
305529,1,1
305629,1,1
305729,1,1
305829,1,1
305929,1,1
306029,1,1
306129,1,1
306229,1,1
306329,1,1
306429,1,1
306529,1,1
306629,1,1
306729,1,1
306829,1,1
306929,1,1
307029,1,1
307129,1,1
307229,1,1
307329,1,1
307436,1,1
307536,1,1
307636,1,1
307736,1,1
307836,1,1
307936,1,1
308036,1,1
308136,1,1
308236,1,1
308336,1,1
308436,1,1
308536,1,1
308636,1,1
308736,1,1
308836,1,1
308936,1,1
309036,1,1
309136,1,1
309236,1,1
309336,1,1
309436,1,1
309536,1,1
309636,1,1
309736,1,1
309836,1,1
309936,1,1
310036,1,1
310136,1,1
310236,1,1
310336,1,1
310436,1,1
310536,1,1
310636,1,1
310736,1,1
310836,1,1
310936,1,1
311036,1,1
311136,1,1
311236,1,1
311336,1,1
311451,1,1
311551,1,1
311651,1,1
311751,1,1
311851,1,1
311951,1,1
312051,1,1
312151,1,1
312251,1,1
312351,1,1
312451,1,1
312551,1,1
312651,1,1
312751,1,1
312852,1,1
312952,1,1
313052,1,1
313152,1,1
313252,1,1
313352,1,1
313452,1,1
313552,1,1
313652,1,1
313752,1,1
313852,1,1
313952,1,1
314052,1,1
314152,1,1
314252,1,1
314352,1,1
314452,1,1
314552,1,1
314652,1,1
314752,1,1
314852,1,1
314952,1,1
315052,1,1
315152,1,1
315252,1,1
315352,1,1
315440,1,1
315540,1,1
315640,1,1
315741,1,1
315841,1,1
315941,1,1
316041,1,1
316141,1,1
316241,1,1
316341,1,1
316441,1,1
316541,1,1
316641,1,1
316741,1,1
316841,1,1
316941,1,1
317041,1,1
317141,1,1
317241,1,1
317341,1,1
317441,1,1
317541,1,1
317641,1,1
317741,1,1
317841,1,1
317941,1,1
318041,1,1
318141,1,1
318241,1,1
318341,1,1
318441,1,1
318541,1,1
318642,1,1
318742,1,1
318842,1,1
318942,1,1
319042,1,1
319142,1,1
319242,1,1
319342,1,1
319440,1,1
319540,1,1
319640,1,1
319740,1,1
319840,1,1
319940,1,1
320040,1,1
320140,1,1
320240,1,1
320340,1,1
320440,1,1
320540,1,1
320640,1,1
320740,1,1
320840,1,1
320940,1,1
321040,1,1
321140,1,1
321240,1,1
321340,1,1
321440,1,1
321540,1,1
321640,1,1
321740,1,1
321840,1,1
321940,1,1
322040,1,1
322140,1,1
322240,1,1
322340,1,1
322440,1,1
322540,1,1
322640,1,1
322740,1,1
322840,1,1
322940,1,1
323040,1,1
323140,1,1
323240,1,1
323340,1,1
323450,1,1
323529,1,1
323629,1,1
323729,1,1
323829,1,1
323929,1,1
324029,1,1
324129,1,1
324229,1,1
324329,1,1
324429,1,1
324529,1,1
324629,1,1
324729,1,1
324829,1,1
324929,1,1
325029,1,1
325129,1,1
325229,1,1
325329,1,1
325429,1,1
325529,1,1
325629,1,1
325729,1,1
325830,1,1
325930,1,1
326030,1,1
326130,1,1
326230,1,1
326330,1,1
326430,1,1
326530,1,1
326630,1,1
326730,1,1
326830,1,1
326930,1,1
327030,1,1
327130,1,1
327230,1,1
327330,1,1
327432,1,1
327537,1,1
327637,1,1
327737,1,1
327837,1,1
327937,1,1
328037,1,1
328137,1,1
328237,1,1
328337,1,1
328438,1,1
328538,1,1
328638,1,1
328738,1,1
328838,1,1
328938,1,1
329038,1,1
329138,1,1
329238,1,1
329338,1,1
329438,1,1
329538,1,1
329638,1,1
329738,1,1
329838,1,1
329938,1,1
330038,1,1
330138,1,1
330238,1,1
330338,1,1
330438,1,1
330538,1,1
330638,1,1
330738,1,1
330838,1,1
330938,1,1
331038,1,1
331138,1,1
331238,1,1
331339,1,1
331440,1,1
331538,1,1
331638,1,1
331738,1,1
331838,1,1
331938,1,1
332038,1,1
332138,1,1
332238,1,1
332338,1,1
332438,1,1
332538,1,1
332638,1,1
332738,1,1
332838,1,1
332938,1,1
333038,1,1
333138,1,1
333238,1,1
333338,1,1
333438,1,1
333538,1,1
333638,1,1
333738,1,1
333838,1,1
333938,1,1
334038,1,1
334138,1,1
334238,1,1
334338,1,1
334438,1,1
334538,1,1
334638,1,1
334738,1,1
334838,1,1
334938,1,1
335038,1,1
335138,1,1
335238,1,1
335338,1,1
335440,1,1
335538,1,1
335638,1,1
335738,1,1
335838,1,1
335938,1,1
336038,1,1
336138,1,1
336238,1,1
336338,1,1
336438,1,1
336538,1,1
336638,1,1
336738,1,1
336839,1,1
336939,1,1
337039,1,1
337139,1,1
337239,1,1
337339,1,1
337439,1,1
337539,1,1
337639,1,1
337739,1,1
337839,1,1
337939,1,1
338039,1,1
338139,1,1
338239,1,1
338339,1,1
338439,1,1
338539,1,1
338639,1,1
338739,1,1
338839,1,1
338939,1,1
339039,1,1
339139,1,1
339239,1,1
339339,1,1
339442,1,1
339539,1,1
339639,1,1
339739,1,1
339839,1,1
339939,1,1
340039,1,1
340139,1,1
340239,1,1
340339,1,1
340439,1,1
340539,1,1
340639,1,1
340739,1,1
340839,1,1
340939,1,1
341039,1,1
341139,1,1
341239,1,1
341339,1,1
341439,1,1
341539,1,1
341639,1,1
341739,1,1
341839,1,1
341939,1,1
342039,1,1
342139,1,1
342239,1,1
342340,1,1
342440,1,1
342540,1,1
342640,1,1
342740,1,1
342840,1,1
342940,1,1
343040,1,1
343140,1,1
343240,1,1
343340,1,1
343440,1,1
343540,1,1
343640,1,1
343740,1,1
343840,1,1
343940,1,1
344040,1,1
344140,1,1
344240,1,1
344340,1,1
344440,1,1
344540,1,1
344640,1,1
344740,1,1
344840,1,1
344940,1,1
345040,1,1
345140,1,1
345241,1,1
345341,1,1
345441,1,1
345541,1,1
345641,1,1
345741,1,1
345841,1,1
345941,1,1
346041,1,1
346141,1,1
346241,1,1
346341,1,1
346441,1,1
346541,1,1
346641,1,1
346741,1,1
346841,1,1
346941,1,1
347041,1,1
347141,1,1
347241,1,1
347341,1,1
347468,0,0
347568,0,0
347668,0,0
347768,0,0
347868,0,0
347968,0,0
348068,0,0
348168,0,0
348268,0,0
348368,0,0
348468,0,0
348569,0,0
348669,0,0
348769,0,0
348869,0,0
348969,0,0
349069,0,0
349169,0,0
349269,0,0
349369,0,0
349469,0,0
349569,0,0
349669,0,0
349769,0,0
349869,0,0
349969,0,0
350069,0,0
350169,0,0
350269,0,0
350369,0,0
350469,0,0
350569,0,0
350669,0,0
350769,0,0
350869,0,0
350969,0,0
351069,0,0
351169,0,0
351269,0,0
351369,0,0
351469,0,0
351569,0,0
351669,0,0
351769,0,0
351869,0,0
351969,0,0
352069,0,0
352169,0,0
352269,0,0
352369,0,0
352469,0,0
352569,0,0
352669,0,0
352769,0,0
352869,0,0
352969,0,0
353069,0,0
353169,0,0
353269,0,0
353369,0,0
353469,0,0
353569,0,0
353669,0,0
353769,0,0
353869,0,0
353969,0,0
354069,0,0
354169,0,0
354269,0,0
354369,0,0
354469,0,0
354569,0,0
354669,0,0
354769,0,0
354869,0,0
354969,0,0
355069,0,0
355169,0,0
355269,0,0
355369,0,0
355475,0,0
355554,1,1
355654,1,1
355754,1,1
355854,1,1
355954,1,1
356054,1,1
356154,1,1
356254,1,1
356354,1,1
356454,1,1
356554,1,1
356655,1,1
356755,1,1
356855,1,1
356955,1,1
357055,1,1
357155,1,1
357255,1,1
357355,1,1
357455,1,1
357555,1,1
357655,1,1
357755,1,1
357855,1,1
357955,1,1
358055,1,1
358155,1,1
358255,1,1
358355,1,1
358455,1,1
358555,1,1
358655,1,1
358755,1,1
358855,1,1
358955,1,1
359055,1,1
359155,1,1
359255,1,1
359355,1,1
359460,1,1
359558,1,1
359658,1,1
359758,1,1
359858,1,1
359958,1,1
360058,1,1
360158,1,1
360258,1,1
360358,1,1
360458,1,1
360558,1,1
360658,1,1
360758,1,1
360858,1,1
360958,1,1
361058,1,1
361158,1,1
361258,1,1
361358,1,1
361458,1,1
361558,1,1
361658,1,1
361758,1,1
361858,1,1
361958,1,1
362058,1,1
362158,1,1
362258,1,1
362358,1,1
362458,1,1
362558,1,1
362658,1,1
362758,1,1
362858,1,1
362958,1,1
363058,1,1
363158,1,1
363258,1,1
363358,1,1
363460,1,1
363575,1,1
363675,1,1
363775,1,1
363875,1,1
363975,1,1
364075,1,1
364175,1,1
364275,1,1
364375,1,1
364476,1,1
364576,1,1
364676,1,1
364776,1,1
364876,1,1
364976,1,1
365076,1,1
365176,1,1
365276,1,1
365376,1,1
365476,1,1
365576,1,1
365676,1,1
365776,1,1
365876,1,1
365976,1,1
366076,1,1
366176,1,1
366276,1,1
366376,1,1
366476,1,1
366576,1,1
366676,1,1
366776,1,1
366876,1,1
366976,1,1
367076,1,1
367176,1,1
367276,1,1
367377,1,1
367480,1,1
367574,1,1
367674,1,1
367774,1,1
367874,1,1
367974,1,1
368074,1,1
368174,1,1
368274,1,1
368374,1,1
368474,1,1
368574,1,1
368674,1,1
368774,1,1
368874,1,1
368974,1,1
369074,1,1
369174,1,1
369274,1,1
369374,1,1
369474,1,1
369574,1,1
369675,1,1
369775,1,1
369875,1,1
369975,1,1
370075,1,1
370175,1,1
370275,1,1
370375,1,1
370475,1,1
370575,1,1
370675,1,1
370775,1,1
370875,1,1
370975,1,1
371075,1,1
371175,1,1
371275,1,1
371375,1,1
371475,1,1
371575,1,1
371688,1,1
371788,1,1
371888,1,1
371988,1,1
372088,1,1
372188,1,1
372288,1,1
372388,1,1
372488,1,1
372588,1,1
372688,1,1
372788,1,1
372888,1,1
372988,1,1
373088,1,1
373188,1,1
373288,1,1
373388,1,1
373488,1,1
373588,1,1
373688,1,1
373788,1,1
373888,1,1
373988,1,1
374088,1,1
374188,1,1
374288,1,1
374388,1,1
374488,1,1
374588,1,1
374688,1,1
374788,1,1
374888,1,1
374988,1,1
375088,1,1
375188,1,1
375288,1,1
375388,1,1
375495,1,1
375595,1,1
375709,1,1
375809,1,1
375909,1,1
376009,1,1
376109,1,1
376209,1,1
376309,1,1
376409,1,1
376509,1,1
376609,1,1
376709,1,1
376809,1,1
376909,1,1
377009,1,1
377109,1,1
377209,1,1
377309,1,1
377409,1,1
377510,1,1
377610,1,1
377710,1,1
377810,1,1
377910,1,1
378010,1,1
378110,1,1
378210,1,1
378310,1,1
378410,1,1
378510,1,1
378610,1,1
378710,1,1
378810,1,1
378910,1,1
379010,1,1
379110,1,1
379210,1,1
379310,1,1
379410,1,1
379521,1,1
379621,1,1
379718,1,1
379818,1,1
379918,1,1
380018,1,1
380118,1,1
380218,1,1
380318,1,1
380418,1,1
380518,1,1
380618,1,1
380718,1,1
380818,1,1
380918,1,1
381018,1,1
381118,1,1
381219,1,1
381319,1,1
381419,1,1
381519,1,1
381619,1,1
381719,1,1
381819,1,1
381919,1,1
382019,1,1
382119,1,1
382219,1,1
382319,1,1
382419,1,1
382519,1,1
382619,1,1
382719,1,1
382819,1,1
382919,1,1
383019,1,1
383119,1,1
383219,1,1
383319,1,1
383419,1,1
383519,1,1
383619,1,1
383718,1,1
383818,1,1
383918,1,1
384018,1,1
384118,1,1
384218,1,1
384318,1,1
384418,1,1
384518,1,1
384618,1,1
384718,1,1
384818,1,1
384918,1,1
385018,1,1
385118,1,1
385218,1,1
385318,1,1
385418,1,1
385518,1,1
385618,1,1
385718,1,1
385818,1,1
385918,1,1
386018,1,1
386118,1,1
386218,1,1
386318,1,1
386418,1,1
386518,1,1
386618,1,1
386718,1,1
386818,1,1
386918,1,1
387018,1,1
387118,1,1
387218,1,1
387318,1,1
387418,1,1
387518,1,1
387618,1,1
387717,1,1
387817,1,1
387917,1,1
388017,1,1
388117,1,1
388217,1,1
388317,1,1
388417,1,1
388517,1,1
388617,1,1
388717,1,1
388817,1,1
388917,1,1
389017,1,1
389117,1,1
389217,1,1
389317,1,1
389417,1,1
389517,1,1
389617,1,1
389717,1,1
389817,1,1
389917,1,1
390017,1,1
390117,1,1
390217,1,1
390317,1,1
390417,1,1
390517,1,1
390617,1,1
390717,1,1
390817,1,1
390917,1,1
391017,1,1
391117,1,1
391217,1,1
391317,1,1
391417,1,1
391518,1,1
391618,1,1
391716,1,1
391816,1,1
391916,1,1
392016,1,1
392116,1,1
392216,1,1
392316,1,1
392416,1,1
392516,1,1
392616,1,1
392716,1,1
392816,1,1
392916,1,1
393016,1,1
393116,1,1
393216,1,1
393316,1,1
393416,1,1
393516,1,1
393616,1,1
393717,1,1
393817,1,1
393917,1,1
394017,1,1
394117,1,1
394217,1,1
394317,1,1
394417,1,1
394517,1,1
394617,1,1
394717,1,1
394817,1,1
394917,1,1
395017,1,1
395117,1,1
395217,1,1
395317,1,1
395417,1,1
395525,1,1
395625,1,1
395723,1,1
395823,1,1
395923,1,1
396023,1,1
396123,1,1
396223,1,1
396323,1,1
396423,1,1
396523,1,1
396623,1,1
396723,1,1
396823,1,1
396923,1,1
397023,1,1
397123,1,1
397223,1,1
397323,1,1
397423,1,1
397523,1,1
397623,1,1
397723,1,1
397823,1,1
397923,1,1
398024,1,1
398124,1,1
398224,1,1
398324,1,1
398424,1,1
398524,1,1
398624,1,1
398724,1,1
398824,1,1
398924,1,1
399024,1,1
399124,1,1
399224,1,1
399324,1,1
399424,1,1
399524,1,1
399624,1,1
399724,1,1
399824,1,1
399924,1,1
400024,1,1
400124,1,1
400224,1,1
400324,1,1
400424,1,1
400524,1,1
400624,1,1
400724,1,1
400824,1,1
400925,1,1
401025,1,1
401125,1,1
401225,1,1
401325,1,1
401425,1,1
401525,1,1
401625,1,1
401725,1,1
401825,1,1
401925,1,1
402025,1,1
402125,1,1
402225,1,1
402325,1,1
402425,1,1
402525,1,1
402625,1,1
402725,1,1
402825,1,1
402925,1,1
403025,1,1
403125,1,1
403225,1,1
403325,1,1
403425,1,1
403552,0,0
403652,0,0
403752,0,0
403852,0,0
403952,0,0
404052,0,0
404152,0,0
404253,0,0
404353,0,0
404453,0,0
404553,0,0
404653,0,0
404753,0,0
404853,0,0
404953,0,0
405053,0,0
405153,0,0
405253,0,0
405353,0,0
405453,0,0
405553,0,0
405653,0,0
405753,0,0
405853,0,0
405953,0,0
406053,0,0
406153,0,0
406253,0,0
406353,0,0
406453,0,0
406553,0,0
406653,0,0
406753,0,0
406853,0,0
406953,0,0
407053,0,0
407153,0,0
407253,0,0
407353,0,0
407453,0,0
407553,0,0
407653,0,0
407753,0,0
407853,0,0
407953,0,0
408053,0,0
408153,0,0
408253,0,0
408353,0,0
408453,0,0
408553,0,0
408653,0,0
408753,0,0
408853,0,0
408953,0,0
409053,0,0
409153,0,0
409253,0,0
409353,0,0
409453,0,0
409553,0,0
409653,0,0
409753,0,0
409853,0,0
409953,0,0
410053,0,0
410153,0,0
410253,0,0
410353,0,0
410453,0,0
410553,0,0
410653,0,0
410753,0,0
410853,0,0
410953,0,0
411053,0,0
411153,0,0
411253,0,0
411353,0,0
411453,0,0
411553,0,0
411653,0,0
411753,0,0
411853,0,0
411953,0,0
412053,0,0
412153,0,0
412253,0,0
412353,0,0
412453,0,0
412553,0,0
412653,0,0
412753,0,0
412853,0,0
412953,0,0
413053,0,0
413153,0,0
413253,0,0
413353,0,0
413453,0,0
413553,0,0
413653,0,0
413753,0,0
413853,0,0
413953,0,0
414053,0,0
414153,0,0
414253,0,0
414353,0,0
414453,0,0
414553,0,0
414653,0,0
414753,0,0
414853,0,0
414953,0,0
415053,0,0
415153,0,0
415253,0,0
415353,0,0
415453,0,0
415553,0,0
415653,0,0
415745,0,0
415878,0,0
415979,1,1
416079,1,1
416179,1,1
416279,1,1
416379,1,1
416479,1,1
416579,1,1
416679,1,1
416779,1,1
416879,1,1
416979,1,1
417079,1,1
417179,1,1
417279,1,1
417379,1,1
417479,1,1
417579,1,1
417679,1,1
417779,1,1
417879,1,1
417979,1,1
418079,1,1
418179,1,1
418279,1,1
418379,1,1
418479,1,1
418579,1,1
418679,1,1
418779,1,1
418880,1,1
418980,1,1
419080,1,1
419180,1,1
419280,1,1
419380,1,1
419480,1,1
419580,1,1
419680,1,1
419780,1,1
419880,1,1
419980,1,1
420080,1,1
420180,1,1
420280,1,1
420380,1,1
420480,1,1
420580,1,1
420680,1,1
420780,1,1
420880,1,1
420980,1,1
421080,1,1
421180,1,1
421280,1,1
421380,1,1
421480,1,1
421580,1,1
421680,1,1
421781,1,1
421881,1,1
421981,1,1
422081,1,1
422181,1,1
422281,1,1
422381,1,1
422481,1,1
422581,1,1
422681,1,1
422781,1,1
422881,1,1
422981,1,1
423081,1,1
423181,1,1
423281,1,1
423381,1,1
423481,1,1
423581,1,1
423681,1,1
423779,1,1
423879,1,1
423979,1,1
424079,1,1
424179,1,1
424279,1,1
424379,1,1
424479,1,1
424579,1,1
424679,1,1
424779,1,1
424879,1,1
424979,1,1
425079,1,1
425179,1,1
425279,1,1
425379,1,1
425479,1,1
425579,1,1
425679,1,1
425779,1,1
425879,1,1
425979,1,1
426079,1,1
426179,1,1
426279,1,1
426379,1,1
426479,1,1
426579,1,1
426679,1,1
426779,1,1
426879,1,1
426979,1,1
427079,1,1
427179,1,1
427279,1,1
427379,1,1
427479,1,1
427579,1,1
427679,1,1
427776,1,1
427876,1,1
427976,1,1
428076,1,1
428176,1,1
428276,1,1
428376,1,1
428476,1,1
428576,1,1
428676,1,1
428776,1,1
428876,1,1
428976,1,1
429076,1,1
429176,1,1
429276,1,1
429376,1,1
429476,1,1
429576,1,1
429676,1,1
429776,1,1
429876,1,1
429976,1,1
430076,1,1
430176,1,1
430276,1,1
430376,1,1
430476,1,1
430576,1,1
430676,1,1
430776,1,1
430876,1,1
430976,1,1
431076,1,1
431176,1,1
431276,1,1
431376,1,1
431476,1,1
431576,1,1
431676,1,1
431775,1,1
431875,1,1
431975,1,1
432075,1,1
432175,1,1
432275,1,1
432375,1,1
432475,1,1
432575,1,1
432675,1,1
432775,1,1
432875,1,1
432975,1,1
433075,1,1
433175,1,1
433275,1,1
433375,1,1
433475,1,1
433575,1,1
433675,1,1
433775,1,1
433875,1,1
433975,1,1
434075,1,1
434175,1,1
434275,1,1
434375,1,1
434475,1,1
434575,1,1
434675,1,1
434775,1,1
434875,1,1
434975,1,1
435075,1,1
435175,1,1
435275,1,1
435375,1,1
435475,1,1
435575,1,1
435675,1,1
435773,1,1
435875,1,1
435975,1,1
436075,1,1
436175,1,1
436275,1,1
436375,1,1
436475,1,1
436575,1,1
436675,1,1
436775,1,1
436875,1,1
436975,1,1
437075,1,1
437176,1,1
437276,1,1
437376,1,1
437476,1,1
437576,1,1
437676,1,1
437776,1,1
437876,1,1
437976,1,1
438076,1,1
438176,1,1
438276,1,1
438376,1,1
438476,1,1
438576,1,1
438676,1,1
438776,1,1
438876,1,1
438976,1,1
439076,1,1
439176,1,1
439276,1,1
439376,1,1
439476,1,1
439576,1,1
439676,1,1
439776,1,1
439899,1,1
439999,1,1
440099,1,1
440199,1,1
440299,1,1
440399,1,1
440499,1,1
440599,1,1
440699,1,1
440799,1,1
440899,1,1
440999,1,1
441099,1,1
441199,1,1
441299,1,1
441400,1,1
441500,1,1
441600,1,1
441700,1,1
441800,1,1
441900,1,1
442000,1,1
442100,1,1
442200,1,1
442300,1,1
442400,1,1
442500,1,1
442600,1,1
442700,1,1
442800,1,1
442900,1,1
443000,1,1
443100,1,1
443200,1,1
443300,1,1
443400,1,1
443500,1,1
443600,1,1
443700,1,1
443797,1,1
443898,1,1
443998,1,1
444098,1,1
444198,1,1
444298,1,1
444398,1,1
444498,1,1
444598,1,1
444698,1,1
444798,1,1
444898,1,1
444998,1,1
445098,1,1
445198,1,1
445298,1,1
445398,1,1
445498,1,1
445598,1,1
445698,1,1
445798,1,1
445898,1,1
445998,1,1
446098,1,1
446198,1,1
446298,1,1
446398,1,1
446498,1,1
446598,1,1
446698,1,1
446798,1,1
446898,1,1
446998,1,1
447098,1,1
447198,1,1
447298,1,1
447398,1,1
447498,1,1
447598,1,1
447698,1,1
447798,1,1
447913,1,1
448013,1,1
448113,1,1
448213,1,1
448313,1,1
448413,1,1
448513,1,1
448613,1,1
448713,1,1
448813,1,1
448913,1,1
449013,1,1
449113,1,1
449213,1,1
449313,1,1
449413,1,1
449513,1,1
449613,1,1
449713,1,1
449813,1,1
449913,1,1
450013,1,1
450113,1,1
450213,1,1
450313,1,1
450413,1,1
450513,1,1
450613,1,1
450713,1,1
450813,1,1
450913,1,1
451013,1,1
451113,1,1
451213,1,1
451313,1,1
451413,1,1
451513,1,1
451613,1,1
451713,1,1
451813,1,1
451907,1,1
452007,1,1
452107,1,1
452207,1,1
452307,1,1
452407,1,1
452507,1,1
452607,1,1
452707,1,1
452807,1,1
452907,1,1
453007,1,1
453107,1,1
453208,1,1
453308,1,1
453408,1,1
453508,1,1
453608,1,1
453708,1,1
453808,1,1
453908,1,1
454008,1,1
454108,1,1
454208,1,1
454308,1,1
454408,1,1
454508,1,1
454608,1,1
454708,1,1
454808,1,1
454908,1,1
455008,1,1
455108,1,1
455208,1,1
455308,1,1
455408,1,1
455508,1,1
455608,1,1
455708,1,1
455808,1,1
455905,1,1
456005,1,1
456106,1,1
456206,1,1
456306,1,1
456406,1,1
456506,1,1
456606,1,1
456706,1,1
456806,1,1
456906,1,1
457006,1,1
457106,1,1
457206,1,1
457306,1,1
457406,1,1
457506,1,1
457606,1,1
457706,1,1
457806,1,1
457906,1,1
458006,1,1
458106,1,1
458206,1,1
458306,1,1
458406,1,1
458506,1,1
458606,1,1
458706,1,1
458806,1,1
458906,1,1
459007,1,1
459107,1,1
459207,1,1
459307,1,1
459407,1,1
459507,1,1
459607,1,1
459707,1,1
459807,1,1
459907,1,1
460007,1,1
460107,1,1
460207,1,1
460307,1,1
460407,1,1
460507,1,1
460607,1,1
460707,1,1
460807,1,1
460907,1,1
461007,1,1
461107,1,1
461207,1,1
461307,1,1
461407,1,1
461507,1,1
461607,1,1
461707,1,1
461807,1,1
461907,1,1
462007,1,1
462107,1,1
462207,1,1
462307,1,1
462407,1,1
462507,1,1
462607,1,1
462707,1,1
462807,1,1
462907,1,1
463007,1,1
463107,1,1
463207,1,1
463307,1,1
463407,1,1
463507,1,1
463607,1,1
463707,1,1
463807,1,1
463907,1,1
464007,0,0
464107,0,0
464207,0,0
464307,0,0
464407,0,0
464507,0,0
464607,0,0
464707,0,0
464807,0,0
464907,0,0
465007,0,0
465107,0,0
465207,0,0
465307,0,0
465407,0,0
465507,0,0
465607,0,0
465707,0,0
465807,0,0
465907,0,0
466007,0,0
466107,0,0
466207,0,0
466307,0,0
466407,0,0
466507,0,0
466607,0,0
466707,0,0
466807,0,0
466907,0,0
467007,0,0
467107,0,0
467207,0,0
467307,0,0
467407,0,0
467507,0,0
467607,0,0
467707,0,0
467807,0,0
467907,0,0
468007,0,0
468107,0,0
468207,0,0
468307,0,0
468407,0,0
468507,0,0
468607,0,0
468707,0,0
468807,0,0
468907,0,0
469007,0,0
469107,0,0
469207,0,0
469307,0,0
469407,0,0
469507,0,0
469607,0,0
469707,0,0
469807,0,0
469907,0,0
470007,0,0
470107,0,0
470207,0,0
470307,0,0
470407,0,0
470507,0,0
470607,0,0
470707,0,0
470807,0,0
470907,0,0
471007,0,0
471107,0,0
471207,0,0
471307,0,0
471407,0,0
471507,0,0
471607,0,0
471707,0,0
471807,0,0
471906,0,0
472006,1,1
472106,1,1
472206,1,1
472306,1,1
472406,1,1
472506,1,1
472606,1,1
472706,1,1
472806,1,1
472906,1,1
473006,1,1
473106,1,1
473206,1,1
473306,1,1
473406,1,1
473506,1,1
473606,1,1
473706,1,1
473806,1,1
473906,1,1
474006,1,1
474106,1,1
474206,1,1
474306,1,1
474406,1,1
474506,1,1
474606,1,1
474706,1,1
474806,1,1
474906,1,1
475006,1,1
475106,1,1
475206,1,1
475306,1,1
475406,1,1
475506,1,1
475606,1,1
475706,1,1
475806,1,1
475904,1,1
476004,1,1
476104,1,1
476204,1,1
476304,1,1
476404,1,1
476504,1,1
476604,1,1
476704,1,1
476804,1,1
476904,1,1
477004,1,1
477104,1,1
477204,1,1
477304,1,1
477404,1,1
477504,1,1
477604,1,1
477704,1,1
477804,1,1
477904,1,1
478004,1,1
478104,1,1
478204,1,1
478304,1,1
478404,1,1
478504,1,1
478604,1,1
478704,1,1
478804,1,1
478904,1,1
479004,1,1
479104,1,1
479204,1,1
479304,1,1
479404,1,1
479504,1,1
479604,1,1
479704,1,1
479804,1,1
479904,1,1
480004,1,1
480104,1,1
480204,1,1
480304,1,1
480404,1,1
480504,1,1
480604,1,1
480704,1,1
480804,1,1
480904,1,1
481004,1,1
481104,1,1
481204,1,1
481304,1,1
481404,1,1
481504,1,1
481604,1,1
481704,1,1
481804,1,1
481904,1,1
482004,1,1
482104,1,1
482204,1,1
482304,1,1
482404,1,1
482504,1,1
482604,1,1
482704,1,1
482804,1,1
482904,1,1
483004,1,1
483104,1,1
483204,1,1
483304,1,1
483404,1,1
483504,1,1
483604,1,1
483704,1,1
483804,1,1
483902,1,1
484002,1,1
484102,1,1
484202,1,1
484302,1,1
484402,1,1
484502,1,1
484602,1,1
484702,1,1
484802,1,1
484902,1,1
485002,1,1
485102,1,1
485202,1,1
485302,1,1
485402,1,1
485502,1,1
485602,1,1
485702,1,1
485802,1,1
485902,1,1
486002,1,1
486102,1,1
486202,1,1
486302,1,1
486402,1,1
486502,1,1
486602,1,1
486702,1,1
486802,1,1
486902,1,1
487002,1,1
487102,1,1
487202,1,1
487302,1,1
487402,1,1
487502,1,1
487602,1,1
487702,1,1
487802,1,1
487902,1,1
488002,1,1
488102,1,1
488202,1,1
488302,1,1
488402,1,1
488502,1,1
488602,1,1
488702,1,1
488802,1,1
488902,1,1
489002,1,1
489102,1,1
489202,1,1
489302,1,1
489402,1,1
489502,1,1
489602,1,1
489702,1,1
489802,1,1
489902,1,1
490002,1,1
490102,1,1
490202,1,1
490302,1,1
490402,1,1
490502,1,1
490602,1,1
490702,1,1
490802,1,1
490902,1,1
491002,1,1
491102,1,1
491202,1,1
491302,1,1
491402,1,1
491502,1,1
491602,1,1
491702,1,1
491802,1,1
491900,1,1
492000,1,1
492100,1,1
492200,1,1
492300,1,1
492400,1,1
492500,1,1
492600,1,1
492700,1,1
492800,1,1
492900,1,1
493000,1,1
493100,1,1
493200,1,1
493300,1,1
493400,1,1
493500,1,1
493600,1,1
493700,1,1
493800,1,1
493900,1,1
494000,1,1
494100,1,1
494200,1,1
494300,1,1
494400,1,1
494500,1,1
494600,1,1
494700,1,1
494800,1,1
494900,1,1
495000,1,1
495100,1,1
495200,1,1
495300,1,1
495400,1,1
495500,1,1
495600,1,1
495700,1,1
495800,1,1
495898,1,1
495998,1,1
496098,1,1
496198,1,1
496298,1,1
496398,1,1
496498,1,1
496598,1,1
496698,1,1
496798,1,1
496898,1,1
496998,1,1
497098,1,1
497198,1,1
497298,1,1
497398,1,1
497498,1,1
497598,1,1
497698,1,1
497798,1,1
497898,1,1
497998,1,1
498098,1,1
498198,1,1
498298,1,1
498398,1,1
498498,1,1
498598,1,1
498698,1,1
498798,1,1
498898,1,1
498998,1,1
499098,1,1
499198,1,1
499298,1,1
499398,1,1
499498,1,1
499598,1,1
499698,1,1
499798,1,1
499896,1,1
499996,1,1
500096,1,1
500196,1,1
500296,1,1
500396,1,1
500496,1,1
500596,1,1
500696,1,1
500796,1,1
500896,1,1
500996,1,1
501096,1,1
501196,1,1
501296,1,1
501396,1,1
501496,1,1
501596,1,1
501696,1,1
501796,1,1
501896,1,1
501996,1,1
502096,1,1
502196,1,1
502296,1,1
502396,1,1
502496,1,1
502596,1,1
502696,1,1
502796,1,1
502896,1,1
502996,1,1
503096,1,1
503196,1,1
503296,1,1
503396,1,1
503496,1,1
503596,1,1
503696,1,1
503796,1,1
503894,1,1
503998,1,1
504098,1,1
504198,1,1
504298,1,1
504398,1,1
504498,1,1
504598,1,1
504698,1,1
504798,1,1
504898,1,1
504998,1,1
505098,1,1
505198,1,1
505298,1,1
505398,1,1
505498,1,1
505598,1,1
505698,1,1
505798,1,1
505898,1,1
505998,1,1
506098,1,1
506198,1,1
506298,1,1
506398,1,1
506498,1,1
506598,1,1
506698,1,1
506798,1,1
506898,1,1
506998,1,1
507098,1,1
507198,1,1
507298,1,1
507398,1,1
507498,1,1
507598,1,1
507698,1,1
507798,1,1
507898,1,1
508002,1,1
508102,1,1
508202,1,1
508302,1,1
508402,1,1
508502,1,1
508602,1,1
508702,1,1
508802,1,1
508902,1,1
509002,1,1
509102,1,1
509202,1,1
509302,1,1
509402,1,1
509502,1,1
509602,1,1
509702,1,1
509802,1,1
509902,1,1
510002,1,1
510102,1,1
510202,1,1
510302,1,1
510402,1,1
510502,1,1
510602,1,1
510702,1,1
510802,1,1
510902,1,1
511002,1,1
511102,1,1
511202,1,1
511302,1,1
511402,1,1
511502,1,1
511602,1,1
511702,1,1
511802,1,1
511899,1,1
512021,1,1
512121,1,1
512221,1,1
512321,1,1
512421,1,1
512521,1,1
512621,1,1
512721,1,1
512821,1,1
512922,1,1
513022,1,1
513122,1,1
513222,1,1
513322,1,1
513422,1,1
513522,1,1
513622,1,1
513722,1,1
513822,1,1
513922,1,1
514022,1,1
514122,1,1
514222,1,1
514322,1,1
514422,1,1
514522,1,1
514622,1,1
514722,1,1
514822,1,1
514922,1,1
515022,1,1
515122,1,1
515222,1,1
515322,1,1
515422,1,1
515522,1,1
515622,1,1
515722,1,1
515823,1,1
515923,1,1
516023,1,1
516123,1,1
516223,1,1
516323,1,1
516423,1,1
516523,1,1
516623,1,1
516723,1,1
516823,1,1
516923,1,1
517023,1,1
517123,1,1
517223,1,1
517323,1,1
517423,1,1
517523,1,1
517623,1,1
517723,1,1
517823,1,1
517923,1,1
518023,1,1
518123,1,1
518223,1,1
518323,1,1
518423,1,1
518523,1,1
518623,1,1
518723,1,1
518823,1,1
518923,1,1
519023,1,1
519123,1,1
519223,1,1
519323,1,1
519423,1,1
519523,1,1
519623,1,1
519723,1,1
519823,1,1
519923,1,1
520051,0,0
520151,0,0
520251,0,0
520351,0,0
520451,0,0
520551,0,0
520651,0,0
520751,0,0
520851,0,0
520951,0,0
521051,0,0
521151,0,0
521251,0,0
521351,0,0
521451,0,0
521551,0,0
521651,0,0
521751,0,0
521851,0,0
521951,0,0
522051,0,0
522151,0,0
522251,0,0
522351,0,0
522451,0,0
522551,0,0
522651,0,0
522751,0,0
522851,0,0
522951,0,0
523051,0,0
523151,0,0
523251,0,0
523351,0,0
523451,0,0
523551,0,0
523651,0,0
523751,0,0
523851,0,0
523951,0,0
524051,0,0
524151,0,0
524251,0,0
524351,0,0
524451,0,0
524551,0,0
524651,0,0
524751,0,0
524851,0,0
524951,0,0
525051,0,0
525151,0,0
525251,0,0
525351,0,0
525451,0,0
525551,0,0
525651,0,0
525751,0,0
525851,0,0
525951,0,0
526051,0,0
526151,0,0
526251,0,0
526351,0,0
526451,0,0
526551,0,0
526651,0,0
526751,0,0
526851,0,0
526951,0,0
527051,0,0
527151,0,0
527251,0,0
527351,0,0
527451,0,0
527551,0,0
527651,0,0
527751,0,0
527851,0,0
527951,0,0
528051,0,0
528151,0,0
528251,0,0
528351,0,0
528451,0,0
528551,0,0
528651,0,0
528751,0,0
528851,0,0
528951,0,0
529051,0,0
529151,0,0
529251,0,0
529351,0,0
529451,0,0
529551,0,0
529651,0,0
529751,0,0
529851,0,0
529951,0,0
530051,0,0
530151,0,0
530251,0,0
530351,0,0
530451,0,0
530551,0,0
530651,0,0
530751,0,0
530851,0,0
530951,0,0
531051,0,0
531151,0,0
531251,0,0
531351,0,0
531451,0,0
531551,0,0
531651,0,0
531751,0,0
531851,0,0
531951,0,0
532051,0,0
532151,0,0
532251,0,0
532351,0,0
532451,0,0
532551,0,0
532651,0,0
532751,0,0
532851,0,0
532951,0,0
533051,0,0
533183,0,0
533283,1,1
533383,1,1
533483,1,1
533583,1,1
533683,1,1
533783,1,1
533883,1,1
533983,1,1
534083,1,1
534183,1,1
534283,1,1
534383,1,1
534483,1,1
534583,1,1
534683,1,1
534783,1,1
534883,1,1
534983,1,1
535083,1,1
535183,1,1
535283,1,1
535383,1,1
535483,1,1
535583,1,1
535683,1,1
535783,1,1
535883,1,1
535983,1,1
536083,1,1
536183,1,1
536283,1,1
536383,1,1
536483,1,1
536583,1,1
536683,1,1
536783,1,1
536883,1,1
536983,1,1
537082,1,1
537182,1,1
537282,1,1
537382,1,1
537482,1,1
537582,1,1
537682,1,1
537782,1,1
537882,1,1
537982,1,1
538082,1,1
538182,1,1
538282,1,1
538382,1,1
538482,1,1
538582,1,1
538682,1,1
538782,1,1
538882,1,1
538982,1,1
539082,1,1
539182,1,1
539282,1,1
539382,1,1
539482,1,1
539582,1,1
539682,1,1
539782,1,1
539882,1,1
539982,1,1
540082,1,1
540182,1,1
540282,1,1
540382,1,1
540482,1,1
540582,1,1
540682,1,1
540782,1,1
540882,1,1
540982,1,1
541081,1,1
541190,1,1
541290,1,1
541390,1,1
541490,1,1
541590,1,1
541690,1,1
541790,1,1
541890,1,1
541990,1,1
542090,1,1
542190,1,1
542290,1,1
542390,1,1
542490,1,1
542590,1,1
542690,1,1
542790,1,1
542890,1,1
542990,1,1
543090,1,1
543190,1,1
543291,1,1
543391,1,1
543491,1,1
543591,1,1
543691,1,1
543791,1,1
543891,1,1
543991,1,1
544091,1,1
544191,1,1
544291,1,1
544391,1,1
544491,1,1
544591,1,1
544691,1,1
544791,1,1
544891,1,1
544991,1,1
545088,1,1
545193,1,1
545293,1,1
545393,1,1
545493,1,1
545593,1,1
545693,1,1
545793,1,1
545893,1,1
545993,1,1
546093,1,1
546193,1,1
546293,1,1
546393,1,1
546493,1,1
546593,1,1
546693,1,1
546793,1,1
546893,1,1
546993,1,1
547093,1,1
547193,1,1
547293,1,1
547393,1,1
547493,1,1
547593,1,1
547693,1,1
547793,1,1
547893,1,1
547993,1,1
548093,1,1
548194,1,1
548294,1,1
548394,1,1
548494,1,1
548594,1,1
548694,1,1
548794,1,1
548894,1,1
548994,1,1
549094,1,1
549221,1,1
549321,1,1
549421,1,1
549521,1,1
549621,1,1
549721,1,1
549821,1,1
549921,1,1
550021,1,1
550121,1,1
550221,1,1
550321,1,1
550421,1,1
550521,1,1
550621,1,1
550721,1,1
550821,1,1
550921,1,1
551021,1,1
551121,1,1
551221,1,1
551321,1,1
551421,1,1
551521,1,1
551621,1,1
551721,1,1
551821,1,1
551921,1,1
552021,1,1
552121,1,1
552221,1,1
552321,1,1
552421,1,1
552521,1,1
552621,1,1
552721,1,1
552821,1,1
552921,1,1
553021,1,1
553121,1,1
553211,1,1
553311,1,1
553411,1,1
553511,1,1
553611,1,1
553711,1,1
553811,1,1
553911,1,1
554011,1,1
554111,1,1
554211,1,1
554311,1,1
554411,1,1
554511,1,1
554611,1,1
554711,1,1
554811,1,1
554911,1,1
555011,1,1
555111,1,1
555211,1,1
555311,1,1
555411,1,1
555511,1,1
555611,1,1
555711,1,1
555811,1,1
555911,1,1
556011,1,1
556111,1,1
556211,1,1
556311,1,1
556411,1,1
556511,1,1
556611,1,1
556711,1,1
556811,1,1
556911,1,1
557011,1,1
557111,1,1
557218,1,1
557318,1,1
557418,1,1
557518,1,1
557618,1,1
557718,1,1
557818,1,1
557918,1,1
558018,1,1
558118,1,1
558218,1,1
558318,1,1
558418,1,1
558518,1,1
558618,1,1
558718,1,1
558818,1,1
558918,1,1
559018,1,1
559118,1,1
559218,1,1
559319,1,1
559419,1,1
559519,1,1
559619,1,1
559719,1,1
559819,1,1
559919,1,1
560019,1,1
560119,1,1
560219,1,1
560319,1,1
560419,1,1
560519,1,1
560619,1,1
560719,1,1
560819,1,1
560919,1,1
561019,1,1
561119,1,1
561220,1,1
561320,1,1
561420,1,1
561520,1,1
561620,1,1
561720,1,1
561820,1,1
561920,1,1
562020,1,1
562120,1,1
562220,1,1
562320,1,1
562420,1,1
562520,1,1
562620,1,1
562720,1,1
562820,1,1
562920,1,1
563020,1,1
563120,1,1
563220,1,1
563320,1,1
563420,1,1
563520,1,1
563620,1,1
563720,1,1
563820,1,1
563920,1,1
564020,1,1
564120,1,1
564220,1,1
564320,1,1
564420,1,1
564520,1,1
564620,1,1
564720,1,1
564820,1,1
564920,1,1
565020,1,1
565148,1,1
565258,1,1
565358,1,1
565458,1,1
565558,1,1
565658,1,1
565758,1,1
565858,1,1
565958,1,1
566058,1,1
566158,1,1
566258,1,1
566358,1,1
566458,1,1
566558,1,1
566658,1,1
566758,1,1
566858,1,1
566958,1,1
567058,1,1
567158,1,1
567258,1,1
567358,1,1
567458,1,1
567559,1,1
567659,1,1
567759,1,1
567859,1,1
567959,1,1
568059,1,1
568159,1,1
568259,1,1
568359,1,1
568587,1,1
568687,1,1
568787,1,1
568887,1,1
568987,1,1
569087,1,1
569184,1,1
569284,1,1
569384,1,1
569484,1,1
569584,1,1
569684,1,1
569784,1,1
569884,1,1
569984,1,1
570084,1,1
570184,1,1
570284,1,1
570384,1,1
570484,1,1
570585,1,1
570685,1,1
570785,1,1
570885,1,1
570985,1,1
571085,1,1
571185,1,1
571285,1,1
571385,1,1
571485,1,1
571585,1,1
571685,1,1
571785,1,1
571885,1,1
571985,1,1
572085,1,1
572185,1,1
572285,1,1
572385,1,1
572485,1,1
572585,1,1
572685,1,1
572785,1,1
572885,1,1
572985,1,1
573085,1,1
573184,1,1
573284,1,1
573384,1,1
573484,1,1
573584,1,1
573684,1,1
573784,1,1
573884,1,1
573984,1,1
574084,1,1
574184,1,1
574284,1,1
574384,1,1
574484,1,1
574584,1,1
574684,1,1
574784,1,1
574884,1,1
574984,1,1
575084,1,1
575184,1,1
575284,1,1
575384,1,1
575484,1,1
575584,1,1
575684,1,1
575784,1,1
575884,1,1
575984,1,1
576084,1,1
576184,1,1
576284,1,1
576384,1,1
576484,1,1
576584,1,1
576684,1,1
576784,1,1
576884,1,1
576984,1,1
577084,1,1
577184,1,1
577284,1,1
577384,1,1
577484,1,1
577584,1,1
577684,1,1
577784,1,1
577884,1,1
577984,1,1
578084,1,1
578184,1,1
578284,1,1
578384,1,1
578484,1,1
578584,1,1
578684,1,1
578784,1,1
578884,1,1
578984,1,1
579084,1,1
579184,1,1
579284,1,1
579384,1,1
579484,1,1
579584,1,1
579684,1,1
579784,1,1
579884,1,1
579984,1,1
580084,1,1
580184,1,1
580284,1,1
580384,1,1
580484,1,1
580584,1,1
580684,1,1
580784,1,1
580884,1,1
580984,1,1
581084,1,1
581184,1,1
581302,0,0
581402,0,0
581502,0,0
581602,0,0
581702,0,0
581802,0,0
581902,0,0
582002,0,0
582102,0,0
582202,0,0
582302,0,0
582403,0,0
582503,0,0
582603,0,0
582703,0,0
582803,0,0
582903,0,0
583003,0,0
583103,0,0
583203,0,0
583303,0,0
583403,0,0
583503,0,0
583603,0,0
583703,0,0
583803,0,0
583903,0,0
584003,0,0
584103,0,0
584203,0,0
584303,0,0
584403,0,0
584503,0,0
584603,0,0
584703,0,0
584803,0,0
584903,0,0
585003,0,0
585103,0,0
585203,0,0
585304,0,0
585404,0,0
585504,0,0
585604,0,0
585704,0,0
585804,0,0
585904,0,0
586004,0,0
586104,0,0
586204,0,0
586304,0,0
586404,0,0
586504,0,0
586604,0,0
586704,0,0
586804,0,0
586904,0,0
587004,0,0
587104,0,0
587204,0,0
587304,0,0
587404,0,0
587504,0,0
587604,0,0
587704,0,0
587804,0,0
587904,0,0
588004,0,0
588104,0,0
588204,0,0
588304,0,0
588404,0,0
588504,0,0
588604,0,0
588704,0,0
588804,0,0
588904,0,0
589004,0,0
589104,0,0
589204,0,0
589304,0,0
589404,0,0
589504,0,0
589604,0,0
589704,0,0
589804,0,0
589904,0,0
590004,0,0
590104,0,0
590204,0,0
590304,0,0
590404,0,0
590504,0,0
590604,0,0
590704,0,0
590804,0,0
590904,0,0
591004,0,0
591104,0,0
591204,0,0
591304,0,0
591404,0,0
591504,0,0
591604,0,0
591704,0,0
591804,0,0
591904,0,0
592004,0,0
592104,0,0
592204,0,0
592304,0,0
592404,0,0
592504,0,0
592604,0,0
592704,0,0
592804,0,0
592904,0,0
593004,0,0
593104,0,0
593204,0,0
593304,0,0
593404,0,0
593504,0,0
593604,0,0
593704,0,0
593804,0,0
593904,0,0
594004,0,0
594104,0,0
594204,0,0
594304,0,0
594404,0,0
594504,0,0
594604,0,0
594704,0,0
594804,0,0
594904,0,0
595004,0,0
595104,0,0
595204,0,0
595304,0,0
595404,0,0
595504,0,0
595604,0,0
595704,0,0
595804,0,0
595904,0,0
596004,0,0
596104,0,0
596204,0,0
596304,0,0
596404,0,0
596504,0,0
596604,0,0
596704,0,0
596804,0,0
596904,0,0
597004,0,0
597104,0,0
597204,0,0
597304,0,0
597404,0,0
597504,0,0
597604,0,0
597704,0,0
597804,0,0
597904,0,0
598004,0,0
598104,0,0
598204,0,0
598304,0,0
598404,0,0
598504,0,0
598604,0,0
598704,0,0
598804,0,0
598904,0,0
599004,0,0
599104,0,0
599204,0,0
599304,0,0
599404,0,0
599504,0,0
599604,0,0
599704,0,0
599804,0,0
599904,0,0
600004,0,0
600104,0,0
600204,0,0
600304,0,0
600404,0,0
600504,0,0
600604,0,0
600704,0,0
600804,0,0
600904,0,0
601004,0,0
601104,0,0
601204,0,0
601304,0,0
601404,0,0
601504,0,0
601604,0,0
601704,0,0
601804,0,0
601904,0,0
602004,0,0
602104,0,0
602204,0,0
602304,0,0
602404,0,0
602504,0,0
602604,0,0
602704,0,0
602804,0,0
602904,0,0
603004,0,0
603104,0,0
603204,0,0
603304,0,0
603404,0,0
603504,0,0
603604,0,0
603704,0,0
603804,0,0
603904,0,0
604004,0,0
604104,0,0
604204,0,0
604304,0,0
604404,0,0
604504,0,0
604604,0,0
604704,0,0
604804,0,0
604904,0,0
605004,0,0
605104,0,0
605204,0,0
605304,0,0
605404,0,0
605504,0,0
605604,0,0
605704,0,0
605804,0,0
605904,0,0
606004,0,0
606104,0,0
606204,0,0
606304,0,0
606404,0,0
606504,0,0
606604,0,0
606704,0,0
