p:4000,20000,6000,600,8000,4000,2000,8000,70
16403,packet,1,0,0,1,64,8000
21156,packet,1,0,0,1,64,8000
25224,packet,1,0,0,1,64,8000
29291,packet,1,0,0,1,63,8000
33356,packet,1,0,0,1,63,8000
37425,packet,1,0,0,1,63,8000
42432,packet,1,0,0,1,60,8000
46498,packet,1,0,0,1,60,8000
50564,packet,1,0,0,1,60,8000
54631,packet,1,0,0,1,61,8000
70903,packet,1,0,0,1,52,8000
70941,event,0,0
70970,action,0,0
71029,packet,0,0,1,1
71072,packetAck,1
71589,packet,1,0,2,5,53,8000
71616,event,3,1
71631,action,2,1
72108,packet,1,0,2,5,52,8000
72124,event,1,2
72180,packet,1,0,2,5,52,8000
72196,event,1,2
80182,event,4,2
80197,action,1,2
83080,packet,1,0,0,1,52,8000
83118,event,0,0
83133,action,0,0
83247,packet,0,0,1,1
83289,packetAck,1
87272,event,2,1
87286,action,1,1
91887,packet,1,0,0,1,53,8000
91925,event,0,0
91939,action,0,0
92333,packet,0,0,1,1
92375,packetAck,1
92754,packet,1,0,2,5,52,8000
92770,event,3,1
92784,action,2,1
94797,event,4,2
94812,action,1,2
96852,packet,1,0,0,1,51,8000
96890,event,0,0
96921,action,0,0
97096,packet,0,0,1,1
97139,packetAck,1
101133,event,2,1
101147,action,1,1
104984,packet,1,0,0,1,51,8000
105022,event,0,0
105037,action,0,0
105098,packet,0,0,1,1
105140,packetAck,1
109122,event,2,1
109152,action,1,1
109895,packet,1,0,0,1,53,8000
109933,event,0,0
109949,action,0,0
110058,packet,0,0,1,1
110100,packetAck,1
114086,event,2,1
114100,action,1,1
126776,packet,1,0,0,1,64,8000
131840,packet,1,0,0,1,66,8000
136092,packet,1,0,0,1,64,8000
140159,packet,1,0,0,1,64,8000
144226,packet,1,0,0,1,64,8000
148294,packet,1,0,0,1,64,8000
152951,packet,1,0,0,1,65,8000
157028,packet,1,0,0,1,65,8000
161087,packet,1,0,0,1,66,8000
165152,packet,1,0,0,1,66,8000
186453,packet,1,0,0,1,75,8000
243156,packet,1,0,0,1,55,8000
247792,packet,1,0,0,1,55,8000
300062,packet,1,0,0,1,51,8000
300100,event,0,0
300114,action,0,0
300396,packet,0,0,1,1
300443,packetAck,1
304421,event,2,1
304452,action,1,1
304627,packet,1,0,0,1,51,8000
304665,event,0,0
304679,action,0,0
305077,packet,0,0,1,1
305118,packetAck,1
309102,event,2,1
309116,action,1,1
358992,packet,1,0,0,1,52,8000
359030,event,0,0
359044,action,0,0
359094,packet,0,0,1,1
359136,packetAck,1
359471,packet,1,0,2,5,51,8000
359487,event,3,1
359502,action,2,1
361511,event,4,2
361525,action,1,2
363787,packet,1,0,0,1,50,8000
363825,event,0,0
363840,action,0,0
364209,packet,0,0,1,1
364251,packetAck,1
368235,event,2,1
368249,action,1,1
368710,packet,1,0,0,1,50,8000
368748,event,0,0
368762,action,0,0
369126,packet,0,0,1,1
369185,packetAck,1
373167,event,2,1
373182,action,1,1
416650,packet,1,0,0,1,60,8000
475334,packet,1,0,0,1,54,8000
475373,event,0,0
475387,action,0,0
475597,packet,0,0,1,1
475639,packetAck,1
479635,event,2,1
479649,action,1,1
479980,packet,1,0,0,1,54,8000
480019,event,0,0
480033,action,0,0
480136,packet,0,0,1,1
480179,packetAck,1
484160,event,2,1
484175,action,1,1
534052,packet,1,0,0,1,46,8000
534090,event,0,0
534106,action,0,0
534285,packet,0,0,1,1
534327,packetAck,1
534667,packet,1,0,2,5,47,8000
534682,event,3,1
534696,action,2,1
535082,packet,1,0,2,5,47,8000
535099,event,1,2
535154,packet,1,0,2,5,46,8000
535169,event,1,2
539227,packet,1,0,2,5,46,8000
539242,event,1,2
543301,packet,1,0,2,5,46,8000
543318,event,1,2
547373,packet,1,0,2,5,46,8000
547388,event,1,2
551444,packet,1,0,2,5,46,8000
551459,event,1,2
555509,packet,1,0,2,5,46,8000
555525,event,1,2
559581,packet,1,0,2,5,46,8000
559596,event,1,2
563656,packet,1,0,2,5,46,8000
563673,event,1,2
567724,packet,1,0,2,5,46,8000
567740,event,1,2
571809,packet,1,0,2,5,46,8000
571824,event,1,2
579823,event,4,2
579836,action,1,2
