p:1000,20000,6000,600,2000,1000,2000,6000,100
1145,1,1
1245,1,1
1345,1,1
1445,1,1
1545,1,1
1645,1,1
1745,1,1
1845,1,1
1945,1,1
2045,1,1
2145,1,1
2245,1,1
2345,1,1
2445,1,1
2545,1,1
2645,1,1
2745,1,1
2845,1,1
2945,1,1
3045,1,1
3145,1,1
3245,1,1
3345,1,1
3445,1,1
3545,1,1
3645,1,1
3745,1,1
3845,1,1
3945,1,1
4045,1,1
4145,1,1
4245,1,1
4345,1,1
4445,1,1
4545,1,1
4645,1,1
4745,1,1
4845,1,1
4945,1,1
5045,1,1
5145,1,1
5245,1,1
5345,1,1
5445,1,1
5545,1,1
5645,1,1
5745,1,1
5845,1,1
5945,1,1
6045,1,1
6145,1,1
6245,1,1
6345,1,1
6445,1,1
6545,1,1
6645,1,1
6745,1,1
6845,1,1
6945,1,1
7045,1,1
7145,1,1
7245,1,1
7345,1,1
7445,1,1
7545,1,1
7645,1,1
7745,1,1
7845,1,1
7945,1,1
8045,1,1
8145,1,1
8245,1,1
8345,1,1
8445,1,1
8545,1,1
8645,1,1
8745,1,1
8845,1,1
8945,1,1
9045,1,1
9145,1,1
9245,1,1
9345,1,1
9445,1,1
9545,1,1
9645,1,1
9745,1,1
9845,1,1
9945,1,1
10045,1,1
10145,1,1
10245,1,1
10345,1,1
10445,1,1
10545,1,1
10645,1,1
10745,1,1
10845,1,1
10945,1,1
11045,1,1
11145,1,1
11245,1,1
11345,1,1
11445,1,1
11545,1,1
11645,1,1
11745,1,1
11845,1,1
11945,1,1
12045,1,1
12145,1,1
12245,1,1
12345,1,1
12445,1,1
12545,1,1
12645,1,1
12745,1,1
12845,1,1
12945,1,1
13045,1,1
13145,1,1
13245,1,1
13345,1,1
13445,1,1
13545,1,1
13645,1,1
13745,1,1
13845,1,1
13945,1,1
14045,1,1
14145,1,1
14245,1,1
14345,1,1
14445,1,1
14545,1,1
14645,1,1
14745,1,1
14845,1,1
14945,1,1
15045,1,1
15145,1,1
15245,1,1
15345,1,1
15445,1,1
15545,1,1
15645,1,1
15745,1,1
15845,1,1
15945,1,1
16045,1,1
16145,1,1
16245,1,1
16345,1,1
16445,1,1
16545,1,1
16645,1,1
16745,1,1
16845,1,1
16945,1,1
17045,1,1
17145,1,1
17245,1,1
17345,1,1
17445,1,1
17545,1,1
17645,1,1
17745,1,1
17845,1,1
17945,1,1
18045,1,1
18145,1,1
18245,1,1
18345,1,1
18445,1,1
18545,1,1
18645,1,1
18745,1,1
18845,1,1
18945,1,1
19045,1,1
19145,1,1
19245,1,1
19345,1,1
19445,1,1
19545,1,1
19645,1,1
19745,1,1
19845,1,1
19945,1,1
20045,1,1
20145,1,1
20245,1,1
20345,1,1
20445,1,1
20545,1,1
20645,1,1
20745,1,1
20845,1,1
20945,1,1
21045,1,1
21145,1,1
21245,1,1
21345,1,1
21445,1,1
21545,1,1
21645,1,1
21745,1,1
21845,1,1
21945,1,1
22045,1,1
22145,1,1
22245,1,1
22345,1,1
22445,1,1
22545,1,1
22645,1,1
22745,1,1
22845,1,1
22945,1,1
23045,1,1
23145,1,1
23245,1,1
23345,1,1
23445,1,1
23545,1,1
23645,1,1
23745,1,1
23845,1,1
23945,1,1
24045,1,1
24145,1,1
24245,1,1
24345,1,1
24445,1,1
24545,1,1
24645,1,1
24745,1,1
24845,1,1
24945,1,1
25045,1,1
25145,1,1
25245,1,1
25345,1,1
25445,1,1
25545,1,1
25645,1,1
25745,1,1
25845,1,1
25945,1,1
26045,1,1
26145,1,1
26245,1,1
26345,1,1
26445,1,1
26545,1,1
26645,1,1
26745,1,1
26845,1,1
26945,1,1
27045,1,1
27145,1,1
27245,1,1
27345,1,1
27445,1,1
27545,1,1
27645,1,1
27745,1,1
27845,1,1
27945,1,1
28045,1,1
28145,1,1
28245,1,1
28345,1,1
28445,1,1
28545,1,1
28645,1,1
28745,1,1
28845,1,1
28945,1,1
29045,1,1
29145,1,1
29245,1,1
29345,1,1
29445,1,1
29545,1,1
29645,1,1
29745,1,1
29845,1,1
29945,1,1
30045,1,1
30145,1,1
30245,1,1
30345,1,1
30445,1,1
30545,1,1
30645,1,1
30745,1,1
30845,1,1
30945,1,1
31045,1,1
31145,1,1
31245,1,1
31345,1,1
31445,1,1
31545,1,1
31645,1,1
31745,1,1
31845,1,1
31945,1,1
32045,1,1
32145,1,1
32245,1,1
32345,1,1
32445,1,1
32545,1,1
32645,1,1
32745,1,1
32845,1,1
32945,1,1
33045,1,1
33145,1,1
33245,1,1
33345,1,1
33445,1,1
33545,1,1
33645,1,1
33745,1,1
33845,1,1
33945,1,1
34045,1,1
34145,1,1
34245,1,1
34345,1,1
34445,1,1
34545,1,1
34645,1,1
34745,1,1
34845,1,1
34945,1,1
35045,1,1
35145,1,1
35245,1,1
35345,1,1
35445,1,1
35545,1,1
35645,1,1
35745,1,1
35845,1,1
35945,1,1
36045,1,1
36145,1,1
36245,1,1
36345,1,1
36445,1,1
36545,1,1
36645,1,1
36745,1,1
36845,1,1
36945,1,1
37045,1,1
37145,1,1
37245,1,1
37345,1,1
37445,1,1
37545,1,1
37645,1,1
37745,1,1
37845,1,1
37945,1,1
38045,1,1
38145,1,1
38245,1,1
38345,1,1
38445,1,1
38545,1,1
38645,1,1
38745,1,1
38845,1,1
38945,1,1
39056,1,1
39156,1,1
39256,1,1
39356,1,1
39457,1,1
39557,1,1
39657,1,1
39757,1,1
39857,1,1
39957,1,1
40057,1,1
40157,1,1
40257,1,1
40357,1,1
40457,1,1
40557,1,1
40657,1,1
40757,1,1
40857,1,1
40957,1,1
41057,1,1
41157,1,1
41257,1,1
41357,1,1
41457,1,1
41557,1,1
41657,1,1
41757,1,1
41857,1,1
41957,1,1
42057,1,1
42157,1,1
42257,1,1
42357,1,1
42457,1,1
42557,1,1
42657,1,1
42757,1,1
42857,1,1
42957,1,1
43057,1,1
43157,1,1
43257,1,1
43357,1,1
43457,1,1
43557,1,1
43657,1,1
43757,1,1
43857,1,1
43957,1,1
44057,1,1
44157,1,1
44257,1,1
44357,1,1
44457,1,1
44557,1,1
44657,1,1
44757,1,1
44857,1,1
44957,1,1
45065,1,1
45165,1,1
45265,1,1
45365,1,1
45465,1,1
45565,1,1
45665,1,1
45765,1,1
45865,1,1
45965,1,1
46065,1,1
46165,1,1
46265,1,1
46365,1,1
46465,1,1
46565,1,1
46665,1,1
46765,1,1
46865,1,1
46965,1,1
47065,1,1
47165,1,1
47265,1,1
47365,1,1
47465,1,1
47565,1,1
47665,1,1
47765,1,1
47865,1,1
47965,1,1
48065,1,1
48165,1,1
48265,1,1
48365,1,1
48465,1,1
48565,1,1
48665,1,1
48765,1,1
48865,1,1
48965,1,1
49065,1,1
49165,1,1
49265,1,1
49365,1,1
49465,1,1
49565,1,1
49665,1,1
49765,1,1
49865,1,1
49965,1,1
50065,1,1
50165,1,1
50265,1,1
50365,1,1
50465,1,1
50565,1,1
50665,1,1
50765,1,1
50865,1,1
50965,1,1
51065,1,1
51165,1,1
51265,1,1
51365,1,1
51465,1,1
51565,1,1
51665,1,1
51765,1,1
51865,1,1
51965,1,1
52065,1,1
52165,1,1
52265,1,1
52365,1,1
52465,1,1
52565,1,1
52665,1,1
52765,1,1
52865,1,1
52965,1,1
53065,1,1
53165,1,1
53265,1,1
53365,1,1
53465,1,1
53565,1,1
53665,1,1
53765,1,1
53865,1,1
53965,1,1
54065,1,1
54165,1,1
54265,1,1
54365,1,1
54465,1,1
54565,1,1
54665,1,1
54765,1,1
54865,1,1
54965,1,1
55065,1,1
55165,1,1
55265,1,1
55365,1,1
55465,1,1
55565,1,1
55665,1,1
55765,1,1
55865,1,1
55965,1,1
56065,1,1
56165,1,1
56265,1,1
56365,1,1
56465,1,1
56565,1,1
56665,1,1
56765,1,1
56865,1,1
56965,1,1
57065,1,1
57165,1,1
57265,1,1
57365,1,1
57465,1,1
57565,1,1
57665,1,1
57765,1,1
57865,1,1
57965,1,1
58065,1,1
58165,1,1
58265,1,1
58365,1,1
58465,1,1
58565,1,1
58665,1,1
58765,1,1
58865,1,1
58965,1,1
59065,1,1
59165,1,1
59265,1,1
59365,1,1
59465,1,1
59565,1,1
59665,1,1
59765,1,1
59865,1,1
59965,1,1
60065,1,1
60165,1,1
60265,1,1
60365,1,1
60465,1,1
60565,1,1
60665,1,1
60765,1,1
60865,1,1
60965,1,1
61065,1,1
61165,1,1
61265,1,1
61365,1,1
61465,1,1
61565,1,1
61665,1,1
61765,1,1
61865,1,1
61965,1,1
62065,1,1
62165,1,1
62265,1,1
62365,1,1
62465,1,1
62565,1,1
62665,1,1
62765,1,1
62865,1,1
62965,1,1
63065,1,1
63165,1,1
63265,1,1
63365,1,1
63465,1,1
63565,1,1
63665,1,1
63765,1,1
63865,1,1
63965,1,1
64065,1,1
64165,1,1
64265,1,1
64365,1,1
64465,1,1
64565,1,1
64665,1,1
64765,1,1
64865,1,1
64965,1,1
65065,1,1
65165,1,1
65265,1,1
65365,1,1
65465,1,1
65565,1,1
65665,1,1
65765,1,1
65865,1,1
65965,1,1
66065,1,1
66165,1,1
66265,1,1
66365,1,1
66465,1,1
66565,1,1
66665,1,1
66765,1,1
66865,1,1
66965,1,1
67065,1,1
67165,1,1
67265,1,1
67365,1,1
67465,1,1
67565,1,1
67665,1,1
67765,1,1
67865,1,1
67965,1,1
68065,1,1
68165,1,1
68265,1,1
68365,1,1
68465,1,1
68565,1,1
68665,1,1
68765,1,1
68865,1,1
68965,1,1
69065,1,1
69165,1,1
69265,1,1
69365,1,1
69465,1,1
69565,1,1
69665,1,1
69765,1,1
69865,1,1
69965,1,1
70065,1,1
70165,1,1
70265,1,1
70365,1,1
70465,1,1
70565,1,1
70665,1,1
70765,1,1
70865,1,1
70965,1,1
71065,1,1
71165,1,1
71265,1,1
71365,1,1
71465,1,1
71565,1,1
71665,1,1
71765,1,1
71865,1,1
71965,1,1
72065,1,1
72165,1,1
72265,1,1
72365,1,1
72465,1,1
72565,1,1
72665,1,1
72765,1,1
72865,1,1
72965,1,1
73065,1,1
73165,1,1
73265,1,1
73365,1,1
73465,1,1
73565,1,1
73665,1,1
73765,1,1
73865,1,1
73965,1,1
74065,1,1
74165,1,1
74265,1,1
74365,1,1
74465,1,1
74565,1,1
74665,1,1
74765,1,1
74865,1,1
74965,1,1
75065,1,1
75165,1,1
75265,1,1
75365,1,1
75465,1,1
75565,1,1
75665,1,1
75765,1,1
75865,1,1
75965,1,1
76065,1,1
76165,1,1
76265,1,1
76365,1,1
76465,1,1
76565,1,1
76665,1,1
76765,1,1
76865,1,1
76965,1,1
77065,1,1
77165,1,1
77265,1,1
77365,1,1
77465,1,1
77565,1,1
77665,1,1
77765,1,1
77865,1,1
77965,1,1
78065,1,1
78165,1,1
78265,1,1
78365,1,1
78465,1,1
78565,1,1
78665,1,1
78765,1,1
78865,1,1
78965,1,1
79065,1,1
79165,1,1
79265,1,1
79365,1,1
79465,1,1
79565,1,1
79665,1,1
79765,1,1
79865,1,1
79965,1,1
80065,1,1
80165,1,1
80265,1,1
80365,1,1
80465,1,1
80565,1,1
80665,1,1
80765,1,1
80865,1,1
80965,1,1
81065,1,1
81165,1,1
81265,1,1
81365,1,1
81465,1,1
81565,1,1
81665,1,1
81765,1,1
81865,1,1
81965,1,1
82065,1,1
82165,1,1
82265,1,1
82365,1,1
82465,1,1
82565,1,1
82665,1,1
82765,1,1
82865,1,1
82965,1,1
83065,1,1
83165,1,1
83265,1,1
83365,1,1
83465,1,1
83565,1,1
83665,1,1
83765,1,1
83865,1,1
83965,1,1
84065,1,1
84165,1,1
84265,1,1
84365,1,1
84465,1,1
84565,1,1
84665,1,1
84765,1,1
84865,1,1
84965,1,1
85065,1,1
85165,1,1
85265,1,1
85365,1,1
85465,1,1
85565,1,1
85665,1,1
85765,1,1
85865,1,1
85965,1,1
86065,1,1
86165,1,1
86265,1,1
86365,1,1
86465,1,1
86565,1,1
86665,1,1
86765,1,1
86865,1,1
86965,1,1
87065,1,1
87165,1,1
87265,1,1
87365,1,1
87465,1,1
87565,1,1
87665,1,1
87765,1,1
87865,1,1
87965,1,1
88065,1,1
88165,1,1
88265,1,1
88365,1,1
88465,1,1
88565,1,1
88665,1,1
88765,1,1
88865,1,1
88965,1,1
89065,1,1
89165,1,1
89265,1,1
89365,1,1
89465,1,1
89565,1,1
89665,1,1
89765,1,1
89865,1,1
89965,1,1
90065,1,1
90165,1,1
90265,1,1
90365,1,1
90465,1,1
90565,1,1
90665,1,1
90765,1,1
90865,1,1
90965,1,1
91065,1,1
91165,1,1
91265,1,1
91365,1,1
91465,1,1
91565,1,1
91665,1,1
91765,1,1
91865,1,1
91965,1,1
92065,1,1
92165,1,1
92265,1,1
92365,1,1
92465,1,1
92565,1,1
92665,1,1
92765,1,1
92865,1,1
92965,1,1
93065,1,1
93165,1,1
93265,1,1
93365,1,1
93465,1,1
93565,1,1
93665,1,1
93765,1,1
93865,1,1
93965,1,1
94065,1,1
94165,1,1
94265,1,1
94365,1,1
94465,1,1
94565,1,1
94665,1,1
94765,1,1
94865,1,1
94965,1,1
95065,1,1
95165,1,1
95265,1,1
95365,1,1
95465,1,1
95565,1,1
95665,1,1
95765,1,1
95865,1,1
95965,1,1
96065,1,1
96165,1,1
96265,1,1
96365,1,1
96465,1,1
96565,1,1
96665,1,1
96765,1,1
96865,1,1
96965,1,1
97065,1,1
97165,1,1
97265,1,1
97365,1,1
97465,1,1
97565,1,1
97665,1,1
97765,1,1
97865,1,1
97965,1,1
98065,1,1
98165,1,1
98265,1,1
98365,1,1
98465,1,1
98565,1,1
98665,1,1
98765,1,1
98865,1,1
98965,1,1
99065,1,1
99165,1,1
99265,1,1
99365,1,1
99465,1,1
99565,1,1
99665,1,1
99765,1,1
99865,1,1
99965,1,1
100065,1,1
100165,1,1
100265,1,1
100365,1,1
100465,1,1
100565,1,1
100665,1,1
100765,1,1
100865,1,1
100965,1,1
101065,1,1
101165,1,1
101265,1,1
101365,1,1
101465,1,1
101565,1,1
101665,1,1
101765,1,1
101865,1,1
101965,1,1
102065,1,1
102165,1,1
102265,1,1
102365,1,1
102465,1,1
102565,1,1
102665,1,1
102765,1,1
102865,1,1
102965,1,1
103065,1,1
103165,1,1
103265,1,1
103365,1,1
103465,1,1
103565,1,1
103665,1,1
103765,1,1
103865,1,1
103965,1,1
104065,1,1
104165,1,1
104265,1,1
104365,1,1
104465,1,1
104565,1,1
104665,1,1
104765,1,1
104865,1,1
104965,1,1
105065,1,1
105165,1,1
105265,1,1
105365,1,1
105465,1,1
105565,1,1
105665,1,1
105765,1,1
105865,1,1
105965,1,1
106065,1,1
106165,1,1
106265,1,1
106365,1,1
106465,1,1
106565,1,1
106665,1,1
106765,1,1
106865,1,1
106965,1,1
107065,1,1
107165,1,1
107265,1,1
107365,1,1
107465,1,1
107565,1,1
107665,1,1
107765,1,1
107865,1,1
107965,1,1
108065,1,1
108165,1,1
108265,1,1
108365,1,1
108465,1,1
108565,1,1
108665,1,1
108765,1,1
108865,1,1
108965,1,1
109065,1,1
109165,1,1
109265,1,1
109365,1,1
109465,1,1
109565,1,1
109665,1,1
109765,1,1
109865,1,1
109965,1,1
110065,1,1
110165,1,1
110265,1,1
110365,1,1
110465,1,1
110565,1,1
110665,1,1
110765,1,1
110865,1,1
110965,1,1
111065,1,1
111165,1,1
111265,1,1
111365,1,1
111465,1,1
111565,1,1
111665,1,1
111765,1,1
111865,1,1
111965,1,1
112065,1,1
112165,1,1
112265,1,1
112365,1,1
112465,1,1
112565,1,1
112665,1,1
112765,1,1
112865,1,1
112965,1,1
113065,1,1
113165,1,1
113265,1,1
113365,1,1
113465,1,1
113565,1,1
113665,1,1
113765,1,1
113865,1,1
113965,1,1
114065,1,1
114165,1,1
114265,1,1
114365,1,1
114465,1,1
114565,1,1
114665,1,1
114765,1,1
114865,1,1
114965,1,1
115065,1,1
115165,1,1
115265,1,1
115365,1,1
115465,1,1
115565,1,1
115665,1,1
115765,1,1
115865,1,1
115965,1,1
116065,1,1
116165,1,1
116265,1,1
116365,1,1
116465,1,1
116565,1,1
116665,1,1
116765,1,1
116865,1,1
116965,1,1
117065,1,1
117165,1,1
117265,1,1
117365,1,1
117465,1,1
117565,1,1
117665,1,1
117765,1,1
117865,1,1
117965,1,1
118065,1,1
118165,1,1
118265,1,1
118365,1,1
118465,1,1
118565,1,1
118665,1,1
118765,1,1
118865,1,1
118965,1,1
119065,1,1
119165,1,1
119265,1,1
119365,1,1
119465,1,1
119565,1,1
119665,1,1
119765,1,1
119865,1,1
119965,1,1
120065,1,1
120165,1,1
120265,1,1
120365,1,1
120465,1,1
120565,1,1
120665,1,1
120765,1,1
120865,1,1
120965,1,1
121065,1,1
121165,1,1
121265,1,1
121365,1,1
121465,1,1
121565,1,1
121665,1,1
121765,1,1
121865,1,1
121965,1,1
122065,1,1
122165,1,1
122265,1,1
122365,1,1
122465,1,1
122565,1,1
122665,1,1
122765,1,1
122865,1,1
122965,1,1
123065,1,1
123165,1,1
123265,1,1
123365,1,1
123465,1,1
123565,1,1
123665,1,1
123765,1,1
123865,1,1
123965,1,1
124065,1,1
124165,1,1
124265,1,1
124365,1,1
124465,1,1
124565,1,1
124665,1,1
124765,1,1
124865,1,1
124965,1,1
125065,1,1
125165,1,1
125265,1,1
125365,1,1
125465,1,1
125565,1,1
125665,1,1
125765,1,1
125865,1,1
125965,1,1
126065,1,1
126165,1,1
126265,1,1
126365,1,1
126465,1,1
126565,1,1
126665,1,1
126765,1,1
126865,1,1
126965,1,1
127065,1,1
127165,1,1
127265,1,1
127365,1,1
127465,1,1
127565,1,1
127665,1,1
127765,1,1
127865,1,1
127965,1,1
128065,1,1
128165,1,1
128265,1,1
128365,1,1
128465,1,1
128565,1,1
128665,1,1
128765,1,1
128865,1,1
128965,1,1
129065,1,1
129165,1,1
129265,1,1
129365,1,1
129465,1,1
129565,1,1
129665,1,1
129765,1,1
129865,1,1
129965,1,1
130065,1,1
130165,1,1
130265,1,1
130365,1,1
130465,1,1
130565,1,1
130665,1,1
130765,1,1
130865,1,1
130965,1,1
131065,1,1
131165,1,1
131265,1,1
131365,1,1
131465,1,1
131565,1,1
131665,1,1
131765,1,1
131865,1,1
131965,1,1
132065,1,1
132165,1,1
132265,1,1
132365,1,1
132465,1,1
132565,1,1
132665,1,1
132765,1,1
132865,1,1
132965,1,1
133065,1,1
133165,1,1
133265,1,1
133365,1,1
133465,1,1
133565,1,1
133665,1,1
133765,1,1
133865,1,1
133965,1,1
134065,1,1
134165,1,1
134265,1,1
134365,1,1
134465,1,1
134565,1,1
134665,1,1
134765,1,1
134865,1,1
134965,1,1
135065,1,1
135165,1,1
135265,1,1
135365,1,1
135465,1,1
135565,1,1
135665,1,1
135765,1,1
135865,1,1
135965,1,1
136065,1,1
136165,1,1
136265,1,1
136365,1,1
136465,1,1
136565,1,1
136665,1,1
136765,1,1
136865,1,1
136965,1,1
137065,1,1
137165,1,1
137265,1,1
137365,1,1
137465,1,1
137565,1,1
137665,1,1
137765,1,1
137865,1,1
137965,1,1
138065,1,1
138165,1,1
138265,1,1
138365,1,1
138465,1,1
138565,1,1
138665,1,1
138765,1,1
138865,1,1
138965,1,1
139065,1,1
139165,1,1
139265,1,1
139365,1,1
139465,1,1
139565,1,1
139665,1,1
139765,1,1
139865,1,1
139965,1,1
140065,1,1
140165,1,1
140265,1,1
140365,1,1
140465,1,1
140565,1,1
140665,1,1
140765,1,1
140865,1,1
140965,1,1
141065,1,1
141165,1,1
141265,1,1
141365,1,1
141465,1,1
141565,1,1
141665,1,1
141765,1,1
141865,1,1
141965,1,1
142065,1,1
142165,1,1
142265,1,1
142365,1,1
142465,1,1
142565,1,1
142665,1,1
142765,1,1
142865,1,1
142965,1,1
143065,1,1
143165,1,1
143265,1,1
143365,1,1
143465,1,1
143565,1,1
143665,1,1
143765,1,1
143865,1,1
143965,1,1
144065,1,1
144165,1,1
144265,1,1
144365,1,1
144465,1,1
144565,1,1
144665,1,1
144765,1,1
144865,1,1
144965,1,1
145065,1,1
145165,1,1
145265,1,1
145365,1,1
145465,1,1
145565,1,1
145665,1,1
145765,1,1
145865,1,1
145965,1,1
146065,1,1
146165,1,1
146265,1,1
146365,1,1
146465,1,1
146565,1,1
146665,1,1
146765,1,1
146865,1,1
146965,1,1
147065,1,1
147165,1,1
147265,1,1
147365,1,1
147465,1,1
147565,1,1
147665,1,1
147765,1,1
147865,1,1
147965,1,1
148065,1,1
148165,1,1
148265,1,1
148365,1,1
148465,1,1
148565,1,1
148665,1,1
148765,1,1
148865,1,1
148965,1,1
149065,1,1
149165,1,1
149265,1,1
149365,1,1
149465,1,1
149565,1,1
149665,1,1
149765,1,1
149865,1,1
149965,1,1
150065,1,1
150165,1,1
150265,1,1
150365,1,1
150465,1,1
150565,1,1
150665,1,1
150765,1,1
150865,1,1
150965,1,1
151065,1,1
151165,1,1
151265,1,1
151365,1,1
151465,1,1
151565,1,1
151665,1,1
151765,1,1
151865,1,1
151965,1,1
152065,1,1
152165,1,1
152265,1,1
152365,1,1
152465,1,1
152565,1,1
152665,1,1
152765,1,1
152865,1,1
152965,1,1
153065,1,1
153165,1,1
153265,1,1
153365,1,1
153465,1,1
153565,1,1
153665,1,1
153765,1,1
153865,1,1
153965,1,1
154065,1,1
154165,1,1
154265,1,1
154365,1,1
154465,1,1
154565,1,1
154665,1,1
154765,1,1
154865,1,1
154965,1,1
155065,1,1
155165,1,1
155265,1,1
155365,1,1
155465,1,1
155565,1,1
155665,1,1
155765,1,1
155865,1,1
155965,1,1
156065,1,1
156165,1,1
156265,1,1
156365,1,1
156465,1,1
156565,1,1
156665,1,1
156765,1,1
156865,1,1
156965,1,1
157065,1,1
157165,1,1
157265,1,1
157365,1,1
157465,1,1
157565,1,1
157665,1,1
157765,1,1
157865,1,1
157965,1,1
158065,1,1
158165,1,1
158265,1,1
158365,1,1
158465,1,1
158565,1,1
158665,1,1
158765,1,1
158865,1,1
158965,1,1
159065,1,1
159165,1,1
159265,1,1
159365,1,1
159465,1,1
159565,1,1
159665,1,1
159765,1,1
159865,1,1
159965,1,1
160065,1,1
160165,1,1
160265,1,1
160365,1,1
160465,1,1
160565,1,1
160665,1,1
160765,1,1
160865,1,1
160965,1,1
161065,1,1
161165,1,1
161265,1,1
161365,1,1
161465,1,1
161565,1,1
161665,1,1
161765,1,1
161865,1,1
161965,1,1
162065,1,1
162165,1,1
162265,1,1
162365,1,1
162465,1,1
162565,1,1
162665,1,1
162765,1,1
162865,1,1
162965,1,1
163065,1,1
163165,1,1
163265,1,1
163365,1,1
163465,1,1
163565,1,1
163665,1,1
163765,1,1
163865,1,1
163965,1,1
164065,1,1
164165,1,1
164265,1,1
164365,1,1
164465,1,1
164565,1,1
164665,1,1
164765,1,1
164865,1,1
164965,1,1
165065,1,1
165165,1,1
165265,1,1
165365,1,1
165465,1,1
165565,1,1
165665,1,1
165765,1,1
165865,1,1
165965,1,1
166065,1,1
166165,1,1
166265,1,1
166365,1,1
166465,1,1
166565,1,1
166665,1,1
166765,1,1
166865,1,1
166965,1,1
167065,1,1
167165,1,1
167265,1,1
167365,1,1
167465,1,1
167565,1,1
167665,1,1
167765,1,1
167865,1,1
167965,1,1
168065,1,1
168165,1,1
168265,1,1
168365,1,1
168465,1,1
168565,1,1
168665,1,1
168765,1,1
168865,1,1
168965,1,1
169065,1,1
169165,1,1
169265,1,1
169365,1,1
169465,1,1
169565,1,1
169665,1,1
169765,1,1
169865,1,1
169965,1,1
170065,1,1
170165,1,1
170265,1,1
170365,1,1
170465,1,1
170565,1,1
170665,1,1
170765,1,1
170865,1,1
170965,1,1
171065,1,1
171165,1,1
171265,1,1
171365,1,1
171465,1,1
171565,1,1
171665,1,1
171765,1,1
171865,1,1
171965,1,1
172065,1,1
172165,1,1
172265,1,1
172365,1,1
172465,1,1
172565,1,1
172665,1,1
172765,1,1
172865,1,1
172965,1,1
173065,1,1
173165,1,1
173265,1,1
173365,1,1
173465,1,1
173565,1,1
173665,1,1
173765,1,1
173865,1,1
173965,1,1
174065,1,1
174165,1,1
174265,1,1
174365,1,1
174465,1,1
174565,1,1
174665,1,1
174765,1,1
174865,1,1
174965,1,1
175065,1,1
175165,1,1
175265,1,1
175365,1,1
175465,1,1
175565,1,1
175665,1,1
175765,1,1
175865,1,1
175965,1,1
176065,1,1
176165,1,1
176265,1,1
176365,1,1
176465,1,1
176565,1,1
176665,1,1
176765,1,1
176865,1,1
176965,1,1
177065,1,1
177165,1,1
177265,1,1
177365,1,1
177465,1,1
177565,1,1
177665,1,1
177765,1,1
177865,1,1
177965,1,1
178065,1,1
178165,1,1
178265,1,1
178365,1,1
178465,1,1
178565,1,1
178665,1,1
178765,1,1
178865,1,1
178965,1,1
179065,1,1
179165,1,1
179265,1,1
179365,1,1
179465,1,1
179565,1,1
179665,1,1
179765,1,1
179865,1,1
179965,1,1
180065,1,1
180165,1,1
180265,1,1
180365,1,1
180465,1,1
180565,1,1
180665,1,1
180765,1,1
180865,1,1
180965,1,1
181065,1,1
181165,1,1
181265,1,1
181365,1,1
181465,1,1
181565,1,1
181665,1,1
181765,1,1
181865,1,1
181965,1,1
182065,1,1
182165,1,1
182265,1,1
182365,1,1
182465,1,1
182565,1,1
182665,1,1
182765,1,1
182865,1,1
182965,1,1
183065,1,1
183165,1,1
183265,1,1
183365,1,1
183465,1,1
183565,1,1
183665,1,1
183765,1,1
183865,1,1
183965,1,1
184065,1,1
184165,1,1
184265,1,1
184365,1,1
184465,1,1
184565,1,1
184665,1,1
184765,1,1
184865,1,1
184965,1,1
185065,1,1
185165,1,1
185265,1,1
185365,1,1
185465,1,1
185565,1,1
185665,1,1
185765,1,1
185865,1,1
185965,1,1
186065,1,1
186165,1,1
186265,1,1
186365,1,1
186465,1,1
186565,1,1
186665,1,1
186765,1,1
186865,1,1
186965,1,1
187065,1,1
187165,1,1
187265,1,1
187365,1,1
187465,1,1
187565,1,1
187665,1,1
187765,1,1
187865,1,1
187965,1,1
188065,1,1
188165,1,1
188265,1,1
188365,1,1
188465,1,1
188565,1,1
188665,1,1
188765,1,1
188865,1,1
188965,1,1
189065,1,1
189165,1,1
189265,1,1
189365,1,1
189465,1,1
189565,1,1
189665,1,1
189765,1,1
189865,1,1
189965,1,1
190065,1,1
190165,1,1
190265,1,1
190365,1,1
190465,1,1
190565,1,1
190665,1,1
190765,1,1
190865,1,1
190965,1,1
191065,1,1
191165,1,1
191265,1,1
191365,1,1
191465,1,1
191565,1,1
191665,1,1
191765,1,1
191865,1,1
191965,1,1
192078,1,1
192178,1,1
192278,1,1
192378,1,1
192478,1,1
192578,1,1
192678,1,1
192778,1,1
192878,1,1
192978,1,1
193078,1,1
193178,1,1
193278,1,1
193378,1,1
193478,1,1
193578,1,1
193678,1,1
193778,1,1
193878,1,1
193978,1,1
194078,1,1
194178,1,1
194278,1,1
194378,1,1
194478,1,1
194578,1,1
194679,1,1
194779,1,1
194879,1,1
194979,1,1
195079,1,1
195179,1,1
195279,1,1
195379,1,1
195479,1,1
195579,1,1
195679,1,1
195779,1,1
195879,1,1
195979,1,1
196079,1,1
196179,1,1
196279,1,1
196379,1,1
196479,1,1
196579,1,1
196679,1,1
196779,1,1
196879,1,1
196979,1,1
197079,1,1
197179,1,1
197279,1,1
197379,1,1
197479,1,1
197580,1,1
197680,1,1
197780,1,1
197880,1,1
197980,1,1
198080,1,1
198180,1,1
198280,1,1
198380,1,1
198480,1,1
198580,1,1
198680,1,1
198780,1,1
198880,1,1
198980,1,1
199080,1,1
199180,1,1
199280,1,1
199380,1,1
199480,1,1
199580,1,1
199680,1,1
199780,1,1
199880,1,1
199980,1,1
200080,1,1
200180,1,1
200280,1,1
200380,1,1
200481,1,1
200581,1,1
200681,1,1
200781,1,1
200881,1,1
200981,1,1
201081,1,1
201181,1,1
201281,1,1
201381,1,1
201481,1,1
201581,1,1
201681,1,1
201781,1,1
201881,1,1
201981,1,1
202081,1,1
202181,1,1
202281,1,1
202381,1,1
202481,1,1
202581,1,1
202681,1,1
202781,1,1
202881,1,1
202981,1,1
203081,1,1
203181,1,1
203281,1,1
203381,1,1
203481,1,1
203581,1,1
203681,1,1
203781,1,1
203881,1,1
203981,1,1
204081,1,1
204181,1,1
204281,1,1
204381,1,1
204481,1,1
204581,1,1
204681,1,1
204781,1,1
204881,1,1
204981,1,1
205081,1,1
205181,1,1
205281,1,1
205381,1,1
205481,1,1
205581,1,1
205681,1,1
205781,1,1
205881,1,1
205981,1,1
206081,1,1
206181,1,1
206281,1,1
206381,1,1
206481,1,1
206581,1,1
206681,1,1
206781,1,1
206881,1,1
206981,1,1
207081,1,1
207181,1,1
207281,1,1
207381,1,1
207481,1,1
207581,1,1
207681,1,1
207781,1,1
207881,1,1
207981,1,1
208081,1,1
208181,1,1
208281,1,1
208381,1,1
208481,1,1
208581,1,1
208681,1,1
208781,1,1
208881,1,1
208981,1,1
209081,1,1
209181,1,1
209281,1,1
209381,1,1
209481,1,1
209581,1,1
209681,1,1
209781,1,1
209881,1,1
209981,1,1
210081,1,1
210181,1,1
210281,1,1
210381,1,1
210481,1,1
210581,1,1
210681,1,1
210781,1,1
210881,1,1
210981,1,1
211081,1,1
211181,1,1
211281,1,1
211381,1,1
211481,1,1
211581,1,1
211681,1,1
211781,1,1
211881,1,1
211981,1,1
212081,1,1
212181,1,1
212281,1,1
212381,1,1
212481,1,1
212581,1,1
212681,1,1
212781,1,1
212881,1,1
212981,1,1
213081,1,1
213181,1,1
213281,1,1
213381,1,1
213481,1,1
213581,1,1
213681,1,1
213781,1,1
213881,1,1
213981,1,1
214081,1,1
214181,1,1
214281,1,1
214381,1,1
214481,1,1
214581,1,1
214681,1,1
214781,1,1
214881,1,1
214981,1,1
215081,1,1
215181,1,1
215281,1,1
215381,1,1
215481,1,1
215581,1,1
215681,1,1
215781,1,1
215881,1,1
215981,1,1
216081,1,1
216181,1,1
216281,1,1
216381,1,1
216481,1,1
216581,1,1
216681,1,1
216781,1,1
216881,1,1
216981,1,1
217081,1,1
217181,1,1
217281,1,1
217381,1,1
217481,1,1
217581,1,1
217681,1,1
217781,1,1
217881,1,1
217981,1,1
218081,1,1
218181,1,1
218281,1,1
218381,1,1
218481,1,1
218581,1,1
218681,1,1
218781,1,1
218881,1,1
218981,1,1
219081,1,1
219181,1,1
219281,1,1
219381,1,1
219481,1,1
219581,1,1
219681,1,1
219781,1,1
219881,1,1
219981,1,1
220081,1,1
220181,1,1
220281,1,1
220381,1,1
220481,1,1
220581,1,1
220681,1,1
220781,1,1
220881,1,1
220981,1,1
221081,1,1
221181,1,1
221281,1,1
221381,1,1
221481,1,1
221581,1,1
221681,1,1
221781,1,1
221881,1,1
221981,1,1
222081,1,1
222181,1,1
222281,1,1
222381,1,1
222481,1,1
222581,1,1
222681,1,1
222781,1,1
222881,1,1
222981,1,1
223081,1,1
223181,1,1
223281,1,1
223381,1,1
223481,1,1
223581,1,1
223681,1,1
223781,1,1
223881,1,1
223981,1,1
224081,1,1
224181,1,1
224281,1,1
224381,1,1
224481,1,1
224581,1,1
224681,1,1
224781,1,1
224881,1,1
224981,1,1
225081,1,1
225181,1,1
225281,1,1
225381,1,1
225481,1,1
225581,1,1
225681,1,1
225781,1,1
225881,1,1
225981,1,1
226081,1,1
226181,1,1
226281,1,1
226381,1,1
226481,1,1
226581,1,1
226681,1,1
226781,1,1
226881,1,1
226981,1,1
227081,1,1
227181,1,1
227281,1,1
227381,1,1
227481,1,1
227581,1,1
227681,1,1
227781,1,1
227881,1,1
227981,1,1
228081,1,1
228181,1,1
228281,1,1
228381,1,1
228481,1,1
228581,1,1
228681,1,1
228781,1,1
228881,1,1
228981,1,1
229081,1,1
229181,1,1
229281,1,1
229381,1,1
229481,1,1
229581,1,1
229681,1,1
229781,1,1
229881,1,1
229981,1,1
230081,1,1
230181,1,1
230281,1,1
230381,1,1
230481,1,1
230581,1,1
230681,1,1
230781,1,1
230881,1,1
230981,1,1
231081,1,1
231181,1,1
231281,1,1
231381,1,1
231481,1,1
231581,1,1
231681,1,1
231781,1,1
231881,1,1
231981,1,1
232081,1,1
232181,1,1
232281,1,1
232381,1,1
232481,1,1
232581,1,1
232681,1,1
232781,1,1
232881,1,1
232981,1,1
233081,1,1
233181,1,1
233281,1,1
233381,1,1
233481,1,1
233581,1,1
233681,1,1
233781,1,1
233881,1,1
233981,1,1
234081,1,1
234181,1,1
234281,1,1
234381,1,1
234481,1,1
234581,1,1
234681,1,1
234781,1,1
234881,1,1
234981,1,1
235081,1,1
235181,1,1
235281,1,1
235381,1,1
235481,1,1
235581,1,1
235681,1,1
235781,1,1
235881,1,1
235981,1,1
236081,1,1
236181,1,1
236281,1,1
236381,1,1
236481,1,1
236581,1,1
236681,1,1
236781,1,1
236881,1,1
236981,1,1
237081,1,1
237181,1,1
237281,1,1
237381,1,1
237481,1,1
237581,1,1
237681,1,1
237781,1,1
237881,1,1
237981,1,1
238081,1,1
238181,1,1
238281,1,1
238381,1,1
238481,1,1
238581,1,1
238681,1,1
238781,1,1
238881,1,1
238981,1,1
239081,1,1
239181,1,1
239281,1,1
239381,1,1
239481,1,1
239581,1,1
239681,1,1
239781,1,1
239881,1,1
239981,1,1
240081,1,1
240181,1,1
240281,1,1
240381,1,1
240481,1,1
240581,1,1
240681,1,1
240781,1,1
240881,1,1
240981,1,1
241081,1,1
241181,1,1
241281,1,1
241381,1,1
241481,1,1
241581,1,1
241681,1,1
241781,1,1
241881,1,1
241981,1,1
242081,1,1
242181,1,1
242281,1,1
242381,1,1
242481,1,1
242581,1,1
242681,1,1
242781,1,1
242881,1,1
242981,1,1
243081,1,1
243181,1,1
243281,1,1
243381,1,1
243481,1,1
243581,1,1
243681,1,1
243781,1,1
243881,1,1
243981,1,1
244081,1,1
244181,1,1
244281,1,1
244381,1,1
244481,1,1
244581,1,1
244681,1,1
244781,1,1
244881,1,1
244981,1,1
245081,1,1
245181,1,1
245281,1,1
245381,1,1
245481,1,1
245581,1,1
245681,1,1
245781,1,1
245881,1,1
245981,1,1
246081,1,1
246181,1,1
246281,1,1
246381,1,1
246481,1,1
246581,1,1
246681,1,1
246781,1,1
246881,1,1
246981,1,1
247081,1,1
247181,1,1
247281,1,1
247381,1,1
247481,1,1
247581,1,1
247681,1,1
247781,1,1
247881,1,1
247981,1,1
248081,1,1
248181,1,1
248281,1,1
248381,1,1
248481,1,1
248581,1,1
248681,1,1
248781,1,1
248881,1,1
248981,1,1
249081,1,1
249181,1,1
249281,1,1
249381,1,1
249481,1,1
249581,1,1
249681,1,1
249781,1,1
249881,1,1
249981,1,1
250081,1,1
250181,1,1
250281,1,1
250381,1,1
250481,1,1
250581,1,1
250681,1,1
250781,1,1
250881,1,1
250981,1,1
251081,1,1
251181,1,1
251281,1,1
251381,1,1
251481,1,1
251581,1,1
251681,1,1
251781,1,1
251881,1,1
251981,1,1
252081,1,1
252181,1,1
252281,1,1
252381,1,1
252481,1,1
252581,1,1
252681,1,1
252781,1,1
252881,1,1
252981,1,1
253081,1,1
253181,1,1
253281,1,1
253381,1,1
253481,1,1
253581,1,1
253681,1,1
253781,1,1
253881,1,1
253981,1,1
254081,1,1
254181,1,1
254281,1,1
254381,1,1
254481,1,1
254581,1,1
254681,1,1
254781,1,1
254881,1,1
254981,1,1
255081,1,1
255181,1,1
255281,1,1
255381,1,1
255481,1,1
255581,1,1
255681,1,1
255781,1,1
255881,1,1
255981,1,1
256083,1,1
256183,1,1
256283,1,1
256383,1,1
256483,1,1
256583,1,1
256683,1,1
256783,1,1
256883,1,1
256983,1,1
257083,1,1
257183,1,1
257283,1,1
257383,1,1
257484,1,1
257584,1,1
257684,1,1
257784,1,1
257884,1,1
257984,1,1
258084,1,1
258184,1,1
258284,1,1
258384,1,1
258484,1,1
258584,1,1
258684,1,1
258784,1,1
258884,1,1
258984,1,1
259084,1,1
259184,1,1
259284,1,1
259384,1,1
259484,1,1
259584,1,1
259684,1,1
259784,1,1
259884,1,1
259984,1,1
260084,1,1
260184,1,1
260284,1,1
260385,1,1
260485,1,1
260585,1,1
260685,1,1
260785,1,1
260885,1,1
260985,1,1
261085,1,1
261185,1,1
261285,1,1
261385,1,1
261485,1,1
261585,1,1
261685,1,1
261785,1,1
261885,1,1
261985,1,1
262085,1,1
262185,1,1
262285,1,1
262385,1,1
262485,1,1
262585,1,1
262685,1,1
262785,1,1
262885,1,1
262985,1,1
263085,1,1
263185,1,1
263285,1,1
263385,1,1
263485,1,1
263585,1,1
263685,1,1
263785,1,1
263885,1,1
263985,1,1
264085,1,1
264185,1,1
264285,1,1
264385,1,1
264485,1,1
264585,1,1
264685,1,1
264785,1,1
264885,1,1
264985,1,1
265085,1,1
265185,1,1
265285,1,1
265385,1,1
265485,1,1
265585,1,1
265685,1,1
265785,1,1
265885,1,1
265985,1,1
266085,1,1
266185,1,1
266285,1,1
266385,1,1
266485,1,1
266585,1,1
266685,1,1
266785,1,1
266885,1,1
266985,1,1
267085,1,1
267185,1,1
267285,1,1
267385,1,1
267485,1,1
267585,1,1
267685,1,1
267785,1,1
267885,1,1
267985,1,1
268085,1,1
268185,1,1
268285,1,1
268385,1,1
268485,1,1
268585,1,1
268685,1,1
268785,1,1
268885,1,1
268985,1,1
269085,1,1
269185,1,1
269285,1,1
269385,1,1
269485,1,1
269585,1,1
269685,1,1
269785,1,1
269885,1,1
269985,1,1
270085,1,1
270185,1,1
270285,1,1
270385,1,1
270485,1,1
270585,1,1
270685,1,1
270785,1,1
270885,1,1
270985,1,1
271085,1,1
271185,1,1
271285,1,1
271385,1,1
271485,1,1
271585,1,1
271685,1,1
271785,1,1
271885,1,1
271985,1,1
272085,1,1
272185,1,1
272285,1,1
272385,1,1
272485,1,1
272585,1,1
272685,1,1
272785,1,1
272885,1,1
272985,1,1
273085,1,1
273185,1,1
273285,1,1
273385,1,1
273485,1,1
273585,1,1
273685,1,1
273785,1,1
273885,1,1
273985,1,1
274085,1,1
274185,1,1
274285,1,1
274385,1,1
274485,1,1
274585,1,1
274685,1,1
274785,1,1
274885,1,1
274985,1,1
275085,1,1
275185,1,1
275285,1,1
275385,1,1
275485,1,1
275585,1,1
275685,1,1
275785,1,1
275885,1,1
275985,1,1
276085,1,1
276185,1,1
276285,1,1
276385,1,1
276485,1,1
276585,1,1
276685,1,1
276785,1,1
276885,1,1
276985,1,1
277085,1,1
277185,1,1
277285,1,1
277385,1,1
277485,1,1
277585,1,1
277685,1,1
277785,1,1
277885,1,1
277985,1,1
278085,1,1
278185,1,1
278285,1,1
278385,1,1
278485,1,1
278585,1,1
278685,1,1
278785,1,1
278885,1,1
278985,1,1
279085,1,1
279185,1,1
279285,1,1
279385,1,1
279485,1,1
279585,1,1
279685,1,1
279785,1,1
279885,1,1
279985,1,1
280085,1,1
280185,1,1
280285,1,1
280385,1,1
280485,1,1
280585,1,1
280685,1,1
280785,1,1
280885,1,1
280985,1,1
281085,1,1
281185,1,1
281285,1,1
281385,1,1
281485,1,1
281585,1,1
281685,1,1
281785,1,1
281885,1,1
281985,1,1
282085,1,1
282185,1,1
282285,1,1
282385,1,1
282485,1,1
282585,1,1
282685,1,1
282785,1,1
282885,1,1
282985,1,1
283085,1,1
283185,1,1
283285,1,1
283385,1,1
283485,1,1
283585,1,1
283685,1,1
283785,1,1
283885,1,1
283985,1,1
284085,1,1
284185,1,1
284285,1,1
284385,1,1
284485,1,1
284585,1,1
284685,1,1
284785,1,1
284885,1,1
284985,1,1
285085,1,1
285185,1,1
285285,1,1
285385,1,1
285485,1,1
285585,1,1
285685,1,1
285785,1,1
285885,1,1
285985,1,1
286085,1,1
286185,1,1
286285,1,1
286385,1,1
286485,1,1
286585,1,1
286685,1,1
286785,1,1
286885,1,1
286985,1,1
287085,1,1
287185,1,1
287285,1,1
287385,1,1
287485,1,1
287585,1,1
287685,1,1
287785,1,1
287885,1,1
287985,1,1
288085,1,1
288185,1,1
288285,1,1
288385,1,1
288485,1,1
288585,1,1
288685,1,1
288785,1,1
288885,1,1
288985,1,1
289085,1,1
289185,1,1
289285,1,1
289385,1,1
289485,1,1
289585,1,1
289685,1,1
289785,1,1
289885,1,1
289985,1,1
290085,1,1
290185,1,1
290285,1,1
290385,1,1
290485,1,1
290585,1,1
290685,1,1
290785,1,1
290885,1,1
290985,1,1
291085,1,1
291185,1,1
291285,1,1
291385,1,1
291485,1,1
291585,1,1
291685,1,1
291785,1,1
291885,1,1
291985,1,1
292085,1,1
292185,1,1
292285,1,1
292385,1,1
292485,1,1
292585,1,1
292685,1,1
292785,1,1
292885,1,1
292985,1,1
293085,1,1
293185,1,1
293285,1,1
293385,1,1
293485,1,1
293585,1,1
293685,1,1
293785,1,1
293885,1,1
293985,1,1
294085,1,1
294185,1,1
294285,1,1
294385,1,1
294485,1,1
294585,1,1
294685,1,1
294785,1,1
294885,1,1
294985,1,1
295085,1,1
295185,1,1
295285,1,1
295385,1,1
295485,1,1
295585,1,1
295685,1,1
295785,1,1
295885,1,1
295985,1,1
296085,1,1
296185,1,1
296285,1,1
296385,1,1
296485,1,1
296585,1,1
296685,1,1
296785,1,1
296885,1,1
296985,1,1
297085,1,1
297185,1,1
297285,1,1
297385,1,1
297485,1,1
297585,1,1
297685,1,1
297785,1,1
297885,1,1
297985,1,1
298085,1,1
298185,1,1
298285,1,1
298385,1,1
298485,1,1
298585,1,1
298685,1,1
298785,1,1
298885,1,1
298985,1,1
299085,1,1
299185,1,1
299285,1,1
299385,1,1
299485,1,1
299585,1,1
299685,1,1
299785,1,1
299885,1,1
299985,1,1
300085,1,1
300185,1,1
300285,1,1
300385,1,1
300485,1,1
300585,1,1
300685,1,1
300785,1,1
300885,1,1
300985,1,1
301085,1,1
301185,1,1
301285,1,1
301385,1,1
301485,1,1
301585,1,1
301685,1,1
301785,1,1
301885,1,1
301985,1,1
302085,1,1
302185,1,1
302285,1,1
302385,1,1
302485,1,1
302585,1,1
302685,1,1
302785,1,1
302885,1,1
302985,1,1
303085,1,1
303185,1,1
303285,1,1
303385,1,1
303485,1,1
303585,1,1
303685,1,1
303785,1,1
303885,1,1
303985,1,1
304085,1,1
304185,1,1
304285,1,1
304385,1,1
304485,1,1
304585,1,1
304685,1,1
304785,1,1
304885,1,1
304985,1,1
305085,1,1
305185,1,1
305285,1,1
305385,1,1
305485,1,1
305585,1,1
305685,1,1
305785,1,1
305885,1,1
305985,1,1
306085,1,1
306185,1,1
306285,1,1
306385,1,1
306485,1,1
306585,1,1
306685,1,1
306785,1,1
306885,1,1
306985,1,1
307085,1,1
307185,1,1
307285,1,1
307385,1,1
307485,1,1
307585,1,1
307685,1,1
307785,1,1
307885,1,1
307985,1,1
308085,1,1
308185,1,1
308285,1,1
308385,1,1
308485,1,1
308585,1,1
308685,1,1
308785,1,1
308885,1,1
308985,1,1
309085,1,1
309185,1,1
309285,1,1
309385,1,1
309485,1,1
309585,1,1
309685,1,1
309785,1,1
309885,1,1
309985,1,1
310085,1,1
310185,1,1
310285,1,1
310385,1,1
310485,1,1
310585,1,1
310685,1,1
310785,1,1
310885,1,1
310985,1,1
311085,1,1
311185,1,1
311285,1,1
311385,1,1
311485,1,1
311585,1,1
311685,1,1
311785,1,1
311885,1,1
311985,1,1
312085,1,1
312185,1,1
312285,1,1
312385,1,1
312485,1,1
312585,1,1
312685,1,1
312785,1,1
312885,1,1
312985,1,1
313085,1,1
313185,1,1
313285,1,1
313385,1,1
313485,1,1
313585,1,1
313685,1,1
313785,1,1
313885,1,1
313985,1,1
314085,1,1
314185,1,1
314285,1,1
314385,1,1
314485,1,1
314585,1,1
314685,1,1
314785,1,1
314885,1,1
314985,1,1
315085,1,1
315185,1,1
315285,1,1
315385,1,1
315485,1,1
315585,1,1
315685,1,1
315785,1,1
315885,1,1
315985,1,1
316085,1,1
316185,1,1
316285,1,1
316385,1,1
316485,1,1
316585,1,1
316685,1,1
316785,1,1
316885,1,1
316985,1,1
317085,1,1
317185,1,1
317285,1,1
317385,1,1
317485,1,1
317585,1,1
317685,1,1
317785,1,1
317885,1,1
317985,1,1
318085,1,1
318185,1,1
318285,1,1
318385,1,1
318485,1,1
318585,1,1
318685,1,1
318785,1,1
318885,1,1
318985,1,1
319085,1,1
319185,1,1
319285,1,1
319385,1,1
319485,1,1
319585,1,1
319685,1,1
319785,1,1
319885,1,1
319985,1,1
320085,1,1
320185,1,1
320285,1,1
320385,1,1
320485,1,1
320585,1,1
320685,1,1
320785,1,1
320885,1,1
320985,1,1
321085,1,1
321185,1,1
321285,1,1
321385,1,1
321485,1,1
321585,1,1
321685,1,1
321785,1,1
321885,1,1
321985,1,1
322085,1,1
322185,1,1
322285,1,1
322385,1,1
322485,1,1
322585,1,1
322685,1,1
322785,1,1
322885,1,1
322985,1,1
323085,1,1
323185,1,1
323285,1,1
323385,1,1
323485,1,1
323585,1,1
323685,1,1
323785,1,1
323885,1,1
323985,1,1
324085,1,1
324185,1,1
324285,1,1
324385,1,1
324485,1,1
324585,1,1
324685,1,1
324785,1,1
324885,1,1
324985,1,1
325085,1,1
325185,1,1
325285,1,1
325385,1,1
325485,1,1
325585,1,1
325685,1,1
325785,1,1
325885,1,1
325985,1,1
326085,1,1
326185,1,1
326285,1,1
326385,1,1
326485,1,1
326585,1,1
326685,1,1
326785,1,1
326885,1,1
326985,1,1
327085,1,1
327185,1,1
327285,1,1
327385,1,1
327485,1,1
327585,1,1
327685,1,1
327785,1,1
327885,1,1
327985,1,1
328085,1,1
328185,1,1
328285,1,1
328385,1,1
328485,1,1
328585,1,1
328685,1,1
328785,1,1
328885,1,1
328985,1,1
329085,1,1
329185,1,1
329285,1,1
329385,1,1
329485,1,1
329585,1,1
329685,1,1
329785,1,1
329885,1,1
329985,1,1
330085,1,1
330185,1,1
330285,1,1
330385,1,1
330485,1,1
330585,1,1
330685,1,1
330785,1,1
330885,1,1
330985,1,1
331085,1,1
331185,1,1
331285,1,1
331385,1,1
331485,1,1
331585,1,1
331685,1,1
331785,1,1
331885,1,1
331985,1,1
332091,1,1
332190,1,1
332290,1,1
332390,1,1
332490,1,1
332590,1,1
332690,1,1
332791,1,1
332891,1,1
332991,1,1
333091,1,1
333191,1,1
333291,1,1
333391,1,1
333491,1,1
333591,1,1
333691,1,1
333791,1,1
333891,1,1
333991,1,1
334091,1,1
334191,1,1
334291,1,1
334391,1,1
334491,1,1
334591,1,1
334691,1,1
334791,1,1
334891,1,1
334991,1,1
335091,1,1
335191,1,1
335291,1,1
335391,1,1
335491,1,1
335591,1,1
335692,1,1
335792,1,1
335892,1,1
335992,1,1
336092,1,1
336192,1,1
336292,1,1
336392,1,1
336492,1,1
336592,1,1
336692,1,1
336792,1,1
336892,1,1
336992,1,1
337092,1,1
337192,1,1
337292,1,1
337392,1,1
337492,1,1
337592,1,1
337692,1,1
337792,1,1
337892,1,1
337992,1,1
338092,1,1
338192,1,1
338292,1,1
338392,1,1
338492,1,1
338593,1,1
338693,1,1
338793,1,1
338893,1,1
338993,1,1
339093,1,1
339193,1,1
339293,1,1
339393,1,1
339493,1,1
339593,1,1
339693,1,1
339793,1,1
339893,1,1
339993,1,1
340093,1,1
340193,1,1
340293,1,1
340393,1,1
340493,1,1
340593,1,1
340693,1,1
340793,1,1
340893,1,1
340993,1,1
341093,1,1
341193,1,1
341293,1,1
341393,1,1
341493,1,1
341593,1,1
341693,1,1
341793,1,1
341893,1,1
341993,1,1
342093,1,1
342193,1,1
342293,1,1
342393,1,1
342493,1,1
342593,1,1
342693,1,1
342793,1,1
342893,1,1
342993,1,1
343093,1,1
343193,1,1
343293,1,1
343393,1,1
343493,1,1
343593,1,1
343693,1,1
343793,1,1
343893,1,1
343993,1,1
344093,1,1
344193,1,1
344293,1,1
344393,1,1
344493,1,1
344593,1,1
344693,1,1
344793,1,1
344893,1,1
344993,1,1
345093,1,1
345193,1,1
345293,1,1
345393,1,1
345493,1,1
345593,1,1
345693,1,1
345793,1,1
345893,1,1
345993,1,1
346093,1,1
346193,1,1
346293,1,1
346393,1,1
346493,1,1
346593,1,1
346693,1,1
346793,1,1
346893,1,1
346993,1,1
347093,1,1
347193,1,1
347293,1,1
347393,1,1
347493,1,1
347593,1,1
347693,1,1
347793,1,1
347893,1,1
347993,1,1
348093,1,1
348193,1,1
348293,1,1
348393,1,1
348493,1,1
348593,1,1
348693,1,1
348793,1,1
348893,1,1
348993,1,1
349093,1,1
349193,1,1
349293,1,1
349393,1,1
349493,1,1
349593,1,1
349693,1,1
349793,1,1
349893,1,1
349993,1,1
350093,1,1
350193,1,1
350293,1,1
350393,1,1
350493,1,1
350593,1,1
350693,1,1
350793,1,1
350893,1,1
350993,1,1
351093,1,1
351193,1,1
351293,1,1
351393,1,1
351493,1,1
351593,1,1
351693,1,1
351793,1,1
351893,1,1
351993,1,1
352093,1,1
352193,1,1
352293,1,1
352393,1,1
352493,1,1
352593,1,1
352693,1,1
352793,1,1
352893,1,1
352993,1,1
353093,1,1
353193,1,1
353293,1,1
353393,1,1
353493,1,1
353593,1,1
353693,1,1
353793,1,1
353893,1,1
353993,1,1
354093,1,1
354193,1,1
354293,1,1
354393,1,1
354493,1,1
354593,1,1
354693,1,1
354793,1,1
354893,1,1
354993,1,1
355093,1,1
355193,1,1
355293,1,1
355393,1,1
355493,1,1
355593,1,1
355693,1,1
355793,1,1
355893,1,1
355993,1,1
356093,1,1
356193,1,1
356293,1,1
356393,1,1
356493,1,1
356593,1,1
356693,1,1
356793,1,1
356893,1,1
356993,1,1
357093,1,1
357193,1,1
357293,1,1
357393,1,1
357493,1,1
357593,1,1
357693,1,1
357793,1,1
357893,1,1
357993,1,1
358093,1,1
358193,1,1
358293,1,1
358393,1,1
358493,1,1
358593,1,1
358693,1,1
358793,1,1
358893,1,1
358993,1,1
359093,1,1
359193,1,1
359293,1,1
359393,1,1
359493,1,1
359593,1,1
359693,1,1
359793,1,1
359893,1,1
359993,1,1
360093,1,1
360193,1,1
360293,1,1
360393,1,1
360493,1,1
360593,1,1
360693,1,1
360793,1,1
360893,1,1
360993,1,1
361093,1,1
361193,1,1
361293,1,1
361393,1,1
361493,1,1
361593,1,1
361693,1,1
361793,1,1
361893,1,1
361993,1,1
362093,1,1
362193,1,1
362293,1,1
362393,1,1
362493,1,1
362593,1,1
362693,1,1
362793,1,1
362893,1,1
362993,1,1
363093,1,1
363193,1,1
363293,1,1
363393,1,1
363493,1,1
363593,1,1
363693,1,1
363793,1,1
363893,1,1
363993,1,1
364096,1,1
364196,1,1
364296,1,1
364396,1,1
364496,1,1
364596,1,1
364696,1,1
364796,1,1
364896,1,1
364996,1,1
365096,1,1
365196,1,1
365296,1,1
365396,1,1
365496,1,1
365596,1,1
365696,1,1
365796,1,1
365896,1,1
365996,1,1
366096,1,1
366196,1,1
366296,1,1
366396,1,1
366497,1,1
366597,1,1
366697,1,1
366797,1,1
366897,1,1
366997,1,1
367097,1,1
367197,1,1
367297,1,1
367397,1,1
367497,1,1
367597,1,1
367697,1,1
367797,1,1
367897,1,1
367997,1,1
368097,1,1
368197,1,1
368297,1,1
368397,1,1
368497,1,1
368597,1,1
368697,1,1
368797,1,1
368897,1,1
368997,1,1
369097,1,1
369197,1,1
369297,1,1
369397,1,1
369497,1,1
369597,1,1
369697,1,1
369797,1,1
369897,1,1
369997,1,1
370097,1,1
370197,1,1
370297,1,1
370397,1,1
370497,1,1
370597,1,1
370697,1,1
370797,1,1
370897,1,1
370997,1,1
371097,1,1
371197,1,1
371297,1,1
371397,1,1
371497,1,1
371597,1,1
371697,1,1
371797,1,1
371897,1,1
371997,1,1
372097,1,1
372197,1,1
372297,1,1
372397,1,1
372497,1,1
372597,1,1
372697,1,1
372797,1,1
372897,1,1
372997,1,1
373097,1,1
373197,1,1
373297,1,1
373397,1,1
373497,1,1
373597,1,1
373697,1,1
373797,1,1
373897,1,1
373997,1,1
374104,1,1
374204,1,1
374305,1,1
374405,1,1
374505,1,1
374605,1,1
374705,1,1
374805,1,1
374905,1,1
375005,1,1
375105,1,1
375205,1,1
375305,1,1
375405,1,1
375505,1,1
375605,1,1
375705,1,1
375805,1,1
375905,1,1
376005,1,1
376105,1,1
376205,1,1
376305,1,1
376405,1,1
376505,1,1
376605,1,1
376705,1,1
376805,1,1
376905,1,1
377005,1,1
377105,1,1
377205,1,1
377305,1,1
377405,1,1
377505,1,1
377605,1,1
377705,1,1
377805,1,1
377905,1,1
378005,1,1
378105,1,1
378205,1,1
378305,1,1
378405,1,1
378505,1,1
378605,1,1
378705,1,1
378805,1,1
378905,1,1
379005,1,1
379105,1,1
379205,1,1
379305,1,1
379405,1,1
379505,1,1
379605,1,1
379705,1,1
379805,1,1
379905,1,1
380005,1,1
380105,1,1
380205,1,1
380305,1,1
380405,1,1
380505,1,1
380605,1,1
380705,1,1
380805,1,1
380905,1,1
381005,1,1
381105,1,1
381205,1,1
381305,1,1
381405,1,1
381505,1,1
381605,1,1
381705,1,1
381805,1,1
381905,1,1
382005,1,1
382105,1,1
382205,1,1
382305,1,1
382405,1,1
382505,1,1
382605,1,1
382705,1,1
382805,1,1
382905,1,1
383005,1,1
383105,1,1
383205,1,1
383305,1,1
383405,1,1
383505,1,1
383605,1,1
383705,1,1
383805,1,1
383905,1,1
384005,1,1
384105,1,1
384205,1,1
384305,1,1
384405,1,1
384505,1,1
384605,1,1
384705,1,1
384805,1,1
384905,1,1
385005,1,1
385105,1,1
385205,1,1
385305,1,1
385405,1,1
385505,1,1
385605,1,1
385705,1,1
385805,1,1
385905,1,1
386005,1,1
386105,1,1
386205,1,1
386305,1,1
386405,1,1
386505,1,1
386605,1,1
386705,1,1
386805,1,1
386905,1,1
387005,1,1
387105,1,1
387205,1,1
387305,1,1
387405,1,1
387505,1,1
387605,1,1
387705,1,1
387805,1,1
387905,1,1
388005,1,1
388105,1,1
388205,1,1
388305,1,1
388405,1,1
388505,1,1
388605,1,1
388705,1,1
388805,1,1
388905,1,1
389005,1,1
389105,1,1
389205,1,1
389305,1,1
389405,1,1
389505,1,1
389605,1,1
389705,1,1
389805,1,1
389905,1,1
390005,1,1
390105,1,1
390205,1,1
390305,1,1
390405,1,1
390505,1,1
390605,1,1
390705,1,1
390805,1,1
390905,1,1
391005,1,1
391105,1,1
391205,1,1
391305,1,1
391405,1,1
391505,1,1
391605,1,1
391705,1,1
391805,1,1
391905,1,1
392005,1,1
392105,1,1
392205,1,1
392305,1,1
392405,1,1
392505,1,1
392605,1,1
392705,1,1
392805,1,1
392905,1,1
393005,1,1
393105,1,1
393205,1,1
393305,1,1
393405,1,1
393505,1,1
393605,1,1
393705,1,1
393805,1,1
393905,1,1
394005,1,1
394105,1,1
394205,1,1
394305,1,1
394405,1,1
394505,1,1
394605,1,1
394705,1,1
394805,1,1
394905,1,1
395005,1,1
395105,1,1
395205,1,1
395305,1,1
395405,1,1
395505,1,1
395605,1,1
395705,1,1
395805,1,1
395905,1,1
396005,1,1
396105,1,1
396205,1,1
396305,1,1
396405,1,1
396505,1,1
396605,1,1
396705,1,1
396805,1,1
396905,1,1
397005,1,1
397105,1,1
397205,1,1
397305,1,1
397405,1,1
397505,1,1
397605,1,1
397705,1,1
397805,1,1
397905,1,1
398005,1,1
398105,1,1
398205,1,1
398305,1,1
398405,1,1
398505,1,1
398605,1,1
398705,1,1
398805,1,1
398905,1,1
399005,1,1
399105,1,1
399205,1,1
399305,1,1
399405,1,1
399505,1,1
399605,1,1
399705,1,1
399805,1,1
399905,1,1
400005,1,1
400105,1,1
400205,1,1
400305,1,1
400405,1,1
400505,1,1
400605,1,1
400705,1,1
400805,1,1
400905,1,1
401005,1,1
401105,1,1
401205,1,1
401305,1,1
401405,1,1
401505,1,1
401605,1,1
401705,1,1
401805,1,1
401905,1,1
402005,1,1
402105,1,1
402205,1,1
402305,1,1
402405,1,1
402505,1,1
402605,1,1
402705,1,1
402805,1,1
402905,1,1
403005,1,1
403105,1,1
403205,1,1
403305,1,1
403405,1,1
403505,1,1
403605,1,1
403705,1,1
403805,1,1
403905,1,1
404005,1,1
404105,1,1
404205,1,1
404305,1,1
404405,1,1
404505,1,1
404605,1,1
404705,1,1
404805,1,1
404905,1,1
405005,1,1
405105,1,1
405205,1,1
405305,1,1
405405,1,1
405505,1,1
405605,1,1
405705,1,1
405805,1,1
405905,1,1
406005,1,1
406105,1,1
406205,1,1
406305,1,1
406405,1,1
406505,1,1
406605,1,1
406705,1,1
406805,1,1
406905,1,1
407005,1,1
407105,1,1
407205,1,1
407305,1,1
407405,1,1
407505,1,1
407605,1,1
407705,1,1
407805,1,1
407905,1,1
408005,1,1
408105,1,1
408205,1,1
408305,1,1
408405,1,1
408505,1,1
408605,1,1
408705,1,1
408805,1,1
408905,1,1
409005,1,1
409105,1,1
409205,1,1
409305,1,1
409405,1,1
409505,1,1
409605,1,1
409705,1,1
409805,1,1
409905,1,1
410005,1,1
410105,1,1
410205,1,1
410305,1,1
410405,1,1
410505,1,1
410605,1,1
410705,1,1
410805,1,1
410905,1,1
411005,1,1
411105,1,1
411205,1,1
411305,1,1
411405,1,1
411505,1,1
411605,1,1
411705,1,1
411805,1,1
411905,1,1
412005,1,1
412105,1,1
412205,1,1
412305,1,1
412405,1,1
412505,1,1
412605,1,1
412705,1,1
412805,1,1
412905,1,1
413005,1,1
413105,1,1
413205,1,1
413305,1,1
413405,1,1
413505,1,1
413605,1,1
413705,1,1
413805,1,1
413905,1,1
414005,1,1
414105,1,1
414205,1,1
414305,1,1
414405,1,1
414505,1,1
414605,1,1
414705,1,1
414805,1,1
414905,1,1
415005,1,1
415105,1,1
415205,1,1
415305,1,1
415405,1,1
415505,1,1
415605,1,1
415705,1,1
415805,1,1
415905,1,1
416005,1,1
416105,1,1
416205,1,1
416305,1,1
416405,1,1
416505,1,1
416605,1,1
416705,1,1
416805,1,1
416905,1,1
417005,1,1
417105,1,1
417205,1,1
417305,1,1
417405,1,1
417505,1,1
417605,1,1
417705,1,1
417805,1,1
417905,1,1
418005,1,1
418105,1,1
418205,1,1
418305,1,1
418405,1,1
418505,1,1
418605,1,1
418705,1,1
418805,1,1
418905,1,1
419005,1,1
419105,1,1
419205,1,1
419305,1,1
419405,1,1
419505,1,1
419605,1,1
419705,1,1
419805,1,1
419905,1,1
420005,1,1
420105,1,1
420205,1,1
420305,1,1
420405,1,1
420505,1,1
420605,1,1
420705,1,1
420805,1,1
420905,1,1
421005,1,1
421105,1,1
421205,1,1
421305,1,1
421405,1,1
421505,1,1
421605,1,1
421705,1,1
421805,1,1
421905,1,1
422005,1,1
422105,1,1
422205,1,1
422305,1,1
422405,1,1
422505,1,1
422605,1,1
422705,1,1
422805,1,1
422905,1,1
423005,1,1
423105,1,1
423205,1,1
423305,1,1
423405,1,1
423505,1,1
423605,1,1
423705,1,1
423805,1,1
423905,1,1
424005,1,1
424105,1,1
424205,1,1
424305,1,1
424405,1,1
424505,1,1
424605,1,1
424705,1,1
424805,1,1
424905,1,1
425005,1,1
425105,1,1
425205,1,1
425305,1,1
425405,1,1
425505,1,1
425605,1,1
425705,1,1
425805,1,1
425905,1,1
426005,1,1
426105,1,1
426205,1,1
426305,1,1
426405,1,1
426505,1,1
426605,1,1
426705,1,1
426805,1,1
426905,1,1
427005,1,1
427105,1,1
427205,1,1
427305,1,1
427405,1,1
427505,1,1
427605,1,1
427705,1,1
427805,1,1
427905,1,1
428005,1,1
428105,1,1
428205,1,1
428305,1,1
428405,1,1
428505,1,1
428605,1,1
428705,1,1
428805,1,1
428905,1,1
429005,1,1
429105,1,1
429205,1,1
429305,1,1
429405,1,1
429505,1,1
429605,1,1
429705,1,1
429805,1,1
429905,1,1
430005,1,1
430105,1,1
430205,1,1
430305,1,1
430405,1,1
430505,1,1
430605,1,1
430705,1,1
430805,1,1
430905,1,1
431005,1,1
431105,1,1
431205,1,1
431305,1,1
431405,1,1
431505,1,1
431605,1,1
431705,1,1
431805,1,1
431905,1,1
432005,1,1
432107,1,1
432207,1,1
432307,1,1
432407,1,1
432507,1,1
432607,1,1
432707,1,1
432807,1,1
432907,1,1
433007,1,1
433107,1,1
433207,1,1
433307,1,1
433407,1,1
433507,1,1
433607,1,1
433707,1,1
433807,1,1
433907,1,1
434007,1,1
434107,1,1
434207,1,1
434307,1,1
434407,1,1
434508,1,1
434608,1,1
434708,1,1
434808,1,1
434908,1,1
435008,1,1
435108,1,1
435208,1,1
435308,1,1
435408,1,1
435508,1,1
435608,1,1
435708,1,1
435808,1,1
435908,1,1
436008,1,1
436108,1,1
436208,1,1
436308,1,1
436408,1,1
436508,1,1
436608,1,1
436708,1,1
436808,1,1
436908,1,1
437008,1,1
437113,1,1
437213,1,1
437313,1,1
437413,1,1
437513,1,1
437613,1,1
437713,1,1
437813,1,1
437913,1,1
438013,1,1
438113,1,1
438213,1,1
438313,1,1
438413,1,1
438513,1,1
438613,1,1
438713,1,1
438813,1,1
438913,1,1
439013,1,1
439113,1,1
439213,1,1
439313,1,1
439413,1,1
439513,1,1
439613,1,1
439713,1,1
439813,1,1
439913,1,1
440013,1,1
440113,1,1
440213,1,1
440313,1,1
440413,1,1
440513,1,1
440613,1,1
440713,1,1
440813,1,1
440913,1,1
441013,1,1
441113,1,1
441213,1,1
441313,1,1
441413,1,1
441513,1,1
441613,1,1
441713,1,1
441813,1,1
441913,1,1
442013,1,1
442113,1,1
442213,1,1
442313,1,1
442413,1,1
442513,1,1
442613,1,1
442713,1,1
442813,1,1
442913,1,1
443013,1,1
443113,1,1
443213,1,1
443313,1,1
443413,1,1
443513,1,1
443613,1,1
443713,1,1
443813,1,1
443913,1,1
444013,1,1
444113,1,1
444213,1,1
444313,1,1
444413,1,1
444513,1,1
444613,1,1
444713,1,1
444813,1,1
444913,1,1
445013,1,1
445113,1,1
445213,1,1
445313,1,1
445413,1,1
445513,1,1
445613,1,1
445713,1,1
445813,1,1
445913,1,1
446013,1,1
446113,1,1
446213,1,1
446313,1,1
446413,1,1
446513,1,1
446613,1,1
446713,1,1
446813,1,1
446913,1,1
447013,1,1
447113,1,1
447213,1,1
447313,1,1
447413,1,1
447513,1,1
447613,1,1
447713,1,1
447813,1,1
447913,1,1
448013,1,1
448113,1,1
448213,1,1
448313,1,1
448413,1,1
448513,1,1
448613,1,1
448713,1,1
448813,1,1
448913,1,1
449013,1,1
449113,1,1
449213,1,1
449313,1,1
449413,1,1
449513,1,1
449613,1,1
449713,1,1
449813,1,1
449913,1,1
450013,1,1
450113,1,1
450213,1,1
450313,1,1
450413,1,1
450513,1,1
450613,1,1
450713,1,1
450813,1,1
450913,1,1
451013,1,1
451113,1,1
451213,1,1
451313,1,1
451413,1,1
451513,1,1
451613,1,1
451713,1,1
451813,1,1
451913,1,1
452013,1,1
452113,1,1
452213,1,1
452313,1,1
452413,1,1
452513,1,1
452613,1,1
452713,1,1
452813,1,1
452913,1,1
453013,1,1
453113,1,1
453213,1,1
453313,1,1
453413,1,1
453513,1,1
453613,1,1
453713,1,1
453813,1,1
453913,1,1
454013,1,1
454113,1,1
454213,1,1
454313,1,1
454413,1,1
454513,1,1
454613,1,1
454713,1,1
454813,1,1
454913,1,1
455013,1,1
455113,1,1
455213,1,1
455313,1,1
455413,1,1
455513,1,1
455613,1,1
455713,1,1
455813,1,1
455913,1,1
456013,1,1
456113,1,1
456213,1,1
456313,1,1
456413,1,1
456513,1,1
456613,1,1
456713,1,1
456813,1,1
456913,1,1
457013,1,1
457113,1,1
457213,1,1
457313,1,1
457413,1,1
457513,1,1
457613,1,1
457713,1,1
457813,1,1
457913,1,1
458013,1,1
458113,1,1
458213,1,1
458313,1,1
458413,1,1
458513,1,1
458613,1,1
458713,1,1
458813,1,1
458913,1,1
459013,1,1
459113,1,1
459213,1,1
459313,1,1
459413,1,1
459513,1,1
459613,1,1
459713,1,1
459813,1,1
459913,1,1
460013,1,1
460113,1,1
460213,1,1
460313,1,1
460413,1,1
460513,1,1
460613,1,1
460713,1,1
460813,1,1
460913,1,1
461013,1,1
461113,1,1
461213,1,1
461313,1,1
461413,1,1
461513,1,1
461613,1,1
461713,1,1
461813,1,1
461913,1,1
462013,1,1
462113,1,1
462213,1,1
462313,1,1
462413,1,1
462513,1,1
462613,1,1
462713,1,1
462813,1,1
462913,1,1
463013,1,1
463113,1,1
463213,1,1
463313,1,1
463413,1,1
463513,1,1
463613,1,1
463713,1,1
463813,1,1
463913,1,1
464013,1,1
464113,1,1
464213,1,1
464313,1,1
464413,1,1
464513,1,1
464613,1,1
464713,1,1
464813,1,1
464913,1,1
465013,1,1
465113,1,1
465213,1,1
465313,1,1
465413,1,1
465513,1,1
465613,1,1
465713,1,1
465813,1,1
465913,1,1
466013,1,1
466113,1,1
466213,1,1
466313,1,1
466413,1,1
466513,1,1
466613,1,1
466713,1,1
466813,1,1
466913,1,1
467013,1,1
467113,1,1
467213,1,1
467313,1,1
467413,1,1
467513,1,1
467613,1,1
467713,1,1
467813,1,1
467913,1,1
468013,1,1
468113,1,1
468213,1,1
468313,1,1
468413,1,1
468513,1,1
468613,1,1
468713,1,1
468813,1,1
468913,1,1
469013,1,1
469113,1,1
469213,1,1
469313,1,1
469413,1,1
469513,1,1
469613,1,1
469713,1,1
469813,1,1
469913,1,1
470013,1,1
470113,1,1
470213,1,1
470313,1,1
470413,1,1
470513,1,1
470613,1,1
470713,1,1
470813,1,1
470913,1,1
471013,1,1
471117,1,1
471217,1,1
471317,1,1
471417,1,1
471517,1,1
471617,1,1
471717,1,1
471817,1,1
471917,1,1
472017,1,1
472117,1,1
472217,1,1
472317,1,1
472417,1,1
472517,1,1
472617,1,1
472717,1,1
472817,1,1
472917,1,1
473017,1,1
473117,1,1
473217,1,1
473317,1,1
473417,1,1
473517,1,1
473617,1,1
473717,1,1
473817,1,1
473917,1,1
474017,1,1
474117,1,1
474217,1,1
474317,1,1
474417,1,1
474517,1,1
474617,1,1
474717,1,1
474817,1,1
474917,1,1
475017,1,1
475117,1,1
475217,1,1
475317,1,1
475417,1,1
475517,1,1
475617,1,1
475717,1,1
475817,1,1
475917,1,1
476017,1,1
476117,1,1
476217,1,1
476317,1,1
476417,1,1
476517,1,1
476617,1,1
476717,1,1
476817,1,1
476917,1,1
477017,1,1
477117,1,1
477217,1,1
477317,1,1
477417,1,1
477517,1,1
477617,1,1
477717,1,1
477817,1,1
477917,1,1
478017,1,1
478117,1,1
478217,1,1
478317,1,1
478417,1,1
478517,1,1
478617,1,1
478717,1,1
478817,1,1
478917,1,1
479017,1,1
479117,1,1
479217,1,1
479317,1,1
479417,1,1
479517,1,1
479617,1,1
479717,1,1
479817,1,1
479917,1,1
480017,1,1
480117,1,1
480217,1,1
480317,1,1
480417,1,1
480517,1,1
480617,1,1
480717,1,1
480817,1,1
480917,1,1
481017,1,1
481117,1,1
481217,1,1
481317,1,1
481417,1,1
481517,1,1
481617,1,1
481717,1,1
481817,1,1
481917,1,1
482017,1,1
482117,1,1
482217,1,1
482317,1,1
482417,1,1
482517,1,1
482617,1,1
482717,1,1
482817,1,1
482917,1,1
483017,1,1
483117,1,1
483217,1,1
483317,1,1
483417,1,1
483517,1,1
483617,1,1
483717,1,1
483817,1,1
483917,1,1
484017,1,1
484117,1,1
484217,1,1
484317,1,1
484417,1,1
484517,1,1
484617,1,1
484717,1,1
484817,1,1
484917,1,1
485017,1,1
485117,1,1
485217,1,1
485317,1,1
485417,1,1
485517,1,1
485617,1,1
485717,1,1
485817,1,1
485917,1,1
486017,1,1
486117,1,1
486217,1,1
486317,1,1
486417,1,1
486517,1,1
486617,1,1
486717,1,1
486817,1,1
486917,1,1
487017,1,1
487117,1,1
487217,1,1
487317,1,1
487417,1,1
487517,1,1
487617,1,1
487717,1,1
487817,1,1
487917,1,1
488017,1,1
488117,1,1
488217,1,1
488317,1,1
488417,1,1
488517,1,1
488617,1,1
488717,1,1
488817,1,1
488917,1,1
489017,1,1
489117,1,1
489217,1,1
489317,1,1
489417,1,1
489517,1,1
489617,1,1
489717,1,1
489817,1,1
489917,1,1
490017,1,1
490117,1,1
490217,1,1
490317,1,1
490417,1,1
490517,1,1
490617,1,1
490717,1,1
490817,1,1
490917,1,1
491017,1,1
491117,1,1
491217,1,1
491317,1,1
491417,1,1
491517,1,1
491617,1,1
491717,1,1
491817,1,1
491917,1,1
492017,1,1
492117,1,1
492217,1,1
492317,1,1
492417,1,1
492517,1,1
492617,1,1
492717,1,1
492817,1,1
492917,1,1
493017,1,1
493117,1,1
493217,1,1
493317,1,1
493417,1,1
493517,1,1
493617,1,1
493717,1,1
493817,1,1
493917,1,1
494017,1,1
494117,1,1
494217,1,1
494317,1,1
494417,1,1
494517,1,1
494617,1,1
494717,1,1
494817,1,1
494917,1,1
495017,1,1
495117,1,1
495217,1,1
495317,1,1
495417,1,1
495517,1,1
495617,1,1
495717,1,1
495817,1,1
495917,1,1
496017,1,1
496117,1,1
496217,1,1
496317,1,1
496417,1,1
496517,1,1
496617,1,1
496717,1,1
496817,1,1
496917,1,1
497017,1,1
497117,1,1
497217,1,1
497317,1,1
497417,1,1
497517,1,1
497617,1,1
497717,1,1
497817,1,1
497917,1,1
498017,1,1
498117,1,1
498217,1,1
498317,1,1
498417,1,1
498517,1,1
498617,1,1
498717,1,1
498817,1,1
498917,1,1
499017,1,1
499117,1,1
499217,1,1
499317,1,1
499417,1,1
499517,1,1
499617,1,1
499717,1,1
499817,1,1
499917,1,1
500017,1,1
500118,1,1
500218,1,1
500318,1,1
500418,1,1
500518,1,1
500618,1,1
500718,1,1
500818,1,1
500918,1,1
501018,1,1
501118,1,1
501218,1,1
501318,1,1
501418,1,1
501518,1,1
501618,1,1
501718,1,1
501818,1,1
501918,1,1
502018,1,1
502118,1,1
502218,1,1
502318,1,1
502418,1,1
502519,1,1
502619,1,1
502719,1,1
502819,1,1
502919,1,1
503019,1,1
503119,1,1
503219,1,1
503319,1,1
503419,1,1
503519,1,1
503619,1,1
503719,1,1
503819,1,1
503919,1,1
504019,1,1
504119,1,1
504219,1,1
504319,1,1
504419,1,1
504519,1,1
504619,1,1
504719,1,1
504819,1,1
504919,1,1
505019,1,1
505119,1,1
505219,1,1
505319,1,1
505420,1,1
505520,1,1
505620,1,1
505720,1,1
505820,1,1
505920,1,1
506020,1,1
506120,1,1
506220,1,1
506320,1,1
506420,1,1
506520,1,1
506620,1,1
506720,1,1
506820,1,1
506920,1,1
507020,1,1
507120,1,1
507220,1,1
507320,1,1
507420,1,1
507520,1,1
507620,1,1
507720,1,1
507820,1,1
507920,1,1
508020,1,1
508120,1,1
508220,1,1
508321,1,1
508421,1,1
508521,1,1
508621,1,1
508721,1,1
508821,1,1
508921,1,1
509021,1,1
509121,1,1
509221,1,1
509321,1,1
509421,1,1
509521,1,1
509621,1,1
509721,1,1
509821,1,1
509921,1,1
510021,1,1
510121,1,1
510221,1,1
510321,1,1
510421,1,1
510521,1,1
510621,1,1
510721,1,1
510821,1,1
510921,1,1
511021,1,1
511131,1,1
511231,1,1
511331,1,1
511431,1,1
511531,1,1
511631,1,1
511731,1,1
511831,1,1
511931,1,1
512031,1,1
512131,1,1
512231,1,1
512332,1,1
512432,1,1
512532,1,1
512632,1,1
512732,1,1
512832,1,1
512932,1,1
513032,1,1
513132,1,1
513232,1,1
513332,1,1
513432,1,1
513532,1,1
513632,1,1
513732,1,1
513832,1,1
513932,1,1
514032,1,1
514132,1,1
514232,1,1
514332,1,1
514432,1,1
514532,1,1
514632,1,1
514732,1,1
514832,1,1
514932,1,1
515032,1,1
515132,1,1
515233,1,1
515333,1,1
515433,1,1
515533,1,1
515633,1,1
515733,1,1
515833,1,1
515933,1,1
516033,1,1
516133,1,1
516233,1,1
516333,1,1
516433,1,1
516533,1,1
516633,1,1
516733,1,1
516833,1,1
516933,1,1
517033,1,1
517133,1,1
517233,1,1
517333,1,1
517433,1,1
517533,1,1
517633,1,1
517733,1,1
517833,1,1
517933,1,1
518033,1,1
518133,1,1
518233,1,1
518333,1,1
518433,1,1
518533,1,1
518633,1,1
518733,1,1
518833,1,1
518933,1,1
519033,1,1
519133,1,1
519233,1,1
519333,1,1
519433,1,1
519533,1,1
519633,1,1
519733,1,1
519833,1,1
519933,1,1
520033,1,1
520133,1,1
520233,1,1
520333,1,1
520433,1,1
520533,1,1
520633,1,1
520733,1,1
520833,1,1
520933,1,1
521033,1,1
521133,1,1
521233,1,1
521333,1,1
521433,1,1
521533,1,1
521633,1,1
521733,1,1
521833,1,1
521933,1,1
522033,1,1
522133,1,1
522233,1,1
522333,1,1
522433,1,1
522533,1,1
522633,1,1
522733,1,1
522833,1,1
522933,1,1
523033,1,1
523133,1,1
523233,1,1
523333,1,1
523433,1,1
523533,1,1
523633,1,1
523733,1,1
523833,1,1
523933,1,1
524033,1,1
524133,1,1
524233,1,1
524333,1,1
524433,1,1
524533,1,1
524633,1,1
524733,1,1
524833,1,1
524933,1,1
525033,1,1
525133,1,1
525233,1,1
525333,1,1
525433,1,1
525533,1,1
525633,1,1
525733,1,1
525833,1,1
525933,1,1
526033,1,1
526133,1,1
526233,1,1
526333,1,1
526433,1,1
526533,1,1
526633,1,1
526733,1,1
526833,1,1
526933,1,1
527033,1,1
527133,1,1
527233,1,1
527333,1,1
527433,1,1
527533,1,1
527633,1,1
527733,1,1
527833,1,1
527933,1,1
528033,1,1
528133,1,1
528233,1,1
528333,1,1
528433,1,1
528533,1,1
528633,1,1
528733,1,1
528833,1,1
528933,1,1
529033,1,1
529133,1,1
529233,1,1
529333,1,1
529433,1,1
529533,1,1
529633,1,1
529733,1,1
529833,1,1
529933,1,1
530033,1,1
530133,1,1
530233,1,1
530333,1,1
530433,1,1
530533,1,1
530633,1,1
530733,1,1
530833,1,1
530933,1,1
531033,1,1
531133,1,1
531233,1,1
531333,1,1
531433,1,1
531533,1,1
531633,1,1
531733,1,1
531833,1,1
531933,1,1
532033,1,1
532133,1,1
532233,1,1
532333,1,1
532433,1,1
532533,1,1
532633,1,1
532733,1,1
532833,1,1
532933,1,1
533033,1,1
533133,1,1
533233,1,1
533333,1,1
533433,1,1
533533,1,1
533633,1,1
533733,1,1
533833,1,1
533933,1,1
534033,1,1
534133,1,1
534233,1,1
534333,1,1
534433,1,1
534533,1,1
534633,1,1
534733,1,1
534833,1,1
534933,1,1
535033,1,1
535133,1,1
535233,1,1
535333,1,1
535433,1,1
535533,1,1
535633,1,1
535733,1,1
535833,1,1
535933,1,1
536033,1,1
536133,1,1
536233,1,1
536333,1,1
536433,1,1
536533,1,1
536633,1,1
536733,1,1
536833,1,1
536933,1,1
537033,1,1
537133,1,1
537233,1,1
537333,1,1
537433,1,1
537533,1,1
537633,1,1
537733,1,1
537833,1,1
537933,1,1
538033,1,1
538133,1,1
538233,1,1
538333,1,1
538433,1,1
538533,1,1
538633,1,1
538733,1,1
538833,1,1
538933,1,1
539033,1,1
539133,1,1
539233,1,1
539333,1,1
539433,1,1
539533,1,1
539633,1,1
539733,1,1
539833,1,1
539933,1,1
540033,1,1
540133,1,1
540233,1,1
540333,1,1
540433,1,1
540533,1,1
540633,1,1
540733,1,1
540833,1,1
540933,1,1
541033,1,1
541133,1,1
541233,1,1
541333,1,1
541433,1,1
541533,1,1
541633,1,1
541733,1,1
541833,1,1
541933,1,1
542033,1,1
542133,1,1
542233,1,1
542333,1,1
542433,1,1
542533,1,1
542633,1,1
542733,1,1
542833,1,1
542933,1,1
543033,1,1
543133,1,1
543233,1,1
543333,1,1
543433,1,1
543533,1,1
543633,1,1
543733,1,1
543833,1,1
543933,1,1
544033,1,1
544133,1,1
544233,1,1
544333,1,1
544433,1,1
544533,1,1
544633,1,1
544733,1,1
544833,1,1
544933,1,1
545033,1,1
545133,1,1
545233,1,1
545333,1,1
545433,1,1
545533,1,1
545633,1,1
545733,1,1
545833,1,1
545933,1,1
546033,1,1
546133,1,1
546233,1,1
546333,1,1
546433,1,1
546533,1,1
546633,1,1
546733,1,1
546833,1,1
546933,1,1
547033,1,1
547133,1,1
547233,1,1
547333,1,1
547433,1,1
547533,1,1
547633,1,1
547733,1,1
547833,1,1
547933,1,1
548033,1,1
548133,1,1
548233,1,1
548333,1,1
548433,1,1
548533,1,1
548633,1,1
548733,1,1
548833,1,1
548933,1,1
549033,1,1
549133,1,1
549233,1,1
549333,1,1
549433,1,1
549533,1,1
549633,1,1
549733,1,1
549833,1,1
549933,1,1
550033,1,1
550133,1,1
550233,1,1
550333,1,1
550433,1,1
550533,1,1
550633,1,1
550733,1,1
550833,1,1
550933,1,1
551033,1,1
551133,1,1
551233,1,1
551333,1,1
551433,1,1
551533,1,1
551633,1,1
551733,1,1
551833,1,1
551933,1,1
552033,1,1
552133,1,1
552233,1,1
552333,1,1
552433,1,1
552533,1,1
552633,1,1
552733,1,1
552833,1,1
552933,1,1
553033,1,1
553133,1,1
553233,1,1
553333,1,1
553433,1,1
553533,1,1
553633,1,1
553733,1,1
553833,1,1
553933,1,1
554033,1,1
554133,1,1
554233,1,1
554333,1,1
554433,1,1
554533,1,1
554633,1,1
554733,1,1
554833,1,1
554933,1,1
555033,1,1
555133,1,1
555233,1,1
555333,1,1
555433,1,1
555533,1,1
555633,1,1
555733,1,1
555833,1,1
555933,1,1
556177,1,1
556277,1,1
556377,1,1
556477,1,1
556577,1,1
556677,1,1
556777,1,1
556877,1,1
556977,1,1
557077,1,1
557177,1,1
557277,1,1
557377,1,1
557477,1,1
557577,1,1
557677,1,1
557777,1,1
557877,1,1
557977,1,1
558077,1,1
558177,1,1
558277,1,1
558377,1,1
558477,1,1
558577,1,1
558677,1,1
558777,1,1
558877,1,1
558977,1,1
559077,1,1
559177,1,1
559277,1,1
559377,1,1
559477,1,1
559577,1,1
559677,1,1
559777,1,1
559877,1,1
559977,1,1
560077,1,1
560177,1,1
560277,1,1
560377,1,1
560477,1,1
560577,1,1
560677,1,1
560777,1,1
560877,1,1
560977,1,1
561077,1,1
561177,1,1
561277,1,1
561377,1,1
561477,1,1
561577,1,1
561677,1,1
561777,1,1
561877,1,1
561977,1,1
562077,1,1
562177,1,1
562277,1,1
562377,1,1
562477,1,1
562577,1,1
562677,1,1
562777,1,1
562877,1,1
562977,1,1
563077,1,1
563177,1,1
563277,1,1
563377,1,1
563477,1,1
563577,1,1
563677,1,1
563777,1,1
563877,1,1
563977,1,1
564077,1,1
564177,1,1
564277,1,1
564377,1,1
564477,1,1
564577,1,1
564677,1,1
564777,1,1
564877,1,1
564977,1,1
565077,1,1
565177,1,1
565277,1,1
565377,1,1
565477,1,1
565577,1,1
565677,1,1
565777,1,1
565877,1,1
565977,1,1
566077,1,1
566177,1,1
566277,1,1
566377,1,1
566477,1,1
566577,1,1
566677,1,1
566777,1,1
566877,1,1
566977,1,1
567077,1,1
567177,1,1
567277,1,1
567377,1,1
567477,1,1
567577,1,1
567677,1,1
567777,1,1
567877,1,1
567977,1,1
568077,1,1
568177,1,1
568277,1,1
568377,1,1
568477,1,1
568577,1,1
568677,1,1
568777,1,1
568877,1,1
568977,1,1
569077,1,1
569177,1,1
569277,1,1
569377,1,1
569477,1,1
569577,1,1
569677,1,1
569777,1,1
569877,1,1
569977,1,1
570077,1,1
570177,1,1
570277,1,1
570377,1,1
570477,1,1
570577,1,1
570677,1,1
570777,1,1
570877,1,1
570977,1,1
571077,1,1
571177,1,1
571277,1,1
571377,1,1
571477,1,1
571577,1,1
571677,1,1
571777,1,1
571877,1,1
571977,1,1
572077,1,1
572177,1,1
572277,1,1
572377,1,1
572477,1,1
572577,1,1
572677,1,1
572777,1,1
572877,1,1
572977,1,1
573077,1,1
573177,1,1
573277,1,1
573377,1,1
573477,1,1
573577,1,1
573677,1,1
573777,1,1
573877,1,1
573977,1,1
574077,1,1
574177,1,1
574277,1,1
574377,1,1
574477,1,1
574577,1,1
574677,1,1
574777,1,1
574877,1,1
574977,1,1
575117,1,1
575217,1,1
575317,1,1
575417,1,1
575517,1,1
575617,1,1
575717,1,1
575817,1,1
575917,1,1
576017,1,1
576117,1,1
576217,1,1
576317,1,1
576417,1,1
576517,1,1
576617,1,1
576717,1,1
576817,1,1
576917,1,1
577017,1,1
577117,1,1
577217,1,1
577317,1,1
577417,1,1
577517,1,1
577617,1,1
577717,1,1
577817,1,1
577917,1,1
578017,1,1
578117,1,1
578217,1,1
578317,1,1
578417,1,1
578517,1,1
578617,1,1
578717,1,1
578817,1,1
578917,1,1
579017,1,1
579117,1,1
579217,1,1
579317,1,1
579417,1,1
579517,1,1
579617,1,1
579717,1,1
579817,1,1
579917,1,1
580017,1,1
580117,1,1
580217,1,1
580317,1,1
580417,1,1
580517,1,1
580617,1,1
580717,1,1
580817,1,1
580917,1,1
581017,1,1
581117,1,1
581217,1,1
581317,1,1
581417,1,1
581517,1,1
581617,1,1
581717,1,1
581817,1,1
581917,1,1
582017,1,1
582117,1,1
582217,1,1
582317,1,1
582417,1,1
582517,1,1
582617,1,1
582717,1,1
582817,1,1
582917,1,1
583017,1,1
583117,1,1
583217,1,1
583317,1,1
583417,1,1
583517,1,1
583617,1,1
583717,1,1
583817,1,1
583917,1,1
584017,1,1
584117,1,1
584217,1,1
584317,1,1
584417,1,1
584517,1,1
584617,1,1
584717,1,1
584817,1,1
584917,1,1
585017,1,1
585117,1,1
585217,1,1
585317,1,1
585417,1,1
585517,1,1
585617,1,1
585717,1,1
585817,1,1
585917,1,1
586017,1,1
586117,1,1
586217,1,1
586317,1,1
586417,1,1
586517,1,1
586617,1,1
586717,1,1
586817,1,1
586917,1,1
587017,1,1
587123,1,1
587223,1,1
587323,1,1
587423,1,1
587523,1,1
587623,1,1
587724,1,1
587824,1,1
587924,1,1
588024,1,1
588124,1,1
588224,1,1
588324,1,1
588424,1,1
588524,1,1
588624,1,1
588724,1,1
588824,1,1
588924,1,1
589024,1,1
589124,1,1
589224,1,1
589324,1,1
589424,1,1
589524,1,1
589624,1,1
589724,1,1
589824,1,1
589924,1,1
590024,1,1
590124,1,1
590224,1,1
590324,1,1
590424,1,1
590524,1,1
590625,1,1
590725,1,1
590825,1,1
590925,1,1
591025,1,1
591125,1,1
591225,1,1
591325,1,1
591425,1,1
591525,1,1
591625,1,1
591725,1,1
591825,1,1
591925,1,1
592025,1,1
592125,1,1
592225,1,1
592325,1,1
592425,1,1
592525,1,1
592625,1,1
592725,1,1
592825,1,1
592925,1,1
593025,1,1
593125,1,1
593225,1,1
593325,1,1
593425,1,1
593525,1,1
593625,1,1
593725,1,1
593825,1,1
593925,1,1
594025,1,1
594131,1,1
594231,1,1
594331,1,1
594431,1,1
594531,1,1
594631,1,1
594731,1,1
594831,1,1
594931,1,1
595031,1,1
595131,1,1
595231,1,1
595331,1,1
595431,1,1
595532,1,1
595632,1,1
595732,1,1
595832,1,1
595932,1,1
596032,1,1
596147,1,1
596247,1,1
596347,1,1
596447,1,1
596547,1,1
596647,1,1
596747,1,1
596847,1,1
596947,1,1
597047,1,1
597147,1,1
597247,1,1
597347,1,1
597447,1,1
597547,1,1
597647,1,1
597747,1,1
597847,1,1
597947,1,1
598047,1,1
598147,1,1
598247,1,1
598348,1,1
598448,1,1
598548,1,1
598648,1,1
598748,1,1
598848,1,1
598948,1,1
599048,1,1
599149,1,1
599249,1,1
599349,1,1
599449,1,1
599549,1,1
599649,1,1
599749,1,1
599849,1,1
599949,1,1
600049,1,1
600149,1,1
600249,1,1
600349,1,1
600449,1,1
600549,1,1
600649,1,1
600749,1,1
600849,1,1
600949,1,1
601049,1,1
601149,1,1
601249,1,1
601349,1,1
601449,1,1
601549,1,1
601649,1,1
601749,1,1
601849,1,1
601949,1,1
602049,1,1
602149,1,1
602249,1,1
602349,1,1
602449,1,1
602549,1,1
602649,1,1
602749,1,1
602849,1,1
602949,1,1
603049,1,1
603149,1,1
603249,1,1
603349,1,1
603449,1,1
603549,1,1
603649,1,1
603749,1,1
603849,1,1
603949,1,1
604049,1,1
604156,1,1
604256,1,1
604356,1,1
604456,1,1
604556,1,1
604656,1,1
604756,1,1
604856,1,1
604956,1,1
605056,1,1
605156,1,1
605256,1,1
605356,1,1
605456,1,1
605556,1,1
605656,1,1
605756,1,1
605857,1,1
605957,1,1
606057,1,1
606157,1,1
606257,1,1
606357,1,1
606457,1,1
606557,1,1
606657,1,1
606757,1,1
606857,1,1
606957,1,1
607057,1,1
607157,1,1
607257,1,1
607357,1,1
607457,1,1
607557,1,1
607657,1,1
607757,1,1
607857,1,1
607957,1,1
608057,1,1
608157,1,1
608257,1,1
608357,1,1
608457,1,1
608557,1,1
608657,1,1
608757,1,1
608857,1,1
608957,1,1
609057,1,1
609157,1,1
609257,1,1
609357,1,1
609457,1,1
609557,1,1
609657,1,1
609757,1,1
609857,1,1
609957,1,1
610057,1,1
610157,1,1
610257,1,1
610357,1,1
610457,1,1
610557,1,1
610657,1,1
610757,1,1
610857,1,1
610957,1,1
611057,1,1
611157,1,1
611257,1,1
611357,1,1
611457,1,1
611557,1,1
611657,1,1
611757,1,1
611857,1,1
611957,1,1
612057,1,1
612157,1,1
612257,1,1
612357,1,1
612457,1,1
612557,1,1
612657,1,1
612757,1,1
612857,1,1
612957,1,1
613057,1,1
613157,1,1
613257,1,1
613357,1,1
613457,1,1
613557,1,1
613657,1,1
613757,1,1
613857,1,1
613957,1,1
614057,1,1
614157,1,1
614257,1,1
614357,1,1
614457,1,1
614557,1,1
614657,1,1
614757,1,1
614857,1,1
614957,1,1
615057,1,1
615157,1,1
615257,1,1
615357,1,1
615457,1,1
615557,1,1
615657,1,1
615757,1,1
615857,1,1
615957,1,1
616057,1,1
616157,1,1
616257,1,1
616357,1,1
616457,1,1
616557,1,1
616657,1,1
616757,1,1
616857,1,1
616957,1,1
617057,1,1
617157,1,1
617257,1,1
617357,1,1
617457,1,1
617557,1,1
617657,1,1
617757,1,1
617857,1,1
617957,1,1
618057,1,1
618157,1,1
618257,1,1
618357,1,1
618457,1,1
618557,1,1
618657,1,1
618757,1,1
618857,1,1
618957,1,1
619057,1,1
619157,1,1
619257,1,1
619357,1,1
619457,1,1
619557,1,1
619657,1,1
619757,1,1
619857,1,1
619957,1,1
620057,1,1
620157,1,1
620257,1,1
620357,1,1
620457,1,1
620557,1,1
620657,1,1
