p:4000,20000,6000,600,8000,4000,2000,8000,70
16237,packet,1,0,0,1,55,8000
16275,event,0,0
16290,action,0,0
16506,packet,0,0,1,1
16548,packetAck,1
20534,event,2,1
20548,action,1,1
20802,packet,1,0,0,1,55,8000
20840,event,0,0
20854,action,0,0
21122,packet,0,0,1,1
21164,packetAck,1
25161,event,2,1
25176,action,1,1
73859,packet,1,0,0,1,54,8000
73897,event,0,0
73911,action,0,0
73955,packet,0,0,1,1
73997,packetAck,1
74417,packet,1,0,2,5,55,8000
74433,event,3,1
74460,action,2,1
76475,event,4,2
76494,action,1,2
78521,packet,1,0,0,1,54,8000
78559,event,0,0
78575,action,0,0
78743,packet,0,0,1,1
78786,packetAck,1
82770,event,2,1
82784,action,1,1
83290,packet,1,0,0,1,54,8000
83337,event,0,0
83352,action,0,0
83420,packet,0,0,1,1
83462,packetAck,1
87436,event,2,1
87450,action,1,1
88049,packet,1,0,0,1,55,8000
88087,event,0,0
88115,action,0,0
88239,packet,0,0,1,1
88281,packetAck,1
92273,event,2,1
92287,action,1,1
93033,packet,1,0,0,1,54,8000
93071,event,0,0
93086,action,0,0
93251,packet,0,0,1,1
93297,packetAck,1
97282,event,2,1
97297,action,1,1
101173,packet,1,0,0,1,51,8000
101210,event,0,0
101225,action,0,0
101584,packet,0,0,1,1
101556,packetAck,1
101918,packet,1,0,2,5,52,8000
101934,event,3,1
101961,action,2,1
103990,event,4,2
104005,action,1,2
106067,packet,1,0,0,1,53,8000
106105,event,0,0
106119,action,0,0
106202,packet,0,0,1,1
106244,packetAck,1
110240,event,2,1
110255,action,1,1
129708,packet,1,0,0,1,53,8000
129746,event,0,0
129760,action,0,0
130111,packet,0,0,1,1
130157,packetAck,1
134139,event,2,1
134153,action,1,1
134297,packet,1,0,0,1,53,8000
134335,event,0,0
134349,action,0,0
134876,packet,0,0,1,1
134918,packetAck,1
138917,event,2,1
138931,action,1,1
186353,packet,1,0,0,1,66,8000
186391,event,0,0
186406,action,0,0
186566,packet,0,0,1,1
186609,packetAck,1
186940,packet,1,0,2,5,66,8000
186956,event,3,1
186970,action,2,1
188985,event,4,2
188999,action,1,2
191040,packet,1,0,0,1,63,8000
191078,event,0,0
191093,action,0,0
191478,packet,0,0,1,1
191529,packetAck,1
195507,event,2,1
195522,action,1,1
195822,packet,1,0,0,1,63,8000
195860,event,0,0
195874,action,0,0
195949,packet,0,0,1,1
195995,packetAck,1
199975,event,2,1
199990,action,1,1
243003,packet,1,0,0,1,57,8000
243041,event,0,0
243055,action,0,0
243077,packet,0,0,1,1
243136,packetAck,1
243471,packet,1,0,2,5,58,8000
243486,event,3,1
243501,action,2,1
245515,event,4,2
245529,action,1,2
247580,packet,1,0,0,1,58,8000
247618,event,0,0
247633,action,0,0
247826,packet,0,0,1,1
247873,packetAck,1
251842,event,2,1
251856,action,1,1
299726,packet,1,0,0,1,51,8000
299764,event,0,0
299778,action,0,0
299793,packet,0,0,1,1
299859,packetAck,1
300194,packet,1,0,2,5,51,8000
300209,event,3,1
300224,action,2,1
302238,event,4,2
302252,action,1,2
304296,packet,1,0,0,1,51,8000
304334,event,0,0
304348,action,0,0
304716,packet,0,0,1,1
304758,packetAck,1
308757,event,2,1
308771,action,1,1
308937,packet,1,0,0,1,51,8000
308983,event,0,0
308999,action,0,0
309411,packet,0,0,1,1
309457,packetAck,1
313455,event,2,1
313469,action,1,1
313587,packet,1,0,0,1,51,8000
313625,event,0,0
313639,action,0,0
313882,packet,0,0,1,1
313924,packetAck,1
317921,event,2,1
317935,action,1,1
358469,packet,1,0,0,1,50,8000
358507,event,0,0
358522,action,0,0
358601,packet,0,0,1,1
358644,packetAck,1
359024,packet,1,0,2,5,48,8000
359040,event,3,1
359054,action,2,1
361077,event,4,2
361091,action,1,2
363115,packet,1,0,0,1,51,8000
363152,event,0,0
363168,action,0,0
363365,packet,0,0,1,1
363414,packetAck,0
367399,event,2,1
367413,action,1,1
367976,packet,1,0,0,1,50,8000
368014,event,0,0
368029,action,0,0
368075,packet,0,0,1,1
368118,packetAck,1
372101,event,2,1
372114,action,1,1
376109,packet,1,0,0,1,49,8000
376161,event,0,0
376176,action,0,0
376548,packet,0,0,1,1
376590,packetAck,1
380586,event,2,1
380600,action,1,1
384179,packet,1,0,0,1,48,8000
384216,event,0,0
384230,action,0,0
384487,packet,0,0,1,1
384529,packetAck,1
388585,event,2,1
388599,action,1,1
389130,packet,1,0,0,1,48,8000
389168,event,0,0
389183,action,0,0
389502,packet,0,0,1,1
389544,packetAck,1
389895,packet,1,0,2,5,48,8000
389927,event,3,1
389941,action,2,1
391955,event,4,2
391968,action,1,2
393999,packet,1,0,0,1,48,8000
394035,event,0,0
394050,action,0,0
394210,packet,0,0,1,1
394252,packetAck,1
398222,event,2,1
398235,action,1,1
416334,packet,1,0,0,1,51,8000
416372,event,0,0
416386,action,0,0
416409,packet,0,0,1,1
416467,packetAck,1
416966,packet,1,0,2,5,52,8000
416981,event,3,1
416994,action,2,1
417445,packet,1,0,2,5,52,8000
417462,event,1,2
417517,packet,1,0,2,5,52,8000
417532,event,1,2
425525,event,4,2
425539,action,1,2
428545,packet,1,0,0,1,51,8000
428582,event,0,0
428598,action,0,0
428994,packet,0,0,1,1
429037,packetAck,1
433037,event,2,1
433051,action,1,1
437306,packet,1,0,0,1,51,8000
437344,event,0,0
437367,action,0,0
437713,packet,0,0,1,1
437756,packetAck,1
441741,event,2,1
441755,action,1,1
441985,packet,1,0,0,1,51,8000
442023,event,0,0
442042,action,0,0
442224,packet,0,0,1,1
442267,packetAck,1
442627,packet,1,0,2,5,51,8000
442642,event,3,1
442656,action,2,1
443054,packet,1,0,2,5,51,8000
443070,event,1,2
443132,packet,1,0,2,5,51,8000
443148,event,1,2
451146,event,4,2
451161,action,1,2
454198,packet,1,0,0,1,51,8000
454236,event,0,0
454251,action,0,0
454328,packet,0,0,1,1
454370,packetAck,1
458368,event,2,1
458382,action,1,1
475261,packet,1,0,0,1,48,8000
475299,event,0,0
475313,action,0,0
475508,packet,0,0,1,1
475550,packetAck,1
479548,event,2,1
479563,action,1,1
479814,packet,1,0,0,1,49,8000
479851,event,0,0
479866,action,0,0
480262,packet,0,0,1,1
480254,packetAck,0
484300,event,2,1
484314,action,1,1
484844,packet,1,0,0,1,48,8000
484881,event,0,0
484896,action,0,0
485092,packet,0,0,1,1
485134,packetAck,1
485498,packet,1,0,2,5,50,8000
485514,event,3,1
485538,action,2,1
485919,packet,1,0,2,5,50,8000
485935,event,1,2
485991,packet,1,0,2,5,50,8000
486008,event,1,2
490067,packet,1,0,2,5,48,8000
490083,event,1,2
494144,packet,1,0,2,5,48,8000
494160,event,1,2
498214,packet,1,0,2,5,48,8000
498229,event,1,2
502287,packet,1,0,2,5,48,8000
502303,event,1,2
506359,packet,1,0,2,5,48,8000
506374,event,1,2
510429,packet,1,0,2,5,48,8000
510445,event,1,2
514506,packet,1,0,2,5,48,8000
514521,event,1,2
522521,event,4,2
522535,action,1,2
533626,packet,1,0,0,1,63,8000
533664,event,0,0
533680,action,0,0
533959,packet,0,0,1,1
534001,packetAck,1
537985,event,2,1
537999,action,1,1
538258,packet,1,0,0,1,62,8000
538309,event,0,0
538323,action,0,0
538504,packet,0,0,1,1
538546,packetAck,1
542529,event,2,1
542543,action,1,1
