p:4000,20000,6000,600,8000,4000,2000,8000,70
15048,0,0
15148,0,0
15248,0,0
15348,0,0
15448,0,0
15548,0,0
15648,0,0
15748,0,0
15848,0,0
15948,0,0
16048,0,0
16148,0,0
16248,0,0
16348,0,0
16545,0,0
16645,0,1
16745,0,1
16845,0,1
16945,1,2
17045,1,2
17145,1,2
17245,1,2
17348,1,2
17448,1,2
17548,1,2
17648,1,2
17748,1,2
17848,1,2
17948,1,2
18048,1,2
18148,1,2
18248,1,2
18348,1,2
18448,1,2
18548,1,2
18648,1,2
18748,1,2
18848,1,2
18948,1,2
19046,1,2
19146,1,2
19246,1,2
19346,1,2
19446,1,2
19546,1,2
19646,1,2
19746,1,2
19846,1,2
19946,1,2
20046,1,2
20146,1,2
20246,1,2
20346,1,2
20446,1,2
20546,1,2
20646,1,2
20746,1,2
20846,1,2
20946,1,2
21046,1,2
21146,1,2
21246,1,2
21346,1,2
21446,1,2
21546,1,2
21646,1,2
21746,1,2
21846,1,2
21946,1,2
22046,1,2
22146,1,2
22246,1,2
22346,1,2
22446,1,2
22546,1,2
22646,1,2
22746,1,2
22846,1,2
22946,1,2
23046,1,2
23132,1,2
23232,1,2
23332,1,2
23432,1,2
23532,1,2
23632,1,2
23732,1,2
23832,1,2
23932,1,2
24032,1,2
24132,1,2
24232,1,2
24332,1,2
24432,1,2
24532,1,2
24632,1,2
24732,1,2
24832,1,2
24932,1,2
25032,1,2
25132,1,2
25232,1,2
25332,1,2
25432,1,2
25532,1,2
25632,1,2
25732,1,2
25832,1,2
25932,1,2
26032,1,2
26132,1,2
26232,1,2
26332,1,2
26432,1,2
26532,1,2
26632,1,2
26732,1,2
26832,1,2
26932,1,2
27032,1,2
27132,1,2
27232,1,2
27332,1,2
27432,1,2
27532,1,2
27632,1,2
27732,1,2
27832,1,2
27932,1,2
28032,1,2
28132,1,2
28232,1,2
28332,1,2
28432,1,2
28532,1,2
28632,1,2
28732,1,2
28832,1,2
28932,1,2
29032,1,2
29132,1,2
29232,1,2
29332,1,2
29432,1,2
29532,0,0
29632,0,0
29732,0,0
29832,0,0
29932,0,0
30032,0,0
30132,0,0
30232,0,0
30332,0,0
30432,0,0
30532,0,0
30632,0,0
30732,0,0
30832,0,0
30932,0,0
31032,0,0
31132,0,0
31232,0,0
31332,0,0
31432,0,0
31532,0,0
31632,0,0
31732,0,0
31832,0,0
31932,0,0
32032,0,0
32132,0,0
32232,0,0
32882,0,0
32982,0,1
33082,0,1
33182,0,1
33282,0,1
33382,0,1
33482,0,1
33582,0,1
33682,0,1
33782,0,1
33882,0,1
33982,0,1
34082,0,1
34182,0,1
34282,0,1
34382,0,1
34482,0,1
34582,0,1
34682,0,1
34782,0,1
34882,0,1
34982,0,1
35089,0,1
35189,0,1
35289,0,1
35389,0,1
35489,0,1
35589,0,1
35690,0,1
35790,0,1
35890,0,1
35990,0,1
36090,0,1
36190,0,1
36290,0,1
36390,0,1
36490,0,1
36590,0,1
36690,0,1
36790,0,1
36921,0,0
37021,0,0
37121,0,0
37726,0,0
37826,0,1
37926,0,1
38026,0,1
38126,0,1
38226,0,1
38326,0,1
38426,0,1
38526,0,1
38626,0,1
38726,0,1
38826,0,1
38926,0,1
39026,0,1
39124,0,1
39224,0,1
39324,0,1
39424,0,1
39524,0,1
39624,0,1
39724,0,1
39824,0,1
39924,0,1
40024,0,1
40125,0,1
40225,0,1
40325,0,1
40425,0,1
40525,0,1
40625,0,1
40725,0,1
40825,0,1
40925,0,1
41025,0,1
41125,0,1
41225,0,1
41325,0,1
41425,0,1
41525,0,1
41625,0,1
41753,0,0
42252,0,0
42352,0,1
42452,0,1
42552,0,1
42681,0,1
42781,1,2
42881,1,2
42981,1,2
43081,1,2
43181,1,2
43281,1,2
43379,1,2
43479,1,2
43579,1,2
43679,1,2
43779,1,2
43879,1,2
43979,1,2
44079,1,2
44179,1,2
44279,1,2
44379,1,2
44479,1,2
44579,1,2
44679,1,2
44779,1,2
44879,1,2
44979,1,2
45079,1,2
45179,1,2
45279,1,2
45379,1,2
45479,1,2
45579,1,2
45679,1,2
45779,1,2
45879,1,2
45979,1,2
46079,1,2
46179,1,2
46279,1,2
46379,1,2
46479,1,2
46579,1,2
46679,1,2
46779,1,2
46879,1,2
46979,1,2
47079,1,2
47179,1,2
47279,1,2
47378,1,2
47478,1,2
47578,1,2
47678,1,2
47778,1,2
47878,1,2
47978,1,2
48078,1,2
48178,1,2
48278,1,2
48378,1,2
48478,1,2
48578,1,2
48678,1,2
48778,1,2
48878,1,2
48978,1,2
49078,1,2
49178,1,2
49278,1,2
49378,1,2
49478,1,2
49578,1,2
49678,1,2
49778,1,2
49878,1,2
49978,1,2
50078,1,2
50178,1,2
50278,1,2
50378,1,2
50478,1,2
50578,1,2
50678,1,2
50778,1,2
50878,1,2
50978,1,2
51078,1,2
51178,1,2
51278,1,2
51367,0,0
51467,0,0
51567,0,0
51667,0,0
51767,0,0
51867,0,0
51967,0,0
52067,0,0
52167,0,0
52267,0,0
52367,0,0
52467,0,0
52567,0,0
52667,0,0
52767,0,0
52867,0,0
52967,0,0
53067,0,0
53167,0,0
53267,0,0
53367,0,0
53467,0,0
53567,0,0
53667,0,0
53767,0,0
53867,0,0
53967,0,0
54067,0,0
54433,0,0
54533,0,1
54633,0,1
54733,0,1
54833,0,1
54933,0,1
55033,0,1
55133,0,1
55233,0,1
55333,0,1
55433,0,1
55533,0,1
55633,0,1
55733,0,1
55833,0,1
55933,0,1
56033,0,1
56133,0,1
56233,0,1
56333,0,1
56433,0,1
56533,0,1
56633,0,1
56733,0,1
56833,0,1
56933,0,1
57033,0,1
57133,0,1
57233,0,1
57333,0,1
57434,0,1
57534,0,1
57634,0,1
57734,0,1
57834,0,1
57934,0,1
58034,0,1
58134,0,1
58234,0,1
58334,0,1
58462,0,0
58562,0,0
58662,0,0
58762,0,0
58862,0,0
58962,0,0
59062,0,0
59162,0,0
59262,0,0
59362,0,0
59462,0,0
59562,0,0
59662,0,0
59762,0,0
59862,0,0
59962,0,0
60062,0,0
60162,0,0
60262,0,0
60362,0,0
60463,0,0
60563,0,0
60663,0,0
60763,0,0
60863,0,0
60963,0,0
61063,0,0
61163,0,0
61263,0,0
61363,0,0
61463,0,0
61563,0,0
61663,0,0
61763,0,0
61863,0,0
61963,0,0
62063,0,0
62163,0,0
62263,0,0
62363,0,0
62463,0,0
62563,0,0
62663,0,0
62763,0,0
62863,0,0
62963,0,0
63063,0,0
63163,0,0
63263,0,0
63363,0,0
63463,0,0
63563,0,0
63663,0,0
63763,0,0
63863,0,0
63963,0,0
64063,0,0
64163,0,0
64263,0,0
64363,0,0
64463,0,0
64563,0,0
64663,0,0
64763,0,0
64863,0,0
64963,0,0
65063,0,0
65163,0,0
65263,0,0
65363,0,0
65463,0,0
65563,0,0
65663,0,0
65763,0,0
65863,0,0
65963,0,0
66063,0,0
66163,0,0
66263,0,0
66363,0,0
66463,0,0
66563,0,0
66663,0,0
66763,0,0
66863,0,0
66963,0,0
67063,0,0
67163,0,0
67263,0,0
67363,0,0
67463,0,0
67563,0,0
67663,0,0
67763,0,0
67863,0,0
67963,0,0
68063,0,0
68163,0,0
68263,0,0
68363,0,0
68463,0,0
68563,0,0
68663,0,0
68763,0,0
68863,0,0
68963,0,0
69063,0,0
69163,0,0
69263,0,0
69363,0,0
69463,0,0
69563,0,0
69663,0,0
69763,0,0
69863,0,0
69963,0,0
70063,0,0
70163,0,0
70263,0,0
70625,0,0
70725,0,1
70825,0,1
70925,0,1
71025,0,1
71125,0,1
71225,0,1
71325,0,1
71425,0,1
71525,0,1
71625,0,1
71725,0,1
71825,0,1
71925,0,1
72026,0,1
72126,0,1
72226,0,1
72326,0,1
72426,0,1
72526,0,1
72626,0,1
72726,0,1
72826,0,1
72926,0,1
73026,0,1
73126,0,1
73226,0,1
73326,0,1
73426,0,1
73526,0,1
73626,0,1
73726,0,1
73826,0,1
73926,0,1
74026,0,1
74126,0,1
74226,0,1
74326,0,1
74426,0,1
74526,0,1
74654,0,0
74754,0,0
74854,0,0
75231,0,0
75331,0,1
75431,0,1
75531,0,1
75631,0,1
75731,0,1
75831,0,1
75931,0,1
76031,0,1
76131,0,1
76231,0,1
76331,0,1
76431,0,1
76531,0,1
76631,0,1
76731,0,1
76831,0,1
76931,0,1
77031,0,1
77131,0,1
77231,0,1
77331,0,1
77431,0,1
77531,0,1
77630,0,1
77730,0,1
77830,0,1
77930,0,1
78030,0,1
78130,0,1
78230,0,1
78330,0,1
78430,0,1
78530,0,1
78630,0,1
78730,0,1
78830,0,1
78930,0,1
79030,0,1
79130,0,1
79259,0,0
79359,0,0
79459,0,0
80025,0,0
80125,0,1
80225,0,1
80325,0,1
80425,0,1
80525,0,1
80625,0,1
80725,0,1
80825,0,1
80925,0,1
81025,0,1
81125,0,1
81225,0,1
81326,0,1
81426,0,1
81526,0,1
81624,0,1
81724,0,1
81824,0,1
81924,0,1
82024,0,1
82124,0,1
82224,0,1
82324,0,1
82424,0,1
82524,0,1
82624,0,1
82724,0,1
82824,0,1
82924,0,1
83024,0,1
83124,0,1
83224,0,1
83324,0,1
83424,0,1
83524,0,1
83624,0,1
83724,0,1
83824,0,1
83924,0,1
84056,0,0
84688,0,0
84788,0,1
84888,0,1
84988,0,1
85099,0,1
85199,1,2
85299,1,2
85399,1,2
85499,1,2
85598,1,2
85698,1,2
85798,1,2
85898,1,2
85998,1,2
86098,1,2
86198,1,2
86298,1,2
86398,1,2
86498,1,2
86598,1,2
86699,1,2
86799,1,2
86899,1,2
86999,1,2
87135,0,0
87235,0,0
87335,0,0
87435,0,0
87535,0,0
87635,0,0
87735,0,0
87835,0,0
87935,0,0
88035,0,0
88135,0,0
88235,0,0
88335,0,0
88435,0,0
88535,0,0
88635,0,0
88735,0,0
88835,0,0
88935,0,0
89035,0,0
89135,0,0
89384,0,0
89484,0,1
89584,0,1
89676,0,1
89776,0,1
89876,0,1
89977,0,1
90077,0,1
90177,0,1
90277,0,1
90377,0,1
90477,0,1
90577,0,1
90677,0,1
90777,0,1
90877,0,1
90977,0,1
91077,0,1
91177,0,1
91277,0,1
91377,0,1
91477,0,1
91577,0,1
91677,0,1
91777,0,1
91877,0,1
91977,0,1
92077,0,1
92177,0,1
92277,0,1
92377,0,1
92477,0,1
92577,0,1
92677,0,1
92777,0,1
92878,0,1
92978,0,1
93078,0,1
93178,0,1
93278,0,1
93418,0,0
93518,0,0
93623,0,0
93723,0,0
93823,0,0
93923,0,0
94023,0,0
94123,0,0
94223,0,0
94323,0,0
94423,0,0
94523,0,0
94623,0,0
94723,0,0
94823,0,0
94923,0,0
95023,0,0
95123,0,0
95223,0,0
95323,0,0
95423,0,0
95523,0,0
95623,0,0
95723,0,0
95823,0,0
95923,0,0
96023,0,0
96123,0,0
96223,0,0
96323,0,0
96424,0,0
96524,0,0
96624,0,0
96724,0,0
96824,0,0
96924,0,0
97024,0,0
97124,0,0
97224,0,0
97849,0,0
97676,0,1
97776,0,1
97876,0,1
97976,0,1
98076,0,1
98176,0,1
98276,0,1
98376,0,1
98476,0,1
98576,0,1
98676,0,1
98776,0,1
98876,0,1
98976,0,1
99076,0,1
99176,0,1
99276,0,1
99376,0,1
99476,0,1
99576,0,1
99676,0,1
99776,0,1
99876,0,1
99976,0,1
100077,0,1
100177,0,1
100277,0,1
100377,0,1
100477,0,1
100577,0,1
100677,0,1
100777,0,1
100877,0,1
100977,0,1
101077,0,1
101177,0,1
101277,0,1
101646,0,1
101746,0,1
101872,0,0
101972,0,0
102072,0,0
102172,0,0
102726,0,0
102826,0,1
102926,0,1
103026,0,1
103126,0,1
103226,0,1
103326,0,1
103426,0,1
103526,0,1
103626,0,1
103726,0,1
103826,0,1
103926,0,1
104026,0,1
104126,0,1
104226,0,1
104326,0,1
104426,0,1
104527,0,1
104627,0,1
104727,0,1
104827,0,1
104927,0,1
105027,0,1
105127,0,1
105227,0,1
105327,0,1
105427,0,1
105527,0,1
105626,0,1
105726,0,1
105826,0,1
105926,0,1
106026,0,1
106126,0,1
106226,0,1
106326,0,1
106426,0,1
106526,0,1
106626,0,1
106754,0,0
106854,0,0
106954,0,0
107054,0,0
107241,0,0
107340,0,1
107440,0,1
107540,0,1
107654,0,1
107754,1,2
107854,1,2
107954,1,2
108054,1,2
108154,1,2
108254,1,2
108354,1,2
108454,1,2
108554,1,2
108654,1,2
108754,1,2
108854,1,2
108954,1,2
109054,1,2
109154,1,2
109254,1,2
109354,1,2
109454,1,2
109554,1,2
109652,1,2
109752,0,0
109852,0,0
109952,0,0
110052,0,0
110152,0,0
110252,0,0
110352,0,0
110452,0,0
110552,0,0
110652,0,0
110753,0,0
110853,0,0
110953,0,0
111053,0,0
111153,0,0
111253,0,0
111353,0,0
111453,0,0
111553,0,0
111653,0,0
111753,0,0
111853,0,0
111953,0,0
112053,0,0
112153,0,0
112253,0,0
112353,0,0
112453,0,0
112553,0,0
112653,0,0
112753,0,0
112853,0,0
112953,0,0
113053,0,0
113153,0,0
113253,0,0
113353,0,0
113453,0,0
113553,0,0
113653,0,0
113753,0,0
113853,0,0
113953,0,0
114053,0,0
114153,0,0
114253,0,0
114353,0,0
114453,0,0
114553,0,0
114653,0,0
114753,0,0
114853,0,0
114953,0,0
115053,0,0
115153,0,0
115253,0,0
115353,0,0
115453,0,0
115553,0,0
115653,0,0
115753,0,0
115853,0,0
115953,0,0
116053,0,0
116153,0,0
116253,0,0
116353,0,0
116453,0,0
116553,0,0
116653,0,0
116753,0,0
116853,0,0
116953,0,0
117053,0,0
117153,0,0
117253,0,0
117353,0,0
117453,0,0
117553,0,0
117653,0,0
117753,0,0
117853,0,0
117953,0,0
118053,0,0
118153,0,0
118253,0,0
118353,0,0
118453,0,0
118553,0,0
118653,0,0
118753,0,0
118853,0,0
118953,0,0
119053,0,0
119153,0,0
119253,0,0
119353,0,0
119453,0,0
119553,0,0
119653,0,0
119753,0,0
119853,0,0
119953,0,0
120053,0,0
120153,0,0
120253,0,0
120353,0,0
120453,0,0
120553,0,0
120653,0,0
120753,0,0
120853,0,0
120953,0,0
121053,0,0
121153,0,0
121253,0,0
121353,0,0
121453,0,0
121553,0,0
121653,0,0
121753,0,0
121853,0,0
121953,0,0
122053,0,0
122153,0,0
122253,0,0
122353,0,0
122453,0,0
122553,0,0
122653,0,0
122753,0,0
122853,0,0
122953,0,0
123053,0,0
123153,0,0
123253,0,0
123353,0,0
123453,0,0
123553,0,0
123653,0,0
123753,0,0
123853,0,0
123953,0,0
124053,0,0
124153,0,0
124253,0,0
124353,0,0
124453,0,0
124553,0,0
124653,0,0
124753,0,0
124853,0,0
124953,0,0
125053,0,0
125153,0,0
125253,0,0
125353,0,0
125453,0,0
125553,0,0
125653,0,0
125753,0,0
125853,0,0
125953,0,0
126053,0,0
126153,0,0
126253,0,0
126353,0,0
126453,0,0
126553,0,0
126653,0,0
126753,0,0
126853,0,0
126953,0,0
127053,0,0
127153,0,0
127253,0,0
127353,0,0
127453,0,0
127553,0,0
127653,0,0
127753,0,0
127853,0,0
127953,0,0
128053,0,0
128153,0,0
128253,0,0
128353,0,0
128453,0,0
128553,0,0
128653,0,0
128753,0,0
128853,0,0
128953,0,0
129053,0,0
129153,0,0
129253,0,0
129353,0,0
129453,0,0
129553,0,0
129653,0,0
129753,0,0
130057,0,0
130157,0,1
130257,0,1
130357,0,1
130457,0,1
130557,0,1
130657,0,1
130757,0,1
130857,0,1
130957,0,1
131057,0,1
131157,0,1
131257,0,1
131357,0,1
131457,0,1
131557,0,1
131657,0,1
131757,0,1
131857,0,1
131957,0,1
132057,0,1
132157,0,1
132257,0,1
132357,0,1
132457,0,1
132557,0,1
132657,0,1
132757,0,1
132857,0,1
132957,0,1
133057,0,1
133157,0,1
133257,0,1
133357,0,1
133457,0,1
133557,0,1
133657,0,1
133766,0,1
133866,0,1
133966,0,1
134066,0,1
134166,0,0
134266,0,0
134366,0,0
134959,0,0
135059,0,1
135159,0,1
135259,0,1
135359,0,1
135459,0,1
135559,0,1
135660,0,1
135760,0,1
135860,0,1
135960,0,1
136060,0,1
136160,0,1
136260,0,1
136360,0,1
136460,0,1
136560,0,1
136660,0,1
136760,0,1
136860,0,1
136960,0,1
137060,0,1
137160,0,1
137260,0,1
137360,0,1
137460,0,1
137560,0,1
137660,0,1
137756,0,1
137856,0,1
137956,0,1
138056,0,1
138156,0,1
138256,0,1
138356,0,1
138456,0,1
138557,0,1
138657,0,1
138757,0,1
138857,0,1
138984,0,0
139084,0,0
139184,0,0
139284,0,0
139384,0,0
139484,0,0
139584,0,0
139684,0,0
139784,0,0
139884,0,0
139984,0,0
140084,0,0
140195,0,0
140295,0,0
140395,0,0
140495,0,0
140595,0,0
140695,0,0
140795,0,0
140895,0,0
140995,0,0
141095,0,0
141195,0,0
141295,0,0
141395,0,0
141495,0,0
141595,0,0
141695,0,0
141796,0,0
141896,0,0
141996,0,0
142096,0,0
142196,0,0
142296,0,0
142396,0,0
142496,0,0
142596,0,0
142697,0,0
142797,0,0
142897,0,0
142997,0,0
143097,0,0
143197,0,0
143297,0,0
143397,0,0
143497,0,0
143597,0,0
143697,0,0
143797,0,0
143897,0,0
143997,0,0
144097,0,0
144197,0,0
144297,0,0
144397,0,0
144497,0,0
144597,0,0
144697,0,0
144797,0,0
144897,0,0
144997,0,0
145097,0,0
145197,0,0
145297,0,0
145397,0,0
145497,0,0
145598,0,0
145698,0,0
145797,0,0
145897,0,0
145997,0,0
146097,0,0
146197,0,0
146297,0,0
146397,0,0
146497,0,0
146597,0,0
146697,0,0
146797,0,0
146897,0,0
146997,0,0
147097,0,0
147197,0,0
147297,0,0
147397,0,0
147497,0,0
147597,0,0
147697,0,0
147797,0,0
147897,0,0
147997,0,0
148097,0,0
148197,0,0
148297,0,0
148397,0,0
148498,0,0
148598,0,0
148698,0,0
148798,0,0
148898,0,0
148998,0,0
149098,0,0
149198,0,0
149298,0,0
149398,0,0
149498,0,0
149598,0,0
149698,0,0
149795,0,0
149895,0,0
149995,0,0
150095,0,0
150195,0,0
150295,0,0
150395,0,0
150495,0,0
150595,0,0
150695,0,0
150795,0,0
150895,0,0
150995,0,0
151095,0,0
151195,0,0
151295,0,0
151395,0,0
151495,0,0
151595,0,0
151695,0,0
151795,0,0
151895,0,0
151995,0,0
152095,0,0
152195,0,0
152295,0,0
152395,0,0
152495,0,0
152595,0,0
152695,0,0
152795,0,0
152895,0,0
152995,0,0
153095,0,0
153195,0,0
153295,0,0
153395,0,0
153495,0,0
153595,0,0
153695,0,0
153793,0,0
153893,0,0
153993,0,0
154093,0,0
154193,0,0
154293,0,0
154393,0,0
154493,0,0
154593,0,0
154693,0,0
154793,0,0
154893,0,0
154993,0,0
155093,0,0
155193,0,0
155293,0,0
155393,0,0
155493,0,0
155593,0,0
155693,0,0
155793,0,0
155893,0,0
155993,0,0
156093,0,0
156193,0,0
156293,0,0
156393,0,0
156493,0,0
156593,0,0
156693,0,0
156793,0,0
156893,0,0
156993,0,0
157093,0,0
157193,0,0
157293,0,0
157393,0,0
157493,0,0
157593,0,0
157693,0,0
157793,0,0
157893,0,0
157991,0,0
158091,0,0
158191,0,0
158291,0,0
158391,0,0
158491,0,0
158591,0,0
158691,0,0
158791,0,0
158891,0,0
158991,0,0
159091,0,0
159191,0,0
159291,0,0
159391,0,0
159491,0,0
159591,0,0
159691,0,0
159791,0,0
159891,0,0
159991,0,0
160091,0,0
160191,0,0
160291,0,0
160391,0,0
160491,0,0
160591,0,0
160691,0,0
160791,0,0
160891,0,0
160991,0,0
161091,0,0
161191,0,0
161291,0,0
161391,0,0
161491,0,0
161591,0,0
161691,0,0
161791,0,0
161891,0,0
161990,0,0
162090,0,0
162190,0,0
162290,0,0
162390,0,0
162490,0,0
162590,0,0
162690,0,0
162790,0,0
162890,0,0
162990,0,0
163090,0,0
163190,0,0
163290,0,0
163390,0,0
163490,0,0
163590,0,0
163690,0,0
163790,0,0
163890,0,0
163990,0,0
164090,0,0
164190,0,0
164290,0,0
164390,0,0
164490,0,0
164590,0,0
164690,0,0
164790,0,0
164890,0,0
164990,0,0
165090,0,0
165190,0,0
165290,0,0
165390,0,0
165490,0,0
165590,0,0
165690,0,0
165790,0,0
165890,0,0
165988,0,0
166088,0,0
166188,0,0
166288,0,0
166388,0,0
166488,0,0
166588,0,0
166688,0,0
166788,0,0
166888,0,0
166988,0,0
167088,0,0
167188,0,0
167288,0,0
167388,0,0
167488,0,0
167588,0,0
167688,0,0
167788,0,0
167888,0,0
167988,0,0
168088,0,0
168188,0,0
168288,0,0
168388,0,0
168488,0,0
168588,0,0
168688,0,0
168788,0,0
168888,0,0
168988,0,0
169088,0,0
169188,0,0
169288,0,0
169388,0,0
169488,0,0
169588,0,0
169688,0,0
169788,0,0
169888,0,0
169988,0,0
170088,0,0
170188,0,0
170288,0,0
170388,0,0
170488,0,0
170588,0,0
170688,0,0
170788,0,0
170888,0,0
170988,0,0
171088,0,0
171188,0,0
171288,0,0
171388,0,0
171488,0,0
171588,0,0
171688,0,0
171788,0,0
171888,0,0
171988,0,0
172088,0,0
172188,0,0
172288,0,0
172388,0,0
172488,0,0
172588,0,0
172688,0,0
172788,0,0
172888,0,0
172988,0,0
173088,0,0
173188,0,0
173288,0,0
173388,0,0
173488,0,0
173588,0,0
173688,0,0
173788,0,0
173888,0,0
173988,0,0
174088,0,0
174188,0,0
174288,0,0
174388,0,0
174488,0,0
174588,0,0
174688,0,0
174788,0,0
174888,0,0
174988,0,0
175088,0,0
175188,0,0
175288,0,0
175388,0,0
175488,0,0
175588,0,0
175688,0,0
175788,0,0
175888,0,0
175988,0,0
176088,0,0
176188,0,0
176288,0,0
176388,0,0
176488,0,0
176588,0,0
176688,0,0
176788,0,0
176888,0,0
176988,0,0
177088,0,0
177188,0,0
177288,0,0
177388,0,0
177488,0,0
177588,0,0
177688,0,0
177788,0,0
177888,0,0
177988,0,0
178088,0,0
178188,0,0
178288,0,0
178388,0,0
178488,0,0
178588,0,0
178688,0,0
178788,0,0
178888,0,0
178988,0,0
179088,0,0
179188,0,0
179288,0,0
179388,0,0
179488,0,0
179588,0,0
179688,0,0
179788,0,0
179888,0,0
179988,0,0
180088,0,0
180188,0,0
180288,0,0
180388,0,0
180488,0,0
180588,0,0
180688,0,0
180788,0,0
180888,0,0
180988,0,0
181088,0,0
181188,0,0
181288,0,0
181388,0,0
181488,0,0
181588,0,0
181688,0,0
181788,0,0
181888,0,0
181988,0,0
182088,0,0
182188,0,0
182288,0,0
182388,0,0
182488,0,0
182588,0,0
182688,0,0
182788,0,0
182888,0,0
182988,0,0
183088,0,0
183188,0,0
183288,0,0
183388,0,0
183488,0,0
183588,0,0
183688,0,0
183788,0,0
183888,0,0
183988,0,0
184088,0,0
184188,0,0
184288,0,0
184388,0,0
184488,0,0
184588,0,0
184688,0,0
184788,0,0
184888,0,0
184988,0,0
185088,0,0
185188,0,0
185288,0,0
185388,0,0
185488,0,0
185588,0,0
185688,0,0
185788,0,0
185888,0,0
185988,0,0
186088,0,0
186188,0,0
186345,0,0
186322,0,1
186422,0,1
186522,0,1
186622,1,2
186723,1,2
186823,1,2
186923,1,2
187023,1,2
187123,1,2
187223,1,2
187323,1,2
187423,1,2
187523,1,2
187623,1,2
187723,1,2
187823,1,2
187923,1,2
188023,1,2
188123,1,2
188223,1,2
188323,1,2
188423,1,2
188523,1,2
188641,0,0
188741,0,0
188841,0,0
188941,0,0
189041,0,0
189141,0,0
189241,0,0
189341,0,0
189441,0,0
189541,0,0
189641,0,0
189741,0,0
189841,0,0
189941,0,0
190041,0,0
190254,0,0
190354,0,0
190454,0,0
190554,0,0
190654,0,0
190754,0,0
191198,0,0
191298,0,1
191398,0,1
191498,0,1
191598,0,1
191698,0,1
191798,0,1
191898,0,1
191998,0,1
192098,0,1
192198,0,1
192298,0,1
192398,0,1
192498,0,1
192598,0,1
192698,0,1
192798,0,1
192898,0,1
192998,0,1
193098,0,1
193198,0,1
193298,0,1
193398,0,1
193498,0,1
193598,0,1
193698,0,1
193798,0,1
193898,0,1
193998,0,1
194098,0,1
194198,0,1
194297,0,1
194397,0,1
194497,0,1
194597,0,1
194697,0,1
194797,0,1
194897,0,1
194997,0,1
195097,0,1
195197,0,1
195297,0,0
195397,0,0
195497,0,0
195597,0,0
195697,0,0
195797,0,0
195897,0,0
195997,0,0
196097,0,0
196197,0,0
196297,0,0
196397,0,0
196497,0,0
196597,0,0
196697,0,0
196797,0,0
196897,0,0
196997,0,0
197097,0,0
197197,0,0
197297,0,0
197397,0,0
197497,0,0
197597,0,0
197697,0,0
197797,0,0
197897,0,0
197997,0,0
198097,0,0
198197,0,0
198295,0,0
198395,0,0
198495,0,0
198595,0,0
198695,0,0
198795,0,0
198895,0,0
198995,0,0
199095,0,0
199195,0,0
199295,0,0
199395,0,0
199495,0,0
199595,0,0
199695,0,0
199795,0,0
199895,0,0
199995,0,0
200095,0,0
200195,0,0
200295,0,0
200395,0,0
200495,0,0
200595,0,0
200695,0,0
200795,0,0
200895,0,0
200995,0,0
201095,0,0
201195,0,0
201295,0,0
201395,0,0
201495,0,0
201595,0,0
201695,0,0
201795,0,0
201895,0,0
201995,0,0
202095,0,0
202195,0,0
202292,0,0
202392,0,0
202492,0,0
202592,0,0
202692,0,0
202792,0,0
202892,0,0
202992,0,0
203092,0,0
203192,0,0
203292,0,0
203392,0,0
203492,0,0
203592,0,0
203692,0,0
203792,0,0
203892,0,0
203992,0,0
204092,0,0
204192,0,0
204292,0,0
204392,0,0
204492,0,0
204592,0,0
204692,0,0
204792,0,0
204892,0,0
204992,0,0
205092,0,0
205192,0,0
205292,0,0
205392,0,0
205492,0,0
205592,0,0
205692,0,0
205792,0,0
205892,0,0
205992,0,0
206092,0,0
206192,0,0
206292,0,0
206392,0,0
206492,0,0
206592,0,0
206692,0,0
206792,0,0
206892,0,0
206992,0,0
207092,0,0
207192,0,0
207292,0,0
207392,0,0
207492,0,0
207592,0,0
207692,0,0
207792,0,0
207892,0,0
207992,0,0
208092,0,0
208192,0,0
208292,0,0
208392,0,0
208492,0,0
208592,0,0
208692,0,0
208792,0,0
208892,0,0
208992,0,0
209092,0,0
209192,0,0
209292,0,0
209392,0,0
209492,0,0
209592,0,0
209692,0,0
209792,0,0
209892,0,0
209992,0,0
210092,0,0
210192,0,0
210290,0,0
210390,0,0
210490,0,0
210590,0,0
210690,0,0
210790,0,0
210890,0,0
210990,0,0
211090,0,0
211190,0,0
211290,0,0
211390,0,0
211490,0,0
211590,0,0
211690,0,0
211790,0,0
211890,0,0
211990,0,0
212090,0,0
212190,0,0
212290,0,0
212390,0,0
212490,0,0
212590,0,0
212690,0,0
212790,0,0
212890,0,0
212990,0,0
213090,0,0
213190,0,0
213290,0,0
213390,0,0
213490,0,0
213590,0,0
213690,0,0
213790,0,0
213890,0,0
213990,0,0
214090,0,0
214190,0,0
214288,0,0
214388,0,0
214488,0,0
214588,0,0
214688,0,0
214788,0,0
214888,0,0
214988,0,0
215088,0,0
215188,0,0
215288,0,0
215388,0,0
215488,0,0
215588,0,0
215688,0,0
215788,0,0
215888,0,0
215988,0,0
216088,0,0
216188,0,0
216288,0,0
216388,0,0
216488,0,0
216588,0,0
216688,0,0
216788,0,0
216888,0,0
216988,0,0
217088,0,0
217188,0,0
217288,0,0
217388,0,0
217488,0,0
217588,0,0
217688,0,0
217788,0,0
217888,0,0
217988,0,0
218088,0,0
218188,0,0
218287,0,0
218387,0,0
218487,0,0
218587,0,0
218687,0,0
218787,0,0
218887,0,0
218987,0,0
219087,0,0
219187,0,0
219287,0,0
219387,0,0
219487,0,0
219587,0,0
219687,0,0
219787,0,0
219887,0,0
219987,0,0
220087,0,0
220187,0,0
220287,0,0
220387,0,0
220487,0,0
220587,0,0
220687,0,0
220787,0,0
220887,0,0
220987,0,0
221087,0,0
221187,0,0
221287,0,0
221387,0,0
221487,0,0
221587,0,0
221687,0,0
221787,0,0
221887,0,0
221987,0,0
222087,0,0
222187,0,0
222284,0,0
222384,0,0
222484,0,0
222584,0,0
222684,0,0
222784,0,0
222884,0,0
222984,0,0
223084,0,0
223184,0,0
223284,0,0
223384,0,0
223484,0,0
223584,0,0
223684,0,0
223784,0,0
223884,0,0
223984,0,0
224084,0,0
224184,0,0
224284,0,0
224384,0,0
224484,0,0
224584,0,0
224684,0,0
224784,0,0
224884,0,0
224984,0,0
225084,0,0
225184,0,0
225284,0,0
225384,0,0
225484,0,0
225584,0,0
225684,0,0
225784,0,0
225884,0,0
225984,0,0
226084,0,0
226184,0,0
226284,0,0
226384,0,0
226484,0,0
226584,0,0
226684,0,0
226784,0,0
226884,0,0
226984,0,0
227084,0,0
227184,0,0
227284,0,0
227384,0,0
227484,0,0
227584,0,0
227684,0,0
227784,0,0
227884,0,0
227984,0,0
228084,0,0
228184,0,0
228284,0,0
228384,0,0
228484,0,0
228584,0,0
228684,0,0
228784,0,0
228884,0,0
228984,0,0
229084,0,0
229184,0,0
229284,0,0
229384,0,0
229484,0,0
229584,0,0
229684,0,0
229784,0,0
229884,0,0
229984,0,0
230084,0,0
230184,0,0
230284,0,0
230384,0,0
230484,0,0
230584,0,0
230684,0,0
230784,0,0
230884,0,0
230984,0,0
231084,0,0
231184,0,0
231284,0,0
231384,0,0
231484,0,0
231584,0,0
231684,0,0
231784,0,0
231884,0,0
231984,0,0
232084,0,0
232184,0,0
232284,0,0
232384,0,0
232484,0,0
232584,0,0
232684,0,0
232784,0,0
232884,0,0
232984,0,0
233084,0,0
233184,0,0
233284,0,0
233384,0,0
233484,0,0
233584,0,0
233684,0,0
233784,0,0
233884,0,0
233984,0,0
234084,0,0
234184,0,0
234284,0,0
234384,0,0
234484,0,0
234584,0,0
234684,0,0
234784,0,0
234884,0,0
234984,0,0
235084,0,0
235184,0,0
235284,0,0
235384,0,0
235484,0,0
235584,0,0
235684,0,0
235784,0,0
235884,0,0
235984,0,0
236084,0,0
236184,0,0
236284,0,0
236384,0,0
236484,0,0
236584,0,0
236684,0,0
236784,0,0
236884,0,0
236984,0,0
237084,0,0
237184,0,0
237284,0,0
237384,0,0
237484,0,0
237584,0,0
237684,0,0
237784,0,0
237884,0,0
237984,0,0
238084,0,0
238184,0,0
238284,0,0
238384,0,0
238484,0,0
238584,0,0
238684,0,0
238784,0,0
238884,0,0
238984,0,0
239084,0,0
239184,0,0
239284,0,0
239384,0,0
239484,0,0
239584,0,0
239684,0,0
239784,0,0
239884,0,0
239984,0,0
240084,0,0
240184,0,0
240284,0,0
240384,0,0
240484,0,0
240584,0,0
240684,0,0
240784,0,0
240884,0,0
240984,0,0
241084,0,0
241184,0,0
241284,0,0
241384,0,0
241484,0,0
241584,0,0
241684,0,0
241784,0,0
241884,0,0
241984,0,0
242084,0,0
242184,0,0
242284,0,0
242384,0,0
242484,0,0
242584,0,0
242684,0,0
242784,0,0
242876,0,0
242976,0,0
243076,0,0
243176,0,0
243276,0,0
243576,0,0
243676,0,1
243776,0,1
243876,0,1
243976,1,2
244076,1,2
244176,1,2
244276,1,2
244376,1,2
244476,1,2
244576,1,2
244676,1,2
244776,1,2
244876,1,2
244976,1,2
245076,1,2
245176,1,2
245276,1,2
245376,1,2
245476,1,2
245576,1,2
245676,1,2
245776,1,2
245876,1,2
246000,0,0
246100,0,0
246200,0,0
246300,0,0
246400,0,0
246500,0,0
246600,0,0
246700,0,0
246800,0,0
246892,0,0
246992,0,0
247092,0,0
247192,0,0
247292,0,0
247392,0,0
247492,0,0
247592,0,0
247692,0,0
247792,0,0
247892,0,0
247992,0,0
248479,0,0
248579,0,1
248679,0,1
248779,0,1
248879,0,1
248979,0,1
249079,0,1
249179,0,1
249279,0,1
249379,0,1
249479,0,1
249579,0,1
249679,0,1
249779,0,1
249879,0,1
249979,0,1
250080,0,1
250180,0,1
250280,0,1
250380,0,1
250480,0,1
250580,0,1
250680,0,1
250780,0,1
250884,0,1
250984,0,1
251084,0,1
251184,0,1
251284,0,1
251384,0,1
251484,0,1
251584,0,1
251684,0,1
251784,0,1
251884,0,1
251984,0,1
252084,0,1
252184,0,1
252284,0,1
252384,0,1
252511,0,0
252611,0,0
252711,0,0
252811,0,0
252911,0,0
253011,0,0
253111,0,0
253211,0,0
253311,0,0
253412,0,0
253512,0,0
253612,0,0
253712,0,0
253812,0,0
253912,0,0
254012,0,0
254112,0,0
254212,0,0
254312,0,0
254412,0,0
254512,0,0
254612,0,0
254712,0,0
254812,0,0
254908,0,0
255008,0,0
255108,0,0
255208,0,0
255308,0,0
255408,0,0
255508,0,0
255608,0,0
255708,0,0
255808,0,0
255908,0,0
256008,0,0
256108,0,0
256208,0,0
256308,0,0
256408,0,0
256508,0,0
256608,0,0
256708,0,0
256808,0,0
256908,0,0
257008,0,0
257108,0,0
257208,0,0
257308,0,0
257408,0,0
257508,0,0
257608,0,0
257708,0,0
257808,0,0
257908,0,0
258008,0,0
258108,0,0
258208,0,0
258308,0,0
258408,0,0
258508,0,0
258608,0,0
258708,0,0
258808,0,0
258909,0,0
259009,0,0
259109,0,0
259209,0,0
259309,0,0
259409,0,0
259509,0,0
259609,0,0
259709,0,0
259809,0,0
259909,0,0
260009,0,0
260109,0,0
260209,0,0
260309,0,0
260409,0,0
260509,0,0
260609,0,0
260709,0,0
260809,0,0
260909,0,0
261009,0,0
261109,0,0
261209,0,0
261309,0,0
261409,0,0
261509,0,0
261609,0,0
261709,0,0
261809,0,0
261909,0,0
262009,0,0
262109,0,0
262209,0,0
262309,0,0
262409,0,0
262509,0,0
262609,0,0
262709,0,0
262809,0,0
262907,0,0
263007,0,0
263107,0,0
263207,0,0
263307,0,0
263407,0,0
263507,0,0
263607,0,0
263707,0,0
263807,0,0
263907,0,0
264007,0,0
264107,0,0
264207,0,0
264307,0,0
264407,0,0
264507,0,0
264607,0,0
264707,0,0
264807,0,0
264907,0,0
265007,0,0
265107,0,0
265207,0,0
265307,0,0
265407,0,0
265507,0,0
265607,0,0
265707,0,0
265807,0,0
265907,0,0
266007,0,0
266107,0,0
266207,0,0
266307,0,0
266407,0,0
266507,0,0
266607,0,0
266707,0,0
266807,0,0
266905,0,0
267005,0,0
267105,0,0
267205,0,0
267305,0,0
267405,0,0
267505,0,0
267605,0,0
267705,0,0
267805,0,0
267905,0,0
268005,0,0
268105,0,0
268205,0,0
268305,0,0
268405,0,0
268505,0,0
268605,0,0
268705,0,0
268805,0,0
268905,0,0
269005,0,0
269105,0,0
269205,0,0
269305,0,0
269405,0,0
269505,0,0
269605,0,0
269705,0,0
269805,0,0
269905,0,0
270005,0,0
270105,0,0
270205,0,0
270305,0,0
270405,0,0
270505,0,0
270605,0,0
270705,0,0
270805,0,0
270904,0,0
271004,0,0
271104,0,0
271204,0,0
271304,0,0
271404,0,0
271504,0,0
271604,0,0
271704,0,0
271804,0,0
271904,0,0
272004,0,0
272104,0,0
272204,0,0
272304,0,0
272404,0,0
272504,0,0
272604,0,0
272704,0,0
272804,0,0
272904,0,0
273004,0,0
273104,0,0
273204,0,0
273304,0,0
273404,0,0
273504,0,0
273604,0,0
273704,0,0
273804,0,0
273904,0,0
274004,0,0
274104,0,0
274204,0,0
274304,0,0
274404,0,0
274504,0,0
274604,0,0
274704,0,0
274804,0,0
274902,0,0
275002,0,0
275102,0,0
275202,0,0
275302,0,0
275402,0,0
275502,0,0
275602,0,0
275702,0,0
275802,0,0
275902,0,0
276002,0,0
276102,0,0
276202,0,0
276302,0,0
276402,0,0
276502,0,0
276602,0,0
276702,0,0
276802,0,0
276902,0,0
277002,0,0
277102,0,0
277202,0,0
277302,0,0
277402,0,0
277502,0,0
277602,0,0
277702,0,0
277802,0,0
277902,0,0
278002,0,0
278102,0,0
278202,0,0
278302,0,0
278402,0,0
278502,0,0
278602,0,0
278702,0,0
278802,0,0
278901,0,0
279001,0,0
279101,0,0
279201,0,0
279301,0,0
279401,0,0
279501,0,0
279601,0,0
279701,0,0
279801,0,0
279901,0,0
280001,0,0
280101,0,0
280201,0,0
280301,0,0
280401,0,0
280501,0,0
280601,0,0
280701,0,0
280801,0,0
280901,0,0
281001,0,0
281101,0,0
281201,0,0
281301,0,0
281401,0,0
281501,0,0
281601,0,0
281701,0,0
281801,0,0
281901,0,0
282001,0,0
282101,0,0
282201,0,0
282301,0,0
282401,0,0
282501,0,0
282601,0,0
282701,0,0
282801,0,0
282901,0,0
283001,0,0
283101,0,0
283201,0,0
283301,0,0
283401,0,0
283501,0,0
283601,0,0
283701,0,0
283801,0,0
283901,0,0
284001,0,0
284101,0,0
284201,0,0
284301,0,0
284401,0,0
284501,0,0
284601,0,0
284701,0,0
284801,0,0
284901,0,0
285001,0,0
285101,0,0
285201,0,0
285301,0,0
285401,0,0
285501,0,0
285601,0,0
285701,0,0
285801,0,0
285901,0,0
286001,0,0
286101,0,0
286201,0,0
286301,0,0
286401,0,0
286501,0,0
286601,0,0
286701,0,0
286801,0,0
286901,0,0
287001,0,0
287101,0,0
287201,0,0
287301,0,0
287401,0,0
287501,0,0
287601,0,0
287701,0,0
287801,0,0
287901,0,0
288001,0,0
288101,0,0
288201,0,0
288301,0,0
288401,0,0
288501,0,0
288601,0,0
288701,0,0
288801,0,0
288901,0,0
289001,0,0
289101,0,0
289201,0,0
289301,0,0
289401,0,0
289501,0,0
289601,0,0
289701,0,0
289801,0,0
289901,0,0
290001,0,0
290101,0,0
290201,0,0
290301,0,0
290401,0,0
290501,0,0
290601,0,0
290701,0,0
290801,0,0
290901,0,0
291001,0,0
291101,0,0
291201,0,0
291301,0,0
291401,0,0
291501,0,0
291601,0,0
291701,0,0
291801,0,0
291901,0,0
292001,0,0
292101,0,0
292201,0,0
292301,0,0
292401,0,0
292501,0,0
292601,0,0
292701,0,0
292801,0,0
292901,0,0
293001,0,0
293101,0,0
293201,0,0
293301,0,0
293401,0,0
293501,0,0
293601,0,0
293701,0,0
293801,0,0
293901,0,0
294001,0,0
294101,0,0
294201,0,0
294301,0,0
294401,0,0
294501,0,0
294601,0,0
294701,0,0
294801,0,0
294901,0,0
295001,0,0
295101,0,0
295201,0,0
295301,0,0
295401,0,0
295501,0,0
295601,0,0
295701,0,0
295801,0,0
295901,0,0
296001,0,0
296101,0,0
296201,0,0
296301,0,0
296401,0,0
296501,0,0
296601,0,0
296701,0,0
296801,0,0
296901,0,0
297001,0,0
297101,0,0
297201,0,0
297301,0,0
297401,0,0
297501,0,0
297601,0,0
297701,0,0
297801,0,0
297901,0,0
298001,0,0
298101,0,0
298201,0,0
298301,0,0
298401,0,0
298501,0,0
298601,0,0
298701,0,0
298801,0,0
298901,0,0
299001,0,0
299101,0,0
299201,0,0
299301,0,0
299401,0,0
299501,0,0
299591,0,0
299691,0,0
299791,0,0
299891,0,0
299991,0,0
300407,0,0
300507,0,1
300607,0,1
300707,0,1
300807,1,2
300907,1,2
301007,1,2
301107,1,2
301207,1,2
301307,1,2
301407,1,2
301507,1,2
301607,1,2
301707,1,2
301807,1,2
301907,1,2
302007,1,2
302107,1,2
302207,1,2
302307,1,2
302407,1,2
302507,1,2
302607,1,2
302707,1,2
302833,0,0
302933,0,0
303033,0,0
303133,0,0
303233,0,0
303333,0,0
303433,0,0
303533,0,0
303631,0,0
303731,0,0
303831,0,0
303931,0,0
304031,0,0
304131,0,0
304231,0,0
304331,0,0
304431,0,0
304531,0,0
304632,0,0
304732,0,0
304832,0,0
305415,0,0
305515,0,1
305615,0,1
305715,0,1
305815,0,1
305915,0,1
306015,0,1
306115,0,1
306215,0,1
306315,0,1
306415,0,1
306515,0,1
306615,0,1
306715,0,1
306815,0,1
306915,0,1
307015,0,1
307115,0,1
307215,0,1
307315,0,1
307415,0,1
307515,0,1
307615,0,1
307715,0,1
307815,0,1
307915,0,1
308015,0,1
308115,0,1
308216,0,1
308316,0,1
308416,0,1
308516,0,1
308616,0,1
308716,0,1
308816,0,1
308916,0,1
309016,0,1
309116,0,1
309216,0,1
309316,0,1
309443,0,0
310006,0,0
310106,0,1
310206,0,1
310307,0,1
310407,0,1
310507,0,1
310607,0,1
310707,0,1
310807,0,1
310907,0,1
311007,0,1
311107,0,1
311207,0,1
311307,0,1
311407,0,1
311507,0,1
311605,0,1
311705,0,1
311805,0,1
311905,0,1
312005,0,1
312105,0,1
312205,0,1
312305,0,1
312405,0,1
312505,0,1
312605,0,1
312705,0,1
312805,0,1
312905,0,1
313005,0,1
313105,0,1
313206,0,1
313306,0,1
313406,0,1
313506,0,1
313606,0,1
313706,0,1
313806,0,1
313906,0,1
314032,0,0
314132,0,0
314232,0,0
314428,0,0
314529,0,1
314629,0,1
314729,0,1
314829,0,1
314929,0,1
315029,0,1
315129,0,1
315229,0,1
315329,0,1
315429,0,1
315529,0,1
315626,0,1
315726,0,1
315826,0,1
315926,0,1
316026,0,1
316126,0,1
316226,0,1
316326,0,1
316426,0,1
316526,0,1
316626,0,1
316726,0,1
316826,0,1
316926,0,1
317026,0,1
317126,0,1
317226,0,1
317326,0,1
317427,0,1
317527,0,1
317627,0,1
317727,0,1
317827,0,1
317927,0,1
318027,0,1
318127,0,1
318227,0,1
318327,0,1
318453,0,0
318553,0,0
318653,0,0
318753,0,0
318853,0,0
318953,0,0
319053,0,0
319153,0,0
319253,0,0
319353,0,0
319453,0,0
319553,0,0
319645,0,0
319745,0,0
319845,0,0
319945,0,0
320045,0,0
320145,0,0
320245,0,0
320345,0,0
320445,0,0
320545,0,0
320645,0,0
320745,0,0
320845,0,0
320945,0,0
321046,0,0
321146,0,0
321246,0,0
321346,0,0
321446,0,0
321546,0,0
321646,0,0
321746,0,0
321846,0,0
321946,0,0
322046,0,0
322146,0,0
322246,0,0
322346,0,0
322446,0,0
322546,0,0
322646,0,0
322746,0,0
322846,0,0
322946,0,0
323046,0,0
323161,0,0
323261,0,0
323361,0,0
323461,0,0
323567,0,0
323667,0,0
323767,0,0
323868,0,0
323968,0,0
324068,0,0
324168,0,0
324268,0,0
324368,0,0
324468,0,0
324568,0,0
324668,0,0
324768,0,0
324868,0,0
324968,0,0
325068,0,0
325168,0,0
325268,0,0
325368,0,0
325468,0,0
325568,0,0
325668,0,0
325768,0,0
325868,0,0
325968,0,0
326068,0,0
326168,0,0
326268,0,0
326368,0,0
326468,0,0
326568,0,0
326668,0,0
326769,0,0
326869,0,0
326969,0,0
327069,0,0
327169,0,0
327269,0,0
327369,0,0
327469,0,0
327567,0,0
327667,0,0
327767,0,0
327867,0,0
327967,0,0
328067,0,0
328167,0,0
328267,0,0
328367,0,0
328467,0,0
328567,0,0
328667,0,0
328767,0,0
328867,0,0
328967,0,0
329067,0,0
329167,0,0
329267,0,0
329367,0,0
329467,0,0
329567,0,0
329668,0,0
329768,0,0
329868,0,0
329968,0,0
330068,0,0
330168,0,0
330268,0,0
330368,0,0
330468,0,0
330568,0,0
330668,0,0
330768,0,0
330868,0,0
330968,0,0
331068,0,0
331168,0,0
331268,0,0
331368,0,0
331468,0,0
331565,0,0
331665,0,0
331765,0,0
331865,0,0
331965,0,0
332065,0,0
332165,0,0
332265,0,0
332365,0,0
332465,0,0
332565,0,0
332665,0,0
332765,0,0
332865,0,0
332965,0,0
333065,0,0
333165,0,0
333265,0,0
333365,0,0
333465,0,0
333565,0,0
333665,0,0
333765,0,0
333865,0,0
333965,0,0
334065,0,0
334165,0,0
334265,0,0
334365,0,0
334465,0,0
334565,0,0
334665,0,0
334765,0,0
334865,0,0
334965,0,0
335065,0,0
335165,0,0
335265,0,0
335365,0,0
335465,0,0
335563,0,0
335663,0,0
335763,0,0
335863,0,0
335963,0,0
336063,0,0
336163,0,0
336263,0,0
336363,0,0
336463,0,0
336563,0,0
336663,0,0
336763,0,0
336863,0,0
336963,0,0
337063,0,0
337163,0,0
337263,0,0
337363,0,0
337463,0,0
337563,0,0
337663,0,0
337763,0,0
337863,0,0
337963,0,0
338063,0,0
338163,0,0
338263,0,0
338363,0,0
338463,0,0
338563,0,0
338663,0,0
338763,0,0
338863,0,0
338963,0,0
339063,0,0
339163,0,0
339263,0,0
339363,0,0
339463,0,0
339563,0,0
339663,0,0
339763,0,0
339863,0,0
339963,0,0
340063,0,0
340163,0,0
340263,0,0
340363,0,0
340463,0,0
340563,0,0
340663,0,0
340763,0,0
340863,0,0
340963,0,0
341063,0,0
341163,0,0
341263,0,0
341363,0,0
341463,0,0
341563,0,0
341663,0,0
341763,0,0
341863,0,0
341963,0,0
342063,0,0
342163,0,0
342263,0,0
342363,0,0
342463,0,0
342563,0,0
342663,0,0
342763,0,0
342863,0,0
342963,0,0
343063,0,0
343163,0,0
343263,0,0
343363,0,0
343463,0,0
343563,0,0
343663,0,0
343763,0,0
343863,0,0
343963,0,0
344063,0,0
344163,0,0
344263,0,0
344363,0,0
344463,0,0
344563,0,0
344663,0,0
344763,0,0
344863,0,0
344963,0,0
345063,0,0
345163,0,0
345263,0,0
345363,0,0
345463,0,0
345563,0,0
345663,0,0
345763,0,0
345863,0,0
345963,0,0
346063,0,0
346163,0,0
346263,0,0
346363,0,0
346463,0,0
346563,0,0
346663,0,0
346763,0,0
346863,0,0
346963,0,0
347063,0,0
347163,0,0
347263,0,0
347363,0,0
347463,0,0
347563,0,0
347663,0,0
347763,0,0
347863,0,0
347963,0,0
348063,0,0
348163,0,0
348263,0,0
348363,0,0
348463,0,0
348563,0,0
348663,0,0
348763,0,0
348863,0,0
348963,0,0
349063,0,0
349163,0,0
349263,0,0
349363,0,0
349463,0,0
349563,0,0
349663,0,0
349763,0,0
349863,0,0
349963,0,0
350063,0,0
350163,0,0
350263,0,0
350363,0,0
350463,0,0
350563,0,0
350663,0,0
350763,0,0
350863,0,0
350963,0,0
351063,0,0
351163,0,0
351263,0,0
351363,0,0
351463,0,0
351563,0,0
351663,0,0
351763,0,0
351863,0,0
351963,0,0
352063,0,0
352163,0,0
352263,0,0
352363,0,0
352463,0,0
352563,0,0
352663,0,0
352763,0,0
352863,0,0
352963,0,0
353063,0,0
353163,0,0
353263,0,0
353363,0,0
353463,0,0
353563,0,0
353663,0,0
353763,0,0
353863,0,0
353963,0,0
354063,0,0
354163,0,0
354263,0,0
354363,0,0
354463,0,0
354563,0,0
354663,0,0
354763,0,0
354863,0,0
354963,0,0
355063,0,0
355163,0,0
355263,0,0
355363,0,0
355463,0,0
355563,0,0
355646,0,0
355746,0,0
355846,0,0
355946,0,0
356046,0,0
356146,0,0
356246,0,0
356346,0,0
356446,0,0
356546,0,0
356646,0,0
356746,0,0
356846,0,0
356946,0,0
357046,0,0
357146,0,0
357246,0,0
357346,0,0
357446,0,0
357546,0,0
357646,0,0
357746,0,0
357846,0,0
357946,0,0
358046,0,0
358146,0,0
358246,0,0
358346,0,0
358446,0,0
358546,0,0
358646,0,0
359219,0,0
359319,0,1
359419,0,1
359519,0,1
359628,0,1
359728,0,1
359828,0,1
359928,0,1
360028,0,1
360128,0,1
360228,0,1
360328,0,1
360428,0,1
360528,0,1
360628,0,1
360728,0,1
360828,0,1
360928,0,1
361028,0,1
361128,0,1
361229,0,1
361329,0,1
361429,0,1
361529,0,1
361629,0,1
361729,0,1
361829,0,1
361929,0,1
362029,0,1
362129,0,1
362229,0,1
362329,0,1
362429,0,1
362529,0,1
362629,0,1
362729,0,1
362829,0,1
362929,0,1
363029,0,1
363129,0,1
363256,0,0
363718,0,0
363645,0,1
363745,0,1
363845,0,1
363945,0,1
364045,0,1
364145,0,1
364245,0,1
364345,0,1
364445,0,1
364545,0,1
364645,0,1
364745,0,1
364845,0,1
364945,0,1
365045,0,1
365145,0,1
365245,0,1
365345,0,1
365445,0,1
365545,0,1
365645,0,1
365745,0,1
365845,0,1
365945,0,1
366045,0,1
366145,0,1
366245,0,1
366346,0,1
366446,0,1
366546,0,1
366646,0,1
366746,0,1
366846,0,1
366946,0,1
367046,0,1
367146,0,1
367246,0,1
367346,0,1
367615,0,1
367741,0,0
367841,0,0
367941,0,0
368041,0,0
368141,0,0
368241,0,0
368341,0,0
368441,0,0
368541,0,0
368641,0,0
368741,0,0
368841,0,0
368941,0,0
369041,0,0
369141,0,0
369241,0,0
369341,0,0
369441,0,0
369541,0,0
369641,0,0
369741,0,0
369841,0,0
369941,0,0
370041,0,0
370142,0,0
370242,0,0
370342,0,0
370442,0,0
370542,0,0
370642,0,0
370742,0,0
370842,0,0
370942,0,0
371042,0,0
371142,0,0
371242,0,0
371342,0,0
371442,0,0
371542,0,0
371640,0,0
371740,0,0
371840,0,0
371940,0,0
372040,0,0
372140,0,0
372240,0,0
372340,0,0
372440,0,0
372540,0,0
372640,0,0
372740,0,0
372840,0,0
372940,0,0
373041,0,0
373141,0,0
373241,0,0
373341,0,0
373441,0,0
373541,0,0
373641,0,0
373741,0,0
373841,0,0
373941,0,0
374041,0,0
374141,0,0
374241,0,0
374341,0,0
374441,0,0
374541,0,0
374641,0,0
374741,0,0
374841,0,0
374941,0,0
375041,0,0
375141,0,0
375241,0,0
375341,0,0
375441,0,0
375541,0,0
375639,0,0
375739,0,0
375839,0,0
375939,0,0
376039,0,0
376139,0,0
376239,0,0
376339,0,0
376439,0,0
376539,0,0
376639,0,0
376739,0,0
376839,0,0
376939,0,0
377039,0,0
377139,0,0
377239,0,0
377339,0,0
377439,0,0
377539,0,0
377639,0,0
377739,0,0
377839,0,0
377939,0,0
378039,0,0
378139,0,0
378239,0,0
378339,0,0
378439,0,0
378539,0,0
378639,0,0
378739,0,0
378839,0,0
379050,0,0
379150,0,1
379250,0,1
379350,0,1
379460,0,1
379560,1,2
379660,1,2
379710,1,2
379824,1,2
379923,1,2
380023,1,2
380123,1,2
380223,1,2
380323,1,2
380423,1,2
380523,1,2
380623,1,2
380723,1,2
380823,1,2
380923,1,2
381023,1,2
381123,1,2
381224,1,2
381324,1,2
381424,1,2
381524,1,2
381624,1,2
381724,1,2
381824,1,2
381924,1,2
382024,1,2
382124,1,2
382224,1,2
382324,1,2
382424,1,2
382524,1,2
382624,1,2
382724,1,2
382824,1,2
382924,1,2
383024,1,2
383124,1,2
383224,1,2
383324,1,2
383424,1,2
383524,1,2
383624,1,2
383771,1,2
383871,1,2
383971,1,2
384071,1,2
384172,1,2
384272,1,2
384372,1,2
384472,1,2
384572,1,2
384672,1,2
384772,1,2
384885,1,2
384985,1,2
385085,1,2
385185,1,2
385285,1,2
385385,1,2
385485,1,2
385585,1,2
385685,1,2
385785,1,2
385885,1,2
385985,1,2
386085,1,2
386185,1,2
386285,1,2
386385,1,2
386485,1,2
386585,1,2
386685,1,2
386785,1,2
386885,1,2
386985,1,2
387085,1,2
387185,1,2
387285,1,2
387385,1,2
387485,1,2
387586,1,2
387686,1,2
387784,1,2
387884,1,2
387984,1,2
388084,1,2
388184,1,2
388284,1,2
388384,1,2
388484,1,2
388584,1,2
388684,1,2
388784,1,2
388884,1,2
388984,1,2
389084,1,2
389184,1,2
389284,1,2
389384,1,2
389484,1,2
389584,1,2
389684,1,2
389784,1,2
389884,1,2
389984,1,2
390084,1,2
390184,1,2
390284,1,2
390384,1,2
390485,1,2
390585,1,2
390685,1,2
390785,1,2
390885,1,2
390985,1,2
391085,1,2
391185,1,2
391285,1,2
391385,1,2
391485,1,2
391585,1,2
391685,1,2
391783,1,2
391883,1,2
391983,1,2
392083,1,2
392183,1,2
392283,1,2
392383,1,2
392483,1,2
392583,1,2
392683,1,2
392783,1,2
392896,0,0
392996,0,0
393096,0,0
393670,0,0
393770,0,1
393870,0,1
393970,0,1
394070,0,1
394170,0,1
394270,0,1
394370,0,1
394470,0,1
394570,0,1
394670,0,1
394770,0,1
394870,0,1
394970,0,1
395070,0,1
395170,0,1
395270,0,1
395370,0,1
395470,0,1
395570,0,1
395670,0,1
395769,0,1
395869,0,1
395969,0,1
396069,0,1
396169,0,1
396269,0,1
396370,0,1
396470,0,1
396570,0,1
396670,0,1
396770,0,1
396870,0,1
396970,0,1
397070,0,1
397170,0,1
397270,0,1
397370,0,1
397470,0,1
397570,0,1
397714,0,0
397814,0,0
397914,0,0
398014,0,0
398114,0,0
398214,0,0
398314,0,0
398414,0,0
398514,0,0
398614,0,0
398714,0,0
398814,0,0
398914,0,0
399015,0,0
399115,0,0
399215,0,0
399315,0,0
399415,0,0
399515,0,0
399615,0,0
399715,0,0
399815,0,0
399915,0,0
400015,0,0
400115,0,0
400215,0,0
400315,0,0
400415,0,0
400515,0,0
400615,0,0
400715,0,0
400815,0,0
400915,0,0
401015,0,0
401115,0,0
401215,0,0
401315,0,0
401415,0,0
401515,0,0
401615,0,0
401715,0,0
401815,0,0
401915,0,0
402015,0,0
402115,0,0
402215,0,0
402315,0,0
402415,0,0
402515,0,0
402615,0,0
402715,0,0
402815,0,0
402915,0,0
403015,0,0
403115,0,0
403215,0,0
403315,0,0
403415,0,0
403515,0,0
403615,0,0
403715,0,0
403815,0,0
403915,0,0
404015,0,0
404115,0,0
404215,0,0
404315,0,0
404415,0,0
404515,0,0
404615,0,0
404715,0,0
404815,0,0
404915,0,0
405015,0,0
405115,0,0
405215,0,0
405315,0,0
405415,0,0
405515,0,0
405615,0,0
405715,0,0
405815,0,0
405915,0,0
406015,0,0
406115,0,0
406215,0,0
406315,0,0
406415,0,0
406515,0,0
406615,0,0
406715,0,0
406815,0,0
406915,0,0
407015,0,0
407115,0,0
407215,0,0
407315,0,0
407415,0,0
407515,0,0
407615,0,0
407715,0,0
407815,0,0
407915,0,0
408015,0,0
408115,0,0
408215,0,0
408315,0,0
408415,0,0
408515,0,0
408615,0,0
408715,0,0
408815,0,0
408915,0,0
409015,0,0
409115,0,0
409215,0,0
409315,0,0
409415,0,0
409515,0,0
409615,0,0
409715,0,0
409815,0,0
409915,0,0
410015,0,0
410115,0,0
410215,0,0
410315,0,0
410415,0,0
410515,0,0
410615,0,0
410715,0,0
410815,0,0
410915,0,0
411015,0,0
411115,0,0
411215,0,0
411315,0,0
411415,0,0
411515,0,0
411615,0,0
411715,0,0
411815,0,0
411915,0,0
412015,0,0
412115,0,0
412215,0,0
412315,0,0
412415,0,0
412515,0,0
412615,0,0
412715,0,0
412815,0,0
412915,0,0
413015,0,0
413115,0,0
413215,0,0
413315,0,0
413415,0,0
413515,0,0
413615,0,0
413715,0,0
413815,0,0
413915,0,0
414015,0,0
414115,0,0
414215,0,0
414315,0,0
414415,0,0
414515,0,0
414615,0,0
414715,0,0
414815,0,0
414915,0,0
415015,0,0
415115,0,0
415215,0,0
415315,0,0
415415,0,0
415515,0,0
415615,0,0
415715,0,0
415815,0,0
415915,0,0
416006,0,0
416106,0,0
416206,0,0
416306,0,0
416826,0,0
416926,0,1
417026,0,1
417126,0,1
417226,0,1
417326,0,1
417426,0,1
417526,0,1
417626,0,1
417726,0,1
417826,0,1
417926,0,1
418026,0,1
418126,0,1
418226,0,1
418326,0,1
418426,0,1
418526,0,1
418626,0,1
418726,0,1
418826,0,1
418926,0,1
419026,0,1
419126,0,1
419226,0,1
419326,0,1
419426,0,1
419526,0,1
419626,0,1
419726,0,1
419826,0,1
419926,0,1
420025,0,1
420125,0,1
420225,0,1
420325,0,1
420425,0,1
420525,0,1
420625,0,1
420725,0,1
420825,0,1
420925,0,0
421025,0,0
421272,0,0
421372,0,1
421472,0,1
421572,0,1
421690,0,1
421790,1,2
421890,1,2
421990,1,2
422090,1,2
422191,1,2
422291,1,2
422391,1,2
422491,1,2
422591,1,2
422691,1,2
422791,1,2
422891,1,2
422991,1,2
423091,1,2
423191,1,2
423291,1,2
423391,1,2
423491,1,2
423591,1,2
423691,1,2
423791,1,2
423891,1,2
423989,1,2
424089,1,2
424189,1,2
424289,1,2
424390,1,2
424490,1,2
424590,1,2
424690,1,2
424790,1,2
424890,1,2
424990,1,2
425090,1,2
425190,1,2
425290,1,2
425390,1,2
425490,1,2
425590,1,2
425690,1,2
425790,1,2
425890,1,2
425990,1,2
426090,1,2
426190,1,2
426290,1,2
426390,1,2
426490,1,2
426590,1,2
426690,1,2
426790,1,2
426890,1,2
426990,1,2
427090,1,2
427190,1,2
427291,1,2
427391,1,2
427491,1,2
427591,1,2
427691,1,2
427791,1,2
427891,1,2
427990,1,2
428090,1,2
428190,1,2
428290,1,2
428390,1,2
428490,1,2
428590,1,2
428690,1,2
428790,1,2
428890,1,2
428990,1,2
429090,1,2
429190,1,2
429290,1,2
429390,1,2
429490,1,2
429590,1,2
429690,1,2
429790,1,2
429890,1,2
429990,1,2
430090,1,2
430202,0,0
430302,0,0
430402,0,0
430502,0,0
430602,0,0
430702,0,0
430802,0,0
430902,0,0
431002,0,0
431102,0,0
431202,0,0
431302,0,0
431402,0,0
431502,0,0
431602,0,0
431702,0,0
431802,0,0
431902,0,0
432001,0,0
432101,0,0
432201,0,0
432301,0,0
432401,0,0
432501,0,0
432601,0,0
432701,0,0
432801,0,0
432901,0,0
433001,0,0
433101,0,0
433201,0,0
433301,0,0
433952,0,0
434052,0,1
434152,0,1
434252,0,1
434352,0,1
434452,0,1
434552,0,1
434652,0,1
434752,0,1
434852,0,1
434952,0,1
435052,0,1
435152,0,1
435252,0,1
435353,0,1
435453,0,1
435553,0,1
435653,0,1
435753,0,1
435853,0,1
435953,0,1
436051,0,1
436151,0,1
436251,0,1
436351,0,1
436451,0,1
436551,0,1
436651,0,1
436751,0,1
436851,0,1
436951,0,1
437051,0,1
437151,0,1
437251,0,1
437351,0,1
437451,0,1
437551,0,1
437651,0,1
437751,0,1
437851,0,1
437980,0,0
438080,0,0
438180,0,0
438280,0,0
438381,0,0
438481,0,0
438581,0,0
438681,0,0
438781,0,0
438881,0,0
438981,0,0
439081,0,0
439181,0,0
439281,0,0
439381,0,0
439481,0,0
439581,0,0
439681,0,0
439781,0,0
439881,0,0
439978,0,0
440078,0,0
440178,0,0
440278,0,0
440378,0,0
440478,0,0
440578,0,0
440678,0,0
440778,0,0
440878,0,0
440978,0,0
441078,0,0
441178,0,0
441279,0,0
441379,0,0
441479,0,0
441579,0,0
441679,0,0
441779,0,0
441879,0,0
441979,0,0
442079,0,0
442366,0,0
442466,0,1
442566,0,1
442666,0,1
442782,0,1
442882,1,2
442982,1,2
443082,1,2
443210,1,2
443310,1,2
443410,1,2
443510,1,2
443610,1,2
443711,1,2
443811,1,2
443911,1,2
444010,1,2
444110,1,2
444210,1,2
444310,1,2
444410,1,2
444510,1,2
444610,1,2
444710,1,2
444810,1,2
444910,1,2
445010,1,2
445110,1,2
445210,1,2
445310,1,2
445410,1,2
445510,1,2
445610,1,2
445710,1,2
445810,1,2
445910,1,2
446010,1,2
446110,1,2
446210,1,2
446310,1,2
446410,1,2
446510,1,2
446611,1,2
446711,1,2
446811,1,2
446911,1,2
447011,1,2
447111,1,2
447211,1,2
447311,1,2
447411,1,2
447511,1,2
447611,1,2
447711,1,2
447811,1,2
447911,1,2
448010,1,2
448110,1,2
448210,1,2
448310,1,2
448410,1,2
448510,1,2
448610,1,2
448710,1,2
448810,1,2
448910,1,2
449010,1,2
449110,1,2
449210,1,2
449310,1,2
449410,1,2
449510,1,2
449610,1,2
449710,1,2
449810,1,2
449910,1,2
450010,1,2
450110,1,2
450210,1,2
450310,1,2
450410,1,2
450510,1,2
450610,1,2
450710,1,2
450810,1,2
450910,1,2
451010,1,2
451110,1,2
451210,1,2
451310,0,0
451410,0,0
451510,0,0
451610,0,0
451710,0,0
451810,0,0
451910,0,0
452008,0,0
452108,0,0
452208,0,0
452308,0,0
452408,0,0
452508,0,0
452608,0,0
452708,0,0
452808,0,0
452908,0,0
453008,0,0
453108,0,0
453208,0,0
453308,0,0
453408,0,0
453508,0,0
453608,0,0
453708,0,0
453808,0,0
453908,0,0
454008,0,0
454108,0,0
454208,0,0
454308,0,0
454631,0,0
454731,0,1
454831,0,1
454931,0,1
455031,0,1
455131,0,1
455231,0,1
455331,0,1
455431,0,1
455531,0,1
455631,0,1
455731,0,1
455831,0,1
455931,0,1
456030,0,1
456130,0,1
456230,0,1
456330,0,1
456430,0,1
456530,0,1
456630,0,1
456730,0,1
456830,0,1
456930,0,1
457030,0,1
457130,0,1
457231,0,1
457331,0,1
457431,0,1
457531,0,1
457631,0,1
457731,0,1
457831,0,1
457931,0,1
458031,0,1
458131,0,1
458231,0,1
458331,0,1
458431,0,1
458531,0,1
458659,0,0
458759,0,0
458859,0,0
458959,0,0
459059,0,0
459159,0,0
459259,0,0
459359,0,0
459459,0,0
459559,0,0
459659,0,0
459759,0,0
459859,0,0
459959,0,0
460059,0,0
460159,0,0
460259,0,0
460359,0,0
460459,0,0
460559,0,0
460659,0,0
460759,0,0
460859,0,0
460959,0,0
461059,0,0
461159,0,0
461259,0,0
461359,0,0
461459,0,0
461559,0,0
461659,0,0
461759,0,0
461859,0,0
461959,0,0
462059,0,0
462159,0,0
462259,0,0
462359,0,0
462459,0,0
462559,0,0
462659,0,0
462759,0,0
462859,0,0
462959,0,0
463059,0,0
463159,0,0
463259,0,0
463359,0,0
463459,0,0
463559,0,0
463659,0,0
463759,0,0
463859,0,0
463959,0,0
464059,0,0
464159,0,0
464259,0,0
464359,0,0
464459,0,0
464559,0,0
464659,0,0
464759,0,0
464859,0,0
464959,0,0
465059,0,0
465159,0,0
465259,0,0
465359,0,0
465459,0,0
465559,0,0
465659,0,0
465759,0,0
465859,0,0
465959,0,0
466059,0,0
466159,0,0
466259,0,0
466359,0,0
466459,0,0
466559,0,0
466659,0,0
466759,0,0
466859,0,0
466959,0,0
467059,0,0
467159,0,0
467259,0,0
467359,0,0
467459,0,0
467559,0,0
467659,0,0
467759,0,0
467859,0,0
467959,0,0
468059,0,0
468159,0,0
468259,0,0
468359,0,0
468459,0,0
468559,0,0
468659,0,0
468759,0,0
468859,0,0
468959,0,0
469059,0,0
469159,0,0
469259,0,0
469359,0,0
469459,0,0
469559,0,0
469659,0,0
469759,0,0
469859,0,0
469959,0,0
470059,0,0
470159,0,0
470259,0,0
470359,0,0
470459,0,0
470559,0,0
470659,0,0
470759,0,0
470859,0,0
470959,0,0
471059,0,0
471159,0,0
471259,0,0
471359,0,0
471459,0,0
471559,0,0
471659,0,0
471759,0,0
471859,0,0
471959,0,0
472052,0,0
472152,0,0
472252,0,0
472352,0,0
472452,0,0
472552,0,0
472652,0,0
472752,0,0
472852,0,0
472952,0,0
473052,0,0
473152,0,0
473252,0,0
473352,0,0
473452,0,0
473552,0,0
473652,0,0
473752,0,0
473852,0,0
473952,0,0
474052,0,0
474152,0,0
474252,0,0
474352,0,0
474452,0,0
474552,0,0
474652,0,0
474752,0,0
474852,0,0
474952,0,0
475052,0,0
475152,0,0
475665,0,0
475765,0,1
475865,0,1
475965,0,1
476063,0,1
476163,0,1
476263,0,1
476363,0,1
476463,0,1
476563,0,1
476663,0,1
476764,0,1
476864,0,1
476964,0,1
477064,0,1
477164,0,1
477264,0,1
477364,0,1
477464,0,1
477564,0,1
477664,0,1
477764,0,1
477864,0,1
477964,0,1
478064,0,1
478164,0,1
478264,0,1
478364,0,1
478464,0,1
478564,0,1
478664,0,1
478764,0,1
478864,0,1
478964,0,1
479064,0,1
479164,0,1
479264,0,1
479364,0,1
479464,0,1
479564,0,1
479692,0,0
479793,0,0
479893,0,0
480076,0,0
480091,0,1
480191,0,1
480291,0,1
480406,0,1
480506,1,2
480606,1,2
480706,1,2
480806,1,2
480906,1,2
481006,1,2
481106,1,2
481206,1,2
481306,1,2
481406,1,2
481506,1,2
481606,1,2
481706,1,2
481806,1,2
481906,1,2
482006,1,2
482106,1,2
482206,1,2
482306,1,2
482406,1,2
482506,1,2
482606,1,2
482706,1,2
482806,1,2
482907,1,2
483007,1,2
483107,1,2
483207,1,2
483307,1,2
483407,1,2
483507,1,2
483607,1,2
483707,1,2
483807,1,2
483907,1,2
484089,1,2
484189,1,2
484289,1,2
484389,1,2
484489,1,2
484589,1,2
484689,1,2
484789,1,2
484889,1,2
485019,1,2
485119,1,2
485219,1,2
485319,1,2
485419,1,2
485519,1,2
485619,1,2
485720,1,2
485820,1,2
485920,1,2
486020,1,2
486120,1,2
486220,1,2
486320,1,2
486420,1,2
486520,1,2
486620,1,2
486720,1,2
486820,1,2
486920,1,2
487020,1,2
487120,1,2
487220,1,2
487320,1,2
487420,1,2
487520,1,2
487620,1,2
487720,1,2
487820,1,2
487920,1,2
488019,1,2
488119,1,2
488219,1,2
488319,1,2
488419,1,2
488519,1,2
488620,1,2
488720,1,2
488820,1,2
488920,1,2
489020,1,2
489120,1,2
489220,1,2
489320,1,2
489420,1,2
489520,1,2
489620,1,2
489720,1,2
489820,1,2
489920,1,2
490020,1,2
490120,1,2
490220,1,2
490320,1,2
490420,1,2
490520,1,2
490620,1,2
490720,1,2
490820,1,2
490920,1,2
491020,1,2
491120,1,2
491220,1,2
491320,1,2
491420,1,2
491521,1,2
491621,1,2
491721,1,2
491821,1,2
491921,1,2
492019,1,2
492119,1,2
492219,1,2
492319,1,2
492419,1,2
492519,1,2
492619,1,2
492719,1,2
492819,1,2
492919,1,2
493019,1,2
493119,1,2
493219,1,2
493319,1,2
493419,1,2
493519,1,2
493619,1,2
493719,1,2
493819,1,2
493919,1,2
494019,1,2
494119,1,2
494219,1,2
494319,1,2
494419,1,2
494519,1,2
494619,1,2
494719,1,2
494819,1,2
494919,1,2
495019,1,2
495119,1,2
495219,1,2
495319,1,2
495419,1,2
495519,1,2
495619,1,2
495719,1,2
495819,1,2
495919,1,2
496018,1,2
496118,1,2
496218,1,2
496318,1,2
496418,1,2
496518,1,2
496618,1,2
496718,1,2
496818,1,2
496918,1,2
497018,1,2
497118,1,2
497218,1,2
497361,1,2
497461,1,2
497561,1,2
497662,1,2
497762,1,2
497862,1,2
497962,1,2
498062,1,2
498162,1,2
498262,1,2
498362,1,2
498462,1,2
498562,1,2
498662,1,2
498762,1,2
498862,1,2
498962,1,2
499062,1,2
499162,1,2
499262,1,2
499362,1,2
499462,1,2
499562,1,2
499662,1,2
499762,1,2
499862,1,2
499962,1,2
500060,1,2
500160,1,2
500260,1,2
500360,1,2
500460,1,2
500560,1,2
500660,1,2
500760,1,2
500860,1,2
500960,1,2
501060,1,2
501160,1,2
501260,1,2
501360,1,2
501460,1,2
501560,1,2
501660,1,2
501760,1,2
501860,1,2
501960,1,2
502060,1,2
502160,1,2
502260,1,2
502360,1,2
502460,1,2
502560,1,2
502660,1,2
502760,1,2
502860,1,2
502960,1,2
503060,1,2
503160,1,2
503260,1,2
503360,1,2
503460,1,2
503560,1,2
503660,1,2
503760,1,2
503860,1,2
503960,1,2
504058,1,2
504158,1,2
504258,1,2
504358,1,2
504458,1,2
504558,1,2
504658,1,2
504758,1,2
504858,1,2
504958,1,2
505058,1,2
505158,1,2
505258,1,2
505358,1,2
505477,1,2
505577,1,2
505677,1,2
505777,1,2
505877,1,2
505978,1,2
506078,1,2
506178,1,2
506278,1,2
506378,1,2
506478,1,2
506578,1,2
506678,1,2
506778,1,2
506878,1,2
506978,1,2
507078,1,2
507178,1,2
507278,1,2
507378,1,2
507478,1,2
507578,1,2
507678,1,2
507778,1,2
507878,1,2
507978,1,2
508077,1,2
508177,1,2
508277,1,2
508377,1,2
508477,1,2
508577,1,2
508677,1,2
508777,1,2
508877,1,2
508977,1,2
509077,1,2
509177,1,2
509277,1,2
509377,1,2
509477,1,2
509577,1,2
509677,1,2
509777,1,2
509877,1,2
509977,1,2
510077,1,2
510177,1,2
510277,1,2
510377,1,2
510477,1,2
510577,1,2
510677,1,2
510777,1,2
510877,1,2
510977,1,2
511077,1,2
511177,1,2
511277,1,2
511377,1,2
511477,1,2
511577,1,2
511677,1,2
511777,1,2
511877,1,2
511977,1,2
512075,1,2
512175,1,2
512275,1,2
512375,1,2
512475,1,2
512575,1,2
512675,1,2
512775,1,2
512875,1,2
512975,1,2
513075,1,2
513175,1,2
513275,1,2
513375,1,2
513475,1,2
513575,1,2
513675,1,2
513775,1,2
513875,1,2
513975,1,2
514075,1,2
514175,1,2
514275,1,2
514375,1,2
514475,1,2
514575,1,2
514675,1,2
514775,1,2
514875,1,2
514975,1,2
515075,1,2
515175,1,2
515275,1,2
515375,1,2
515475,1,2
515575,1,2
515675,1,2
515775,1,2
515875,1,2
515975,1,2
516075,1,2
516175,1,2
516275,1,2
516375,1,2
516475,1,2
516575,1,2
516675,1,2
516775,1,2
516875,1,2
516975,1,2
517075,1,2
517175,1,2
517275,1,2
517375,1,2
517475,1,2
517575,1,2
517675,1,2
517775,1,2
517875,1,2
517975,1,2
518075,1,2
518175,1,2
518275,1,2
518375,1,2
518475,1,2
518575,1,2
518675,1,2
518775,1,2
518875,1,2
518975,1,2
519075,1,2
519175,1,2
519275,1,2
519375,1,2
519475,1,2
519575,1,2
519675,1,2
519775,1,2
519875,1,2
519975,1,2
520075,1,2
520175,1,2
520275,1,2
520375,1,2
520475,1,2
520575,1,2
520675,1,2
520775,1,2
520875,1,2
520975,1,2
521075,1,2
521175,1,2
521275,1,2
521375,1,2
521475,1,2
521575,1,2
521675,0,0
521775,0,0
521875,0,0
521975,0,0
522075,0,0
522175,0,0
522275,0,0
522375,0,0
522475,0,0
522575,0,0
522675,0,0
522775,0,0
522875,0,0
522975,0,0
523075,0,0
523175,0,0
523275,0,0
523375,0,0
523475,0,0
523575,0,0
523675,0,0
523775,0,0
523875,0,0
523975,0,0
524075,0,0
524175,0,0
524275,0,0
524375,0,0
524475,0,0
524575,0,0
524675,0,0
524775,0,0
524875,0,0
524975,0,0
525075,0,0
525175,0,0
525275,0,0
525375,0,0
525475,0,0
525575,0,0
525675,0,0
525775,0,0
525875,0,0
525975,0,0
526075,0,0
526175,0,0
526275,0,0
526375,0,0
526475,0,0
526575,0,0
526675,0,0
526775,0,0
526875,0,0
526975,0,0
527075,0,0
527175,0,0
527275,0,0
527375,0,0
527475,0,0
527575,0,0
527675,0,0
527775,0,0
527875,0,0
527975,0,0
528075,0,0
528175,0,0
528275,0,0
528375,0,0
528475,0,0
528575,0,0
528675,0,0
528775,0,0
528875,0,0
528975,0,0
529075,0,0
529175,0,0
529275,0,0
529375,0,0
529475,0,0
529575,0,0
529675,0,0
529775,0,0
529875,0,0
529975,0,0
530075,0,0
530175,0,0
530275,0,0
530375,0,0
530475,0,0
530575,0,0
530675,0,0
530775,0,0
530875,0,0
530975,0,0
531075,0,0
531175,0,0
531275,0,0
531375,0,0
531475,0,0
531575,0,0
531675,0,0
531775,0,0
531875,0,0
531975,0,0
532075,0,0
532175,0,0
532275,0,0
532375,0,0
532475,0,0
532575,0,0
532675,0,0
532775,0,0
532875,0,0
532975,0,0
533075,0,0
533175,0,0
533275,0,0
533367,0,0
533467,0,0
533567,0,0
533667,0,0
533767,0,0
533953,0,0
534053,0,1
534153,0,1
534253,0,1
534353,0,1
534453,0,1
534554,0,1
534654,0,1
534754,0,1
534854,0,1
534954,0,1
535054,0,1
535154,0,1
535254,0,1
535354,0,1
535454,0,1
535554,0,1
535654,0,1
535754,0,1
535854,0,1
535954,0,1
536054,0,1
536154,0,1
536254,0,1
536354,0,1
536454,0,1
536554,0,1
536654,0,1
536754,0,1
536854,0,1
536954,0,1
537054,0,1
537154,0,1
537254,0,1
537351,0,1
537452,0,1
537552,0,1
537652,0,1
537752,0,1
537852,0,1
537979,0,0
538079,0,0
538179,0,0
538279,0,0
538379,0,0
538479,0,0
538579,0,0
538679,0,0
538779,0,0
538879,0,0
538979,0,0
539079,0,0
539179,0,0
539279,0,0
539379,0,0
539479,0,0
539579,0,0
539679,0,0
539779,0,0
539879,0,0
539979,0,0
540079,0,0
540179,0,0
540279,0,0
540379,0,0
540479,0,0
540579,0,0
540679,0,0
540780,0,0
540880,0,0
540980,0,0
541080,0,0
541180,0,0
541280,0,0
541377,0,0
541477,0,0
541577,0,0
541677,0,0
541777,0,0
541877,0,0
541977,0,0
542077,0,0
542177,0,0
542277,0,0
542377,0,0
542477,0,0
542577,0,0
542677,0,0
542777,0,0
542877,0,0
542977,0,0
543077,0,0
543177,0,0
543277,0,0
543377,0,0
543477,0,0
543577,0,0
543677,0,0
543777,0,0
543877,0,0
543977,0,0
544077,0,0
544177,0,0
544277,0,0
544377,0,0
544477,0,0
544577,0,0
544677,0,0
544777,0,0
544877,0,0
544977,0,0
545077,0,0
545177,0,0
545277,0,0
545378,0,0
545478,0,0
545578,0,0
545678,0,0
545778,0,0
545878,0,0
545978,0,0
546078,0,0
546178,0,0
546278,0,0
546378,0,0
546478,0,0
546578,0,0
546678,0,0
546778,0,0
546878,0,0
546978,0,0
547078,0,0
547178,0,0
547278,0,0
547378,0,0
547478,0,0
547578,0,0
547678,0,0
547778,0,0
547878,0,0
547978,0,0
548078,0,0
548178,0,0
548278,0,0
548378,0,0
548478,0,0
548578,0,0
548678,0,0
548778,0,0
548878,0,0
548978,0,0
549078,0,0
549178,0,0
549278,0,0
549376,0,0
549476,0,0
549576,0,0
549676,0,0
549776,0,0
549876,0,0
549976,0,0
550076,0,0
550176,0,0
550276,0,0
550376,0,0
550476,0,0
550576,0,0
550676,0,0
550776,0,0
550876,0,0
550976,0,0
551076,0,0
551176,0,0
551276,0,0
551376,0,0
551476,0,0
551576,0,0
551676,0,0
551776,0,0
551876,0,0
551976,0,0
552076,0,0
552176,0,0
552276,0,0
552376,0,0
552476,0,0
552576,0,0
552676,0,0
552776,0,0
552876,0,0
552976,0,0
553076,0,0
553176,0,0
553276,0,0
553374,0,0
553474,0,0
553574,0,0
553674,0,0
553774,0,0
553874,0,0
553974,0,0
554074,0,0
554174,0,0
554274,0,0
554374,0,0
554474,0,0
554574,0,0
554674,0,0
554774,0,0
554874,0,0
554974,0,0
555074,0,0
555174,0,0
555274,0,0
555374,0,0
555474,0,0
555574,0,0
555674,0,0
555774,0,0
555874,0,0
555974,0,0
556074,0,0
556174,0,0
556274,0,0
556374,0,0
556474,0,0
556574,0,0
556674,0,0
556774,0,0
556874,0,0
556974,0,0
557074,0,0
557174,0,0
557274,0,0
557372,0,0
557472,0,0
557572,0,0
557672,0,0
557772,0,0
557872,0,0
557972,0,0
558072,0,0
558172,0,0
558272,0,0
558372,0,0
558472,0,0
558572,0,0
558672,0,0
558772,0,0
558872,0,0
558972,0,0
559072,0,0
559172,0,0
559272,0,0
559372,0,0
559472,0,0
559572,0,0
559672,0,0
559772,0,0
559872,0,0
559972,0,0
560072,0,0
560172,0,0
560272,0,0
560372,0,0
560472,0,0
560572,0,0
560672,0,0
560772,0,0
560872,0,0
560972,0,0
561072,0,0
561172,0,0
561272,0,0
561371,0,0
561471,0,0
561571,0,0
561671,0,0
561771,0,0
561871,0,0
561971,0,0
562071,0,0
562171,0,0
562271,0,0
562371,0,0
562471,0,0
562571,0,0
562671,0,0
562771,0,0
562871,0,0
562971,0,0
563071,0,0
563171,0,0
563271,0,0
563371,0,0
563471,0,0
563571,0,0
563671,0,0
563771,0,0
563871,0,0
563971,0,0
564071,0,0
564171,0,0
564271,0,0
564371,0,0
564471,0,0
564571,0,0
564671,0,0
564771,0,0
564871,0,0
564971,0,0
565071,0,0
565171,0,0
565271,0,0
565370,0,0
565470,0,0
565570,0,0
565670,0,0
565770,0,0
565870,0,0
565970,0,0
566070,0,0
566170,0,0
566270,0,0
566370,0,0
566470,0,0
566570,0,0
566670,0,0
566770,0,0
566870,0,0
566970,0,0
567070,0,0
567170,0,0
567270,0,0
567370,0,0
567470,0,0
567570,0,0
567670,0,0
567770,0,0
567870,0,0
567970,0,0
568070,0,0
568170,0,0
568270,0,0
568370,0,0
568470,0,0
568570,0,0
568670,0,0
568770,0,0
568870,0,0
568970,0,0
569070,0,0
569170,0,0
569270,0,0
569367,0,0
569467,0,0
569567,0,0
569667,0,0
569767,0,0
569867,0,0
569967,0,0
570067,0,0
570167,0,0
570267,0,0
570367,0,0
570467,0,0
570567,0,0
570667,0,0
570767,0,0
570867,0,0
570967,0,0
571067,0,0
571167,0,0
571267,0,0
571367,0,0
571467,0,0
571567,0,0
571667,0,0
571767,0,0
571867,0,0
571967,0,0
572067,0,0
572167,0,0
572267,0,0
572367,0,0
572467,0,0
572567,0,0
572667,0,0
572767,0,0
572867,0,0
572967,0,0
573067,0,0
573167,0,0
573267,0,0
573365,0,0
573465,0,0
573565,0,0
573665,0,0
573765,0,0
573865,0,0
573965,0,0
574065,0,0
574165,0,0
574265,0,0
574365,0,0
574465,0,0
574565,0,0
574665,0,0
574765,0,0
574865,0,0
574965,0,0
575065,0,0
575165,0,0
575265,0,0
575365,0,0
575465,0,0
575565,0,0
575665,0,0
575765,0,0
575865,0,0
575965,0,0
576065,0,0
576165,0,0
576265,0,0
576365,0,0
576465,0,0
576565,0,0
576665,0,0
576765,0,0
576865,0,0
576965,0,0
577065,0,0
577165,0,0
577265,0,0
577365,0,0
577465,0,0
577565,0,0
577665,0,0
577765,0,0
577865,0,0
577965,0,0
578065,0,0
578165,0,0
578265,0,0
578365,0,0
578465,0,0
578565,0,0
578665,0,0
578765,0,0
578865,0,0
578965,0,0
579065,0,0
579165,0,0
579265,0,0
579365,0,0
579465,0,0
579565,0,0
579776,0,0
579876,0,0
579976,0,0
580076,0,0
580176,0,0
580276,0,0
580376,0,0
580476,0,0
580576,0,0
580676,0,0
580776,0,0
580876,0,0
580976,0,0
581076,0,0
581176,0,0
581276,0,0
581376,0,0
581476,0,0
581576,0,0
581676,0,0
581776,0,0
581876,0,0
581976,0,0
582076,0,0
582176,0,0
582276,0,0
582376,0,0
582476,0,0
582576,0,0
582676,0,0
582776,0,0
582877,0,0
582977,0,0
583077,0,0
583177,0,0
583277,0,0
583377,0,0
583477,0,0
583577,0,0
583677,0,0
583777,0,0
583877,0,0
583977,0,0
584077,0,0
584177,0,0
584277,0,0
584377,0,0
584477,0,0
584577,0,0
584677,0,0
584777,0,0
584877,0,0
584977,0,0
585077,0,0
585177,0,0
585277,0,0
585377,0,0
585477,0,0
585577,0,0
585677,0,0
585777,0,0
585877,0,0
585977,0,0
586077,0,0
586177,0,0
586277,0,0
586377,0,0
586477,0,0
586577,0,0
586677,0,0
586777,0,0
586877,0,0
586977,0,0
587077,0,0
587177,0,0
587277,0,0
587377,0,0
587477,0,0
587577,0,0
587677,0,0
587777,0,0
587877,0,0
587977,0,0
588077,0,0
588177,0,0
588277,0,0
588377,0,0
588477,0,0
588577,0,0
588677,0,0
588777,0,0
588877,0,0
588977,0,0
589077,0,0
589177,0,0
589277,0,0
589377,0,0
589477,0,0
589577,0,0
589677,0,0
589777,0,0
589877,0,0
589977,0,0
590077,0,0
590177,0,0
590277,0,0
590377,0,0
590477,0,0
590577,0,0
590677,0,0
590777,0,0
590877,0,0
590977,0,0
591077,0,0
591177,0,0
591277,0,0
591377,0,0
591477,0,0
591577,0,0
591677,0,0
591777,0,0
591877,0,0
591977,0,0
592077,0,0
592177,0,0
592277,0,0
592377,0,0
592477,0,0
592577,0,0
592677,0,0
592777,0,0
592877,0,0
592977,0,0
593077,0,0
593177,0,0
593277,0,0
593377,0,0
593477,0,0
593577,0,0
593677,0,0
593777,0,0
593877,0,0
593977,0,0
594077,0,0
594177,0,0
594277,0,0
594377,0,0
594477,0,0
594577,0,0
594677,0,0
594777,0,0
594877,0,0
594977,0,0
595077,0,0
595177,0,0
595277,0,0
595377,0,0
595477,0,0
595577,0,0
595677,0,0
595777,0,0
595877,0,0
595977,0,0
596077,0,0
596177,0,0
596277,0,0
596377,0,0
596477,0,0
596577,0,0
596677,0,0
596777,0,0
596877,0,0
596977,0,0
597077,0,0
597177,0,0
597277,0,0
597377,0,0
597477,0,0
597577,0,0
597677,0,0
597777,0,0
597877,0,0
597977,0,0
598077,0,0
598177,0,0
598277,0,0
598377,0,0
598477,0,0
598577,0,0
598677,0,0
598777,0,0
598877,0,0
598977,0,0
599077,0,0
599177,0,0
599277,0,0
599377,0,0
599477,0,0
599577,0,0
599677,0,0
599777,0,0
599877,0,0
599977,0,0
600077,0,0
600177,0,0
600277,0,0
600377,0,0
600477,0,0
600577,0,0
600677,0,0
600777,0,0
600877,0,0
600977,0,0
601077,0,0
601177,0,0
601277,0,0
601377,0,0
601477,0,0
601577,0,0
601677,0,0
601777,0,0
601877,0,0
601977,0,0
602077,0,0
602177,0,0
602277,0,0
602377,0,0
602477,0,0
602577,0,0
602677,0,0
602777,0,0
602877,0,0
602977,0,0
603077,0,0
603177,0,0
603277,0,0
603377,0,0
603477,0,0
603577,0,0
603677,0,0
603777,0,0
603877,0,0
603977,0,0
604077,0,0
604177,0,0
604277,0,0
604377,0,0
604477,0,0
604577,0,0
604677,0,0
604777,0,0
604877,0,0
604977,0,0
605077,0,0
605177,0,0
605277,0,0
605377,0,0
605477,0,0
605577,0,0
