p:4000,20000,6000,600,8000,4000,2000,8000,70
16073,packet,1,0,0,1,53,8000
16089,event,0,0
16103,action,0,0
20072,packet,1,0,0,1,53,8000
20087,event,0,1
24074,packet,1,0,0,1,53,8000
24089,event,0,1
28074,packet,1,0,0,1,53,8000
28089,event,0,1
32085,packet,1,0,0,1,53,8000
32099,event,0,1
36086,packet,1,0,0,1,53,8000
36102,event,0,1
40093,packet,1,0,0,1,53,8000
40109,event,0,1
44111,packet,1,0,0,1,53,8000
44141,event,0,1
48112,packet,1,0,0,1,52,8000
48127,event,0,1
52114,packet,1,0,0,1,52,8000
52133,event,0,1
60148,event,1,1
60163,action,1,1
73630,packet,1,0,0,1,47,8000
73645,event,0,0
73660,action,0,0
77636,packet,1,0,0,1,47,8000
77652,event,0,1
81723,packet,1,0,0,1,47,8000
81737,event,0,1
85712,packet,1,0,0,1,47,8000
85726,event,0,1
89711,packet,1,0,0,1,47,8000
89727,event,0,1
93720,packet,1,0,0,1,47,8000
93735,event,0,1
97724,packet,1,0,0,1,47,8000
97740,event,0,1
101729,packet,1,0,0,1,47,8000
101744,event,0,1
105736,packet,1,0,0,1,47,8000
105767,event,0,1
109796,packet,1,0,0,1,46,8000
109815,event,0,1
117855,event,1,1
117870,action,1,1
129847,packet,1,0,0,1,50,8000
129863,event,0,0
129877,action,0,0
133829,packet,1,0,0,1,50,8000
133845,event,0,1
137864,packet,1,0,0,1,50,8000
137879,event,0,1
141868,packet,1,0,0,1,50,8000
141883,event,0,1
145839,packet,1,0,0,1,50,8000
145854,event,0,1
149869,packet,1,0,0,1,50,8000
149885,event,0,1
153872,packet,1,0,0,1,50,8000
153888,event,0,1
157864,packet,1,0,0,1,50,8000
157880,event,0,1
161858,packet,1,0,0,1,50,8000
161877,event,0,1
165856,packet,1,0,0,1,50,8000
165871,event,0,1
173911,event,1,1
173925,action,1,1
185989,packet,1,0,0,1,60,8000
190013,packet,1,0,0,1,59,8000
190028,event,0,0
190043,action,0,0
194192,packet,1,0,0,1,59,8000
194206,event,0,1
198010,packet,1,0,0,1,59,8000
198025,event,0,1
202016,packet,1,0,0,1,59,8000
202031,event,0,1
206023,packet,1,0,0,1,60,8000
210026,packet,1,0,0,1,59,8000
210042,event,0,1
214035,packet,1,0,0,1,60,8000
218037,packet,1,0,0,1,59,8000
218069,event,0,1
222040,packet,1,0,0,1,59,8000
222054,event,0,1
230068,event,1,1
230082,action,1,1
242800,packet,1,0,0,1,52,8000
242816,event,0,0
242830,action,0,0
246819,packet,1,0,0,1,53,8000
246834,event,0,1
250828,packet,1,0,0,1,52,8000
250844,event,0,1
254831,packet,1,0,0,1,52,8000
254847,event,0,1
259014,packet,1,0,0,1,52,8000
259029,event,0,1
262828,packet,1,0,0,1,52,8000
262843,event,0,1
266829,packet,1,0,0,1,52,8000
266843,event,0,1
270831,packet,1,0,0,1,52,8000
270846,event,0,1
274828,packet,1,0,0,1,52,8000
274847,event,0,1
278829,packet,1,0,0,1,52,8000
278843,event,0,1
286857,event,1,1
286871,action,1,1
299522,packet,1,0,0,1,56,8000
299537,event,0,0
299551,action,0,0
303544,packet,1,0,0,1,56,8000
303559,event,0,1
307548,packet,1,0,0,1,56,8000
307563,event,0,1
311564,packet,1,0,0,1,56,8000
311578,event,0,1
315561,packet,1,0,0,1,56,8000
315575,event,0,1
319568,packet,1,0,0,1,57,8000
319583,event,0,1
323569,packet,1,0,0,1,56,8000
323584,event,0,1
327571,packet,1,0,0,1,56,8000
327590,event,0,1
331577,packet,1,0,0,1,56,8000
331591,event,0,1
335587,packet,1,0,0,1,56,8000
335601,event,0,1
339588,packet,1,0,0,1,56,8000
339602,event,0,1
347632,event,1,1
347647,action,1,1
355586,packet,1,0,0,1,64,8000
359588,packet,1,0,0,1,54,8000
359603,event,0,0
359617,action,0,0
363588,packet,1,0,0,1,55,8000
363604,event,0,1
367596,packet,1,0,0,1,55,8000
367611,event,0,1
371779,packet,1,0,0,1,55,8000
371795,event,0,1
375777,packet,1,0,0,1,55,8000
375791,event,0,1
379780,packet,1,0,0,1,55,8000
379798,event,0,1
383787,packet,1,0,0,1,55,8000
383801,event,0,1
387789,packet,1,0,0,1,56,8000
387803,event,0,1
391800,packet,1,0,0,1,54,8000
391825,event,0,1
395816,packet,1,0,0,1,55,8000
395847,event,0,1
403862,event,1,1
403877,action,1,1
416269,packet,1,0,0,1,53,8000
416283,event,0,0
416298,action,0,0
420269,packet,1,0,0,1,53,8000
420283,event,0,1
424270,packet,1,0,0,1,53,8000
424301,event,0,1
428274,packet,1,0,0,1,53,8000
428288,event,0,1
432267,packet,1,0,0,1,53,8000
432286,event,0,1
436456,packet,1,0,0,1,53,8000
436471,event,0,1
440268,packet,1,0,0,1,54,8000
440282,event,0,1
444267,packet,1,0,0,1,54,8000
444282,event,0,1
448266,packet,1,0,0,1,54,8000
448280,event,0,1
452243,packet,1,0,0,1,54,8000
452257,event,0,1
456272,packet,1,0,0,1,53,8000
456287,event,0,1
464300,event,1,1
464313,action,1,1
472268,packet,1,0,0,1,57,8000
472283,event,0,0
472296,action,0,0
476271,packet,1,0,0,1,57,8000
476286,event,0,1
480269,packet,1,0,0,1,56,8000
480284,event,0,1
484317,packet,1,0,0,1,56,8000
484332,event,0,1
488332,packet,1,0,0,1,57,8000
488347,event,0,1
492336,packet,1,0,0,1,56,8000
492351,event,0,1
496341,packet,1,0,0,1,57,8000
496356,event,0,1
500342,packet,1,0,0,1,56,8000
500357,event,0,1
504344,packet,1,0,0,1,56,8000
504360,event,0,1
508355,packet,1,0,0,1,57,8000
508371,event,0,1
512447,packet,1,0,0,1,57,8000
512463,event,0,1
520477,event,1,1
520491,action,1,1
533439,packet,1,0,0,1,56,8000
533454,event,0,0
533469,action,0,0
537459,packet,1,0,0,1,56,8000
537478,event,0,1
541458,packet,1,0,0,1,56,8000
541474,event,0,1
545461,packet,1,0,0,1,56,8000
545476,event,0,1
549472,packet,1,0,0,1,56,8000
549505,event,0,1
553472,packet,1,0,0,1,56,8000
553487,event,0,1
557472,packet,1,0,0,1,57,8000
557487,event,0,1
561476,packet,1,0,0,1,57,8000
561492,event,0,1
565477,packet,1,0,0,1,56,8000
565492,event,0,1
569472,packet,1,0,0,1,56,8000
569486,event,0,1
573484,packet,1,0,0,1,57,8000
573500,event,0,1
581514,event,1,1
581529,action,1,1
