p:4000,20000,6000,600,8000,4000,2000,8000,70
16244,packet,1,0,0,1,50,8000
16282,event,0,0
16297,action,0,0
16725,packet,0,0,1,1
16767,packetAck,1
20751,event,2,1
20765,action,1,1
74046,packet,1,0,0,1,50,8000
74084,event,0,0
74098,action,0,0
74585,packet,0,0,1,1
74627,packetAck,1
78625,event,2,1
78639,action,1,1
79057,packet,1,0,0,1,50,8000
79095,event,0,0
79125,action,0,0
79284,packet,0,0,1,1
79327,packetAck,1
79666,packet,1,0,2,5,50,8000
79681,event,3,1
79696,action,2,1
81712,event,4,2
81730,action,1,2
83760,packet,1,0,0,1,50,8000
83798,event,0,0
83812,action,0,0
83979,packet,0,0,1,1
84021,packetAck,1
88021,event,2,1
88035,action,1,1
88635,packet,1,0,0,1,50,8000
88673,event,0,0
88688,action,0,0
88705,packet,0,0,1,1
88768,packetAck,1
92754,event,2,1
92768,action,1,1
96769,packet,1,0,0,1,51,8000
96807,event,0,0
96822,action,0,0
96985,packet,0,0,1,1
97027,packetAck,1
100998,event,2,1
101013,action,1,1
101830,packet,1,0,0,1,50,8000
101868,event,0,0
101884,action,0,0
102012,packet,0,0,1,1
102054,packetAck,1
102415,packet,1,0,2,5,50,8000
102431,event,3,1
102445,action,2,1
104459,event,4,2
104473,action,1,2
106514,packet,1,0,0,1,51,8000
106552,event,0,0
106566,action,0,0
106866,packet,0,0,1,1
106908,packetAck,1
110881,event,2,1
110895,action,1,1
129807,packet,1,0,0,1,47,8000
129845,event,0,0
129859,action,0,0
130314,packet,0,0,1,1
129900,packetAck,1
134344,event,2,1
134358,action,1,1
186385,packet,1,0,0,1,60,8000
191186,packet,1,0,0,1,59,8000
191224,event,0,0
191242,action,0,0
191625,packet,0,0,1,1
191667,packetAck,1
195653,event,2,1
195668,action,1,1
243217,packet,1,0,0,1,44,8000
243255,event,0,0
243270,action,0,0
243373,packet,0,0,1,1
243431,packetAck,1
243766,packet,1,0,2,5,44,8000
243794,event,3,1
243808,action,2,1
244192,packet,1,0,2,5,44,8000
244208,event,1,2
244264,packet,1,0,2,5,44,8000
244279,event,1,2
248337,packet,1,0,2,5,44,8000
248353,event,1,2
252406,packet,1,0,2,5,44,8000
252421,event,1,2
256479,packet,1,0,2,5,44,8000
256499,event,1,2
260551,packet,1,0,2,5,44,8000
260566,event,1,2
264627,packet,1,0,2,5,44,8000
264643,event,1,2
268703,packet,1,0,2,5,44,8000
268718,event,1,2
272778,packet,1,0,2,5,44,8000
272795,event,1,2
276854,packet,1,0,2,5,44,8000
276881,event,1,2
280924,packet,1,0,2,5,44,8000
280939,event,1,2
288939,event,4,2
288983,action,1,2
299789,packet,1,0,0,1,55,8000
299827,event,0,0
299858,action,0,0
300122,packet,0,0,1,1
300164,packetAck,1
304134,event,2,1
304149,action,1,1
304423,packet,1,0,0,1,55,8000
304466,event,0,0
304481,action,0,0
304816,packet,0,0,1,1
304858,packetAck,1
308872,event,2,1
308886,action,1,1
309180,packet,1,0,0,1,55,8000
309218,event,0,0
309233,action,0,0
309321,packet,0,0,1,1
309363,packetAck,1
309715,packet,1,0,2,5,55,8000
309730,event,3,1
309745,action,2,1
310145,packet,1,0,2,5,56,8000
310160,event,1,2
310222,packet,1,0,2,5,55,8000
310237,event,1,2
314283,packet,1,0,2,5,55,8000
314299,event,1,2
318353,packet,1,0,2,5,55,8000
318368,event,1,2
322437,packet,1,0,2,5,56,8000
322452,event,1,2
326517,packet,1,0,2,5,56,8000
326532,event,1,2
330579,packet,1,0,2,5,56,8000
330594,event,1,2
334650,packet,1,0,2,5,56,8000
334667,event,1,2
338905,packet,1,0,2,5,56,8000
338920,event,1,2
346896,event,4,2
346910,action,1,2
358688,packet,1,0,0,1,53,8000
358726,event,0,0
358751,action,0,0
358771,packet,0,0,1,1
358820,packetAck,1
359154,packet,1,0,2,5,52,8000
359170,event,3,1
359184,action,2,1
359576,packet,1,0,2,5,52,8000
359592,event,1,2
359646,packet,1,0,2,5,51,8000
359662,event,1,2
367664,event,4,2
367678,action,1,2
370906,packet,1,0,0,1,52,8000
370944,event,0,0
370958,action,0,0
371128,packet,0,0,1,1
371170,packetAck,1
375169,event,2,1
375183,action,1,1
379752,packet,1,0,0,1,52,8000
379790,event,0,0
379805,action,0,0
380136,packet,0,0,1,1
379772,packetAck,1
384177,event,2,1
384203,action,1,1
416337,packet,1,0,0,1,55,8000
416375,event,0,0
416389,action,0,0
416574,packet,0,0,1,1
416615,packetAck,1
420601,event,2,1
420618,action,1,1
420905,packet,1,0,0,1,54,8000
420943,event,0,0
420957,action,0,0
421306,packet,0,0,1,1
421348,packetAck,1
421698,packet,1,0,2,5,54,8000
421713,event,3,1
421727,action,2,1
423757,event,4,2
423771,action,1,2
425792,packet,1,0,0,1,53,8000
425841,event,0,0
425855,action,0,0
426367,packet,0,0,1,1
426410,packetAck,1
430400,event,2,1
430414,action,1,1
433943,packet,1,0,0,1,54,8000
433979,event,0,0
433995,action,0,0
434008,packet,0,0,1,1
434075,packetAck,1
438018,event,2,1
438037,action,1,1
442231,packet,1,0,0,1,53,8000
442269,event,0,0
442284,action,0,0
442565,packet,0,0,1,1
442608,packetAck,1
442964,packet,1,0,2,5,53,8000
442979,event,3,1
442995,action,2,1
445009,event,4,2
445023,action,1,2
447226,packet,1,0,0,1,53,8000
447264,event,0,0
447278,action,0,0
447534,packet,0,0,1,1
447577,packetAck,1
451587,event,2,1
451601,action,1,1
455360,packet,1,0,0,1,53,8000
455409,event,0,0
455424,action,0,0
455732,packet,0,0,1,1
455775,packetAck,1
459759,event,2,1
459796,action,1,1
534006,packet,1,0,0,1,55,8000
534044,event,0,0
534058,action,0,0
534078,packet,0,0,1,1
534139,packetAck,1
534474,packet,1,0,2,5,55,8000
534489,event,3,1
534505,action,2,1
536519,event,4,2
536533,action,1,2
538571,packet,1,0,0,1,54,8000
538610,event,0,0
538624,action,0,0
538959,packet,0,0,1,1
539002,packetAck,1
542976,event,2,1
542991,action,1,1
