p:4000,20000,6000,600,8000,4000,2000,8000,70
15050,0,0
15150,0,0
15250,0,0
15350,0,0
15450,0,0
15550,0,0
15650,0,0
15750,0,0
15850,0,0
15950,0,0
16050,0,0
16150,0,0
16553,0,0
16653,0,1
16753,0,1
16853,0,1
16953,1,2
17053,1,2
17153,1,2
17253,1,2
17353,1,2
17453,1,2
17553,1,2
17653,1,2
17753,1,2
17853,1,2
17953,1,2
18053,1,2
18153,1,2
18253,1,2
18353,1,2
18453,1,2
18553,1,2
18653,1,2
18753,1,2
18853,1,2
18973,0,0
19072,0,0
19172,0,0
19272,0,0
19372,0,0
19472,0,0
19572,0,0
19672,0,0
19772,0,0
19872,0,0
19972,0,0
20072,0,0
20172,0,0
20272,0,0
20372,0,0
20472,0,0
20572,0,0
20672,0,0
20772,0,0
20872,0,0
20972,0,0
21419,0,0
21519,0,1
21619,0,1
21719,0,1
21819,0,1
21919,0,1
22019,0,1
22119,0,1
22219,0,1
22319,0,1
22419,0,1
22519,0,1
22619,0,1
22719,0,1
22819,0,1
22919,0,1
23019,0,1
23119,0,1
23219,0,1
23319,0,1
23419,0,1
23520,0,1
23620,0,1
23720,0,1
23820,0,1
23920,0,1
24020,0,1
24120,0,1
24220,0,1
24320,0,1
24420,0,1
24520,0,1
24620,0,1
24720,0,1
24820,0,1
24920,0,1
25020,0,1
25120,0,1
25220,0,1
25320,0,1
25448,0,0
25548,0,0
25648,0,0
25748,0,0
25848,0,0
25948,0,0
26048,0,0
26148,0,0
26248,0,0
26348,0,0
26448,0,0
26549,0,0
26649,0,0
26749,0,0
26849,0,0
26949,0,0
27049,0,0
27150,0,0
27250,0,0
27350,0,0
27450,0,0
27550,0,0
27650,0,0
27750,0,0
27850,0,0
27950,0,0
28050,0,0
28150,0,0
28250,0,0
28350,0,0
28450,0,0
28550,0,0
28650,0,0
28750,0,0
28850,0,0
28950,0,0
29050,0,0
29603,0,0
29703,0,1
29803,0,1
29903,0,1
30003,0,1
30103,0,1
30203,0,1
30303,0,1
30403,0,1
30503,0,1
30604,0,1
30704,0,1
30804,0,1
30904,0,1
31004,0,1
31104,0,1
31202,0,1
31302,0,1
31402,0,1
31502,0,1
31602,0,1
31702,0,1
31802,0,1
31902,0,1
32002,0,1
32102,0,1
32202,0,1
32302,0,1
32402,0,1
32502,0,1
32602,0,1
32702,0,1
32802,0,1
32902,0,1
33002,0,1
33102,0,1
33202,0,1
33302,0,1
33402,0,1
33503,0,1
33634,0,0
33734,0,0
33834,0,0
33934,0,0
34034,0,0
34325,0,0
34425,0,1
34525,0,1
34625,0,1
34725,0,1
34826,0,1
34926,0,1
35026,0,1
35126,0,1
35227,0,1
35327,0,1
35427,0,1
35527,0,1
35627,0,1
35727,0,1
35827,0,1
35927,0,1
36027,0,1
36127,0,1
36227,0,1
36327,0,1
36427,0,1
36527,0,1
36627,0,1
36727,0,1
36827,0,1
36927,0,1
37027,0,1
37127,0,1
37227,0,1
37327,0,1
37427,0,1
37527,0,1
37627,0,1
37728,0,1
37828,0,1
37928,0,1
38028,0,1
38128,0,1
38228,0,1
38354,0,0
38454,0,0
38554,0,0
38654,0,0
38754,0,0
38854,0,0
38954,0,0
39054,0,0
39154,0,0
39254,0,0
39343,0,0
39443,0,0
39543,0,0
39643,0,0
39743,0,0
39843,0,0
39943,0,0
40043,0,0
40143,0,0
40243,0,0
40343,0,0
40443,0,0
40543,0,0
40643,0,0
40743,0,0
40843,0,0
40943,0,0
41043,0,0
41143,0,0
41243,0,0
41344,0,0
41444,0,0
41544,0,0
41644,0,0
41744,0,0
41844,0,0
41944,0,0
42044,0,0
42144,0,0
42244,0,0
42344,0,0
42444,0,0
42544,0,0
42644,0,0
42744,0,0
42844,0,0
42944,0,0
43044,0,0
43144,0,0
43244,0,0
43350,0,0
43450,0,0
43550,0,0
43650,0,0
43750,0,0
43850,0,0
43950,0,0
44050,0,0
44150,0,0
44251,0,0
44351,0,0
44451,0,0
44551,0,0
44651,0,0
44751,0,0
44851,0,0
44951,0,0
45051,0,0
45151,0,0
45251,0,0
45351,0,0
45451,0,0
45551,0,0
45651,0,0
45751,0,0
45851,0,0
45951,0,0
46051,0,0
46151,0,0
46251,0,0
46351,0,0
46451,0,0
46551,0,0
46651,0,0
46751,0,0
46851,0,0
46951,0,0
47051,0,0
47152,0,0
47252,0,0
47350,0,0
47450,0,0
47550,0,0
47650,0,0
47750,0,0
47850,0,0
47950,0,0
48050,0,0
48150,0,0
48250,0,0
48350,0,0
48450,0,0
48550,0,0
48650,0,0
48750,0,0
48850,0,0
48950,0,0
49050,0,0
49150,0,0
49250,0,0
49350,0,0
49450,0,0
49550,0,0
49650,0,0
49750,0,0
49850,0,0
49950,0,0
50050,0,0
50150,0,0
50250,0,0
50350,0,0
50450,0,0
50550,0,0
50650,0,0
50750,0,0
50850,0,0
50950,0,0
51050,0,0
51150,0,0
51250,0,0
51350,0,0
51450,0,0
51550,0,0
51650,0,0
51750,0,0
51850,0,0
51950,0,0
52050,0,0
52150,0,0
52250,0,0
52350,0,0
52450,0,0
52550,0,0
52650,0,0
52750,0,0
52850,0,0
52950,0,0
53050,0,0
53150,0,0
53250,0,0
53350,0,0
53450,0,0
53550,0,0
53650,0,0
53750,0,0
53850,0,0
53950,0,0
54050,0,0
54150,0,0
54250,0,0
54350,0,0
54450,0,0
54550,0,0
54650,0,0
54750,0,0
54850,0,0
54950,0,0
55050,0,0
55150,0,0
55250,0,0
55350,0,0
55450,0,0
55550,0,0
55650,0,0
55750,0,0
55850,0,0
55950,0,0
56050,0,0
56150,0,0
56250,0,0
56350,0,0
56450,0,0
56550,0,0
56650,0,0
56750,0,0
56850,0,0
56950,0,0
57050,0,0
57150,0,0
57250,0,0
57350,0,0
57450,0,0
57550,0,0
57650,0,0
57750,0,0
57850,0,0
57950,0,0
58050,0,0
58150,0,0
58250,0,0
58350,0,0
58450,0,0
58550,0,0
58650,0,0
58750,0,0
58850,0,0
58950,0,0
59050,0,0
59150,0,0
59250,0,0
59350,0,0
59450,0,0
59550,0,0
59650,0,0
59750,0,0
59850,0,0
59950,0,0
60050,0,0
60150,0,0
60250,0,0
60350,0,0
60450,0,0
60550,0,0
60650,0,0
60750,0,0
60850,0,0
60950,0,0
61050,0,0
61150,0,0
61250,0,0
61350,0,0
61450,0,0
61550,0,0
61650,0,0
61750,0,0
61850,0,0
61950,0,0
62050,0,0
62150,0,0
62250,0,0
62350,0,0
62450,0,0
62550,0,0
62650,0,0
62750,0,0
62850,0,0
62950,0,0
63050,0,0
63150,0,0
63250,0,0
63350,0,0
63450,0,0
63550,0,0
63650,0,0
63750,0,0
63850,0,0
63950,0,0
64050,0,0
64150,0,0
64250,0,0
64350,0,0
64450,0,0
64550,0,0
64650,0,0
64750,0,0
64850,0,0
64950,0,0
65050,0,0
65150,0,0
65250,0,0
65350,0,0
65450,0,0
65550,0,0
65650,0,0
65750,0,0
65850,0,0
65950,0,0
66050,0,0
66150,0,0
66250,0,0
66350,0,0
66450,0,0
66550,0,0
66650,0,0
66750,0,0
66850,0,0
66950,0,0
67050,0,0
67150,0,0
67250,0,0
67350,0,0
67450,0,0
67550,0,0
67650,0,0
67750,0,0
67850,0,0
67950,0,0
68050,0,0
68150,0,0
68250,0,0
68350,0,0
68450,0,0
68550,0,0
68650,0,0
68750,0,0
68850,0,0
68950,0,0
69050,0,0
69150,0,0
69250,0,0
69350,0,0
69450,0,0
69550,0,0
69650,0,0
69750,0,0
69850,0,0
69950,0,0
70050,0,0
70150,0,0
70250,0,0
70350,0,0
70450,0,0
70550,0,0
70650,0,0
70750,0,0
70850,0,0
70950,0,0
71050,0,0
71150,0,0
71250,0,0
71350,0,0
71450,0,0
71550,0,0
71650,0,0
71750,0,0
71850,0,0
71950,0,0
72050,0,0
72150,0,0
72250,0,0
72350,0,0
72450,0,0
72550,0,0
72650,0,0
72750,0,0
72850,0,0
72950,0,0
73050,0,0
73150,0,0
73250,0,0
73350,0,0
73450,0,0
73556,0,0
73656,0,0
73756,0,0
73856,0,0
73956,0,0
74056,0,0
74361,0,0
74461,0,1
74561,0,1
74661,0,1
74762,0,1
74862,0,1
74962,0,1
75062,0,1
75162,0,1
75262,0,1
75362,0,1
75462,0,1
75562,0,1
75662,0,1
75762,0,1
75862,0,1
75962,0,1
76062,0,1
76162,0,1
76262,0,1
76362,0,1
76462,0,1
76562,0,1
76662,0,1
76762,0,1
76862,0,1
76962,0,1
77062,0,1
77162,0,1
77262,0,1
77362,0,1
77462,0,1
77561,0,1
77662,0,1
77762,0,1
77862,0,1
77962,0,1
78062,0,1
78162,0,1
78262,0,1
78389,0,0
78489,0,0
78589,0,0
78689,0,0
78789,0,0
78889,0,0
78989,0,0
79089,0,0
79189,0,0
79289,0,0
79389,0,0
79489,0,0
79589,0,0
79689,0,0
79789,0,0
79889,0,0
79989,0,0
80089,0,0
80189,0,0
80289,0,0
80389,0,0
80489,0,0
80589,0,0
80689,0,0
80789,0,0
80889,0,0
80990,0,0
81090,0,0
81190,0,0
81290,0,0
81390,0,0
81490,0,0
81590,0,0
81690,0,0
81790,0,0
81890,0,0
81990,0,0
82090,0,0
82190,0,0
82487,0,0
82587,0,1
82687,0,1
82787,0,1
82887,0,1
82987,0,0
83087,0,0
83187,0,0
83287,0,0
83387,0,0
83487,0,0
83587,0,0
83687,0,0
83787,0,0
83887,0,0
83987,0,0
84087,0,0
84187,0,0
84287,0,0
84387,0,0
84487,0,0
84587,0,0
84687,0,0
84787,0,0
84887,0,0
84987,0,0
85087,0,0
85187,0,0
85287,0,0
85387,0,0
85487,0,0
85588,0,0
85688,0,0
85788,0,0
85888,0,0
85988,0,0
86088,0,0
86188,0,0
86288,0,0
86788,0,0
86888,0,1
86988,0,1
87088,0,1
87188,0,1
87288,0,1
87388,0,1
87488,0,1
87588,0,1
87688,0,1
87788,0,1
87888,0,1
87988,0,1
88088,0,1
88188,0,1
88288,0,1
88388,0,1
88488,0,1
88588,0,1
88688,0,1
88788,0,1
88888,0,1
88988,0,1
89088,0,1
89188,0,1
89288,0,1
89388,0,1
89488,0,1
89586,0,1
89686,0,1
89786,0,1
89886,0,1
89986,0,1
90086,0,1
90186,0,1
90286,0,1
90386,0,1
90486,0,1
90586,0,1
90686,0,1
90786,0,1
90886,0,0
90986,0,0
91086,0,0
91186,0,0
91286,0,0
91386,0,0
91486,0,0
91586,0,0
91686,0,0
91786,0,0
91886,0,0
91986,0,0
92086,0,0
92186,0,0
92286,0,0
92386,0,0
92486,0,0
92586,0,0
92686,0,0
92786,0,0
92886,0,0
92986,0,0
93086,0,0
93186,0,0
93286,0,0
93386,0,0
93486,0,0
93587,0,0
93687,0,0
93787,0,0
93887,0,0
93987,0,0
94087,0,0
94187,0,0
94287,0,0
94387,0,0
94487,0,0
94587,0,0
94687,0,0
94787,0,0
94887,0,0
95510,0,0
95610,0,1
95710,0,1
95810,0,1
95910,0,1
96010,0,1
96110,0,1
96210,0,1
96310,0,1
96410,0,1
96510,0,1
96610,0,1
96710,0,1
96810,0,1
96910,0,1
97010,0,1
97110,0,1
97210,0,1
97310,0,1
97410,0,1
97510,0,1
97608,0,1
97708,0,1
97808,0,1
97908,0,1
98008,0,1
98108,0,1
98208,0,1
98308,0,1
98408,0,1
98508,0,1
98609,0,1
98709,0,1
98809,0,1
98909,0,1
99009,0,1
99109,0,1
99209,0,1
99309,0,1
99409,0,1
99536,0,0
99636,0,0
99736,0,0
99836,0,0
99936,0,0
100036,0,0
100136,0,0
100236,0,0
100336,0,0
100436,0,0
100536,0,0
100636,0,0
100736,0,0
100836,0,0
100936,0,0
101036,0,0
101136,0,0
101236,0,0
101336,0,0
101436,0,0
101536,0,0
101637,0,0
101737,0,0
101837,0,0
101938,0,0
102038,0,0
102138,0,0
102238,0,0
102338,0,0
102438,0,0
102538,0,0
102638,0,0
102738,0,0
102838,0,0
102938,0,0
103038,0,0
103569,0,0
103669,0,1
103769,0,1
103869,0,1
103969,0,1
104075,0,1
104175,1,2
104275,1,2
104375,1,2
104475,1,2
104575,1,2
104675,1,2
104775,1,2
104875,1,2
104975,1,2
105075,1,2
105175,1,2
105275,1,2
105375,1,2
105475,1,2
105576,1,2
105676,1,2
105776,1,2
105876,1,2
105976,1,2
106076,1,2
106176,0,0
106276,0,0
106377,0,0
106477,0,0
106577,0,0
106677,0,0
106777,0,0
106877,0,0
106977,0,0
107077,0,0
107177,0,0
107277,0,0
107377,0,0
107477,0,0
107577,0,0
107677,0,0
107777,0,0
107877,0,0
107977,0,0
108077,0,0
108624,0,0
108724,0,1
108824,0,1
108924,0,1
109024,0,1
109124,0,1
109224,0,1
109324,0,1
109424,0,1
109524,0,1
109623,0,1
109723,0,1
109823,0,1
109923,0,1
110023,0,1
110123,0,1
110223,0,1
110323,0,1
110423,0,1
110523,0,1
110623,0,1
110723,0,1
110823,0,1
110923,0,1
111023,0,1
111123,0,1
111223,0,1
111323,0,1
111423,0,1
111523,0,1
111624,0,1
111724,0,1
111824,0,1
111924,0,1
112024,0,1
112124,0,1
112224,0,1
112324,0,1
112424,0,1
112524,0,1
112652,0,0
112752,0,0
112852,0,0
112952,0,0
113052,0,0
113152,0,0
113252,0,0
113352,0,0
113452,0,0
113552,0,0
113652,0,0
113752,0,0
113852,0,0
113952,0,0
114052,0,0
114152,0,0
114252,0,0
114352,0,0
114452,0,0
114552,0,0
114653,0,0
114753,0,0
114853,0,0
114953,0,0
115053,0,0
115153,0,0
115253,0,0
115353,0,0
115453,0,0
115553,0,0
115653,0,0
115753,0,0
115853,0,0
115953,0,0
116053,0,0
116153,0,0
116253,0,0
116353,0,0
116453,0,0
116553,0,0
116653,0,0
116753,0,0
116853,0,0
116953,0,0
117053,0,0
117153,0,0
117253,0,0
117353,0,0
117453,0,0
117554,0,0
117654,0,0
117754,0,0
117854,0,0
117954,0,0
118054,0,0
118154,0,0
118254,0,0
118354,0,0
118454,0,0
118554,0,0
118654,0,0
118754,0,0
118854,0,0
118954,0,0
119054,0,0
119154,0,0
119254,0,0
119354,0,0
119454,0,0
119554,0,0
119654,0,0
119754,0,0
119854,0,0
119954,0,0
120054,0,0
120154,0,0
120254,0,0
120354,0,0
120454,0,0
120554,0,0
120654,0,0
120754,0,0
120854,0,0
120954,0,0
121054,0,0
121154,0,0
121254,0,0
121354,0,0
121454,0,0
121554,0,0
121654,0,0
121754,0,0
121854,0,0
121954,0,0
122054,0,0
122154,0,0
122254,0,0
122354,0,0
122454,0,0
122554,0,0
122654,0,0
122754,0,0
122854,0,0
122954,0,0
123054,0,0
123154,0,0
123254,0,0
123354,0,0
123454,0,0
123554,0,0
123654,0,0
123754,0,0
123854,0,0
123954,0,0
124054,0,0
124154,0,0
124254,0,0
124354,0,0
124454,0,0
124554,0,0
124654,0,0
124754,0,0
124854,0,0
124954,0,0
125054,0,0
125154,0,0
125254,0,0
125354,0,0
125454,0,0
125554,0,0
125654,0,0
125754,0,0
125854,0,0
125954,0,0
126054,0,0
126154,0,0
126254,0,0
126354,0,0
126454,0,0
126554,0,0
126654,0,0
126754,0,0
126854,0,0
126954,0,0
127054,0,0
127154,0,0
127254,0,0
127354,0,0
127454,0,0
127554,0,0
127654,0,0
127754,0,0
127854,0,0
127954,0,0
128054,0,0
128154,0,0
128254,0,0
128354,0,0
128454,0,0
128554,0,0
128654,0,0
128754,0,0
128854,0,0
128954,0,0
129054,0,0
129154,0,0
129254,0,0
129354,0,0
129454,0,0
129554,0,0
130107,0,0
129722,0,1
129822,0,1
129922,0,1
130022,0,1
130122,0,1
130222,0,1
130322,0,1
130422,0,1
130522,0,1
130622,0,1
130723,0,1
130823,0,1
130923,0,1
131023,0,1
131123,0,1
131223,0,1
131323,0,1
131423,0,1
131523,0,1
131623,0,1
131723,0,1
131823,0,1
131923,0,1
132023,0,1
132123,0,1
132223,0,1
132323,0,1
132423,0,1
132523,0,1
132623,0,1
132723,0,1
132823,0,1
132923,0,1
133023,0,1
133123,0,1
133709,0,1
133809,0,1
133909,0,1
134009,0,1
134137,0,0
134238,0,0
134338,0,0
134438,0,0
134538,0,0
134638,0,0
134738,0,0
134838,0,0
134938,0,0
135038,0,0
135138,0,0
135238,0,0
135338,0,0
135438,0,0
135538,0,0
135638,0,0
135738,0,0
135838,0,0
135938,0,0
136038,0,0
136138,0,0
136238,0,0
136338,0,0
136438,0,0
136538,0,0
136638,0,0
136738,0,0
136838,0,0
136938,0,0
137038,0,0
137139,0,0
137239,0,0
137339,0,0
137439,0,0
137539,0,0
137639,0,0
137722,0,0
137822,0,0
137922,0,0
138022,0,0
138122,0,0
138222,0,0
138322,0,0
138422,0,0
138522,0,0
138622,0,0
138722,0,0
138822,0,0
138922,0,0
139022,0,0
139122,0,0
139222,0,0
139322,0,0
139422,0,0
139522,0,0
139622,0,0
139722,0,0
139822,0,0
139922,0,0
140022,0,0
140122,0,0
140222,0,0
140322,0,0
140422,0,0
140522,0,0
140622,0,0
140722,0,0
140822,0,0
140922,0,0
141022,0,0
141122,0,0
141222,0,0
141322,0,0
141422,0,0
141522,0,0
141622,0,0
141723,0,0
141823,0,0
141923,0,0
142023,0,0
142123,0,0
142223,0,0
142323,0,0
142423,0,0
142523,0,0
142623,0,0
142723,0,0
142823,0,0
142923,0,0
143023,0,0
143123,0,0
143223,0,0
143323,0,0
143423,0,0
143523,0,0
143623,0,0
143723,0,0
143823,0,0
143923,0,0
144023,0,0
144123,0,0
144223,0,0
144323,0,0
144423,0,0
144523,0,0
144623,0,0
144723,0,0
144823,0,0
144923,0,0
145023,0,0
145123,0,0
145223,0,0
145323,0,0
145423,0,0
145523,0,0
145623,0,0
145723,0,0
145823,0,0
145923,0,0
146023,0,0
146123,0,0
146223,0,0
146323,0,0
146423,0,0
146523,0,0
146623,0,0
146723,0,0
146823,0,0
146923,0,0
147023,0,0
147123,0,0
147223,0,0
147323,0,0
147423,0,0
147523,0,0
147623,0,0
147723,0,0
147823,0,0
147923,0,0
148023,0,0
148123,0,0
148223,0,0
148323,0,0
148423,0,0
148523,0,0
148623,0,0
148723,0,0
148823,0,0
148923,0,0
149023,0,0
149123,0,0
149223,0,0
149323,0,0
149423,0,0
149523,0,0
149623,0,0
149735,0,0
149835,0,0
149935,0,0
150035,0,0
150135,0,0
150235,0,0
150335,0,0
150435,0,0
150535,0,0
150635,0,0
150735,0,0
150835,0,0
150935,0,0
151035,0,0
151135,0,0
151235,0,0
151335,0,0
151435,0,0
151535,0,0
151635,0,0
151735,0,0
151835,0,0
151935,0,0
152035,0,0
152135,0,0
152235,0,0
152335,0,0
152435,0,0
152535,0,0
152635,0,0
152735,0,0
152835,0,0
152935,0,0
153035,0,0
153135,0,0
153235,0,0
153335,0,0
153435,0,0
153535,0,0
153635,0,0
153730,0,0
153830,0,0
153930,0,0
154030,0,0
154130,0,0
154230,0,0
154330,0,0
154430,0,0
154530,0,0
154630,0,0
154730,0,0
154830,0,0
154930,0,0
155030,0,0
155130,0,0
155230,0,0
155330,0,0
155430,0,0
155530,0,0
155630,0,0
155730,0,0
155830,0,0
155930,0,0
156030,0,0
156130,0,0
156230,0,0
156330,0,0
156430,0,0
156530,0,0
156630,0,0
156730,0,0
156830,0,0
156930,0,0
157030,0,0
157130,0,0
157230,0,0
157330,0,0
157430,0,0
157530,0,0
157630,0,0
157736,0,0
157836,0,0
157936,0,0
158036,0,0
158136,0,0
158236,0,0
158336,0,0
158436,0,0
158536,0,0
158636,0,0
158736,0,0
158836,0,0
158936,0,0
159036,0,0
159136,0,0
159236,0,0
159336,0,0
159436,0,0
159536,0,0
159636,0,0
159736,0,0
159836,0,0
159936,0,0
160036,0,0
160136,0,0
160236,0,0
160336,0,0
160436,0,0
160536,0,0
160636,0,0
160736,0,0
160836,0,0
160936,0,0
161036,0,0
161136,0,0
161236,0,0
161336,0,0
161436,0,0
161536,0,0
161636,0,0
161736,0,0
161836,0,0
161936,0,0
162036,0,0
162136,0,0
162236,0,0
162336,0,0
162436,0,0
162536,0,0
162636,0,0
162736,0,0
162836,0,0
162936,0,0
163036,0,0
163136,0,0
163236,0,0
163336,0,0
163436,0,0
163536,0,0
163636,0,0
163736,0,0
163836,0,0
163936,0,0
164036,0,0
164136,0,0
164236,0,0
164336,0,0
164436,0,0
164536,0,0
164636,0,0
164736,0,0
164836,0,0
164936,0,0
165036,0,0
165136,0,0
165236,0,0
165336,0,0
165436,0,0
165536,0,0
165636,0,0
165736,0,0
165836,0,0
165936,0,0
166036,0,0
166136,0,0
166236,0,0
166336,0,0
166436,0,0
166536,0,0
166636,0,0
166736,0,0
166836,0,0
166936,0,0
167036,0,0
167136,0,0
167236,0,0
167336,0,0
167436,0,0
167536,0,0
167636,0,0
167736,0,0
167836,0,0
167936,0,0
168036,0,0
168136,0,0
168236,0,0
168336,0,0
168436,0,0
168536,0,0
168636,0,0
168736,0,0
168836,0,0
168936,0,0
169036,0,0
169136,0,0
169236,0,0
169336,0,0
169436,0,0
169536,0,0
169636,0,0
169736,0,0
169836,0,0
169936,0,0
170036,0,0
170136,0,0
170236,0,0
170336,0,0
170436,0,0
170536,0,0
170636,0,0
170736,0,0
170836,0,0
170936,0,0
171036,0,0
171136,0,0
171236,0,0
171336,0,0
171436,0,0
171536,0,0
171636,0,0
171736,0,0
171836,0,0
171936,0,0
172036,0,0
172136,0,0
172236,0,0
172336,0,0
172436,0,0
172536,0,0
172636,0,0
172736,0,0
172836,0,0
172936,0,0
173036,0,0
173136,0,0
173236,0,0
173336,0,0
173436,0,0
173536,0,0
173636,0,0
173736,0,0
173836,0,0
173936,0,0
174036,0,0
174136,0,0
174236,0,0
174336,0,0
174436,0,0
174536,0,0
174636,0,0
174736,0,0
174836,0,0
174936,0,0
175036,0,0
175136,0,0
175236,0,0
175336,0,0
175436,0,0
175536,0,0
175636,0,0
175736,0,0
175836,0,0
175936,0,0
176036,0,0
176136,0,0
176236,0,0
176336,0,0
176436,0,0
176536,0,0
176636,0,0
176736,0,0
176836,0,0
176936,0,0
177036,0,0
177136,0,0
177236,0,0
177336,0,0
177436,0,0
177536,0,0
177636,0,0
177736,0,0
177836,0,0
177936,0,0
178036,0,0
178136,0,0
178236,0,0
178336,0,0
178436,0,0
178536,0,0
178636,0,0
178736,0,0
178836,0,0
178936,0,0
179036,0,0
179136,0,0
179236,0,0
179336,0,0
179436,0,0
179536,0,0
179636,0,0
179736,0,0
179836,0,0
179936,0,0
180036,0,0
180136,0,0
180236,0,0
180336,0,0
180436,0,0
180536,0,0
180636,0,0
180736,0,0
180836,0,0
180936,0,0
181036,0,0
181136,0,0
181236,0,0
181336,0,0
181436,0,0
181536,0,0
181636,0,0
181736,0,0
181836,0,0
181936,0,0
182036,0,0
182136,0,0
182236,0,0
182336,0,0
182436,0,0
182536,0,0
182636,0,0
182736,0,0
182836,0,0
182936,0,0
183036,0,0
183136,0,0
183236,0,0
183336,0,0
183436,0,0
183536,0,0
183636,0,0
183736,0,0
183836,0,0
183936,0,0
184036,0,0
184136,0,0
184236,0,0
184336,0,0
184436,0,0
184536,0,0
184636,0,0
184736,0,0
184836,0,0
184936,0,0
185036,0,0
185136,0,0
185236,0,0
185336,0,0
185436,0,0
185536,0,0
185636,0,0
185736,0,0
185836,0,0
185936,0,0
186036,0,0
186136,0,0
186236,0,0
186336,0,0
186756,0,0
186856,0,1
186956,0,1
187056,0,1
187156,0,1
187256,0,1
187356,0,1
187456,0,1
187556,0,1
187656,0,1
187756,0,1
187856,0,1
187956,0,1
188056,0,1
188156,0,1
188256,0,1
188356,0,1
188456,0,1
188556,0,1
188656,0,1
188756,0,1
188856,0,1
188956,0,1
189056,0,1
189156,0,1
189256,0,1
189356,0,1
189456,0,1
189556,0,1
189656,0,1
189756,0,1
189853,0,1
189953,0,1
190053,0,1
190153,0,1
190253,0,1
190353,0,1
190453,0,1
190553,0,1
190653,0,1
190753,0,1
190853,0,0
190953,0,0
191145,0,0
191245,0,1
191345,0,1
191445,0,1
191545,0,1
191645,1,2
191745,1,2
191845,1,2
191945,1,2
192045,1,2
192145,1,2
192245,1,2
192345,1,2
192445,1,2
192545,1,2
192645,1,2
192745,1,2
192845,1,2
192945,1,2
193045,1,2
193145,1,2
193245,1,2
193345,1,2
193445,1,2
193545,1,2
193649,0,0
193749,0,0
193851,0,0
193951,0,0
194051,0,0
194151,0,0
194251,0,0
194351,0,0
194451,0,0
194551,0,0
194651,0,0
194751,0,0
194851,0,0
194951,0,0
195051,0,0
195151,0,0
195251,0,0
195351,0,0
195451,0,0
195551,0,0
195651,0,0
195941,0,0
196041,0,1
196141,0,1
196241,0,1
196341,0,1
196442,0,1
196542,0,1
196642,0,1
196742,0,1
196842,0,1
196942,0,1
197042,0,1
197142,0,1
197242,0,1
197342,0,1
197442,0,1
197542,0,1
197642,0,1
197742,0,1
197842,0,1
197942,0,1
198042,0,1
198142,0,1
198242,0,1
198342,0,1
198442,0,1
198542,0,1
198642,0,1
198742,0,1
198842,0,1
198942,0,1
199042,0,1
199142,0,1
199242,0,1
199343,0,1
199443,0,1
199543,0,1
199643,0,1
199743,0,1
199843,0,1
199969,0,0
200069,0,0
200169,0,0
200269,0,0
200369,0,0
200469,0,0
200569,0,0
200669,0,0
200769,0,0
200869,0,0
200969,0,0
201069,0,0
201169,0,0
201269,0,0
201369,0,0
201469,0,0
201569,0,0
201669,0,0
201769,0,0
201869,0,0
201969,0,0
202069,0,0
202169,0,0
202269,0,0
202369,0,0
202469,0,0
202569,0,0
202669,0,0
202769,0,0
202869,0,0
202970,0,0
203070,0,0
203170,0,0
203270,0,0
203370,0,0
203470,0,0
203570,0,0
203670,0,0
203770,0,0
203870,0,0
203970,0,0
204070,0,0
204170,0,0
204270,0,0
204370,0,0
204470,0,0
204570,0,0
204670,0,0
204770,0,0
204870,0,0
204970,0,0
205070,0,0
205170,0,0
205270,0,0
205370,0,0
205470,0,0
205570,0,0
205670,0,0
205770,0,0
205871,0,0
205971,0,0
206071,0,0
206171,0,0
206271,0,0
206371,0,0
206471,0,0
206571,0,0
206671,0,0
206771,0,0
206871,0,0
206971,0,0
207071,0,0
207171,0,0
207271,0,0
207371,0,0
207471,0,0
207571,0,0
207671,0,0
207771,0,0
207871,0,0
207971,0,0
208071,0,0
208171,0,0
208271,0,0
208371,0,0
208471,0,0
208571,0,0
208671,0,0
208771,0,0
208871,0,0
208971,0,0
209071,0,0
209171,0,0
209271,0,0
209371,0,0
209471,0,0
209571,0,0
209671,0,0
209771,0,0
209871,0,0
209971,0,0
210071,0,0
210171,0,0
210271,0,0
210371,0,0
210471,0,0
210571,0,0
210671,0,0
210771,0,0
210871,0,0
210971,0,0
211071,0,0
211171,0,0
211271,0,0
211371,0,0
211471,0,0
211571,0,0
211671,0,0
211771,0,0
211871,0,0
211971,0,0
212071,0,0
212171,0,0
212271,0,0
212371,0,0
212471,0,0
212571,0,0
212671,0,0
212771,0,0
212871,0,0
212971,0,0
213071,0,0
213171,0,0
213271,0,0
213371,0,0
213471,0,0
213571,0,0
213671,0,0
213771,0,0
213871,0,0
213971,0,0
214071,0,0
214171,0,0
214271,0,0
214371,0,0
214471,0,0
214571,0,0
214671,0,0
214771,0,0
214871,0,0
214971,0,0
215071,0,0
215171,0,0
215271,0,0
215371,0,0
215471,0,0
215571,0,0
215671,0,0
215771,0,0
215871,0,0
215971,0,0
216071,0,0
216171,0,0
216271,0,0
216371,0,0
216471,0,0
216571,0,0
216671,0,0
216771,0,0
216871,0,0
216971,0,0
217071,0,0
217171,0,0
217271,0,0
217371,0,0
217471,0,0
217571,0,0
217671,0,0
217771,0,0
217870,0,0
217970,0,0
218070,0,0
218170,0,0
218270,0,0
218370,0,0
218470,0,0
218570,0,0
218670,0,0
218770,0,0
218870,0,0
218970,0,0
219070,0,0
219170,0,0
219270,0,0
219370,0,0
219470,0,0
219570,0,0
219670,0,0
219770,0,0
219870,0,0
219970,0,0
220070,0,0
220170,0,0
220270,0,0
220370,0,0
220470,0,0
220570,0,0
220670,0,0
220770,0,0
220870,0,0
220970,0,0
221070,0,0
221170,0,0
221270,0,0
221370,0,0
221470,0,0
221570,0,0
221670,0,0
221770,0,0
221869,0,0
221969,0,0
222069,0,0
222169,0,0
222269,0,0
222369,0,0
222469,0,0
222569,0,0
222669,0,0
222769,0,0
222869,0,0
222969,0,0
223069,0,0
223169,0,0
223269,0,0
223369,0,0
223469,0,0
223569,0,0
223669,0,0
223769,0,0
223869,0,0
223969,0,0
224069,0,0
224169,0,0
224269,0,0
224369,0,0
224469,0,0
224569,0,0
224669,0,0
224769,0,0
224869,0,0
224969,0,0
225069,0,0
225169,0,0
225269,0,0
225369,0,0
225469,0,0
225569,0,0
225669,0,0
225769,0,0
225869,0,0
225969,0,0
226069,0,0
226169,0,0
226269,0,0
226369,0,0
226469,0,0
226569,0,0
226669,0,0
226769,0,0
226869,0,0
226969,0,0
227069,0,0
227169,0,0
227269,0,0
227369,0,0
227469,0,0
227569,0,0
227669,0,0
227769,0,0
227869,0,0
227969,0,0
228069,0,0
228169,0,0
228269,0,0
228369,0,0
228469,0,0
228569,0,0
228669,0,0
228769,0,0
228869,0,0
228969,0,0
229069,0,0
229169,0,0
229269,0,0
229369,0,0
229469,0,0
229569,0,0
229669,0,0
229769,0,0
229869,0,0
229969,0,0
230069,0,0
230169,0,0
230269,0,0
230369,0,0
230469,0,0
230569,0,0
230669,0,0
230769,0,0
230869,0,0
230969,0,0
231069,0,0
231169,0,0
231269,0,0
231369,0,0
231469,0,0
231569,0,0
231669,0,0
231769,0,0
231869,0,0
231969,0,0
232069,0,0
232169,0,0
232269,0,0
232369,0,0
232469,0,0
232569,0,0
232669,0,0
232769,0,0
232869,0,0
232969,0,0
233069,0,0
233169,0,0
233269,0,0
233369,0,0
233469,0,0
233569,0,0
233669,0,0
233769,0,0
233869,0,0
233969,0,0
234069,0,0
234169,0,0
234269,0,0
234369,0,0
234469,0,0
234569,0,0
234669,0,0
234769,0,0
234869,0,0
234969,0,0
235069,0,0
235169,0,0
235269,0,0
235369,0,0
235469,0,0
235569,0,0
235669,0,0
235769,0,0
235869,0,0
235969,0,0
236069,0,0
236169,0,0
236269,0,0
236369,0,0
236469,0,0
236569,0,0
236669,0,0
236769,0,0
236869,0,0
236969,0,0
237069,0,0
237169,0,0
237269,0,0
237369,0,0
237469,0,0
237569,0,0
237669,0,0
237769,0,0
237869,0,0
237969,0,0
238069,0,0
238169,0,0
238269,0,0
238369,0,0
238469,0,0
238569,0,0
238669,0,0
238769,0,0
238869,0,0
238969,0,0
239069,0,0
239169,0,0
239269,0,0
239369,0,0
239469,0,0
239569,0,0
239669,0,0
239769,0,0
239869,0,0
239969,0,0
240069,0,0
240169,0,0
240269,0,0
240369,0,0
240469,0,0
240569,0,0
240669,0,0
240769,0,0
240869,0,0
240969,0,0
241069,0,0
241169,0,0
241269,0,0
241369,0,0
241469,0,0
241569,0,0
241669,0,0
241769,0,0
241869,0,0
241969,0,0
242069,0,0
242169,0,0
242269,0,0
242369,0,0
242469,0,0
242569,0,0
242670,0,0
242770,0,0
242870,0,0
242970,0,0
243070,0,0
243170,0,0
243705,0,0
243805,0,1
243905,0,1
244005,0,1
244105,0,1
244205,0,1
244305,0,1
244405,0,1
244505,0,1
244605,0,1
244705,0,1
244805,0,1
244905,0,1
245005,0,1
245105,0,1
245205,0,1
245305,0,1
245405,0,1
245505,0,1
245605,0,1
245705,0,1
245806,0,1
245906,0,1
246006,0,1
246106,0,1
246206,0,1
246306,0,1
246406,0,1
246506,0,1
246606,0,1
246705,0,1
246805,0,1
246905,0,1
247005,0,1
247105,0,1
247205,0,1
247305,0,1
247405,0,1
247505,0,1
247605,0,1
247733,0,0
248142,0,0
248242,0,1
248342,0,1
248442,0,1
248551,0,1
248651,1,2
248751,1,2
248851,1,2
248951,1,2
249051,1,2
249151,1,2
249251,1,2
249351,1,2
249451,1,2
249551,1,2
249651,1,2
249751,1,2
249851,1,2
249951,1,2
250051,1,2
250151,1,2
250251,1,2
250351,1,2
250451,1,2
250551,1,2
250651,1,2
250751,1,2
250851,1,2
250951,1,2
251051,1,2
251151,1,2
251251,1,2
251352,1,2
251452,1,2
251552,1,2
251652,1,2
251752,1,2
251852,1,2
251952,1,2
252052,1,2
252152,1,2
252252,1,2
252352,1,2
252452,1,2
252552,1,2
252652,1,2
252752,1,2
252852,1,2
252952,1,2
253052,1,2
253152,1,2
253252,1,2
253352,1,2
253452,1,2
253552,1,2
253652,1,2
253752,1,2
253852,1,2
253952,1,2
254052,1,2
254152,1,2
254253,1,2
254353,1,2
254453,1,2
254553,1,2
254653,1,2
254753,1,2
254853,1,2
254953,1,2
255053,1,2
255153,1,2
255253,1,2
255353,1,2
255453,1,2
255553,1,2
255653,1,2
255753,1,2
255853,1,2
255953,1,2
256053,1,2
256153,1,2
256253,1,2
256353,1,2
256453,1,2
256553,1,2
256653,1,2
256753,1,2
256853,1,2
256953,1,2
257053,1,2
257170,1,2
257270,1,2
257370,1,2
257470,1,2
257570,1,2
257670,1,2
257770,1,2
257870,1,2
257970,1,2
258070,1,2
258170,1,2
258270,1,2
258370,1,2
258470,1,2
258570,1,2
258670,1,2
258770,1,2
258870,1,2
258970,1,2
259070,1,2
259170,1,2
259270,1,2
259370,1,2
259470,1,2
259570,1,2
259670,1,2
259770,1,2
259870,1,2
259971,1,2
260071,1,2
260171,1,2
260271,1,2
260371,1,2
260471,1,2
260571,1,2
260671,1,2
260771,1,2
260871,1,2
260971,1,2
261071,1,2
261171,1,2
261271,1,2
261371,1,2
261471,1,2
261571,1,2
261671,1,2
261771,1,2
261871,1,2
261971,1,2
262071,1,2
262171,1,2
262271,1,2
262371,1,2
262471,1,2
262571,1,2
262671,1,2
262771,1,2
262872,1,2
262972,1,2
263072,1,2
263172,1,2
263272,1,2
263372,1,2
263472,1,2
263572,1,2
263672,1,2
263772,1,2
263872,1,2
263972,1,2
264072,1,2
264172,1,2
264272,1,2
264372,1,2
264472,1,2
264572,1,2
264672,1,2
264772,1,2
264872,1,2
264972,1,2
265072,1,2
265172,1,2
265272,1,2
265372,1,2
265472,1,2
265572,1,2
265672,1,2
265773,1,2
265873,1,2
265973,1,2
266073,1,2
266173,1,2
266273,1,2
266373,1,2
266473,1,2
266573,1,2
266671,1,2
266771,1,2
266871,1,2
266971,1,2
267071,1,2
267171,1,2
267271,1,2
267371,1,2
267471,1,2
267571,1,2
267671,1,2
267771,1,2
267871,1,2
267971,1,2
268071,1,2
268171,1,2
268271,1,2
268371,1,2
268471,1,2
268571,1,2
268671,1,2
268771,1,2
268871,1,2
268971,1,2
269071,1,2
269171,1,2
269271,1,2
269380,1,2
269480,1,2
269580,1,2
269680,1,2
269780,1,2
269880,1,2
269980,1,2
270081,1,2
270181,1,2
270281,1,2
270381,1,2
270481,1,2
270581,1,2
270683,1,2
270783,1,2
270883,1,2
270983,1,2
271083,1,2
271183,1,2
271283,1,2
271383,1,2
271483,1,2
271583,1,2
271683,1,2
271783,1,2
271883,1,2
271983,1,2
272083,1,2
272183,1,2
272283,1,2
272383,1,2
272483,1,2
272583,1,2
272683,1,2
272783,1,2
272883,1,2
272984,1,2
273084,1,2
273184,1,2
273284,1,2
273384,1,2
273484,1,2
273584,1,2
273684,1,2
273784,1,2
273884,1,2
273984,1,2
274084,1,2
274184,1,2
274284,1,2
274384,1,2
274484,1,2
274584,1,2
274683,1,2
274783,1,2
274883,1,2
274983,1,2
275083,1,2
275183,1,2
275283,1,2
275383,1,2
275483,1,2
275583,1,2
275683,1,2
275783,1,2
275884,1,2
275984,1,2
276084,1,2
276184,1,2
276284,1,2
276384,1,2
276484,1,2
276584,1,2
276684,1,2
276784,1,2
276884,1,2
276984,1,2
277084,1,2
277184,1,2
277284,1,2
277384,1,2
277484,1,2
277584,1,2
277684,1,2
277784,1,2
277884,1,2
277984,1,2
278084,1,2
278184,1,2
278284,1,2
278384,1,2
278484,1,2
278584,1,2
278684,1,2
278784,1,2
278884,1,2
278984,1,2
279084,1,2
279184,1,2
279284,1,2
279384,1,2
279484,1,2
279584,1,2
279684,1,2
279784,1,2
279884,1,2
279984,1,2
280084,1,2
280184,1,2
280284,1,2
280384,1,2
280484,1,2
280584,1,2
280684,1,2
280784,1,2
280884,1,2
280984,1,2
281084,1,2
281184,1,2
281284,1,2
281384,1,2
281484,1,2
281584,1,2
281684,1,2
281784,1,2
281884,1,2
281984,1,2
282084,1,2
282184,1,2
282284,1,2
282384,1,2
282484,1,2
282584,1,2
282684,1,2
282784,1,2
282884,1,2
282984,1,2
283084,1,2
283184,1,2
283284,1,2
283384,1,2
283484,1,2
283584,1,2
283684,1,2
283784,1,2
283884,1,2
283984,1,2
284084,1,2
284184,1,2
284284,1,2
284384,1,2
284484,1,2
284584,1,2
284684,1,2
284784,1,2
284884,1,2
284984,1,2
285084,1,2
285184,1,2
285284,1,2
285384,1,2
285484,1,2
285584,0,0
285684,0,0
285784,0,0
285884,0,0
285984,0,0
286084,0,0
286184,0,0
286284,0,0
286384,0,0
286484,0,0
286584,0,0
286684,0,0
286784,0,0
286884,0,0
286984,0,0
287084,0,0
287184,0,0
287284,0,0
287384,0,0
287484,0,0
287584,0,0
287684,0,0
287784,0,0
287884,0,0
287984,0,0
288084,0,0
288184,0,0
288284,0,0
288384,0,0
288484,0,0
288584,0,0
288684,0,0
288784,0,0
288884,0,0
288984,0,0
289084,0,0
289184,0,0
289284,0,0
289384,0,0
289484,0,0
289584,0,0
289684,0,0
289784,0,0
289884,0,0
289984,0,0
290084,0,0
290184,0,0
290284,0,0
290384,0,0
290484,0,0
290584,0,0
290684,0,0
290784,0,0
290884,0,0
290984,0,0
291084,0,0
291184,0,0
291284,0,0
291384,0,0
291484,0,0
291584,0,0
291684,0,0
291784,0,0
291884,0,0
291984,0,0
292084,0,0
292184,0,0
292284,0,0
292384,0,0
292484,0,0
292584,0,0
292684,0,0
292784,0,0
292884,0,0
292984,0,0
293084,0,0
293184,0,0
293284,0,0
293384,0,0
293484,0,0
293584,0,0
293684,0,0
293784,0,0
293884,0,0
293984,0,0
294084,0,0
294184,0,0
294284,0,0
294384,0,0
294484,0,0
294584,0,0
294684,0,0
294784,0,0
294884,0,0
294984,0,0
295084,0,0
295184,0,0
295284,0,0
295384,0,0
295484,0,0
295584,0,0
295684,0,0
295784,0,0
295884,0,0
295984,0,0
296084,0,0
296184,0,0
296284,0,0
296384,0,0
296484,0,0
296584,0,0
296684,0,0
296784,0,0
296884,0,0
296984,0,0
297084,0,0
297184,0,0
297284,0,0
297384,0,0
297484,0,0
297584,0,0
297684,0,0
297784,0,0
297884,0,0
297984,0,0
298084,0,0
298184,0,0
298284,0,0
298384,0,0
298484,0,0
298584,0,0
298684,0,0
298784,0,0
298884,0,0
298984,0,0
299084,0,0
299184,0,0
299284,0,0
299383,0,0
299483,0,0
299583,0,0
299683,0,0
299783,0,0
299883,0,0
300183,0,0
300283,0,1
300383,0,1
300483,0,1
300583,0,1
300683,0,1
300783,0,1
300883,0,1
300983,0,1
301083,0,1
301183,0,1
301283,0,1
301383,0,1
301483,0,1
301583,0,1
301683,0,1
301783,0,1
301883,0,1
301983,0,1
302083,0,1
302183,0,1
302283,0,1
302383,0,1
302483,0,1
302583,0,1
302683,0,1
302783,0,1
302883,0,1
302983,0,1
303083,0,1
303183,0,1
303283,0,1
303382,0,1
303482,0,1
303582,0,1
303682,0,1
303782,0,1
303882,0,1
303982,0,1
304082,0,1
304210,0,0
304310,0,0
304410,0,0
304644,0,0
304744,0,1
304844,0,1
304944,0,1
305052,0,1
305152,1,2
305252,1,2
305352,1,2
305452,1,2
305552,1,2
305652,1,2
305752,1,2
305852,1,2
305952,1,2
306052,1,2
306152,1,2
306252,1,2
306352,1,2
306452,1,2
306552,1,2
306652,1,2
306752,1,2
306852,1,2
306952,1,2
307052,1,2
307152,1,2
307252,1,2
307352,1,2
307453,1,2
307553,1,2
307653,1,2
307753,1,2
307853,1,2
307953,1,2
308054,1,2
308154,1,2
308254,1,2
308354,1,2
308454,1,2
308554,1,2
308654,1,2
308754,1,2
308854,1,2
308954,1,2
309054,1,2
309154,1,2
309254,1,2
309354,1,2
309454,1,2
309554,1,2
309654,1,2
309754,1,2
309854,1,2
309954,1,2
310054,1,2
310154,1,2
310254,1,2
310354,1,2
310454,1,2
310554,1,2
310654,1,2
310754,1,2
310854,1,2
310955,1,2
311055,1,2
311155,1,2
311255,1,2
311355,1,2
311455,1,2
311555,1,2
311655,1,2
311755,1,2
311855,1,2
311955,1,2
312055,1,2
312155,1,2
312255,1,2
312355,1,2
312455,1,2
312555,1,2
312655,1,2
312755,1,2
312855,1,2
312955,1,2
313055,1,2
313155,1,2
313255,1,2
313355,1,2
313455,1,2
313555,1,2
313669,1,2
313769,1,2
313869,1,2
313969,1,2
314070,1,2
314170,1,2
314270,1,2
314370,1,2
314470,1,2
314570,1,2
314670,1,2
314770,1,2
314870,1,2
314970,1,2
315070,1,2
315170,1,2
315270,1,2
315370,1,2
315457,1,2
315557,1,2
315657,1,2
315757,1,2
315857,1,2
315957,1,2
316057,1,2
316157,1,2
316257,1,2
316357,1,2
316457,1,2
316557,1,2
316657,1,2
316757,1,2
316857,1,2
316958,1,2
317058,1,2
317158,1,2
317258,1,2
317358,1,2
317458,1,2
317558,1,2
317658,1,2
317758,1,2
317858,1,2
317958,1,2
318058,1,2
318158,1,2
318258,1,2
318358,1,2
318458,1,2
318558,1,2
318658,1,2
318758,1,2
318858,1,2
318958,1,2
319058,1,2
319158,1,2
319258,1,2
319358,1,2
319457,1,2
319557,1,2
319657,1,2
319757,1,2
319857,1,2
319957,1,2
320057,1,2
320157,1,2
320257,1,2
320357,1,2
320457,1,2
320557,1,2
320657,1,2
320757,1,2
320857,1,2
320957,1,2
321057,1,2
321157,1,2
321257,1,2
321357,1,2
321457,1,2
321557,1,2
321657,1,2
321757,1,2
321857,1,2
321957,1,2
322057,1,2
322157,1,2
322257,1,2
322357,1,2
322457,1,2
322557,1,2
322657,1,2
322757,1,2
322857,1,2
322957,1,2
323057,1,2
323157,1,2
323257,1,2
323357,1,2
323457,1,2
323557,1,2
323657,1,2
323757,1,2
323857,1,2
323957,1,2
324057,1,2
324157,1,2
324257,1,2
324357,1,2
324457,1,2
324557,1,2
324657,1,2
324757,1,2
324857,1,2
324957,1,2
325057,1,2
325157,1,2
325257,1,2
325357,1,2
325457,1,2
325557,1,2
325657,1,2
325757,1,2
325863,1,2
325963,1,2
326063,1,2
326163,1,2
326263,1,2
326363,1,2
326463,1,2
326563,1,2
326663,1,2
326763,1,2
326863,1,2
326963,1,2
327063,1,2
327163,1,2
327263,1,2
327363,1,2
327464,1,2
327564,1,2
327664,1,2
327764,1,2
327864,1,2
327964,1,2
328064,1,2
328164,1,2
328265,1,2
328365,1,2
328465,1,2
328565,1,2
328665,1,2
328765,1,2
328865,1,2
328965,1,2
329065,1,2
329165,1,2
329265,1,2
329365,1,2
329465,1,2
329565,1,2
329665,1,2
329765,1,2
329865,1,2
329965,1,2
330065,1,2
330165,1,2
330265,1,2
330365,1,2
330465,1,2
330565,1,2
330665,1,2
330765,1,2
330865,1,2
330965,1,2
331065,1,2
331166,1,2
331266,1,2
331366,1,2
331464,1,2
331564,1,2
331664,1,2
331764,1,2
331864,1,2
331964,1,2
332064,1,2
332164,1,2
332264,1,2
332364,1,2
332464,1,2
332564,1,2
332664,1,2
332764,1,2
332864,1,2
332964,1,2
333064,1,2
333164,1,2
333264,1,2
333364,1,2
333464,1,2
333564,1,2
333664,1,2
333764,1,2
333864,1,2
333964,1,2
334064,1,2
334164,1,2
334264,1,2
334364,1,2
334464,1,2
334564,1,2
334664,1,2
334764,1,2
334864,1,2
334964,1,2
335064,1,2
335164,1,2
335264,1,2
335364,1,2
335465,1,2
335565,1,2
335665,1,2
335765,1,2
335865,1,2
335965,1,2
336065,1,2
336165,1,2
336265,1,2
336365,1,2
336465,1,2
336565,1,2
336665,1,2
336765,1,2
336865,1,2
336965,1,2
337065,1,2
337165,1,2
337265,1,2
337365,1,2
337465,1,2
337565,1,2
337665,1,2
337765,1,2
337865,1,2
337965,1,2
338072,1,2
338172,1,2
338272,1,2
338372,1,2
338472,1,2
338572,1,2
338672,1,2
338772,1,2
338872,1,2
338973,1,2
339073,1,2
339173,1,2
339273,1,2
339373,1,2
339474,1,2
339574,1,2
339674,1,2
339774,1,2
339874,1,2
339974,1,2
340074,1,2
340174,1,2
340274,1,2
340374,1,2
340474,1,2
340574,1,2
340674,1,2
340774,1,2
340874,1,2
340974,1,2
341074,1,2
341174,1,2
341274,1,2
341374,1,2
341474,1,2
341574,1,2
341674,1,2
341774,1,2
341874,1,2
341974,1,2
342074,1,2
342174,1,2
342274,1,2
342374,1,2
342474,1,2
342574,1,2
342674,1,2
342774,1,2
342874,1,2
342974,1,2
343074,1,2
343174,1,2
343274,1,2
343374,1,2
343474,1,2
343574,1,2
343674,1,2
343774,1,2
343874,1,2
343974,1,2
344074,1,2
344174,1,2
344274,1,2
344374,1,2
344474,1,2
344574,1,2
344674,1,2
344774,1,2
344874,1,2
344974,1,2
345074,1,2
345174,1,2
345274,1,2
345374,1,2
345474,1,2
345574,1,2
345674,1,2
345774,1,2
345874,1,2
345974,1,2
346086,0,0
346186,0,0
346286,0,0
346386,0,0
346486,0,0
346586,0,0
346686,0,0
346786,0,0
346886,0,0
346986,0,0
347086,0,0
347186,0,0
347286,0,0
347386,0,0
347486,0,0
347586,0,0
347686,0,0
347786,0,0
347886,0,0
347986,0,0
348086,0,0
348186,0,0
348286,0,0
348386,0,0
348486,0,0
348586,0,0
348686,0,0
348786,0,0
348886,0,0
348986,0,0
349086,0,0
349186,0,0
349286,0,0
349386,0,0
349486,0,0
349586,0,0
349686,0,0
349786,0,0
349886,0,0
349986,0,0
350086,0,0
350186,0,0
350286,0,0
350386,0,0
350486,0,0
350586,0,0
350686,0,0
350786,0,0
350886,0,0
350986,0,0
351086,0,0
351186,0,0
351286,0,0
351386,0,0
351486,0,0
351586,0,0
351686,0,0
351786,0,0
351886,0,0
351986,0,0
352086,0,0
352186,0,0
352286,0,0
352386,0,0
352486,0,0
352586,0,0
352686,0,0
352786,0,0
352886,0,0
352986,0,0
353086,0,0
353186,0,0
353286,0,0
353386,0,0
353486,0,0
353586,0,0
353686,0,0
353786,0,0
353886,0,0
353986,0,0
354086,0,0
354186,0,0
354286,0,0
354386,0,0
354486,0,0
354586,0,0
354686,0,0
354786,0,0
354886,0,0
354986,0,0
355086,0,0
355186,0,0
355286,0,0
355398,0,0
355498,0,0
355598,0,0
355698,0,0
355798,0,0
355898,0,0
355998,0,0
356098,0,0
356198,0,0
356298,0,0
356398,0,0
356498,0,0
356598,0,0
356698,0,0
356798,0,0
356898,0,0
356998,0,0
357098,0,0
357198,0,0
357298,0,0
357398,0,0
357498,0,0
357598,0,0
357698,0,0
357798,0,0
357898,0,0
357998,0,0
358098,0,0
358198,0,0
358298,0,0
358398,0,0
358511,0,0
358611,0,0
358711,0,0
358811,0,0
358912,0,0
359012,0,0
359112,0,0
359212,0,0
359312,0,0
359412,0,0
359512,0,0
359612,0,0
359712,0,0
359812,0,0
359912,0,0
360012,0,0
360112,0,0
360212,0,0
360312,0,0
360412,0,0
360512,0,0
360612,0,0
360712,0,0
360812,0,0
360912,0,0
361012,0,0
361112,0,0
361212,0,0
361312,0,0
361412,0,0
361512,0,0
361612,0,0
361712,0,0
361813,0,0
361913,0,0
362013,0,0
362113,0,0
362213,0,0
362313,0,0
362413,0,0
362513,0,0
362613,0,0
362713,0,0
362813,0,0
362913,0,0
363013,0,0
363587,0,0
363483,0,1
363583,0,1
363683,0,1
363783,0,1
363883,0,1
363983,0,1
364084,0,1
364184,0,1
364284,0,1
364384,0,1
364484,0,1
364584,0,1
364684,0,1
364784,0,1
364884,0,1
364984,0,1
365084,0,1
365184,0,1
365284,0,1
365384,0,1
365484,0,1
365584,0,1
365684,0,1
365784,0,1
365884,0,1
365984,0,1
366084,0,1
366184,0,1
366284,0,1
366384,0,1
366484,0,1
366584,0,1
366684,0,1
366784,0,1
366884,0,1
366985,0,1
367085,0,1
367185,0,1
367483,0,1
367613,0,0
367713,0,0
367813,0,0
367913,0,0
368013,0,0
368113,0,0
368213,0,0
368313,0,0
368413,0,0
368513,0,0
368613,0,0
368713,0,0
368813,0,0
368913,0,0
369013,0,0
369113,0,0
369213,0,0
369313,0,0
369413,0,0
369513,0,0
369613,0,0
369713,0,0
369813,0,0
369914,0,0
370014,0,0
370114,0,0
370214,0,0
370314,0,0
370414,0,0
370514,0,0
370614,0,0
370714,0,0
370814,0,0
370914,0,0
371014,0,0
371114,0,0
371214,0,0
371314,0,0
371417,0,0
371517,0,0
371617,0,0
371717,0,0
371817,0,0
371917,0,0
372017,0,0
372117,0,0
372217,0,0
372317,0,0
372417,0,0
372517,0,0
372617,0,0
372717,0,0
372818,0,0
372918,0,0
373018,0,0
373118,0,0
373218,0,0
373318,0,0
373418,0,0
373518,0,0
373618,0,0
373718,0,0
373818,0,0
373918,0,0
374018,0,0
374118,0,0
374218,0,0
374318,0,0
374418,0,0
374518,0,0
374618,0,0
374718,0,0
374818,0,0
374918,0,0
375018,0,0
375118,0,0
375218,0,0
375318,0,0
375420,0,0
375520,0,0
375620,0,0
375721,0,0
375821,0,0
375921,0,0
376021,0,0
376121,0,0
376221,0,0
376321,0,0
376421,0,0
376521,0,0
376621,0,0
376721,0,0
376821,0,0
376921,0,0
377021,0,0
377121,0,0
377221,0,0
377321,0,0
377421,0,0
377521,0,0
377621,0,0
377721,0,0
377821,0,0
377921,0,0
378021,0,0
378121,0,0
378221,0,0
378321,0,0
378421,0,0
378521,0,0
378621,0,0
378721,0,0
378821,0,0
378921,0,0
379021,0,0
379121,0,0
379221,0,0
379321,0,0
379421,0,0
379521,0,0
379621,0,0
379721,0,0
379821,0,0
379921,0,0
380021,0,0
380121,0,0
380221,0,0
380321,0,0
380421,0,0
380521,0,0
380621,0,0
380721,0,0
380821,0,0
380921,0,0
381021,0,0
381121,0,0
381221,0,0
381321,0,0
381421,0,0
381521,0,0
381621,0,0
381721,0,0
381821,0,0
381921,0,0
382021,0,0
382121,0,0
382221,0,0
382321,0,0
382421,0,0
382521,0,0
382621,0,0
382721,0,0
382821,0,0
382921,0,0
383021,0,0
383121,0,0
383221,0,0
383321,0,0
383420,0,0
383520,0,0
383620,0,0
383720,0,0
383820,0,0
383920,0,0
384020,0,0
384120,0,0
384220,0,0
384320,0,0
384420,0,0
384520,0,0
384620,0,0
384720,0,0
384820,0,0
384920,0,0
385020,0,0
385120,0,0
385220,0,0
385320,0,0
385420,0,0
385520,0,0
385620,0,0
385720,0,0
385820,0,0
385920,0,0
386020,0,0
386120,0,0
386220,0,0
386320,0,0
386420,0,0
386520,0,0
386620,0,0
386720,0,0
386820,0,0
386920,0,0
387020,0,0
387120,0,0
387220,0,0
387320,0,0
387420,0,0
387519,0,0
387619,0,0
387719,0,0
387819,0,0
387919,0,0
388019,0,0
388119,0,0
388219,0,0
388319,0,0
388419,0,0
388519,0,0
388619,0,0
388719,0,0
388819,0,0
388919,0,0
389019,0,0
389119,0,0
389219,0,0
389319,0,0
389419,0,0
389519,0,0
389619,0,0
389719,0,0
389819,0,0
389919,0,0
390019,0,0
390119,0,0
390219,0,0
390319,0,0
390419,0,0
390519,0,0
390619,0,0
390719,0,0
390819,0,0
390919,0,0
391019,0,0
391119,0,0
391219,0,0
391319,0,0
391419,0,0
391520,0,0
391620,0,0
391720,0,0
391820,0,0
391920,0,0
392020,0,0
392120,0,0
392220,0,0
392320,0,0
392420,0,0
392520,0,0
392620,0,0
392720,0,0
392820,0,0
392920,0,0
393020,0,0
393120,0,0
393220,0,0
393320,0,0
393420,0,0
393520,0,0
393620,0,0
393720,0,0
393820,0,0
393920,0,0
394020,0,0
394120,0,0
394220,0,0
394320,0,0
394420,0,0
394520,0,0
394620,0,0
394720,0,0
394820,0,0
394920,0,0
395020,0,0
395120,0,0
395220,0,0
395320,0,0
395420,0,0
395520,0,0
395620,0,0
395720,0,0
395820,0,0
395920,0,0
396020,0,0
396120,0,0
396220,0,0
396320,0,0
396420,0,0
396520,0,0
396620,0,0
396720,0,0
396820,0,0
396920,0,0
397020,0,0
397120,0,0
397220,0,0
397320,0,0
397420,0,0
397520,0,0
397620,0,0
397720,0,0
397820,0,0
397920,0,0
398020,0,0
398120,0,0
398220,0,0
398320,0,0
398420,0,0
398520,0,0
398620,0,0
398720,0,0
398820,0,0
398920,0,0
399020,0,0
399120,0,0
399220,0,0
399320,0,0
399420,0,0
399520,0,0
399620,0,0
399720,0,0
399820,0,0
399920,0,0
400020,0,0
400120,0,0
400220,0,0
400320,0,0
400420,0,0
400520,0,0
400620,0,0
400720,0,0
400820,0,0
400920,0,0
401020,0,0
401120,0,0
401220,0,0
401320,0,0
401420,0,0
401520,0,0
401620,0,0
401720,0,0
401820,0,0
401920,0,0
402020,0,0
402120,0,0
402220,0,0
402320,0,0
402420,0,0
402520,0,0
402620,0,0
402720,0,0
402820,0,0
402920,0,0
403020,0,0
403120,0,0
403220,0,0
403320,0,0
403420,0,0
403520,0,0
403620,0,0
403720,0,0
403820,0,0
403920,0,0
404020,0,0
404120,0,0
404220,0,0
404320,0,0
404420,0,0
404520,0,0
404620,0,0
404720,0,0
404820,0,0
404920,0,0
405020,0,0
405120,0,0
405220,0,0
405320,0,0
405420,0,0
405520,0,0
405620,0,0
405720,0,0
405820,0,0
405920,0,0
406020,0,0
406120,0,0
406220,0,0
406320,0,0
406420,0,0
406520,0,0
406620,0,0
406720,0,0
406820,0,0
406920,0,0
407020,0,0
407120,0,0
407220,0,0
407320,0,0
407420,0,0
407520,0,0
407620,0,0
407720,0,0
407820,0,0
407920,0,0
408020,0,0
408120,0,0
408220,0,0
408320,0,0
408420,0,0
408520,0,0
408620,0,0
408720,0,0
408820,0,0
408920,0,0
409020,0,0
409120,0,0
409220,0,0
409320,0,0
409420,0,0
409520,0,0
409620,0,0
409720,0,0
409820,0,0
409920,0,0
410020,0,0
410120,0,0
410220,0,0
410320,0,0
410420,0,0
410520,0,0
410620,0,0
410720,0,0
410820,0,0
410920,0,0
411020,0,0
411120,0,0
411220,0,0
411320,0,0
411420,0,0
411520,0,0
411620,0,0
411720,0,0
411820,0,0
411920,0,0
412020,0,0
412120,0,0
412220,0,0
412320,0,0
412420,0,0
412520,0,0
412620,0,0
412720,0,0
412820,0,0
412920,0,0
413020,0,0
413120,0,0
413220,0,0
413320,0,0
413420,0,0
413520,0,0
413620,0,0
413720,0,0
413820,0,0
413920,0,0
414020,0,0
414120,0,0
414220,0,0
414320,0,0
414420,0,0
414520,0,0
414620,0,0
414720,0,0
414820,0,0
414920,0,0
415020,0,0
415120,0,0
415220,0,0
415320,0,0
415420,0,0
415520,0,0
415620,0,0
415720,0,0
415820,0,0
415920,0,0
416020,0,0
416120,0,0
416220,0,0
416320,0,0
416420,0,0
416520,0,0
416620,0,0
416720,0,0
416820,0,0
416920,0,0
417020,0,0
417120,0,0
417220,0,0
417320,0,0
417420,0,0
417520,0,0
417620,0,0
417720,0,0
417820,0,0
417920,0,0
418020,0,0
418120,0,0
418220,0,0
418320,0,0
418420,0,0
418520,0,0
418620,0,0
418720,0,0
418820,0,0
418920,0,0
419020,0,0
419120,0,0
419220,0,0
419320,0,0
419420,0,0
419520,0,0
419620,0,0
419720,0,0
419819,0,0
419919,0,0
420019,0,0
420119,0,0
420219,0,0
420319,0,0
420419,0,0
420519,0,0
420619,0,0
420719,0,0
420919,0,0
421019,0,1
421119,0,1
421219,0,1
421321,0,1
421421,1,2
421521,1,2
421621,1,2
421721,1,2
421821,1,2
421921,1,2
422021,1,2
422121,1,2
422221,1,2
422321,1,2
422421,1,2
422521,1,2
422621,1,2
422721,1,2
422821,1,2
422921,1,2
423021,1,2
423122,1,2
423222,1,2
423349,0,0
423449,0,0
423549,0,0
423649,0,0
423749,0,0
423847,0,0
423947,0,0
424047,0,0
424147,0,0
424247,0,0
424347,0,0
424447,0,0
424547,0,0
424647,0,0
424747,0,0
424847,0,0
424947,0,0
425047,0,0
425147,0,0
425247,0,0
425347,0,0
425844,0,0
425944,0,1
426044,0,1
426144,0,1
426244,0,1
426344,0,1
426444,0,1
426544,0,1
426644,0,1
426744,0,1
426844,0,1
426944,0,1
427045,0,1
427145,0,1
427245,0,1
427345,0,1
427445,0,1
427545,0,1
427645,0,1
427745,0,1
427846,0,1
427946,0,1
428046,0,1
428146,0,1
428246,0,1
428346,0,1
428446,0,1
428546,0,1
428646,0,1
428746,0,1
428846,0,1
428946,0,1
429046,0,1
429146,0,1
429246,0,1
429346,0,1
429446,0,1
429546,0,1
429646,0,1
429746,0,1
429873,0,0
429973,0,0
430073,0,0
430173,0,0
430477,0,0
430577,0,1
430677,0,1
430777,0,1
430877,0,1
430977,0,1
431077,0,1
431177,0,1
431277,0,1
431377,0,1
431477,0,1
431577,0,1
431677,0,1
431778,0,1
431878,0,1
431978,0,1
432078,0,1
432178,0,1
432278,0,1
432378,0,1
432478,0,1
432578,0,1
432679,0,1
432779,0,1
432879,0,1
432979,0,1
433079,0,1
433179,0,1
433279,0,1
433379,0,1
433479,0,1
433579,0,1
433679,0,1
433779,0,1
433879,0,1
433979,0,1
434079,0,1
434179,0,1
434279,0,1
434379,0,1
434506,0,0
434606,0,0
434706,0,0
434806,0,0
434906,0,0
435006,0,0
435106,0,0
435206,0,0
435306,0,0
435406,0,0
435506,0,0
435606,0,0
435706,0,0
435806,0,0
435906,0,0
436007,0,0
436107,0,0
436207,0,0
436307,0,0
436407,0,0
436507,0,0
436607,0,0
436707,0,0
436807,0,0
436907,0,0
437007,0,0
437107,0,0
437207,0,0
437307,0,0
437407,0,0
437507,0,0
437607,0,0
437707,0,0
437807,0,0
437907,0,0
438007,0,0
438107,0,0
438207,0,0
438307,0,0
438407,0,0
438507,0,0
438607,0,0
438707,0,0
438807,0,0
438907,0,0
439007,0,0
439107,0,0
439207,0,0
439307,0,0
439407,0,0
439507,0,0
439607,0,0
439707,0,0
439807,0,0
439907,0,0
440007,0,0
440107,0,0
440207,0,0
440307,0,0
440407,0,0
440507,0,0
440607,0,0
440707,0,0
440807,0,0
440907,0,0
441007,0,0
441107,0,0
441207,0,0
441307,0,0
441407,0,0
441507,0,0
441607,0,0
441707,0,0
441807,0,0
441907,0,0
442007,0,0
442107,0,0
442207,0,0
442307,0,0
442407,0,0
442507,0,0
442607,0,0
442707,0,0
442807,0,0
442907,0,0
443007,0,0
443107,0,0
443207,0,0
443307,0,0
443407,0,0
443507,0,0
443607,0,0
443707,0,0
443804,0,0
443904,0,0
444004,0,0
444104,0,0
444204,0,0
444304,0,0
444404,0,0
444504,0,0
444604,0,0
444704,0,0
444804,0,0
444904,0,0
445004,0,0
445104,0,0
445204,0,0
445304,0,0
445404,0,0
445504,0,0
445604,0,0
445704,0,0
445804,0,0
445904,0,0
446004,0,0
446104,0,0
446204,0,0
446304,0,0
446404,0,0
446504,0,0
446604,0,0
446704,0,0
446804,0,0
446904,0,0
447004,0,0
447104,0,0
447204,0,0
447304,0,0
447404,0,0
447504,0,0
447604,0,0
447704,0,0
447806,0,0
447906,0,0
448006,0,0
448106,0,0
448206,0,0
448306,0,0
448406,0,0
448506,0,0
448606,0,0
448706,0,0
448806,0,0
448906,0,0
449006,0,0
449106,0,0
449206,0,0
449306,0,0
449406,0,0
449506,0,0
449606,0,0
449706,0,0
449806,0,0
449906,0,0
450006,0,0
450106,0,0
450206,0,0
450306,0,0
450406,0,0
450506,0,0
450606,0,0
450706,0,0
450806,0,0
450906,0,0
451006,0,0
451106,0,0
451206,0,0
451306,0,0
451406,0,0
451506,0,0
451606,0,0
451706,0,0
451806,0,0
451906,0,0
452006,0,0
452106,0,0
452206,0,0
452306,0,0
452406,0,0
452506,0,0
452606,0,0
452706,0,0
452806,0,0
452906,0,0
453006,0,0
453106,0,0
453206,0,0
453306,0,0
453406,0,0
453506,0,0
453606,0,0
453706,0,0
453806,0,0
453906,0,0
454006,0,0
454106,0,0
454206,0,0
454306,0,0
454406,0,0
454506,0,0
454606,0,0
454706,0,0
454806,0,0
454906,0,0
455006,0,0
455106,0,0
455206,0,0
455306,0,0
455406,0,0
455506,0,0
455606,0,0
455706,0,0
455806,0,0
455895,0,0
455995,0,0
456095,0,0
456195,0,0
456295,0,0
456395,0,0
456495,0,0
456595,0,0
456695,0,0
456795,0,0
456895,0,0
456995,0,0
457095,0,0
457195,0,0
457295,0,0
457395,0,0
457495,0,0
457595,0,0
457695,0,0
457795,0,0
457895,0,0
457995,0,0
458095,0,0
458195,0,0
458295,0,0
458395,0,0
458495,0,0
458595,0,0
458695,0,0
458795,0,0
458895,0,0
458995,0,0
459095,0,0
459195,0,0
459295,0,0
459395,0,0
459495,0,0
459595,0,0
459695,0,0
459795,0,0
459895,0,0
459995,0,0
460095,0,0
460195,0,0
460295,0,0
460395,0,0
460495,0,0
460595,0,0
460695,0,0
460795,0,0
460895,0,0
460995,0,0
461095,0,0
461195,0,0
461295,0,0
461395,0,0
461495,0,0
461595,0,0
461695,0,0
461795,0,0
461895,0,0
461995,0,0
462095,0,0
462195,0,0
462295,0,0
462395,0,0
462495,0,0
462595,0,0
462695,0,0
462795,0,0
462895,0,0
462995,0,0
463095,0,0
463195,0,0
463295,0,0
463395,0,0
463495,0,0
463595,0,0
463695,0,0
463795,0,0
463895,0,0
463995,0,0
464095,0,0
464195,0,0
464295,0,0
464395,0,0
464495,0,0
464595,0,0
464695,0,0
464795,0,0
464895,0,0
464995,0,0
465095,0,0
465195,0,0
465295,0,0
465395,0,0
465495,0,0
465595,0,0
465695,0,0
465795,0,0
465895,0,0
465995,0,0
466095,0,0
466195,0,0
466295,0,0
466395,0,0
466495,0,0
466595,0,0
466695,0,0
466795,0,0
466895,0,0
466995,0,0
467095,0,0
467195,0,0
467295,0,0
467395,0,0
467495,0,0
467595,0,0
467695,0,0
467795,0,0
467895,0,0
467995,0,0
468095,0,0
468195,0,0
468295,0,0
468395,0,0
468495,0,0
468595,0,0
468695,0,0
468795,0,0
468895,0,0
468995,0,0
469095,0,0
469195,0,0
469295,0,0
469395,0,0
469495,0,0
469595,0,0
469695,0,0
469795,0,0
469895,0,0
469995,0,0
470095,0,0
470195,0,0
470295,0,0
470395,0,0
470495,0,0
470595,0,0
470695,0,0
470795,0,0
470895,0,0
470995,0,0
471095,0,0
471195,0,0
471295,0,0
471395,0,0
471495,0,0
471595,0,0
471695,0,0
471795,0,0
471895,0,0
471995,0,0
472095,0,0
472195,0,0
472295,0,0
472395,0,0
472495,0,0
472595,0,0
472695,0,0
472795,0,0
472895,0,0
472995,0,0
473095,0,0
473195,0,0
473295,0,0
473395,0,0
473495,0,0
473595,0,0
473695,0,0
473795,0,0
473895,0,0
473995,0,0
474095,0,0
474195,0,0
474295,0,0
474395,0,0
474495,0,0
474595,0,0
474695,0,0
474795,0,0
474895,0,0
475060,0,0
475160,0,1
475260,0,1
475360,0,1
475460,1,2
475560,1,2
475660,1,2
475761,1,2
475872,1,2
475972,1,2
476072,1,2
476172,1,2
476272,1,2
476372,1,2
476472,1,2
476572,1,2
476672,1,2
476772,1,2
476872,1,2
476972,1,2
477072,1,2
477172,1,2
477272,1,2
477372,1,2
477496,0,0
477596,0,0
477696,0,0
477796,0,0
477896,0,0
477996,0,0
478096,0,0
478196,0,0
478296,0,0
478396,0,0
478496,0,0
478596,0,0
478696,0,0
478796,0,0
478896,0,0
478996,0,0
479096,0,0
479196,0,0
479296,0,0
479396,0,0
479496,0,0
479639,0,0
479740,0,1
479840,0,1
479940,0,1
480040,0,1
480140,0,1
480240,0,1
480340,0,1
480440,0,1
480540,0,1
480640,0,1
480740,0,1
480840,0,1
480940,0,1
481040,0,1
481140,0,1
481240,0,1
481340,0,1
481440,0,1
481540,0,1
481640,0,1
481740,0,1
481840,0,1
481940,0,1
482040,0,1
482140,0,1
482240,0,1
482340,0,1
482440,0,1
482540,0,1
482641,0,1
482741,0,1
482841,0,1
482941,0,1
483041,0,1
483141,0,1
483241,0,1
483341,0,1
483441,0,1
483541,0,1
483668,0,0
483768,0,0
483868,0,0
483968,0,0
484068,0,0
484168,0,0
484268,0,0
484368,0,0
484634,0,0
484734,0,1
484834,0,1
484934,0,1
485034,0,1
485134,0,1
485234,0,1
485334,0,1
485434,0,1
485534,0,1
485634,0,1
485734,0,1
485834,0,1
485934,0,1
486034,0,1
486134,0,1
486234,0,1
486334,0,1
486434,0,1
486534,0,1
486634,0,1
486734,0,1
486834,0,1
486934,0,1
487034,0,1
487134,0,1
487234,0,1
487334,0,1
487434,0,1
487534,0,1
487634,0,1
487734,0,1
487833,0,1
487933,0,1
488033,0,1
488133,0,1
488233,0,1
488333,0,1
488433,0,1
488533,0,1
488633,0,1
488733,0,0
488833,0,0
488933,0,0
489033,0,0
489133,0,0
489233,0,0
489333,0,0
489433,0,0
489533,0,0
489633,0,0
489733,0,0
489833,0,0
489933,0,0
490033,0,0
490133,0,0
490233,0,0
490333,0,0
490433,0,0
490533,0,0
490633,0,0
490733,0,0
490833,0,0
490933,0,0
491033,0,0
491133,0,0
491233,0,0
491333,0,0
491433,0,0
491533,0,0
491633,0,0
491733,0,0
491833,0,0
491933,0,0
492033,0,0
492133,0,0
492233,0,0
492333,0,0
492433,0,0
492533,0,0
492633,0,0
492733,0,0
492833,0,0
492933,0,0
493033,0,0
493133,0,0
493233,0,0
493333,0,0
493433,0,0
493533,0,0
493633,0,0
493733,0,0
493833,0,0
493933,0,0
494033,0,0
494133,0,0
494233,0,0
494333,0,0
494433,0,0
494533,0,0
494633,0,0
494733,0,0
494833,0,0
494933,0,0
495033,0,0
495133,0,0
495233,0,0
495333,0,0
495433,0,0
495533,0,0
495633,0,0
495733,0,0
495833,0,0
495933,0,0
496033,0,0
496133,0,0
496233,0,0
496333,0,0
496433,0,0
496533,0,0
496633,0,0
496733,0,0
496833,0,0
496933,0,0
497033,0,0
497133,0,0
497233,0,0
497333,0,0
497433,0,0
497533,0,0
497633,0,0
497733,0,0
497833,0,0
497933,0,0
498033,0,0
498133,0,0
498233,0,0
498333,0,0
498433,0,0
498533,0,0
498633,0,0
498733,0,0
498833,0,0
498933,0,0
499033,0,0
499133,0,0
499233,0,0
499333,0,0
499433,0,0
499533,0,0
499633,0,0
499733,0,0
499833,0,0
499933,0,0
500033,0,0
500133,0,0
500233,0,0
500333,0,0
500433,0,0
500533,0,0
500633,0,0
500733,0,0
500833,0,0
500933,0,0
501033,0,0
501133,0,0
501233,0,0
501333,0,0
501433,0,0
501533,0,0
501633,0,0
501733,0,0
501833,0,0
501933,0,0
502033,0,0
502133,0,0
502233,0,0
502333,0,0
502433,0,0
502533,0,0
502633,0,0
502733,0,0
502833,0,0
502933,0,0
503033,0,0
503133,0,0
503233,0,0
503333,0,0
503433,0,0
503533,0,0
503633,0,0
503733,0,0
503833,0,0
503933,0,0
504033,0,0
504133,0,0
504233,0,0
504333,0,0
504433,0,0
504533,0,0
504633,0,0
504733,0,0
504833,0,0
504933,0,0
505033,0,0
505133,0,0
505233,0,0
505333,0,0
505433,0,0
505533,0,0
505633,0,0
505733,0,0
505833,0,0
505933,0,0
506033,0,0
506133,0,0
506233,0,0
506333,0,0
506433,0,0
506533,0,0
506633,0,0
506733,0,0
506833,0,0
506933,0,0
507033,0,0
507133,0,0
507233,0,0
507333,0,0
507433,0,0
507533,0,0
507633,0,0
507733,0,0
507833,0,0
507933,0,0
508033,0,0
508133,0,0
508233,0,0
508333,0,0
508433,0,0
508533,0,0
508633,0,0
508733,0,0
508833,0,0
508933,0,0
509033,0,0
509133,0,0
509233,0,0
509333,0,0
509433,0,0
509533,0,0
509633,0,0
509733,0,0
509833,0,0
509933,0,0
510033,0,0
510133,0,0
510233,0,0
510333,0,0
510433,0,0
510533,0,0
510633,0,0
510733,0,0
510833,0,0
510933,0,0
511033,0,0
511133,0,0
511233,0,0
511333,0,0
511433,0,0
511533,0,0
511633,0,0
511733,0,0
511833,0,0
511933,0,0
512033,0,0
512133,0,0
512233,0,0
512333,0,0
512433,0,0
512533,0,0
512633,0,0
512733,0,0
512833,0,0
512933,0,0
513033,0,0
513133,0,0
513233,0,0
513333,0,0
513433,0,0
513533,0,0
513633,0,0
513733,0,0
513833,0,0
513933,0,0
514033,0,0
514133,0,0
514233,0,0
514333,0,0
514433,0,0
514533,0,0
514633,0,0
514733,0,0
514833,0,0
514933,0,0
515033,0,0
515133,0,0
515233,0,0
515333,0,0
515433,0,0
515533,0,0
515633,0,0
515733,0,0
515833,0,0
515933,0,0
516033,0,0
516133,0,0
516233,0,0
516333,0,0
516433,0,0
516533,0,0
516633,0,0
516733,0,0
516833,0,0
516933,0,0
517033,0,0
517133,0,0
517233,0,0
517333,0,0
517433,0,0
517533,0,0
517633,0,0
517733,0,0
517833,0,0
517933,0,0
518033,0,0
518133,0,0
518233,0,0
518333,0,0
518433,0,0
518533,0,0
518633,0,0
518733,0,0
518833,0,0
518933,0,0
519033,0,0
519133,0,0
519233,0,0
519333,0,0
519433,0,0
519533,0,0
519633,0,0
519733,0,0
519833,0,0
519933,0,0
520033,0,0
520133,0,0
520233,0,0
520333,0,0
520433,0,0
520533,0,0
520633,0,0
520733,0,0
520833,0,0
520933,0,0
521033,0,0
521133,0,0
521233,0,0
521333,0,0
521433,0,0
521533,0,0
521633,0,0
521733,0,0
521833,0,0
521933,0,0
522033,0,0
522133,0,0
522233,0,0
522333,0,0
522433,0,0
522533,0,0
522633,0,0
522733,0,0
522833,0,0
522933,0,0
523033,0,0
523133,0,0
523233,0,0
523333,0,0
523433,0,0
523533,0,0
523633,0,0
523733,0,0
523833,0,0
523933,0,0
524033,0,0
524133,0,0
524233,0,0
524333,0,0
524433,0,0
524533,0,0
524633,0,0
524733,0,0
524833,0,0
524933,0,0
525033,0,0
525133,0,0
525233,0,0
525333,0,0
525433,0,0
525533,0,0
525633,0,0
525733,0,0
525833,0,0
525933,0,0
526033,0,0
526133,0,0
526233,0,0
526333,0,0
526433,0,0
526533,0,0
526633,0,0
526733,0,0
526833,0,0
526933,0,0
527033,0,0
527133,0,0
527233,0,0
527333,0,0
527433,0,0
527533,0,0
527633,0,0
527733,0,0
527833,0,0
527933,0,0
528033,0,0
528133,0,0
528233,0,0
528333,0,0
528433,0,0
528533,0,0
528633,0,0
528733,0,0
528833,0,0
528933,0,0
529033,0,0
529133,0,0
529233,0,0
529333,0,0
529433,0,0
529533,0,0
529633,0,0
529733,0,0
529833,0,0
529933,0,0
530033,0,0
530133,0,0
530233,0,0
530333,0,0
530433,0,0
530533,0,0
530633,0,0
530733,0,0
530833,0,0
530933,0,0
531033,0,0
531133,0,0
531233,0,0
531333,0,0
531433,0,0
531533,0,0
531633,0,0
531733,0,0
531833,0,0
531933,0,0
532033,0,0
532133,0,0
532233,0,0
532333,0,0
532433,0,0
532533,0,0
532633,0,0
532733,0,0
532833,0,0
532933,0,0
533033,0,0
533132,0,0
533232,0,0
533332,0,0
533432,0,0
533937,0,0
534037,0,1
534138,0,1
534238,0,1
534338,0,1
534438,0,1
534538,0,1
534638,0,1
534738,0,1
534838,0,1
534938,0,1
535038,0,1
535138,0,1
535238,0,1
535338,0,1
535438,0,1
535538,0,1
535638,0,1
535738,0,1
535838,0,1
535938,0,1
536038,0,1
536138,0,1
536238,0,1
536338,0,1
536438,0,1
536538,0,1
536638,0,1
536738,0,1
536838,0,1
536938,0,1
537039,0,1
537139,0,1
537239,0,1
537339,0,1
537439,0,1
537539,0,1
537639,0,1
537739,0,1
537839,0,1
537965,0,0
538065,0,0
538165,0,0
538265,0,0
538365,0,0
538465,0,0
538565,0,0
538665,0,0
538765,0,0
538865,0,0
538965,0,0
539065,0,0
539165,0,0
539265,0,0
539365,0,0
539465,0,0
539565,0,0
539665,0,0
539765,0,0
539865,0,0
539965,0,0
540065,0,0
540165,0,0
540265,0,0
540365,0,0
540465,0,0
540565,0,0
540666,0,0
540766,0,0
540866,0,0
540966,0,0
541066,0,0
541166,0,0
541266,0,0
541366,0,0
541466,0,0
541566,0,0
541666,0,0
541766,0,0
541866,0,0
541966,0,0
542066,0,0
542166,0,0
542266,0,0
542366,0,0
542466,0,0
542566,0,0
542666,0,0
542766,0,0
542866,0,0
542966,0,0
543066,0,0
543166,0,0
543266,0,0
543366,0,0
543466,0,0
543567,0,0
543667,0,0
543767,0,0
543867,0,0
543967,0,0
544067,0,0
544167,0,0
544267,0,0
544367,0,0
544467,0,0
544567,0,0
544667,0,0
544767,0,0
544867,0,0
544967,0,0
545067,0,0
545167,0,0
545267,0,0
545367,0,0
545467,0,0
545567,0,0
545667,0,0
545767,0,0
545867,0,0
545967,0,0
546067,0,0
546167,0,0
546267,0,0
546367,0,0
546468,0,0
546568,0,0
546668,0,0
546768,0,0
546868,0,0
546968,0,0
547068,0,0
547168,0,0
547268,0,0
547368,0,0
547468,0,0
547568,0,0
547668,0,0
547768,0,0
547868,0,0
547968,0,0
548068,0,0
548168,0,0
548268,0,0
548368,0,0
548468,0,0
548568,0,0
548668,0,0
548768,0,0
548868,0,0
548968,0,0
549068,0,0
549167,0,0
549267,0,0
549367,0,0
549467,0,0
549567,0,0
549667,0,0
549767,0,0
549867,0,0
549967,0,0
550067,0,0
550167,0,0
550267,0,0
550367,0,0
550467,0,0
550567,0,0
550667,0,0
550767,0,0
550867,0,0
550967,0,0
551067,0,0
551167,0,0
551267,0,0
551367,0,0
551467,0,0
551567,0,0
551667,0,0
551767,0,0
551867,0,0
551967,0,0
552067,0,0
552167,0,0
552267,0,0
552367,0,0
552467,0,0
552567,0,0
552667,0,0
552767,0,0
552867,0,0
552967,0,0
553067,0,0
553167,0,0
553267,0,0
553367,0,0
553467,0,0
553567,0,0
553667,0,0
553767,0,0
553867,0,0
553967,0,0
554067,0,0
554167,0,0
554267,0,0
554367,0,0
554467,0,0
554567,0,0
554667,0,0
554767,0,0
554867,0,0
554967,0,0
555067,0,0
555167,0,0
555267,0,0
555367,0,0
555467,0,0
555567,0,0
555667,0,0
555767,0,0
555867,0,0
555967,0,0
556067,0,0
556167,0,0
556267,0,0
556367,0,0
556467,0,0
556567,0,0
556667,0,0
556767,0,0
556867,0,0
556967,0,0
557067,0,0
557167,0,0
557267,0,0
557367,0,0
557467,0,0
557567,0,0
557667,0,0
557767,0,0
557867,0,0
557967,0,0
558067,0,0
558167,0,0
558267,0,0
558367,0,0
558467,0,0
558567,0,0
558667,0,0
558767,0,0
558867,0,0
558967,0,0
559067,0,0
559167,0,0
559267,0,0
559367,0,0
559467,0,0
559567,0,0
559667,0,0
559767,0,0
559867,0,0
559967,0,0
560067,0,0
560167,0,0
560267,0,0
560367,0,0
560467,0,0
560567,0,0
560667,0,0
560767,0,0
560867,0,0
560967,0,0
561067,0,0
561167,0,0
561267,0,0
561367,0,0
561467,0,0
561567,0,0
561667,0,0
561767,0,0
561867,0,0
561967,0,0
562067,0,0
562167,0,0
562267,0,0
562367,0,0
562467,0,0
562567,0,0
562667,0,0
562767,0,0
562867,0,0
562967,0,0
563067,0,0
563167,0,0
563267,0,0
563367,0,0
563467,0,0
563567,0,0
563667,0,0
563767,0,0
563867,0,0
563967,0,0
564067,0,0
564167,0,0
564267,0,0
564367,0,0
564467,0,0
564567,0,0
564667,0,0
564767,0,0
564867,0,0
564967,0,0
565067,0,0
565166,0,0
565266,0,0
565366,0,0
565466,0,0
565566,0,0
565666,0,0
565766,0,0
565866,0,0
565966,0,0
566066,0,0
566166,0,0
566266,0,0
566366,0,0
566466,0,0
566566,0,0
566666,0,0
566766,0,0
566866,0,0
566966,0,0
567066,0,0
567166,0,0
567266,0,0
567366,0,0
567466,0,0
567566,0,0
567666,0,0
567766,0,0
567866,0,0
567966,0,0
568066,0,0
568166,0,0
568266,0,0
568366,0,0
568466,0,0
568566,0,0
568666,0,0
568766,0,0
568866,0,0
568966,0,0
569066,0,0
569167,0,0
569267,0,0
569367,0,0
569467,0,0
569567,0,0
569667,0,0
569767,0,0
569867,0,0
569967,0,0
570067,0,0
570167,0,0
570267,0,0
570367,0,0
570467,0,0
570567,0,0
570667,0,0
570767,0,0
570867,0,0
570967,0,0
571067,0,0
571167,0,0
571267,0,0
571367,0,0
571467,0,0
571567,0,0
571667,0,0
571767,0,0
571867,0,0
571967,0,0
572067,0,0
572167,0,0
572267,0,0
572367,0,0
572467,0,0
572567,0,0
572667,0,0
572767,0,0
572867,0,0
572967,0,0
573067,0,0
573166,0,0
573266,0,0
573366,0,0
573466,0,0
573566,0,0
573666,0,0
573766,0,0
573866,0,0
573966,0,0
574066,0,0
574166,0,0
574266,0,0
574366,0,0
574466,0,0
574566,0,0
574666,0,0
574766,0,0
574866,0,0
574966,0,0
575066,0,0
575166,0,0
575266,0,0
575366,0,0
575466,0,0
575566,0,0
575666,0,0
575766,0,0
575989,0,0
576089,0,0
576189,0,0
576290,0,0
576390,0,0
576490,0,0
576590,0,0
576690,0,0
576790,0,0
576890,0,0
576990,0,0
577090,0,0
577190,0,0
577290,0,0
577390,0,0
577490,0,0
577590,0,0
577690,0,0
577790,0,0
577890,0,0
577990,0,0
578090,0,0
578190,0,0
578290,0,0
578390,0,0
578490,0,0
578590,0,0
578690,0,0
578790,0,0
578890,0,0
578990,0,0
579090,0,0
579190,0,0
579290,0,0
579390,0,0
579490,0,0
579590,0,0
579690,0,0
579790,0,0
579890,0,0
579990,0,0
580090,0,0
580190,0,0
580290,0,0
580390,0,0
580490,0,0
580590,0,0
580690,0,0
580790,0,0
580890,0,0
580990,0,0
581090,0,0
581190,0,0
581290,0,0
581390,0,0
581490,0,0
581590,0,0
581690,0,0
581790,0,0
581890,0,0
581990,0,0
582090,0,0
582190,0,0
582290,0,0
582390,0,0
582490,0,0
582590,0,0
582690,0,0
582790,0,0
582890,0,0
582990,0,0
583090,0,0
583190,0,0
583290,0,0
583390,0,0
583490,0,0
583590,0,0
583690,0,0
583790,0,0
583890,0,0
583990,0,0
584090,0,0
584190,0,0
584290,0,0
584390,0,0
584490,0,0
584590,0,0
584690,0,0
584790,0,0
584890,0,0
584990,0,0
585090,0,0
585190,0,0
585290,0,0
585390,0,0
585490,0,0
585590,0,0
585690,0,0
585790,0,0
585890,0,0
585990,0,0
586090,0,0
586190,0,0
586290,0,0
586390,0,0
586490,0,0
586590,0,0
586690,0,0
586790,0,0
586890,0,0
586990,0,0
587090,0,0
587190,0,0
587290,0,0
587390,0,0
587490,0,0
587590,0,0
587690,0,0
587790,0,0
587890,0,0
587990,0,0
588090,0,0
588190,0,0
588290,0,0
588390,0,0
588490,0,0
588590,0,0
588690,0,0
588790,0,0
588890,0,0
588990,0,0
589090,0,0
589190,0,0
589290,0,0
589390,0,0
589490,0,0
589590,0,0
589690,0,0
589790,0,0
589890,0,0
589990,0,0
590090,0,0
590190,0,0
590290,0,0
590390,0,0
590490,0,0
590590,0,0
590690,0,0
590790,0,0
590890,0,0
590990,0,0
591090,0,0
591190,0,0
591290,0,0
591390,0,0
591490,0,0
591590,0,0
591690,0,0
591790,0,0
591890,0,0
591990,0,0
592090,0,0
592190,0,0
592290,0,0
592390,0,0
592490,0,0
592590,0,0
592690,0,0
592790,0,0
592890,0,0
592990,0,0
593090,0,0
593190,0,0
593290,0,0
593390,0,0
593490,0,0
593590,0,0
593690,0,0
593790,0,0
593890,0,0
593990,0,0
594090,0,0
594190,0,0
594290,0,0
594390,0,0
594490,0,0
594590,0,0
594690,0,0
594790,0,0
594890,0,0
594990,0,0
595090,0,0
595190,0,0
595290,0,0
595390,0,0
595490,0,0
595590,0,0
595690,0,0
595790,0,0
595890,0,0
595990,0,0
596090,0,0
596190,0,0
596290,0,0
596390,0,0
596490,0,0
596590,0,0
596690,0,0
596790,0,0
596890,0,0
596990,0,0
597090,0,0
597190,0,0
597290,0,0
597390,0,0
597490,0,0
597590,0,0
597690,0,0
597790,0,0
597890,0,0
597990,0,0
598090,0,0
598190,0,0
598290,0,0
598390,0,0
598490,0,0
598590,0,0
598690,0,0
598790,0,0
598890,0,0
598990,0,0
599090,0,0
599190,0,0
599290,0,0
599390,0,0
599490,0,0
599590,0,0
