p:1000,20000,6000,600,2000,1000,2000,6000,100
1035,packet,1,0,0,0,40,8000
1049,event,0,0
1061,action,0,0
2034,packet,1,0,0,0,39,8000
2048,event,0,1
3036,packet,1,0,0,0,39,8000
3049,event,0,1
4035,packet,1,0,0,0,39,8000
4049,event,0,1
5035,packet,1,0,0,0,40,8000
5050,event,0,1
6036,packet,1,0,0,0,40,8000
6050,event,0,1
7036,packet,1,0,0,0,40,8000
7051,event,0,1
8038,packet,1,0,0,0,39,8000
8051,event,0,1
9037,packet,1,0,0,0,39,8000
9052,event,0,1
10039,packet,1,0,0,0,39,8000
10062,event,0,1
11038,packet,1,0,0,0,39,8000
11052,event,0,1
12040,packet,1,0,0,0,39,8000
12053,event,0,1
13039,packet,1,0,0,0,39,8000
13053,event,0,1
14039,packet,1,0,0,0,39,8000
14054,event,0,1
15041,packet,1,0,0,0,39,8000
15054,event,0,1
16040,packet,1,0,0,0,39,8000
16055,event,0,1
17042,packet,1,0,0,0,39,8000
17055,event,0,1
18041,packet,1,0,0,0,39,8000
18056,event,0,1
19046,packet,1,0,0,0,39,8000
19060,event,0,1
20042,packet,1,0,0,0,39,8000
20056,event,0,1
21044,packet,1,0,0,0,39,8000
21057,event,0,1
22043,packet,1,0,0,0,39,8000
22057,event,0,1
23043,packet,1,0,0,0,39,8000
23068,event,0,1
24045,packet,1,0,0,0,39,8000
24058,event,0,1
25044,packet,1,0,0,0,39,8000
25059,event,0,1
26046,packet,1,0,0,0,39,8000
26059,event,0,1
27045,packet,1,0,0,0,39,8000
27060,event,0,1
28046,packet,1,0,0,0,39,8000
28060,event,0,1
29046,packet,1,0,0,0,39,8000
29060,event,0,1
30047,packet,1,0,0,0,39,8000
30061,event,0,1
31048,packet,1,0,0,0,39,8000
31061,event,0,1
32047,packet,1,0,0,0,39,8000
32062,event,0,1
33049,packet,1,0,0,0,39,8000
33062,event,0,1
34048,packet,1,0,0,0,39,8000
34063,event,0,1
35049,packet,1,0,0,0,39,8000
35063,event,0,1
36063,packet,1,0,0,0,39,8000
36077,event,0,1
37050,packet,1,0,0,0,39,8000
37064,event,0,1
38053,packet,1,0,0,0,39,8000
38068,event,0,1
39065,packet,1,0,0,0,39,8000
39079,event,0,1
40052,packet,1,0,0,0,39,8000
40065,event,0,1
41052,packet,1,0,0,0,39,8000
41066,event,0,1
42056,packet,1,0,0,0,39,8000
42069,event,0,1
43055,packet,1,0,0,0,39,8000
43073,event,0,1
44056,packet,1,0,0,0,39,8000
44070,event,0,1
45056,packet,1,0,0,0,39,8000
45070,event,0,1
46057,packet,1,0,0,0,39,8000
46071,event,0,1
47056,packet,1,0,0,0,39,8000
47071,event,0,1
48058,packet,1,0,0,0,39,8000
48071,event,0,1
49058,packet,1,0,0,0,39,8000
49083,event,0,1
50059,packet,1,0,0,0,39,8000
50072,event,0,1
51059,packet,1,0,0,0,39,8000
51073,event,0,1
52058,packet,1,0,0,0,39,8000
52073,event,0,1
53060,packet,1,0,0,0,39,8000
53074,event,0,1
54059,packet,1,0,0,0,39,8000
54078,event,0,1
55061,packet,1,0,0,0,39,8000
55074,event,0,1
56061,packet,1,0,0,0,39,8000
56076,event,0,1
57065,packet,1,0,0,0,39,8000
57079,event,0,1
58062,packet,1,0,0,0,39,8000
58076,event,0,1
59063,packet,1,0,0,0,39,8000
59076,event,0,1
60063,packet,1,0,0,0,39,8000
60077,event,0,1
61063,packet,1,0,0,0,39,8000
61077,event,0,1
62064,packet,1,0,0,0,40,8000
62089,event,0,1
63063,packet,1,0,0,0,39,8000
63078,event,0,1
64064,packet,1,0,0,0,39,8000
64093,event,0,1
65065,packet,1,0,0,0,39,8000
65083,event,0,1
66065,packet,1,0,0,0,39,8000
66079,event,0,1
67065,packet,1,0,0,0,39,8000
67080,event,0,1
68081,packet,1,0,0,0,39,8000
68094,event,0,1
69066,packet,1,0,0,0,39,8000
69080,event,0,1
70066,packet,1,0,0,0,39,8000
70080,event,0,1
71071,packet,1,0,0,0,39,8000
71084,event,0,1
72071,packet,1,0,0,0,39,8000
72085,event,0,1
73072,packet,1,0,0,0,39,8000
73085,event,0,1
74072,packet,1,0,0,0,39,8000
74087,event,0,1
75073,packet,1,0,0,0,39,8000
75095,event,0,1
76076,packet,1,0,0,0,40,8000
76094,event,0,1
77073,packet,1,0,0,0,39,8000
77087,event,0,1
78074,packet,1,0,0,0,39,8000
78088,event,0,1
79074,packet,1,0,0,0,39,8000
79087,event,0,1
80075,packet,1,0,0,0,39,8000
80088,event,0,1
81075,packet,1,0,0,0,39,8000
81088,event,0,1
82076,packet,1,0,0,0,39,8000
82089,event,0,1
83076,packet,1,0,0,0,40,8000
83090,event,0,1
84076,packet,1,0,0,0,39,8000
84090,event,0,1
85080,packet,1,0,0,0,39,8000
85094,event,0,1
86078,packet,1,0,0,0,39,8000
86091,event,0,1
87079,packet,1,0,0,0,40,8000
87096,event,0,1
88079,packet,1,0,0,0,40,8000
88102,event,0,1
89079,packet,1,0,0,0,39,8000
89109,event,0,1
90081,packet,1,0,0,0,39,8000
90094,event,0,1
91096,packet,1,0,0,0,39,8000
91111,event,0,1
92082,packet,1,0,0,0,39,8000
92095,event,0,1
93081,packet,1,0,0,0,40,8000
93094,event,0,1
94081,packet,1,0,0,0,39,8000
94096,event,0,1
95085,packet,1,0,0,0,39,8000
95099,event,0,1
96082,packet,1,0,0,0,39,8000
96097,event,0,1
97083,packet,1,0,0,0,39,8000
97096,event,0,1
98083,packet,1,0,0,0,39,8000
98101,event,0,1
99085,packet,1,0,0,0,39,8000
99098,event,0,1
100084,packet,1,0,0,0,40,8000
100098,event,0,1
101086,packet,1,0,0,0,40,8000
101110,event,0,1
102085,packet,1,0,0,0,40,8000
102099,event,0,1
103085,packet,1,0,0,0,39,8000
103100,event,0,1
104090,packet,1,0,0,0,39,8000
104103,event,0,1
105086,packet,1,0,0,0,40,8000
105101,event,0,1
106087,packet,1,0,0,0,40,8000
106101,event,0,1
107087,packet,1,0,0,0,39,8000
107102,event,0,1
108088,packet,1,0,0,0,40,8000
108106,event,0,1
109088,packet,1,0,0,0,39,8000
109102,event,0,1
110089,packet,1,0,0,0,39,8000
110103,event,0,1
111104,packet,1,0,0,0,39,8000
111119,event,0,1
112089,packet,1,0,0,0,39,8000
112104,event,0,1
113093,packet,1,0,0,0,39,8000
113107,event,0,1
114090,packet,1,0,0,0,38,8000
114115,event,0,1
115091,packet,1,0,0,0,40,8000
115105,event,0,1
116091,packet,1,0,0,0,40,8000
116106,event,0,1
117092,packet,1,0,0,0,39,8000
117106,event,0,1
118092,packet,1,0,0,0,40,8000
118105,event,0,1
119093,packet,1,0,0,0,39,8000
119110,event,0,1
120092,packet,1,0,0,0,39,8000
120106,event,0,1
121094,packet,1,0,0,0,39,8000
121107,event,0,1
122092,packet,1,0,0,0,39,8000
122106,event,0,1
123094,packet,1,0,0,0,39,8000
123108,event,0,1
124095,packet,1,0,0,0,39,8000
124109,event,0,1
125094,packet,1,0,0,0,39,8000
125109,event,0,1
126096,packet,1,0,0,0,39,8000
126125,event,0,1
127095,packet,1,0,0,0,39,8000
127120,event,0,1
128096,packet,1,0,0,0,39,8000
128110,event,0,1
129096,packet,1,0,0,0,39,8000
129113,event,0,1
130097,packet,1,0,0,0,39,8000
130111,event,0,1
131117,packet,1,0,0,0,39,8000
131132,event,0,1
132097,packet,1,0,0,0,39,8000
132112,event,0,1
133099,packet,1,0,0,0,39,8000
133112,event,0,1
134098,packet,1,0,0,0,39,8000
134113,event,0,1
135099,packet,1,0,0,0,39,8000
135113,event,0,1
136099,packet,1,0,0,0,39,8000
136113,event,0,1
137100,packet,1,0,0,0,39,8000
137114,event,0,1
138101,packet,1,0,0,0,39,8000
138114,event,0,1
139101,packet,1,0,0,0,39,8000
139115,event,0,1
140105,packet,1,0,0,0,39,8000
140119,event,0,1
141101,packet,1,0,0,0,39,8000
141116,event,0,1
142102,packet,1,0,0,0,39,8000
142116,event,0,1
143102,packet,1,0,0,0,39,8000
143116,event,0,1
144103,packet,1,0,0,0,39,8000
144117,event,0,1
145102,packet,1,0,0,0,39,8000
145117,event,0,1
146104,packet,1,0,0,0,39,8000
146118,event,0,1
147104,packet,1,0,0,0,39,8000
147118,event,0,1
148120,packet,1,0,0,0,39,8000
148134,event,0,1
149109,packet,1,0,0,0,39,8000
149123,event,0,1
150104,packet,1,0,0,0,39,8000
150123,event,0,1
151118,packet,1,0,0,0,39,8000
151133,event,0,1
152118,packet,1,0,0,0,39,8000
152132,event,0,1
153119,packet,1,0,0,0,39,8000
153133,event,0,1
154119,packet,1,0,0,0,39,8000
154133,event,0,1
155120,packet,1,0,0,0,39,8000
155134,event,0,1
156119,packet,1,0,0,0,39,8000
156134,event,0,1
157120,packet,1,0,0,0,39,8000
157134,event,0,1
158125,packet,1,0,0,0,39,8000
158139,event,0,1
159121,packet,1,0,0,0,39,8000
159135,event,0,1
160122,packet,1,0,0,0,39,8000
160137,event,0,1
161122,packet,1,0,0,0,39,8000
161136,event,0,1
162123,packet,1,0,0,0,39,8000
162137,event,0,1
163123,packet,1,0,0,0,39,8000
163152,event,0,1
164123,packet,1,0,0,0,39,8000
164137,event,0,1
165123,packet,1,0,0,0,39,8000
165138,event,0,1
166124,packet,1,0,0,0,39,8000
166138,event,0,1
167128,packet,1,0,0,0,39,8000
167143,event,0,1
168141,packet,1,0,0,0,39,8000
168156,event,0,1
169125,packet,1,0,0,0,39,8000
169140,event,0,1
170126,packet,1,0,0,0,39,8000
170140,event,0,1
171126,packet,1,0,0,0,39,8000
171145,event,0,1
172127,packet,1,0,0,0,39,8000
172140,event,0,1
173127,packet,1,0,0,0,39,8000
173141,event,0,1
174129,packet,1,0,0,0,39,8000
174142,event,0,1
175128,packet,1,0,0,0,39,8000
175142,event,0,1
176132,packet,1,0,0,0,39,8000
176147,event,0,1
177129,packet,1,0,0,0,39,8000
177143,event,0,1
178129,packet,1,0,0,0,39,8000
178144,event,0,1
179130,packet,1,0,0,0,39,8000
179143,event,0,1
180130,packet,1,0,0,0,39,8000
180145,event,0,1
181130,packet,1,0,0,0,39,8000
181144,event,0,1
182131,packet,1,0,0,0,39,8000
182145,event,0,1
183132,packet,1,0,0,0,39,8000
183146,event,0,1
184132,packet,1,0,0,0,39,8000
184146,event,0,1
185137,packet,1,0,0,0,39,8000
185151,event,0,1
186133,packet,1,0,0,0,39,8000
186146,event,0,1
187133,packet,1,0,0,0,39,8000
187148,event,0,1
188149,packet,1,0,0,0,39,8000
188163,event,0,1
189134,packet,1,0,0,0,39,8000
189149,event,0,1
190135,packet,1,0,0,0,39,8000
190149,event,0,1
191134,packet,1,0,0,0,39,8000
191148,event,0,1
192136,packet,1,0,0,0,39,8000
192153,event,0,1
193135,packet,1,0,0,0,39,8000
193149,event,0,1
194140,packet,1,0,0,0,39,8000
194154,event,0,1
195136,packet,1,0,0,0,39,8000
195150,event,0,1
196136,packet,1,0,0,0,39,8000
196151,event,0,1
197137,packet,1,0,0,0,39,8000
197150,event,0,1
198137,packet,1,0,0,0,39,8000
198152,event,0,1
199139,packet,1,0,0,0,39,8000
199152,event,0,1
200138,packet,1,0,0,0,39,8000
200152,event,0,1
201139,packet,1,0,0,0,39,8000
201153,event,0,1
202139,packet,1,0,0,0,39,8000
202153,event,0,1
203144,packet,1,0,0,0,39,8000
203158,event,0,1
204140,packet,1,0,0,0,39,8000
204153,event,0,1
205156,packet,1,0,0,0,39,8000
205170,event,0,1
206142,packet,1,0,0,0,39,8000
206155,event,0,1
207141,packet,1,0,0,0,39,8000
207156,event,0,1
208154,packet,1,0,0,0,39,8000
208168,event,0,1
209154,packet,1,0,0,0,39,8000
209169,event,0,1
210154,packet,1,0,0,0,39,8000
210168,event,0,1
211155,packet,1,0,0,0,39,8000
211169,event,0,1
212160,packet,1,0,0,0,39,8000
212191,event,0,1
213156,packet,1,0,0,0,39,8000
213174,event,0,1
214157,packet,1,0,0,0,39,8000
214171,event,0,1
215156,packet,1,0,0,0,39,8000
215187,event,0,1
216158,packet,1,0,0,0,39,8000
216172,event,0,1
217157,packet,1,0,0,0,39,8000
217171,event,0,1
218158,packet,1,0,0,0,39,8000
218172,event,0,1
219159,packet,1,0,0,0,39,8000
219173,event,0,1
220158,packet,1,0,0,0,39,8000
220173,event,0,1
221164,packet,1,0,0,0,39,8000
221177,event,0,1
222177,packet,1,0,0,0,39,8000
222191,event,0,1
223161,packet,1,0,0,0,39,8000
223178,event,0,1
224160,packet,1,0,0,0,39,8000
224174,event,0,1
225171,packet,1,0,0,0,39,8000
225185,event,0,1
226171,packet,1,0,0,0,39,8000
226186,event,0,1
227172,packet,1,0,0,0,39,8000
227186,event,0,1
228172,packet,1,0,0,0,39,8000
228185,event,0,1
229173,packet,1,0,0,0,39,8000
229187,event,0,1
230177,packet,1,0,0,0,39,8000
230191,event,0,1
231175,packet,1,0,0,0,39,8000
231188,event,0,1
232175,packet,1,0,0,0,39,8000
232189,event,0,1
233175,packet,1,0,0,0,39,8000
233189,event,0,1
234176,packet,1,0,0,0,39,8000
234190,event,0,1
235176,packet,1,0,0,0,39,8000
235190,event,0,1
236177,packet,1,0,0,0,39,8000
236191,event,0,1
237176,packet,1,0,0,0,39,8000
237191,event,0,1
238178,packet,1,0,0,0,39,8000
238191,event,0,1
239199,packet,1,0,0,0,39,8000
239213,event,0,1
240179,packet,1,0,0,0,39,8000
240192,event,0,1
241179,packet,1,0,0,0,39,8000
241193,event,0,1
242178,packet,1,0,0,0,40,8000
242193,event,0,1
243180,packet,1,0,0,0,39,8000
243193,event,0,1
244179,packet,1,0,0,0,39,8000
244197,event,0,1
245181,packet,1,0,0,0,39,8000
245194,event,0,1
246180,packet,1,0,0,0,39,8000
246195,event,0,1
247181,packet,1,0,0,0,39,8000
247195,event,0,1
248185,packet,1,0,0,0,39,8000
248200,event,0,1
249182,packet,1,0,0,0,39,8000
249196,event,0,1
250183,packet,1,0,0,0,39,8000
250196,event,0,1
251182,packet,1,0,0,0,39,8000
251197,event,0,1
252183,packet,1,0,0,0,39,8000
252197,event,0,1
253200,packet,1,0,0,0,40,8000
253214,event,0,1
254184,packet,1,0,0,0,39,8000
254198,event,0,1
255185,packet,1,0,0,0,39,8000
255199,event,0,1
256197,packet,1,0,0,0,39,8000
256210,event,0,1
257199,packet,1,0,0,0,39,8000
257214,event,0,1
258197,packet,1,0,0,0,39,8000
258210,event,0,1
259197,packet,1,0,0,0,40,8000
259212,event,0,1
260197,packet,1,0,0,0,39,8000
260211,event,0,1
261198,packet,1,0,0,0,39,8000
261213,event,0,1
262198,packet,1,0,0,0,39,8000
262212,event,0,1
263199,packet,1,0,0,0,40,8000
263212,event,0,1
264199,packet,1,0,0,0,39,8000
264213,event,0,1
265199,packet,1,0,0,0,39,8000
265217,event,0,1
266204,packet,1,0,0,0,39,8000
266217,event,0,1
267200,packet,1,0,0,0,39,8000
267214,event,0,1
268201,packet,1,0,0,0,39,8000
268216,event,0,1
269201,packet,1,0,0,0,39,8000
269215,event,0,1
270210,packet,1,0,0,0,39,8000
270225,event,0,1
271210,packet,1,0,0,0,39,8000
271224,event,0,1
272210,packet,1,0,0,0,39,8000
272225,event,0,1
273211,packet,1,0,0,0,39,8000
273235,event,0,1
274211,packet,1,0,0,0,39,8000
274226,event,0,1
275216,packet,1,0,0,0,39,8000
275229,event,0,1
276212,packet,1,0,0,0,39,8000
276226,event,0,1
277213,packet,1,0,0,0,39,8000
277226,event,0,1
278213,packet,1,0,0,0,39,8000
278227,event,0,1
279213,packet,1,0,0,0,39,8000
279228,event,0,1
280214,packet,1,0,0,0,39,8000
280228,event,0,1
281214,packet,1,0,0,0,39,8000
281229,event,0,1
282215,packet,1,0,0,0,40,8000
282228,event,0,1
283215,packet,1,0,0,0,40,8000
283230,event,0,1
284229,packet,1,0,0,0,39,8000
284243,event,0,1
285216,packet,1,0,0,0,39,8000
285246,event,0,1
286217,packet,1,0,0,0,39,8000
286245,event,0,1
287217,packet,1,0,0,0,39,8000
287230,event,0,1
288217,packet,1,0,0,0,39,8000
288248,event,0,1
289217,packet,1,0,0,0,40,8000
289231,event,0,1
290218,packet,1,0,0,0,39,8000
290232,event,0,1
291218,packet,1,0,0,0,39,8000
291232,event,0,1
292219,packet,1,0,0,0,39,8000
292233,event,0,1
293219,packet,1,0,0,0,39,8000
293233,event,0,1
294220,packet,1,0,0,0,39,8000
294233,event,0,1
295221,packet,1,0,0,0,39,8000
295235,event,0,1
296220,packet,1,0,0,0,39,8000
296234,event,0,1
297222,packet,1,0,0,0,39,8000
297235,event,0,1
298237,packet,1,0,0,0,39,8000
298252,event,0,1
299221,packet,1,0,0,0,39,8000
299245,event,0,1
300222,packet,1,0,0,0,39,8000
300236,event,0,1
301229,packet,1,0,0,0,40,8000
301244,event,0,1
302229,packet,1,0,0,0,39,8000
302242,event,0,1
303229,packet,1,0,0,0,39,8000
303244,event,0,1
304230,packet,1,0,0,0,40,8000
304244,event,0,1
305230,packet,1,0,0,0,40,8000
305245,event,0,1
306231,packet,1,0,0,0,39,8000
306245,event,0,1
307231,packet,1,0,0,0,40,8000
307249,event,0,1
308232,packet,1,0,0,0,39,8000
308246,event,0,1
309232,packet,1,0,0,0,39,8000
309245,event,0,1
310232,packet,1,0,0,0,40,8000
310247,event,0,1
311232,packet,1,0,0,0,40,8000
311246,event,0,1
312233,packet,1,0,0,0,40,8000
312258,event,0,1
313234,packet,1,0,0,0,40,8000
313248,event,0,1
314233,packet,1,0,0,0,39,8000
314248,event,0,1
315251,packet,1,0,0,0,40,8000
315265,event,0,1
316234,packet,1,0,0,0,40,8000
316248,event,0,1
317236,packet,1,0,0,0,40,8000
317253,event,0,1
318235,packet,1,0,0,0,40,8000
318249,event,0,1
319236,packet,1,0,0,0,39,8000
319250,event,0,1
320237,packet,1,0,0,0,39,8000
320251,event,0,1
321236,packet,1,0,0,0,39,8000
321251,event,0,1
322238,packet,1,0,0,0,39,8000
322251,event,0,1
323238,packet,1,0,0,0,39,8000
323252,event,0,1
324239,packet,1,0,0,0,40,8000
324252,event,0,1
325238,packet,1,0,0,0,39,8000
325252,event,0,1
326239,packet,1,0,0,0,40,8000
326253,event,0,1
327239,packet,1,0,0,0,39,8000
327253,event,0,1
328239,packet,1,0,0,0,39,8000
328258,event,0,1
329257,packet,1,0,0,0,39,8000
329272,event,0,1
330240,packet,1,0,0,0,39,8000
330255,event,0,1
331242,packet,1,0,0,0,39,8000
331255,event,0,1
332241,packet,1,0,0,0,39,8000
332256,event,0,1
333242,packet,1,0,0,0,39,8000
333256,event,0,1
334242,packet,1,0,0,0,40,8000
334255,event,0,1
335243,packet,1,0,0,0,39,8000
335257,event,0,1
336244,packet,1,0,0,0,39,8000
336257,event,0,1
337244,packet,1,0,0,0,39,8000
337257,event,0,1
338244,packet,1,0,0,0,39,8000
338262,event,0,1
339244,packet,1,0,0,0,39,8000
339258,event,0,1
340245,packet,1,0,0,0,39,8000
340259,event,0,1
341244,packet,1,0,0,0,40,8000
341259,event,0,1
342246,packet,1,0,0,0,40,8000
342259,event,0,1
343245,packet,1,0,0,0,40,8000
343260,event,0,1
344247,packet,1,0,0,0,39,8000
344260,event,0,1
345247,packet,1,0,0,0,39,8000
345261,event,0,1
346258,packet,1,0,0,0,39,8000
346272,event,0,1
347257,packet,1,0,0,0,40,8000
347272,event,0,1
348258,packet,1,0,0,0,39,8000
348272,event,0,1
349259,packet,1,0,0,0,39,8000
349272,event,0,1
350259,packet,1,0,0,0,40,8000
350273,event,0,1
351260,packet,1,0,0,0,40,8000
351273,event,0,1
352259,packet,1,0,0,0,40,8000
352274,event,0,1
353260,packet,1,0,0,0,40,8000
353274,event,0,1
354260,packet,1,0,0,0,40,8000
354274,event,0,1
355261,packet,1,0,0,0,40,8000
355275,event,0,1
356261,packet,1,0,0,0,39,8000
356275,event,0,1
357261,packet,1,0,0,0,39,8000
357275,event,0,1
358262,packet,1,0,0,0,40,8000
358275,event,0,1
359262,packet,1,0,0,0,39,8000
359279,event,0,1
360279,packet,1,0,0,0,39,8000
360293,event,0,1
361262,packet,1,0,0,0,39,8000
361277,event,0,1
362263,packet,1,0,0,0,39,8000
362277,event,0,1
363263,packet,1,0,0,0,40,8000
363277,event,0,1
364264,packet,1,0,0,0,40,8000
364278,event,0,1
365265,packet,1,0,0,0,40,8000
365279,event,0,1
366265,packet,1,0,0,0,40,8000
366278,event,0,1
367265,packet,1,0,0,0,39,8000
367279,event,0,1
368266,packet,1,0,0,0,39,8000
368279,event,0,1
369266,packet,1,0,0,0,40,8000
369280,event,0,1
370265,packet,1,0,0,0,39,8000
370280,event,0,1
371267,packet,1,0,0,0,40,8000
371281,event,0,1
372267,packet,1,0,0,0,38,8000
372282,event,0,1
373268,packet,1,0,0,0,40,8000
373281,event,0,1
374279,packet,1,0,0,0,40,8000
374292,event,0,1
375279,packet,1,0,0,0,41,8000
375292,event,0,1
376279,packet,1,0,0,0,40,8000
376294,event,0,1
377279,packet,1,0,0,0,39,8000
377293,event,0,1
378280,packet,1,0,0,0,39,8000
378294,event,0,1
379280,packet,1,0,0,0,39,8000
379294,event,0,1
380281,packet,1,0,0,0,39,8000
380299,event,0,1
381281,packet,1,0,0,0,40,8000
381295,event,0,1
382281,packet,1,0,0,0,40,8000
382295,event,0,1
383283,packet,1,0,0,0,39,8000
383297,event,0,1
384283,packet,1,0,0,0,40,8000
384297,event,0,1
385303,packet,1,0,0,0,40,8000
385316,event,0,1
386284,packet,1,0,0,0,40,8000
386298,event,0,1
387284,packet,1,0,0,0,40,8000
387299,event,0,1
388285,packet,1,0,0,0,39,8000
388298,event,0,1
389285,packet,1,0,0,0,40,8000
389300,event,0,1
390286,packet,1,0,0,0,41,8000
390299,event,0,1
391286,packet,1,0,0,0,40,8000
391300,event,0,1
392287,packet,1,0,0,0,40,8000
392301,event,0,1
393287,packet,1,0,0,0,40,8000
393300,event,0,1
394287,packet,1,0,0,0,40,8000
394302,event,0,1
395288,packet,1,0,0,0,40,8000
395301,event,0,1
396300,packet,1,0,0,0,40,8000
396313,event,0,1
397300,packet,1,0,0,0,40,8000
397313,event,0,1
398301,packet,1,0,0,0,40,8000
398315,event,0,1
399300,packet,1,0,0,0,40,8000
399314,event,0,1
400301,packet,1,0,0,0,40,8000
400315,event,0,1
401301,packet,1,0,0,0,40,8000
401319,event,0,1
402301,packet,1,0,0,0,40,8000
402316,event,0,1
403302,packet,1,0,0,0,40,8000
403316,event,0,1
404302,packet,1,0,0,0,40,8000
404317,event,0,1
405304,packet,1,0,0,0,40,8000
405317,event,0,1
406303,packet,1,0,0,0,40,8000
406328,event,0,1
407315,packet,1,0,0,0,40,8000
407329,event,0,1
408315,packet,1,0,0,0,39,8000
408330,event,0,1
409316,packet,1,0,0,0,40,8000
409330,event,0,1
410316,packet,1,0,0,0,40,8000
410329,event,0,1
411317,packet,1,0,0,0,39,8000
411334,event,0,1
412316,packet,1,0,0,0,39,8000
412330,event,0,1
413318,packet,1,0,0,0,39,8000
413331,event,0,1
414317,packet,1,0,0,0,39,8000
414331,event,0,1
415318,packet,1,0,0,0,39,8000
415332,event,0,1
416319,packet,1,0,0,0,39,8000
416332,event,0,1
417319,packet,1,0,0,0,39,8000
417333,event,0,1
418320,packet,1,0,0,0,39,8000
418333,event,0,1
419319,packet,1,0,0,0,40,8000
419344,event,0,1
420321,packet,1,0,0,0,40,8000
420334,event,0,1
421320,packet,1,0,0,0,39,8000
421333,event,0,1
422321,packet,1,0,0,0,40,8000
422338,event,0,1
423321,packet,1,0,0,0,39,8000
423334,event,0,1
424321,packet,1,0,0,0,40,8000
424335,event,0,1
425323,packet,1,0,0,0,40,8000
425336,event,0,1
426341,packet,1,0,0,0,40,8000
426354,event,0,1
427324,packet,1,0,0,0,40,8000
427337,event,0,1
428323,packet,1,0,0,0,40,8000
428337,event,0,1
429324,packet,1,0,0,0,40,8000
429338,event,0,1
430324,packet,1,0,0,0,40,8000
430337,event,0,1
431325,packet,1,0,0,0,40,8000
431339,event,0,1
432326,packet,1,0,0,0,39,8000
432354,event,0,1
433325,packet,1,0,0,0,40,8000
433340,event,0,1
434326,packet,1,0,0,0,40,8000
434340,event,0,1
435326,packet,1,0,0,0,40,8000
435340,event,0,1
436327,packet,1,0,0,0,40,8000
436341,event,0,1
437346,packet,1,0,0,0,40,8000
437360,event,0,1
438328,packet,1,0,0,0,40,8000
438342,event,0,1
439327,packet,1,0,0,0,40,8000
439341,event,0,1
440329,packet,1,0,0,0,40,8000
440343,event,0,1
441329,packet,1,0,0,0,40,8000
441343,event,0,1
442328,packet,1,0,0,0,40,8000
442343,event,0,1
443330,packet,1,0,0,0,40,8000
443344,event,0,1
444329,packet,1,0,0,0,40,8000
444344,event,0,1
445331,packet,1,0,0,0,39,8000
445345,event,0,1
446330,packet,1,0,0,0,40,8000
446345,event,0,1
447332,packet,1,0,0,0,39,8000
447346,event,0,1
448345,packet,1,0,0,0,39,8000
448360,event,0,1
449347,packet,1,0,0,0,39,8000
449360,event,0,1
450346,packet,1,0,0,0,40,8000
450361,event,0,1
451347,packet,1,0,0,0,39,8000
451361,event,0,1
452347,packet,1,0,0,0,40,8000
452361,event,0,1
453348,packet,1,0,0,0,40,8000
453384,event,0,1
454348,packet,1,0,0,0,40,8000
454362,event,0,1
455349,packet,1,0,0,0,39,8000
455363,event,0,1
456349,packet,1,0,0,0,40,8000
456382,event,0,1
457350,packet,1,0,0,0,40,8000
457363,event,0,1
458350,packet,1,0,0,0,40,8000
458364,event,0,1
459362,packet,1,0,0,0,40,8000
459376,event,0,1
460362,packet,1,0,0,0,40,8000
460376,event,0,1
461362,packet,1,0,0,0,40,8000
461376,event,0,1
462363,packet,1,0,0,0,40,8000
462376,event,0,1
463362,packet,1,0,0,0,39,8000
463377,event,0,1
464363,packet,1,0,0,0,39,8000
464377,event,0,1
465364,packet,1,0,0,0,39,8000
465379,event,0,1
466365,packet,1,0,0,0,40,8000
466379,event,0,1
467366,packet,1,0,0,0,39,8000
467381,event,0,1
468366,packet,1,0,0,0,39,8000
468380,event,0,1
469366,packet,1,0,0,0,40,8000
469380,event,0,1
470378,packet,1,0,0,0,40,8000
470392,event,0,1
471378,packet,1,0,0,0,40,8000
471393,event,0,1
472382,packet,1,0,0,0,40,8000
472396,event,0,1
473379,packet,1,0,0,0,39,8000
473394,event,0,1
474379,packet,1,0,0,0,40,8000
474397,event,0,1
475380,packet,1,0,0,0,40,8000
475394,event,0,1
476380,packet,1,0,0,0,41,8000
476394,event,0,1
477381,packet,1,0,0,0,40,8000
477395,event,0,1
478400,packet,1,0,0,0,39,8000
478414,event,0,1
479382,packet,1,0,0,0,40,8000
479395,event,0,1
480382,packet,1,0,0,0,39,8000
480397,event,0,1
481386,packet,1,0,0,0,40,8000
481400,event,0,1
482383,packet,1,0,0,0,39,8000
482397,event,0,1
483383,packet,1,0,0,0,39,8000
483397,event,0,1
484383,packet,1,0,0,0,40,8000
484397,event,0,1
485384,packet,1,0,0,0,40,8000
485398,event,0,1
486384,packet,1,0,0,0,40,8000
486398,event,0,1
487385,packet,1,0,0,0,40,8000
487399,event,0,1
488385,packet,1,0,0,0,39,8000
488399,event,0,1
489404,packet,1,0,0,0,39,8000
489418,event,0,1
490390,packet,1,0,0,0,40,8000
490403,event,0,1
491386,packet,1,0,0,0,40,8000
491401,event,0,1
492387,packet,1,0,0,0,39,8000
492400,event,0,1
493387,packet,1,0,0,0,40,8000
493401,event,0,1
494388,packet,1,0,0,0,40,8000
494402,event,0,1
495388,packet,1,0,0,0,40,8000
495405,event,0,1
496388,packet,1,0,0,0,40,8000
496403,event,0,1
497389,packet,1,0,0,0,40,8000
497402,event,0,1
498389,packet,1,0,0,0,40,8000
498404,event,0,1
499393,packet,1,0,0,0,40,8000
499407,event,0,1
500410,packet,1,0,0,0,40,8000
500423,event,0,1
501390,packet,1,0,0,0,40,8000
501404,event,0,1
502391,packet,1,0,0,0,40,8000
502404,event,0,1
503392,packet,1,0,0,0,40,8000
503406,event,0,1
504391,packet,1,0,0,0,40,8000
504405,event,0,1
505393,packet,1,0,0,0,40,8000
505407,event,0,1
506392,packet,1,0,0,0,40,8000
506406,event,0,1
507392,packet,1,0,0,0,40,8000
507407,event,0,1
508397,packet,1,0,0,0,40,8000
508411,event,0,1
509393,packet,1,0,0,0,40,8000
509408,event,0,1
510395,packet,1,0,0,0,40,8000
510408,event,0,1
511410,packet,1,0,0,0,40,8000
511423,event,0,1
512409,packet,1,0,0,0,40,8000
512422,event,0,1
513409,packet,1,0,0,0,40,8000
513434,event,0,1
514410,packet,1,0,0,0,40,8000
514423,event,0,1
515410,packet,1,0,0,0,40,8000
515424,event,0,1
516411,packet,1,0,0,0,40,8000
516429,event,0,1
517414,packet,1,0,0,0,40,8000
517429,event,0,1
518412,packet,1,0,0,0,40,8000
518426,event,0,1
519411,packet,1,0,0,0,40,8000
519425,event,0,1
520413,packet,1,0,0,0,40,8000
520427,event,0,1
521412,packet,1,0,0,0,40,8000
521426,event,0,1
522426,packet,1,0,0,0,40,8000
522440,event,0,1
523425,packet,1,0,0,0,40,8000
523439,event,0,1
524426,packet,1,0,0,0,40,8000
524440,event,0,1
525426,packet,1,0,0,0,40,8000
525440,event,0,1
526431,packet,1,0,0,0,40,8000
526459,event,0,1
527428,packet,1,0,0,0,40,8000
527460,event,0,1
528428,packet,1,0,0,0,40,8000
528443,event,0,1
529429,packet,1,0,0,0,40,8000
529443,event,0,1
530448,packet,1,0,0,0,40,8000
530479,event,0,1
531430,packet,1,0,0,0,40,8000
531444,event,0,1
532430,packet,1,0,0,0,40,8000
532444,event,0,1
533431,packet,1,0,0,0,40,8000
533445,event,0,1
534430,packet,1,0,0,0,40,8000
534444,event,0,1
535436,packet,1,0,0,0,40,8000
535449,event,0,1
536432,packet,1,0,0,0,40,8000
536446,event,0,1
537431,packet,1,0,0,0,40,8000
537444,event,0,1
538433,packet,1,0,0,0,40,8000
538447,event,0,1
539432,packet,1,0,0,0,40,8000
539457,event,0,1
540434,packet,1,0,0,0,40,8000
540448,event,0,1
541453,packet,1,0,0,0,39,8000
541467,event,0,1
542434,packet,1,0,0,0,40,8000
542448,event,0,1
543434,packet,1,0,0,0,40,8000
543448,event,0,1
544439,packet,1,0,0,0,40,8000
544453,event,0,1
545436,packet,1,0,0,0,40,8000
545449,event,0,1
546435,packet,1,0,0,0,40,8000
546450,event,0,1
547437,packet,1,0,0,0,40,8000
547454,event,0,1
548436,packet,1,0,0,0,40,8000
548451,event,0,1
549437,packet,1,0,0,0,40,8000
549451,event,0,1
550437,packet,1,0,0,0,39,8000
550451,event,0,1
551438,packet,1,0,0,0,39,8000
551452,event,0,1
552458,packet,1,0,0,0,40,8000
552481,event,0,1
553442,packet,1,0,0,0,40,8000
553456,event,0,1
554439,packet,1,0,0,0,40,8000
554453,event,0,1
555438,packet,1,0,0,0,40,8000
555453,event,0,1
556440,packet,1,0,0,0,40,8000
556454,event,0,1
557439,packet,1,0,0,0,40,8000
557454,event,0,1
558441,packet,1,0,0,0,40,8000
558455,event,0,1
559440,packet,1,0,0,0,40,8000
559468,event,0,1
560442,packet,1,0,0,0,40,8000
560455,event,0,1
561442,packet,1,0,0,0,40,8000
561457,event,0,1
562446,packet,1,0,0,0,40,8000
562460,event,0,1
563468,packet,1,0,0,0,40,8000
563482,event,0,1
564468,packet,1,0,0,0,40,8000
564482,event,0,1
565469,packet,1,0,0,0,40,8000
565493,event,0,1
566469,packet,1,0,0,0,40,8000
566483,event,0,1
567469,packet,1,0,0,0,40,8000
567483,event,0,1
568470,packet,1,0,0,0,40,8000
568488,event,0,1
569470,packet,1,0,0,0,40,8000
569485,event,0,1
570472,packet,1,0,0,0,40,8000
570486,event,0,1
571476,packet,1,0,0,0,40,8000
571490,event,0,1
572472,packet,1,0,0,0,40,8000
572486,event,0,1
573473,packet,1,0,0,0,40,8000
573486,event,0,1
574490,packet,1,0,0,0,40,8000
574504,event,0,1
575489,packet,1,0,0,0,40,8000
575503,event,0,1
576490,packet,1,0,0,0,40,8000
576504,event,0,1
577491,packet,1,0,0,0,40,8000
577505,event,0,1
578491,packet,1,0,0,0,39,8000
578515,event,0,1
579491,packet,1,0,0,0,39,8000
579506,event,0,1
580495,packet,1,0,0,0,40,8000
580509,event,0,1
581492,packet,1,0,0,0,39,8000
581506,event,0,1
582510,packet,1,0,0,0,39,8000
582524,event,0,1
583493,packet,1,0,0,0,39,8000
583506,event,0,1
584493,packet,1,0,0,0,39,8000
584508,event,0,1
585494,packet,1,0,0,0,39,8000
585507,event,0,1
586494,packet,1,0,0,0,39,8000
586509,event,0,1
587494,packet,1,0,0,0,39,8000
587508,event,0,1
588495,packet,1,0,0,0,39,8000
588510,event,0,1
589499,packet,1,0,0,0,40,8000
589517,event,0,1
590496,packet,1,0,0,0,39,8000
590509,event,0,1
591496,packet,1,0,0,0,39,8000
591510,event,0,1
592496,packet,1,0,0,0,40,8000
592510,event,0,1
593516,packet,1,0,0,0,39,8000
593530,event,0,1
594497,packet,1,0,0,0,39,8000
594511,event,0,1
595497,packet,1,0,0,0,39,8000
595512,event,0,1
596498,packet,1,0,0,0,40,8000
596512,event,0,1
597498,packet,1,0,0,0,40,8000
597527,event,0,1
598502,packet,1,0,0,0,40,8000
598516,event,0,1
599499,packet,1,0,0,0,40,8000
599513,event,0,1
600500,packet,1,0,0,0,40,8000
600514,event,0,1
601500,packet,1,0,0,0,39,8000
601514,event,0,1
602500,packet,1,0,0,0,40,8000
602515,event,0,1
603501,packet,1,0,0,0,40,8000
603514,event,0,1
604520,packet,1,0,0,0,40,8000
604534,event,0,1
605502,packet,1,0,0,0,40,8000
605515,event,0,1
606502,packet,1,0,0,0,40,8000
606517,event,0,1
607506,packet,1,0,0,0,40,8000
607520,event,0,1
608503,packet,1,0,0,0,40,8000
608516,event,0,1
609504,packet,1,0,0,0,40,8000
609518,event,0,1
610504,packet,1,0,0,0,40,8000
610521,event,0,1
611505,packet,1,0,0,0,40,8000
611519,event,0,1
612505,packet,1,0,0,0,40,8000
612518,event,0,1
613505,packet,1,0,0,0,40,8000
613519,event,0,1
614505,packet,1,0,0,0,40,8000
614519,event,0,1
615524,packet,1,0,0,0,40,8000
615538,event,0,1
616511,packet,1,0,0,0,35,8000
616524,event,0,1
