p:4000,20000,6000,600,8000,4000,2000,8000,70
16204,packet,1,0,0,1,50,8000
16242,event,0,0
16256,action,0,0
16526,packet,0,0,1,1
16569,packetAck,1
16899,packet,1,0,2,5,50,8000
16916,event,3,1
16930,action,2,1
18944,event,4,2
18959,action,1,2
21007,packet,1,0,0,1,50,8000
21045,event,0,0
21059,action,0,0
21392,packet,0,0,1,1
21446,packetAck,1
25419,event,2,1
25433,action,1,1
29146,packet,1,0,0,1,50,8000
29184,event,0,0
29199,action,0,0
29575,packet,0,0,1,1
29618,packetAck,1
33601,event,2,1
33619,action,1,1
34071,packet,1,0,0,1,50,8000
34109,event,0,0
34124,action,0,0
34297,packet,0,0,1,1
34339,packetAck,1
38326,event,2,1
38340,action,1,1
74110,packet,1,0,0,1,48,8000
74164,event,0,0
74178,action,0,0
74333,packet,0,0,1,1
74376,packetAck,1
78360,event,2,1
78374,action,1,1
82248,packet,1,0,0,1,48,8000
82286,event,0,0
82300,action,0,0
82460,packet,0,0,1,1
82502,packetAck,1
82842,packet,1,0,2,5,48,8000
82858,event,1,1
82873,action,1,1
86316,packet,1,0,0,1,49,8000
86354,event,0,0
86374,action,0,0
86761,packet,0,0,1,1
86804,packetAck,1
90800,event,2,1
90815,action,1,1
94950,packet,1,0,0,1,50,8000
94988,event,0,0
95003,action,0,0
95482,packet,0,0,1,1
95541,packetAck,1
99508,event,2,1
99522,action,1,1
103084,packet,1,0,0,1,50,8000
103122,event,0,0
103137,action,0,0
103541,packet,0,0,1,1
103584,packetAck,1
104030,packet,1,0,2,5,50,8000
104046,event,3,1
104060,action,2,1
106106,event,4,2
106121,action,1,2
108127,packet,1,0,0,1,50,8000
108164,event,0,0
108190,action,0,0
108597,packet,0,0,1,1
108639,packetAck,1
112623,event,2,1
112637,action,1,1
129578,packet,1,0,0,1,47,8000
129616,event,0,0
129631,action,0,0
130080,packet,0,0,1,1
129637,packetAck,1
134108,event,2,1
134123,action,1,1
186364,packet,1,0,0,1,57,8000
186402,event,0,0
186417,action,0,0
186729,packet,0,0,1,1
186772,packetAck,1
190768,event,2,1
190782,action,1,1
191012,packet,1,0,0,1,58,8000
191050,event,0,0
191066,action,0,0
191118,packet,0,0,1,1
191160,packetAck,1
191570,packet,1,0,2,5,58,8000
191591,event,3,1
191605,action,2,1
193620,event,4,2
193635,action,1,2
195668,packet,1,0,0,1,57,8000
195706,event,0,0
195721,action,0,0
195913,packet,0,0,1,1
195955,packetAck,1
199941,event,2,1
199955,action,1,1
243184,packet,1,0,0,1,46,8000
243222,event,0,0
243236,action,0,0
243679,packet,0,0,1,1
243721,packetAck,1
247704,event,2,1
247718,action,1,1
247814,packet,1,0,0,1,46,8000
247853,event,0,0
247867,action,0,0
248115,packet,0,0,1,1
248158,packetAck,1
248501,packet,1,0,2,5,47,8000
248521,event,3,1
248536,action,2,1
248920,packet,1,0,2,5,47,8000
248935,event,1,2
248991,packet,1,0,2,5,47,8000
249024,event,1,2
253070,packet,1,0,2,5,46,8000
253086,event,1,2
257140,packet,1,0,2,5,46,8000
257156,event,1,2
261212,packet,1,0,2,5,46,8000
261227,event,1,2
265286,packet,1,0,2,5,46,8000
265301,event,1,2
269349,packet,1,0,2,5,46,8000
269366,event,1,2
273424,packet,1,0,2,5,46,8000
273439,event,1,2
277515,packet,1,0,2,5,46,8000
277530,event,1,2
285530,event,4,2
285548,action,1,2
299898,packet,1,0,0,1,56,8000
299936,event,0,0
299951,action,0,0
300156,packet,0,0,1,1
300198,packetAck,1
304182,event,2,1
304196,action,1,1
304504,packet,1,0,0,1,56,8000
304542,event,0,0
304558,action,0,0
304616,packet,0,0,1,1
304658,packetAck,1
305007,packet,1,0,2,5,56,8000
305024,event,3,1
305038,action,2,1
305416,packet,1,0,2,5,56,8000
305431,event,1,2
305488,packet,1,0,2,5,56,8000
305515,event,1,2
309568,packet,1,0,2,5,56,8000
309583,event,1,2
313635,packet,1,0,2,5,56,8000
313655,event,1,2
317694,packet,1,0,2,5,56,8000
317709,event,1,2
321771,packet,1,0,2,5,56,8000
321787,event,1,2
325834,packet,1,0,2,5,57,8000
325849,event,1,2
329906,packet,1,0,2,5,57,8000
329921,event,1,2
333978,packet,1,0,2,5,57,8000
333994,event,1,2
338043,packet,1,0,2,5,56,8000
338058,event,1,2
346059,event,4,2
346073,action,1,2
358477,packet,1,0,0,1,71,8000
363060,packet,1,0,0,1,58,8000
363098,event,0,0
363112,action,0,0
363560,packet,0,0,1,1
363398,packetAck,1
367581,event,2,1
367599,action,1,1
416247,packet,1,0,0,1,61,8000
420802,packet,1,0,0,1,56,8000
420839,event,0,0
420853,action,0,0
420891,packet,0,0,1,1
420934,packetAck,1
421278,packet,1,0,2,5,56,8000
421294,event,3,1
421307,action,2,1
423321,event,4,2
423335,action,1,2
425374,packet,1,0,0,1,56,8000
425412,event,0,0
425427,action,0,0
425818,packet,0,0,1,1
425860,packetAck,1
429845,event,2,1
429859,action,1,1
430187,packet,1,0,0,1,56,8000
430225,event,0,0
430239,action,0,0
430445,packet,0,0,1,1
430491,packetAck,1
434478,event,2,1
434492,action,1,1
474911,packet,1,0,0,1,56,8000
474948,event,0,0
474964,action,0,0
475032,packet,0,0,1,1
475074,packetAck,1
475410,packet,1,0,2,5,56,8000
475426,event,3,1
475441,action,2,1
477466,event,4,2
477481,action,1,2
479520,packet,1,0,0,1,56,8000
479558,event,0,0
479574,action,0,0
479590,packet,0,0,1,1
479654,packetAck,1
483639,event,2,1
483653,action,1,1
484405,packet,1,0,0,1,55,8000
484443,event,0,0
484458,action,0,0
484601,packet,0,0,1,1
484649,packetAck,1
488647,event,2,1
488662,action,1,1
533511,packet,1,0,0,1,58,8000
533550,event,0,0
533564,action,0,0
533909,packet,0,0,1,1
533952,packetAck,1
537937,event,2,1
537951,action,1,1
