p:4000,20000,6000,600,8000,4000,2000,8000,70
16215,packet,1,0,0,1,53,8000
16253,event,0,0
16268,action,0,0
16363,packet,0,0,1,1
16405,packetAck,1
16751,packet,1,0,2,5,53,8000
16766,event,3,1
16781,action,2,1
18795,event,4,2
18809,action,1,2
20849,packet,1,0,0,1,53,8000
20887,event,0,0
20902,action,0,0
21098,packet,0,0,1,1
21151,packetAck,1
25121,event,2,1
25136,action,1,1
25524,packet,1,0,0,1,53,8000
25562,event,0,0
25577,action,0,0
25907,packet,0,0,1,1
25949,packetAck,1
29930,event,2,1
29949,action,1,1
33654,packet,1,0,0,1,53,8000
33691,event,0,0
33706,action,0,0
34194,packet,0,0,1,1
34235,packetAck,1
38210,event,2,1
38224,action,1,1
41788,packet,1,0,0,1,52,8000
41826,event,0,0
41841,action,0,0
42158,packet,0,0,1,1
42199,packetAck,1
46182,event,2,1
46197,action,1,1
49940,packet,1,0,0,1,53,8000
49978,event,0,0
49993,action,0,0
50075,packet,0,0,1,1
50117,packetAck,1
50475,packet,1,0,2,5,53,8000
50491,event,1,1
50505,action,1,1
54003,packet,1,0,0,1,52,8000
54041,event,0,0
54059,action,0,0
54510,packet,0,0,1,1
54551,packetAck,1
58537,event,2,1
58552,action,1,1
70286,packet,1,0,0,1,61,8000
75191,packet,1,0,0,1,61,8000
80016,packet,1,0,0,1,62,8000
85063,packet,1,0,0,1,60,8000
89129,packet,1,0,0,1,61,8000
93194,packet,1,0,0,1,67,8000
98074,packet,1,0,0,1,66,8000
102927,packet,1,0,0,1,64,8000
107758,packet,1,0,0,1,66,8000
129789,packet,1,0,0,1,55,8000
129827,event,0,0
129841,action,0,0
129870,packet,0,0,1,1
129922,packetAck,1
130261,packet,1,0,2,5,55,8000
130281,event,3,1
130295,action,2,1
130634,packet,1,0,2,5,55,8000
130650,event,1,2
130708,packet,1,0,2,5,55,8000
130735,event,1,2
134833,packet,1,0,2,5,55,8000
134864,event,1,2
138919,packet,1,0,2,5,55,8000
138935,event,1,2
142985,packet,1,0,2,5,55,8000
143000,event,1,2
147059,packet,1,0,2,5,55,8000
147075,event,1,2
151323,packet,1,0,2,5,55,8000
151339,event,1,2
155417,packet,1,0,2,5,55,8000
155433,event,1,2
159487,packet,1,0,2,5,55,8000
159502,event,1,2
163558,packet,1,0,2,5,55,8000
163594,event,1,2
171592,event,4,2
171606,action,1,2
186376,packet,1,0,0,1,41,8000
186414,event,0,0
186428,action,0,0
186757,packet,0,0,1,1
186430,packetAck,1
190779,event,2,1
190793,action,1,1
191195,packet,1,0,0,1,41,8000
191233,event,0,0
191248,action,0,0
191305,packet,0,0,1,1
191346,packetAck,1
195327,event,2,1
195341,action,1,1
195770,packet,1,0,0,1,41,8000
195807,event,0,0
195822,action,0,0
196240,packet,0,0,1,1
196282,packetAck,1
196639,packet,1,0,2,5,41,8000
196654,event,3,1
196673,action,2,1
197052,packet,1,0,2,5,41,8000
197068,event,1,2
197132,packet,1,0,2,5,41,8000
197148,event,1,2
201207,packet,1,0,2,5,41,8000
201222,event,1,2
205306,packet,1,0,2,5,41,8000
205321,event,1,2
209356,packet,1,0,2,5,41,8000
209371,event,1,2
213430,packet,1,0,2,5,41,8000
213462,event,1,2
217508,packet,1,0,2,5,41,8000
217525,event,1,2
221588,packet,1,0,2,5,41,8000
221603,event,1,2
229599,event,4,2
229613,action,1,2
243184,packet,1,0,0,1,66,8000
247857,packet,1,0,0,1,59,8000
247895,event,0,0
247908,action,0,0
248006,packet,0,0,1,1
248048,packetAck,1
252028,event,2,1
252043,action,1,1
299966,packet,1,0,0,1,47,8000
300004,event,0,0
300018,action,0,0
300358,packet,0,0,1,1
300400,packetAck,1
304385,event,2,1
304399,action,1,1
304654,packet,1,0,0,1,47,8000
304707,event,0,0
304734,action,0,0
305023,packet,0,0,1,1
305065,packetAck,1
305417,packet,1,0,2,5,47,8000
305432,event,3,1
305447,action,2,1
307475,event,4,2
307489,action,1,2
309520,packet,1,0,0,1,47,8000
309558,event,0,0
309570,action,0,0
309983,packet,0,0,1,1
310025,packetAck,1
314002,event,2,1
314017,action,1,1
314344,packet,1,0,0,1,47,8000
314382,event,0,0
314397,action,0,0
314480,packet,0,0,1,1
314522,packetAck,1
318502,event,2,1
318515,action,1,1
358725,packet,1,0,0,1,58,8000
358761,event,0,0
358776,action,0,0
358805,packet,0,0,1,1
358857,packetAck,1
359193,packet,1,0,2,5,55,8000
359208,event,3,1
359222,action,2,1
359624,packet,1,0,2,5,53,8000
359639,event,1,2
359694,packet,1,0,2,5,54,8000
359714,event,1,2
363778,packet,1,0,2,5,56,8000
363794,event,1,2
367865,packet,1,0,2,5,56,8000
367880,event,1,2
375870,event,4,2
375883,action,1,2
378564,packet,1,0,0,1,56,8000
378602,event,0,0
378634,action,0,0
378968,packet,0,0,1,1
379009,packetAck,1
383004,event,2,1
383018,action,1,1
386700,packet,1,0,0,1,56,8000
386738,event,0,0
386751,action,0,0
387170,packet,0,0,1,1
387211,packetAck,1
391190,event,2,1
391215,action,1,1
395816,packet,1,0,0,1,55,8000
395854,event,0,0
395868,action,0,0
395904,packet,0,0,1,1
395831,packetAck,1
396195,packet,1,0,2,5,55,8000
396211,event,3,1
396226,action,2,1
396626,packet,1,0,2,5,56,8000
396641,event,1,2
396705,packet,1,0,2,5,55,8000
396721,event,1,2
404721,event,4,2
404735,action,1,2
416327,packet,1,0,0,1,48,8000
416365,event,0,0
416380,action,0,0
416814,packet,0,0,1,1
416874,packetAck,1
420856,event,2,1
420871,action,1,1
421036,packet,1,0,0,1,48,8000
421074,event,0,0
421089,action,0,0
421569,packet,0,0,1,1
421611,packetAck,1
425592,event,2,1
425606,action,1,1
425719,packet,1,0,0,1,48,8000
425756,event,0,0
425771,action,0,0
426172,packet,0,0,1,1
426214,packetAck,1
430195,event,2,1
430209,action,1,1
433840,packet,1,0,0,1,48,8000
433878,event,0,0
433894,action,0,0
434365,packet,0,0,1,1
434425,packetAck,1
434789,packet,1,0,2,5,48,8000
434805,event,3,1
434819,action,2,1
435123,packet,1,0,2,5,48,8000
435140,event,1,2
435196,packet,1,0,2,5,48,8000
435213,event,1,2
443217,event,4,2
443243,action,1,2
446891,packet,1,0,0,1,49,8000
446945,event,0,0
446960,action,0,0
447190,packet,0,0,1,1
447232,packetAck,1
451223,event,2,1
451237,action,1,1
455032,packet,1,0,0,1,48,8000
455070,event,0,0
455086,action,0,0
455162,packet,0,0,1,1
455205,packetAck,1
455563,packet,1,0,2,5,48,8000
455578,event,3,1
455592,action,2,1
455973,packet,1,0,2,5,48,8000
455990,event,1,2
456048,packet,1,0,2,5,48,8000
456064,event,1,2
464061,event,4,2
464075,action,1,2
475340,packet,1,0,0,1,61,8000
480142,packet,1,0,0,1,59,8000
480184,event,0,0
480210,action,0,0
480406,packet,0,0,1,1
480185,packetAck,1
484438,event,2,1
484453,action,1,1
533845,packet,1,0,0,1,54,8000
533882,event,0,0
533897,action,0,0
534042,packet,0,0,1,1
534085,packetAck,1
534423,packet,1,0,2,5,55,8000
534440,event,3,1
534454,action,2,1
534915,packet,1,0,2,5,55,8000
534931,event,1,2
534996,packet,1,0,2,5,55,8000
535029,event,1,2
543020,event,4,2
543034,action,1,2
546075,packet,1,0,0,1,54,8000
546112,event,0,0
546128,action,0,0
546281,packet,0,0,1,1
546328,packetAck,1
550308,event,2,1
550322,action,1,1
554201,packet,1,0,0,1,54,8000
554239,event,0,0
554255,action,0,0
554393,packet,0,0,1,1
554435,packetAck,1
554896,packet,1,0,2,5,54,8000
554912,event,3,1
554926,action,2,1
555373,packet,1,0,2,5,54,8000
555389,event,1,2
555456,packet,1,0,2,5,54,8000
555482,event,1,2
563468,event,4,2
563482,action,1,2
566390,packet,1,0,0,1,54,8000
566429,event,0,0
566443,action,0,0
566837,packet,0,0,1,1
566891,packetAck,1
570884,event,2,1
570902,action,1,1
