p:4000,20000,6000,600,8000,4000,2000,8000,70
15044,0,0
15144,0,0
15244,0,0
15344,0,0
15444,0,0
15544,0,0
15644,0,0
15744,0,0
15844,0,0
15944,0,0
16044,0,0
16144,0,0
16609,0,0
16709,0,1
16809,0,1
16909,0,1
17009,1,2
17109,1,2
17209,1,2
17310,1,2
17410,1,2
17510,1,2
17610,1,2
17710,1,2
17810,1,2
17910,1,2
18010,1,2
18110,1,2
18210,1,2
18310,1,2
18410,1,2
18510,1,2
18610,1,2
18710,1,2
18810,1,2
18910,1,2
19020,0,0
19120,0,0
19220,0,0
19320,0,0
19420,0,0
19520,0,0
19620,0,0
19720,0,0
19820,0,0
19920,0,0
20020,0,0
20120,0,0
20220,0,0
20320,0,0
20420,0,0
20520,0,0
20620,0,0
20720,0,0
20820,0,0
20921,0,0
21021,0,0
21286,0,0
21386,0,1
21486,0,1
21586,0,1
21686,0,1
21786,0,1
21886,0,1
21986,0,1
22086,0,1
22186,0,1
22287,0,1
22387,0,1
22487,0,1
22587,0,1
22687,0,1
22787,0,1
22887,0,1
22987,0,1
23092,0,1
23192,0,1
23292,0,1
23392,0,1
23492,0,1
23592,0,1
23692,0,1
23792,0,1
23892,0,1
23992,0,1
24092,0,1
24192,0,1
24292,0,1
24392,0,1
24492,0,1
24592,0,1
24692,0,1
24792,0,1
24892,0,1
24992,0,1
25092,0,1
25193,0,1
25319,0,0
25419,0,0
25519,0,0
25620,0,0
25720,0,0
25820,0,0
25920,0,0
26563,0,0
26663,0,1
26763,0,1
26863,0,1
26963,0,1
27060,0,1
27160,0,1
27260,0,1
27360,0,1
27460,0,1
27560,0,1
27660,0,1
27760,0,1
27860,0,1
27960,0,1
28060,0,1
28160,0,1
28260,0,1
28360,0,1
28460,0,1
28561,0,1
28661,0,1
28761,0,1
28861,0,1
28961,0,1
29061,0,1
29161,0,1
29261,0,1
29361,0,1
29461,0,1
29561,0,1
29661,0,1
29761,0,1
29861,0,1
29961,0,1
30061,0,1
30161,0,1
30261,0,1
30361,0,1
30461,0,1
30593,0,0
30694,0,0
30794,0,0
30894,0,0
30994,0,0
31090,0,0
31190,0,0
31290,0,0
31390,0,0
31490,0,0
31590,0,0
31690,0,0
31790,0,0
31890,0,0
31990,0,0
32090,0,0
32190,0,0
32290,0,0
32390,0,0
32490,0,0
32590,0,0
32690,0,0
32790,0,0
32890,0,0
33007,0,0
33107,0,0
33207,0,0
33307,0,0
33407,0,0
33507,0,0
33607,0,0
33707,0,0
33807,0,0
33907,0,0
34007,0,0
34107,0,0
34207,0,0
34307,0,0
34407,0,0
34507,0,0
34607,0,0
34707,0,0
34807,0,0
34907,0,0
35007,0,0
35102,0,0
35202,0,0
35302,0,0
35402,0,0
35502,0,0
35602,0,0
35702,0,0
35802,0,0
35902,0,0
36002,0,0
36102,0,0
36202,0,0
36302,0,0
36402,0,0
36502,0,0
36602,0,0
36702,0,0
36802,0,0
36902,0,0
37002,0,0
37102,0,0
37202,0,0
37302,0,0
37402,0,0
37502,0,0
37602,0,0
37702,0,0
37802,0,0
37902,0,0
38002,0,0
38102,0,0
38202,0,0
38302,0,0
38402,0,0
38502,0,0
38602,0,0
38702,0,0
38802,0,0
38902,0,0
39002,0,0
39097,0,0
39197,0,0
39297,0,0
39397,0,0
39497,0,0
39597,0,0
39697,0,0
39797,0,0
39897,0,0
39997,0,0
40097,0,0
40197,0,0
40297,0,0
40397,0,0
40497,0,0
40597,0,0
40697,0,0
40797,0,0
40897,0,0
40997,0,0
41097,0,0
41197,0,0
41297,0,0
41397,0,0
41497,0,0
41597,0,0
41697,0,0
41797,0,0
41897,0,0
41997,0,0
42097,0,0
42197,0,0
42297,0,0
42397,0,0
42497,0,0
42597,0,0
42697,0,0
42797,0,0
42897,0,0
42997,0,0
43092,0,0
43192,0,0
43292,0,0
43392,0,0
43492,0,0
43592,0,0
43692,0,0
43792,0,0
43892,0,0
43992,0,0
44092,0,0
44192,0,0
44292,0,0
44392,0,0
44492,0,0
44592,0,0
44692,0,0
44792,0,0
44892,0,0
44992,0,0
45092,0,0
45192,0,0
45292,0,0
45392,0,0
45492,0,0
45592,0,0
45692,0,0
45792,0,0
45892,0,0
45992,0,0
46092,0,0
46192,0,0
46292,0,0
46392,0,0
46492,0,0
46592,0,0
46692,0,0
46792,0,0
46892,0,0
46992,0,0
47089,0,0
47189,0,0
47289,0,0
47389,0,0
47489,0,0
47589,0,0
47689,0,0
47789,0,0
47889,0,0
47989,0,0
48089,0,0
48189,0,0
48289,0,0
48389,0,0
48489,0,0
48589,0,0
48689,0,0
48789,0,0
48889,0,0
48989,0,0
49089,0,0
49189,0,0
49289,0,0
49389,0,0
49489,0,0
49589,0,0
49689,0,0
49789,0,0
49889,0,0
49989,0,0
50089,0,0
50189,0,0
50289,0,0
50389,0,0
50489,0,0
50589,0,0
50689,0,0
50789,0,0
50889,0,0
50989,0,0
51083,0,0
51183,0,0
51283,0,0
51383,0,0
51483,0,0
51583,0,0
51683,0,0
51783,0,0
51883,0,0
51983,0,0
52083,0,0
52183,0,0
52283,0,0
52383,0,0
52483,0,0
52583,0,0
52683,0,0
52783,0,0
52883,0,0
52983,0,0
53083,0,0
53183,0,0
53283,0,0
53383,0,0
53483,0,0
53583,0,0
53683,0,0
53783,0,0
53883,0,0
53983,0,0
54083,0,0
54183,0,0
54283,0,0
54383,0,0
54483,0,0
54583,0,0
54683,0,0
54783,0,0
54883,0,0
54983,0,0
55083,0,0
55183,0,0
55283,0,0
55383,0,0
55483,0,0
55583,0,0
55683,0,0
55783,0,0
55883,0,0
55983,0,0
56083,0,0
56183,0,0
56283,0,0
56383,0,0
56483,0,0
56583,0,0
56683,0,0
56783,0,0
56883,0,0
56983,0,0
57083,0,0
57183,0,0
57283,0,0
57383,0,0
57483,0,0
57583,0,0
57683,0,0
57783,0,0
57883,0,0
57983,0,0
58083,0,0
58183,0,0
58283,0,0
58383,0,0
58483,0,0
58583,0,0
58683,0,0
58783,0,0
58883,0,0
58983,0,0
59083,0,0
59183,0,0
59283,0,0
59383,0,0
59483,0,0
59583,0,0
59683,0,0
59783,0,0
59883,0,0
59983,0,0
60083,0,0
60183,0,0
60283,0,0
60383,0,0
60483,0,0
60583,0,0
60683,0,0
60783,0,0
60883,0,0
60983,0,0
61083,0,0
61183,0,0
61283,0,0
61383,0,0
61483,0,0
61583,0,0
61683,0,0
61783,0,0
61883,0,0
61983,0,0
62083,0,0
62183,0,0
62283,0,0
62383,0,0
62483,0,0
62583,0,0
62683,0,0
62783,0,0
62883,0,0
62983,0,0
63083,0,0
63183,0,0
63283,0,0
63383,0,0
63483,0,0
63583,0,0
63683,0,0
63783,0,0
63883,0,0
63983,0,0
64083,0,0
64183,0,0
64283,0,0
64383,0,0
64483,0,0
64583,0,0
64683,0,0
64783,0,0
64883,0,0
64983,0,0
65083,0,0
65183,0,0
65283,0,0
65383,0,0
65483,0,0
65583,0,0
65683,0,0
65783,0,0
65883,0,0
65983,0,0
66083,0,0
66183,0,0
66283,0,0
66383,0,0
66483,0,0
66583,0,0
66683,0,0
66783,0,0
66883,0,0
66983,0,0
67083,0,0
67183,0,0
67283,0,0
67383,0,0
67483,0,0
67583,0,0
67683,0,0
67783,0,0
67883,0,0
67983,0,0
68083,0,0
68183,0,0
68283,0,0
68383,0,0
68483,0,0
68583,0,0
68683,0,0
68783,0,0
68883,0,0
68983,0,0
69083,0,0
69183,0,0
69283,0,0
69383,0,0
69483,0,0
69583,0,0
69683,0,0
69783,0,0
69883,0,0
69983,0,0
70083,0,0
70183,0,0
70283,0,0
70383,0,0
70483,0,0
70583,0,0
70683,0,0
70783,0,0
70883,0,0
70983,0,0
71083,0,0
71183,0,0
71283,0,0
71383,0,0
71483,0,0
71583,0,0
71683,0,0
71783,0,0
71883,0,0
71983,0,0
72083,0,0
72183,0,0
72283,0,0
72383,0,0
72483,0,0
72583,0,0
72683,0,0
72783,0,0
72883,0,0
72983,0,0
73083,0,0
73183,0,0
73283,0,0
73383,0,0
73483,0,0
73560,0,0
73660,0,0
73760,0,0
73860,0,0
73960,0,0
74060,0,0
74160,0,0
74260,0,0
74360,0,0
74460,0,0
74560,0,0
74660,0,0
74760,0,0
74860,0,0
74960,0,0
75060,0,0
75160,0,0
75260,0,0
75360,0,0
75460,0,0
75560,0,0
75660,0,0
75760,0,0
75860,0,0
75960,0,0
76060,0,0
76160,0,0
76260,0,0
76360,0,0
76460,0,0
76560,0,0
76660,0,0
76760,0,0
76860,0,0
76960,0,0
77060,0,0
77160,0,0
77260,0,0
77360,0,0
77460,0,0
77556,0,0
77656,0,0
77756,0,0
77856,0,0
77956,0,0
78056,0,0
78156,0,0
78256,0,0
78356,0,0
78456,0,0
78556,0,0
78656,0,0
78756,0,0
78856,0,0
78956,0,0
79056,0,0
79156,0,0
79256,0,0
79356,0,0
79456,0,0
79556,0,0
79656,0,0
79756,0,0
79856,0,0
79956,0,0
80056,0,0
80156,0,0
80256,0,0
80356,0,0
80456,0,0
80556,0,0
80656,0,0
80756,0,0
80856,0,0
80956,0,0
81056,0,0
81156,0,0
81256,0,0
81356,0,0
81456,0,0
81551,0,0
81651,0,0
81751,0,0
81851,0,0
81951,0,0
82051,0,0
82151,0,0
82251,0,0
82351,0,0
82451,0,0
82551,0,0
82651,0,0
82751,0,0
82869,0,0
82969,0,0
83069,0,0
83169,0,0
83269,0,0
83370,0,0
83470,0,0
83570,0,0
83670,0,0
83770,0,0
83870,0,0
83970,0,0
84070,0,0
84170,0,0
84270,0,0
84370,0,0
84470,0,0
84570,0,0
84670,0,0
84770,0,0
84870,0,0
84970,0,0
85070,0,0
85170,0,0
85270,0,0
85370,0,0
85470,0,0
85566,0,0
85666,0,0
85766,0,0
85866,0,0
85966,0,0
86066,0,0
86166,0,0
86267,0,0
86367,0,0
86467,0,0
86567,0,0
86667,0,0
86767,0,0
86867,0,0
86967,0,0
87067,0,0
87167,0,0
87267,0,0
87367,0,0
87467,0,0
87567,0,0
87667,0,0
87767,0,0
87867,0,0
87967,0,0
88067,0,0
88167,0,0
88267,0,0
88367,0,0
88467,0,0
88567,0,0
88667,0,0
88767,0,0
88867,0,0
88967,0,0
89067,0,0
89167,0,0
89267,0,0
89367,0,0
89467,0,0
89563,0,0
89663,0,0
89763,0,0
89863,0,0
89963,0,0
90063,0,0
90163,0,0
90263,0,0
90363,0,0
90463,0,0
90563,0,0
90663,0,0
90763,0,0
90863,0,0
90963,0,0
91063,0,0
91163,0,0
91263,0,0
91363,0,0
91463,0,0
91563,0,0
91663,0,0
91763,0,0
91863,0,0
91963,0,0
92063,0,0
92163,0,0
92263,0,0
92363,0,0
92463,0,0
92563,0,0
92663,0,0
92763,0,0
92863,0,0
92963,0,0
93063,0,0
93163,0,0
93263,0,0
93363,0,0
93463,0,0
93558,0,0
93658,0,0
93758,0,0
93858,0,0
93958,0,0
94058,0,0
94158,0,0
94258,0,0
94358,0,0
94458,0,0
94558,0,0
94658,0,0
94758,0,0
94858,0,0
94958,0,0
95058,0,0
95158,0,0
95258,0,0
95358,0,0
95458,0,0
95558,0,0
95658,0,0
95758,0,0
95858,0,0
95958,0,0
96058,0,0
96158,0,0
96258,0,0
96358,0,0
96458,0,0
96558,0,0
96658,0,0
96758,0,0
96858,0,0
96958,0,0
97058,0,0
97158,0,0
97258,0,0
97358,0,0
97458,0,0
97558,0,0
97658,0,0
97750,0,0
97850,0,0
97950,0,0
98050,0,0
98150,0,0
98250,0,0
98350,0,0
98450,0,0
98550,0,0
98650,0,0
98750,0,0
98850,0,0
98950,0,0
99050,0,0
99150,0,0
99250,0,0
99350,0,0
99450,0,0
99550,0,0
99650,0,0
99750,0,0
99850,0,0
99950,0,0
100050,0,0
100150,0,0
100250,0,0
100350,0,0
100450,0,0
100550,0,0
100650,0,0
100750,0,0
100850,0,0
100950,0,0
101050,0,0
101150,0,0
101250,0,0
101350,0,0
101450,0,0
101550,0,0
101650,0,0
101750,0,0
101850,0,0
101950,0,0
102050,0,0
102150,0,0
102250,0,0
102350,0,0
102450,0,0
102550,0,0
102650,0,0
102750,0,0
102850,0,0
102950,0,0
103050,0,0
103150,0,0
103250,0,0
103350,0,0
103450,0,0
103550,0,0
103650,0,0
103750,0,0
103850,0,0
103950,0,0
104050,0,0
104150,0,0
104250,0,0
104350,0,0
104450,0,0
104550,0,0
104650,0,0
104750,0,0
104850,0,0
104950,0,0
105050,0,0
105150,0,0
105250,0,0
105350,0,0
105450,0,0
105550,0,0
105650,0,0
105745,0,0
105845,0,0
105945,0,0
106045,0,0
106145,0,0
106245,0,0
106345,0,0
106445,0,0
106545,0,0
106645,0,0
106745,0,0
106845,0,0
106945,0,0
107045,0,0
107145,0,0
107245,0,0
107345,0,0
107445,0,0
107545,0,0
107645,0,0
107745,0,0
107845,0,0
107945,0,0
108045,0,0
108145,0,0
108245,0,0
108345,0,0
108445,0,0
108545,0,0
108645,0,0
108745,0,0
108845,0,0
108945,0,0
109045,0,0
109145,0,0
109245,0,0
109345,0,0
109445,0,0
109545,0,0
109645,0,0
109740,0,0
109840,0,0
109940,0,0
110040,0,0
110140,0,0
110240,0,0
110340,0,0
110440,0,0
110540,0,0
110640,0,0
110740,0,0
110840,0,0
110940,0,0
111040,0,0
111140,0,0
111240,0,0
111340,0,0
111440,0,0
111540,0,0
111640,0,0
111740,0,0
111840,0,0
111940,0,0
112040,0,0
112140,0,0
112240,0,0
112340,0,0
112440,0,0
112540,0,0
112640,0,0
112740,0,0
112840,0,0
112940,0,0
113040,0,0
113140,0,0
113240,0,0
113340,0,0
113440,0,0
113540,0,0
113640,0,0
113740,0,0
113840,0,0
113940,0,0
114040,0,0
114140,0,0
114240,0,0
114340,0,0
114440,0,0
114540,0,0
114640,0,0
114740,0,0
114840,0,0
114940,0,0
115040,0,0
115140,0,0
115240,0,0
115340,0,0
115440,0,0
115540,0,0
115640,0,0
115740,0,0
115840,0,0
115940,0,0
116040,0,0
116140,0,0
116240,0,0
116340,0,0
116440,0,0
116540,0,0
116640,0,0
116740,0,0
116840,0,0
116940,0,0
117040,0,0
117140,0,0
117240,0,0
117340,0,0
117440,0,0
117540,0,0
117640,0,0
117740,0,0
117840,0,0
117940,0,0
118040,0,0
118140,0,0
118240,0,0
118340,0,0
118440,0,0
118540,0,0
118640,0,0
118740,0,0
118840,0,0
118940,0,0
119040,0,0
119140,0,0
119240,0,0
119340,0,0
119440,0,0
119540,0,0
119640,0,0
119740,0,0
119840,0,0
119940,0,0
120040,0,0
120140,0,0
120240,0,0
120340,0,0
120440,0,0
120540,0,0
120640,0,0
120740,0,0
120840,0,0
120940,0,0
121040,0,0
121140,0,0
121240,0,0
121340,0,0
121440,0,0
121540,0,0
121640,0,0
121740,0,0
121840,0,0
121940,0,0
122040,0,0
122140,0,0
122240,0,0
122340,0,0
122440,0,0
122540,0,0
122640,0,0
122740,0,0
122840,0,0
122940,0,0
123040,0,0
123140,0,0
123240,0,0
123340,0,0
123440,0,0
123540,0,0
123640,0,0
123740,0,0
123840,0,0
123940,0,0
124040,0,0
124140,0,0
124240,0,0
124340,0,0
124440,0,0
124540,0,0
124640,0,0
124740,0,0
124840,0,0
124940,0,0
125040,0,0
125140,0,0
125240,0,0
125340,0,0
125440,0,0
125540,0,0
125640,0,0
125740,0,0
125840,0,0
125940,0,0
126040,0,0
126140,0,0
126240,0,0
126340,0,0
126440,0,0
126540,0,0
126640,0,0
126740,0,0
126840,0,0
126940,0,0
127040,0,0
127140,0,0
127240,0,0
127340,0,0
127440,0,0
127540,0,0
127640,0,0
127740,0,0
127840,0,0
127940,0,0
128040,0,0
128140,0,0
128240,0,0
128340,0,0
128440,0,0
128540,0,0
128640,0,0
128740,0,0
128840,0,0
128940,0,0
129040,0,0
129140,0,0
129240,0,0
129340,0,0
129440,0,0
129540,0,0
129640,0,0
129740,0,0
129840,0,0
129919,0,0
130019,0,0
130119,0,0
130219,0,0
130319,0,0
130419,0,0
130519,0,0
130619,0,0
130719,0,0
130819,0,0
130919,0,0
131019,0,0
131119,0,0
131219,0,0
131319,0,0
131419,0,0
131519,0,0
131619,0,0
131719,0,0
131819,0,0
131919,0,0
132019,0,0
132119,0,0
132219,0,0
132319,0,0
132419,0,0
132519,0,0
132619,0,0
132719,0,0
132819,0,0
132919,0,0
133019,0,0
133119,0,0
133219,0,0
133319,0,0
133419,0,0
133519,0,0
133619,0,0
133719,0,0
133819,0,0
133915,0,0
134015,0,0
134115,0,0
134215,0,0
134315,0,0
134415,0,0
134515,0,0
134615,0,0
134715,0,0
134815,0,0
134915,0,0
135015,0,0
135115,0,0
135215,0,0
135315,0,0
135415,0,0
135515,0,0
135615,0,0
135715,0,0
135815,0,0
135915,0,0
136015,0,0
136115,0,0
136215,0,0
136315,0,0
136415,0,0
136515,0,0
136615,0,0
136715,0,0
136815,0,0
136915,0,0
137015,0,0
137115,0,0
137215,0,0
137315,0,0
137415,0,0
137515,0,0
137615,0,0
137715,0,0
137815,0,0
137909,0,0
138009,0,0
138109,0,0
138209,0,0
138309,0,0
138409,0,0
138509,0,0
138609,0,0
138709,0,0
138809,0,0
138909,0,0
139009,0,0
139109,0,0
139209,0,0
139309,0,0
139409,0,0
139509,0,0
139609,0,0
139709,0,0
139809,0,0
139909,0,0
140009,0,0
140109,0,0
140209,0,0
140309,0,0
140409,0,0
140509,0,0
140609,0,0
140709,0,0
140809,0,0
140909,0,0
141009,0,0
141109,0,0
141209,0,0
141309,0,0
141409,0,0
141509,0,0
141609,0,0
141709,0,0
141809,0,0
141905,0,0
142005,0,0
142105,0,0
142205,0,0
142305,0,0
142405,0,0
142505,0,0
142605,0,0
142705,0,0
142805,0,0
142905,0,0
143005,0,0
143105,0,0
143205,0,0
143305,0,0
143405,0,0
143505,0,0
143605,0,0
143705,0,0
143805,0,0
143905,0,0
144005,0,0
144114,0,0
144214,0,0
144314,0,0
144414,0,0
144514,0,0
144614,0,0
144714,0,0
144814,0,0
144915,0,0
145015,0,0
145115,0,0
145215,0,0
145315,0,0
145415,0,0
145515,0,0
145615,0,0
145715,0,0
145815,0,0
145910,0,0
146010,0,0
146110,0,0
146210,0,0
146310,0,0
146410,0,0
146510,0,0
146610,0,0
146710,0,0
146810,0,0
146910,0,0
147010,0,0
147110,0,0
147210,0,0
147310,0,0
147410,0,0
147510,0,0
147610,0,0
147710,0,0
147811,0,0
147911,0,0
148011,0,0
148111,0,0
148211,0,0
148311,0,0
148411,0,0
148511,0,0
148611,0,0
148711,0,0
148811,0,0
148911,0,0
149011,0,0
149111,0,0
149211,0,0
149311,0,0
149411,0,0
149511,0,0
149611,0,0
149711,0,0
149811,0,0
149911,0,0
149995,0,0
150095,0,0
150195,0,0
150295,0,0
150395,0,0
150495,0,0
150595,0,0
150696,0,0
150796,0,0
150896,0,0
150996,0,0
151096,0,0
151196,0,0
151296,0,0
151396,0,0
151496,0,0
151596,0,0
151696,0,0
151796,0,0
151896,0,0
151996,0,0
152096,0,0
152196,0,0
152296,0,0
152396,0,0
152496,0,0
152596,0,0
152696,0,0
152796,0,0
152896,0,0
152996,0,0
153096,0,0
153196,0,0
153296,0,0
153396,0,0
153496,0,0
153596,0,0
153696,0,0
153796,0,0
153896,0,0
153995,0,0
154095,0,0
154195,0,0
154295,0,0
154395,0,0
154495,0,0
154595,0,0
154695,0,0
154795,0,0
154895,0,0
154995,0,0
155095,0,0
155195,0,0
155295,0,0
155395,0,0
155495,0,0
155595,0,0
155695,0,0
155795,0,0
155895,0,0
155995,0,0
156095,0,0
156195,0,0
156295,0,0
156395,0,0
156495,0,0
156595,0,0
156695,0,0
156795,0,0
156895,0,0
156995,0,0
157095,0,0
157195,0,0
157295,0,0
157395,0,0
157495,0,0
157595,0,0
157695,0,0
157795,0,0
157895,0,0
157995,0,0
158095,0,0
158195,0,0
158295,0,0
158395,0,0
158495,0,0
158595,0,0
158695,0,0
158795,0,0
158895,0,0
158995,0,0
159095,0,0
159195,0,0
159295,0,0
159395,0,0
159495,0,0
159595,0,0
159695,0,0
159795,0,0
159895,0,0
159995,0,0
160095,0,0
160195,0,0
160295,0,0
160395,0,0
160495,0,0
160595,0,0
160695,0,0
160795,0,0
160895,0,0
160995,0,0
161095,0,0
161195,0,0
161304,0,0
161405,0,0
161505,0,0
161605,0,0
161705,0,0
161805,0,0
161905,0,0
162005,0,0
162104,0,0
162204,0,0
162304,0,0
162404,0,0
162504,0,0
162604,0,0
162704,0,0
162804,0,0
162904,0,0
163004,0,0
163104,0,0
163204,0,0
163304,0,0
163404,0,0
163504,0,0
163604,0,0
163704,0,0
163804,0,0
163904,0,0
164004,0,0
164104,0,0
164204,0,0
164305,0,0
164405,0,0
164505,0,0
164605,0,0
164705,0,0
164805,0,0
164905,0,0
165005,0,0
165105,0,0
165205,0,0
165305,0,0
165405,0,0
165505,0,0
165605,0,0
165705,0,0
165805,0,0
165905,0,0
166005,0,0
166102,0,0
166202,0,0
166302,0,0
166402,0,0
166502,0,0
166602,0,0
166702,0,0
166802,0,0
166902,0,0
167002,0,0
167102,0,0
167203,0,0
167303,0,0
167403,0,0
167503,0,0
167603,0,0
167703,0,0
167803,0,0
167903,0,0
168003,0,0
168103,0,0
168203,0,0
168303,0,0
168403,0,0
168503,0,0
168603,0,0
168703,0,0
168803,0,0
168903,0,0
169003,0,0
169103,0,0
169203,0,0
169303,0,0
169403,0,0
169503,0,0
169603,0,0
169703,0,0
169803,0,0
169903,0,0
170003,0,0
170103,0,0
170203,0,0
170303,0,0
170403,0,0
170503,0,0
170603,0,0
170703,0,0
170803,0,0
170903,0,0
171003,0,0
171103,0,0
171203,0,0
171303,0,0
171403,0,0
171503,0,0
171603,0,0
171703,0,0
171803,0,0
171903,0,0
172003,0,0
172103,0,0
172203,0,0
172303,0,0
172403,0,0
172503,0,0
172603,0,0
172703,0,0
172803,0,0
172903,0,0
173003,0,0
173103,0,0
173203,0,0
173303,0,0
173403,0,0
173503,0,0
173603,0,0
173703,0,0
173803,0,0
173903,0,0
174003,0,0
174103,0,0
174203,0,0
174303,0,0
174403,0,0
174503,0,0
174603,0,0
174703,0,0
174803,0,0
174903,0,0
175003,0,0
175103,0,0
175203,0,0
175303,0,0
175403,0,0
175503,0,0
175603,0,0
175703,0,0
175803,0,0
175903,0,0
176003,0,0
176103,0,0
176203,0,0
176303,0,0
176403,0,0
176503,0,0
176603,0,0
176703,0,0
176803,0,0
176903,0,0
177003,0,0
177103,0,0
177203,0,0
177303,0,0
177403,0,0
177503,0,0
177603,0,0
177703,0,0
177803,0,0
177903,0,0
178003,0,0
178103,0,0
178203,0,0
178303,0,0
178403,0,0
178503,0,0
178603,0,0
178703,0,0
178803,0,0
178903,0,0
179003,0,0
179103,0,0
179203,0,0
179303,0,0
179403,0,0
179503,0,0
179603,0,0
179703,0,0
179803,0,0
179903,0,0
180003,0,0
180103,0,0
180203,0,0
180303,0,0
180403,0,0
180503,0,0
180603,0,0
180703,0,0
180803,0,0
180903,0,0
181003,0,0
181103,0,0
181203,0,0
181303,0,0
181403,0,0
181503,0,0
181603,0,0
181703,0,0
181803,0,0
181903,0,0
182003,0,0
182103,0,0
182203,0,0
182303,0,0
182403,0,0
182503,0,0
182603,0,0
182703,0,0
182803,0,0
182903,0,0
183003,0,0
183103,0,0
183203,0,0
183303,0,0
183403,0,0
183503,0,0
183603,0,0
183703,0,0
183803,0,0
183903,0,0
184003,0,0
184103,0,0
184203,0,0
184303,0,0
184403,0,0
184503,0,0
184603,0,0
184703,0,0
184803,0,0
184903,0,0
185003,0,0
185103,0,0
185203,0,0
185303,0,0
185403,0,0
185503,0,0
185603,0,0
185703,0,0
185803,0,0
185903,0,0
186003,0,0
186103,0,0
186203,0,0
186280,0,0
186380,0,0
186480,0,0
186781,0,0
186881,0,1
186981,0,1
187081,0,1
187181,0,1
187281,0,1
187381,0,1
187481,0,1
187581,0,1
187681,0,1
187781,0,1
187881,0,1
187981,0,1
188081,0,1
188181,0,1
188281,0,1
188381,0,1
188481,0,1
188581,0,1
188681,0,1
188781,0,1
188881,0,1
188981,0,1
189081,0,1
189181,0,1
189282,0,1
189382,0,1
189482,0,1
189582,0,1
189682,0,1
189782,0,1
189882,0,1
189982,0,1
190082,0,1
190182,0,1
190278,0,1
190378,0,1
190478,0,1
190578,0,1
190678,0,1
190805,0,0
190905,0,0
191005,0,0
191105,0,0
191205,0,0
191305,0,0
191405,0,0
191902,0,0
192002,0,1
192102,0,1
192202,0,1
192302,0,1
192402,0,1
192502,1,2
192602,1,2
192702,1,2
192802,1,2
192902,1,2
193002,1,2
193102,1,2
193203,1,2
193303,1,2
193403,1,2
193503,1,2
193603,1,2
193703,1,2
193803,1,2
193903,1,2
194003,1,2
194103,1,2
194203,1,2
194299,1,2
194399,1,2
194499,1,2
194599,1,2
194699,1,2
194799,1,2
194899,1,2
194999,1,2
195099,1,2
195199,1,2
195299,1,2
195399,1,2
195499,1,2
195599,1,2
195699,1,2
195799,1,2
195899,1,2
195999,1,2
196100,1,2
196200,1,2
196300,1,2
196400,1,2
196500,1,2
196600,1,2
196700,1,2
196800,1,2
196900,1,2
197000,1,2
197100,1,2
197240,1,2
197340,1,2
197440,1,2
197540,1,2
197640,1,2
197740,1,2
197840,1,2
197940,1,2
198040,1,2
198140,1,2
198240,1,2
198320,1,2
198420,1,2
198520,1,2
198620,1,2
198720,1,2
198820,1,2
198920,1,2
199020,1,2
199120,1,2
199220,1,2
199320,1,2
199420,1,2
199520,1,2
199620,1,2
199720,1,2
199820,1,2
199920,1,2
200020,1,2
200120,1,2
200220,1,2
200320,1,2
200420,1,2
200520,1,2
200620,1,2
200720,1,2
200820,1,2
200920,1,2
201020,1,2
201120,1,2
201220,1,2
201320,1,2
201420,1,2
201520,1,2
201620,1,2
201720,1,2
201820,1,2
201920,1,2
202020,1,2
202120,1,2
202220,1,2
202323,1,2
202423,1,2
202523,1,2
202623,1,2
202723,1,2
202823,1,2
202923,1,2
203023,1,2
203123,1,2
203223,1,2
203323,1,2
203423,1,2
203523,1,2
203623,1,2
203723,1,2
203823,1,2
203923,1,2
204023,1,2
204123,1,2
204223,1,2
204323,1,2
204423,1,2
204523,1,2
204623,1,2
204723,1,2
204823,1,2
204923,1,2
205023,1,2
205123,1,2
205223,1,2
205323,1,2
205423,1,2
205523,1,2
205623,1,2
205723,1,2
205823,1,2
205923,1,2
206023,1,2
206123,1,2
206223,1,2
206323,1,2
206423,1,2
206523,1,2
206623,1,2
206723,1,2
206823,1,2
206923,1,2
207023,1,2
207123,1,2
207223,1,2
207323,1,2
207423,1,2
207523,1,2
207623,1,2
207723,1,2
207823,1,2
207923,1,2
208023,1,2
208123,1,2
208223,1,2
208323,1,2
208423,1,2
208523,1,2
208623,1,2
208723,1,2
208823,1,2
208923,1,2
209023,1,2
209123,1,2
209223,1,2
209323,1,2
209423,1,2
209523,1,2
209623,1,2
209723,1,2
209823,1,2
209923,1,2
210023,1,2
210123,1,2
210223,1,2
210322,1,2
210422,1,2
210522,1,2
210622,1,2
210722,1,2
210822,1,2
210922,1,2
211022,1,2
211122,1,2
211222,1,2
211322,1,2
211422,1,2
211522,1,2
211622,1,2
211722,1,2
211822,1,2
211922,1,2
212022,1,2
212122,1,2
212222,1,2
212322,1,2
212422,1,2
212522,1,2
212622,1,2
212722,1,2
212822,1,2
212922,1,2
213022,1,2
213122,1,2
213222,1,2
213322,1,2
213422,1,2
213546,1,2
213646,1,2
213746,1,2
213846,1,2
213946,1,2
214046,1,2
214146,1,2
214246,1,2
214334,1,2
214434,1,2
214534,1,2
214634,1,2
214734,1,2
214834,1,2
214934,1,2
215034,1,2
215134,1,2
215234,1,2
215334,1,2
215434,1,2
215534,1,2
215634,1,2
215734,1,2
215834,1,2
215934,1,2
216034,1,2
216134,1,2
216234,1,2
216334,1,2
216434,1,2
216534,1,2
216634,1,2
216734,1,2
216834,1,2
216934,1,2
217034,1,2
217134,1,2
217234,1,2
217334,1,2
217434,1,2
217534,1,2
217634,1,2
217734,1,2
217834,1,2
217934,1,2
218034,1,2
218134,1,2
218234,1,2
218335,1,2
218435,1,2
218535,1,2
218635,1,2
218735,1,2
218835,1,2
218935,1,2
219035,1,2
219135,1,2
219235,1,2
219335,1,2
219435,1,2
219535,1,2
219635,1,2
219735,1,2
219835,1,2
219935,1,2
220035,1,2
220135,1,2
220235,1,2
220335,1,2
220435,1,2
220535,1,2
220635,1,2
220735,1,2
220835,1,2
220935,1,2
221035,1,2
221135,1,2
221235,1,2
221335,1,2
221435,1,2
221535,1,2
221635,1,2
221735,1,2
221835,1,2
221935,1,2
222035,1,2
222135,1,2
222235,1,2
222332,1,2
222432,1,2
222532,1,2
222632,1,2
222732,1,2
222832,1,2
222932,1,2
223032,1,2
223132,1,2
223232,1,2
223332,1,2
223432,1,2
223532,1,2
223632,1,2
223732,1,2
223832,1,2
223932,1,2
224032,1,2
224132,1,2
224232,1,2
224332,1,2
224432,1,2
224532,1,2
224632,1,2
224732,1,2
224832,1,2
224932,1,2
225032,1,2
225132,1,2
225232,1,2
225332,1,2
225432,1,2
225532,1,2
225632,1,2
225732,1,2
225832,1,2
225932,1,2
226032,1,2
226132,1,2
226232,1,2
226332,1,2
226432,1,2
226532,1,2
226632,1,2
226732,1,2
226832,1,2
226932,1,2
227032,1,2
227132,1,2
227232,1,2
227332,1,2
227432,1,2
227532,1,2
227632,1,2
227732,1,2
227832,1,2
227932,1,2
228032,1,2
228132,1,2
228232,1,2
228332,1,2
228432,1,2
228532,1,2
228632,1,2
228732,1,2
228832,1,2
228932,1,2
229032,1,2
229132,1,2
229232,1,2
229332,1,2
229432,1,2
229532,1,2
229632,1,2
229732,0,0
229832,0,0
229932,0,0
230032,0,0
230132,0,0
230232,0,0
230332,0,0
230432,0,0
230532,0,0
230632,0,0
230732,0,0
230832,0,0
230932,0,0
231032,0,0
231132,0,0
231232,0,0
231332,0,0
231432,0,0
231532,0,0
231632,0,0
231732,0,0
231832,0,0
231932,0,0
232032,0,0
232132,0,0
232232,0,0
232332,0,0
232432,0,0
232532,0,0
232632,0,0
232732,0,0
232832,0,0
232932,0,0
233032,0,0
233132,0,0
233232,0,0
233332,0,0
233432,0,0
233532,0,0
233632,0,0
233732,0,0
233832,0,0
233932,0,0
234032,0,0
234132,0,0
234232,0,0
234332,0,0
234432,0,0
234532,0,0
234632,0,0
234732,0,0
234832,0,0
234932,0,0
235032,0,0
235132,0,0
235232,0,0
235332,0,0
235432,0,0
235532,0,0
235632,0,0
235732,0,0
235832,0,0
235932,0,0
236032,0,0
236132,0,0
236232,0,0
236332,0,0
236432,0,0
236532,0,0
236632,0,0
236732,0,0
236832,0,0
236932,0,0
237032,0,0
237132,0,0
237232,0,0
237332,0,0
237432,0,0
237532,0,0
237632,0,0
237732,0,0
237832,0,0
237932,0,0
238032,0,0
238132,0,0
238232,0,0
238332,0,0
238432,0,0
238532,0,0
238632,0,0
238732,0,0
238832,0,0
238932,0,0
239032,0,0
239132,0,0
239232,0,0
239332,0,0
239432,0,0
239532,0,0
239632,0,0
239732,0,0
239832,0,0
239932,0,0
240032,0,0
240132,0,0
240232,0,0
240332,0,0
240432,0,0
240532,0,0
240632,0,0
240732,0,0
240832,0,0
240932,0,0
241032,0,0
241132,0,0
241232,0,0
241332,0,0
241432,0,0
241532,0,0
241632,0,0
241732,0,0
241832,0,0
241932,0,0
242032,0,0
242132,0,0
242232,0,0
242332,0,0
242432,0,0
242532,0,0
242632,0,0
242732,0,0
242832,0,0
242932,0,0
243032,0,0
243109,0,0
243209,0,0
243309,0,0
243409,0,0
243509,0,0
243612,0,0
243712,0,0
243812,0,0
243912,0,0
244012,0,0
244112,0,0
244212,0,0
244312,0,0
244412,0,0
244512,0,0
244612,0,0
244712,0,0
244813,0,0
244913,0,0
245013,0,0
245113,0,0
245213,0,0
245313,0,0
245413,0,0
245513,0,0
245613,0,0
245713,0,0
245813,0,0
245913,0,0
246013,0,0
246113,0,0
246213,0,0
246313,0,0
246413,0,0
246513,0,0
246613,0,0
246713,0,0
246813,0,0
246913,0,0
247013,0,0
247110,0,0
247210,0,0
247310,0,0
247410,0,0
247510,0,0
247610,0,0
247710,0,0
247810,0,0
247910,0,0
248010,0,0
248110,0,0
248210,0,0
248310,0,0
248410,0,0
248510,0,0
248610,0,0
248710,0,0
248810,0,0
248910,0,0
249010,0,0
249110,0,0
249210,0,0
249310,0,0
249410,0,0
249510,0,0
249610,0,0
249710,0,0
249810,0,0
249910,0,0
250010,0,0
250110,0,0
250210,0,0
250310,0,0
250410,0,0
250510,0,0
250610,0,0
250710,0,0
250810,0,0
250910,0,0
251010,0,0
251105,0,0
251205,0,0
251305,0,0
251405,0,0
251505,0,0
251605,0,0
251705,0,0
251805,0,0
251905,0,0
252005,0,0
252105,0,0
252205,0,0
252305,0,0
252405,0,0
252505,0,0
252605,0,0
252705,0,0
252805,0,0
252905,0,0
253005,0,0
253105,0,0
253205,0,0
253305,0,0
253405,0,0
253505,0,0
253605,0,0
253705,0,0
253805,0,0
253905,0,0
254005,0,0
254105,0,0
254205,0,0
254305,0,0
254405,0,0
254505,0,0
254605,0,0
254705,0,0
254805,0,0
254905,0,0
255005,0,0
255101,0,0
255201,0,0
255301,0,0
255401,0,0
255501,0,0
255601,0,0
255701,0,0
255801,0,0
255901,0,0
256001,0,0
256101,0,0
256201,0,0
256301,0,0
256401,0,0
256501,0,0
256601,0,0
256701,0,0
256801,0,0
256901,0,0
257001,0,0
257101,0,0
257201,0,0
257301,0,0
257401,0,0
257501,0,0
257601,0,0
257701,0,0
257801,0,0
257901,0,0
258001,0,0
258101,0,0
258201,0,0
258301,0,0
258401,0,0
258501,0,0
258601,0,0
258701,0,0
258801,0,0
258901,0,0
259001,0,0
259097,0,0
259197,0,0
259297,0,0
259397,0,0
259497,0,0
259597,0,0
259697,0,0
259797,0,0
259897,0,0
259997,0,0
260097,0,0
260197,0,0
260297,0,0
260397,0,0
260497,0,0
260597,0,0
260697,0,0
260797,0,0
260897,0,0
260997,0,0
261097,0,0
261197,0,0
261297,0,0
261397,0,0
261497,0,0
261597,0,0
261697,0,0
261797,0,0
261897,0,0
261997,0,0
262097,0,0
262197,0,0
262297,0,0
262397,0,0
262497,0,0
262597,0,0
262697,0,0
262797,0,0
262897,0,0
262997,0,0
263089,0,0
263189,0,0
263289,0,0
263389,0,0
263489,0,0
263589,0,0
263689,0,0
263789,0,0
263889,0,0
263989,0,0
264089,0,0
264189,0,0
264289,0,0
264389,0,0
264489,0,0
264589,0,0
264689,0,0
264789,0,0
264889,0,0
264989,0,0
265089,0,0
265189,0,0
265289,0,0
265389,0,0
265489,0,0
265589,0,0
265689,0,0
265789,0,0
265889,0,0
265989,0,0
266089,0,0
266189,0,0
266289,0,0
266389,0,0
266489,0,0
266589,0,0
266689,0,0
266789,0,0
266889,0,0
266989,0,0
267085,0,0
267185,0,0
267285,0,0
267385,0,0
267485,0,0
267585,0,0
267685,0,0
267785,0,0
267885,0,0
267985,0,0
268085,0,0
268185,0,0
268285,0,0
268385,0,0
268485,0,0
268585,0,0
268685,0,0
268785,0,0
268885,0,0
268985,0,0
269085,0,0
269185,0,0
269285,0,0
269385,0,0
269485,0,0
269585,0,0
269685,0,0
269785,0,0
269885,0,0
269985,0,0
270085,0,0
270185,0,0
270285,0,0
270385,0,0
270485,0,0
270585,0,0
270685,0,0
270785,0,0
270885,0,0
270985,0,0
271082,0,0
271182,0,0
271282,0,0
271382,0,0
271482,0,0
271582,0,0
271682,0,0
271782,0,0
271882,0,0
271982,0,0
272082,0,0
272182,0,0
272282,0,0
272382,0,0
272482,0,0
272582,0,0
272682,0,0
272782,0,0
272882,0,0
272982,0,0
273082,0,0
273182,0,0
273282,0,0
273382,0,0
273482,0,0
273582,0,0
273682,0,0
273782,0,0
273882,0,0
273982,0,0
274082,0,0
274182,0,0
274282,0,0
274382,0,0
274482,0,0
274582,0,0
274682,0,0
274782,0,0
274882,0,0
274982,0,0
275077,0,0
275177,0,0
275277,0,0
275377,0,0
275477,0,0
275577,0,0
275677,0,0
275777,0,0
275877,0,0
275977,0,0
276077,0,0
276177,0,0
276277,0,0
276377,0,0
276477,0,0
276577,0,0
276677,0,0
276777,0,0
276877,0,0
276977,0,0
277077,0,0
277177,0,0
277277,0,0
277377,0,0
277477,0,0
277577,0,0
277677,0,0
277777,0,0
277877,0,0
277977,0,0
278077,0,0
278177,0,0
278277,0,0
278377,0,0
278477,0,0
278577,0,0
278677,0,0
278777,0,0
278877,0,0
278977,0,0
279074,0,0
279174,0,0
279274,0,0
279374,0,0
279474,0,0
279574,0,0
279674,0,0
279774,0,0
279874,0,0
279974,0,0
280074,0,0
280174,0,0
280274,0,0
280374,0,0
280474,0,0
280574,0,0
280674,0,0
280774,0,0
280874,0,0
280974,0,0
281074,0,0
281174,0,0
281274,0,0
281374,0,0
281474,0,0
281574,0,0
281674,0,0
281774,0,0
281874,0,0
281974,0,0
282074,0,0
282174,0,0
282274,0,0
282374,0,0
282474,0,0
282574,0,0
282674,0,0
282774,0,0
282874,0,0
282974,0,0
283074,0,0
283174,0,0
283274,0,0
283374,0,0
283474,0,0
283574,0,0
283674,0,0
283774,0,0
283874,0,0
283974,0,0
284074,0,0
284174,0,0
284274,0,0
284374,0,0
284474,0,0
284574,0,0
284674,0,0
284774,0,0
284874,0,0
284974,0,0
285074,0,0
285174,0,0
285274,0,0
285374,0,0
285474,0,0
285574,0,0
285674,0,0
285774,0,0
285874,0,0
285974,0,0
286074,0,0
286174,0,0
286274,0,0
286374,0,0
286474,0,0
286574,0,0
286674,0,0
286774,0,0
286874,0,0
286974,0,0
287074,0,0
287174,0,0
287274,0,0
287374,0,0
287474,0,0
287574,0,0
287674,0,0
287774,0,0
287874,0,0
287974,0,0
288074,0,0
288174,0,0
288274,0,0
288374,0,0
288474,0,0
288574,0,0
288674,0,0
288774,0,0
288874,0,0
288974,0,0
289074,0,0
289174,0,0
289274,0,0
289374,0,0
289474,0,0
289574,0,0
289674,0,0
289774,0,0
289874,0,0
289974,0,0
290074,0,0
290174,0,0
290274,0,0
290374,0,0
290474,0,0
290574,0,0
290674,0,0
290774,0,0
290874,0,0
290974,0,0
291074,0,0
291174,0,0
291274,0,0
291374,0,0
291474,0,0
291574,0,0
291674,0,0
291774,0,0
291874,0,0
291974,0,0
292074,0,0
292174,0,0
292274,0,0
292374,0,0
292474,0,0
292574,0,0
292674,0,0
292774,0,0
292874,0,0
292974,0,0
293074,0,0
293174,0,0
293274,0,0
293374,0,0
293474,0,0
293574,0,0
293674,0,0
293774,0,0
293874,0,0
293974,0,0
294074,0,0
294174,0,0
294274,0,0
294374,0,0
294474,0,0
294574,0,0
294674,0,0
294774,0,0
294874,0,0
294974,0,0
295074,0,0
295174,0,0
295274,0,0
295374,0,0
295474,0,0
295574,0,0
295674,0,0
295774,0,0
295874,0,0
295974,0,0
296074,0,0
296174,0,0
296274,0,0
296374,0,0
296474,0,0
296574,0,0
296674,0,0
296774,0,0
296874,0,0
296974,0,0
297074,0,0
297174,0,0
297274,0,0
297374,0,0
297474,0,0
297574,0,0
297674,0,0
297774,0,0
297874,0,0
297974,0,0
298074,0,0
298174,0,0
298274,0,0
298374,0,0
298474,0,0
298574,0,0
298674,0,0
298774,0,0
298874,0,0
298974,0,0
299074,0,0
299174,0,0
299274,0,0
299374,0,0
299474,0,0
299574,0,0
299674,0,0
299774,0,0
299851,0,0
299951,0,0
300051,0,0
300151,0,0
300251,0,0
300753,0,0
300853,0,1
300953,0,1
301053,0,1
301153,0,1
301253,0,1
301353,0,1
301453,0,1
301553,0,1
301653,0,1
301754,0,1
301854,0,1
301954,0,1
302054,0,1
302154,0,1
302254,0,1
302354,0,1
302454,0,1
302554,0,1
302654,0,1
302754,0,1
302854,0,1
302954,0,1
303054,0,1
303154,0,1
303254,0,1
303354,0,1
303454,0,1
303554,0,1
303654,0,1
303754,0,1
303849,0,1
303949,0,1
304049,0,1
304149,0,1
304249,0,1
304349,0,1
304449,0,1
304549,0,1
304650,0,1
304776,0,0
304876,0,0
305095,0,0
305195,0,1
305295,0,1
305395,0,1
305513,0,1
305613,1,2
305713,1,2
305813,1,2
305913,1,2
306013,1,2
306113,1,2
306213,1,2
306314,1,2
306414,1,2
306514,1,2
306614,1,2
306714,1,2
306814,1,2
306914,1,2
307014,1,2
307114,1,2
307214,1,2
307314,1,2
307414,1,2
307569,0,0
307669,0,0
307769,0,0
307852,0,0
307952,0,0
308052,0,0
308152,0,0
308252,0,0
308352,0,0
308452,0,0
308552,0,0
308652,0,0
308752,0,0
308852,0,0
308952,0,0
309052,0,0
309152,0,0
309252,0,0
309352,0,0
309452,0,0
309552,0,0
309796,0,0
309896,0,1
309996,0,1
310096,0,1
310196,0,1
310296,0,1
310396,0,1
310496,0,1
310596,0,1
310696,0,1
310796,0,1
310896,0,1
310996,0,1
311096,0,1
311196,0,1
311296,0,1
311396,0,1
311496,0,1
311596,0,1
311696,0,1
311806,0,1
311906,0,1
312006,0,1
312106,0,1
312206,0,1
312306,0,1
312406,0,1
312506,0,1
312606,0,1
312707,0,1
312807,0,1
312907,0,1
313007,0,1
313107,0,1
313207,0,1
313307,0,1
313407,0,1
313507,0,1
313607,0,1
313707,0,1
313835,0,0
313935,0,0
314035,0,0
314135,0,0
314235,0,0
314335,0,0
314435,0,0
314535,0,0
314845,0,0
314945,0,1
315045,0,1
315145,0,1
315245,0,1
315345,0,1
315445,0,1
315545,0,1
315645,0,1
315745,0,1
315839,0,1
315939,0,1
316039,0,1
316139,0,1
316239,0,1
316339,0,1
316439,0,1
316539,0,1
316639,0,1
316739,0,1
316840,0,1
316940,0,1
317040,0,1
317140,0,1
317240,0,1
317340,0,1
317440,0,1
317540,0,1
317640,0,1
317740,0,1
317840,0,1
317940,0,1
318040,0,1
318140,0,1
318240,0,1
318340,0,1
318440,0,1
318540,0,1
318640,0,1
318740,0,1
318868,0,0
318968,0,0
319068,0,0
319168,0,0
319268,0,0
319368,0,0
319468,0,0
319568,0,0
319668,0,0
319768,0,0
319864,0,0
319964,0,0
320064,0,0
320164,0,0
320264,0,0
320364,0,0
320464,0,0
320564,0,0
320664,0,0
320764,0,0
320864,0,0
320964,0,0
321064,0,0
321164,0,0
321264,0,0
321364,0,0
321464,0,0
321564,0,0
321664,0,0
321764,0,0
321864,0,0
321964,0,0
322064,0,0
322164,0,0
322264,0,0
322364,0,0
322464,0,0
322564,0,0
322664,0,0
323213,0,0
323313,0,1
323413,0,1
323513,0,1
323613,0,1
323713,0,1
323809,0,1
323909,0,1
324009,0,1
324109,0,1
324209,0,1
324309,0,1
324409,0,1
324509,0,1
324609,0,1
324709,0,1
324810,0,1
324910,0,1
325010,0,1
325110,0,1
325210,0,1
325310,0,1
325410,0,1
325510,0,1
325610,0,1
325710,0,1
325810,0,1
325910,0,1
326010,0,1
326110,0,1
326210,0,1
326310,0,1
326410,0,1
326510,0,1
326610,0,1
326710,0,1
326810,0,1
326910,0,1
327010,0,1
327110,0,1
327237,0,0
327337,0,0
327437,0,0
327537,0,0
327637,0,0
328018,0,0
327869,0,1
327969,0,1
328069,0,1
328200,0,1
328300,1,2
328401,1,2
328501,1,2
328601,1,2
328701,1,2
328801,1,2
328901,1,2
329001,1,2
329101,1,2
329201,1,2
329301,1,2
329401,1,2
329501,1,2
329601,1,2
329701,1,2
329801,1,2
329901,1,2
330001,1,2
330101,1,2
330228,0,0
330328,0,0
330428,0,0
330528,0,0
330628,0,0
330728,0,0
330828,0,0
330928,0,0
331028,0,0
331128,0,0
331228,0,0
331328,0,0
331428,0,0
331528,0,0
331869,0,0
331970,0,0
332070,0,0
332170,0,0
332270,0,0
332370,0,0
332470,0,0
332570,0,0
332670,0,0
332997,0,0
333097,0,1
333197,0,1
333297,0,1
333397,0,1
333497,0,1
333597,0,1
333697,0,1
333797,0,1
333897,0,1
333997,0,1
334097,0,1
334197,0,1
334297,0,1
334397,0,1
334497,0,1
334597,0,1
334697,0,1
334797,0,1
334897,0,1
334997,0,1
335097,0,1
335197,0,1
335298,0,1
335398,0,1
335498,0,1
335598,0,1
335698,0,1
335792,0,1
335892,0,1
335992,0,1
336092,0,1
336192,0,1
336292,0,1
336392,0,1
336492,0,1
336592,0,1
336692,0,1
336792,0,1
336892,0,1
337020,0,0
337120,0,0
337220,0,0
337320,0,0
337420,0,0
337520,0,0
337828,0,0
337928,0,1
338028,0,1
338128,0,1
338228,0,1
338328,0,1
338428,0,1
338528,0,1
338628,0,1
338728,0,1
338828,0,1
338928,0,1
339028,0,1
339128,0,1
339228,0,1
339328,0,1
339428,0,1
339528,0,1
339628,0,1
339729,0,1
339825,0,1
339925,0,1
340025,0,1
340125,0,1
340225,0,1
340325,0,1
340425,0,1
340525,0,1
340625,0,1
340725,0,1
340825,0,1
340925,0,1
341025,0,1
341125,0,1
341225,0,1
341325,0,1
341425,0,1
341525,0,1
341625,0,1
341725,0,1
341852,0,0
341952,0,0
342052,0,0
342152,0,0
342252,0,0
342352,0,0
342452,0,0
342552,0,0
342652,0,0
342752,0,0
342852,0,0
342952,0,0
343053,0,0
343153,0,0
343253,0,0
343353,0,0
343453,0,0
343553,0,0
343653,0,0
343753,0,0
343853,0,0
343953,0,0
344053,0,0
344153,0,0
344253,0,0
344353,0,0
344453,0,0
344553,0,0
344653,0,0
344753,0,0
344853,0,0
344953,0,0
345053,0,0
345153,0,0
345253,0,0
345353,0,0
345453,0,0
345553,0,0
345653,0,0
345753,0,0
345853,0,0
345954,0,0
346054,0,0
346154,0,0
346254,0,0
346354,0,0
346454,0,0
346554,0,0
346654,0,0
346754,0,0
346854,0,0
346954,0,0
347054,0,0
347154,0,0
347254,0,0
347354,0,0
347454,0,0
347554,0,0
347654,0,0
347754,0,0
347854,0,0
347954,0,0
348054,0,0
348154,0,0
348254,0,0
348354,0,0
348454,0,0
348554,0,0
348654,0,0
348754,0,0
348854,0,0
348954,0,0
349054,0,0
349154,0,0
349254,0,0
349354,0,0
349454,0,0
349554,0,0
349654,0,0
349754,0,0
349854,0,0
349954,0,0
350054,0,0
350154,0,0
350254,0,0
350354,0,0
350454,0,0
350554,0,0
350654,0,0
350754,0,0
350854,0,0
350954,0,0
351054,0,0
351154,0,0
351254,0,0
351354,0,0
351454,0,0
351554,0,0
351654,0,0
351754,0,0
351854,0,0
351954,0,0
352054,0,0
352154,0,0
352254,0,0
352354,0,0
352454,0,0
352554,0,0
352654,0,0
352754,0,0
352854,0,0
352954,0,0
353054,0,0
353154,0,0
353254,0,0
353354,0,0
353454,0,0
353554,0,0
353654,0,0
353754,0,0
353854,0,0
353954,0,0
354054,0,0
354154,0,0
354254,0,0
354354,0,0
354454,0,0
354554,0,0
354654,0,0
354754,0,0
354854,0,0
354954,0,0
355054,0,0
355154,0,0
355254,0,0
355354,0,0
355454,0,0
355554,0,0
355654,0,0
355754,0,0
355835,0,0
355935,0,0
356035,0,0
356135,0,0
356235,0,0
356335,0,0
356435,0,0
356535,0,0
356635,0,0
356735,0,0
356835,0,0
356935,0,0
357035,0,0
357135,0,0
357235,0,0
357335,0,0
357435,0,0
357535,0,0
357635,0,0
357735,0,0
357835,0,0
357935,0,0
358035,0,0
358135,0,0
358235,0,0
358335,0,0
358435,0,0
358535,0,0
358635,0,0
358735,0,0
358835,0,0
358935,0,0
359215,0,0
359315,0,1
359415,0,1
359515,0,1
359615,0,1
359715,0,1
359809,0,1
359909,0,1
360009,0,1
360109,0,1
360209,0,1
360309,0,1
360409,0,1
360509,0,1
360609,0,1
360709,0,1
360809,0,1
360909,0,1
361009,0,1
361109,0,1
361209,0,1
361309,0,1
361409,0,1
361509,0,1
361609,0,1
361709,0,1
361809,0,1
361909,0,1
362009,0,1
362109,0,1
362209,0,1
362309,0,1
362409,0,1
362509,0,1
362609,0,1
362709,0,1
362809,0,1
362909,0,1
363009,0,1
363109,0,1
363209,0,1
363309,0,0
363409,0,0
363509,0,0
363609,0,0
364091,0,0
363894,0,1
363994,0,1
364094,0,1
364194,0,1
364294,0,1
364394,0,1
364494,0,1
364594,0,1
364694,0,1
364794,0,1
364894,0,1
364994,0,1
365094,0,1
365194,0,1
365294,0,1
365394,0,1
365494,0,1
365594,0,1
365694,0,1
365794,0,1
365894,0,1
365994,0,1
366094,0,1
366194,0,1
366294,0,1
366394,0,1
366494,0,1
366594,0,1
366694,0,1
366795,0,1
366895,0,1
366995,0,1
367095,0,1
367195,0,1
367295,0,1
367395,0,1
367495,0,1
367887,0,1
367987,0,1
368115,0,0
368215,0,0
368315,0,0
368415,0,0
368515,0,0
368615,0,0
368715,0,0
368815,0,0
368915,0,0
369015,0,0
369115,0,0
369215,0,0
369315,0,0
369415,0,0
369515,0,0
369615,0,0
369715,0,0
369815,0,0
369915,0,0
370015,0,0
370116,0,0
370216,0,0
370316,0,0
370416,0,0
370516,0,0
370616,0,0
370716,0,0
370816,0,0
370916,0,0
371016,0,0
371116,0,0
371216,0,0
371316,0,0
371416,0,0
371516,0,0
371616,0,0
371716,0,0
371945,0,0
371924,0,1
372024,0,1
372124,0,1
372242,0,1
372342,0,0
372442,0,0
372542,0,0
372642,0,0
372742,0,0
372842,0,0
372942,0,0
373042,0,0
373142,0,0
373242,0,0
373342,0,0
373442,0,0
373542,0,0
373642,0,0
373742,0,0
373842,0,0
373942,0,0
374042,0,0
374142,0,0
374242,0,0
374342,0,0
374442,0,0
374542,0,0
374642,0,0
374742,0,0
374842,0,0
374942,0,0
375042,0,0
375142,0,0
375243,0,0
375343,0,0
375443,0,0
375543,0,0
375643,0,0
375743,0,0
375843,0,0
376043,0,0
376118,0,1
376218,0,1
376318,0,1
376418,0,1
376518,0,1
376618,0,1
376718,0,1
376818,0,1
376918,0,1
377018,0,1
377118,0,1
377218,0,1
377318,0,1
377418,0,1
377518,0,1
377618,0,1
377718,0,1
377818,0,1
377918,0,1
378018,0,1
378118,0,1
378218,0,1
378318,0,1
378418,0,1
378518,0,1
378618,0,1
378718,0,1
378818,0,1
378918,0,1
379018,0,1
379118,0,1
379218,0,1
379318,0,1
379418,0,1
379518,0,1
379618,0,1
379718,0,1
379818,0,1
379918,0,1
380141,0,1
380241,0,0
380341,0,0
380441,0,0
380541,0,0
380641,0,0
380741,0,0
380841,0,0
380941,0,0
381041,0,0
381141,0,0
381241,0,0
381341,0,0
381441,0,0
381541,0,0
381641,0,0
381741,0,0
381841,0,0
381941,0,0
382041,0,0
382141,0,0
382241,0,0
382341,0,0
382441,0,0
382541,0,0
382641,0,0
382741,0,0
382841,0,0
382941,0,0
383041,0,0
383141,0,0
383241,0,0
383341,0,0
383441,0,0
383541,0,0
383641,0,0
383741,0,0
383841,0,0
383941,0,0
384041,0,0
384140,0,0
384240,0,0
384340,0,0
384440,0,0
384540,0,0
384640,0,0
384740,0,0
384840,0,0
384940,0,0
385040,0,0
385140,0,0
385240,0,0
385340,0,0
385440,0,0
385540,0,0
385640,0,0
385740,0,0
385840,0,0
385940,0,0
386040,0,0
386140,0,0
386240,0,0
386340,0,0
386440,0,0
386540,0,0
386640,0,0
386740,0,0
386840,0,0
386940,0,0
387040,0,0
387140,0,0
387240,0,0
387340,0,0
387440,0,0
387540,0,0
387640,0,0
387740,0,0
387840,0,0
387940,0,0
388040,0,0
388140,0,0
388240,0,0
388340,0,0
388440,0,0
388540,0,0
388640,0,0
388740,0,0
388840,0,0
388940,0,0
389040,0,0
389140,0,0
389240,0,0
389340,0,0
389773,0,0
389873,0,1
389973,0,1
390073,0,1
390173,0,1
390274,0,1
390374,0,1
390474,0,1
390574,0,1
390674,0,1
390774,0,1
390874,0,1
390974,0,1
391074,0,1
391174,0,1
391274,0,1
391374,0,1
391474,0,1
391574,0,1
391674,0,1
391774,0,1
391874,0,1
391974,0,1
392070,0,1
392170,0,1
392270,0,1
392370,0,1
392470,0,1
392570,0,1
392670,0,1
392770,0,1
392870,0,1
392970,0,1
393070,0,1
393171,0,1
393271,0,1
393371,0,1
393471,0,1
393571,0,1
393671,0,1
393814,0,0
393914,0,0
394014,0,0
394114,0,0
394214,0,0
394314,0,0
394414,0,0
394514,0,0
394614,0,0
394714,0,0
394814,0,0
394914,0,0
395014,0,0
395114,0,0
395214,0,0
395314,0,0
395414,0,0
395514,0,0
395614,0,0
395714,0,0
395814,0,0
395914,0,0
396014,0,0
396109,0,0
396209,0,0
396309,0,0
396409,0,0
396509,0,0
396609,0,0
396709,0,0
396809,0,0
396909,0,0
397009,0,0
397109,0,0
397209,0,0
397309,0,0
397409,0,0
397509,0,0
397945,0,0
398045,0,1
398145,0,1
398245,0,1
398345,0,1
398445,0,1
398545,0,1
398645,0,1
398745,0,1
398845,0,1
398945,0,1
399045,0,1
399145,0,1
399245,0,1
399345,0,1
399445,0,1
399545,0,1
399645,0,1
399745,0,1
399845,0,1
399945,0,1
400045,0,1
400145,0,1
400245,0,1
400345,0,1
400445,0,1
400546,0,1
400646,0,1
400746,0,1
400846,0,1
400946,0,1
401046,0,1
401146,0,1
401246,0,1
401346,0,1
401446,0,1
401546,0,1
401646,0,1
401746,0,1
401846,0,1
401973,0,0
402073,0,0
402173,0,0
402273,0,0
402373,0,0
402473,0,0
402573,0,0
402673,0,0
402773,0,0
402873,0,0
402973,0,0
403073,0,0
403173,0,0
403273,0,0
403373,0,0
403473,0,0
403573,0,0
403673,0,0
403773,0,0
403874,0,0
403974,0,0
404074,0,0
404174,0,0
404274,0,0
404374,0,0
404474,0,0
404574,0,0
404674,0,0
404774,0,0
404874,0,0
404974,0,0
405074,0,0
405174,0,0
405274,0,0
405374,0,0
405474,0,0
405574,0,0
405674,0,0
405774,0,0
405874,0,0
405974,0,0
406074,0,0
406174,0,0
406274,0,0
406374,0,0
406474,0,0
406574,0,0
406674,0,0
406774,0,0
406874,0,0
406974,0,0
407074,0,0
407174,0,0
407274,0,0
407374,0,0
407474,0,0
407574,0,0
407674,0,0
407774,0,0
407874,0,0
407974,0,0
408074,0,0
408174,0,0
408274,0,0
408374,0,0
408474,0,0
408574,0,0
408674,0,0
408774,0,0
408874,0,0
408974,0,0
409074,0,0
409174,0,0
409274,0,0
409374,0,0
409474,0,0
409574,0,0
409674,0,0
409774,0,0
409874,0,0
409974,0,0
410074,0,0
410174,0,0
410274,0,0
410374,0,0
410474,0,0
410574,0,0
410674,0,0
410774,0,0
410874,0,0
410974,0,0
411074,0,0
411174,0,0
411274,0,0
411374,0,0
411474,0,0
411574,0,0
411674,0,0
411774,0,0
411874,0,0
411974,0,0
412074,0,0
412174,0,0
412274,0,0
412374,0,0
412474,0,0
412574,0,0
412674,0,0
412774,0,0
412874,0,0
412974,0,0
413074,0,0
413174,0,0
413274,0,0
413374,0,0
413474,0,0
413574,0,0
413674,0,0
413774,0,0
413874,0,0
413974,0,0
414074,0,0
414174,0,0
414274,0,0
414374,0,0
414474,0,0
414574,0,0
414674,0,0
414774,0,0
414874,0,0
414974,0,0
415074,0,0
415174,0,0
415274,0,0
415374,0,0
415474,0,0
415574,0,0
415674,0,0
415774,0,0
415874,0,0
415974,0,0
416074,0,0
416174,0,0
416253,0,0
416353,0,0
416453,0,0
416553,0,0
416653,0,0
416753,0,0
416929,0,0
417029,0,1
417129,0,1
417229,0,1
417334,0,1
417434,1,2
417534,1,2
417635,1,2
417735,1,2
417835,1,2
417935,1,2
418035,1,2
418135,1,2
418235,1,2
418335,1,2
418435,1,2
418535,1,2
418635,1,2
418735,1,2
418835,1,2
418935,1,2
419035,1,2
419135,1,2
419235,1,2
419362,0,0
419462,0,0
419562,0,0
419662,0,0
419762,0,0
419862,0,0
419962,0,0
420062,0,0
420162,0,0
420258,0,0
420358,0,0
420458,0,0
420558,0,0
420658,0,0
420758,0,0
420858,0,0
420959,0,0
421059,0,0
421159,0,0
421259,0,0
421359,0,0
421794,0,0
421894,0,1
421994,0,1
422094,0,1
422194,0,1
422294,0,1
422394,0,1
422495,0,1
422595,0,1
422695,0,1
422795,0,1
422895,0,1
422995,0,1
423095,0,1
423195,0,1
423295,0,1
423395,0,1
423495,0,1
423595,0,1
423695,0,1
423795,0,1
423895,0,1
423995,0,1
424095,0,1
424195,0,1
424290,0,1
424390,0,1
424490,0,1
424590,0,1
424690,0,1
424790,0,1
424890,0,1
424990,0,1
425090,0,1
425190,0,1
425290,0,1
425391,0,1
425491,0,1
425591,0,1
425691,0,1
425816,0,0
425916,0,0
426016,0,0
426116,0,0
426216,0,0
426316,0,0
426416,0,0
426516,0,0
426616,0,0
426716,0,0
426816,0,0
426916,0,0
427016,0,0
427116,0,0
427216,0,0
427316,0,0
427416,0,0
427516,0,0
427616,0,0
427716,0,0
427816,0,0
427916,0,0
428016,0,0
428116,0,0
428212,0,0
428312,0,0
428412,0,0
428512,0,0
428612,0,0
428712,0,0
428812,0,0
428912,0,0
429012,0,0
429112,0,0
429212,0,0
429312,0,0
429412,0,0
429512,0,0
429612,0,0
429712,0,0
429812,0,0
429912,0,0
430012,0,0
430112,0,0
430212,0,0
430312,0,0
430412,0,0
430512,0,0
430612,0,0
430712,0,0
430812,0,0
430912,0,0
431012,0,0
431112,0,0
431212,0,0
431312,0,0
431412,0,0
431512,0,0
431612,0,0
431712,0,0
431812,0,0
431912,0,0
432012,0,0
432112,0,0
432207,0,0
432307,0,0
432407,0,0
432507,0,0
432607,0,0
432707,0,0
432807,0,0
432907,0,0
433007,0,0
433107,0,0
433207,0,0
433307,0,0
433407,0,0
433507,0,0
433607,0,0
433707,0,0
433807,0,0
433907,0,0
434007,0,0
434107,0,0
434207,0,0
434307,0,0
434407,0,0
434507,0,0
434607,0,0
434707,0,0
434807,0,0
434907,0,0
435007,0,0
435107,0,0
435207,0,0
435307,0,0
435407,0,0
435507,0,0
435607,0,0
435707,0,0
435807,0,0
435907,0,0
436007,0,0
436107,0,0
436207,0,0
436290,0,0
436390,0,0
436490,0,0
436590,0,0
436690,0,0
436790,0,0
436890,0,0
436990,0,0
437090,0,0
437190,0,0
437290,0,0
437390,0,0
437490,0,0
437590,0,0
437690,0,0
437790,0,0
437890,0,0
437990,0,0
438090,0,0
438190,0,0
438290,0,0
438390,0,0
438490,0,0
438590,0,0
438690,0,0
438790,0,0
438890,0,0
438990,0,0
439090,0,0
439190,0,0
439290,0,0
439390,0,0
439490,0,0
439590,0,0
439690,0,0
439790,0,0
439890,0,0
439990,0,0
440090,0,0
440190,0,0
440291,0,0
440391,0,0
440491,0,0
440591,0,0
440691,0,0
440791,0,0
440891,0,0
440991,0,0
441091,0,0
441191,0,0
441291,0,0
441391,0,0
441491,0,0
441591,0,0
441691,0,0
441791,0,0
441891,0,0
441991,0,0
442091,0,0
442191,0,0
442291,0,0
442391,0,0
442491,0,0
442591,0,0
442691,0,0
442791,0,0
442891,0,0
442991,0,0
443091,0,0
443191,0,0
443291,0,0
443391,0,0
443491,0,0
443591,0,0
443691,0,0
443791,0,0
443891,0,0
443991,0,0
444091,0,0
444191,0,0
444291,0,0
444391,0,0
444491,0,0
444591,0,0
444691,0,0
444791,0,0
444891,0,0
444991,0,0
445091,0,0
445191,0,0
445291,0,0
445391,0,0
445491,0,0
445591,0,0
445691,0,0
445791,0,0
445891,0,0
445991,0,0
446091,0,0
446191,0,0
446291,0,0
446391,0,0
446491,0,0
446591,0,0
446691,0,0
446791,0,0
446891,0,0
446991,0,0
447091,0,0
447191,0,0
447291,0,0
447391,0,0
447491,0,0
447591,0,0
447691,0,0
447791,0,0
447891,0,0
447991,0,0
448091,0,0
448191,0,0
448289,0,0
448389,0,0
448489,0,0
448589,0,0
448689,0,0
448789,0,0
448889,0,0
448989,0,0
449089,0,0
449189,0,0
449289,0,0
449389,0,0
449489,0,0
449589,0,0
449689,0,0
449789,0,0
449889,0,0
449989,0,0
450089,0,0
450189,0,0
450289,0,0
450389,0,0
450489,0,0
450589,0,0
450689,0,0
450789,0,0
450889,0,0
450989,0,0
451089,0,0
451189,0,0
451289,0,0
451389,0,0
451489,0,0
451589,0,0
451689,0,0
451789,0,0
451889,0,0
451989,0,0
452089,0,0
452189,0,0
452289,0,0
452385,0,0
452485,0,0
452585,0,0
452685,0,0
452785,0,0
452885,0,0
452985,0,0
453085,0,0
453185,0,0
453285,0,0
453385,0,0
453485,0,0
453585,0,0
453685,0,0
453785,0,0
453885,0,0
453985,0,0
454085,0,0
454185,0,0
454285,0,0
454385,0,0
454485,0,0
454585,0,0
454685,0,0
454785,0,0
454885,0,0
454985,0,0
455085,0,0
455185,0,0
455285,0,0
455385,0,0
455485,0,0
455585,0,0
455685,0,0
455785,0,0
455885,0,0
455985,0,0
456085,0,0
456185,0,0
456285,0,0
456381,0,0
456481,0,0
456581,0,0
456681,0,0
456781,0,0
456881,0,0
456981,0,0
457081,0,0
457181,0,0
457281,0,0
457381,0,0
457481,0,0
457581,0,0
457681,0,0
457781,0,0
457881,0,0
457981,0,0
458081,0,0
458181,0,0
458281,0,0
458381,0,0
458481,0,0
458581,0,0
458681,0,0
458781,0,0
458881,0,0
458981,0,0
459081,0,0
459181,0,0
459281,0,0
459381,0,0
459481,0,0
459581,0,0
459681,0,0
459781,0,0
459881,0,0
459981,0,0
460081,0,0
460181,0,0
460281,0,0
460381,0,0
460481,0,0
460581,0,0
460681,0,0
460781,0,0
460881,0,0
460981,0,0
461081,0,0
461181,0,0
461281,0,0
461381,0,0
461481,0,0
461581,0,0
461681,0,0
461781,0,0
461881,0,0
461981,0,0
462081,0,0
462181,0,0
462281,0,0
462381,0,0
462481,0,0
462581,0,0
462681,0,0
462781,0,0
462881,0,0
462981,0,0
463081,0,0
463181,0,0
463281,0,0
463381,0,0
463481,0,0
463581,0,0
463681,0,0
463781,0,0
463881,0,0
463981,0,0
464081,0,0
464181,0,0
464281,0,0
464381,0,0
464481,0,0
464581,0,0
464681,0,0
464781,0,0
464881,0,0
464981,0,0
465081,0,0
465181,0,0
465281,0,0
465381,0,0
465481,0,0
465581,0,0
465681,0,0
465781,0,0
465881,0,0
465981,0,0
466081,0,0
466181,0,0
466281,0,0
466381,0,0
466481,0,0
466581,0,0
466681,0,0
466781,0,0
466881,0,0
466981,0,0
467081,0,0
467181,0,0
467281,0,0
467381,0,0
467481,0,0
467581,0,0
467681,0,0
467781,0,0
467881,0,0
467981,0,0
468081,0,0
468181,0,0
468281,0,0
468381,0,0
468481,0,0
468581,0,0
468681,0,0
468781,0,0
468881,0,0
468981,0,0
469081,0,0
469181,0,0
469281,0,0
469381,0,0
469481,0,0
469581,0,0
469681,0,0
469781,0,0
469881,0,0
469981,0,0
470081,0,0
470181,0,0
470281,0,0
470381,0,0
470481,0,0
470581,0,0
470681,0,0
470781,0,0
470881,0,0
470981,0,0
471081,0,0
471181,0,0
471281,0,0
471381,0,0
471481,0,0
471581,0,0
471681,0,0
471781,0,0
471881,0,0
471981,0,0
472081,0,0
472181,0,0
472281,0,0
472364,0,0
472464,0,0
472564,0,0
472664,0,0
472764,0,0
472864,0,0
472964,0,0
473064,0,0
473164,0,0
473264,0,0
473364,0,0
473464,0,0
473564,0,0
473664,0,0
473764,0,0
473864,0,0
473964,0,0
474064,0,0
474164,0,0
474264,0,0
474364,0,0
474464,0,0
474564,0,0
474664,0,0
474764,0,0
474864,0,0
474964,0,0
475064,0,0
475164,0,0
475264,0,0
475364,0,0
475464,0,0
475564,0,0
475664,0,0
475764,0,0
475864,0,0
475964,0,0
476064,0,0
476164,0,0
476264,0,0
476359,0,0
476459,0,0
476559,0,0
476659,0,0
476759,0,0
476859,0,0
476959,0,0
477059,0,0
477159,0,0
477259,0,0
477359,0,0
477459,0,0
477559,0,0
477659,0,0
477759,0,0
477859,0,0
477959,0,0
478059,0,0
478159,0,0
478259,0,0
478359,0,0
478459,0,0
478559,0,0
478659,0,0
478759,0,0
478859,0,0
478959,0,0
479059,0,0
479159,0,0
479259,0,0
479359,0,0
479459,0,0
479559,0,0
479659,0,0
479759,0,0
479859,0,0
479959,0,0
480059,0,0
480159,0,0
480259,0,0
480355,0,0
480455,0,0
480555,0,0
480655,0,0
480755,0,0
480855,0,0
480955,0,0
481055,0,0
481155,0,0
481255,0,0
481355,0,0
481455,0,0
481555,0,0
481655,0,0
481755,0,0
481855,0,0
481955,0,0
482055,0,0
482155,0,0
482255,0,0
482355,0,0
482455,0,0
482555,0,0
482655,0,0
482755,0,0
482855,0,0
482955,0,0
483055,0,0
483155,0,0
483255,0,0
483355,0,0
483455,0,0
483555,0,0
483655,0,0
483755,0,0
483855,0,0
483955,0,0
484055,0,0
484155,0,0
484255,0,0
484349,0,0
484449,0,0
484549,0,0
484649,0,0
484749,0,0
484849,0,0
484949,0,0
485049,0,0
485149,0,0
485249,0,0
485349,0,0
485449,0,0
485549,0,0
485649,0,0
485749,0,0
485849,0,0
485949,0,0
486049,0,0
486149,0,0
486249,0,0
486349,0,0
486449,0,0
486549,0,0
486649,0,0
486749,0,0
486849,0,0
486949,0,0
487049,0,0
487149,0,0
487249,0,0
487349,0,0
487449,0,0
487549,0,0
487649,0,0
487749,0,0
487849,0,0
487949,0,0
488049,0,0
488149,0,0
488249,0,0
488344,0,0
488444,0,0
488544,0,0
488644,0,0
488744,0,0
488844,0,0
488944,0,0
489044,0,0
489144,0,0
489244,0,0
489344,0,0
489444,0,0
489544,0,0
489644,0,0
489744,0,0
489844,0,0
489944,0,0
490044,0,0
490144,0,0
490244,0,0
490344,0,0
490444,0,0
490544,0,0
490644,0,0
490744,0,0
490844,0,0
490944,0,0
491044,0,0
491144,0,0
491244,0,0
491344,0,0
491444,0,0
491544,0,0
491644,0,0
491744,0,0
491844,0,0
491944,0,0
492044,0,0
492144,0,0
492244,0,0
492339,0,0
492439,0,0
492539,0,0
492639,0,0
492739,0,0
492839,0,0
492939,0,0
493039,0,0
493139,0,0
493239,0,0
493339,0,0
493439,0,0
493539,0,0
493639,0,0
493739,0,0
493839,0,0
493939,0,0
494039,0,0
494139,0,0
494239,0,0
494339,0,0
494439,0,0
494539,0,0
494639,0,0
494739,0,0
494839,0,0
494939,0,0
495039,0,0
495139,0,0
495239,0,0
495339,0,0
495439,0,0
495539,0,0
495639,0,0
495739,0,0
495839,0,0
495939,0,0
496039,0,0
496139,0,0
496239,0,0
496338,0,0
496438,0,0
496538,0,0
496638,0,0
496738,0,0
496838,0,0
496938,0,0
497038,0,0
497138,0,0
497238,0,0
497338,0,0
497438,0,0
497538,0,0
497638,0,0
497738,0,0
497838,0,0
497938,0,0
498038,0,0
498138,0,0
498238,0,0
498338,0,0
498438,0,0
498538,0,0
498638,0,0
498738,0,0
498838,0,0
498938,0,0
499038,0,0
499138,0,0
499238,0,0
499338,0,0
499438,0,0
499538,0,0
499638,0,0
499738,0,0
499838,0,0
499938,0,0
500038,0,0
500138,0,0
500238,0,0
500332,0,0
500432,0,0
500532,0,0
500632,0,0
500732,0,0
500832,0,0
500932,0,0
501032,0,0
501132,0,0
501232,0,0
501332,0,0
501432,0,0
501532,0,0
501632,0,0
501732,0,0
501832,0,0
501932,0,0
502032,0,0
502132,0,0
502232,0,0
502332,0,0
502432,0,0
502532,0,0
502632,0,0
502732,0,0
502832,0,0
502932,0,0
503032,0,0
503132,0,0
503232,0,0
503332,0,0
503432,0,0
503532,0,0
503632,0,0
503732,0,0
503832,0,0
503932,0,0
504032,0,0
504132,0,0
504232,0,0
504328,0,0
504428,0,0
504528,0,0
504628,0,0
504728,0,0
504828,0,0
504928,0,0
505028,0,0
505128,0,0
505228,0,0
505328,0,0
505428,0,0
505528,0,0
505628,0,0
505728,0,0
505828,0,0
505928,0,0
506028,0,0
506128,0,0
506228,0,0
506328,0,0
506428,0,0
506528,0,0
506628,0,0
506728,0,0
506828,0,0
506928,0,0
507028,0,0
507128,0,0
507228,0,0
507328,0,0
507428,0,0
507528,0,0
507628,0,0
507728,0,0
507828,0,0
507928,0,0
508028,0,0
508128,0,0
508228,0,0
508323,0,0
508423,0,0
508523,0,0
508623,0,0
508723,0,0
508823,0,0
508923,0,0
509023,0,0
509123,0,0
509223,0,0
509323,0,0
509423,0,0
509523,0,0
509623,0,0
509723,0,0
509823,0,0
509923,0,0
510023,0,0
510123,0,0
510223,0,0
510323,0,0
510423,0,0
510523,0,0
510623,0,0
510723,0,0
510823,0,0
510923,0,0
511023,0,0
511123,0,0
511223,0,0
511323,0,0
511423,0,0
511523,0,0
511623,0,0
511723,0,0
511823,0,0
511923,0,0
512023,0,0
512123,0,0
512223,0,0
512319,0,0
512419,0,0
512519,0,0
512619,0,0
512719,0,0
512819,0,0
512919,0,0
513019,0,0
513119,0,0
513219,0,0
513319,0,0
513419,0,0
513519,0,0
513619,0,0
513719,0,0
513819,0,0
513919,0,0
514019,0,0
514119,0,0
514219,0,0
514319,0,0
514419,0,0
514519,0,0
514619,0,0
514719,0,0
514819,0,0
514919,0,0
515019,0,0
515119,0,0
515219,0,0
515319,0,0
515419,0,0
515519,0,0
515619,0,0
515719,0,0
515819,0,0
515919,0,0
516019,0,0
516119,0,0
516219,0,0
516319,0,0
516419,0,0
516519,0,0
516619,0,0
516719,0,0
516819,0,0
516919,0,0
517019,0,0
517119,0,0
517219,0,0
517319,0,0
517419,0,0
517519,0,0
517619,0,0
517719,0,0
517819,0,0
517919,0,0
518019,0,0
518119,0,0
518219,0,0
518319,0,0
518419,0,0
518519,0,0
518619,0,0
518719,0,0
518819,0,0
518919,0,0
519019,0,0
519119,0,0
519219,0,0
519319,0,0
519419,0,0
519519,0,0
519619,0,0
519719,0,0
519819,0,0
519919,0,0
520019,0,0
520119,0,0
520219,0,0
520319,0,0
520419,0,0
520519,0,0
520619,0,0
520719,0,0
520819,0,0
520919,0,0
521019,0,0
521119,0,0
521219,0,0
521319,0,0
521419,0,0
521519,0,0
521619,0,0
521719,0,0
521819,0,0
521919,0,0
522019,0,0
522119,0,0
522219,0,0
522319,0,0
522419,0,0
522519,0,0
522619,0,0
522719,0,0
522819,0,0
522919,0,0
523019,0,0
523119,0,0
523219,0,0
523319,0,0
523419,0,0
523519,0,0
523619,0,0
523719,0,0
523819,0,0
523919,0,0
524019,0,0
524119,0,0
524219,0,0
524319,0,0
524419,0,0
524519,0,0
524619,0,0
524719,0,0
524819,0,0
524919,0,0
525019,0,0
525119,0,0
525219,0,0
525319,0,0
525419,0,0
525519,0,0
525619,0,0
525719,0,0
525819,0,0
525919,0,0
526019,0,0
526119,0,0
526219,0,0
526319,0,0
526419,0,0
526519,0,0
526619,0,0
526719,0,0
526819,0,0
526919,0,0
527019,0,0
527119,0,0
527219,0,0
527319,0,0
527419,0,0
527519,0,0
527619,0,0
527719,0,0
527819,0,0
527919,0,0
528019,0,0
528119,0,0
528219,0,0
528319,0,0
528419,0,0
528519,0,0
528619,0,0
528719,0,0
528819,0,0
528919,0,0
529019,0,0
529119,0,0
529219,0,0
529319,0,0
529419,0,0
529519,0,0
529619,0,0
529719,0,0
529819,0,0
529919,0,0
530019,0,0
530119,0,0
530219,0,0
530319,0,0
530419,0,0
530519,0,0
530619,0,0
530719,0,0
530819,0,0
530919,0,0
531019,0,0
531119,0,0
531219,0,0
531319,0,0
531419,0,0
531519,0,0
531619,0,0
531719,0,0
531819,0,0
531919,0,0
532019,0,0
532119,0,0
532219,0,0
532319,0,0
532419,0,0
532519,0,0
532619,0,0
532719,0,0
532819,0,0
532919,0,0
533019,0,0
533119,0,0
533219,0,0
533319,0,0
533419,0,0
533519,0,0
533619,0,0
533695,0,0
533795,0,0
533895,0,0
533995,0,0
534621,0,0
534721,0,1
534821,0,1
534921,0,1
535021,0,1
535121,0,1
535222,0,1
535322,0,1
535422,0,1
535522,0,1
535622,0,1
535722,0,1
535822,0,1
535922,0,1
536022,0,1
536122,0,1
536222,0,1
536322,0,1
536422,0,1
536522,0,1
536622,0,1
536722,0,1
536822,0,1
536922,0,1
537022,0,1
537122,0,1
537222,0,1
537322,0,1
537422,0,1
537522,0,1
537622,0,1
537718,0,1
537818,0,1
537918,0,1
538018,0,1
538119,0,1
538219,0,1
538319,0,1
538419,0,1
538519,0,1
538646,0,0
538746,0,0
538846,0,0
538946,0,0
539046,0,0
539146,0,0
539246,0,0
539346,0,0
539446,0,0
539546,0,0
539646,0,0
539746,0,0
539846,0,0
539946,0,0
540046,0,0
540146,0,0
540246,0,0
540346,0,0
540446,0,0
540546,0,0
540646,0,0
540746,0,0
540846,0,0
540946,0,0
541046,0,0
541146,0,0
541246,0,0
541346,0,0
541447,0,0
541547,0,0
541647,0,0
541742,0,0
541842,0,0
541942,0,0
542042,0,0
542142,0,0
542242,0,0
542342,0,0
542442,0,0
542542,0,0
542642,0,0
542742,0,0
542842,0,0
542942,0,0
543042,0,0
543142,0,0
543242,0,0
543342,0,0
543442,0,0
543542,0,0
543642,0,0
543742,0,0
543842,0,0
543942,0,0
544042,0,0
544142,0,0
544242,0,0
544342,0,0
544442,0,0
544542,0,0
544642,0,0
544742,0,0
544842,0,0
544942,0,0
545042,0,0
545142,0,0
545242,0,0
545342,0,0
545442,0,0
545542,0,0
545642,0,0
545738,0,0
545838,0,0
545938,0,0
546038,0,0
546138,0,0
546238,0,0
546338,0,0
546438,0,0
546538,0,0
546638,0,0
546738,0,0
546838,0,0
546938,0,0
547038,0,0
547138,0,0
547238,0,0
547338,0,0
547438,0,0
547538,0,0
547638,0,0
547738,0,0
547838,0,0
547938,0,0
548038,0,0
548138,0,0
548238,0,0
548338,0,0
548438,0,0
548538,0,0
548638,0,0
548738,0,0
548838,0,0
548938,0,0
549038,0,0
549138,0,0
549238,0,0
549338,0,0
549438,0,0
549538,0,0
549638,0,0
549734,0,0
549834,0,0
549934,0,0
550034,0,0
550134,0,0
550234,0,0
550334,0,0
550434,0,0
550534,0,0
550634,0,0
550734,0,0
550834,0,0
550934,0,0
551034,0,0
551134,0,0
551234,0,0
551334,0,0
551434,0,0
551534,0,0
551634,0,0
551734,0,0
551834,0,0
551934,0,0
552034,0,0
552134,0,0
552234,0,0
552334,0,0
552434,0,0
552534,0,0
552634,0,0
552734,0,0
552834,0,0
552934,0,0
553034,0,0
553134,0,0
553234,0,0
553334,0,0
553434,0,0
553534,0,0
553634,0,0
553729,0,0
553829,0,0
553929,0,0
554029,0,0
554129,0,0
554229,0,0
554329,0,0
554429,0,0
554529,0,0
554629,0,0
554729,0,0
554829,0,0
554929,0,0
555029,0,0
555129,0,0
555229,0,0
555329,0,0
555429,0,0
555529,0,0
555629,0,0
555729,0,0
555829,0,0
555929,0,0
556029,0,0
556129,0,0
556229,0,0
556329,0,0
556429,0,0
556529,0,0
556629,0,0
556729,0,0
556829,0,0
556929,0,0
557029,0,0
557129,0,0
557229,0,0
557329,0,0
557429,0,0
557529,0,0
557629,0,0
557725,0,0
557825,0,0
557925,0,0
558025,0,0
558125,0,0
558225,0,0
558325,0,0
558425,0,0
558525,0,0
558625,0,0
558725,0,0
558825,0,0
558925,0,0
559025,0,0
559125,0,0
559225,0,0
559325,0,0
559425,0,0
559525,0,0
559625,0,0
559725,0,0
559825,0,0
559925,0,0
560025,0,0
560125,0,0
560225,0,0
560325,0,0
560425,0,0
560525,0,0
560625,0,0
560725,0,0
560825,0,0
560925,0,0
561025,0,0
561125,0,0
561225,0,0
561325,0,0
561425,0,0
561525,0,0
561625,0,0
561719,0,0
561819,0,0
561919,0,0
562019,0,0
562119,0,0
562219,0,0
562319,0,0
562419,0,0
562519,0,0
562619,0,0
562719,0,0
562819,0,0
562919,0,0
563019,0,0
563119,0,0
563219,0,0
563319,0,0
563419,0,0
563519,0,0
563619,0,0
563719,0,0
563819,0,0
563919,0,0
564019,0,0
564119,0,0
564219,0,0
564319,0,0
564419,0,0
564519,0,0
564619,0,0
564719,0,0
564819,0,0
564919,0,0
565019,0,0
565119,0,0
565219,0,0
565319,0,0
565419,0,0
565519,0,0
565619,0,0
565715,0,0
565815,0,0
565915,0,0
566015,0,0
566115,0,0
566215,0,0
566315,0,0
566415,0,0
566515,0,0
566615,0,0
566715,0,0
566815,0,0
566915,0,0
567015,0,0
567115,0,0
567215,0,0
567315,0,0
567415,0,0
567515,0,0
567615,0,0
567715,0,0
567815,0,0
567915,0,0
568015,0,0
568115,0,0
568215,0,0
568315,0,0
568415,0,0
568515,0,0
568615,0,0
568715,0,0
568815,0,0
568915,0,0
569015,0,0
569115,0,0
569215,0,0
569315,0,0
569415,0,0
569515,0,0
569615,0,0
569715,0,0
569794,0,0
569894,0,0
569994,0,0
570094,0,0
570194,0,0
570294,0,0
570394,0,0
570494,0,0
570594,0,0
570694,0,0
570794,0,0
570894,0,0
570994,0,0
571094,0,0
571194,0,0
571294,0,0
571394,0,0
571494,0,0
571594,0,0
571694,0,0
571794,0,0
571894,0,0
571994,0,0
572094,0,0
572194,0,0
572294,0,0
572394,0,0
572494,0,0
572594,0,0
572694,0,0
572794,0,0
572894,0,0
572994,0,0
573094,0,0
573194,0,0
573294,0,0
573394,0,0
573494,0,0
573594,0,0
573694,0,0
573798,0,0
573898,0,0
573998,0,0
574223,0,0
574323,0,0
574423,0,0
574523,0,0
574623,0,0
574723,0,0
574823,0,0
574923,0,0
575023,0,0
575123,0,0
575223,0,0
575323,0,0
575423,0,0
575523,0,0
575623,0,0
575723,0,0
575823,0,0
575923,0,0
576023,0,0
576123,0,0
576223,0,0
576323,0,0
576423,0,0
576523,0,0
576623,0,0
576723,0,0
576823,0,0
576923,0,0
577023,0,0
577123,0,0
577223,0,0
577324,0,0
577424,0,0
577524,0,0
577624,0,0
577724,0,0
577824,0,0
577924,0,0
578024,0,0
578124,0,0
578224,0,0
578324,0,0
578424,0,0
578524,0,0
578624,0,0
578724,0,0
578824,0,0
578924,0,0
579024,0,0
579124,0,0
579224,0,0
579324,0,0
579424,0,0
579524,0,0
579624,0,0
579724,0,0
579824,0,0
579924,0,0
580024,0,0
580124,0,0
580225,0,0
580325,0,0
580425,0,0
580525,0,0
580625,0,0
580725,0,0
580825,0,0
580925,0,0
581025,0,0
581125,0,0
581225,0,0
581325,0,0
581425,0,0
581525,0,0
581625,0,0
581725,0,0
581825,0,0
581925,0,0
582025,0,0
582125,0,0
582225,0,0
582325,0,0
582425,0,0
582525,0,0
582625,0,0
582725,0,0
582825,0,0
582925,0,0
583025,0,0
583126,0,0
583226,0,0
583326,0,0
583426,0,0
583526,0,0
583626,0,0
583726,0,0
583826,0,0
583926,0,0
584026,0,0
584126,0,0
584226,0,0
584326,0,0
584426,0,0
584526,0,0
584626,0,0
584726,0,0
584826,0,0
584926,0,0
585026,0,0
585126,0,0
585226,0,0
585326,0,0
585426,0,0
585526,0,0
585626,0,0
585726,0,0
585826,0,0
585926,0,0
586026,0,0
586126,0,0
586226,0,0
586326,0,0
586426,0,0
586526,0,0
586626,0,0
586726,0,0
586826,0,0
586926,0,0
587026,0,0
587126,0,0
587226,0,0
587326,0,0
587426,0,0
587526,0,0
587626,0,0
587726,0,0
587826,0,0
587926,0,0
588026,0,0
588126,0,0
588226,0,0
588326,0,0
588426,0,0
588526,0,0
588626,0,0
588726,0,0
588826,0,0
588926,0,0
589026,0,0
589126,0,0
589226,0,0
589326,0,0
589426,0,0
589526,0,0
589626,0,0
589726,0,0
589826,0,0
589926,0,0
590026,0,0
590126,0,0
590226,0,0
590326,0,0
590426,0,0
590526,0,0
590626,0,0
590726,0,0
590826,0,0
590926,0,0
591026,0,0
591126,0,0
591226,0,0
591326,0,0
591426,0,0
591526,0,0
591626,0,0
591726,0,0
591826,0,0
591926,0,0
592026,0,0
592126,0,0
592226,0,0
592326,0,0
592426,0,0
592526,0,0
592626,0,0
592726,0,0
592826,0,0
592926,0,0
593026,0,0
593126,0,0
593226,0,0
593326,0,0
593426,0,0
593526,0,0
593626,0,0
593726,0,0
593826,0,0
593926,0,0
594026,0,0
594126,0,0
594226,0,0
594326,0,0
594426,0,0
594526,0,0
594626,0,0
594726,0,0
594826,0,0
594926,0,0
595026,0,0
595126,0,0
595226,0,0
595326,0,0
595426,0,0
595526,0,0
595626,0,0
595726,0,0
595826,0,0
595926,0,0
596026,0,0
596126,0,0
596226,0,0
596326,0,0
596426,0,0
596526,0,0
596626,0,0
596726,0,0
596826,0,0
596926,0,0
597026,0,0
597126,0,0
597226,0,0
597326,0,0
597426,0,0
597526,0,0
597626,0,0
597726,0,0
597826,0,0
597926,0,0
598026,0,0
598126,0,0
598226,0,0
598326,0,0
598426,0,0
598526,0,0
598626,0,0
598726,0,0
598826,0,0
598926,0,0
599026,0,0
599126,0,0
599226,0,0
599326,0,0
599426,0,0
599526,0,0
599626,0,0
599726,0,0
599826,0,0
599926,0,0
600026,0,0
600126,0,0
600226,0,0
600326,0,0
600426,0,0
600526,0,0
600626,0,0
600726,0,0
600826,0,0
600926,0,0
601026,0,0
601126,0,0
601226,0,0
601326,0,0
601426,0,0
601526,0,0
601626,0,0
601726,0,0
601826,0,0
601926,0,0
602026,0,0
602126,0,0
602226,0,0
602326,0,0
602426,0,0
602526,0,0
602626,0,0
602726,0,0
602826,0,0
602926,0,0
603026,0,0
603126,0,0
603226,0,0
603326,0,0
603426,0,0
603526,0,0
603626,0,0
603726,0,0
603826,0,0
603926,0,0
604026,0,0
604126,0,0
604226,0,0
604326,0,0
604426,0,0
604526,0,0
604626,0,0
604726,0,0
604826,0,0
604926,0,0
605026,0,0
605126,0,0
605226,0,0
605326,0,0
605426,0,0
605526,0,0
605626,0,0
605726,0,0
