p:4000,20000,6000,600,8000,4000,2000,8000,70
16222,packet,1,0,0,1,63,8000
74046,packet,1,0,0,1,53,8000
74084,event,0,0
74099,action,0,0
74535,packet,0,0,1,1
74577,packetAck,1
78561,event,2,1
78575,action,1,1
78673,packet,1,0,0,1,53,8000
78720,event,0,0
78734,action,0,0
78777,packet,0,0,1,1
78819,packetAck,1
79159,packet,1,0,2,5,53,8000
79174,event,3,1
79189,action,2,1
81204,event,4,2
81218,action,1,2
83250,packet,1,0,0,1,53,8000
83288,event,0,0
83303,action,0,0
83483,packet,0,0,1,1
83526,packetAck,1
87517,event,2,1
87531,action,1,1
88289,packet,1,0,0,1,52,8000
88327,event,0,0
88342,action,0,0
88837,packet,0,0,1,1
88879,packetAck,1
92860,event,2,1
92874,action,1,1
96462,packet,1,0,0,1,51,8000
96499,event,0,0
96528,action,0,0
96984,packet,0,0,1,1
97026,packetAck,1
101007,event,2,1
101021,action,1,1
104614,packet,1,0,0,1,51,8000
104652,event,0,0
104675,action,0,0
104744,packet,0,0,1,1
104783,packetAck,1
105130,packet,1,0,2,5,51,8000
105145,event,1,1
105159,action,1,1
108692,packet,1,0,0,1,51,8000
108730,event,0,0
108745,action,0,0
108943,packet,0,0,1,1
108985,packetAck,1
112968,event,2,1
112982,action,1,1
130727,packet,1,0,0,1,65,8000
186330,packet,1,0,0,1,53,8000
186368,event,0,0
186382,action,0,0
186591,packet,0,0,1,1
186642,packetAck,1
190617,event,2,1
190632,action,1,1
242980,packet,1,0,0,1,50,8000
243018,event,0,0
243033,action,0,0
243312,packet,0,0,1,1
243354,packetAck,1
247336,event,2,1
247351,action,1,1
299728,packet,1,0,0,1,52,8000
299766,event,0,0
299785,action,0,0
299862,packet,0,0,1,1
299904,packetAck,1
300243,packet,1,0,2,5,51,8000
300258,event,3,1
300272,action,2,1
302302,event,4,2
302316,action,1,2
304337,packet,1,0,0,1,51,8000
304375,event,0,0
304390,action,0,0
304508,packet,0,0,1,1
304550,packetAck,1
308531,event,2,1
308545,action,1,1
309111,packet,1,0,0,1,51,8000
309150,event,0,0
309164,action,0,0
309311,packet,0,0,1,1
309353,packetAck,1
313331,event,2,1
313345,action,1,1
313892,packet,1,0,0,1,51,8000
313930,event,0,0
313949,action,0,0
314006,packet,0,0,1,1
314048,packetAck,1
318033,event,2,1
318047,action,1,1
358669,packet,1,0,0,1,58,8000
358705,event,0,0
358721,action,0,0
358762,packet,0,0,1,1
358805,packetAck,1
359141,packet,1,0,2,5,52,8000
359156,event,3,1
359171,action,2,1
361184,event,4,2
361198,action,1,2
363252,packet,1,0,0,1,50,8000
363291,event,0,0
363321,action,0,0
363657,packet,0,0,1,1
363699,packetAck,1
367683,event,2,1
367697,action,1,1
371560,packet,1,0,0,1,50,8000
371598,event,0,0
371616,action,0,0
371777,packet,0,0,1,1
371820,packetAck,1
375796,event,2,1
375811,action,1,1
379687,packet,1,0,0,1,50,8000
379724,event,0,0
379740,action,0,0
380150,packet,0,0,1,1
379836,packetAck,1
380186,packet,1,0,2,5,50,8000
380201,event,3,1
380215,action,2,1
382230,event,4,2
382244,action,1,2
384574,packet,1,0,0,1,50,8000
384610,event,0,0
384626,action,0,0
384834,packet,0,0,1,1
384876,packetAck,1
388925,event,2,1
388939,action,1,1
392773,packet,1,0,0,1,50,8000
392811,event,0,0
392831,action,0,0
392848,packet,0,0,1,1
392906,packetAck,1
396889,event,2,1
396903,action,1,1
413091,packet,1,0,0,1,66,8000
417840,packet,1,0,0,1,51,8000
417878,event,0,0
417892,action,0,0
418096,packet,0,0,1,1
418138,packetAck,1
422136,event,2,1
422150,action,1,1
422509,packet,1,0,0,1,50,8000
422546,event,0,0
422561,action,0,0
422872,packet,0,0,1,1
422929,packetAck,1
426911,event,2,1
426925,action,1,1
427333,packet,1,0,0,1,50,8000
427371,event,0,0
427385,action,0,0
427792,packet,0,0,1,1
427838,packetAck,1
428197,packet,1,0,2,5,50,8000
428212,event,3,1
428227,action,2,1
428687,packet,1,0,2,5,50,8000
428703,event,1,2
428758,packet,1,0,2,5,50,8000
428773,event,1,2
436815,event,4,2
436828,action,1,2
439577,packet,1,0,0,1,51,8000
439615,event,0,0
439628,action,0,0
439843,packet,0,0,1,1
439908,packetAck,1
443906,event,2,1
443921,action,1,1
448452,packet,1,0,0,1,51,8000
448489,event,0,0
448503,action,0,0
448681,packet,0,0,1,1
448517,packetAck,1
448867,packet,1,0,2,5,51,8000
448887,event,3,1
448901,action,2,1
449362,packet,1,0,2,5,52,8000
449377,event,1,2
449431,packet,1,0,2,5,51,8000
449462,event,1,2
457666,event,4,2
457679,action,1,2
474942,packet,1,0,0,1,46,8000
474979,event,0,0
474993,action,0,0
475348,packet,0,0,1,1
475389,packetAck,1
479374,event,2,1
479387,action,1,1
479721,packet,1,0,0,1,46,8000
479758,event,0,0
479772,action,0,0
479859,packet,0,0,1,1
479901,packetAck,1
480244,packet,1,0,2,5,46,8000
480259,event,3,1
480273,action,2,1
480654,packet,1,0,2,5,46,8000
480669,event,1,2
480725,packet,1,0,2,5,46,8000
480740,event,1,2
484800,packet,1,0,2,5,46,8000
484815,event,1,2
489059,packet,1,0,2,5,46,8000
489074,event,1,2
493149,packet,1,0,2,5,46,8000
493164,event,1,2
497217,packet,1,0,2,5,46,8000
497234,event,1,2
501286,packet,1,0,2,5,46,8000
501301,event,1,2
505360,packet,1,0,2,5,46,8000
505377,event,1,2
509430,packet,1,0,2,5,46,8000
509445,event,1,2
513504,packet,1,0,2,5,46,8000
513519,event,1,2
521519,event,4,2
521537,action,1,2
533454,packet,1,0,0,1,59,8000
533492,event,0,0
533507,action,0,0
533649,packet,0,0,1,1
533692,packetAck,1
537708,event,2,1
537722,action,1,1
538099,packet,1,0,0,1,59,8000
538137,event,0,0
538151,action,0,0
538377,packet,0,0,1,1
538419,packetAck,1
538771,packet,1,0,2,5,60,8000
538786,event,3,1
538801,action,2,1
539183,packet,1,0,2,5,60,8000
539200,event,1,2
539255,packet,1,0,2,5,60,8000
539271,event,1,2
543330,packet,1,0,2,5,59,8000
543347,event,1,2
547404,packet,1,0,2,5,59,8000
547424,event,1,2
551463,packet,1,0,2,5,59,8000
551479,event,1,2
555552,packet,1,0,2,5,61,8000
555567,event,1,2
559615,packet,1,0,2,5,59,8000
559647,event,1,2
563689,packet,1,0,2,5,59,8000
563704,event,1,2
567776,packet,1,0,2,5,60,8000
567792,event,1,2
571846,packet,1,0,2,5,60,8000
571862,event,1,2
579860,event,4,2
579874,action,1,2
