p:4000,20000,6000,600,8000,4000,2000,8000,70
820,0
920,0
1020,0
1120,0
1220,0
1320,0
1420,0
1520,0
1620,0
1720,0
1820,0
1920,0
2020,0
2120,0
2220,0
2320,0
2420,0
2520,0
2620,0
2720,0
2820,0
2920,0
3020,0
3120,0
3220,0
3320,0
3420,0
3520,0
3620,0
3720,0
3820,0
3920,0
4055,0
4155,0
4255,0
4355,0
4455,0
4555,0
4655,0
4755,0
4855,0
4955,0
5055,0
5155,0
5255,0
5355,0
5455,0
5555,0
5655,0
5755,0
5855,0
5955,0
6055,0
6155,0
6255,0
6471,0
6571,0
6671,0
6771,0
6871,0
6971,0
7071,0
7171,0
7271,0
7371,0
7471,0
7571,0
7671,0
7771,0
7871,0
7971,0
8111,0
8211,0
8311,0
8411,0
8511,0
8611,0
8711,0
8811,0
8911,0
9011,0
9111,0
9211,0
9311,0
9411,0
9511,0
9611,0
9711,0
9811,0
9911,0
10011,0
10112,0
10212,0
10312,0
10412,0
10512,0
10612,0
10712,0
10812,0
10912,0
11012,0
11112,0
11212,0
11312,0
11412,0
11512,0
11612,0
11712,0
11812,0
11912,0
12012,0
12364,0
12464,0
12564,0
12664,0
12764,0
12864,0
12964,0
13064,0
13164,0
13264,0
13364,0
13464,0
13564,0
13664,0
13764,0
13864,0
13964,0
14064,0
14164,0
14264,0
14364,0
14464,0
14564,0
14664,0
14764,0
14864,0
14964,0
15064,0
15164,0
15264,0
15364,0
15464,0
15564,0
15664,0
15764,0
15864,0
15964,0
16064,0
16164,0
16264,0
16430,0
16530,0
16630,0
16730,0
17057,0
17157,0
17257,0
17465,0
17565,376
17665,366
17765,361
17865,366
17965,366
18065,371
18165,371
18265,371
18365,361
18465,356
18565,361
18665,356
18765,366
18865,361
18965,371
19065,371
19165,356
19265,0
19365,0
19465,0
19565,0
19665,0
19765,0
19865,0
19965,0
20065,0
20165,0
20265,0
20365,0
20465,0
20566,0
20666,0
20766,0
20866,0
20966,0
21081,0
21194,0
21294,0
21394,0
21790,0
21890,0
21990,0
22090,0
22190,156
22290,185
22390,180
22592,185
22692,180
22792,171
22892,175
22992,180
23092,180
23192,180
23292,185
23392,180
23492,175
23592,180
23692,185
23792,180
23892,180
23992,0
24092,0
24192,0
24292,0
24392,0
24492,0
24592,0
24692,0
24792,0
24892,0
24992,0
25092,0
25192,0
25292,0
25392,0
25492,0
25592,0
25692,0
25808,0
25923,0
26023,0
26123,0
26223,0
26323,0
26423,0
26523,0
26624,0
26724,0
26824,0
26924,0
27034,0
27134,0
27234,0
27334,0
27435,0
27535,0
27635,0
27735,0
27940,0
28040,0
28140,0
28240,0
28340,0
28440,0
28540,0
28640,0
28740,0
28840,0
28940,0
29040,0
29140,0
29240,0
29340,0
29440,0
29540,0
29640,0
29740,0
29840,0
29962,0
30062,0
30162,0
30262,0
30362,0
30462,0
30562,0
30662,0
30763,0
30863,0
30963,0
31069,0
31169,0
31269,0
31369,0
31469,0
31569,0
31669,0
31769,0
31869,0
31969,0
32069,0
32169,0
32269,0
32369,0
32470,0
32570,0
32670,0
32770,0
32870,0
32970,0
33070,0
33170,0
33270,0
33370,0
33470,0
33674,0
33774,0
33874,0
34035,0
34135,0
34235,0
34335,0
34435,0
34535,0
34635,0
34735,0
34835,0
34935,0
35035,0
35135,0
35235,0
35335,0
35435,0
35535,0
35635,0
35735,0
35835,0
35935,0
36035,0
36135,0
36235,0
36335,0
36435,0
36535,0
36635,0
36736,0
36836,0
36936,0
37196,0
37296,0
37396,0
37496,0
37596,0
37696,0
37796,0
37896,0
37996,0
38104,0
38204,0
38304,0
38404,0
38504,0
38604,0
38807,0
38907,0
39007,0
39107,0
39207,0
39307,0
39407,0
39507,0
39607,0
39707,0
39808,0
39908,0
40008,0
40108,0
40208,0
40308,0
40408,0
40508,0
40608,0
40708,0
40808,0
40908,0
41008,0
41108,0
41208,0
41308,0
41408,0
41508,0
41608,0
41920,0
42020,0
42171,0
42271,0
42371,0
42744,0
42844,0
42944,0
43044,0
43144,156
43244,166
43344,180
43444,195
43544,219
43644,239
43744,259
43844,244
44047,244
44147,219
44247,219
44347,244
44447,278
44547,278
44647,288
44747,219
44847,68
44947,0
45047,0
45147,0
45247,0
45347,0
45447,0
45547,0
45647,0
45747,0
45847,0
45947,0
46047,0
46147,0
46247,0
46347,0
46447,0
46547,0
46647,0
46760,0
46868,0
46968,0
47325,0
47409,0
47509,0
47609,0
47709,146
47809,210
47909,229
48009,210
48109,156
48209,161
48309,151
48409,195
48509,229
48609,215
48709,244
48809,234
48909,229
49009,210
49211,210
49311,263
49411,48
49511,0
49611,0
49711,0
49811,0
49911,0
50011,0
50111,0
50211,0
50311,0
50411,0
50511,0
50611,0
50711,0
50811,0
50911,0
51011,0
51111,0
51211,0
51362,0
51477,0
51577,0
51678,0
51778,0
51878,0
51978,0
52078,0
52178,0
52278,0
52378,0
52478,0
52578,0
52678,0
52779,0
52879,0
52979,0
53079,0
53179,0
53279,0
53379,0
53479,0
53579,0
53679,0
53779,0
53879,0
53979,0
54079,0
54179,0
54279,0
54379,0
54479,0
54684,0
54784,0
54884,0
54984,0
57543,0
57643,0
57743,0
57843,0
57943,0
58043,0
58143,0
58243,0
58343,0
58443,0
58543,0
58643,0
58743,0
58843,0
58943,0
59043,0
59143,0
59243,0
59343,0
59443,0
59543,0
59643,0
59743,0
59843,0
59943,0
60043,0
60143,0
60243,0
60343,0
60443,0
60544,0
60644,0
60744,0
60844,0
60944,0
61044,0
61144,0
61244,0
61344,0
61444,0
61544,0
61677,0
61777,0
61877,0
61977,0
62077,0
62177,0
62277,0
62377,0
62579,0
62884,0
62984,0
63084,0
63184,0
63284,0
63384,0
63484,0
63584,0
63684,0
63784,0
63884,0
63984,0
64084,0
64184,0
64284,0
64384,0
64484,0
64584,0
64684,0
64784,0
64884,0
64984,0
65084,0
65184,0
65284,0
65384,0
65484,0
65584,0
65731,0
65831,0
65931,0
66031,0
66131,0
66231,0
66331,0
66432,0
66532,0
66632,0
66732,0
66832,0
66932,0
67032,0
67132,0
67438,0
67538,0
67638,0
67738,0
67838,0
67938,0
68038,0
68139,0
68239,0
68339,0
68439,0
68641,0
68741,0
68841,0
68941,0
69041,0
69141,0
69241,0
69341,0
69441,0
69541,0
69641,0
69785,0
69885,0
69985,0
70085,0
70185,0
70285,0
70385,0
70486,0
70586,0
70686,0
70786,0
70886,0
70986,0
71086,0
71186,0
71286,0
71386,0
71486,0
71586,0
71686,0
71786,0
71886,0
71986,0
72086,0
72186,0
72286,0
72386,0
72486,0
72586,0
72686,0
72786,0
72886,0
72986,0
73086,0
73186,0
73286,0
73387,0
73487,0
73603,0
73703,0
73851,0
74072,0
74398,0
74497,0
74597,0
74697,0
74797,92
74897,102
74997,102
75097,102
75197,102
75297,102
75397,102
75497,107
75597,107
75697,102
75797,107
75897,107
75997,102
76097,107
76197,102
76297,97
76397,102
76497,102
76597,0
76697,0
76797,0
76897,0
76997,0
77097,0
77197,0
77297,0
77398,0
77498,0
77603,0
77703,0
77803,0
77903,0
78003,0
78103,0
78203,0
78303,0
78415,0
78529,0
78629,0
78729,0
79329,0
79429,0
79529,0
79629,0
79729,342
79830,391
79930,347
80030,371
80130,347
80230,371
80330,381
80430,361
80530,361
80630,361
80730,361
80830,351
80930,356
81030,351
81130,361
81230,361
81330,351
81430,366
81530,0
81630,0
81730,0
81830,0
81930,0
82030,0
82130,0
82230,0
82330,0
82430,0
82530,0
82630,0
82731,0
82831,0
82931,0
83031,0
83131,0
83231,0
83347,0
83447,0
83547,0
84149,0
84249,0
84349,0
84449,0
84549,4
84649,4
84749,4
84849,4
84950,4
85050,4
85150,4
85250,4
85350,4
85450,4
85550,4
85650,4
85750,4
85850,4
85950,4
86050,4
86150,4
86250,4
86350,0
86450,0
86550,0
86650,0
86750,0
86850,0
86950,0
87050,0
87150,0
87250,0
87350,0
87450,0
87550,0
87650,0
87750,0
87851,0
87951,0
88051,0
88168,0
88282,0
88382,0
88482,0
88582,0
88682,0
89244,0
89344,0
89444,0
89544,0
89644,293
89744,337
89844,347
89944,356
90044,342
90144,332
90244,332
90344,337
90444,332
90544,327
90644,337
90744,317
90844,327
90944,342
91044,337
91144,332
91244,327
91344,127
91444,0
91544,0
91644,0
91744,0
91844,0
91944,0
92044,0
92144,0
92244,0
92344,0
92444,0
92544,0
92644,0
92744,0
92844,0
92944,0
93044,0
93144,0
93244,0
93347,0
93447,0
93547,0
93647,0
93747,0
93968,0
94068,0
94168,0
94268,0
94551,0
94651,0
94751,0
94851,0
94951,0
95051,0
95151,0
95251,0
95351,0
95451,0
95551,0
95651,0
95751,0
95851,0
95951,0
96051,0
96151,0
96251,0
96351,0
96451,0
96551,0
96651,0
96751,0
96851,0
96951,0
97051,0
97152,0
97252,0
97410,0
97510,0
97612,0
97712,0
97812,0
97912,0
98012,0
98112,0
98212,0
98312,0
98412,0
98512,0
98612,0
98712,0
98812,0
98912,0
99012,0
99112,0
99212,0
99662,0
99762,0
99862,0
99962,0
100062,0
100162,0
100262,0
100362,0
100462,0
100562,0
100662,0
100762,0
100862,0
100962,0
101062,0
101163,0
101263,0
101363,0
101481,0
101583,0
101683,0
101783,0
102184,0
102284,0
102384,0
102484,0
102584,312
102684,351
102784,361
102884,361
102984,342
103084,327
103184,351
103284,327
103384,351
103484,342
103584,361
103684,366
103784,332
103884,342
103984,337
104301,366
104401,0
104603,0
104704,0
104804,0
104904,0
105004,0
105104,0
105204,0
105304,0
105404,0
105504,0
105612,0
105712,0
105812,0
105912,0
106012,0
106112,0
106277,0
106377,0
106766,0
106866,0
106966,0
107066,0
107166,87
107266,102
107366,107
107466,107
107566,102
107666,102
107766,102
107866,107
107966,102
108066,102
108166,102
108266,102
108366,102
108466,102
108566,102
108666,107
108766,102
108866,107
108966,0
109066,0
109396,0
109496,0
109722,0
109806,0
109906,0
110006,0
110106,0
110206,0
110306,0
110406,0
110507,0
110607,0
110707,0
113281,0
113381,0
113481,0
113581,0
113681,0
113781,0
113881,0
113981,0
114081,0
114181,0
114281,0
114381,0
114481,0
114581,0
114681,0
114781,0
114881,0
114981,0
115081,0
115181,0
115281,0
115381,0
115481,0
115581,0
115681,0
115781,0
115881,0
115981,0
116081,0
116182,0
116282,0
116382,0
116482,0
116582,0
116682,0
116782,0
116882,0
116982,0
117082,0
117182,0
117282,0
117611,0
117711,0
117811,0
117911,0
118011,0
118111,0
118211,0
118311,0
118411,0
118511,0
118611,0
118711,0
118811,0
118912,0
119012,0
119112,0
119212,0
119312,0
119412,0
119512,0
119612,0
119712,0
119812,0
119912,0
120012,0
120112,0
120212,0
120312,0
120412,0
120512,0
120612,0
120712,0
120812,0
120912,0
121012,0
121112,0
121212,0
121312,0
121412,0
121512,0
121665,0
121765,0
121865,0
121965,0
122065,0
122329,0
122429,0
122529,0
122629,0
122729,0
122829,0
122929,0
123029,0
123129,0
123229,0
123329,0
123531,0
123631,0
123731,0
123831,0
123931,0
124032,0
124132,0
124232,0
124332,0
124432,0
124532,0
124632,0
124732,0
124832,0
124932,0
125032,0
125132,0
125232,0
125332,0
125432,0
125532,0
125632,0
125732,0
125832,0
125932,0
126032,0
126132,0
126232,0
126332,0
126432,0
126532,0
126632,0
126732,0
126832,0
126932,0
127032,0
127132,0
127232,0
127332,0
127432,0
127532,0
127632,0
127732,0
127832,0
127932,0
128032,0
128132,0
128232,0
128332,0
128432,0
128532,0
128632,0
128732,0
128832,0
128932,0
129032,0
129132,0
129335,0
129435,0
129536,0
129636,0
129824,0
129924,0
130024,0
130438,0
130538,0
130638,0
130738,0
130961,503
131061,518
131161,537
131261,542
131361,532
131461,542
131561,527
131661,513
131761,513
131861,522
131961,522
132061,513
132161,503
132261,513
132361,513
132461,498
132561,513
132661,513
132761,513
132861,513
132961,513
133061,488
133161,518
133261,537
133361,547
133462,542
133562,498
133662,518
133953,518
134053,513
134153,513
134253,513
134353,508
134453,518
134553,508
134653,508
134753,508
134853,508
134953,508
135053,508
135153,488
135254,498
135354,503
135454,513
135554,503
135654,488
135754,493
135854,508
135954,508
136054,513
136154,508
136254,503
136354,508
136454,513
136554,513
136654,513
136754,508
136854,508
136954,508
137054,508
137154,522
137254,513
137354,508
137454,503
137554,508
137654,508
137769,508
137869,498
137969,508
138113,503
138213,508
138313,493
138656,508
139023,508
139123,0
139223,0
139323,0
139423,0
139523,0
139623,0
139723,0
139823,0
139923,0
140023,0
140123,0
140223,0
140323,0
140423,0
140523,0
140623,0
140723,0
140823,0
140923,0
141023,0
141123,0
141223,0
141323,0
141423,0
141523,0
141623,0
141723,0
141824,0
141924,0
142024,0
142187,0
142287,0
142387,0
142503,0
142602,0
142715,0
142815,0
142915,0
143015,0
143115,0
143215,0
143315,0
143415,0
143515,0
143718,0
143818,0
143918,0
144018,0
144118,0
144218,0
144318,0
144418,0
144518,0
144618,0
144718,0
144818,0
144918,0
145018,0
145118,0
145218,0
145318,0
145418,0
145518,0
145618,0
145718,0
145818,0
145918,0
146018,0
146118,0
146250,0
146350,0
146450,0
146550,0
146650,0
146750,0
146850,0
146950,0
147050,0
147150,0
147250,0
147350,0
147450,0
147550,0
147650,0
147750,0
147850,0
147950,0
148050,0
148150,0
148250,0
148350,0
148450,0
148550,0
148651,0
148751,0
148851,0
148951,0
149051,0
149151,0
149251,0
149454,0
149554,0
149654,0
149757,0
149857,0
149957,0
150057,0
150157,0
150318,0
150916,0
151016,0
151116,0
151216,0
151430,503
151530,806
151630,830
151730,816
151830,830
151930,830
152030,826
152130,811
152230,791
152330,835
152430,830
152530,826
152630,786
152730,816
152830,796
152930,821
153030,816
153131,816
153231,821
153331,816
153431,830
153531,835
153631,801
153731,796
153831,826
154034,816
154134,777
154234,811
154334,816
154434,811
154534,826
154634,835
154734,811
154834,796
154934,796
155034,816
155134,786
155234,826
155334,826
155484,811
155584,806
155684,796
155784,816
155884,826
155984,811
156084,830
156184,811
156284,791
156384,830
156484,806
156584,816
156684,830
156784,811
156884,806
156984,835
157084,801
157184,786
157284,811
157384,821
157484,806
157584,835
157684,830
157793,826
157893,826
157993,826
158093,826
158193,835
158294,826
158394,821
158494,801
158594,796
158694,830
158794,826
158894,801
158994,816
159094,826
159194,830
159294,830
159394,830
159744,811
159844,806
159944,830
160044,826
160144,826
160244,801
160344,830
160444,791
160544,782
160644,821
160744,806
160844,806
160944,826
161044,821
161144,806
161244,821
161344,830
161444,830
161544,845
161644,826
161744,826
161844,782
161944,777
162044,826
162144,821
162244,821
162344,811
162444,830
162544,796
162644,796
162744,791
162844,830
162944,801
163044,816
163144,811
163244,826
163344,782
163444,791
163544,830
163644,826
163744,796
163844,801
163944,835
164044,835
164144,782
164244,786
164344,801
164444,826
164544,806
164644,806
164744,811
164844,782
164944,816
165044,826
165248,826
165348,826
165448,821
165548,835
165648,826
165748,816
165848,806
165948,821
166048,835
166148,821
166248,816
166348,821
166448,791
166548,830
166648,811
166748,821
166848,816
166948,821
167048,821
167148,826
167248,811
169811,826
169916,0
170219,0
170319,0
170419,0
170519,0
170619,0
170719,0
170819,0
171058,0
171158,0
171258,0
171358,0
171458,0
171558,0
171658,0
171758,0
171858,0
171958,0
172058,0
172158,0
172258,0
172358,0
172459,0
172559,0
172659,0
172861,0
172961,0
173061,0
173161,0
173261,0
173361,0
173461,0
173561,0
173661,0
173761,0
173861,0
173961,0
174061,0
174161,0
174261,0
174361,0
174461,0
174561,0
174661,0
174761,0
174861,0
174961,0
175062,0
175162,0
175262,0
175362,0
175462,0
175562,0
175662,0
175762,0
175862,0
175962,0
176062,0
176162,0
176262,0
176362,0
176462,0
176562,0
176662,0
176762,0
176862,0
176962,0
177062,0
177162,0
177262,0
177362,0
177462,0
177562,0
177662,0
177762,0
177862,0
177963,0
178097,0
178197,0
178297,0
178499,0
178599,0
178699,0
178799,0
178899,0
178999,0
179099,0
179200,0
179300,0
179400,0
179500,0
179600,0
179700,0
179800,0
179900,0
180000,0
180100,0
180200,0
180300,0
180400,0
180500,0
180600,0
180700,0
180800,0
180900,0
181000,0
181100,0
181200,0
181300,0
181400,0
181500,0
181600,0
181700,0
181800,0
181900,0
182000,0
182152,0
182252,0
182352,0
182452,0
182552,0
182652,0
182752,0
182852,0
182952,0
183052,0
183152,0
183252,0
183352,0
183452,0
183552,0
183652,0
183752,0
183852,0
183952,0
184052,0
184152,0
184354,0
184454,0
184554,0
184654,0
184754,0
184854,0
184954,0
185054,0
185154,0
185254,0
185354,0
185454,0
185554,0
185654,0
185754,0
185863,0
185963,0
186063,0
186221,0
186321,0
186421,0
186521,0
186621,0
186721,0
187060,0
187160,0
187260,0
187360,0
187566,513
187666,2937
187766,2922
187866,2981
187966,2805
188066,2966
188166,2981
188266,2966
188366,2996
188466,2956
188566,2854
188666,2996
188766,2991
188866,2971
189069,2976
189169,3015
189270,2986
189370,2790
189470,2981
189570,2961
189670,3010
189770,2996
189870,2952
189970,2952
190070,2878
190170,2971
190270,2937
190370,2942
190470,2952
190570,2981
190670,3005
190770,3010
190870,2839
190970,3005
191070,2927
191170,2996
191270,2888
191370,2908
191470,2854
191620,2991
191720,2927
191820,2790
191920,2981
192020,2961
192120,2844
192220,2996
192320,2820
192420,2986
192520,2854
192620,3020
192720,2947
192820,3025
192920,3000
193020,2922
193120,2971
193220,2815
193320,2927
193420,3000
193520,3010
193620,3005
193720,2795
193835,2903
193935,2922
194035,3005
194135,2971
194235,2947
194335,3005
194435,2971
194535,2947
194739,2956
194839,3020
194939,2947
195039,2976
195139,3025
195239,2986
195339,3020
195439,3025
195539,3010
195695,2966
195795,2976
195895,2908
195995,3000
196096,2927
196196,2996
196296,2986
196396,2893
196496,2795
196596,3000
196696,2800
196796,2834
196896,3030
196996,3005
197096,2956
197196,2937
197296,3000
197396,2893
197496,3035
197596,2942
197696,2996
197796,2976
197896,2966
197996,2981
198096,3010
198196,2888
198296,2991
198396,3015
198496,2913
198596,3010
198696,3015
198796,2829
198896,2913
198996,2942
199096,2976
199196,2947
199296,3040
199396,2898
199496,3015
199596,3015
199767,2908
199867,2991
200071,2991
200171,2844
200271,2913
200371,3025
200471,3025
200571,3025
200671,2996
200771,2996
200871,2825
200971,3000
201071,3049
201171,2839
201271,3000
201371,2981
201472,2913
201572,2966
201672,2986
201772,3000
201872,2991
201972,2937
202072,3000
202172,3000
202272,2996
202372,2888
202472,3005
202572,3020
202672,2986
202772,3005
202872,2805
202972,2917
203072,3000
203172,2976
203272,3005
203372,2903
203472,2981
203572,3005
203672,2878
203841,2829
203941,2825
204041,3005
204141,2991
204241,2927
204341,2971
204441,3020
204541,3005
204641,2908
204741,3035
204841,3020
204941,2991
205041,2986
205142,3015
205242,2878
205342,2996
205442,2981
205542,3000
205642,2996
205861,2942
205946,2702
206046,2922
206146,2942
206246,2825
206346,2991
206446,2781
206546,2952
206646,2952
206746,2903
206846,3015
206946,3015
207046,3015
207147,3005
207247,3015
207347,2898
207447,2971
207547,2888
207647,2961
207747,3035
207913,3020
208013,2991
208113,2893
208214,2927
208314,2961
208414,3005
208514,3020
208614,3025
208714,2947
208814,2971
208914,2991
209014,3020
209114,3040
209214,3015
209314,3025
209414,2810
209514,2878
209614,2932
209714,2917
209814,2903
209914,3020
210014,2986
210114,2996
210214,2849
210314,2986
210414,2859
210514,2844
210614,3020
210714,2888
210814,3005
210914,2961
211014,2888
211115,2825
211215,2971
211315,2825
211520,2844
211619,2952
211719,2991
211819,3005
211987,2961
212087,2991
212187,2971
212287,3000
212387,2820
212487,2825
212587,2966
212687,2981
212787,2795
212887,3000
212987,2859
213087,2898
213187,2952
213287,2991
213387,3005
213487,2947
213587,3000
213687,2839
213787,2986
213890,3020
213990,2981
214090,2996
214190,2795
214290,2937
214390,2913
214490,2991
214590,2966
214690,3020
214790,3010
214890,3005
214990,2825
215090,3005
215190,3005
215290,2976
215390,2825
215490,2947
215590,3010
215690,3005
215790,3005
215890,3000
216059,2878
216159,2976
216259,2996
216359,3030
216459,3000
216559,2961
216659,2961
216759,3025
216961,3025
217061,2873
217161,2942
217261,2966
217361,2996
217461,2976
217561,2961
217661,2986
217761,2996
217862,3000
217962,2986
218062,2986
218162,2981
218262,3000
218362,2961
218462,3005
218562,2991
218662,2991
218762,3000
218862,3005
218962,3010
219062,2996
219162,2908
219262,3010
219362,3010
219462,3015
219563,2986
219663,3010
219763,3010
219863,3015
219963,3010
220140,3005
220240,2795
220340,3035
220440,2898
220540,2898
220640,2996
220740,2942
220840,2986
220940,2976
221040,2873
221140,2986
221240,2927
221340,2937
221440,2913
221540,3020
221640,3005
221740,2991
221840,2878
221940,2883
222040,3010
222140,3005
222240,2903
222340,2893
222543,2908
222643,2981
222743,2859
222843,2971
222943,2986
223043,2873
223143,2986
223243,3015
223343,2913
223443,2917
223543,2986
223643,3005
223744,2981
223844,3030
223944,2996
224044,3010
226623,2947
226983,0
227083,0
227183,0
227283,0
227383,0
227483,0
227584,0
227684,0
227784,0
227884,0
227984,0
228084,0
228184,0
228284,0
228384,0
228484,0
228584,0
228684,0
228784,0
228884,0
228984,0
229084,0
229184,0
229284,0
229384,0
229484,0
229584,0
229684,0
229784,0
229884,0
229984,0
230084,0
230184,0
230284,0
230486,0
230586,0
230686,0
230818,0
230918,0
231018,0
231118,0
231218,0
231318,0
231418,0
231518,0
231618,0
231718,0
231818,0
231918,0
232018,0
232118,0
232218,0
232318,0
232418,0
232518,0
232619,0
232719,0
232819,0
232919,0
233019,0
233119,0
233219,0
233319,0
233419,0
233519,0
233619,0
233719,0
233819,0
233919,0
234019,0
234119,0
234219,0
234319,0
234419,0
234519,0
234619,0
234719,0
234872,0
234972,0
235072,0
235172,0
235272,0
235372,0
235472,0
235572,0
235672,0
235772,0
235872,0
235972,0
236174,0
236274,0
236374,0
236474,0
236574,0
236674,0
236774,0
236874,0
236974,0
237074,0
237174,0
237274,0
237374,0
237474,0
237574,0
237674,0
237774,0
237874,0
237974,0
238074,0
238174,0
238274,0
238374,0
238474,0
238574,0
238674,0
238774,0
238927,0
239027,0
239140,0
239240,0
239340,0
239440,0
239540,0
239640,0
239740,0
239840,0
239940,0
240040,0
240140,0
240240,0
240340,0
240440,0
240540,0
240640,0
240740,0
240840,0
240940,0
241040,0
241140,0
241240,0
241340,0
241440,0
241540,0
241640,0
241740,0
241840,0
242043,0
242143,0
242243,0
242343,0
242443,0
242543,0
242654,0
242754,0
242854,0
242999,0
243099,0
243200,0
243300,0
243400,0
243744,0
243844,0
243944,0
244044,0
244247,508
244347,1182
244447,1124
244547,1119
244647,1109
244747,1094
244847,1143
244947,1148
245047,1119
245147,1133
245248,1148
245348,1148
245448,1099
245548,1158
245648,1133
245748,1153
245848,1158
245948,1158
246048,1109
246148,1158
246248,1119
246348,1124
246448,1153
246671,1153
246754,1143
246854,1163
246955,1163
247055,1168
247155,1148
247255,1158
247355,1124
247455,1109
247555,1148
247655,1133
247755,1094
247855,1143
247955,1133
248055,1158
248155,1133
248300,1163
248400,1138
248500,1119
248600,1133
248700,1148
248800,1148
248900,1153
249000,1163
249100,1143
249200,1143
249300,1153
249400,1094
249500,1124
249600,1143
249700,1153
249800,1158
249900,1143
250000,1158
250100,1158
250200,1163
250300,1158
250400,1119
250500,1163
250600,1177
250700,1143
250800,1129
250900,1148
251000,1153
251100,1094
251200,1153
251300,1119
251400,1153
251500,1158
251600,1158
251700,1129
251800,1133
251900,1158
252000,1153
252100,1163
252381,1163
252481,1143
252581,1109
252681,1109
252781,1153
252881,1143
252981,1138
253081,1153
253181,1104
253281,1153
253381,1138
253481,1104
253581,1153
253681,1158
253782,1104
253882,1153
253982,1158
254082,1153
254182,1158
254282,1163
254382,1168
254482,1158
254582,1124
254698,1109
254798,1143
254898,1173
254998,1148
255098,1133
255198,1158
255298,1094
255398,1153
255498,1104
255598,1148
255698,1163
255798,1158
255898,1153
255998,1124
256098,1148
256198,1133
256299,1114
256452,1163
256552,1163
256652,1158
256752,1143
256852,1158
256952,1138
257052,1148
257152,1124
257252,1114
257352,1133
257452,1119
257654,1124
257754,1168
257854,1158
257954,1138
258054,1148
258154,1099
258254,1153
258354,1133
258454,1133
258554,1089
258669,1158
258754,1124
258854,1104
258954,1099
259054,1138
259154,1124
259254,1143
259354,1133
259454,1104
259554,1138
259654,1158
259755,1158
259855,1158
259955,1158
260055,1094
260155,1153
260255,1158
260355,1158
260524,1158
260624,1148
260724,1148
260824,1133
260924,1143
261024,1138
261124,1143
261224,1148
261324,1143
261424,1129
261524,1124
261624,1104
261724,1143
261824,1099
261924,1143
262024,1148
262124,1163
262224,1153
262324,1158
262424,1148
262524,1129
262624,1119
262724,1129
262824,1148
262924,1094
263024,1143
263124,1143
263328,1143
263428,1104
263528,1153
263628,1109
263728,1129
263828,1143
263928,1114
264028,1153
264128,1109
264228,1138
264328,1153
264428,1163
264597,1129
264697,1099
264797,1129
264897,1109
264997,1129
265097,1133
265197,1129
265297,1148
265397,1138
265497,1089
265597,1129
265697,1143
265797,1094
265897,1129
265997,1163
266097,1104
266198,1133
266298,1129
266398,1153
266498,1153
266598,1138
266700,1119
266800,1133
266900,1148
267000,1153
267100,1143
267200,1114
267300,1104
267400,1158
267500,1133
267600,1148
267700,1143
267800,1129
267900,1158
268000,1153
268100,1168
268200,1109
268300,1158
268400,1163
268500,1153
268667,1153
268891,1158
268991,1143
269091,1094
269191,1163
269291,1148
269391,1143
269491,1168
269591,1148
269691,1148
269791,1143
269891,1119
269991,1114
270091,1114
270191,1133
270291,1158
270391,1158
270491,1158
270592,1153
270698,1153
270798,1138
270898,1143
270998,1158
271098,1124
271198,1182
271298,1168
271398,1158
271498,1138
271598,1158
271698,1138
271798,1129
271898,1153
271998,1133
272098,1153
272198,1158
272299,1148
272399,1158
272499,1163
272599,1153
272746,1177
272846,1148
272946,1153
273046,1114
273146,1109
273246,1094
273346,1153
273446,1109
273546,1163
273646,1153
273746,1158
273846,1109
273946,1158
274046,1173
274146,1173
274246,1129
274448,1133
274548,1158
274648,1148
274748,1129
274848,1133
274948,1138
275048,1163
275148,1153
275248,1153
275348,1143
275448,1099
275548,1148
275648,1143
275748,1143
275848,1163
275948,1173
276048,1114
276148,1114
276248,1158
276348,1153
276448,1133
276548,1163
276648,1138
276815,1153
276915,1133
277015,1099
277115,1138
277215,1114
277315,1153
277415,1148
277515,1158
277615,1163
277715,1129
277815,1148
277915,1124
278016,1148
278116,1158
278216,1143
278316,1168
278416,1153
278516,1143
278616,1163
278716,1168
278816,1133
278916,1163
279016,1148
279116,1133
279216,1138
279316,1153
279416,1168
279516,1163
279616,1158
279716,1138
279816,1158
279916,1168
280121,1168
280221,1168
280321,1148
280421,1163
280521,1119
280621,1148
280721,1168
283424,1138
283735,0
283835,0
283935,0
284035,0
284135,0
284235,0
284335,0
284435,0
284535,0
284635,0
284735,0
284835,0
284935,0
285035,0
285135,0
285235,0
285335,0
285435,0
285535,0
285635,0
285735,0
285835,0
285935,0
286035,0
286135,0
286235,0
286336,0
286436,0
286536,0
286636,0
286736,0
286836,0
286936,0
287036,0
287136,0
287236,0
287336,0
287436,0
287570,0
287773,0
287873,0
287973,0
288073,0
288173,0
288273,0
288373,0
288473,0
288573,0
288673,0
288773,0
288873,0
288973,0
289073,0
289173,0
289273,0
289373,0
289473,0
289573,0
289673,0
289773,0
289873,0
289973,0
290073,0
290173,0
290273,0
290373,0
290473,0
290573,0
290673,0
290774,0
290874,0
290974,0
291074,0
291174,0
291274,0
291374,0
291474,0
291633,0
291733,0
291833,0
291933,0
292033,0
292133,0
292233,0
292333,0
292433,0
292533,0
292633,0
292733,0
292833,0
292933,0
293033,0
293133,0
293233,0
293334,0
293434,0
293534,0
293738,0
293838,0
293938,0
294038,0
294138,0
294238,0
294338,0
294438,0
294538,0
294638,0
294738,0
294838,0
294938,0
295038,0
295138,0
295238,0
295339,0
295439,0
295539,0
295688,0
295788,0
295888,0
295988,0
296088,0
296188,0
296288,0
296388,0
296488,0
296588,0
296688,0
296788,0
296888,0
296988,0
297088,0
297188,0
297288,0
297388,0
297488,0
297588,0
297688,0
297788,0
297888,0
297988,0
298088,0
298188,0
298288,0
298388,0
298488,0
298588,0
298688,0
298788,0
298888,0
298988,0
299088,0
299188,0
299288,0
299388,0
299608,0
299756,0
299856,0
299956,0
300056,0
300409,0
300509,0
300609,0
300709,0
300809,180
300909,205
301009,205
301109,195
301209,205
301309,190
301409,205
301509,205
301609,200
301709,200
301809,200
301910,200
302010,190
302110,205
302210,195
302310,200
302410,200
302510,63
302610,0
302710,0
302810,0
302910,0
303010,0
303110,0
303210,0
303310,0
303410,0
303510,0
303610,0
303710,0
303810,0
303910,0
304010,0
304110,0
304210,0
304310,0
304612,0
304732,0
304831,0
304931,0
305271,0
305371,0
305471,0
305571,0
305671,43
305771,53
305871,53
305971,53
306071,53
306171,48
306271,48
306371,53
306471,53
306571,48
306671,48
306771,48
306871,48
306971,48
307072,53
307172,53
307272,48
307372,48
307472,0
307572,0
307672,0
307772,0
307872,0
307972,0
308072,0
308172,0
308272,0
308372,0
308472,0
308572,0
308672,0
308772,0
308872,0
308972,0
309072,0
309172,0
309289,0
309560,0
309660,0
309760,0
309860,0
310233,0
310335,0
310435,0
310535,0
310635,185
310735,195
310835,190
310935,200
311035,200
311135,200
311235,185
311335,185
311435,190
311535,195
311638,190
311738,195
311838,180
311938,190
312038,195
312138,200
312238,190
312338,190
312438,0
312538,0
312638,0
312738,0
312838,0
312938,0
313038,0
313138,0
313238,0
313338,0
313438,0
313538,0
313638,0
313738,0
313838,0
313938,0
314038,0
314138,0
314250,0
314520,0
314620,0
314720,0
314820,0
314920,0
315020,0
315385,0
315485,0
315585,0
315685,0
315888,522
315988,2800
316088,2668
316188,2683
316288,2619
316388,2600
316488,2771
316588,2761
316688,2741
316788,2756
316888,2785
316988,2785
317088,2673
317188,2800
317288,2737
317388,2790
317488,2790
317588,2781
317688,2673
317788,2751
317888,2624
317988,2629
318088,2727
318188,2781
318288,2756
318388,2727
318488,2776
318588,2756
318688,2746
318788,2707
318990,2712
319090,2761
319190,2756
319290,2771
319390,2746
319490,2717
319590,2800
319690,2624
319790,2732
319941,2790
320041,2746
320141,2727
320241,2756
320342,2619
320442,2688
320542,2575
320642,2629
320742,2785
320842,2785
320942,2790
321042,2697
321142,2766
321242,2785
321342,2776
321442,2776
321542,2741
321642,2781
321742,2595
321842,2644
321942,2781
322042,2732
322142,2634
322242,2790
322342,2766
322442,2746
322542,2746
322642,2766
322742,2707
322842,2790
322942,2766
323042,2795
323142,2668
323243,2795
323343,2751
323443,2800
323543,2795
323651,2785
323751,2658
323851,2600
324017,2766
324117,2751
324217,2795
324419,2795
324519,2639
324619,2624
324719,2697
324819,2776
324919,2776
325019,2673
325120,2785
325220,2776
325320,2781
325420,2785
325520,2766
325620,2781
325720,2741
325820,2776
325920,2756
326020,2771
326120,2653
326220,2790
326320,2790
326420,2790
326520,2741
326620,2766
326720,2619
326820,2707
326920,2653
327020,2795
327120,2785
327220,2766
327320,2761
327420,2785
327520,2639
327622,2751
327723,2771
327823,2776
327923,2751
328085,2766
328185,2737
328285,2776
328385,2741
328485,2800
328585,2737
328685,2776
328785,2781
328885,2771
328985,2751
329085,2746
329185,2741
329285,2741
329385,2776
329485,2785
329585,2790
329686,2785
329786,2781
329886,2658
329986,2785
330188,2785
330288,2771
330388,2776
330488,2600
330588,2658
330688,2766
330788,2771
330888,2771
330988,2781
331088,2776
331188,2781
331288,2741
331388,2741
331488,2614
331588,2697
331688,2639
331788,2761
331888,2653
331988,2683
332156,2688
332256,2746
332356,2790
332456,2785
332556,2746
332656,2600
332756,2727
332856,2595
332956,2746
333056,2781
333156,2697
333256,2776
333356,2766
333456,2741
333556,2751
333656,2810
333756,2688
333856,2766
333956,2771
334056,2629
334156,2707
334256,2663
334356,2781
334456,2585
334556,2766
334656,2751
334756,2771
334856,2771
334956,2746
335056,2712
335156,2776
335256,2771
335356,2649
335456,2751
335556,2771
335837,2741
335937,2766
336037,2751
336137,2727
336237,2776
336337,2619
336437,2707
336537,2653
336637,2732
336737,2732
336837,2658
336937,2732
337037,2717
337137,2634
337238,2781
337338,2781
337438,2649
337538,2673
337638,2771
337738,2697
337838,2717
337938,2771
338038,2771
338138,2771
338238,2722
338338,2756
338438,2629
338538,2737
338638,2766
338738,2693
338838,2761
338938,2776
339038,2771
339138,2673
339238,2771
339338,2761
339438,2629
339538,2776
342170,2785
342561,0
342829,0
343088,0
343510,0
343610,0
343710,0
343810,0
343910,0
344010,0
344110,0
344210,0
344310,0
344410,0
344510,0
344610,0
344710,0
344810,0
344910,0
345010,0
345110,0
345210,0
345310,0
345410,0
345510,0
345610,0
345710,0
345810,0
345910,0
346010,0
346110,0
346210,0
346310,0
346411,0
346511,0
346611,0
346711,0
346811,0
346911,0
347011,0
347111,0
347211,0
347311,0
347411,0
347511,0
347611,0
347711,0
347811,0
347911,0
348011,0
348111,0
348211,0
348311,0
348411,0
348511,0
348611,0
348711,0
348811,0
348911,0
349011,0
349214,0
349314,0
349414,0
349514,0
349614,0
349714,0
349814,0
349914,0
350014,0
350114,0
350214,0
350314,0
350437,0
350537,0
350637,0
350737,0
350837,0
350937,0
351037,0
351137,0
351237,0
351337,0
351437,0
351537,0
351637,0
351737,0
351837,0
351937,0
352037,0
352137,0
352237,0
352337,0
352437,0
352537,0
352637,0
352737,0
352837,0
352937,0
353037,0
353137,0
353238,0
353338,0
353438,0
353538,0
353638,0
353738,0
353838,0
353938,0
354038,0
354138,0
354238,0
354338,0
354498,0
354598,0
354824,0
354924,0
355024,0
355124,0
355224,0
355324,0
355424,0
355524,0
355624,0
355724,0
355824,0
355924,0
356024,0
356124,0
356224,0
356324,0
356424,0
356524,0
356624,0
356724,0
356824,0
356924,0
357024,0
357124,0
357224,0
357324,0
357424,0
357524,0
357624,0
357724,0
357824,0
357924,0
358024,0
358124,0
358224,0
358324,0
358424,0
358564,0
358664,0
359035,0
359135,0
359235,0
359335,0
359758,503
359842,786
359942,738
360042,786
360142,821
360242,821
360342,821
360442,821
360542,791
360642,816
360742,826
360842,811
360942,791
361042,791
361142,826
361242,899
361342,909
361442,918
361542,855
361643,855
361743,811
361843,738
361943,698
362043,713
362143,777
362243,821
362343,806
362443,791
362543,816
362643,786
362743,777
362843,782
362943,767
363043,757
363143,757
363243,791
363343,791
363443,821
363543,816
363643,782
363811,747
363896,747
363996,738
364096,791
364196,830
364296,772
364396,674
364496,659
364596,703
364696,742
364796,757
365002,757
365102,723
365202,684
365302,679
365402,664
365502,674
365602,684
365702,684
365802,689
365902,733
366002,723
366102,708
366202,728
366302,733
366402,742
366502,742
366602,713
366702,767
366802,762
366902,747
367002,723
367102,728
367202,742
367302,772
367403,782
367503,738
367603,742
367703,713
367901,674
368001,654
368101,669
368201,713
368301,684
368453,508
368553,557
368944,586
369052,586
369152,762
369252,684
369454,684
369554,669
369654,620
369754,606
369867,493
369967,508
370067,513
370167,503
370267,547
370367,586
370467,581
370567,591
370667,591
370767,557
370867,596
370967,576
371067,410
371167,478
371267,483
371367,469
371467,488
371567,356
371667,508
371767,469
371867,454
371968,366
372068,503
372168,508
372268,493
372368,508
372516,488
372616,527
372716,522
372816,547
372916,547
373284,547
373458,547
373558,503
373658,503
373758,503
373959,503
374059,493
374159,498
374259,503
374359,498
374459,488
374559,498
374659,493
374759,474
374859,483
374959,493
375059,498
375159,478
375259,498
375359,483
375459,503
375559,503
375659,503
375759,488
375859,503
375959,478
376059,0
376159,0
376259,0
376359,0
376459,0
376591,0
376691,0
376791,0
376891,0
377307,0
377407,0
377507,0
377607,0
377707,136
377807,151
377907,166
378007,156
378107,161
378207,161
378307,156
378407,161
378507,161
378607,151
378707,156
378807,146
378907,156
379381,156
379481,0
379581,0
379681,0
379781,0
379881,0
379981,0
380081,0
380181,0
380281,0
380381,0
380481,0
380581,0
380681,0
380781,0
380881,0
380981,0
381081,0
381181,0
381281,0
381394,0
381494,0
381594,0
381705,0
381805,0
381905,0
382007,0
382107,0
382208,0
382308,0
382408,0
382508,0
382608,0
382708,0
382808,0
382908,0
383008,0
383108,0
383208,0
383308,0
383408,0
383508,0
383608,0
383708,0
383819,0
383919,0
384019,0
384119,0
384219,0
384319,0
384419,0
384623,0
384723,0
384823,0
384923,0
385024,0
385124,0
385224,0
385324,0
385467,0
385567,0
385667,0
385767,0
385867,0
385967,0
386067,0
386167,0
386267,0
386367,0
386467,0
386567,0
386667,0
386767,0
386867,0
386967,0
387067,0
387167,0
387267,0
387367,0
387467,0
387567,0
387667,0
387767,0
387867,0
387968,0
388068,0
388168,0
388268,0
388368,0
388468,0
388568,0
388668,0
388768,0
389097,0
389197,0
389297,0
389397,0
389534,0
389634,0
389734,0
389958,0
390059,0
390159,0
390259,0
390359,0
390459,0
390559,0
390659,0
390759,0
390859,0
390959,0
391059,0
391159,0
391259,0
391359,0
391459,0
391559,0
391659,0
391759,0
391859,0
391959,0
392059,0
392159,0
392259,0
392359,0
392459,0
392559,0
392659,0
392759,0
392859,0
392960,0
393060,0
393160,0
393426,0
393526,0
393641,0
393741,0
393841,0
393942,0
394042,0
394142,0
394242,0
394342,0
394442,0
394542,0
394642,0
394742,0
394842,0
394942,0
395042,0
395142,0
395242,0
395443,0
395543,0
395643,0
395743,0
395847,0
395947,0
396047,0
396147,0
396247,0
396347,0
396447,0
396547,0
396647,0
396747,0
396847,0
396947,0
397047,0
397147,0
399963,0
400063,0
400163,0
400263,0
400363,0
400463,0
400563,0
400663,0
400763,0
400863,0
400963,0
401063,0
401163,0
401263,0
401363,0
401463,0
401563,0
401664,0
401764,0
401864,0
401964,0
402064,0
402164,0
402264,0
402364,0
402464,0
402564,0
402664,0
402764,0
402864,0
402964,0
403064,0
403164,0
403264,0
403364,0
403464,0
403667,0
403766,0
403866,0
403966,0
404096,0
404196,0
404296,0
404396,0
404496,0
404596,0
404696,0
404796,0
404896,0
404996,0
405096,0
405196,0
405296,0
405396,0
405496,0
405596,0
405696,0
405796,0
405896,0
405996,0
406096,0
406196,0
406296,0
406396,0
406496,0
406596,0
406696,0
406796,0
406896,0
406996,0
407096,0
407196,0
407296,0
407396,0
407496,0
407596,0
407696,0
407796,0
407896,0
407996,0
408151,0
408251,0
408351,0
408451,0
408551,0
408651,0
408751,0
408851,0
408951,0
409051,0
409151,0
409355,0
409455,0
409555,0
409655,0
409755,0
409856,0
409956,0
410056,0
410156,0
410256,0
410356,0
410456,0
410556,0
410656,0
410756,0
410856,0
410956,0
411056,0
411156,0
411256,0
411356,0
411456,0
411556,0
411656,0
411756,0
411856,0
411956,0
412056,0
412207,0
412307,0
412407,0
412507,0
412607,0
412707,0
412807,0
412907,0
413007,0
413107,0
413207,0
413307,0
413407,0
413507,0
413607,0
413707,0
413807,0
413907,0
414007,0
414107,0
414208,0
414308,0
414408,0
414508,0
414608,0
414708,0
414808,0
414908,0
415008,0
415211,0
415311,0
415411,0
415511,0
415611,0
415711,0
415811,0
415911,0
416018,0
416118,0
416275,0
416375,0
416785,0
416885,0
416985,0
417085,0
417328,503
417428,469
417528,474
417628,478
417728,508
417828,503
417928,503
418028,498
418128,503
418228,503
418328,498
418428,498
418528,503
418628,503
418728,508
418828,503
418928,478
419028,483
419128,498
419228,469
419328,498
419428,483
419528,508
419734,508
419834,503
419934,498
420034,498
420134,493
420234,503
420342,498
420442,508
420542,498
420642,469
420742,508
420842,508
420942,503
421042,508
421142,474
421242,503
421342,508
421442,508
421542,469
421642,508
421742,508
421842,503
421942,498
422042,503
422142,503
422242,478
422342,503
422443,493
422543,498
422643,503
422743,508
422843,508
422943,503
423043,503
423143,478
423243,503
423343,469
423443,464
423543,498
423643,508
423743,503
423843,498
423943,498
424043,508
424143,503
424243,483
424408,508
424508,488
425066,483
425274,508
425374,342
425474,78
425574,92
425674,92
425774,87
425874,92
425974,87
426074,87
426174,92
426274,92
426374,92
426474,92
426574,87
426674,87
426774,92
426874,92
426974,92
427074,87
427174,92
427274,92
427374,87
427474,92
427574,92
427674,92
427774,92
427874,92
427990,92
428075,87
428175,87
428275,92
428375,92
428476,92
428576,87
428676,92
428776,92
428876,92
428976,97
429076,97
429176,92
429276,92
429376,92
429579,92
429679,92
429779,92
429879,87
429979,92
430080,92
430180,87
430280,92
430380,87
430480,92
430580,92
430680,87
430780,92
430880,92
430980,87
431080,87
431180,92
431280,97
431380,97
431480,97
431580,92
431680,92
431780,92
431880,92
431989,87
432089,87
432189,92
432289,97
432389,97
432543,92
432643,97
432743,92
432843,97
432943,92
433043,97
433143,97
433243,92
433343,0
433443,0
433543,0
433643,0
433743,0
433843,0
433943,0
434043,0
434143,0
434243,0
434343,0
434443,0
434543,0
434643,0
434743,0
434843,0
434944,0
435044,0
435144,0
435348,0
435448,0
435548,0
435648,0
435748,0
435848,0
435948,0
436048,0
436148,0
436248,0
436348,0
436448,0
436617,0
436953,0
437369,0
437469,0
437569,0
437669,0
437903,503
438003,508
438103,508
438203,483
438303,508
438403,493
438503,503
438603,503
438703,508
438803,508
438903,508
439003,464
439103,503
439203,474
439303,503
439403,508
439503,498
439603,508
439703,503
439905,503
440018,508
440118,474
440218,488
440318,503
440418,508
440518,508
440686,503
440786,498
440886,508
440986,493
441086,513
441186,527
441286,542
441387,591
441487,620
441587,767
441687,811
441787,782
441887,752
441987,728
442087,689
442187,650
442287,478
442387,508
442487,513
442587,513
442687,522
442787,493
442887,518
442987,513
443087,522
443187,508
443287,508
443387,513
443487,527
443587,537
443687,518
443787,508
443887,508
443990,522
444090,513
444190,508
444290,532
444390,527
444490,508
444590,527
444751,542
444851,513
444951,527
445728,522
445910,513
446010,0
446110,0
446210,0
446310,0
446410,0
446510,0
446610,0
446710,0
446810,0
446910,0
447010,0
447110,0
447210,0
447310,0
447410,0
447510,0
447610,0
447710,0
447810,0
447910,0
448018,0
448118,0
448218,0
448318,0
448418,0
448518,0
448618,0
448718,0
448819,0
448919,0
449019,0
449119,0
449219,0
449319,0
449419,0
449622,0
449722,0
449822,0
449922,0
450022,0
450122,0
450222,0
450322,0
450422,0
450522,0
450622,0
450722,0
450822,0
450922,0
451022,0
451122,0
451222,0
451322,0
451422,0
451522,0
451622,0
451722,0
451822,0
451922,0
452022,0
452122,0
452222,0
452322,0
452422,0
452523,0
452623,0
452723,0
452886,0
452986,0
453086,0
453186,0
453286,0
453386,0
453486,0
453586,0
453686,0
453786,0
453886,0
453986,0
454086,0
454187,0
454287,0
454387,0
454487,0
454587,0
454687,0
454787,0
454887,0
454987,0
455087,0
455187,0
455389,0
455489,0
455589,0
455689,0
455789,0
455889,0
455990,0
456090,0
456190,0
456290,0
458828,0
459130,0
459230,0
459330,0
459430,0
459530,0
459630,0
459730,0
459830,0
459930,0
460030,0
460130,0
460230,0
460331,0
460431,0
460531,0
460631,0
460731,0
460831,0
460931,0
461031,0
461131,0
461231,0
461331,0
461431,0
461531,0
461631,0
461731,0
461831,0
461931,0
462031,0
462131,0
462231,0
462331,0
462431,0
462531,0
462631,0
462731,0
462831,0
462957,0
463057,0
463260,0
463360,0
463460,0
463560,0
463660,0
463760,0
463860,0
463960,0
464060,0
464160,0
464260,0
464360,0
464460,0
464560,0
464660,0
464760,0
464860,0
464960,0
465060,0
465160,0
465260,0
465360,0
465460,0
465560,0
465862,0
465963,0
466063,0
466163,0
466263,0
466363,0
466463,0
466563,0
466663,0
466763,0
466863,0
467012,0
467112,0
467212,0
467312,0
467412,0
467512,0
467612,0
467712,0
467812,0
467912,0
468012,0
468112,0
468212,0
468312,0
468412,0
468512,0
468612,0
468712,0
468812,0
468912,0
469012,0
469112,0
469315,0
469415,0
469515,0
469615,0
469715,0
469815,0
469915,0
470016,0
470116,0
470216,0
470316,0
470416,0
470516,0
470616,0
470716,0
470816,0
470916,0
471066,0
471166,0
471266,0
471366,0
471467,0
471567,0
471667,0
471767,0
471867,0
471967,0
472067,0
472167,0
472267,0
472367,0
472467,0
472567,0
472667,0
472767,0
472867,0
472967,0
473067,0
473167,0
473267,0
473367,0
473467,0
473567,0
473667,0
473767,0
473867,0
473967,0
474067,0
474167,0
474267,0
474368,0
474468,0
474568,0
474668,0
474768,0
474868,0
475147,0
475247,0
475347,0
475447,0
475859,0
475959,0
476059,0
476160,0
476361,503
476461,3069
476561,3059
476661,3260
476761,3299
476861,3211
476961,3049
477061,2468
477161,2966
477261,2580
477361,3040
477461,3333
477561,2546
477661,2727
477761,2898
477861,2834
477961,2869
478061,3289
478161,2595
478261,2903
478361,3079
478461,3132
478561,3260
478661,3113
478761,2404
478861,3250
478961,3074
479062,2443
479162,2370
479262,2820
479362,3216
479462,2688
479562,2585
479662,2453
479865,2614
479965,2746
480065,2492
480165,2644
480265,2844
480414,3064
480514,3167
480614,3250
480714,2697
480814,2917
480914,2732
481014,2531
481114,3088
481214,2746
481314,2913
481414,2517
481514,2854
481614,2869
481714,3064
481814,2746
481914,3157
482014,3323
482114,2649
482214,2404
482314,2673
482414,3289
482514,2649
482614,2546
482714,2947
482814,2746
482914,2287
483014,2883
483115,2688
483215,2722
483315,3128
483415,3206
483515,3313
483615,2996
483715,2619
483815,3054
483915,2966
484028,2800
484128,3040
484228,3250
484328,3279
484493,2585
484593,2815
484694,3162
484794,3172
484894,2668
485103,2463
485203,2639
485303,2370
485403,2658
485504,2688
485604,3343
485704,2859
485804,2776
485904,3059
486004,3343
486104,2448
486204,3098
486304,2864
486404,2859
486504,3323
486604,3289
486704,2458
486804,3343
486904,2800
487004,3220
487104,2815
487204,3294
487304,2888
487404,3103
487504,2678
487604,2468
487704,3338
487804,2683
487904,3069
488004,3172
488104,3269
488204,3137
488304,3044
488404,2864
488564,2678
488664,2834
488764,2712
488864,3000
488964,3201
489064,2834
489164,2443
489264,3044
489364,2365
489464,2668
489564,3289
489664,2888
489764,2424
489864,2634
489964,3211
490064,2448
490164,3000
490264,2991
490364,2888
490464,3245
490564,3015
490664,2551
490868,2693
490968,2541
491068,2869
491168,2903
491268,3123
491368,3059
491468,3323
491568,2903
491668,3069
491768,2258
491868,3054
491968,2810
492068,3054
492168,2683
492268,2785
492368,3176
492468,2521
492637,2834
492737,2971
492837,3201
492937,2991
493037,3250
493137,2678
493237,3118
493337,3118
493437,3069
493537,3132
493637,2712
493737,2864
493837,2688
493937,2712
494038,3069
494138,3059
494238,3269
494338,3260
494438,2854
494538,3142
494638,2365
494738,3196
494838,3323
494938,3299
495038,2380
495138,3152
495238,3181
495338,2546
495438,2688
495538,3304
495638,2776
495738,3025
495838,2380
495938,2898
496038,2839
496138,2927
496238,3245
496338,2600
496540,2741
496704,3299
496804,2942
496904,3191
497004,3289
497104,3103
497204,2771
497304,2727
497404,2673
497504,2971
497604,2859
497704,2663
497804,3240
497904,3260
498004,3000
498104,2575
498204,2448
498304,3206
498404,2785
498504,2595
498604,3040
498704,2976
498804,2556
498904,3176
499004,3191
499104,3147
499204,2873
499304,3113
499404,3152
499504,2839
499604,2419
499704,2820
499804,3206
499904,2927
500004,2766
500104,3294
500204,3181
500304,3313
500404,2751
500504,2551
500604,3054
500704,3289
500822,3172
500922,2678
501022,2825
501122,3323
501222,3294
501322,3000
501422,2565
501522,3186
501622,2751
501827,2873
501927,2629
502027,3157
502127,2619
502227,2512
502327,3220
502427,2795
502528,2800
502628,2419
502728,2482
502828,3015
502928,2629
503028,3284
503128,3132
503228,2917
503328,3318
503428,2898
503528,3343
503628,3343
503728,3049
503828,3323
503928,3167
504030,3088
504130,2673
504230,2370
504330,3328
504430,2678
504530,3035
504630,3010
504730,2482
504871,2663
504971,2609
505071,3216
505171,2781
505271,2761
505371,3328
505472,3323
505572,2394
505672,2898
505772,2937
505872,2419
505972,3010
506072,3020
506172,2976
506272,2956
506372,2390
506472,2722
506572,3338
506672,2639
506772,2947
506872,3328
506972,3084
507072,2350
507172,3088
507272,3137
507372,2898
507576,3000
507676,3201
507776,3118
507876,2922
507976,2649
508076,3064
508176,3225
508276,3299
508376,2844
508476,3128
508576,3299
508676,2546
508776,3157
508943,3059
509043,3088
509143,3328
509243,2644
509343,3308
509443,3308
509543,2917
509643,2937
509743,2878
509843,3098
509943,2629
510043,3304
510143,3108
510243,3216
510343,3142
510443,3289
510543,2565
510643,3025
510743,3264
510843,2981
510943,3235
511043,3318
511143,2976
511243,3255
511343,2541
511443,2859
511543,2673
511643,2869
511744,3103
511844,3274
511944,3005
512044,2996
512144,3118
512244,2375
512344,2468
512444,3201
512544,3235
512644,2649
512744,2531
512844,3123
513200,3333
513300,3005
513400,2649
513500,2531
513600,2712
513700,2917
513800,3054
513900,2282
514000,2605
514100,3064
514200,3074
514300,2893
514400,2810
514500,3338
514600,3064
514700,3118
517315,3255
517688,0
517788,0
517888,0
517988,0
518088,0
518188,0
518288,0
518388,0
518488,0
518588,0
518688,0
518788,0
518888,0
518988,0
519088,0
519188,0
519288,0
519388,0
519488,0
519588,0
519688,0
519788,0
519888,0
519988,0
520088,0
520188,0
520288,0
520388,0
520488,0
520588,0
520688,0
520788,0
520992,0
521092,0
521192,0
521292,0
521392,0
521518,0
521618,0
521718,0
521818,0
521918,0
522018,0
522118,0
522218,0
522318,0
522418,0
522518,0
522618,0
522718,0
522818,0
522918,0
523018,0
523118,0
523218,0
523318,0
523418,0
523518,0
523618,0
523718,0
523819,0
523919,0
524019,0
524119,0
524219,0
524319,0
524419,0
524519,0
524619,0
524719,0
524819,0
524919,0
525019,0
525119,0
525219,0
525319,0
525419,0
525576,0
525676,0
525776,0
525876,0
525976,0
526076,0
526176,0
526276,0
526376,0
526576,0
526676,0
526776,0
526876,0
526976,0
527076,0
527176,0
527276,0
527376,0
527476,0
527576,0
527676,0
527776,0
527876,0
527976,0
528076,0
528176,0
528276,0
528376,0
528476,0
528576,0
528676,0
528776,0
528876,0
528976,0
529076,0
529176,0
529276,0
529376,0
529476,0
529576,0
529676,0
529776,0
529876,0
529976,0
530076,0
530176,0
530276,0
530376,0
530476,0
530576,0
530676,0
530776,0
530876,0
530976,0
531076,0
531176,0
531276,0
531376,0
531476,0
531576,0
531676,0
531776,0
531876,0
531976,0
532076,0
532176,0
532382,0
532482,0
532582,0
532682,0
532782,0
532882,0
532982,0
533082,0
533182,0
533282,0
533382,0
533482,0
533582,0
533720,0
533820,0
533920,0
534255,0
534355,0
534455,0
534555,0
534762,508
534862,1192
534962,1182
535062,1173
535162,1153
535262,1158
535362,1163
535462,1168
535562,1168
535662,1094
535762,1182
535862,1119
535962,1104
536062,1182
536162,1168
536262,1187
536363,1148
536463,1177
536563,1148
536663,1173
536872,1173
536971,1148
537071,1168
537171,1138
537271,1153
537371,1158
537472,1099
537572,1182
537672,1138
537772,1187
537872,1119
537972,1187
538072,1099
538172,1119
538272,1143
538372,1163
538472,1158
538572,1192
538672,1202
538816,1109
538916,1153
539016,1168
539116,1187
539216,1104
539316,1114
539416,1148
539516,1187
539616,1177
539716,1109
539816,1187
539916,1148
540016,1143
540116,1104
540216,1177
540316,1143
540416,1114
540516,1138
540616,1153
540716,1192
540816,1177
540916,1173
541016,1173
541116,1192
541216,1168
541330,1173
541430,1163
541530,1192
541630,1133
541730,1104
541830,1163
541930,1187
542030,1124
542130,1148
542230,1192
542433,1143
542533,1119
542633,1163
542733,1109
542888,1187
542988,1182
543088,1143
543188,1173
543288,1148
543388,1173
543488,1177
543588,1182
543688,1177
543788,1153
543888,1177
543988,1192
544088,1148
544188,1187
544288,1124
544388,1163
544488,1143
544588,1163
544688,1173
544788,1124
544888,1163
544988,1114
545088,1158
545188,1197
545288,1114
545388,1133
545488,1104
545588,1119
545688,1173
545788,1192
545888,1177
545988,1163
546088,1143
546188,1197
546288,1168
546388,1173
546488,1104
546588,1114
546688,1163
546788,1163
546888,1187
546988,1148
547088,1153
547188,1168
547288,1168
547388,1129
547488,1143
547588,1182
547789,1182
547889,1158
547989,1138
548089,1187
548189,1133
548289,1187
548389,1177
548489,1177
548589,1163
548689,1109
548789,1173
548889,1129
548989,1158
549089,1182
549189,1119
549289,1182
549389,1192
549489,1173
549590,1124
549690,1173
549790,1187
549890,1094
549990,1182
550090,1173
550190,1168
550290,1158
550390,1124
550490,1177
550590,1173
550690,1177
550790,1129
550890,1173
551052,1182
551152,1138
551252,1138
551352,1168
551452,1109
551552,1168
551652,1177
551752,1192
551852,1177
551952,1114
552052,1133
552152,1138
552252,1187
552352,1089
552452,1148
552552,1114
552652,1173
552752,1129
552852,1168
552952,1148
553052,1148
553152,1163
553252,1163
553543,1133
553643,1153
553743,1109
553843,1182
553943,1177
554043,1163
554143,1158
554243,1177
554343,1168
554443,1177
554543,1148
554643,1099
554743,1163
554843,1173
554943,1148
555043,1163
555143,1182
555243,1143
555343,1173
555443,1104
555543,1177
555643,1173
555743,1138
555843,1114
555943,1124
556043,1192
556143,1158
556243,1182
556343,1168
556443,1158
556544,1133
556644,1163
556744,1197
556844,1119
556944,1177
557044,1158
557144,1133
557244,1177
557359,1089
557459,1177
557559,1173
557659,1158
557759,1163
557859,1138
557959,1119
558059,1124
558159,1202
558259,1163
558359,1187
558459,1182
558559,1168
558659,1187
558759,1168
558859,1168
558959,1177
559236,1177
559336,1177
559436,1138
559536,1173
559636,1124
559736,1197
559836,1173
559936,1177
560036,1148
560136,1143
560236,1163
560336,1177
560436,1129
560536,1163
560636,1168
560736,1177
560836,1182
560936,1163
561036,1177
561136,1168
561236,1173
561336,1124
561436,1187
561536,1173
561636,1168
561736,1138
561836,1182
561936,1148
562036,1173
562136,1124
562236,1192
562336,1148
562436,1158
562536,1114
562636,1182
562736,1168
562836,1182
562936,1173
563036,1143
563136,1192
563307,1109
563407,1187
563507,1187
563607,1163
563707,1143
563807,1187
563907,1104
564007,1129
564107,1163
564207,1173
564307,1187
564407,1163
564507,1168
564711,1168
564811,1129
564911,1104
565011,1109
565111,1104
565211,1089
565311,1177
565411,1173
565511,1173
565611,1163
565711,1168
565811,1182
565911,1163
566011,1119
566111,1163
566211,1182
566311,1173
566411,1168
566511,1173
566611,1163
566711,1177
566811,1119
566912,1148
567012,1129
567112,1182
567212,1202
567378,1138
567478,1158
567578,1119
567678,1119
567778,1158
567878,1148
567979,1163
568079,1138
568179,1158
568279,1099
568379,1143
568479,1173
568579,1163
568679,1148
568779,1133
568879,1187
568979,1124
569079,1109
569179,1133
569279,1124
569381,1148
569481,1119
569581,1094
569681,1192
569781,1192
569881,1168
569981,1173
570081,1182
570283,1182
570383,1173
570483,1119
570583,1182
570683,1148
570783,1143
570883,1177
570983,1124
571083,1094
571183,1168
571283,1138
571450,1133
571550,1173
571650,1109
571750,1192
571850,1163
571950,1177
572050,1168
572150,1129
572250,1109
572350,1168
572450,1192
572550,1158
572650,1143
572750,1085
572850,1168
572950,1173
573050,1177
573150,1129
573250,1148
573351,1158
573451,1168
573551,1177
573651,1168
573751,1119
576300,1168
576658,0
576758,0
576858,0
576958,0
577058,0
577158,0
577258,0
577358,0
577458,0
577558,0
577762,0
577862,0
577963,0
578063,0
578163,0
578263,0
578363,0
578463,0
578563,0
578663,0
578763,0
578863,0
578963,0
579063,0
579163,0
579263,0
579363,0
579463,0
579563,0
579663,0
579763,0
579863,0
579963,0
580063,0
580163,0
580263,0
580363,0
580495,0
580595,0
580695,0
580795,0
580895,0
580995,0
581095,0
581195,0
581295,0
581395,0
581495,0
581595,0
581695,0
581795,0
581895,0
581995,0
582095,0
582195,0
582295,0
582395,0
582495,0
582595,0
582695,0
582795,0
582895,0
582995,0
583095,0
583195,0
583296,0
583396,0
583496,0
583698,0
583798,0
583898,0
583998,0
584098,0
584198,0
584298,0
584398,0
584549,0
584649,0
584749,0
584849,0
584949,0
585049,0
585149,0
585249,0
585349,0
585449,0
585549,0
585649,0
585749,0
585849,0
585949,0
586049,0
586149,0
586249,0
586349,0
586449,0
586549,0
586649,0
586749,0
586849,0
586949,0
587049,0
587149,0
587249,0
587350,0
587450,0
587550,0
587650,0
587750,0
587850,0
587950,0
588050,0
588150,0
588250,0
588350,0
588450,0
588604,0
588704,0
