p:4000,20000,6000,600,8000,4000,2000,8000,100
16153,packet,1,0,0,1,55,8000
16167,event,0,0
16182,action,0,0
20154,packet,1,0,0,1,56,8000
20169,event,0,1
24152,packet,1,0,0,1,56,8000
24167,event,0,1
28155,packet,1,0,0,1,56,8000
28170,event,0,1
32156,packet,1,0,0,1,56,8000
32170,event,0,1
36154,packet,1,0,0,1,56,8000
36169,event,0,1
40156,packet,1,0,0,1,56,8000
40171,event,0,1
44343,packet,1,0,0,1,56,8000
44358,event,0,1
48159,packet,1,0,0,1,56,8000
48174,event,0,1
52158,packet,1,0,0,1,56,8000
52177,event,0,1
60192,event,1,1
60207,action,1,1
73639,packet,1,0,0,1,54,8000
73653,event,0,0
73668,action,0,0
77626,packet,1,0,0,1,54,8000
77641,event,0,1
81645,packet,1,0,0,1,54,8000
81660,event,0,1
85648,packet,1,0,0,1,54,8000
85663,event,0,1
89652,packet,1,0,0,1,54,8000
89666,event,0,1
93657,packet,1,0,0,1,54,8000
93671,event,0,1
97662,packet,1,0,0,1,54,8000
97676,event,0,1
101662,packet,1,0,0,1,54,8000
101678,event,0,1
105666,packet,1,0,0,1,54,8000
105682,event,0,1
109675,packet,1,0,0,1,54,8000
109695,event,0,1
117709,event,1,1
117723,action,1,1
129677,packet,1,0,0,1,58,8000
129692,event,0,0
129707,action,0,0
133661,packet,1,0,0,1,58,8000
133676,event,0,1
137675,packet,1,0,0,1,58,8000
137690,event,0,1
141678,packet,1,0,0,1,56,8000
141694,event,0,1
145870,packet,1,0,0,1,56,8000
145884,event,0,1
149683,packet,1,0,0,1,56,8000
149699,event,0,1
153682,packet,1,0,0,1,57,8000
153697,event,0,1
157689,packet,1,0,0,1,56,8000
157703,event,0,1
161684,packet,1,0,0,1,56,8000
161703,event,0,1
165688,packet,1,0,0,1,56,8000
165702,event,0,1
173716,event,1,1
173730,action,1,1
185866,packet,1,0,0,1,43,8000
185881,event,0,0
185895,action,0,0
189901,packet,1,0,0,1,43,8000
189915,event,0,1
194080,packet,1,0,0,1,43,8000
194095,event,0,1
198097,packet,1,0,0,1,43,8000
198112,event,0,1
202095,packet,1,0,0,1,43,8000
202110,event,0,1
206105,packet,1,0,0,1,43,8000
206120,event,0,1
210105,packet,1,0,0,1,43,8000
210119,event,0,1
214109,packet,1,0,0,1,43,8000
214124,event,0,1
218116,packet,1,0,0,1,43,8000
218131,event,0,1
222206,packet,1,0,0,1,43,8000
222220,event,0,1
230234,event,1,1
230248,action,1,1
242875,packet,1,0,0,1,69,8000
246892,packet,1,0,0,1,69,8000
250905,packet,1,0,0,1,77,8000
254904,packet,1,0,0,1,80,8000
258996,packet,1,0,0,1,73,8000
266998,packet,1,0,0,1,79,8000
270987,packet,1,0,0,1,74,8000
274995,packet,1,0,0,1,70,8000
279009,packet,1,0,0,1,73,8000
299743,packet,1,0,0,1,48,8000
299757,event,0,0
299771,action,0,0
303694,packet,1,0,0,1,48,8000
303712,event,0,1
307715,packet,1,0,0,1,47,8000
307746,event,0,1
311735,packet,1,0,0,1,47,8000
311751,event,0,1
315719,packet,1,0,0,1,47,8000
315735,event,0,1
319730,packet,1,0,0,1,48,8000
319744,event,0,1
323918,packet,1,0,0,1,48,8000
323933,event,0,1
327721,packet,1,0,0,1,48,8000
327736,event,0,1
331731,packet,1,0,0,1,48,8000
331746,event,0,1
335731,packet,1,0,0,1,48,8000
335747,event,0,1
339736,packet,1,0,0,1,48,8000
339752,event,0,1
347780,event,1,1
347794,action,1,1
355780,packet,1,0,0,1,58,8000
355811,event,0,0
355826,action,0,0
359754,packet,1,0,0,1,55,8000
359769,event,0,1
363750,packet,1,0,0,1,54,8000
363764,event,0,1
367746,packet,1,0,0,1,55,8000
367760,event,0,1
371951,packet,1,0,0,1,56,8000
371966,event,0,1
375950,packet,1,0,0,1,56,8000
375966,event,0,1
379953,packet,1,0,0,1,55,8000
379967,event,0,1
383952,packet,1,0,0,1,56,8000
383966,event,0,1
387945,packet,1,0,0,1,54,8000
387959,event,0,1
391951,packet,1,0,0,1,56,8000
391966,event,0,1
395957,packet,1,0,0,1,56,8000
395975,event,0,1
403990,event,1,1
404003,action,1,1
416152,packet,1,0,0,1,53,8000
416166,event,0,0
416179,action,0,0
420167,packet,1,0,0,1,53,8000
420197,event,0,1
424168,packet,1,0,0,1,53,8000
424182,event,0,1
428185,packet,1,0,0,1,53,8000
428199,event,0,1
432196,packet,1,0,0,1,53,8000
432210,event,0,1
436198,packet,1,0,0,1,53,8000
436212,event,0,1
440206,packet,1,0,0,1,53,8000
440220,event,0,1
444215,packet,1,0,0,1,53,8000
444229,event,0,1
448224,packet,1,0,0,1,53,8000
448243,event,0,1
452229,packet,1,0,0,1,52,8000
452243,event,0,1
456236,packet,1,0,0,1,53,8000
456250,event,0,1
464265,event,1,1
464279,action,1,1
472245,packet,1,0,0,1,62,8000
476252,packet,1,0,0,1,56,8000
476266,event,0,0
476279,action,0,0
480261,packet,1,0,0,1,56,8000
480275,event,0,1
484450,packet,1,0,0,1,56,8000
484464,event,0,1
488269,packet,1,0,0,1,56,8000
488283,event,0,1
492276,packet,1,0,0,1,56,8000
492290,event,0,1
496282,packet,1,0,0,1,56,8000
496296,event,0,1
500288,packet,1,0,0,1,56,8000
500307,event,0,1
504300,packet,1,0,0,1,56,8000
504314,event,0,1
508305,packet,1,0,0,1,56,8000
508320,event,0,1
512321,packet,1,0,0,1,56,8000
512336,event,0,1
520320,event,1,1
520346,action,1,1
533525,packet,1,0,0,1,56,8000
533540,event,0,0
533554,action,0,0
537544,packet,1,0,0,1,55,8000
537559,event,0,1
541552,packet,1,0,0,1,55,8000
541567,event,0,1
545559,packet,1,0,0,1,55,8000
545574,event,0,1
549658,packet,1,0,0,1,54,8000
549673,event,0,1
553638,packet,1,0,0,1,54,8000
553657,event,0,1
557645,packet,1,0,0,1,55,8000
557660,event,0,1
561638,packet,1,0,0,1,55,8000
561653,event,0,1
565651,packet,1,0,0,1,56,8000
565666,event,0,1
569660,packet,1,0,0,1,56,8000
569674,event,0,1
573681,packet,1,0,0,1,55,8000
573695,event,0,1
581706,event,1,1
581720,action,1,1
