p:4000,20000,6000,600,8000,4000,2000,8000,70
15098,0,0
15198,0,0
15298,0,0
15398,0,0
15498,0,0
15598,0,0
15698,0,0
15798,0,0
15898,0,0
15998,0,0
16098,1,1
16198,1,1
16298,1,1
16398,1,1
16498,1,1
16598,1,1
16698,1,1
16798,1,1
16898,1,1
16998,1,1
17098,1,1
17198,1,1
17298,1,1
17398,1,1
17498,1,1
17598,1,1
17698,1,1
17798,1,1
17898,1,1
17998,1,1
18098,1,1
18198,1,1
18298,1,1
18398,1,1
18498,1,1
18598,1,1
18698,1,1
18798,1,1
18898,1,1
18998,1,1
19097,1,1
19197,1,1
19297,1,1
19397,1,1
19497,1,1
19597,1,1
19697,1,1
19797,1,1
19897,1,1
19997,1,1
20097,1,1
20197,1,1
20297,1,1
20397,1,1
20497,1,1
20597,1,1
20697,1,1
20797,1,1
20897,1,1
20997,1,1
21097,1,1
21197,1,1
21297,1,1
21397,1,1
21497,1,1
21597,1,1
21697,1,1
21797,1,1
21897,1,1
21997,1,1
22097,1,1
22197,1,1
22297,1,1
22397,1,1
22497,1,1
22597,1,1
22697,1,1
22797,1,1
22897,1,1
22997,1,1
23096,1,1
23196,1,1
23296,1,1
23396,1,1
23496,1,1
23596,1,1
23696,1,1
23796,1,1
23896,1,1
23996,1,1
24096,1,1
24196,1,1
24296,1,1
24396,1,1
24496,1,1
24596,1,1
24696,1,1
24796,1,1
24896,1,1
24996,1,1
25096,1,1
25196,1,1
25296,1,1
25396,1,1
25496,1,1
25596,1,1
25696,1,1
25796,1,1
25896,1,1
25996,1,1
26096,1,1
26196,1,1
26296,1,1
26396,1,1
26496,1,1
26596,1,1
26696,1,1
26796,1,1
26896,1,1
26996,1,1
27094,1,1
27194,1,1
27294,1,1
27394,1,1
27494,1,1
27594,1,1
27694,1,1
27794,1,1
27894,1,1
27994,1,1
28094,1,1
28194,1,1
28294,1,1
28394,1,1
28494,1,1
28594,1,1
28694,1,1
28794,1,1
28894,1,1
28994,1,1
29094,1,1
29194,1,1
29294,1,1
29394,1,1
29494,1,1
29594,1,1
29694,1,1
29794,1,1
29894,1,1
29994,1,1
30094,1,1
30194,1,1
30294,1,1
30394,1,1
30494,1,1
30594,1,1
30694,1,1
30794,1,1
30894,1,1
30994,1,1
31091,1,1
31191,1,1
31291,1,1
31391,1,1
31491,1,1
31591,1,1
31691,1,1
31791,1,1
31891,1,1
31991,1,1
32091,1,1
32191,1,1
32291,1,1
32391,1,1
32491,1,1
32591,1,1
32691,1,1
32791,1,1
32891,1,1
32991,1,1
33091,1,1
33191,1,1
33291,1,1
33391,1,1
33491,1,1
33591,1,1
33691,1,1
33791,1,1
33891,1,1
33991,1,1
34091,1,1
34191,1,1
34291,1,1
34391,1,1
34491,1,1
34591,1,1
34691,1,1
34791,1,1
34891,1,1
34991,1,1
35091,1,1
35191,1,1
35291,1,1
35391,1,1
35491,1,1
35591,1,1
35691,1,1
35791,1,1
35891,1,1
35991,1,1
36091,1,1
36191,1,1
36291,1,1
36391,1,1
36491,1,1
36591,1,1
36691,1,1
36791,1,1
36891,1,1
36991,1,1
37091,1,1
37191,1,1
37291,1,1
37391,1,1
37491,1,1
37591,1,1
37691,1,1
37791,1,1
37891,1,1
37991,1,1
38091,1,1
38191,1,1
38291,1,1
38391,1,1
38491,1,1
38591,1,1
38691,1,1
38791,1,1
38891,1,1
38991,1,1
39091,1,1
39176,1,1
39276,1,1
39376,1,1
39476,1,1
39576,1,1
39676,1,1
39776,1,1
39876,1,1
39976,1,1
40076,1,1
40176,1,1
40276,1,1
40376,1,1
40476,1,1
40576,1,1
40676,1,1
40776,1,1
40876,1,1
40976,1,1
41076,1,1
41176,1,1
41276,1,1
41376,1,1
41476,1,1
41576,1,1
41676,1,1
41776,1,1
41876,1,1
41976,1,1
42076,1,1
42176,1,1
42276,1,1
42376,1,1
42476,1,1
42576,1,1
42676,1,1
42776,1,1
42876,1,1
42976,1,1
43076,1,1
43176,1,1
43276,1,1
43376,1,1
43476,1,1
43576,1,1
43676,1,1
43776,1,1
43876,1,1
43976,1,1
44089,1,1
44189,1,1
44289,1,1
44389,1,1
44489,1,1
44589,1,1
44689,1,1
44789,1,1
44889,1,1
44989,1,1
45089,1,1
45189,1,1
45289,1,1
45389,1,1
45489,1,1
45590,1,1
45690,1,1
45790,1,1
45890,1,1
45990,1,1
46090,1,1
46190,1,1
46290,1,1
46390,1,1
46490,1,1
46590,1,1
46690,1,1
46790,1,1
46890,1,1
46990,1,1
47100,1,1
47200,1,1
47300,1,1
47400,1,1
47500,1,1
47600,1,1
47700,1,1
47800,1,1
47900,1,1
48000,1,1
48100,1,1
48200,1,1
48300,1,1
48400,1,1
48501,1,1
48601,1,1
48701,1,1
48801,1,1
48901,1,1
49001,1,1
49101,1,1
49201,1,1
49301,1,1
49401,1,1
49501,1,1
49601,1,1
49701,1,1
49801,1,1
49901,1,1
50001,1,1
50101,1,1
50201,1,1
50301,1,1
50401,1,1
50501,1,1
50601,1,1
50701,1,1
50801,1,1
50901,1,1
51001,1,1
51099,1,1
51199,1,1
51299,1,1
51400,1,1
51500,1,1
51600,1,1
51700,1,1
51800,1,1
51900,1,1
52000,1,1
52100,1,1
52200,1,1
52300,1,1
52400,1,1
52500,1,1
52600,1,1
52700,1,1
52800,1,1
52900,1,1
53000,1,1
53100,1,1
53200,1,1
53300,1,1
53400,1,1
53500,1,1
53600,1,1
53700,1,1
53800,1,1
53900,1,1
54000,1,1
54100,1,1
54200,1,1
54300,1,1
54400,1,1
54500,1,1
54600,1,1
54700,1,1
54800,1,1
54900,1,1
55000,1,1
55100,1,1
55200,1,1
55300,1,1
55400,1,1
55500,1,1
55600,1,1
55700,1,1
55800,1,1
55900,1,1
56000,1,1
56100,1,1
56200,1,1
56300,1,1
56400,1,1
56500,1,1
56600,1,1
56700,1,1
56800,1,1
56900,1,1
57000,1,1
57100,1,1
57200,1,1
57300,1,1
57400,1,1
57500,1,1
57600,1,1
57700,1,1
57800,1,1
57900,1,1
58000,1,1
58100,1,1
58200,1,1
58300,1,1
58400,1,1
58500,1,1
58600,1,1
58700,1,1
58800,1,1
58900,1,1
59000,1,1
59100,1,1
59200,1,1
59300,1,1
59400,1,1
59500,1,1
59600,1,1
59700,1,1
59800,1,1
59900,1,1
60000,1,1
60125,0,0
60225,0,0
60325,0,0
60425,0,0
60525,0,0
60625,0,0
60725,0,0
60825,0,0
60925,0,0
61025,0,0
61125,0,0
61225,0,0
61325,0,0
61425,0,0
61525,0,0
61625,0,0
61726,0,0
61826,0,0
61926,0,0
62026,0,0
62126,0,0
62226,0,0
62326,0,0
62426,0,0
62526,0,0
62626,0,0
62726,0,0
62826,0,0
62926,0,0
63026,0,0
63126,0,0
63226,0,0
63326,0,0
63426,0,0
63526,0,0
63626,0,0
63726,0,0
63826,0,0
63926,0,0
64026,0,0
64126,0,0
64226,0,0
64326,0,0
64426,0,0
64526,0,0
64627,0,0
64727,0,0
64827,0,0
64927,0,0
65027,0,0
65127,0,0
65227,0,0
65327,0,0
65427,0,0
65527,0,0
65627,0,0
65727,0,0
65827,0,0
65927,0,0
66027,0,0
66127,0,0
66228,0,0
66328,0,0
66428,0,0
66528,0,0
66628,0,0
66728,0,0
66828,0,0
66928,0,0
67028,0,0
67128,0,0
67228,0,0
67328,0,0
67428,0,0
67528,0,0
67628,0,0
67728,0,0
67828,0,0
67928,0,0
68028,0,0
68128,0,0
68228,0,0
68328,0,0
68428,0,0
68528,0,0
68628,0,0
68728,0,0
68828,0,0
68928,0,0
69028,0,0
69128,0,0
69228,0,0
69328,0,0
69428,0,0
69528,0,0
69628,0,0
69728,0,0
69828,0,0
69928,0,0
70028,0,0
70128,0,0
70228,0,0
70328,0,0
70428,0,0
70528,0,0
70628,0,0
70728,0,0
70828,0,0
70928,0,0
71028,0,0
71128,0,0
71228,0,0
71328,0,0
71428,0,0
71528,0,0
71628,0,0
71728,0,0
71828,0,0
71928,0,0
72028,0,0
72128,0,0
72228,0,0
72328,0,0
72428,0,0
72528,0,0
72628,0,0
72728,0,0
72828,0,0
72928,0,0
73028,0,0
73128,0,0
73228,0,0
73328,0,0
73428,0,0
73528,0,0
73658,0,0
73758,1,1
73858,1,1
73958,1,1
74058,1,1
74158,1,1
74258,1,1
74358,1,1
74458,1,1
74558,1,1
74658,1,1
74758,1,1
74858,1,1
74958,1,1
75058,1,1
75158,1,1
75258,1,1
75358,1,1
75458,1,1
75558,1,1
75658,1,1
75758,1,1
75858,1,1
75958,1,1
76058,1,1
76158,1,1
76258,1,1
76358,1,1
76458,1,1
76558,1,1
76658,1,1
76758,1,1
76858,1,1
76958,1,1
77058,1,1
77158,1,1
77258,1,1
77358,1,1
77458,1,1
77558,1,1
77643,1,1
77743,1,1
77843,1,1
77943,1,1
78043,1,1
78143,1,1
78243,1,1
78343,1,1
78443,1,1
78543,1,1
78643,1,1
78743,1,1
78843,1,1
78943,1,1
79043,1,1
79143,1,1
79243,1,1
79343,1,1
79443,1,1
79543,1,1
79643,1,1
79743,1,1
79843,1,1
79943,1,1
80043,1,1
80143,1,1
80243,1,1
80343,1,1
80443,1,1
80543,1,1
80643,1,1
80743,1,1
80843,1,1
80943,1,1
81043,1,1
81143,1,1
81243,1,1
81343,1,1
81443,1,1
81543,1,1
81643,1,1
81743,1,1
81843,1,1
81943,1,1
82043,1,1
82143,1,1
82243,1,1
82343,1,1
82443,1,1
82543,1,1
82643,1,1
82743,1,1
82843,1,1
82943,1,1
83043,1,1
83143,1,1
83243,1,1
83343,1,1
83443,1,1
83543,1,1
83643,1,1
83743,1,1
83843,1,1
83943,1,1
84043,1,1
84143,1,1
84243,1,1
84343,1,1
84443,1,1
84543,1,1
84643,1,1
84743,1,1
84843,1,1
84943,1,1
85043,1,1
85143,1,1
85243,1,1
85343,1,1
85443,1,1
85543,1,1
85645,1,1
85745,1,1
85845,1,1
85945,1,1
86045,1,1
86145,1,1
86245,1,1
86345,1,1
86446,1,1
86546,1,1
86646,1,1
86746,1,1
86846,1,1
86946,1,1
87046,1,1
87146,1,1
87246,1,1
87346,1,1
87446,1,1
87546,1,1
87646,1,1
87746,1,1
87846,1,1
87946,1,1
88046,1,1
88146,1,1
88246,1,1
88346,1,1
88446,1,1
88546,1,1
88646,1,1
88746,1,1
88846,1,1
88946,1,1
89046,1,1
89146,1,1
89246,1,1
89346,1,1
89446,1,1
89546,1,1
89667,1,1
89767,1,1
89867,1,1
89967,1,1
90067,1,1
90167,1,1
90267,1,1
90367,1,1
90467,1,1
90567,1,1
90667,1,1
90767,1,1
90867,1,1
90967,1,1
91067,1,1
91167,1,1
91267,1,1
91367,1,1
91467,1,1
91567,1,1
91667,1,1
91767,1,1
91867,1,1
91967,1,1
92067,1,1
92167,1,1
92267,1,1
92367,1,1
92467,1,1
92567,1,1
92667,1,1
92767,1,1
92867,1,1
92967,1,1
93067,1,1
93167,1,1
93267,1,1
93367,1,1
93467,1,1
93578,1,1
93681,1,1
93781,1,1
93881,1,1
93981,1,1
94081,1,1
94181,1,1
94281,1,1
94381,1,1
94481,1,1
94581,1,1
94681,1,1
94781,1,1
94881,1,1
94981,1,1
95081,1,1
95181,1,1
95281,1,1
95381,1,1
95481,1,1
95581,1,1
95681,1,1
95781,1,1
95881,1,1
95981,1,1
96081,1,1
96182,1,1
96282,1,1
96382,1,1
96482,1,1
96582,1,1
96682,1,1
96782,1,1
96882,1,1
96982,1,1
97082,1,1
97182,1,1
97282,1,1
97382,1,1
97482,1,1
97579,1,1
97687,1,1
97787,1,1
97887,1,1
97987,1,1
98087,1,1
98187,1,1
98287,1,1
98387,1,1
98487,1,1
98587,1,1
98687,1,1
98787,1,1
98887,1,1
98987,1,1
99087,1,1
99187,1,1
99287,1,1
99387,1,1
99487,1,1
99587,1,1
99687,1,1
99787,1,1
99887,1,1
99987,1,1
100087,1,1
100187,1,1
100287,1,1
100387,1,1
100487,1,1
100587,1,1
100687,1,1
100787,1,1
100887,1,1
100987,1,1
101087,1,1
101187,1,1
101287,1,1
101387,1,1
101487,1,1
101587,1,1
101687,1,1
101787,1,1
101887,1,1
101987,1,1
102087,1,1
102187,1,1
102287,1,1
102387,1,1
102487,1,1
102587,1,1
102687,1,1
102787,1,1
102887,1,1
102987,1,1
103087,1,1
103187,1,1
103287,1,1
103387,1,1
103487,1,1
103587,1,1
103687,1,1
103787,1,1
103887,1,1
103987,1,1
104087,1,1
104187,1,1
104287,1,1
104387,1,1
104487,1,1
104587,1,1
104687,1,1
104787,1,1
104887,1,1
104987,1,1
105087,1,1
105187,1,1
105287,1,1
105387,1,1
105487,1,1
105587,1,1
105687,1,1
105787,1,1
105895,1,1
105995,1,1
106095,1,1
106195,1,1
106295,1,1
106395,1,1
106495,1,1
106595,1,1
106695,1,1
106795,1,1
106895,1,1
106995,1,1
107095,1,1
107195,1,1
107295,1,1
107395,1,1
107495,1,1
107595,1,1
107695,1,1
107795,1,1
107895,1,1
107995,1,1
108095,1,1
108195,1,1
108295,1,1
108395,1,1
108495,1,1
108595,1,1
108695,1,1
108795,1,1
108895,1,1
108995,1,1
109095,1,1
109195,1,1
109295,1,1
109395,1,1
109495,1,1
109592,1,1
109692,1,1
109792,1,1
109892,1,1
109992,1,1
110092,1,1
110192,1,1
110292,1,1
110392,1,1
110492,1,1
110592,1,1
110692,1,1
110792,1,1
110892,1,1
110992,1,1
111092,1,1
111192,1,1
111292,1,1
111392,1,1
111492,1,1
111592,1,1
111692,1,1
111792,1,1
111892,1,1
111992,1,1
112092,1,1
112192,1,1
112292,1,1
112392,1,1
112492,1,1
112592,1,1
112692,1,1
112792,1,1
112892,1,1
112992,1,1
113092,1,1
113192,1,1
113292,1,1
113392,1,1
113492,1,1
113592,1,1
113692,1,1
113792,1,1
113892,1,1
113992,1,1
114092,1,1
114192,1,1
114292,1,1
114392,1,1
114492,1,1
114592,1,1
114692,1,1
114792,1,1
114892,1,1
114992,1,1
115092,1,1
115192,1,1
115292,1,1
115392,1,1
115492,1,1
115592,1,1
115692,1,1
115792,1,1
115892,1,1
115992,1,1
116092,1,1
116192,1,1
116292,1,1
116392,1,1
116492,1,1
116592,1,1
116692,1,1
116792,1,1
116892,1,1
116992,1,1
117092,1,1
117192,1,1
117292,1,1
117392,1,1
117492,1,1
117592,1,1
117692,1,1
117792,1,1
117920,0,0
118020,0,0
118120,0,0
118220,0,0
118320,0,0
118420,0,0
118520,0,0
118620,0,0
118720,0,0
118820,0,0
118920,0,0
119020,0,0
119120,0,0
119220,0,0
119320,0,0
119420,0,0
119520,0,0
119620,0,0
119720,0,0
119820,0,0
119920,0,0
120020,0,0
120120,0,0
120220,0,0
120320,0,0
120420,0,0
120520,0,0
120620,0,0
120720,0,0
120820,0,0
120920,0,0
121020,0,0
121120,0,0
121220,0,0
121320,0,0
121420,0,0
121520,0,0
121620,0,0
121720,0,0
121820,0,0
121920,0,0
122020,0,0
122120,0,0
122220,0,0
122320,0,0
122420,0,0
122520,0,0
122620,0,0
122720,0,0
122820,0,0
122920,0,0
123020,0,0
123120,0,0
123220,0,0
123320,0,0
123420,0,0
123520,0,0
123620,0,0
123720,0,0
123820,0,0
123920,0,0
124020,0,0
124120,0,0
124220,0,0
124320,0,0
124420,0,0
124520,0,0
124620,0,0
124720,0,0
124820,0,0
124920,0,0
125020,0,0
125120,0,0
125220,0,0
125320,0,0
125420,0,0
125520,0,0
125620,0,0
125720,0,0
125820,0,0
125920,1,1
126020,1,1
126120,1,1
126220,1,1
126320,1,1
126420,1,1
126520,1,1
126620,1,1
126720,1,1
126820,1,1
126920,1,1
127020,1,1
127120,1,1
127220,1,1
127320,1,1
127420,1,1
127520,1,1
127620,1,1
127720,1,1
127820,1,1
127920,1,1
128020,1,1
128120,1,1
128220,1,1
128320,1,1
128420,1,1
128520,1,1
128620,1,1
128720,1,1
128820,1,1
128920,1,1
129020,1,1
129120,1,1
129220,1,1
129320,1,1
129420,1,1
129520,1,1
129612,1,1
129712,1,1
129812,1,1
129912,1,1
130012,1,1
130112,1,1
130212,1,1
130312,1,1
130412,1,1
130512,1,1
130612,1,1
130712,1,1
130812,1,1
130912,1,1
131012,1,1
131112,1,1
131212,1,1
131312,1,1
131412,1,1
131512,1,1
131612,1,1
131712,1,1
131812,1,1
131912,1,1
132012,1,1
132112,1,1
132212,1,1
132312,1,1
132412,1,1
132512,1,1
132612,1,1
132712,1,1
132812,1,1
132912,1,1
133012,1,1
133112,1,1
133212,1,1
133312,1,1
133412,1,1
133512,1,1
133611,1,1
133711,1,1
133811,1,1
133911,1,1
134011,1,1
134111,1,1
134211,1,1
134311,1,1
134411,1,1
134511,1,1
134611,1,1
134711,1,1
134811,1,1
134911,1,1
135011,1,1
135111,1,1
135211,1,1
135311,1,1
135411,1,1
135511,1,1
135611,1,1
135711,1,1
135811,1,1
135911,1,1
136011,1,1
136111,1,1
136211,1,1
136311,1,1
136411,1,1
136511,1,1
136611,1,1
136711,1,1
136811,1,1
136911,1,1
137011,1,1
137111,1,1
137211,1,1
137311,1,1
137411,1,1
137511,1,1
137609,1,1
137709,1,1
137809,1,1
137909,1,1
138009,1,1
138109,1,1
138209,1,1
138309,1,1
138409,1,1
138509,1,1
138609,1,1
138709,1,1
138809,1,1
138909,1,1
139009,1,1
139109,1,1
139209,1,1
139309,1,1
139409,1,1
139509,1,1
139609,1,1
139709,1,1
139809,1,1
139909,1,1
140009,1,1
140109,1,1
140209,1,1
140309,1,1
140409,1,1
140509,1,1
140609,1,1
140709,1,1
140809,1,1
140909,1,1
141009,1,1
141109,1,1
141209,1,1
141309,1,1
141409,1,1
141509,1,1
141607,1,1
141707,1,1
141807,1,1
141907,1,1
142007,1,1
142107,1,1
142207,1,1
142307,1,1
142407,1,1
142507,1,1
142607,1,1
142707,1,1
142807,1,1
142907,1,1
143007,1,1
143107,1,1
143207,1,1
143307,1,1
143407,1,1
143507,1,1
143607,1,1
143707,1,1
143807,1,1
143907,1,1
144007,1,1
144107,1,1
144207,1,1
144307,1,1
144407,1,1
144507,1,1
144607,1,1
144707,1,1
144807,1,1
144907,1,1
145007,1,1
145107,1,1
145207,1,1
145307,1,1
145407,1,1
145507,1,1
145606,1,1
145706,1,1
145806,1,1
145906,1,1
146006,1,1
146106,1,1
146206,1,1
146306,1,1
146406,1,1
146506,1,1
146606,1,1
146706,1,1
146806,1,1
146906,1,1
147006,1,1
147106,1,1
147206,1,1
147306,1,1
147406,1,1
147506,1,1
147606,1,1
147706,1,1
147806,1,1
147906,1,1
148006,1,1
148106,1,1
148206,1,1
148306,1,1
148406,1,1
148506,1,1
148606,1,1
148706,1,1
148806,1,1
148906,1,1
149006,1,1
149106,1,1
149206,1,1
149306,1,1
149406,1,1
149506,1,1
149606,1,1
149706,1,1
149800,1,1
149900,1,1
150000,1,1
150100,1,1
150200,1,1
150300,1,1
150400,1,1
150500,1,1
150600,1,1
150700,1,1
150800,1,1
150900,1,1
151000,1,1
151100,1,1
151200,1,1
151300,1,1
151400,1,1
151500,1,1
151600,1,1
151700,1,1
151800,1,1
151900,1,1
152000,1,1
152100,1,1
152200,1,1
152300,1,1
152400,1,1
152500,1,1
152600,1,1
152700,1,1
152800,1,1
152900,1,1
153000,1,1
153100,1,1
153200,1,1
153300,1,1
153400,1,1
153500,1,1
153600,1,1
153700,1,1
153800,1,1
153905,1,1
154005,1,1
154105,1,1
154205,1,1
154305,1,1
154405,1,1
154505,1,1
154605,1,1
154705,1,1
154805,1,1
154905,1,1
155005,1,1
155105,1,1
155205,1,1
155305,1,1
155405,1,1
155506,1,1
155606,1,1
155706,1,1
155806,1,1
155906,1,1
156006,1,1
156106,1,1
156206,1,1
156306,1,1
156406,1,1
156506,1,1
156606,1,1
156706,1,1
156806,1,1
156906,1,1
157006,1,1
157106,1,1
157206,1,1
157306,1,1
157406,1,1
157506,1,1
157606,1,1
157706,1,1
157801,1,1
157908,1,1
158008,1,1
158108,1,1
158208,1,1
158308,1,1
158408,1,1
158508,1,1
158608,1,1
158708,1,1
158808,1,1
158908,1,1
159008,1,1
159108,1,1
159208,1,1
159308,1,1
159408,1,1
159508,1,1
159608,1,1
159708,1,1
159808,1,1
159908,1,1
160008,1,1
160109,1,1
160209,1,1
160309,1,1
160409,1,1
160509,1,1
160609,1,1
160709,1,1
160809,1,1
160909,1,1
161009,1,1
161109,1,1
161209,1,1
161309,1,1
161409,1,1
161509,1,1
161609,1,1
161709,1,1
161801,1,1
161901,1,1
162001,1,1
162101,1,1
162201,1,1
162301,1,1
162401,1,1
162501,1,1
162601,1,1
162701,1,1
162801,1,1
162901,1,1
163002,1,1
163102,1,1
163202,1,1
163302,1,1
163402,1,1
163502,1,1
163602,1,1
163702,1,1
163802,1,1
163902,1,1
164002,1,1
164102,1,1
164202,1,1
164302,1,1
164402,1,1
164502,1,1
164602,1,1
164702,1,1
164802,1,1
164902,1,1
165002,1,1
165102,1,1
165202,1,1
165302,1,1
165402,1,1
165502,1,1
165602,1,1
165702,1,1
165801,1,1
165902,1,1
166002,1,1
166102,1,1
166202,1,1
166302,1,1
166402,1,1
166502,1,1
166602,1,1
166702,1,1
166802,1,1
166902,1,1
167002,1,1
167102,1,1
167202,1,1
167302,1,1
167402,1,1
167502,1,1
167602,1,1
167702,1,1
167802,1,1
167902,1,1
168002,1,1
168102,1,1
168202,1,1
168302,1,1
168402,1,1
168502,1,1
168602,1,1
168702,1,1
168802,1,1
168902,1,1
169002,1,1
169102,1,1
169202,1,1
169302,1,1
169402,1,1
169502,1,1
169602,1,1
169702,1,1
169802,1,1
169902,1,1
170002,1,1
170102,1,1
170202,1,1
170302,1,1
170402,1,1
170502,1,1
170602,1,1
170702,1,1
170802,1,1
170902,1,1
171002,1,1
171102,1,1
171202,1,1
171302,1,1
171402,1,1
171502,1,1
171602,1,1
171702,1,1
171802,1,1
171902,1,1
172002,1,1
172102,1,1
172202,1,1
172302,1,1
172402,1,1
172502,1,1
172602,1,1
172702,1,1
172802,1,1
172902,1,1
173002,1,1
173102,1,1
173202,1,1
173302,1,1
173402,1,1
173502,1,1
173602,1,1
173702,1,1
173802,1,1
173927,0,0
174027,0,0
174127,0,0
174227,0,0
174327,0,0
174427,0,0
174527,0,0
174627,0,0
174727,0,0
174827,0,0
174927,0,0
175027,0,0
175127,0,0
175227,0,0
175327,0,0
175427,0,0
175527,0,0
175627,0,0
175727,0,0
175827,0,0
175927,0,0
176027,0,0
176127,0,0
176228,0,0
176328,0,0
176428,0,0
176528,0,0
176628,0,0
176728,0,0
176828,0,0
176928,0,0
177028,0,0
177128,0,0
177228,0,0
177328,0,0
177428,0,0
177528,0,0
177628,0,0
177728,0,0
177828,0,0
177928,0,0
178028,0,0
178128,0,0
178228,0,0
178328,0,0
178428,0,0
178528,0,0
178628,0,0
178728,0,0
178828,0,0
178928,0,0
179028,0,0
179129,0,0
179229,0,0
179329,0,0
179429,0,0
179529,0,0
179629,0,0
179729,0,0
179829,0,0
179929,0,0
180029,0,0
180129,0,0
180229,0,0
180329,0,0
180429,0,0
180529,0,0
180629,0,0
180729,0,0
180829,0,0
180929,0,0
181029,0,0
181129,0,0
181229,0,0
181329,0,0
181429,0,0
181529,0,0
181629,0,0
181729,0,0
181829,0,0
181929,0,0
182030,0,0
182130,0,0
182230,0,0
182330,0,0
182430,0,0
182530,0,0
182630,0,0
182730,0,0
182830,0,0
182930,0,0
183030,0,0
183130,0,0
183230,0,0
183330,0,0
183430,0,0
183530,0,0
183630,0,0
183730,0,0
183830,0,0
183930,0,0
184030,0,0
184130,0,0
184230,0,0
184330,0,0
184430,0,0
184530,0,0
184630,0,0
184730,0,0
184830,0,0
184930,0,0
185030,0,0
185130,0,0
185230,0,0
185330,0,0
185430,0,0
185530,0,0
185630,0,0
185730,0,0
185834,0,0
185934,0,0
186034,0,0
186134,1,1
186234,1,1
186334,1,1
186434,1,1
186534,1,1
186634,1,1
186734,1,1
186834,1,1
186934,1,1
187034,1,1
187134,1,1
187234,1,1
187334,1,1
187434,1,1
187534,1,1
187634,1,1
187734,1,1
187834,1,1
187934,1,1
188034,1,1
188134,1,1
188234,1,1
188334,1,1
188434,1,1
188534,1,1
188634,1,1
188734,1,1
188834,1,1
188934,1,1
189034,1,1
189134,1,1
189234,1,1
189334,1,1
189434,1,1
189534,1,1
189634,1,1
189734,1,1
189831,1,1
189935,1,1
190035,1,1
190135,1,1
190235,1,1
190335,1,1
190435,1,1
190535,1,1
190635,1,1
190735,1,1
190835,1,1
190935,1,1
191035,1,1
191135,1,1
191235,1,1
191335,1,1
191435,1,1
191535,1,1
191635,1,1
191735,1,1
191835,1,1
191935,1,1
192035,1,1
192135,1,1
192235,1,1
192335,1,1
192435,1,1
192535,1,1
192635,1,1
192735,1,1
192835,1,1
192935,1,1
193035,1,1
193135,1,1
193235,1,1
193335,1,1
193435,1,1
193535,1,1
193635,1,1
193735,1,1
193833,1,1
193933,1,1
194033,1,1
194133,1,1
194233,1,1
194333,1,1
194433,1,1
194533,1,1
194633,1,1
194733,1,1
194833,1,1
194933,1,1
195033,1,1
195133,1,1
195233,1,1
195333,1,1
195433,1,1
195533,1,1
195633,1,1
195733,1,1
195833,1,1
195933,1,1
196033,1,1
196133,1,1
196233,1,1
196333,1,1
196433,1,1
196533,1,1
196633,1,1
196733,1,1
196833,1,1
196933,1,1
197033,1,1
197133,1,1
197233,1,1
197333,1,1
197433,1,1
197533,1,1
197633,1,1
197733,1,1
197832,1,1
197940,1,1
198040,1,1
198140,1,1
198240,1,1
198340,1,1
198440,1,1
198540,1,1
198640,1,1
198740,1,1
198840,1,1
198940,1,1
199040,1,1
199140,1,1
199240,1,1
199340,1,1
199440,1,1
199540,1,1
199640,1,1
199740,1,1
199840,1,1
199940,1,1
200040,1,1
200140,1,1
200240,1,1
200340,1,1
200440,1,1
200540,1,1
200640,1,1
200740,1,1
200840,1,1
200940,1,1
201040,1,1
201140,1,1
201240,1,1
201340,1,1
201440,1,1
201540,1,1
201640,1,1
201740,1,1
201839,1,1
201940,1,1
202040,1,1
202140,1,1
202240,1,1
202340,1,1
202440,1,1
202540,1,1
202640,1,1
202740,1,1
202840,1,1
202940,1,1
203040,1,1
203140,1,1
203240,1,1
203340,1,1
203440,1,1
203540,1,1
203640,1,1
203740,1,1
203840,1,1
203940,1,1
204040,1,1
204140,1,1
204240,1,1
204340,1,1
204440,1,1
204540,1,1
204641,1,1
204741,1,1
204841,1,1
204941,1,1
205041,1,1
205141,1,1
205241,1,1
205341,1,1
205441,1,1
205541,1,1
205641,1,1
205741,1,1
205838,1,1
205946,1,1
206046,1,1
206146,1,1
206246,1,1
206346,1,1
206446,1,1
206546,1,1
206646,1,1
206746,1,1
206846,1,1
206946,1,1
207046,1,1
207146,1,1
207246,1,1
207346,1,1
207446,1,1
207546,1,1
207646,1,1
207746,1,1
207846,1,1
207946,1,1
208046,1,1
208146,1,1
208246,1,1
208346,1,1
208446,1,1
208546,1,1
208646,1,1
208746,1,1
208846,1,1
208947,1,1
209047,1,1
209147,1,1
209247,1,1
209347,1,1
209447,1,1
209547,1,1
209647,1,1
209747,1,1
209846,1,1
209946,1,1
210046,1,1
210146,1,1
210246,1,1
210346,1,1
210446,1,1
210546,1,1
210646,1,1
210746,1,1
210846,1,1
210946,1,1
211046,1,1
211146,1,1
211246,1,1
211346,1,1
211446,1,1
211546,1,1
211646,1,1
211746,1,1
211847,1,1
211947,1,1
212047,1,1
212147,1,1
212247,1,1
212347,1,1
212447,1,1
212547,1,1
212647,1,1
212747,1,1
212847,1,1
212947,1,1
213047,1,1
213147,1,1
213247,1,1
213347,1,1
213447,1,1
213547,1,1
213647,1,1
213747,1,1
213844,1,1
213944,1,1
214044,1,1
214144,1,1
214244,1,1
214344,1,1
214444,1,1
214544,1,1
214644,1,1
214744,1,1
214844,1,1
214944,1,1
215044,1,1
215144,1,1
215244,1,1
215344,1,1
215444,1,1
215544,1,1
215644,1,1
215744,1,1
215844,1,1
215944,1,1
216044,1,1
216144,1,1
216244,1,1
216344,1,1
216444,1,1
216544,1,1
216644,1,1
216744,1,1
216844,1,1
216944,1,1
217044,1,1
217144,1,1
217244,1,1
217344,1,1
217444,1,1
217544,1,1
217644,1,1
217744,1,1
217844,1,1
217944,1,1
218044,1,1
218144,1,1
218244,1,1
218344,1,1
218444,1,1
218544,1,1
218644,1,1
218744,1,1
218844,1,1
218944,1,1
219044,1,1
219144,1,1
219244,1,1
219344,1,1
219444,1,1
219544,1,1
219644,1,1
219744,1,1
219844,1,1
219944,1,1
220044,1,1
220144,1,1
220244,1,1
220344,1,1
220444,1,1
220544,1,1
220644,1,1
220744,1,1
220844,1,1
220944,1,1
221044,1,1
221144,1,1
221244,1,1
221344,1,1
221444,1,1
221544,1,1
221644,1,1
221744,1,1
221842,1,1
221942,1,1
222042,1,1
222142,1,1
222242,1,1
222342,1,1
222442,1,1
222542,1,1
222642,1,1
222742,1,1
222842,1,1
222942,1,1
223042,1,1
223142,1,1
223242,1,1
223342,1,1
223442,1,1
223542,1,1
223642,1,1
223742,1,1
223842,1,1
223942,1,1
224042,1,1
224142,1,1
224242,1,1
224342,1,1
224442,1,1
224542,1,1
224642,1,1
224742,1,1
224842,1,1
224942,1,1
225042,1,1
225142,1,1
225242,1,1
225342,1,1
225442,1,1
225542,1,1
225642,1,1
225742,1,1
225842,1,1
225942,1,1
226042,1,1
226142,1,1
226242,1,1
226342,1,1
226442,1,1
226542,1,1
226642,1,1
226742,1,1
226842,1,1
226942,1,1
227042,1,1
227142,1,1
227242,1,1
227342,1,1
227442,1,1
227542,1,1
227642,1,1
227742,1,1
227842,1,1
227942,1,1
228042,1,1
228142,1,1
228242,1,1
228342,1,1
228442,1,1
228542,1,1
228642,1,1
228742,1,1
228842,1,1
228942,1,1
229042,1,1
229142,1,1
229242,1,1
229342,1,1
229442,1,1
229542,1,1
229642,1,1
229742,1,1
229842,1,1
229942,1,1
230042,0,0
230142,0,0
230242,0,0
230342,0,0
230442,0,0
230542,0,0
230642,0,0
230742,0,0
230842,0,0
230942,0,0
231042,0,0
231142,0,0
231242,0,0
231342,0,0
231442,0,0
231542,0,0
231642,0,0
231742,0,0
231842,0,0
231942,0,0
232042,0,0
232142,0,0
232242,0,0
232342,0,0
232442,0,0
232542,0,0
232642,0,0
232742,0,0
232842,0,0
232942,0,0
233042,0,0
233142,0,0
233242,0,0
233342,0,0
233442,0,0
233542,0,0
233642,0,0
233742,0,0
233842,0,0
233942,0,0
234042,0,0
234142,0,0
234242,0,0
234342,0,0
234442,0,0
234542,0,0
234642,0,0
234742,0,0
234842,0,0
234942,0,0
235042,0,0
235142,0,0
235242,0,0
235342,0,0
235442,0,0
235542,0,0
235642,0,0
235742,0,0
235842,0,0
235942,0,0
236042,0,0
236142,0,0
236242,0,0
236342,0,0
236442,0,0
236542,0,0
236642,0,0
236742,0,0
236842,0,0
236942,0,0
237042,0,0
237142,0,0
237242,0,0
237342,0,0
237442,0,0
237542,0,0
237642,0,0
237742,0,0
237842,0,0
237942,0,0
238042,0,0
238142,0,0
238242,0,0
238342,0,0
238442,0,0
238542,0,0
238642,0,0
238742,0,0
238842,0,0
238942,0,0
239042,0,0
239142,0,0
239242,0,0
239342,0,0
239442,0,0
239542,0,0
239642,0,0
239742,0,0
239842,0,0
239942,0,0
240042,0,0
240142,0,0
240242,0,0
240342,0,0
240442,0,0
240542,0,0
240642,0,0
240742,0,0
240842,0,0
240942,0,0
241042,0,0
241142,0,0
241242,0,0
241342,0,0
241442,0,0
241542,0,0
241642,0,0
241742,0,0
241842,0,0
241942,0,0
242042,0,0
242142,0,0
242242,0,0
242342,0,0
242442,0,0
242542,0,0
242634,0,0
242735,0,0
242835,1,1
242935,1,1
243035,1,1
243135,1,1
243235,1,1
243335,1,1
243435,1,1
243536,1,1
243636,1,1
243736,1,1
243836,1,1
243936,1,1
244036,1,1
244136,1,1
244236,1,1
244336,1,1
244436,1,1
244536,1,1
244636,1,1
244736,1,1
244836,1,1
244936,1,1
245036,1,1
245136,1,1
245236,1,1
245336,1,1
245436,1,1
245536,1,1
245636,1,1
245736,1,1
245836,1,1
245936,1,1
246036,1,1
246136,1,1
246236,1,1
246336,1,1
246437,1,1
246537,1,1
246635,1,1
246735,1,1
246835,1,1
246935,1,1
247035,1,1
247135,1,1
247235,1,1
247335,1,1
247435,1,1
247535,1,1
247635,1,1
247735,1,1
247835,1,1
247935,1,1
248035,1,1
248135,1,1
248235,1,1
248335,1,1
248435,1,1
248535,1,1
248635,1,1
248735,1,1
248835,1,1
248935,1,1
249035,1,1
249135,1,1
249235,1,1
249336,1,1
249436,1,1
249536,1,1
249636,1,1
249736,1,1
249836,1,1
249936,1,1
250036,1,1
250136,1,1
250236,1,1
250336,1,1
250436,1,1
250536,1,1
250635,1,1
250735,1,1
250835,1,1
250941,1,1
251042,1,1
251142,1,1
251242,1,1
251342,1,1
251442,1,1
251542,1,1
251642,1,1
251742,1,1
251842,1,1
251942,1,1
252042,1,1
252142,1,1
252242,1,1
252342,1,1
252442,1,1
252542,1,1
252642,1,1
252742,1,1
252842,1,1
252942,1,1
253042,1,1
253142,1,1
253242,1,1
253342,1,1
253442,1,1
253542,1,1
253642,1,1
253742,1,1
253842,1,1
253943,1,1
254043,1,1
254143,1,1
254243,1,1
254343,1,1
254443,1,1
254543,1,1
254640,1,1
254755,1,1
254855,1,1
254955,1,1
255055,1,1
255155,1,1
255255,1,1
255355,1,1
255455,1,1
255555,1,1
255655,1,1
255755,1,1
255855,1,1
255955,1,1
256055,1,1
256155,1,1
256255,1,1
256355,1,1
256455,1,1
256555,1,1
256655,1,1
256756,1,1
256856,1,1
256956,1,1
257056,1,1
257156,1,1
257256,1,1
257356,1,1
257456,1,1
257556,1,1
257656,1,1
257756,1,1
257856,1,1
257956,1,1
258056,1,1
258156,1,1
258256,1,1
258356,1,1
258456,1,1
258556,1,1
258655,1,1
258755,1,1
258855,1,1
258955,1,1
259055,1,1
259155,1,1
259255,1,1
259355,1,1
259455,1,1
259555,1,1
259655,1,1
259755,1,1
259855,1,1
259955,1,1
260055,1,1
260155,1,1
260255,1,1
260355,1,1
260455,1,1
260555,1,1
260655,1,1
260755,1,1
260855,1,1
260955,1,1
261055,1,1
261155,1,1
261255,1,1
261355,1,1
261455,1,1
261555,1,1
261655,1,1
261755,1,1
261855,1,1
261955,1,1
262055,1,1
262155,1,1
262255,1,1
262355,1,1
262455,1,1
262555,1,1
262654,1,1
262757,1,1
262857,1,1
262957,1,1
263057,1,1
263157,1,1
263257,1,1
263357,1,1
263457,1,1
263557,1,1
263657,1,1
263757,1,1
263857,1,1
263957,1,1
264057,1,1
264157,1,1
264257,1,1
264357,1,1
264457,1,1
264557,1,1
264657,1,1
264757,1,1
264857,1,1
264957,1,1
265057,1,1
265157,1,1
265257,1,1
265357,1,1
265458,1,1
265558,1,1
265658,1,1
265758,1,1
265858,1,1
265958,1,1
266058,1,1
266158,1,1
266258,1,1
266358,1,1
266458,1,1
266558,1,1
266654,1,1
266759,1,1
266859,1,1
266959,1,1
267059,1,1
267159,1,1
267259,1,1
267359,1,1
267460,1,1
267560,1,1
267660,1,1
267760,1,1
267860,1,1
267960,1,1
268060,1,1
268160,1,1
268260,1,1
268360,1,1
268460,1,1
268560,1,1
268660,1,1
268760,1,1
268860,1,1
268960,1,1
269060,1,1
269160,1,1
269260,1,1
269360,1,1
269460,1,1
269560,1,1
269660,1,1
269760,1,1
269860,1,1
269960,1,1
270060,1,1
270160,1,1
270260,1,1
270361,1,1
270461,1,1
270561,1,1
270661,1,1
270761,1,1
270861,1,1
270961,1,1
271061,1,1
271161,1,1
271261,1,1
271361,1,1
271461,1,1
271561,1,1
271661,1,1
271761,1,1
271861,1,1
271961,1,1
272061,1,1
272161,1,1
272261,1,1
272361,1,1
272461,1,1
272561,1,1
272661,1,1
272761,1,1
272861,1,1
272961,1,1
273061,1,1
273161,1,1
273262,1,1
273362,1,1
273462,1,1
273562,1,1
273662,1,1
273762,1,1
273862,1,1
273962,1,1
274062,1,1
274162,1,1
274262,1,1
274362,1,1
274462,1,1
274562,1,1
274660,1,1
274767,1,1
274867,1,1
274967,1,1
275067,1,1
275167,1,1
275267,1,1
275367,1,1
275467,1,1
275567,1,1
275667,1,1
275767,1,1
275867,1,1
275967,1,1
276067,1,1
276167,1,1
276267,1,1
276367,1,1
276467,1,1
276567,1,1
276667,1,1
276767,1,1
276867,1,1
276967,1,1
277067,1,1
277167,1,1
277267,1,1
277367,1,1
277467,1,1
277567,1,1
277667,1,1
277767,1,1
277868,1,1
277968,1,1
278068,1,1
278168,1,1
278268,1,1
278368,1,1
278468,1,1
278568,1,1
278667,1,1
278769,1,1
278869,1,1
278969,1,1
279069,1,1
279169,1,1
279269,1,1
279369,1,1
279469,1,1
279569,1,1
279669,1,1
279769,1,1
279869,1,1
279969,1,1
280069,1,1
280169,1,1
280269,1,1
280369,1,1
280470,1,1
280570,1,1
280670,1,1
280770,1,1
280870,1,1
280970,1,1
281070,1,1
281170,1,1
281270,1,1
281370,1,1
281470,1,1
281570,1,1
281670,1,1
281770,1,1
281870,1,1
281970,1,1
282070,1,1
282170,1,1
282270,1,1
282370,1,1
282470,1,1
282570,1,1
282670,1,1
282770,1,1
282870,1,1
282970,1,1
283070,1,1
283170,1,1
283270,1,1
283371,1,1
283471,1,1
283571,1,1
283671,1,1
283771,1,1
283871,1,1
283971,1,1
284071,1,1
284171,1,1
284271,1,1
284371,1,1
284471,1,1
284571,1,1
284671,1,1
284771,1,1
284871,1,1
284971,1,1
285071,1,1
285171,1,1
285271,1,1
285371,1,1
285471,1,1
285571,1,1
285671,1,1
285771,1,1
285871,1,1
285971,1,1
286071,1,1
286171,1,1
286271,1,1
286371,1,1
286471,1,1
286571,1,1
286671,1,1
286798,0,0
286898,0,0
286998,0,0
287098,0,0
287198,0,0
287298,0,0
287398,0,0
287498,0,0
287598,0,0
287698,0,0
287798,0,0
287898,0,0
287998,0,0
288098,0,0
288198,0,0
288298,0,0
288398,0,0
288498,0,0
288598,0,0
288698,0,0
288798,0,0
288898,0,0
288998,0,0
289098,0,0
289198,0,0
289298,0,0
289398,0,0
289498,0,0
289598,0,0
289698,0,0
289798,0,0
289899,0,0
289999,0,0
290099,0,0
290199,0,0
290299,0,0
290399,0,0
290499,0,0
290599,0,0
290699,0,0
290799,0,0
290899,0,0
290999,0,0
291099,0,0
291199,0,0
291299,0,0
291399,0,0
291499,0,0
291599,0,0
291699,0,0
291799,0,0
291899,0,0
291999,0,0
292099,0,0
292199,0,0
292299,0,0
292399,0,0
292499,0,0
292599,0,0
292699,0,0
292799,0,0
292899,0,0
292999,0,0
293099,0,0
293199,0,0
293299,0,0
293399,0,0
293499,0,0
293599,0,0
293699,0,0
293799,0,0
293899,0,0
293999,0,0
294099,0,0
294199,0,0
294299,0,0
294399,0,0
294499,0,0
294599,0,0
294699,0,0
294799,0,0
294899,0,0
294999,0,0
295099,0,0
295199,0,0
295299,0,0
295399,0,0
295499,0,0
295599,0,0
295699,0,0
295799,0,0
295899,0,0
295999,0,0
296099,0,0
296199,0,0
296299,0,0
296399,0,0
296499,0,0
296599,0,0
296699,0,0
296799,0,0
296899,0,0
296999,0,0
297099,0,0
297199,0,0
297299,0,0
297399,0,0
297499,0,0
297599,0,0
297699,0,0
297799,0,0
297899,0,0
297999,0,0
298099,0,0
298199,0,0
298299,0,0
298399,0,0
298499,0,0
298599,0,0
298699,0,0
298799,0,0
298899,0,0
298999,0,0
299099,0,0
299199,0,0
299299,0,0
299391,0,0
299491,0,0
299591,0,0
299691,0,0
299791,0,0
299891,0,0
299991,0,0
300091,0,0
300191,0,0
300291,0,0
300391,0,0
300491,0,0
300591,0,0
300691,0,0
300791,0,0
300891,0,0
300991,0,0
301091,0,0
301191,0,0
301291,0,0
301391,0,0
301491,0,0
301591,0,0
301691,0,0
301791,0,0
301891,0,0
301991,0,0
302091,0,0
302191,0,0
302291,0,0
302391,0,0
302491,0,0
302591,0,0
302691,0,0
302791,0,0
302891,0,0
302991,0,0
303091,0,0
303191,0,0
303291,0,0
303388,0,0
303488,1,1
303588,1,1
303688,1,1
303788,1,1
303888,1,1
303988,1,1
304088,1,1
304188,1,1
304288,1,1
304388,1,1
304488,1,1
304588,1,1
304688,1,1
304788,1,1
304888,1,1
304988,1,1
305088,1,1
305188,1,1
305288,1,1
305388,1,1
305488,1,1
305588,1,1
305688,1,1
305788,1,1
305888,1,1
305988,1,1
306088,1,1
306188,1,1
306288,1,1
306388,1,1
306488,1,1
306588,1,1
306688,1,1
306788,1,1
306888,1,1
306988,1,1
307088,1,1
307188,1,1
307288,1,1
307387,1,1
307487,1,1
307587,1,1
307687,1,1
307787,1,1
307887,1,1
307987,1,1
308087,1,1
308187,1,1
308287,1,1
308387,1,1
308487,1,1
308587,1,1
308687,1,1
308787,1,1
308887,1,1
308987,1,1
309087,1,1
309187,1,1
309287,1,1
309387,1,1
309487,1,1
309587,1,1
309687,1,1
309787,1,1
309887,1,1
309987,1,1
310087,1,1
310187,1,1
310287,1,1
310387,1,1
310487,1,1
310587,1,1
310687,1,1
310787,1,1
310887,1,1
310987,1,1
311087,1,1
311187,1,1
311287,1,1
311385,1,1
311485,1,1
311585,1,1
311685,1,1
311785,1,1
311885,1,1
311985,1,1
312085,1,1
312185,1,1
312285,1,1
312385,1,1
312485,1,1
312585,1,1
312685,1,1
312785,1,1
312885,1,1
312985,1,1
313085,1,1
313185,1,1
313285,1,1
313385,1,1
313485,1,1
313585,1,1
313685,1,1
313785,1,1
313885,1,1
313985,1,1
314085,1,1
314185,1,1
314285,1,1
314385,1,1
314485,1,1
314585,1,1
314685,1,1
314785,1,1
314885,1,1
314985,1,1
315085,1,1
315185,1,1
315285,1,1
315383,1,1
315483,1,1
315583,1,1
315683,1,1
315783,1,1
315883,1,1
315983,1,1
316083,1,1
316183,1,1
316283,1,1
316383,1,1
316483,1,1
316583,1,1
316683,1,1
316783,1,1
316883,1,1
316983,1,1
317083,1,1
317183,1,1
317283,1,1
317383,1,1
317483,1,1
317583,1,1
317683,1,1
317783,1,1
317883,1,1
317983,1,1
318083,1,1
318183,1,1
318283,1,1
318383,1,1
318483,1,1
318583,1,1
318683,1,1
318783,1,1
318883,1,1
318983,1,1
319083,1,1
319183,1,1
319283,1,1
319382,1,1
319493,1,1
319593,1,1
319693,1,1
319793,1,1
319893,1,1
319993,1,1
320093,1,1
320193,1,1
320293,1,1
320393,1,1
320493,1,1
320593,1,1
320693,1,1
320793,1,1
320893,1,1
320993,1,1
321093,1,1
321193,1,1
321293,1,1
321393,1,1
321493,1,1
321593,1,1
321693,1,1
321793,1,1
321893,1,1
321993,1,1
322093,1,1
322193,1,1
322293,1,1
322394,1,1
322494,1,1
322594,1,1
322694,1,1
322794,1,1
322894,1,1
322994,1,1
323094,1,1
323194,1,1
323294,1,1
323392,1,1
323492,1,1
323592,1,1
323692,1,1
323792,1,1
323892,1,1
323992,1,1
324092,1,1
324192,1,1
324292,1,1
324392,1,1
324492,1,1
324592,1,1
324692,1,1
324792,1,1
324892,1,1
324992,1,1
325092,1,1
325192,1,1
325292,1,1
325392,1,1
325492,1,1
325592,1,1
325692,1,1
325792,1,1
325892,1,1
325992,1,1
326092,1,1
326192,1,1
326292,1,1
326392,1,1
326492,1,1
326592,1,1
326692,1,1
326792,1,1
326892,1,1
326992,1,1
327092,1,1
327192,1,1
327292,1,1
327391,1,1
327511,1,1
327611,1,1
327711,1,1
327811,1,1
327911,1,1
328011,1,1
328111,1,1
328211,1,1
328311,1,1
328411,1,1
328511,1,1
328611,1,1
328711,1,1
328811,1,1
328911,1,1
329011,1,1
329111,1,1
329211,1,1
329311,1,1
329411,1,1
329511,1,1
329611,1,1
329711,1,1
329811,1,1
329911,1,1
330011,1,1
330111,1,1
330211,1,1
330311,1,1
330411,1,1
330511,1,1
330611,1,1
330711,1,1
330811,1,1
330911,1,1
331011,1,1
331111,1,1
331211,1,1
331311,1,1
331409,1,1
331509,1,1
331609,1,1
331709,1,1
331809,1,1
331909,1,1
332009,1,1
332109,1,1
332209,1,1
332309,1,1
332409,1,1
332509,1,1
332609,1,1
332709,1,1
332809,1,1
332909,1,1
333009,1,1
333109,1,1
333209,1,1
333309,1,1
333409,1,1
333509,1,1
333609,1,1
333709,1,1
333809,1,1
333909,1,1
334009,1,1
334109,1,1
334209,1,1
334309,1,1
334409,1,1
334509,1,1
334609,1,1
334709,1,1
334809,1,1
334909,1,1
335009,1,1
335109,1,1
335209,1,1
335309,1,1
335407,1,1
335507,1,1
335607,1,1
335707,1,1
335807,1,1
335907,1,1
336007,1,1
336107,1,1
336207,1,1
336307,1,1
336407,1,1
336507,1,1
336607,1,1
336707,1,1
336807,1,1
336907,1,1
337007,1,1
337107,1,1
337207,1,1
337307,1,1
337407,1,1
337507,1,1
337607,1,1
337707,1,1
337807,1,1
337907,1,1
338007,1,1
338107,1,1
338207,1,1
338307,1,1
338407,1,1
338507,1,1
338607,1,1
338707,1,1
338807,1,1
338907,1,1
339007,1,1
339107,1,1
339207,1,1
339307,1,1
339406,1,1
339508,1,1
339608,1,1
339709,1,1
339809,1,1
339909,1,1
340009,1,1
340109,1,1
340209,1,1
340309,1,1
340409,1,1
340509,1,1
340609,1,1
340709,1,1
340809,1,1
340909,1,1
341009,1,1
341109,1,1
341209,1,1
341309,1,1
341409,1,1
341509,1,1
341609,1,1
341709,1,1
341809,1,1
341909,1,1
342009,1,1
342109,1,1
342209,1,1
342309,1,1
342409,1,1
342509,1,1
342610,1,1
342710,1,1
342810,1,1
342910,1,1
343010,1,1
343110,1,1
343210,1,1
343310,1,1
343410,1,1
343510,1,1
343610,1,1
343710,1,1
343810,1,1
343910,1,1
344010,1,1
344110,1,1
344210,1,1
344310,1,1
344410,1,1
344510,1,1
344610,1,1
344710,1,1
344810,1,1
344910,1,1
345010,1,1
345110,1,1
345210,1,1
345310,1,1
345410,1,1
345510,1,1
345610,1,1
345710,1,1
345810,1,1
345910,1,1
346010,1,1
346110,1,1
346210,1,1
346310,1,1
346410,1,1
346510,1,1
346610,1,1
346710,1,1
346810,1,1
346910,1,1
347010,1,1
347110,1,1
347210,1,1
347310,1,1
347410,1,1
347537,0,0
347637,0,0
347737,0,0
347837,0,0
347937,0,0
348037,0,0
348137,0,0
348237,0,0
348337,0,0
348437,0,0
348537,0,0
348637,0,0
348737,0,0
348837,0,0
348937,0,0
349037,0,0
349138,0,0
349238,0,0
349338,0,0
349438,0,0
349538,0,0
349638,0,0
349738,0,0
349838,0,0
349938,0,0
350038,0,0
350138,0,0
350238,0,0
350338,0,0
350438,0,0
350538,0,0
350638,0,0
350738,0,0
350838,0,0
350938,0,0
351038,0,0
351138,0,0
351238,0,0
351338,0,0
351438,0,0
351538,0,0
351638,0,0
351738,0,0
351838,0,0
351938,0,0
352038,0,0
352138,0,0
352238,0,0
352338,0,0
352438,0,0
352538,0,0
352638,0,0
352738,0,0
352838,0,0
352938,0,0
353038,0,0
353138,0,0
353238,0,0
353338,0,0
353438,0,0
353538,0,0
353638,0,0
353738,0,0
353838,0,0
353938,0,0
354038,0,0
354138,0,0
354238,0,0
354338,0,0
354438,0,0
354538,0,0
354638,0,0
354738,0,0
354838,0,0
354938,0,0
355038,0,0
355138,0,0
355238,0,0
355338,0,0
355431,0,0
355531,1,1
355631,1,1
355731,1,1
355831,1,1
355931,1,1
356031,1,1
356131,1,1
356231,1,1
356331,1,1
356431,1,1
356531,1,1
356631,1,1
356731,1,1
356831,1,1
356931,1,1
357031,1,1
357131,1,1
357231,1,1
357331,1,1
357431,1,1
357531,1,1
357631,1,1
357731,1,1
357831,1,1
357931,1,1
358031,1,1
358131,1,1
358231,1,1
358331,1,1
358431,1,1
358531,1,1
358631,1,1
358731,1,1
358831,1,1
358931,1,1
359031,1,1
359131,1,1
359231,1,1
359331,1,1
359430,1,1
359530,1,1
359630,1,1
359730,1,1
359830,1,1
359930,1,1
360030,1,1
360130,1,1
360230,1,1
360330,1,1
360430,1,1
360530,1,1
360630,1,1
360730,1,1
360830,1,1
360930,1,1
361030,1,1
361130,1,1
361230,1,1
361330,1,1
361430,1,1
361530,1,1
361630,1,1
361730,1,1
361830,1,1
361930,1,1
362030,1,1
362130,1,1
362230,1,1
362330,1,1
362430,1,1
362530,1,1
362630,1,1
362730,1,1
362830,1,1
362930,1,1
363030,1,1
363130,1,1
363230,1,1
363330,1,1
363428,1,1
363528,1,1
363628,1,1
363728,1,1
363828,1,1
363928,1,1
364028,1,1
364128,1,1
364228,1,1
364328,1,1
364428,1,1
364528,1,1
364628,1,1
364728,1,1
364828,1,1
364928,1,1
365028,1,1
365128,1,1
365228,1,1
365328,1,1
365428,1,1
365528,1,1
365628,1,1
365728,1,1
365828,1,1
365928,1,1
366028,1,1
366128,1,1
366228,1,1
366328,1,1
366428,1,1
366528,1,1
366628,1,1
366728,1,1
366828,1,1
366928,1,1
367028,1,1
367128,1,1
367228,1,1
367328,1,1
367426,1,1
367526,1,1
367626,1,1
367726,1,1
367826,1,1
367926,1,1
368026,1,1
368126,1,1
368226,1,1
368326,1,1
368426,1,1
368526,1,1
368626,1,1
368726,1,1
368826,1,1
368926,1,1
369026,1,1
369126,1,1
369226,1,1
369326,1,1
369426,1,1
369526,1,1
369626,1,1
369726,1,1
369826,1,1
369926,1,1
370026,1,1
370126,1,1
370226,1,1
370326,1,1
370426,1,1
370526,1,1
370626,1,1
370726,1,1
370826,1,1
370926,1,1
371026,1,1
371126,1,1
371226,1,1
371326,1,1
371425,1,1
371525,1,1
371625,1,1
371725,1,1
371825,1,1
371925,1,1
372025,1,1
372125,1,1
372225,1,1
372325,1,1
372425,1,1
372525,1,1
372625,1,1
372725,1,1
372825,1,1
372925,1,1
373025,1,1
373125,1,1
373225,1,1
373325,1,1
373425,1,1
373525,1,1
373625,1,1
373725,1,1
373825,1,1
373925,1,1
374025,1,1
374125,1,1
374225,1,1
374325,1,1
374425,1,1
374525,1,1
374625,1,1
374725,1,1
374825,1,1
374925,1,1
375025,1,1
375125,1,1
375225,1,1
375325,1,1
375424,1,1
375524,1,1
375624,1,1
375724,1,1
375824,1,1
375924,1,1
376024,1,1
376124,1,1
376224,1,1
376324,1,1
376424,1,1
376524,1,1
376624,1,1
376724,1,1
376824,1,1
376924,1,1
377024,1,1
377124,1,1
377224,1,1
377324,1,1
377424,1,1
377524,1,1
377624,1,1
377724,1,1
377824,1,1
377924,1,1
378024,1,1
378124,1,1
378224,1,1
378324,1,1
378424,1,1
378524,1,1
378624,1,1
378724,1,1
378824,1,1
378924,1,1
379024,1,1
379124,1,1
379224,1,1
379324,1,1
379422,1,1
379522,1,1
379622,1,1
379722,1,1
379822,1,1
379922,1,1
380022,1,1
380122,1,1
380222,1,1
380322,1,1
380422,1,1
380522,1,1
380622,1,1
380722,1,1
380822,1,1
380922,1,1
381022,1,1
381122,1,1
381222,1,1
381322,1,1
381422,1,1
381522,1,1
381622,1,1
381722,1,1
381822,1,1
381922,1,1
382022,1,1
382122,1,1
382222,1,1
382322,1,1
382422,1,1
382522,1,1
382622,1,1
382722,1,1
382822,1,1
382922,1,1
383022,1,1
383122,1,1
383222,1,1
383322,1,1
383419,1,1
383519,1,1
383619,1,1
383719,1,1
383819,1,1
383919,1,1
384019,1,1
384119,1,1
384219,1,1
384319,1,1
384419,1,1
384519,1,1
384619,1,1
384719,1,1
384819,1,1
384919,1,1
385019,1,1
385119,1,1
385219,1,1
385319,1,1
385419,1,1
385519,1,1
385619,1,1
385719,1,1
385819,1,1
385919,1,1
386019,1,1
386119,1,1
386219,1,1
386319,1,1
386419,1,1
386519,1,1
386619,1,1
386719,1,1
386819,1,1
386919,1,1
387019,1,1
387119,1,1
387219,1,1
387319,1,1
387417,1,1
387517,1,1
387617,1,1
387717,1,1
387817,1,1
387917,1,1
388017,1,1
388117,1,1
388217,1,1
388317,1,1
388417,1,1
388517,1,1
388617,1,1
388717,1,1
388817,1,1
388917,1,1
389017,1,1
389117,1,1
389217,1,1
389317,1,1
389417,1,1
389517,1,1
389617,1,1
389717,1,1
389817,1,1
389917,1,1
390017,1,1
390117,1,1
390217,1,1
390317,1,1
390417,1,1
390517,1,1
390617,1,1
390717,1,1
390817,1,1
390917,1,1
391017,1,1
391117,1,1
391217,1,1
391317,1,1
391416,1,1
391516,1,1
391616,1,1
391716,1,1
391816,1,1
391916,1,1
392016,1,1
392116,1,1
392216,1,1
392316,1,1
392416,1,1
392516,1,1
392616,1,1
392716,1,1
392816,1,1
392916,1,1
393016,1,1
393116,1,1
393216,1,1
393316,1,1
393416,1,1
393516,1,1
393616,1,1
393716,1,1
393816,1,1
393916,1,1
394016,1,1
394116,1,1
394216,1,1
394316,1,1
394416,1,1
394516,1,1
394616,1,1
394716,1,1
394816,1,1
394916,1,1
395016,1,1
395116,1,1
395216,1,1
395316,1,1
395415,1,1
395519,1,1
395619,1,1
395719,1,1
395819,1,1
395919,1,1
396019,1,1
396119,1,1
396219,1,1
396319,1,1
396419,1,1
396519,1,1
396619,1,1
396719,1,1
396819,1,1
396919,1,1
397019,1,1
397119,1,1
397219,1,1
397319,1,1
397419,1,1
397519,1,1
397619,1,1
397719,1,1
397819,1,1
397919,1,1
398019,1,1
398119,1,1
398219,1,1
398319,1,1
398419,1,1
398519,1,1
398619,1,1
398719,1,1
398819,1,1
398919,1,1
399019,1,1
399119,1,1
399219,1,1
399319,1,1
399419,1,1
399519,1,1
399619,1,1
399719,1,1
399819,1,1
399919,1,1
400019,1,1
400119,1,1
400219,1,1
400319,1,1
400419,1,1
400519,1,1
400619,1,1
400719,1,1
400819,1,1
400919,1,1
401019,1,1
401119,1,1
401219,1,1
401319,1,1
401419,1,1
401519,1,1
401619,1,1
401719,1,1
401819,1,1
401919,1,1
402019,1,1
402119,1,1
402219,1,1
402319,1,1
402419,1,1
402519,1,1
402619,1,1
402719,1,1
402819,1,1
402919,1,1
403019,1,1
403119,1,1
403219,1,1
403319,1,1
403419,1,1
403519,1,1
403619,0,0
403719,0,0
403819,0,0
403919,0,0
404019,0,0
404119,0,0
404219,0,0
404319,0,0
404419,0,0
404519,0,0
404619,0,0
404719,0,0
404819,0,0
404919,0,0
405019,0,0
405119,0,0
405219,0,0
405319,0,0
405419,0,0
405519,0,0
405619,0,0
405719,0,0
405819,0,0
405919,0,0
406019,0,0
406119,0,0
406219,0,0
406319,0,0
406419,0,0
406519,0,0
406619,0,0
406719,0,0
406819,0,0
406919,0,0
407019,0,0
407119,0,0
407219,0,0
407319,0,0
407419,0,0
407519,0,0
407619,0,0
407719,0,0
407819,0,0
407919,0,0
408019,0,0
408119,0,0
408219,0,0
408319,0,0
408419,0,0
408519,0,0
408619,0,0
408719,0,0
408819,0,0
408919,0,0
409019,0,0
409119,0,0
409219,0,0
409319,0,0
409419,0,0
409519,0,0
409619,0,0
409719,0,0
409819,0,0
409919,0,0
410019,0,0
410119,0,0
410219,0,0
410319,0,0
410419,0,0
410519,0,0
410619,0,0
410719,0,0
410819,0,0
410919,0,0
411019,0,0
411119,0,0
411219,0,0
411319,0,0
411419,0,0
411519,0,0
411619,0,0
411719,0,0
411819,0,0
411919,0,0
412019,0,0
412119,0,0
412219,0,0
412319,0,0
412419,0,0
412519,0,0
412619,0,0
412719,0,0
412819,0,0
412919,0,0
413019,0,0
413119,0,0
413219,0,0
413319,0,0
413419,0,0
413519,0,0
413619,0,0
413719,0,0
413819,0,0
413919,0,0
414019,0,0
414119,0,0
414219,0,0
414319,0,0
414419,0,0
414519,0,0
414619,0,0
414719,0,0
414819,0,0
414919,0,0
415019,0,0
415119,0,0
415219,0,0
415319,0,0
415419,0,0
415519,0,0
415619,0,0
415719,0,0
415811,0,0
415911,0,0
416025,0,0
416125,1,1
416225,1,1
416325,1,1
416425,1,1
416525,1,1
416625,1,1
416725,1,1
416825,1,1
416925,1,1
417025,1,1
417125,1,1
417225,1,1
417325,1,1
417425,1,1
417525,1,1
417625,1,1
417725,1,1
417825,1,1
417925,1,1
418025,1,1
418125,1,1
418225,1,1
418325,1,1
418425,1,1
418526,1,1
418626,1,1
418726,1,1
418826,1,1
418926,1,1
419026,1,1
419126,1,1
419226,1,1
419326,1,1
419426,1,1
419526,1,1
419626,1,1
419726,1,1
419823,1,1
419923,1,1
420023,1,1
420123,1,1
420223,1,1
420323,1,1
420423,1,1
420523,1,1
420623,1,1
420723,1,1
420823,1,1
420923,1,1
421023,1,1
421123,1,1
421223,1,1
421323,1,1
421424,1,1
421524,1,1
421624,1,1
421724,1,1
421824,1,1
421924,1,1
422024,1,1
422124,1,1
422224,1,1
422324,1,1
422424,1,1
422524,1,1
422624,1,1
422724,1,1
422824,1,1
422924,1,1
423024,1,1
423124,1,1
423224,1,1
423324,1,1
423424,1,1
423524,1,1
423624,1,1
423724,1,1
423823,1,1
423923,1,1
424023,1,1
424123,1,1
424223,1,1
424323,1,1
424423,1,1
424523,1,1
424623,1,1
424723,1,1
424823,1,1
424923,1,1
425023,1,1
425123,1,1
425223,1,1
425323,1,1
425423,1,1
425523,1,1
425623,1,1
425723,1,1
425823,1,1
425923,1,1
426023,1,1
426123,1,1
426223,1,1
426323,1,1
426423,1,1
426523,1,1
426623,1,1
426723,1,1
426823,1,1
426923,1,1
427023,1,1
427123,1,1
427223,1,1
427323,1,1
427423,1,1
427523,1,1
427623,1,1
427723,1,1
427821,1,1
427921,1,1
428021,1,1
428121,1,1
428221,1,1
428321,1,1
428421,1,1
428521,1,1
428621,1,1
428721,1,1
428821,1,1
428921,1,1
429021,1,1
429121,1,1
429221,1,1
429321,1,1
429421,1,1
429521,1,1
429621,1,1
429721,1,1
429821,1,1
429921,1,1
430021,1,1
430121,1,1
430221,1,1
430321,1,1
430421,1,1
430521,1,1
430621,1,1
430721,1,1
430821,1,1
430921,1,1
431021,1,1
431121,1,1
431221,1,1
431321,1,1
431421,1,1
431521,1,1
431621,1,1
431721,1,1
431820,1,1
431920,1,1
432020,1,1
432120,1,1
432220,1,1
432320,1,1
432420,1,1
432520,1,1
432620,1,1
432720,1,1
432820,1,1
432920,1,1
433020,1,1
433120,1,1
433220,1,1
433320,1,1
433420,1,1
433520,1,1
433620,1,1
433720,1,1
433820,1,1
433920,1,1
434020,1,1
434120,1,1
434220,1,1
434320,1,1
434420,1,1
434520,1,1
434620,1,1
434720,1,1
434820,1,1
434920,1,1
435020,1,1
435120,1,1
435220,1,1
435320,1,1
435420,1,1
435520,1,1
435620,1,1
435720,1,1
435817,1,1
435917,1,1
436017,1,1
436117,1,1
436217,1,1
436317,1,1
436417,1,1
436517,1,1
436617,1,1
436717,1,1
436817,1,1
436917,1,1
437017,1,1
437117,1,1
437217,1,1
437317,1,1
437417,1,1
437517,1,1
437617,1,1
437717,1,1
437817,1,1
437917,1,1
438017,1,1
438117,1,1
438217,1,1
438317,1,1
438417,1,1
438517,1,1
438617,1,1
438717,1,1
438817,1,1
438917,1,1
439017,1,1
439117,1,1
439217,1,1
439317,1,1
439417,1,1
439517,1,1
439617,1,1
439717,1,1
439816,1,1
439916,1,1
440016,1,1
440116,1,1
440216,1,1
440316,1,1
440416,1,1
440516,1,1
440616,1,1
440716,1,1
440816,1,1
440916,1,1
441016,1,1
441116,1,1
441216,1,1
441316,1,1
441416,1,1
441516,1,1
441616,1,1
441716,1,1
441816,1,1
441916,1,1
442016,1,1
442116,1,1
442216,1,1
442316,1,1
442416,1,1
442516,1,1
442616,1,1
442716,1,1
442816,1,1
442916,1,1
443016,1,1
443116,1,1
443216,1,1
443316,1,1
443416,1,1
443516,1,1
443616,1,1
443716,1,1
443815,1,1
443915,1,1
444015,1,1
444115,1,1
444215,1,1
444315,1,1
444415,1,1
444515,1,1
444615,1,1
444715,1,1
444815,1,1
444915,1,1
445015,1,1
445115,1,1
445215,1,1
445315,1,1
445415,1,1
445515,1,1
445615,1,1
445715,1,1
445815,1,1
445915,1,1
446015,1,1
446115,1,1
446215,1,1
446315,1,1
446415,1,1
446515,1,1
446615,1,1
446715,1,1
446815,1,1
446915,1,1
447015,1,1
447115,1,1
447215,1,1
447315,1,1
447415,1,1
447515,1,1
447615,1,1
447715,1,1
447813,1,1
447913,1,1
448013,1,1
448113,1,1
448213,1,1
448313,1,1
448413,1,1
448513,1,1
448613,1,1
448713,1,1
448813,1,1
448913,1,1
449013,1,1
449113,1,1
449213,1,1
449313,1,1
449413,1,1
449513,1,1
449613,1,1
449713,1,1
449813,1,1
449913,1,1
450013,1,1
450113,1,1
450213,1,1
450313,1,1
450413,1,1
450513,1,1
450613,1,1
450713,1,1
450813,1,1
450913,1,1
451013,1,1
451113,1,1
451213,1,1
451313,1,1
451413,1,1
451513,1,1
451613,1,1
451713,1,1
451810,1,1
451910,1,1
452010,1,1
452110,1,1
452210,1,1
452310,1,1
452410,1,1
452510,1,1
452610,1,1
452710,1,1
452810,1,1
452910,1,1
453010,1,1
453110,1,1
453210,1,1
453310,1,1
453410,1,1
453510,1,1
453610,1,1
453710,1,1
453810,1,1
453910,1,1
454010,1,1
454110,1,1
454210,1,1
454310,1,1
454410,1,1
454510,1,1
454610,1,1
454710,1,1
454810,1,1
454910,1,1
455010,1,1
455110,1,1
455210,1,1
455310,1,1
455410,1,1
455510,1,1
455610,1,1
455710,1,1
455810,1,1
455910,1,1
456010,1,1
456112,1,1
456212,1,1
456312,1,1
456412,1,1
456512,1,1
456612,1,1
456712,1,1
456812,1,1
456912,1,1
457012,1,1
457112,1,1
457212,1,1
457312,1,1
457412,1,1
457512,1,1
457612,1,1
457712,1,1
457812,1,1
457912,1,1
458012,1,1
458112,1,1
458212,1,1
458312,1,1
458412,1,1
458512,1,1
458612,1,1
458712,1,1
458812,1,1
458912,1,1
459012,1,1
459112,1,1
459213,1,1
459313,1,1
459413,1,1
459513,1,1
459613,1,1
459713,1,1
459813,1,1
459913,1,1
460013,1,1
460113,1,1
460213,1,1
460313,1,1
460413,1,1
460513,1,1
460613,1,1
460713,1,1
460813,1,1
460913,1,1
461013,1,1
461113,1,1
461213,1,1
461313,1,1
461413,1,1
461513,1,1
461613,1,1
461713,1,1
461813,1,1
461913,1,1
462013,1,1
462114,1,1
462214,1,1
462314,1,1
462414,1,1
462514,1,1
462614,1,1
462714,1,1
462814,1,1
462914,1,1
463014,1,1
463114,1,1
463214,1,1
463314,1,1
463414,1,1
463514,1,1
463614,1,1
463714,1,1
463814,1,1
463914,1,1
464014,1,1
464156,0,0
464256,0,0
464356,0,0
464456,0,0
464556,0,0
464656,0,0
464756,0,0
464856,0,0
464956,0,0
465056,0,0
465156,0,0
465256,0,0
465357,0,0
465457,0,0
465557,0,0
465657,0,0
465757,0,0
465857,0,0
465957,0,0
466057,0,0
466157,0,0
466257,0,0
466357,0,0
466457,0,0
466557,0,0
466657,0,0
466757,0,0
466857,0,0
466957,0,0
467057,0,0
467157,0,0
467257,0,0
467357,0,0
467457,0,0
467557,0,0
467657,0,0
467757,0,0
467857,0,0
467957,0,0
468057,0,0
468157,0,0
468258,0,0
468358,0,0
468458,0,0
468558,0,0
468658,0,0
468758,0,0
468858,0,0
468958,0,0
469058,0,0
469158,0,0
469258,0,0
469358,0,0
469458,0,0
469558,0,0
469658,0,0
469758,0,0
469858,0,0
469958,0,0
470058,0,0
470158,0,0
470258,0,0
470358,0,0
470458,0,0
470558,0,0
470658,0,0
470758,0,0
470858,0,0
470958,0,0
471058,0,0
471158,0,0
471258,0,0
471358,0,0
471458,0,0
471558,0,0
471658,0,0
471758,0,0
471838,0,0
471938,0,0
472038,0,0
472138,1,1
472238,1,1
472338,1,1
472438,1,1
472538,1,1
472638,1,1
472738,1,1
472838,1,1
472938,1,1
473038,1,1
473138,1,1
473238,1,1
473338,1,1
473438,1,1
473538,1,1
473638,1,1
473738,1,1
473838,1,1
473938,1,1
474038,1,1
474138,1,1
474238,1,1
474338,1,1
474438,1,1
474538,1,1
474638,1,1
474738,1,1
474838,1,1
474938,1,1
475038,1,1
475138,1,1
475238,1,1
475338,1,1
475438,1,1
475538,1,1
475638,1,1
475738,1,1
475839,1,1
475939,1,1
476039,1,1
476139,1,1
476239,1,1
476339,1,1
476439,1,1
476539,1,1
476639,1,1
476739,1,1
476839,1,1
476939,1,1
477039,1,1
477139,1,1
477239,1,1
477339,1,1
477439,1,1
477539,1,1
477639,1,1
477739,1,1
477839,1,1
477939,1,1
478039,1,1
478139,1,1
478239,1,1
478339,1,1
478439,1,1
478539,1,1
478639,1,1
478739,1,1
478839,1,1
478939,1,1
479039,1,1
479139,1,1
479239,1,1
479339,1,1
479439,1,1
479539,1,1
479639,1,1
479739,1,1
479845,1,1
479945,1,1
480045,1,1
480145,1,1
480245,1,1
480345,1,1
480445,1,1
480545,1,1
480645,1,1
480745,1,1
480845,1,1
480945,1,1
481045,1,1
481145,1,1
481245,1,1
481345,1,1
481445,1,1
481545,1,1
481645,1,1
481745,1,1
481845,1,1
481945,1,1
482045,1,1
482145,1,1
482245,1,1
482345,1,1
482445,1,1
482545,1,1
482645,1,1
482745,1,1
482845,1,1
482945,1,1
483045,1,1
483145,1,1
483245,1,1
483345,1,1
483445,1,1
483545,1,1
483645,1,1
483745,1,1
483847,1,1
483947,1,1
484047,1,1
484147,1,1
484247,1,1
484347,1,1
484447,1,1
484547,1,1
484647,1,1
484747,1,1
484847,1,1
484947,1,1
485047,1,1
485147,1,1
485247,1,1
485347,1,1
485447,1,1
485547,1,1
485647,1,1
485747,1,1
485847,1,1
485947,1,1
486047,1,1
486147,1,1
486247,1,1
486347,1,1
486447,1,1
486547,1,1
486647,1,1
486747,1,1
486847,1,1
486947,1,1
487047,1,1
487147,1,1
487247,1,1
487347,1,1
487447,1,1
487547,1,1
487647,1,1
487747,1,1
487847,1,1
487947,1,1
488034,1,1
488134,1,1
488234,1,1
488334,1,1
488434,1,1
488534,1,1
488634,1,1
488734,1,1
488834,1,1
488934,1,1
489034,1,1
489134,1,1
489234,1,1
489334,1,1
489434,1,1
489534,1,1
489634,1,1
489734,1,1
489834,1,1
489934,1,1
490034,1,1
490134,1,1
490234,1,1
490334,1,1
490434,1,1
490534,1,1
490634,1,1
490734,1,1
490834,1,1
490934,1,1
491034,1,1
491134,1,1
491234,1,1
491334,1,1
491434,1,1
491534,1,1
491634,1,1
491734,1,1
491834,1,1
491934,1,1
492035,1,1
492135,1,1
492235,1,1
492335,1,1
492435,1,1
492535,1,1
492635,1,1
492735,1,1
492835,1,1
492935,1,1
493035,1,1
493135,1,1
493235,1,1
493335,1,1
493435,1,1
493535,1,1
493635,1,1
493735,1,1
493835,1,1
493935,1,1
494035,1,1
494135,1,1
494235,1,1
494335,1,1
494435,1,1
494535,1,1
494635,1,1
494735,1,1
494835,1,1
494935,1,1
495035,1,1
495135,1,1
495235,1,1
495335,1,1
495435,1,1
495535,1,1
495635,1,1
495735,1,1
495835,1,1
495935,1,1
496035,1,1
496147,1,1
496247,1,1
496347,1,1
496447,1,1
496547,1,1
496647,1,1
496747,1,1
496847,1,1
496947,1,1
497047,1,1
497147,1,1
497247,1,1
497347,1,1
497447,1,1
497547,1,1
497647,1,1
497747,1,1
497847,1,1
497947,1,1
498047,1,1
498147,1,1
498247,1,1
498347,1,1
498447,1,1
498547,1,1
498647,1,1
498747,1,1
498847,1,1
498947,1,1
499047,1,1
499147,1,1
499247,1,1
499347,1,1
499447,1,1
499547,1,1
499647,1,1
499747,1,1
499847,1,1
499951,1,1
500051,1,1
500151,1,1
500251,1,1
500351,1,1
500451,1,1
500551,1,1
500651,1,1
500751,1,1
500851,1,1
500951,1,1
501051,1,1
501151,1,1
501251,1,1
501351,1,1
501451,1,1
501551,1,1
501651,1,1
501751,1,1
501851,1,1
501951,1,1
502051,1,1
502151,1,1
502251,1,1
502351,1,1
502451,1,1
502551,1,1
502651,1,1
502751,1,1
502851,1,1
502951,1,1
503051,1,1
503151,1,1
503251,1,1
503351,1,1
503451,1,1
503551,1,1
503651,1,1
503751,1,1
503851,1,1
503951,1,1
504035,1,1
504136,1,1
504236,1,1
504336,1,1
504436,1,1
504536,1,1
504636,1,1
504736,1,1
504836,1,1
504936,1,1
505036,1,1
505136,1,1
505236,1,1
505336,1,1
505436,1,1
505536,1,1
505636,1,1
505736,1,1
505836,1,1
505936,1,1
506036,1,1
506136,1,1
506236,1,1
506336,1,1
506436,1,1
506536,1,1
506636,1,1
506736,1,1
506837,1,1
506937,1,1
507037,1,1
507137,1,1
507237,1,1
507337,1,1
507437,1,1
507537,1,1
507637,1,1
507737,1,1
507837,1,1
507937,1,1
508047,1,1
508147,1,1
508247,1,1
508347,1,1
508447,1,1
508547,1,1
508647,1,1
508747,1,1
508847,1,1
508947,1,1
509047,1,1
509147,1,1
509247,1,1
509347,1,1
509447,1,1
509547,1,1
509647,1,1
509748,1,1
509848,1,1
509948,1,1
510048,1,1
510148,1,1
510248,1,1
510348,1,1
510448,1,1
510548,1,1
510648,1,1
510748,1,1
510848,1,1
510948,1,1
511048,1,1
511148,1,1
511248,1,1
511348,1,1
511448,1,1
511548,1,1
511648,1,1
511748,1,1
511848,1,1
511948,1,1
512050,1,1
512155,1,1
512255,1,1
512355,1,1
512455,1,1
512555,1,1
512655,1,1
512755,1,1
512855,1,1
512955,1,1
513055,1,1
513155,1,1
513255,1,1
513355,1,1
513455,1,1
513555,1,1
513655,1,1
513755,1,1
513855,1,1
513955,1,1
514055,1,1
514155,1,1
514255,1,1
514355,1,1
514455,1,1
514555,1,1
514655,1,1
514755,1,1
514855,1,1
514955,1,1
515055,1,1
515155,1,1
515255,1,1
515355,1,1
515455,1,1
515555,1,1
515655,1,1
515755,1,1
515855,1,1
515955,1,1
516055,1,1
516155,1,1
516255,1,1
516355,1,1
516455,1,1
516555,1,1
516655,1,1
516755,1,1
516855,1,1
516955,1,1
517055,1,1
517155,1,1
517255,1,1
517355,1,1
517455,1,1
517555,1,1
517655,1,1
517755,1,1
517855,1,1
517955,1,1
518055,1,1
518155,1,1
518255,1,1
518355,1,1
518455,1,1
518555,1,1
518655,1,1
518755,1,1
518855,1,1
518955,1,1
519055,1,1
519155,1,1
519255,1,1
519355,1,1
519455,1,1
519555,1,1
519655,1,1
519755,1,1
519855,1,1
519955,1,1
520055,1,1
520155,1,1
520255,0,0
520355,0,0
520455,0,0
520555,0,0
520655,0,0
520755,0,0
520855,0,0
520955,0,0
521055,0,0
521155,0,0
521255,0,0
521355,0,0
521455,0,0
521555,0,0
521655,0,0
521755,0,0
521855,0,0
521955,0,0
522055,0,0
522155,0,0
522255,0,0
522355,0,0
522455,0,0
522555,0,0
522655,0,0
522755,0,0
522855,0,0
522955,0,0
523055,0,0
523155,0,0
523255,0,0
523355,0,0
523455,0,0
523555,0,0
523655,0,0
523755,0,0
523855,0,0
523955,0,0
524055,0,0
524155,0,0
524255,0,0
524355,0,0
524455,0,0
524555,0,0
524655,0,0
524755,0,0
524855,0,0
524955,0,0
525055,0,0
525155,0,0
525255,0,0
525355,0,0
525455,0,0
525555,0,0
525655,0,0
525755,0,0
525855,0,0
525955,0,0
526055,0,0
526155,0,0
526255,0,0
526355,0,0
526455,0,0
526555,0,0
526655,0,0
526755,0,0
526855,0,0
526955,0,0
527055,0,0
527155,0,0
527255,0,0
527355,0,0
527455,0,0
527555,0,0
527655,0,0
527755,0,0
527855,0,0
527955,0,0
528055,0,0
528155,0,0
528255,0,0
528355,0,0
528455,0,0
528555,0,0
528655,0,0
528755,0,0
528855,0,0
528955,0,0
529055,0,0
529155,0,0
529255,0,0
529355,0,0
529455,0,0
529555,0,0
529655,0,0
529755,0,0
529855,0,0
529955,0,0
530055,0,0
530155,0,0
530255,0,0
530355,0,0
530455,0,0
530555,0,0
530655,0,0
530755,0,0
530855,0,0
530955,0,0
531055,0,0
531155,0,0
531255,0,0
531355,0,0
531455,0,0
531555,0,0
531655,0,0
531755,0,0
531855,0,0
531955,0,0
532055,0,0
532155,0,0
532255,0,0
532355,0,0
532455,0,0
532555,0,0
532655,0,0
532755,0,0
532855,0,0
532955,0,0
533055,0,0
533146,0,0
533246,1,1
533346,1,1
533446,1,1
533546,1,1
533646,1,1
533746,1,1
533846,1,1
533946,1,1
534046,1,1
534146,1,1
534246,1,1
534346,1,1
534446,1,1
534546,1,1
534646,1,1
534746,1,1
534846,1,1
534946,1,1
535046,1,1
535146,1,1
535246,1,1
535346,1,1
535446,1,1
535546,1,1
535646,1,1
535746,1,1
535846,1,1
535946,1,1
536046,1,1
536146,1,1
536246,1,1
536346,1,1
536446,1,1
536546,1,1
536646,1,1
536746,1,1
536846,1,1
536946,1,1
537046,1,1
537144,1,1
537244,1,1
537344,1,1
537444,1,1
537544,1,1
537644,1,1
537744,1,1
537844,1,1
537944,1,1
538044,1,1
538144,1,1
538244,1,1
538344,1,1
538444,1,1
538544,1,1
538644,1,1
538744,1,1
538844,1,1
538944,1,1
539044,1,1
539144,1,1
539244,1,1
539344,1,1
539444,1,1
539544,1,1
539644,1,1
539744,1,1
539844,1,1
539944,1,1
540044,1,1
540144,1,1
540244,1,1
540344,1,1
540444,1,1
540544,1,1
540644,1,1
540744,1,1
540844,1,1
540944,1,1
541044,1,1
541142,1,1
541242,1,1
541342,1,1
541442,1,1
541542,1,1
541642,1,1
541742,1,1
541842,1,1
541942,1,1
542042,1,1
542142,1,1
542242,1,1
542342,1,1
542442,1,1
542542,1,1
542642,1,1
542742,1,1
542842,1,1
542942,1,1
543042,1,1
543142,1,1
543242,1,1
543342,1,1
543442,1,1
543542,1,1
543642,1,1
543742,1,1
543842,1,1
543942,1,1
544042,1,1
544142,1,1
544242,1,1
544342,1,1
544442,1,1
544542,1,1
544642,1,1
544742,1,1
544842,1,1
544942,1,1
545042,1,1
545141,1,1
545241,1,1
545341,1,1
545441,1,1
545541,1,1
545641,1,1
545741,1,1
545841,1,1
545941,1,1
546041,1,1
546141,1,1
546241,1,1
546341,1,1
546441,1,1
546541,1,1
546641,1,1
546741,1,1
546841,1,1
546941,1,1
547041,1,1
547141,1,1
547241,1,1
547341,1,1
547441,1,1
547541,1,1
547641,1,1
547741,1,1
547841,1,1
547941,1,1
548041,1,1
548141,1,1
548241,1,1
548341,1,1
548441,1,1
548541,1,1
548641,1,1
548741,1,1
548841,1,1
548941,1,1
549041,1,1
549138,1,1
549238,1,1
549338,1,1
549438,1,1
549538,1,1
549638,1,1
549738,1,1
549838,1,1
549938,1,1
550038,1,1
550138,1,1
550238,1,1
550338,1,1
550438,1,1
550538,1,1
550638,1,1
550738,1,1
550838,1,1
550938,1,1
551038,1,1
551138,1,1
551238,1,1
551338,1,1
551438,1,1
551538,1,1
551638,1,1
551738,1,1
551838,1,1
551938,1,1
552038,1,1
552138,1,1
552238,1,1
552338,1,1
552438,1,1
552538,1,1
552638,1,1
552738,1,1
552838,1,1
552938,1,1
553038,1,1
553138,1,1
553238,1,1
553338,1,1
553438,1,1
553538,1,1
553638,1,1
553738,1,1
553838,1,1
553938,1,1
554038,1,1
554138,1,1
554238,1,1
554338,1,1
554438,1,1
554538,1,1
554638,1,1
554738,1,1
554838,1,1
554938,1,1
555038,1,1
555138,1,1
555238,1,1
555338,1,1
555438,1,1
555538,1,1
555638,1,1
555738,1,1
555838,1,1
555938,1,1
556038,1,1
556138,1,1
556238,1,1
556338,1,1
556438,1,1
556538,1,1
556638,1,1
556738,1,1
556838,1,1
556938,1,1
557038,1,1
557136,1,1
557237,1,1
557337,1,1
557437,1,1
557537,1,1
557637,1,1
557737,1,1
557837,1,1
557937,1,1
558037,1,1
558137,1,1
558237,1,1
558337,1,1
558437,1,1
558537,1,1
558637,1,1
558737,1,1
558837,1,1
558937,1,1
559037,1,1
559137,1,1
559237,1,1
559337,1,1
559438,1,1
559538,1,1
559638,1,1
559738,1,1
559838,1,1
559938,1,1
560038,1,1
560138,1,1
560238,1,1
560338,1,1
560438,1,1
560538,1,1
560638,1,1
560738,1,1
560838,1,1
560938,1,1
561038,1,1
561137,1,1
561242,1,1
561342,1,1
561442,1,1
561542,1,1
561642,1,1
561742,1,1
561842,1,1
561942,1,1
562042,1,1
562142,1,1
562242,1,1
562342,1,1
562442,1,1
562542,1,1
562642,1,1
562742,1,1
562842,1,1
562942,1,1
563042,1,1
563142,1,1
563242,1,1
563342,1,1
563442,1,1
563542,1,1
563642,1,1
563742,1,1
563842,1,1
563942,1,1
564042,1,1
564142,1,1
564242,1,1
564343,1,1
564443,1,1
564543,1,1
564643,1,1
564743,1,1
564843,1,1
564943,1,1
565043,1,1
565140,1,1
565245,1,1
565345,1,1
565445,1,1
565545,1,1
565645,1,1
565745,1,1
565845,1,1
565945,1,1
566045,1,1
566145,1,1
566245,1,1
566346,1,1
566446,1,1
566546,1,1
566646,1,1
566746,1,1
566846,1,1
566946,1,1
567046,1,1
567146,1,1
567246,1,1
567346,1,1
567446,1,1
567546,1,1
567646,1,1
567746,1,1
567846,1,1
567946,1,1
568046,1,1
568146,1,1
568364,1,1
568464,1,1
568564,1,1
568664,1,1
568764,1,1
568864,1,1
568964,1,1
569064,1,1
569163,1,1
569263,1,1
569363,1,1
569463,1,1
569563,1,1
569663,1,1
569763,1,1
569863,1,1
569963,1,1
570063,1,1
570163,1,1
570263,1,1
570363,1,1
570463,1,1
570563,1,1
570663,1,1
570763,1,1
570863,1,1
570963,1,1
571063,1,1
571163,1,1
571263,1,1
571363,1,1
571463,1,1
571563,1,1
571663,1,1
571763,1,1
571863,1,1
571963,1,1
572063,1,1
572163,1,1
572263,1,1
572363,1,1
572463,1,1
572563,1,1
572663,1,1
572763,1,1
572863,1,1
572963,1,1
573063,1,1
573161,1,1
573261,1,1
573361,1,1
573461,1,1
573561,1,1
573661,1,1
573761,1,1
573861,1,1
573961,1,1
574061,1,1
574161,1,1
574261,1,1
574361,1,1
574461,1,1
574561,1,1
574661,1,1
574761,1,1
574861,1,1
574961,1,1
575061,1,1
575161,1,1
575261,1,1
575361,1,1
575461,1,1
575561,1,1
575661,1,1
575761,1,1
575861,1,1
575961,1,1
576061,1,1
576161,1,1
576261,1,1
576361,1,1
576461,1,1
576561,1,1
576661,1,1
576761,1,1
576861,1,1
576961,1,1
577061,1,1
577161,1,1
577261,1,1
577361,1,1
577461,1,1
577561,1,1
577661,1,1
577761,1,1
577861,1,1
577961,1,1
578061,1,1
578161,1,1
578261,1,1
578361,1,1
578461,1,1
578561,1,1
578661,1,1
578761,1,1
578861,1,1
578961,1,1
579061,1,1
579161,1,1
579261,1,1
579361,1,1
579461,1,1
579561,1,1
579661,1,1
579761,1,1
579861,1,1
579961,1,1
580061,1,1
580161,1,1
580261,1,1
580361,1,1
580461,1,1
580561,1,1
580661,1,1
580761,1,1
580861,1,1
580961,1,1
581061,1,1
581161,1,1
581284,0,0
581384,0,0
581484,0,0
581584,0,0
581684,0,0
581784,0,0
581884,0,0
581984,0,0
582084,0,0
582184,0,0
582284,0,0
582385,0,0
582485,0,0
582585,0,0
582685,0,0
582785,0,0
582885,0,0
582985,0,0
583085,0,0
583185,0,0
583285,0,0
583385,0,0
583485,0,0
583585,0,0
583685,0,0
583785,0,0
583885,0,0
583985,0,0
584085,0,0
584185,0,0
584285,0,0
584385,0,0
584485,0,0
584585,0,0
584685,0,0
584785,0,0
584885,0,0
584985,0,0
585085,0,0
585185,0,0
585285,0,0
585385,0,0
585485,0,0
585585,0,0
585685,0,0
585785,0,0
585885,0,0
585985,0,0
586085,0,0
586185,0,0
586285,0,0
586385,0,0
586485,0,0
586585,0,0
586685,0,0
586785,0,0
586885,0,0
586985,0,0
587085,0,0
587185,0,0
587285,0,0
587385,0,0
587485,0,0
587585,0,0
587685,0,0
587785,0,0
587885,0,0
587985,0,0
588085,0,0
588185,0,0
588285,0,0
588385,0,0
588485,0,0
588585,0,0
588685,0,0
588785,0,0
588885,0,0
588985,0,0
589085,0,0
589185,0,0
589285,0,0
589385,0,0
589485,0,0
589585,0,0
589685,0,0
589785,0,0
589885,0,0
589985,0,0
590085,0,0
590185,0,0
590285,0,0
590385,0,0
590485,0,0
590585,0,0
590685,0,0
590785,0,0
590885,0,0
590985,0,0
591085,0,0
591185,0,0
591285,0,0
591385,0,0
591485,0,0
591585,0,0
591685,0,0
591785,0,0
591885,0,0
591985,0,0
592085,0,0
592185,0,0
592285,0,0
592385,0,0
592485,0,0
592585,0,0
592685,0,0
592785,0,0
592885,0,0
592985,0,0
593085,0,0
593185,0,0
593285,0,0
593385,0,0
593485,0,0
593585,0,0
593685,0,0
593785,0,0
593885,0,0
593985,0,0
594085,0,0
594185,0,0
594285,0,0
594385,0,0
594485,0,0
594585,0,0
594685,0,0
594785,0,0
594885,0,0
594985,0,0
595085,0,0
595185,0,0
595285,0,0
595385,0,0
595485,0,0
595585,0,0
595685,0,0
595785,0,0
595885,0,0
595985,0,0
596085,0,0
596185,0,0
596285,0,0
596385,0,0
596485,0,0
596585,0,0
596685,0,0
596785,0,0
596885,0,0
596985,0,0
597085,0,0
597185,0,0
597285,0,0
597385,0,0
597485,0,0
597585,0,0
597685,0,0
597785,0,0
597885,0,0
597985,0,0
598085,0,0
598185,0,0
598285,0,0
598385,0,0
598485,0,0
598585,0,0
598685,0,0
598785,0,0
598885,0,0
598985,0,0
599085,0,0
599185,0,0
599285,0,0
599385,0,0
599485,0,0
599585,0,0
599685,0,0
599785,0,0
599885,0,0
599985,0,0
600085,0,0
600185,0,0
600285,0,0
600385,0,0
600485,0,0
600585,0,0
600685,0,0
600794,0,0
600894,0,0
600994,0,0
601094,0,0
601194,0,0
601294,0,0
601394,0,0
601494,0,0
601594,0,0
601694,0,0
601794,0,0
601894,0,0
601994,0,0
602094,0,0
602194,0,0
602294,0,0
602394,0,0
602494,0,0
602594,0,0
602695,0,0
602795,0,0
602895,0,0
602995,0,0
603095,0,0
603195,0,0
603295,0,0
603395,0,0
603495,0,0
603595,0,0
603695,0,0
603795,0,0
603895,0,0
603995,0,0
604095,0,0
604195,0,0
604295,0,0
604395,0,0
604495,0,0
604595,0,0
604695,0,0
604795,0,0
604895,0,0
604995,0,0
605095,0,0
605195,0,0
605295,0,0
605395,0,0
605495,0,0
605596,0,0
605696,0,0
605796,0,0
605896,0,0
605996,0,0
606096,0,0
606196,0,0
606296,0,0
606396,0,0
606496,0,0
606596,0,0
606696,0,0
606796,0,0
606896,0,0
606996,0,0
607096,0,0
607196,0,0
607296,0,0
607396,0,0
607496,0,0
607596,0,0
607696,0,0
607796,0,0
607896,0,0
607996,0,0
608096,0,0
608196,0,0
608296,0,0
608396,0,0
608497,0,0
608597,0,0
608697,0,0
608797,0,0
608897,0,0
608997,0,0
609097,0,0
609197,0,0
609297,0,0
609397,0,0
609497,0,0
609597,0,0
609697,0,0
609797,0,0
609897,0,0
609997,0,0
610097,0,0
610197,0,0
610297,0,0
610397,0,0
610497,0,0
610597,0,0
610697,0,0
610797,0,0
610897,0,0
610997,0,0
611097,0,0
611197,0,0
611297,0,0
611397,0,0
611497,0,0
611597,0,0
611697,0,0
