p:4000,20000,6000,600,8000,4000,2000,8000,70
15064,0,0
15164,0,0
15264,0,0
15364,0,0
15464,0,0
15564,0,0
15664,0,0
15764,0,0
15864,0,0
15964,0,0
16064,0,0
16164,0,0
16264,0,0
16364,0,0
16464,0,0
16564,0,0
16664,0,0
16764,0,0
16864,0,0
16964,0,0
17064,0,0
17164,0,0
17264,0,0
17364,0,0
17464,0,0
17564,0,0
17664,0,0
17764,0,0
17864,0,0
17964,0,0
18064,0,0
18164,0,0
18264,0,0
18364,0,0
18464,0,0
18564,0,0
18664,0,0
18764,0,0
18864,0,0
18964,0,0
19063,0,0
19163,0,0
19263,0,0
19363,0,0
19463,0,0
19563,0,0
19663,0,0
19763,0,0
19863,0,0
19963,0,0
20063,0,0
20163,0,0
20263,0,0
20363,0,0
20463,0,0
20563,0,0
20663,0,0
20763,0,0
20863,0,0
20963,0,0
21063,0,0
21163,0,0
21263,0,0
21363,0,0
21463,0,0
21563,0,0
21663,0,0
21763,0,0
21863,0,0
21963,0,0
22063,0,0
22163,0,0
22263,0,0
22363,0,0
22463,0,0
22563,0,0
22663,0,0
22763,0,0
22863,0,0
22963,0,0
23064,0,0
23164,0,0
23264,0,0
23364,0,0
23464,0,0
23564,0,0
23664,0,0
23764,0,0
23864,0,0
23964,0,0
24064,0,0
24164,0,0
24264,0,0
24364,0,0
24464,0,0
24564,0,0
24664,0,0
24764,0,0
24864,0,0
24964,0,0
25064,0,0
25164,0,0
25264,0,0
25364,0,0
25464,0,0
25564,0,0
25664,0,0
25764,0,0
25864,0,0
25964,0,0
26064,0,0
26164,0,0
26264,0,0
26364,0,0
26464,0,0
26564,0,0
26664,0,0
26764,0,0
26864,0,0
26964,0,0
27064,0,0
27164,0,0
27264,0,0
27364,0,0
27464,0,0
27564,0,0
27664,0,0
27764,0,0
27864,0,0
27964,0,0
28064,0,0
28164,0,0
28264,0,0
28364,0,0
28464,0,0
28564,0,0
28664,0,0
28764,0,0
28864,0,0
28964,0,0
29064,0,0
29164,0,0
29264,0,0
29364,0,0
29464,0,0
29564,0,0
29664,0,0
29764,0,0
29864,0,0
29964,0,0
30064,0,0
30164,0,0
30264,0,0
30364,0,0
30464,0,0
30564,0,0
30664,0,0
30764,0,0
30864,0,0
30964,0,0
31064,0,0
31164,0,0
31264,0,0
31364,0,0
31464,0,0
31564,0,0
31664,0,0
31764,0,0
31864,0,0
31964,0,0
32064,0,0
32164,0,0
32264,0,0
32364,0,0
32464,0,0
32564,0,0
32664,0,0
32764,0,0
32864,0,0
32964,0,0
33064,0,0
33164,0,0
33264,0,0
33364,0,0
33464,0,0
33564,0,0
33664,0,0
33764,0,0
33864,0,0
33964,0,0
34064,0,0
34164,0,0
34264,0,0
34364,0,0
34464,0,0
34564,0,0
34664,0,0
34764,0,0
34864,0,0
34964,0,0
35063,0,0
35163,0,0
35263,0,0
35363,0,0
35463,0,0
35563,0,0
35663,0,0
35763,0,0
35863,0,0
35963,0,0
36063,0,0
36163,0,0
36263,0,0
36363,0,0
36463,0,0
36563,0,0
36663,0,0
36763,0,0
36863,0,0
36963,0,0
37063,0,0
37163,0,0
37263,0,0
37363,0,0
37463,0,0
37563,0,0
37663,0,0
37763,0,0
37863,0,0
37963,0,0
38063,0,0
38163,0,0
38263,0,0
38363,0,0
38463,0,0
38563,0,0
38663,0,0
38763,0,0
38863,0,0
38963,0,0
39062,0,0
39162,0,0
39262,0,0
39362,0,0
39462,0,0
39562,0,0
39662,0,0
39762,0,0
39862,0,0
39962,0,0
40062,0,0
40162,0,0
40262,0,0
40362,0,0
40462,0,0
40562,0,0
40662,0,0
40762,0,0
40862,0,0
40962,0,0
41062,0,0
41162,0,0
41262,0,0
41362,0,0
41462,0,0
41562,0,0
41662,0,0
41762,0,0
41862,0,0
41962,0,0
42062,0,0
42162,0,0
42262,0,0
42362,0,0
42462,0,0
42562,0,0
42662,0,0
42762,0,0
42862,0,0
42962,0,0
43061,0,0
43161,0,0
43261,0,0
43361,0,0
43461,0,0
43561,0,0
43661,0,0
43761,0,0
43861,0,0
43961,0,0
44061,0,0
44161,0,0
44261,0,0
44361,0,0
44461,0,0
44561,0,0
44661,0,0
44761,0,0
44861,0,0
44961,0,0
45061,0,0
45161,0,0
45261,0,0
45361,0,0
45461,0,0
45561,0,0
45661,0,0
45761,0,0
45861,0,0
45961,0,0
46061,0,0
46161,0,0
46261,0,0
46361,0,0
46461,0,0
46561,0,0
46661,0,0
46761,0,0
46861,0,0
46961,0,0
47063,0,0
47163,0,0
47263,0,0
47363,0,0
47463,0,0
47563,0,0
47663,0,0
47763,0,0
47863,0,0
47963,0,0
48063,0,0
48163,0,0
48263,0,0
48363,0,0
48463,0,0
48563,0,0
48663,0,0
48763,0,0
48863,0,0
48963,0,0
49063,0,0
49163,0,0
49263,0,0
49363,0,0
49463,0,0
49563,0,0
49663,0,0
49763,0,0
49863,0,0
49963,0,0
50063,0,0
50163,0,0
50263,0,0
50363,0,0
50463,0,0
50563,0,0
50663,0,0
50763,0,0
50863,0,0
50963,0,0
51063,0,0
51163,0,0
51263,0,0
51363,0,0
51463,0,0
51563,0,0
51663,0,0
51763,0,0
51863,0,0
51963,0,0
52063,0,0
52163,0,0
52263,0,0
52363,0,0
52463,0,0
52563,0,0
52663,0,0
52763,0,0
52863,0,0
52963,0,0
53063,0,0
53163,0,0
53263,0,0
53363,0,0
53463,0,0
53563,0,0
53663,0,0
53763,0,0
53863,0,0
53963,0,0
54063,0,0
54163,0,0
54263,0,0
54363,0,0
54463,0,0
54563,0,0
54663,0,0
54763,0,0
54863,0,0
54963,0,0
55063,0,0
55163,0,0
55263,0,0
55363,0,0
55463,0,0
55563,0,0
55663,0,0
55763,0,0
55863,0,0
55963,0,0
56063,0,0
56163,0,0
56263,0,0
56363,0,0
56463,0,0
56563,0,0
56663,0,0
56763,0,0
56863,0,0
56963,0,0
57063,0,0
57163,0,0
57263,0,0
57363,0,0
57463,0,0
57563,0,0
57663,0,0
57763,0,0
57863,0,0
57963,0,0
58063,0,0
58163,0,0
58263,0,0
58363,0,0
58463,0,0
58563,0,0
58663,0,0
58763,0,0
58863,0,0
58963,0,0
59063,0,0
59163,0,0
59263,0,0
59363,0,0
59463,0,0
59563,0,0
59663,0,0
59763,0,0
59863,0,0
59963,0,0
60063,0,0
60163,0,0
60263,0,0
60363,0,0
60463,0,0
60563,0,0
60663,0,0
60763,0,0
60863,0,0
60963,0,0
61063,0,0
61163,0,0
61263,0,0
61363,0,0
61463,0,0
61563,0,0
61663,0,0
61763,0,0
61863,0,0
61963,0,0
62063,0,0
62163,0,0
62263,0,0
62363,0,0
62463,0,0
62563,0,0
62663,0,0
62763,0,0
62863,0,0
62963,0,0
63063,0,0
63163,0,0
63263,0,0
63363,0,0
63463,0,0
63563,0,0
63663,0,0
63763,0,0
63863,0,0
63963,0,0
64063,0,0
64163,0,0
64263,0,0
64363,0,0
64463,0,0
64563,0,0
64663,0,0
64763,0,0
64863,0,0
64963,0,0
65063,0,0
65163,0,0
65263,0,0
65363,0,0
65463,0,0
65563,0,0
65663,0,0
65763,0,0
65863,0,0
65963,0,0
66063,0,0
66163,0,0
66263,0,0
66363,0,0
66463,0,0
66563,0,0
66663,0,0
66763,0,0
66863,0,0
66963,0,0
67063,0,0
67163,0,0
67263,0,0
67363,0,0
67463,0,0
67563,0,0
67663,0,0
67763,0,0
67863,0,0
67963,0,0
68063,0,0
68163,0,0
68263,0,0
68363,0,0
68463,0,0
68563,0,0
68663,0,0
68763,0,0
68863,0,0
68963,0,0
69063,0,0
69163,0,0
69263,0,0
69363,0,0
69463,0,0
69563,0,0
69663,0,0
69763,0,0
69863,0,0
69963,0,0
70063,0,0
70163,0,0
70263,0,0
70363,0,0
70463,0,0
70563,0,0
70663,0,0
70763,0,0
70863,0,0
70963,0,0
71063,0,0
71163,0,0
71263,0,0
71363,0,0
71463,0,0
71563,0,0
71663,0,0
71763,0,0
71863,0,0
71963,0,0
72063,0,0
72163,0,0
72263,0,0
72363,0,0
72463,0,0
72563,0,0
72663,0,0
72763,0,0
72863,0,0
72963,0,0
73063,0,0
73163,0,0
73263,0,0
73363,0,0
73463,0,0
73562,0,0
73662,1,1
73762,1,1
73862,1,1
73962,1,1
74062,1,1
74162,1,1
74262,1,1
74362,1,1
74462,1,1
74562,1,1
74662,1,1
74762,1,1
74862,1,1
74962,1,1
75062,1,1
75162,1,1
75262,1,1
75362,1,1
75462,1,1
75562,1,1
75662,1,1
75762,1,1
75862,1,1
75962,1,1
76062,1,1
76162,1,1
76262,1,1
76362,1,1
76462,1,1
76562,1,1
76662,1,1
76762,1,1
76862,1,1
76962,1,1
77062,1,1
77162,1,1
77262,1,1
77362,1,1
77462,1,1
77562,1,1
77662,1,1
77762,1,1
77862,1,1
77962,1,1
78062,1,1
78162,1,1
78262,1,1
78362,1,1
78462,1,1
78562,1,1
78662,1,1
78762,1,1
78862,1,1
78962,1,1
79062,1,1
79162,1,1
79262,1,1
79362,1,1
79462,1,1
79562,1,1
79662,1,1
79762,1,1
79862,1,1
79962,1,1
80062,1,1
80162,1,1
80262,1,1
80362,1,1
80462,1,1
80562,1,1
80662,1,1
80762,1,1
80862,1,1
80962,1,1
81062,1,1
81162,1,1
81262,1,1
81362,1,1
81462,1,1
81561,1,1
81661,1,1
81761,1,1
81861,1,1
81961,1,1
82061,1,1
82161,1,1
82261,1,1
82361,1,1
82461,1,1
82561,1,1
82661,1,1
82761,1,1
82861,1,1
82961,1,1
83061,1,1
83161,1,1
83261,1,1
83361,1,1
83461,1,1
83561,1,1
83661,1,1
83761,1,1
83861,1,1
83961,1,1
84061,1,1
84161,1,1
84261,1,1
84361,1,1
84461,1,1
84561,1,1
84661,1,1
84761,1,1
84861,1,1
84961,1,1
85061,1,1
85161,1,1
85261,1,1
85361,1,1
85461,1,1
85561,1,1
85661,1,1
85761,1,1
85861,1,1
85961,1,1
86061,1,1
86161,1,1
86261,1,1
86361,1,1
86461,1,1
86561,1,1
86661,1,1
86761,1,1
86861,1,1
86961,1,1
87061,1,1
87161,1,1
87261,1,1
87361,1,1
87461,1,1
87561,1,1
87661,1,1
87761,1,1
87861,1,1
87961,1,1
88061,1,1
88161,1,1
88261,1,1
88361,1,1
88461,1,1
88561,1,1
88661,1,1
88761,1,1
88861,1,1
88961,1,1
89061,1,1
89161,1,1
89261,1,1
89361,1,1
89461,1,1
89561,1,1
89650,1,1
89750,1,1
89850,1,1
89950,1,1
90050,1,1
90150,1,1
90250,1,1
90350,1,1
90450,1,1
90550,1,1
90650,1,1
90750,1,1
90850,1,1
90950,1,1
91050,1,1
91150,1,1
91250,1,1
91350,1,1
91450,1,1
91550,1,1
91650,1,1
91750,1,1
91850,1,1
91950,1,1
92050,1,1
92150,1,1
92250,1,1
92350,1,1
92450,1,1
92550,1,1
92650,1,1
92750,1,1
92850,1,1
92950,1,1
93050,1,1
93150,1,1
93250,1,1
93350,1,1
93450,1,1
93550,1,1
93650,1,1
93750,1,1
93850,1,1
93950,1,1
94050,1,1
94150,1,1
94250,1,1
94350,1,1
94450,1,1
94550,1,1
94650,1,1
94750,1,1
94850,1,1
94950,1,1
95050,1,1
95150,1,1
95250,1,1
95350,1,1
95450,1,1
95550,1,1
95650,1,1
95750,1,1
95850,1,1
95950,1,1
96050,1,1
96150,1,1
96250,1,1
96350,1,1
96450,1,1
96550,1,1
96650,1,1
96750,1,1
96850,1,1
96950,1,1
97050,1,1
97150,1,1
97250,1,1
97350,1,1
97450,1,1
97550,1,1
97650,1,1
97750,1,1
97850,1,1
97950,1,1
98050,1,1
98150,1,1
98250,1,1
98350,1,1
98450,1,1
98550,1,1
98650,1,1
98750,1,1
98850,1,1
98950,1,1
99050,1,1
99150,1,1
99250,1,1
99350,1,1
99450,1,1
99550,1,1
99650,1,1
99750,1,1
99850,1,1
99950,1,1
100050,1,1
100150,1,1
100250,1,1
100350,1,1
100450,1,1
100550,1,1
100650,1,1
100750,1,1
100850,1,1
100950,1,1
101050,1,1
101150,1,1
101250,1,1
101350,1,1
101450,1,1
101550,1,1
101650,1,1
101750,1,1
101849,1,1
101949,1,1
102049,1,1
102149,1,1
102249,1,1
102349,1,1
102449,1,1
102549,1,1
102649,1,1
102749,1,1
102849,1,1
102949,1,1
103049,1,1
103149,1,1
103249,1,1
103349,1,1
103449,1,1
103549,1,1
103649,1,1
103749,1,1
103849,1,1
103949,1,1
104049,1,1
104149,1,1
104249,1,1
104349,1,1
104449,1,1
104549,1,1
104649,1,1
104749,1,1
104849,1,1
104949,1,1
105049,1,1
105149,1,1
105249,1,1
105349,1,1
105449,1,1
105549,1,1
105649,1,1
105749,1,1
105861,1,1
105961,1,1
106061,1,1
106161,1,1
106261,1,1
106361,1,1
106461,1,1
106561,1,1
106661,1,1
106761,1,1
106861,1,1
106961,1,1
107061,1,1
107161,1,1
107261,1,1
107361,1,1
107461,1,1
107561,1,1
107661,1,1
107761,1,1
107861,1,1
107961,1,1
108061,1,1
108161,1,1
108261,1,1
108361,1,1
108461,1,1
108561,1,1
108661,1,1
108761,1,1
108861,1,1
108961,1,1
109061,1,1
109161,1,1
109261,1,1
109361,1,1
109461,1,1
109561,1,1
109661,1,1
109761,1,1
109859,1,1
109959,1,1
110059,1,1
110159,1,1
110259,1,1
110359,1,1
110459,1,1
110559,1,1
110659,1,1
110759,1,1
110859,1,1
110959,1,1
111059,1,1
111159,1,1
111259,1,1
111359,1,1
111459,1,1
111559,1,1
111659,1,1
111759,1,1
111859,1,1
111959,1,1
112059,1,1
112159,1,1
112259,1,1
112359,1,1
112459,1,1
112559,1,1
112659,1,1
112759,1,1
112859,1,1
112959,1,1
113059,1,1
113159,1,1
113259,1,1
113359,1,1
113459,1,1
113559,1,1
113659,1,1
113759,1,1
113859,1,1
113959,1,1
114059,1,1
114159,1,1
114259,1,1
114359,1,1
114459,1,1
114559,1,1
114659,1,1
114759,1,1
114859,1,1
114959,1,1
115059,1,1
115159,1,1
115259,1,1
115359,1,1
115459,1,1
115559,1,1
115659,1,1
115759,1,1
115859,1,1
115959,1,1
116059,1,1
116159,1,1
116259,1,1
116359,1,1
116459,1,1
116559,1,1
116659,1,1
116759,1,1
116859,1,1
116959,1,1
117059,1,1
117159,1,1
117259,1,1
117359,1,1
117459,1,1
117559,1,1
117668,0,0
117768,0,0
117868,0,0
117968,0,0
118068,0,0
118168,0,0
118268,0,0
118368,0,0
118468,0,0
118568,0,0
118668,0,0
118768,0,0
118868,0,0
118968,0,0
119069,0,0
119169,0,0
119269,0,0
119369,0,0
119469,0,0
119569,0,0
119669,0,0
119769,0,0
119869,0,0
119969,0,0
120069,0,0
120169,0,0
120269,0,0
120369,0,0
120469,0,0
120569,0,0
120669,0,0
120769,0,0
120869,0,0
120969,0,0
121069,0,0
121169,0,0
121269,0,0
121369,0,0
121469,0,0
121569,0,0
121669,0,0
121769,0,0
121869,0,0
121970,0,0
122070,0,0
122170,0,0
122270,0,0
122370,0,0
122470,0,0
122570,0,0
122670,0,0
122770,0,0
122870,0,0
122970,0,0
123070,0,0
123170,0,0
123270,0,0
123370,0,0
123470,0,0
123570,0,0
123670,0,0
123770,0,0
123870,0,0
123970,0,0
124070,0,0
124170,0,0
124270,0,0
124370,0,0
124470,0,0
124570,0,0
124670,0,0
124770,0,0
124871,0,0
124971,0,0
125071,0,0
125171,0,0
125271,0,0
125371,0,0
125471,0,0
125571,0,0
125671,0,0
125771,0,0
125871,0,0
125971,0,0
126071,0,0
126171,0,0
126271,0,0
126371,0,0
126471,0,0
126571,0,0
126671,0,0
126771,0,0
126871,0,0
126971,0,0
127071,0,0
127171,0,0
127271,0,0
127371,0,0
127471,0,0
127571,0,0
127671,0,0
127771,0,0
127871,0,0
127971,0,0
128071,0,0
128171,0,0
128271,0,0
128371,0,0
128471,0,0
128571,0,0
128671,0,0
128771,0,0
128871,0,0
128971,0,0
129071,0,0
129171,0,0
129271,0,0
129371,0,0
129471,0,0
129571,0,0
129671,0,0
129771,0,0
129870,0,0
129970,0,0
130070,0,0
130170,0,0
130270,0,0
130370,0,0
130470,0,0
130570,0,0
130670,0,0
130770,0,0
130870,0,0
130970,0,0
131070,0,0
131170,0,0
131270,0,0
131370,0,0
131470,0,0
131570,0,0
131670,0,0
131770,0,0
131870,0,0
131970,0,0
132070,0,0
132170,0,0
132270,0,0
132370,0,0
132470,0,0
132570,0,0
132670,0,0
132770,0,0
132870,0,0
132970,0,0
133070,0,0
133170,0,0
133270,0,0
133370,0,0
133470,0,0
133570,0,0
133670,0,0
133770,0,0
133872,0,0
133972,0,0
134072,0,0
134172,0,0
134272,0,0
134372,0,0
134472,0,0
134572,0,0
134672,0,0
134772,0,0
134872,0,0
134972,0,0
135072,0,0
135172,0,0
135272,0,0
135372,0,0
135472,0,0
135572,0,0
135672,0,0
135772,0,0
135872,0,0
135972,0,0
136072,0,0
136172,0,0
136272,0,0
136372,0,0
136472,0,0
136572,0,0
136672,0,0
136772,0,0
136872,0,0
136972,0,0
137072,0,0
137172,0,0
137272,0,0
137372,0,0
137472,0,0
137572,0,0
137673,0,0
137773,0,0
137873,0,0
137973,0,0
138073,0,0
138173,0,0
138273,0,0
138373,0,0
138473,0,0
138573,0,0
138673,0,0
138773,0,0
138873,0,0
138973,0,0
139073,0,0
139173,0,0
139273,0,0
139373,0,0
139473,0,0
139573,0,0
139673,0,0
139773,0,0
139873,0,0
139973,0,0
140073,0,0
140173,0,0
140273,0,0
140373,0,0
140473,0,0
140574,0,0
140674,0,0
140774,0,0
140874,0,0
140974,0,0
141074,0,0
141174,0,0
141274,0,0
141374,0,0
141474,0,0
141574,0,0
141679,0,0
141779,0,0
141877,0,0
141977,0,0
142077,0,0
142177,0,0
142278,0,0
142378,0,0
142478,0,0
142578,0,0
142678,0,0
142778,0,0
142878,0,0
142978,0,0
143078,0,0
143178,0,0
143278,0,0
143378,0,0
143478,0,0
143578,0,0
143678,0,0
143778,0,0
143878,0,0
143978,0,0
144078,0,0
144178,0,0
144278,0,0
144378,0,0
144478,0,0
144578,0,0
144678,0,0
144778,0,0
144878,0,0
144978,0,0
145078,0,0
145178,0,0
145278,0,0
145378,0,0
145478,0,0
145578,0,0
145682,0,0
145782,0,0
145882,0,0
145982,0,0
146082,0,0
146182,0,0
146282,0,0
146382,0,0
146482,0,0
146582,0,0
146682,0,0
146782,0,0
146882,0,0
146982,0,0
147082,0,0
147182,0,0
147282,0,0
147382,0,0
147482,0,0
147582,0,0
147682,0,0
147782,0,0
147882,0,0
147982,0,0
148082,0,0
148182,0,0
148282,0,0
148382,0,0
148482,0,0
148582,0,0
148682,0,0
148782,0,0
148882,0,0
148982,0,0
149082,0,0
149182,0,0
149282,0,0
149382,0,0
149482,0,0
149582,0,0
149682,0,0
149782,0,0
149882,0,0
149982,0,0
150082,0,0
150182,0,0
150282,0,0
150382,0,0
150482,0,0
150582,0,0
150682,0,0
150782,0,0
150882,0,0
150982,0,0
151082,0,0
151182,0,0
151282,0,0
151382,0,0
151482,0,0
151582,0,0
151682,0,0
151782,0,0
151882,0,0
151982,0,0
152082,0,0
152182,0,0
152282,0,0
152382,0,0
152482,0,0
152582,0,0
152682,0,0
152782,0,0
152882,0,0
152982,0,0
153082,0,0
153182,0,0
153282,0,0
153382,0,0
153482,0,0
153582,0,0
153682,0,0
153782,0,0
153883,0,0
153983,0,0
154083,0,0
154183,0,0
154283,0,0
154383,0,0
154483,0,0
154583,0,0
154683,0,0
154783,0,0
154883,0,0
154983,0,0
155083,0,0
155183,0,0
155283,0,0
155383,0,0
155483,0,0
155583,0,0
155683,0,0
155783,0,0
155883,0,0
155983,0,0
156083,0,0
156183,0,0
156283,0,0
156383,0,0
156483,0,0
156583,0,0
156683,0,0
156783,0,0
156883,0,0
156983,0,0
157083,0,0
157183,0,0
157283,0,0
157383,0,0
157483,0,0
157583,0,0
157683,0,0
157783,0,0
157883,0,0
157983,0,0
158083,0,0
158183,0,0
158283,0,0
158383,0,0
158483,0,0
158583,0,0
158683,0,0
158783,0,0
158883,0,0
158983,0,0
159083,0,0
159183,0,0
159283,0,0
159383,0,0
159483,0,0
159583,0,0
159683,0,0
159783,0,0
159883,0,0
159983,0,0
160083,0,0
160183,0,0
160283,0,0
160383,0,0
160483,0,0
160583,0,0
160683,0,0
160783,0,0
160883,0,0
160983,0,0
161083,0,0
161183,0,0
161283,0,0
161383,0,0
161483,0,0
161583,0,0
161683,0,0
161783,0,0
161882,0,0
161982,0,0
162082,0,0
162182,0,0
162282,0,0
162382,0,0
162482,0,0
162582,0,0
162682,0,0
162782,0,0
162882,0,0
162982,0,0
163082,0,0
163182,0,0
163282,0,0
163382,0,0
163482,0,0
163582,0,0
163682,0,0
163782,0,0
163882,0,0
163982,0,0
164082,0,0
164182,0,0
164282,0,0
164382,0,0
164482,0,0
164582,0,0
164682,0,0
164782,0,0
164882,0,0
164982,0,0
165082,0,0
165182,0,0
165282,0,0
165382,0,0
165482,0,0
165582,0,0
165682,0,0
165784,0,0
165883,0,0
165983,0,0
166083,0,0
166183,0,0
166283,0,0
166384,0,0
166484,0,0
166584,0,0
166684,0,0
166784,0,0
166884,0,0
166984,0,0
167084,0,0
167184,0,0
167284,0,0
167384,0,0
167484,0,0
167584,0,0
167684,0,0
167784,0,0
167884,0,0
167984,0,0
168084,0,0
168184,0,0
168284,0,0
168384,0,0
168484,0,0
168584,0,0
168684,0,0
168784,0,0
168884,0,0
168984,0,0
169084,0,0
169184,0,0
169285,0,0
169385,0,0
169485,0,0
169585,0,0
169685,0,0
169785,0,0
169885,0,0
169985,0,0
170085,0,0
170185,0,0
170285,0,0
170385,0,0
170485,0,0
170585,0,0
170685,0,0
170785,0,0
170885,0,0
170985,0,0
171085,0,0
171185,0,0
171285,0,0
171385,0,0
171485,0,0
171585,0,0
171685,0,0
171785,0,0
171885,0,0
171985,0,0
172085,0,0
172185,0,0
172285,0,0
172385,0,0
172485,0,0
172585,0,0
172685,0,0
172785,0,0
172885,0,0
172985,0,0
173085,0,0
173185,0,0
173285,0,0
173385,0,0
173485,0,0
173585,0,0
173685,0,0
173785,0,0
173885,0,0
173985,0,0
174085,0,0
174185,0,0
174285,0,0
174385,0,0
174485,0,0
174585,0,0
174685,0,0
174785,0,0
174885,0,0
174985,0,0
175085,0,0
175185,0,0
175285,0,0
175385,0,0
175485,0,0
175585,0,0
175685,0,0
175785,0,0
175885,0,0
175985,0,0
176085,0,0
176185,0,0
176285,0,0
176385,0,0
176485,0,0
176585,0,0
176685,0,0
176785,0,0
176885,0,0
176985,0,0
177085,0,0
177185,0,0
177285,0,0
177385,0,0
177485,0,0
177585,0,0
177685,0,0
177785,0,0
177885,0,0
177985,0,0
178085,0,0
178185,0,0
178285,0,0
178385,0,0
178485,0,0
178585,0,0
178685,0,0
178785,0,0
178885,0,0
178985,0,0
179085,0,0
179185,0,0
179285,0,0
179385,0,0
179485,0,0
179585,0,0
179685,0,0
179785,0,0
179885,0,0
179985,0,0
180085,0,0
180185,0,0
180285,0,0
180385,0,0
180485,0,0
180585,0,0
180685,0,0
180785,0,0
180885,0,0
180985,0,0
181085,0,0
181185,0,0
181285,0,0
181385,0,0
181485,0,0
181585,0,0
181685,0,0
181785,0,0
181885,0,0
181985,0,0
182085,0,0
182185,0,0
182285,0,0
182385,0,0
182485,0,0
182585,0,0
182685,0,0
182785,0,0
182885,0,0
182985,0,0
183085,0,0
183185,0,0
183285,0,0
183385,0,0
183485,0,0
183585,0,0
183685,0,0
183785,0,0
183885,0,0
183985,0,0
184085,0,0
184185,0,0
184285,0,0
184385,0,0
184485,0,0
184585,0,0
184685,0,0
184785,0,0
184885,0,0
184985,0,0
185085,0,0
185185,0,0
185285,0,0
185385,0,0
185485,0,0
185585,0,0
185685,0,0
185785,0,0
185885,0,0
185973,0,0
186073,0,0
186173,0,0
186273,0,0
186373,0,0
186473,0,0
186573,0,0
186673,0,0
186773,0,0
186873,0,0
186973,0,0
187073,0,0
187173,0,0
187273,0,0
187373,0,0
187473,0,0
187573,0,0
187673,0,0
187773,0,0
187873,0,0
187973,0,0
188073,0,0
188173,0,0
188273,0,0
188373,0,0
188473,0,0
188573,0,0
188673,0,0
188773,0,0
188873,0,0
188973,0,0
189073,0,0
189173,0,0
189273,0,0
189373,0,0
189473,0,0
189573,0,0
189673,0,0
189773,0,0
189876,0,0
189977,0,0
190077,0,0
190177,0,0
190277,0,0
190377,0,0
190477,0,0
190577,0,0
190677,0,0
190778,0,0
190878,0,0
190978,0,0
191078,0,0
191178,0,0
191278,0,0
191378,0,0
191478,0,0
191578,0,0
191678,0,0
191778,0,0
191878,0,0
191978,0,0
192078,0,0
192178,0,0
192278,0,0
192378,0,0
192478,0,0
192578,0,0
192678,0,0
192778,0,0
192878,0,0
192978,0,0
193078,0,0
193178,0,0
193278,0,0
193378,0,0
193478,0,0
193578,0,0
193678,0,0
193778,0,0
193878,0,0
193977,0,0
194077,0,0
194177,0,0
194277,0,0
194377,0,0
194477,0,0
194577,0,0
194677,0,0
194777,0,0
194877,0,0
194977,0,0
195077,0,0
195177,0,0
195277,0,0
195377,0,0
195477,0,0
195577,0,0
195677,0,0
195777,0,0
195877,0,0
195977,0,0
196077,0,0
196177,0,0
196277,0,0
196377,0,0
196477,0,0
196577,0,0
196677,0,0
196777,0,0
196877,0,0
196977,0,0
197077,0,0
197177,0,0
197277,0,0
197377,0,0
197477,0,0
197577,0,0
197677,0,0
197777,0,0
197880,0,0
197981,0,0
198081,0,0
198181,0,0
198281,0,0
198381,0,0
198481,0,0
198581,0,0
198681,0,0
198781,0,0
198881,0,0
198981,0,0
199081,0,0
199181,0,0
199281,0,0
199381,0,0
199482,0,0
199582,0,0
199682,0,0
199782,0,0
199882,0,0
199982,0,0
200082,0,0
200182,0,0
200282,0,0
200382,0,0
200482,0,0
200582,0,0
200682,0,0
200782,0,0
200882,0,0
200982,0,0
201082,0,0
201182,0,0
201282,0,0
201382,0,0
201482,0,0
201582,0,0
201682,0,0
201782,0,0
201882,0,0
201986,0,0
202086,0,0
202186,0,0
202286,0,0
202386,0,0
202486,0,0
202586,0,0
202686,0,0
202786,0,0
202886,0,0
202986,0,0
203086,0,0
203186,0,0
203286,0,0
203386,0,0
203486,0,0
203586,0,0
203686,0,0
203786,0,0
203886,0,0
203986,0,0
204086,0,0
204186,0,0
204286,0,0
204386,0,0
204486,0,0
204586,0,0
204686,0,0
204786,0,0
204886,0,0
204986,0,0
205086,0,0
205186,0,0
205286,0,0
205386,0,0
205486,0,0
205586,0,0
205686,0,0
205786,0,0
205886,0,0
205992,0,0
206092,0,0
206192,0,0
206292,0,0
206392,0,0
206492,0,0
206592,0,0
206692,0,0
206792,0,0
206892,0,0
206992,0,0
207092,0,0
207192,0,0
207292,0,0
207392,0,0
207492,0,0
207592,0,0
207692,0,0
207792,0,0
207892,0,0
207992,0,0
208092,0,0
208192,0,0
208292,0,0
208392,0,0
208492,0,0
208592,0,0
208692,0,0
208792,0,0
208892,0,0
208992,0,0
209092,0,0
209192,0,0
209292,0,0
209392,0,0
209492,0,0
209592,0,0
209692,0,0
209792,0,0
209892,0,0
209985,0,0
210085,0,0
210185,0,0
210285,0,0
210385,0,0
210485,0,0
210585,0,0
210685,0,0
210785,0,0
210885,0,0
210985,0,0
211085,0,0
211185,0,0
211285,0,0
211385,0,0
211485,0,0
211585,0,0
211685,0,0
211785,0,0
211885,0,0
211985,0,0
212085,0,0
212185,0,0
212285,0,0
212385,0,0
212485,0,0
212585,0,0
212685,0,0
212785,0,0
212885,0,0
212985,0,0
213085,0,0
213185,0,0
213285,0,0
213385,0,0
213485,0,0
213585,0,0
213685,0,0
213785,0,0
213885,0,0
213992,0,0
214092,0,0
214192,0,0
214292,0,0
214392,0,0
214492,0,0
214592,0,0
214692,0,0
214792,0,0
214892,0,0
214992,0,0
215092,0,0
215192,0,0
215292,0,0
215392,0,0
215492,0,0
215592,0,0
215692,0,0
215792,0,0
215892,0,0
215992,0,0
216092,0,0
216192,0,0
216292,0,0
216392,0,0
216492,0,0
216592,0,0
216692,0,0
216792,0,0
216892,0,0
216992,0,0
217092,0,0
217192,0,0
217292,0,0
217392,0,0
217492,0,0
217592,0,0
217692,0,0
217792,0,0
217892,0,0
217991,0,0
218091,0,0
218191,0,0
218291,0,0
218391,0,0
218491,0,0
218591,0,0
218691,0,0
218791,0,0
218891,0,0
218991,0,0
219091,0,0
219191,0,0
219291,0,0
219391,0,0
219491,0,0
219591,0,0
219691,0,0
219791,0,0
219891,0,0
219991,0,0
220091,0,0
220191,0,0
220291,0,0
220391,0,0
220491,0,0
220591,0,0
220691,0,0
220791,0,0
220891,0,0
220991,0,0
221091,0,0
221191,0,0
221291,0,0
221391,0,0
221491,0,0
221591,0,0
221691,0,0
221791,0,0
221891,0,0
221992,0,0
222092,0,0
222192,0,0
222292,0,0
222392,0,0
222492,0,0
222592,0,0
222692,0,0
222792,0,0
222892,0,0
222992,0,0
223092,0,0
223192,0,0
223292,0,0
223392,0,0
223492,0,0
223592,0,0
223692,0,0
223792,0,0
223892,0,0
223992,0,0
224092,0,0
224192,0,0
224292,0,0
224392,0,0
224492,0,0
224592,0,0
224692,0,0
224792,0,0
224892,0,0
224992,0,0
225092,0,0
225192,0,0
225292,0,0
225392,0,0
225492,0,0
225592,0,0
225692,0,0
225792,0,0
225892,0,0
225992,0,0
226092,0,0
226192,0,0
226292,0,0
226392,0,0
226492,0,0
226592,0,0
226692,0,0
226792,0,0
226892,0,0
226992,0,0
227092,0,0
227192,0,0
227292,0,0
227392,0,0
227492,0,0
227592,0,0
227692,0,0
227792,0,0
227892,0,0
227992,0,0
228092,0,0
228192,0,0
228292,0,0
228392,0,0
228492,0,0
228592,0,0
228692,0,0
228792,0,0
228892,0,0
228992,0,0
229092,0,0
229192,0,0
229292,0,0
229392,0,0
229492,0,0
229592,0,0
229692,0,0
229792,0,0
229892,0,0
229992,0,0
230092,0,0
230192,0,0
230292,0,0
230392,0,0
230492,0,0
230592,0,0
230692,0,0
230792,0,0
230892,0,0
230992,0,0
231092,0,0
231192,0,0
231292,0,0
231392,0,0
231492,0,0
231592,0,0
231692,0,0
231792,0,0
231892,0,0
231992,0,0
232092,0,0
232192,0,0
232292,0,0
232392,0,0
232492,0,0
232592,0,0
232692,0,0
232792,0,0
232892,0,0
232992,0,0
233092,0,0
233192,0,0
233292,0,0
233392,0,0
233492,0,0
233592,0,0
233692,0,0
233792,0,0
233892,0,0
233992,0,0
234092,0,0
234192,0,0
234292,0,0
234392,0,0
234492,0,0
234592,0,0
234692,0,0
234792,0,0
234892,0,0
234992,0,0
235092,0,0
235192,0,0
235292,0,0
235392,0,0
235492,0,0
235592,0,0
235692,0,0
235792,0,0
235892,0,0
235992,0,0
236092,0,0
236192,0,0
236292,0,0
236392,0,0
236492,0,0
236592,0,0
236692,0,0
236792,0,0
236892,0,0
236992,0,0
237092,0,0
237192,0,0
237292,0,0
237392,0,0
237492,0,0
237592,0,0
237692,0,0
237792,0,0
237892,0,0
237992,0,0
238092,0,0
238192,0,0
238292,0,0
238392,0,0
238492,0,0
238592,0,0
238692,0,0
238792,0,0
238892,0,0
238992,0,0
239092,0,0
239192,0,0
239292,0,0
239392,0,0
239492,0,0
239592,0,0
239692,0,0
239792,0,0
239892,0,0
239992,0,0
240092,0,0
240192,0,0
240292,0,0
240392,0,0
240492,0,0
240592,0,0
240692,0,0
240792,0,0
240892,0,0
240992,0,0
241092,0,0
241192,0,0
241292,0,0
241392,0,0
241492,0,0
241592,0,0
241692,0,0
241792,0,0
241892,0,0
241992,0,0
242092,0,0
242192,0,0
242292,0,0
242392,0,0
242492,0,0
242592,0,0
242734,0,0
242834,1,1
242934,1,1
243034,1,1
243134,1,1
243234,1,1
243334,1,1
243434,1,1
243534,1,1
243634,1,1
243734,1,1
243834,1,1
243934,1,1
244034,1,1
244134,1,1
244234,1,1
244335,1,1
244435,1,1
244535,1,1
244635,1,1
244735,1,1
244835,1,1
244935,1,1
245035,1,1
245135,1,1
245235,1,1
245335,1,1
245435,1,1
245535,1,1
245635,1,1
245735,1,1
245835,1,1
245935,1,1
246035,1,1
246135,1,1
246235,1,1
246335,1,1
246435,1,1
246535,1,1
246634,1,1
246736,1,1
246836,1,1
246937,1,1
247037,1,1
247137,1,1
247237,1,1
247337,1,1
247437,1,1
247537,1,1
247637,1,1
247737,1,1
247837,1,1
247937,1,1
248037,1,1
248137,1,1
248237,1,1
248337,1,1
248437,1,1
248537,1,1
248637,1,1
248737,1,1
248837,1,1
248937,1,1
249037,1,1
249137,1,1
249237,1,1
249337,1,1
249437,1,1
249537,1,1
249637,1,1
249737,1,1
249838,1,1
249938,1,1
250038,1,1
250138,1,1
250238,1,1
250338,1,1
250438,1,1
250538,1,1
250637,1,1
250737,1,1
250837,1,1
250937,1,1
251037,1,1
251137,1,1
251237,1,1
251337,1,1
251437,1,1
251537,1,1
251637,1,1
251737,1,1
251837,1,1
251937,1,1
252037,1,1
252137,1,1
252237,1,1
252337,1,1
252437,1,1
252537,1,1
252637,1,1
252738,1,1
252838,1,1
252938,1,1
253038,1,1
253138,1,1
253238,1,1
253338,1,1
253438,1,1
253538,1,1
253638,1,1
253738,1,1
253838,1,1
253938,1,1
254038,1,1
254138,1,1
254238,1,1
254338,1,1
254438,1,1
254538,1,1
254639,1,1
254746,1,1
254846,1,1
254946,1,1
255046,1,1
255146,1,1
255246,1,1
255346,1,1
255446,1,1
255546,1,1
255646,1,1
255746,1,1
255846,1,1
255946,1,1
256046,1,1
256146,1,1
256246,1,1
256346,1,1
256446,1,1
256546,1,1
256646,1,1
256746,1,1
256846,1,1
256946,1,1
257046,1,1
257146,1,1
257246,1,1
257347,1,1
257447,1,1
257547,1,1
257647,1,1
257747,1,1
257847,1,1
257947,1,1
258047,1,1
258147,1,1
258247,1,1
258347,1,1
258447,1,1
258547,1,1
258647,1,1
258749,1,1
258849,1,1
258949,1,1
259049,1,1
259149,1,1
259249,1,1
259349,1,1
259449,1,1
259549,1,1
259649,1,1
259749,1,1
259849,1,1
259950,1,1
260050,1,1
260150,1,1
260250,1,1
260350,1,1
260450,1,1
260550,1,1
260650,1,1
260750,1,1
260850,1,1
260950,1,1
261050,1,1
261150,1,1
261250,1,1
261350,1,1
261450,1,1
261550,1,1
261650,1,1
261750,1,1
261850,1,1
261950,1,1
262050,1,1
262150,1,1
262250,1,1
262350,1,1
262450,1,1
262550,1,1
262650,1,1
262756,1,1
262856,1,1
262956,1,1
263056,1,1
263156,1,1
263256,1,1
263356,1,1
263456,1,1
263556,1,1
263656,1,1
263756,1,1
263856,1,1
263956,1,1
264056,1,1
264156,1,1
264256,1,1
264356,1,1
264456,1,1
264556,1,1
264656,1,1
264756,1,1
264857,1,1
264957,1,1
265057,1,1
265157,1,1
265257,1,1
265357,1,1
265457,1,1
265557,1,1
265657,1,1
265757,1,1
265857,1,1
265957,1,1
266057,1,1
266157,1,1
266257,1,1
266357,1,1
266457,1,1
266557,1,1
266653,1,1
266753,1,1
266853,1,1
266953,1,1
267053,1,1
267153,1,1
267253,1,1
267353,1,1
267453,1,1
267553,1,1
267653,1,1
267754,1,1
267854,1,1
267954,1,1
268054,1,1
268154,1,1
268254,1,1
268354,1,1
268454,1,1
268554,1,1
268654,1,1
268754,1,1
268854,1,1
268954,1,1
269054,1,1
269154,1,1
269254,1,1
269354,1,1
269454,1,1
269554,1,1
269654,1,1
269754,1,1
269854,1,1
269954,1,1
270054,1,1
270154,1,1
270254,1,1
270354,1,1
270454,1,1
270554,1,1
270658,1,1
270776,1,1
270876,1,1
270976,1,1
271076,1,1
271176,1,1
271276,1,1
271376,1,1
271476,1,1
271576,1,1
271676,1,1
271776,1,1
271876,1,1
271976,1,1
272076,1,1
272176,1,1
272276,1,1
272376,1,1
272476,1,1
272576,1,1
272676,1,1
272776,1,1
272877,1,1
272977,1,1
273077,1,1
273177,1,1
273277,1,1
273377,1,1
273477,1,1
273577,1,1
273677,1,1
273777,1,1
273877,1,1
273977,1,1
274077,1,1
274177,1,1
274277,1,1
274377,1,1
274477,1,1
274577,1,1
274677,1,1
274777,1,1
274877,1,1
274977,1,1
275077,1,1
275177,1,1
275277,1,1
275377,1,1
275477,1,1
275577,1,1
275677,1,1
275778,1,1
275878,1,1
275978,1,1
276078,1,1
276178,1,1
276278,1,1
276378,1,1
276478,1,1
276578,1,1
276678,1,1
276778,1,1
276878,1,1
276978,1,1
277078,1,1
277178,1,1
277278,1,1
277378,1,1
277478,1,1
277578,1,1
277678,1,1
277778,1,1
277878,1,1
277978,1,1
278078,1,1
278178,1,1
278278,1,1
278378,1,1
278478,1,1
278578,1,1
278678,1,1
278778,1,1
278878,1,1
278978,1,1
279078,1,1
279178,1,1
279278,1,1
279378,1,1
279478,1,1
279578,1,1
279678,1,1
279778,1,1
279878,1,1
279978,1,1
280078,1,1
280178,1,1
280278,1,1
280378,1,1
280478,1,1
280578,1,1
280678,1,1
280778,1,1
280878,1,1
280978,1,1
281078,1,1
281178,1,1
281278,1,1
281378,1,1
281478,1,1
281578,1,1
281678,1,1
281778,1,1
281878,1,1
281978,1,1
282078,1,1
282178,1,1
282278,1,1
282378,1,1
282478,1,1
282578,1,1
282678,1,1
282778,1,1
282878,1,1
282978,1,1
283078,1,1
283178,1,1
283278,1,1
283378,1,1
283478,1,1
283578,1,1
283678,1,1
283778,1,1
283878,1,1
283978,1,1
284078,1,1
284178,1,1
284278,1,1
284378,1,1
284478,1,1
284578,1,1
284678,1,1
284778,1,1
284878,1,1
284978,1,1
285078,1,1
285178,1,1
285278,1,1
285378,1,1
285478,1,1
285578,1,1
285678,1,1
285778,1,1
285878,1,1
285978,1,1
286078,1,1
286178,1,1
286278,1,1
286378,1,1
286478,1,1
286578,1,1
286678,1,1
286796,0,0
286896,0,0
286996,0,0
287096,0,0
287196,0,0
287296,0,0
287396,0,0
287496,0,0
287597,0,0
287697,0,0
287797,0,0
287897,0,0
287997,0,0
288097,0,0
288197,0,0
288297,0,0
288397,0,0
288497,0,0
288597,0,0
288697,0,0
288797,0,0
288897,0,0
288997,0,0
289097,0,0
289197,0,0
289297,0,0
289397,0,0
289497,0,0
289597,0,0
289697,0,0
289797,0,0
289897,0,0
289997,0,0
290097,0,0
290197,0,0
290297,0,0
290397,0,0
290498,0,0
290598,0,0
290698,0,0
290798,0,0
290898,0,0
290998,0,0
291098,0,0
291198,0,0
291298,0,0
291398,0,0
291498,0,0
291598,0,0
291698,0,0
291798,0,0
291898,0,0
291998,0,0
292098,0,0
292198,0,0
292298,0,0
292398,0,0
292498,0,0
292598,0,0
292698,0,0
292798,0,0
292898,0,0
292998,0,0
293098,0,0
293198,0,0
293298,0,0
293398,0,0
293498,0,0
293598,0,0
293698,0,0
293798,0,0
293898,0,0
293998,0,0
294098,0,0
294198,0,0
294298,0,0
294398,0,0
294498,0,0
294598,0,0
294698,0,0
294798,0,0
294898,0,0
294998,0,0
295098,0,0
295198,0,0
295298,0,0
295398,0,0
295498,0,0
295598,0,0
295698,0,0
295798,0,0
295898,0,0
295998,0,0
296098,0,0
296198,0,0
296298,0,0
296398,0,0
296498,0,0
296598,0,0
296698,0,0
296798,0,0
296898,0,0
296998,0,0
297098,0,0
297198,0,0
297298,0,0
297398,0,0
297498,0,0
297598,0,0
297698,0,0
297798,0,0
297898,0,0
297998,0,0
298098,0,0
298198,0,0
298298,0,0
298398,0,0
298498,0,0
298598,0,0
298698,0,0
298798,0,0
298898,0,0
298998,0,0
299098,0,0
299198,0,0
299298,0,0
299396,0,0
299496,0,0
299596,0,0
299696,0,0
299796,0,0
299896,0,0
299996,0,0
300096,0,0
300196,0,0
300296,0,0
300396,0,0
300496,0,0
300596,0,0
300696,0,0
300796,0,0
300896,0,0
300996,0,0
301096,0,0
301196,0,0
301296,0,0
301396,0,0
301496,0,0
301596,0,0
301696,0,0
301796,0,0
301896,0,0
301996,0,0
302096,0,0
302196,0,0
302296,0,0
302396,0,0
302496,0,0
302596,0,0
302696,0,0
302796,0,0
302896,0,0
302996,0,0
303096,0,0
303196,0,0
303296,0,0
303397,0,0
303497,0,0
303597,0,0
303697,0,0
303797,0,0
303897,0,0
303997,0,0
304097,0,0
304197,0,0
304297,0,0
304397,0,0
304497,0,0
304597,0,0
304697,0,0
304797,0,0
304897,0,0
304997,0,0
305097,0,0
305197,0,0
305297,0,0
305397,0,0
305497,0,0
305597,0,0
305697,0,0
305797,0,0
305897,0,0
305997,0,0
306097,0,0
306197,0,0
306297,0,0
306397,0,0
306497,0,0
306597,0,0
306697,0,0
306797,0,0
306897,0,0
306997,0,0
307097,0,0
307197,0,0
307297,0,0
307397,0,0
307497,0,0
307597,0,0
307697,0,0
307797,0,0
307897,0,0
307997,0,0
308097,0,0
308197,0,0
308297,0,0
308397,0,0
308497,0,0
308597,0,0
308697,0,0
308797,0,0
308897,0,0
308997,0,0
309097,0,0
309197,0,0
309297,0,0
309397,0,0
309497,0,0
309597,0,0
309697,0,0
309797,0,0
309897,0,0
309997,0,0
310097,0,0
310197,0,0
310297,0,0
310397,0,0
310497,0,0
310597,0,0
310697,0,0
310797,0,0
310897,0,0
310997,0,0
311097,0,0
311197,0,0
311297,0,0
311396,0,0
311496,0,0
311596,0,0
311696,0,0
311796,0,0
311896,0,0
311996,0,0
312096,0,0
312196,0,0
312296,0,0
312396,0,0
312496,0,0
312596,0,0
312696,0,0
312796,0,0
312896,0,0
312996,0,0
313096,0,0
313196,0,0
313296,0,0
313396,0,0
313496,0,0
313596,0,0
313696,0,0
313796,0,0
313896,0,0
313996,0,0
314096,0,0
314196,0,0
314296,0,0
314396,0,0
314496,0,0
314596,0,0
314696,0,0
314796,0,0
314896,0,0
314996,0,0
315096,0,0
315196,0,0
315296,0,0
315396,0,0
315496,0,0
315596,0,0
315696,0,0
315796,0,0
315896,0,0
315996,0,0
316096,0,0
316196,0,0
316296,0,0
316396,0,0
316496,0,0
316596,0,0
316696,0,0
316796,0,0
316896,0,0
316996,0,0
317096,0,0
317196,0,0
317296,0,0
317396,0,0
317496,0,0
317596,0,0
317696,0,0
317796,0,0
317896,0,0
317996,0,0
318096,0,0
318196,0,0
318296,0,0
318396,0,0
318496,0,0
318596,0,0
318696,0,0
318796,0,0
318896,0,0
318996,0,0
319096,0,0
319196,0,0
319296,0,0
319395,0,0
319495,0,0
319595,0,0
319695,0,0
319795,0,0
319895,0,0
319995,0,0
320095,0,0
320195,0,0
320295,0,0
320395,0,0
320495,0,0
320595,0,0
320695,0,0
320795,0,0
320895,0,0
320995,0,0
321095,0,0
321195,0,0
321295,0,0
321395,0,0
321495,0,0
321595,0,0
321695,0,0
321795,0,0
321895,0,0
321995,0,0
322095,0,0
322195,0,0
322295,0,0
322395,0,0
322495,0,0
322595,0,0
322695,0,0
322795,0,0
322895,0,0
322995,0,0
323095,0,0
323195,0,0
323295,0,0
323396,0,0
323496,0,0
323596,0,0
323696,0,0
323796,0,0
323896,0,0
323996,0,0
324096,0,0
324196,0,0
324296,0,0
324396,0,0
324496,0,0
324596,0,0
324696,0,0
324796,0,0
324896,0,0
324996,0,0
325096,0,0
325196,0,0
325296,0,0
325396,0,0
325496,0,0
325596,0,0
325696,0,0
325796,0,0
325896,0,0
325996,0,0
326096,0,0
326196,0,0
326296,0,0
326396,0,0
326496,0,0
326596,0,0
326696,0,0
326796,0,0
326896,0,0
326996,0,0
327096,0,0
327196,0,0
327296,0,0
327396,0,0
327496,0,0
327600,0,0
327700,0,0
327800,0,0
327900,0,0
328000,0,0
328100,0,0
328200,0,0
328300,0,0
328400,0,0
328500,0,0
328600,0,0
328700,0,0
328800,0,0
328900,0,0
329000,0,0
329100,0,0
329200,0,0
329300,0,0
329400,0,0
329500,0,0
329600,0,0
329700,0,0
329800,0,0
329900,0,0
330000,0,0
330100,0,0
330200,0,0
330300,0,0
330400,0,0
330500,0,0
330600,0,0
330700,0,0
330800,0,0
330900,0,0
331000,0,0
331100,0,0
331200,0,0
331300,0,0
331400,0,0
331500,0,0
331614,0,0
331714,0,0
331814,0,0
331914,0,0
332014,0,0
332114,0,0
332214,0,0
332314,0,0
332414,0,0
332514,0,0
332614,0,0
332714,0,0
332814,0,0
332914,0,0
333014,0,0
333114,0,0
333214,0,0
333314,0,0
333414,0,0
333514,0,0
333614,0,0
333714,0,0
333814,0,0
333914,0,0
334014,0,0
334114,0,0
334214,0,0
334315,0,0
334415,0,0
334515,0,0
334615,0,0
334715,0,0
334815,0,0
334915,0,0
335015,0,0
335115,0,0
335215,0,0
335315,0,0
335415,0,0
335514,0,0
335620,0,0
335720,0,0
335820,0,0
335920,0,0
336021,0,0
336121,0,0
336221,0,0
336321,0,0
336421,0,0
336521,0,0
336621,0,0
336721,0,0
336821,0,0
336921,0,0
337021,0,0
337121,0,0
337221,0,0
337321,0,0
337421,0,0
337521,0,0
337621,0,0
337721,0,0
337821,0,0
337921,0,0
338021,0,0
338121,0,0
338221,0,0
338321,0,0
338421,0,0
338521,0,0
338621,0,0
338721,0,0
338821,0,0
338922,0,0
339022,0,0
339122,0,0
339222,0,0
339322,0,0
339422,0,0
339522,0,0
339622,0,0
339722,0,0
339822,0,0
339922,0,0
340022,0,0
340122,0,0
340222,0,0
340322,0,0
340422,0,0
340522,0,0
340622,0,0
340722,0,0
340822,0,0
340922,0,0
341022,0,0
341122,0,0
341222,0,0
341322,0,0
341422,0,0
341522,0,0
341622,0,0
341722,0,0
341823,0,0
341923,0,0
342023,0,0
342123,0,0
342223,0,0
342323,0,0
342423,0,0
342523,0,0
342623,0,0
342723,0,0
342823,0,0
342923,0,0
343023,0,0
343123,0,0
343223,0,0
343323,0,0
343423,0,0
343523,0,0
343623,0,0
343723,0,0
343823,0,0
343923,0,0
344023,0,0
344123,0,0
344223,0,0
344323,0,0
344423,0,0
344523,0,0
344623,0,0
344723,0,0
344823,0,0
344923,0,0
345023,0,0
345123,0,0
345223,0,0
345323,0,0
345423,0,0
345523,0,0
345623,0,0
345723,0,0
345823,0,0
345923,0,0
346023,0,0
346123,0,0
346223,0,0
346323,0,0
346423,0,0
346523,0,0
346623,0,0
346723,0,0
346823,0,0
346923,0,0
347023,0,0
347123,0,0
347223,0,0
347323,0,0
347423,0,0
347523,0,0
347623,0,0
347723,0,0
347823,0,0
347923,0,0
348023,0,0
348123,0,0
348223,0,0
348323,0,0
348423,0,0
348523,0,0
348623,0,0
348723,0,0
348823,0,0
348923,0,0
349023,0,0
349123,0,0
349223,0,0
349323,0,0
349423,0,0
349523,0,0
349623,0,0
349723,0,0
349823,0,0
349923,0,0
350023,0,0
350123,0,0
350223,0,0
350323,0,0
350423,0,0
350523,0,0
350623,0,0
350723,0,0
350823,0,0
350923,0,0
351023,0,0
351123,0,0
351223,0,0
351323,0,0
351423,0,0
351523,0,0
351623,0,0
351723,0,0
351823,0,0
351923,0,0
352023,0,0
352123,0,0
352223,0,0
352323,0,0
352423,0,0
352523,0,0
352623,0,0
352723,0,0
352823,0,0
352923,0,0
353023,0,0
353123,0,0
353223,0,0
353323,0,0
353423,0,0
353523,0,0
353623,0,0
353723,0,0
353823,0,0
353923,0,0
354023,0,0
354123,0,0
354223,0,0
354323,0,0
354423,0,0
354523,0,0
354623,0,0
354723,0,0
354823,0,0
354923,0,0
355023,0,0
355123,0,0
355223,0,0
355323,0,0
355423,0,0
355522,0,0
355622,0,0
355722,0,0
355822,0,0
355922,0,0
356022,0,0
356122,0,0
356222,0,0
356322,0,0
356422,0,0
356522,0,0
356622,0,0
356722,0,0
356822,0,0
356922,0,0
357022,0,0
357122,0,0
357222,0,0
357322,0,0
357422,0,0
357522,0,0
357622,0,0
357722,0,0
357822,0,0
357922,0,0
358022,0,0
358122,0,0
358222,0,0
358322,0,0
358422,0,0
358522,0,0
358622,0,0
358722,0,0
358822,0,0
358922,0,0
359022,0,0
359122,0,0
359222,0,0
359322,0,0
359422,0,0
359522,0,0
359622,0,0
359722,0,0
359822,0,0
359922,0,0
360022,0,0
360122,0,0
360222,0,0
360322,0,0
360422,0,0
360522,0,0
360622,0,0
360722,0,0
360822,0,0
360922,0,0
361022,0,0
361122,0,0
361222,0,0
361322,0,0
361422,0,0
361522,0,0
361622,0,0
361722,0,0
361822,0,0
361922,0,0
362022,0,0
362122,0,0
362222,0,0
362322,0,0
362422,0,0
362522,0,0
362622,0,0
362722,0,0
362822,0,0
362922,0,0
363022,0,0
363122,0,0
363222,0,0
363322,0,0
363422,0,0
363523,0,0
363623,0,0
363723,0,0
363823,0,0
363923,0,0
364023,0,0
364123,0,0
364223,0,0
364323,0,0
364423,0,0
364523,0,0
364623,0,0
364723,0,0
364823,0,0
364923,0,0
365023,0,0
365123,0,0
365223,0,0
365323,0,0
365423,0,0
365523,0,0
365623,0,0
365723,0,0
365823,0,0
365923,0,0
366023,0,0
366123,0,0
366223,0,0
366323,0,0
366423,0,0
366523,0,0
366623,0,0
366723,0,0
366823,0,0
366923,0,0
367023,0,0
367123,0,0
367223,0,0
367323,0,0
367423,0,0
367521,0,0
367621,0,0
367721,0,0
367821,0,0
367921,0,0
368021,0,0
368121,0,0
368221,0,0
368321,0,0
368421,0,0
368521,0,0
368621,0,0
368721,0,0
368821,0,0
368921,0,0
369021,0,0
369121,0,0
369221,0,0
369321,0,0
369421,0,0
369521,0,0
369621,0,0
369721,0,0
369821,0,0
369921,0,0
370021,0,0
370121,0,0
370221,0,0
370321,0,0
370421,0,0
370521,0,0
370621,0,0
370721,0,0
370821,0,0
370921,0,0
371021,0,0
371121,0,0
371221,0,0
371321,0,0
371421,0,0
371522,0,0
371622,0,0
371722,0,0
371822,0,0
371922,0,0
372022,0,0
372122,0,0
372222,0,0
372322,0,0
372422,0,0
372522,0,0
372622,0,0
372722,0,0
372822,0,0
372922,0,0
373022,0,0
373122,0,0
373222,0,0
373322,0,0
373422,0,0
373522,0,0
373622,0,0
373722,0,0
373822,0,0
373922,0,0
374022,0,0
374122,0,0
374222,0,0
374322,0,0
374422,0,0
374522,0,0
374622,0,0
374722,0,0
374822,0,0
374922,0,0
375022,0,0
375122,0,0
375222,0,0
375322,0,0
375422,0,0
375522,0,0
375622,0,0
375722,0,0
375822,0,0
375922,0,0
376022,0,0
376122,0,0
376222,0,0
376322,0,0
376422,0,0
376522,0,0
376622,0,0
376722,0,0
376822,0,0
376922,0,0
377022,0,0
377122,0,0
377222,0,0
377322,0,0
377422,0,0
377522,0,0
377622,0,0
377722,0,0
377822,0,0
377922,0,0
378022,0,0
378122,0,0
378222,0,0
378322,0,0
378422,0,0
378522,0,0
378622,0,0
378722,0,0
378822,0,0
378922,0,0
379022,0,0
379122,0,0
379222,0,0
379322,0,0
379422,0,0
379522,0,0
379622,0,0
379722,0,0
379822,0,0
379922,0,0
380022,0,0
380122,0,0
380222,0,0
380322,0,0
380422,0,0
380522,0,0
380622,0,0
380722,0,0
380822,0,0
380922,0,0
381022,0,0
381122,0,0
381222,0,0
381322,0,0
381422,0,0
381522,0,0
381622,0,0
381722,0,0
381822,0,0
381922,0,0
382022,0,0
382122,0,0
382222,0,0
382322,0,0
382422,0,0
382522,0,0
382622,0,0
382722,0,0
382822,0,0
382922,0,0
383022,0,0
383122,0,0
383222,0,0
383322,0,0
383422,0,0
383521,0,0
383621,0,0
383721,0,0
383821,0,0
383921,0,0
384021,0,0
384121,0,0
384221,0,0
384321,0,0
384421,0,0
384521,0,0
384621,0,0
384721,0,0
384821,0,0
384921,0,0
385021,0,0
385121,0,0
385221,0,0
385321,0,0
385421,0,0
385521,0,0
385621,0,0
385721,0,0
385821,0,0
385921,0,0
386021,0,0
386121,0,0
386221,0,0
386321,0,0
386421,0,0
386521,0,0
386621,0,0
386721,0,0
386821,0,0
386921,0,0
387021,0,0
387121,0,0
387221,0,0
387321,0,0
387421,0,0
387521,0,0
387621,0,0
387721,0,0
387821,0,0
387921,0,0
388021,0,0
388121,0,0
388221,0,0
388321,0,0
388421,0,0
388521,0,0
388621,0,0
388721,0,0
388821,0,0
388921,0,0
389021,0,0
389121,0,0
389221,0,0
389321,0,0
389421,0,0
389521,0,0
389621,0,0
389721,0,0
389821,0,0
389921,0,0
390021,0,0
390121,0,0
390221,0,0
390321,0,0
390421,0,0
390521,0,0
390621,0,0
390721,0,0
390821,0,0
390921,0,0
391021,0,0
391121,0,0
391221,0,0
391321,0,0
391421,0,0
391522,0,0
391622,0,0
391722,0,0
391822,0,0
391922,0,0
392022,0,0
392122,0,0
392222,0,0
392322,0,0
392422,0,0
392522,0,0
392622,0,0
392722,0,0
392822,0,0
392922,0,0
393022,0,0
393122,0,0
393222,0,0
393322,0,0
393422,0,0
393522,0,0
393622,0,0
393722,0,0
393822,0,0
393922,0,0
394022,0,0
394122,0,0
394222,0,0
394322,0,0
394422,0,0
394522,0,0
394622,0,0
394722,0,0
394822,0,0
394922,0,0
395022,0,0
395122,0,0
395222,0,0
395322,0,0
395422,0,0
395522,0,0
395622,0,0
395722,0,0
395822,0,0
395922,0,0
396022,0,0
396122,0,0
396222,0,0
396322,0,0
396422,0,0
396522,0,0
396622,0,0
396722,0,0
396822,0,0
396922,0,0
397022,0,0
397122,0,0
397222,0,0
397322,0,0
397422,0,0
397522,0,0
397622,0,0
397722,0,0
397822,0,0
397922,0,0
398022,0,0
398122,0,0
398222,0,0
398322,0,0
398422,0,0
398522,0,0
398622,0,0
398722,0,0
398822,0,0
398922,0,0
399022,0,0
399122,0,0
399222,0,0
399322,0,0
399422,0,0
399522,0,0
399622,0,0
399722,0,0
399822,0,0
399922,0,0
400022,0,0
400122,0,0
400222,0,0
400322,0,0
400422,0,0
400522,0,0
400622,0,0
400722,0,0
400822,0,0
400922,0,0
401022,0,0
401122,0,0
401222,0,0
401322,0,0
401422,0,0
401522,0,0
401622,0,0
401722,0,0
401822,0,0
401922,0,0
402022,0,0
402122,0,0
402222,0,0
402322,0,0
402422,0,0
402522,0,0
402622,0,0
402722,0,0
402822,0,0
402922,0,0
403022,0,0
403122,0,0
403222,0,0
403322,0,0
403422,0,0
403522,0,0
403622,0,0
403722,0,0
403822,0,0
403922,0,0
404022,0,0
404122,0,0
404222,0,0
404322,0,0
404422,0,0
404522,0,0
404622,0,0
404722,0,0
404822,0,0
404922,0,0
405022,0,0
405122,0,0
405222,0,0
405322,0,0
405422,0,0
405522,0,0
405622,0,0
405722,0,0
405822,0,0
405922,0,0
406022,0,0
406122,0,0
406222,0,0
406322,0,0
406422,0,0
406522,0,0
406622,0,0
406722,0,0
406822,0,0
406922,0,0
407022,0,0
407122,0,0
407222,0,0
407322,0,0
407422,0,0
407522,0,0
407622,0,0
407722,0,0
407822,0,0
407922,0,0
408022,0,0
408122,0,0
408222,0,0
408322,0,0
408422,0,0
408522,0,0
408622,0,0
408722,0,0
408822,0,0
408922,0,0
409022,0,0
409122,0,0
409222,0,0
409322,0,0
409422,0,0
409522,0,0
409622,0,0
409722,0,0
409822,0,0
409922,0,0
410022,0,0
410122,0,0
410222,0,0
410322,0,0
410422,0,0
410522,0,0
410622,0,0
410722,0,0
410822,0,0
410922,0,0
411022,0,0
411122,0,0
411222,0,0
411322,0,0
411422,0,0
411522,0,0
411622,0,0
411722,0,0
411822,0,0
411922,0,0
412022,0,0
412122,0,0
412222,0,0
412322,0,0
412422,0,0
412522,0,0
412622,0,0
412722,0,0
412822,0,0
412922,0,0
413022,0,0
413122,0,0
413222,0,0
413322,0,0
413422,0,0
413522,0,0
413622,0,0
413722,0,0
413822,0,0
413922,0,0
414022,0,0
414122,0,0
414222,0,0
414322,0,0
414422,0,0
414522,0,0
414622,0,0
414722,0,0
414822,0,0
414922,0,0
415022,0,0
415122,0,0
415222,0,0
415322,0,0
415422,0,0
415522,0,0
415622,0,0
415722,0,0
415820,0,0
415920,0,0
416020,0,0
416120,0,0
416220,0,0
416320,0,0
416420,0,0
416520,0,0
416620,0,0
416720,0,0
416820,0,0
416920,0,0
417020,0,0
417120,0,0
417220,0,0
417320,0,0
417420,0,0
417520,0,0
417620,0,0
417720,0,0
417820,0,0
417920,0,0
418020,0,0
418120,0,0
418220,0,0
418320,0,0
418420,0,0
418520,0,0
418620,0,0
418720,0,0
418820,0,0
418920,0,0
419020,0,0
419120,0,0
419220,0,0
419320,0,0
419420,0,0
419520,0,0
419620,0,0
419720,0,0
419824,0,0
419924,0,0
420024,0,0
420124,0,0
420224,0,0
420324,0,0
420424,0,0
420524,0,0
420624,0,0
420724,0,0
420824,0,0
420924,0,0
421024,0,0
421124,0,0
421224,0,0
421324,0,0
421424,0,0
421524,0,0
421624,0,0
421724,0,0
421824,0,0
421924,0,0
422024,0,0
422124,0,0
422224,0,0
422324,0,0
422424,0,0
422524,0,0
422624,0,0
422724,0,0
422824,0,0
422924,0,0
423024,0,0
423124,0,0
423224,0,0
423324,0,0
423424,0,0
423524,0,0
423624,0,0
423724,0,0
423821,0,0
423921,0,0
424021,0,0
424121,0,0
424221,0,0
424321,0,0
424421,0,0
424521,0,0
424621,0,0
424721,0,0
424821,0,0
424921,0,0
425021,0,0
425121,0,0
425221,0,0
425321,0,0
425421,0,0
425521,0,0
425621,0,0
425721,0,0
425821,0,0
425921,0,0
426021,0,0
426121,0,0
426221,0,0
426321,0,0
426421,0,0
426521,0,0
426621,0,0
426721,0,0
426821,0,0
426921,0,0
427021,0,0
427121,0,0
427221,0,0
427321,0,0
427421,0,0
427521,0,0
427621,0,0
427721,0,0
427821,0,0
427921,0,0
428021,0,0
428121,0,0
428221,0,0
428321,0,0
428421,0,0
428521,0,0
428621,0,0
428721,0,0
428821,0,0
428921,0,0
429021,0,0
429121,0,0
429221,0,0
429321,0,0
429421,0,0
429521,0,0
429621,0,0
429721,0,0
429821,0,0
429921,0,0
430021,0,0
430121,0,0
430221,0,0
430321,0,0
430421,0,0
430521,0,0
430621,0,0
430721,0,0
430821,0,0
430921,0,0
431021,0,0
431121,0,0
431221,0,0
431321,0,0
431421,0,0
431521,0,0
431621,0,0
431721,0,0
431821,0,0
431921,0,0
432021,0,0
432121,0,0
432221,0,0
432321,0,0
432421,0,0
432521,0,0
432621,0,0
432721,0,0
432821,0,0
432921,0,0
433021,0,0
433121,0,0
433221,0,0
433321,0,0
433421,0,0
433521,0,0
433621,0,0
433721,0,0
433821,0,0
433921,0,0
434021,0,0
434121,0,0
434221,0,0
434321,0,0
434421,0,0
434521,0,0
434621,0,0
434721,0,0
434821,0,0
434921,0,0
435021,0,0
435121,0,0
435221,0,0
435321,0,0
435421,0,0
435521,0,0
435621,0,0
435721,0,0
435815,0,0
435915,0,0
436015,0,0
436115,0,0
436215,0,0
436315,0,0
436415,0,0
436515,0,0
436615,0,0
436715,0,0
436815,0,0
436915,0,0
437015,0,0
437115,0,0
437215,0,0
437315,0,0
437415,0,0
437515,0,0
437615,0,0
437715,0,0
437815,0,0
437915,0,0
438015,0,0
438115,0,0
438215,0,0
438315,0,0
438415,0,0
438515,0,0
438615,0,0
438715,0,0
438815,0,0
438915,0,0
439015,0,0
439115,0,0
439215,0,0
439315,0,0
439415,0,0
439515,0,0
439615,0,0
439715,0,0
439809,0,0
439909,0,0
440009,0,0
440109,0,0
440209,0,0
440309,0,0
440409,0,0
440509,0,0
440609,0,0
440709,0,0
440809,0,0
440909,0,0
441009,0,0
441109,0,0
441209,0,0
441309,0,0
441409,0,0
441509,0,0
441609,0,0
441709,0,0
441809,0,0
441909,0,0
442009,0,0
442109,0,0
442209,0,0
442309,0,0
442409,0,0
442509,0,0
442609,0,0
442709,0,0
442809,0,0
442909,0,0
443009,0,0
443109,0,0
443209,0,0
443309,0,0
443409,0,0
443509,0,0
443609,0,0
443709,0,0
443821,0,0
443921,0,0
444021,0,0
444121,0,0
444221,0,0
444321,0,0
444421,0,0
444521,0,0
444621,0,0
444721,0,0
444821,0,0
444921,0,0
445021,0,0
445121,0,0
445221,0,0
445321,0,0
445421,0,0
445521,0,0
445621,0,0
445721,0,0
445821,0,0
445921,0,0
446021,0,0
446121,0,0
446221,0,0
446321,0,0
446421,0,0
446521,0,0
446621,0,0
446721,0,0
446821,0,0
446921,0,0
447021,0,0
447121,0,0
447221,0,0
447321,0,0
447421,0,0
447521,0,0
447621,0,0
447721,0,0
447821,0,0
447921,0,0
448021,0,0
448121,0,0
448221,0,0
448321,0,0
448421,0,0
448521,0,0
448621,0,0
448721,0,0
448821,0,0
448921,0,0
449021,0,0
449121,0,0
449221,0,0
449321,0,0
449421,0,0
449521,0,0
449621,0,0
449721,0,0
449821,0,0
449921,0,0
450021,0,0
450121,0,0
450221,0,0
450321,0,0
450421,0,0
450521,0,0
450621,0,0
450721,0,0
450821,0,0
450921,0,0
451021,0,0
451121,0,0
451221,0,0
451321,0,0
451421,0,0
451521,0,0
451621,0,0
451721,0,0
451824,0,0
451924,0,0
452024,0,0
452124,0,0
452224,0,0
452324,0,0
452424,0,0
452524,0,0
452624,0,0
452724,0,0
452824,0,0
452924,0,0
453024,0,0
453124,0,0
453224,0,0
453324,0,0
453424,0,0
453524,0,0
453624,0,0
453724,0,0
453824,0,0
453924,0,0
454024,0,0
454124,0,0
454224,0,0
454324,0,0
454424,0,0
454524,0,0
454624,0,0
454724,0,0
454824,0,0
454924,0,0
455024,0,0
455124,0,0
455224,0,0
455324,0,0
455424,0,0
455524,0,0
455624,0,0
455724,0,0
455822,0,0
455922,0,0
456022,0,0
456122,0,0
456222,0,0
456322,0,0
456422,0,0
456522,0,0
456622,0,0
456722,0,0
456822,0,0
456922,0,0
457022,0,0
457122,0,0
457222,0,0
457322,0,0
457422,0,0
457522,0,0
457622,0,0
457722,0,0
457822,0,0
457922,0,0
458022,0,0
458122,0,0
458222,0,0
458322,0,0
458422,0,0
458522,0,0
458622,0,0
458722,0,0
458822,0,0
458922,0,0
459022,0,0
459122,0,0
459222,0,0
459322,0,0
459422,0,0
459522,0,0
459622,0,0
459722,0,0
459822,0,0
459922,0,0
460022,0,0
460122,0,0
460222,0,0
460322,0,0
460422,0,0
460522,0,0
460622,0,0
460722,0,0
460822,0,0
460922,0,0
461022,0,0
461122,0,0
461222,0,0
461322,0,0
461422,0,0
461522,0,0
461622,0,0
461722,0,0
461822,0,0
461922,0,0
462022,0,0
462122,0,0
462222,0,0
462322,0,0
462422,0,0
462522,0,0
462622,0,0
462722,0,0
462822,0,0
462922,0,0
463022,0,0
463122,0,0
463222,0,0
463322,0,0
463422,0,0
463522,0,0
463622,0,0
463722,0,0
463822,0,0
463922,0,0
464022,0,0
464122,0,0
464222,0,0
464322,0,0
464422,0,0
464522,0,0
464622,0,0
464722,0,0
464822,0,0
464922,0,0
465022,0,0
465122,0,0
465222,0,0
465322,0,0
465422,0,0
465522,0,0
465622,0,0
465722,0,0
465822,0,0
465922,0,0
466022,0,0
466122,0,0
466222,0,0
466322,0,0
466422,0,0
466522,0,0
466622,0,0
466722,0,0
466822,0,0
466922,0,0
467022,0,0
467122,0,0
467222,0,0
467322,0,0
467422,0,0
467522,0,0
467622,0,0
467722,0,0
467822,0,0
467922,0,0
468022,0,0
468122,0,0
468222,0,0
468322,0,0
468422,0,0
468522,0,0
468622,0,0
468722,0,0
468822,0,0
468922,0,0
469022,0,0
469122,0,0
469222,0,0
469322,0,0
469422,0,0
469522,0,0
469622,0,0
469722,0,0
469822,0,0
469922,0,0
470022,0,0
470122,0,0
470222,0,0
470322,0,0
470422,0,0
470522,0,0
470622,0,0
470722,0,0
470822,0,0
470922,0,0
471022,0,0
471122,0,0
471222,0,0
471322,0,0
471422,0,0
471522,0,0
471622,0,0
471722,0,0
471823,0,0
471923,0,0
472023,0,0
472123,0,0
472223,0,0
472323,0,0
472423,0,0
472523,0,0
472623,0,0
472723,0,0
472823,0,0
472923,0,0
473023,0,0
473123,0,0
473223,0,0
473323,0,0
473423,0,0
473523,0,0
473623,0,0
473723,0,0
473823,0,0
473923,0,0
474023,0,0
474123,0,0
474223,0,0
474323,0,0
474423,0,0
474523,0,0
474623,0,0
474723,0,0
474823,0,0
474923,0,0
475023,0,0
475123,0,0
475223,0,0
475323,0,0
475423,0,0
475523,0,0
475623,0,0
475723,0,0
475823,0,0
475923,0,0
476023,0,0
476123,0,0
476223,0,0
476323,0,0
476423,0,0
476523,0,0
476623,0,0
476723,0,0
476823,0,0
476923,0,0
477023,0,0
477123,0,0
477223,0,0
477323,0,0
477423,0,0
477523,0,0
477623,0,0
477723,0,0
477823,0,0
477923,0,0
478023,0,0
478123,0,0
478223,0,0
478323,0,0
478423,0,0
478523,0,0
478623,0,0
478723,0,0
478823,0,0
478923,0,0
479023,0,0
479123,0,0
479223,0,0
479323,0,0
479423,0,0
479523,0,0
479623,0,0
479723,0,0
479823,0,0
479911,0,0
480011,0,0
480111,0,0
480211,0,0
480311,0,0
480411,0,0
480511,0,0
480611,0,0
480711,0,0
480811,0,0
480911,0,0
481011,0,0
481111,0,0
481211,0,0
481311,0,0
481411,0,0
481511,0,0
481611,0,0
481711,0,0
481811,0,0
481911,0,0
482011,0,0
482111,0,0
482211,0,0
482311,0,0
482411,0,0
482511,0,0
482611,0,0
482711,0,0
482811,0,0
482911,0,0
483011,0,0
483111,0,0
483211,0,0
483311,0,0
483411,0,0
483511,0,0
483611,0,0
483711,0,0
483811,0,0
483915,0,0
484015,0,0
484115,0,0
484215,0,0
484315,0,0
484415,0,0
484515,0,0
484615,0,0
484715,0,0
484815,0,0
484915,0,0
485015,0,0
485115,0,0
485215,0,0
485315,0,0
485415,0,0
485515,0,0
485615,0,0
485715,0,0
485815,0,0
485915,0,0
486015,0,0
486115,0,0
486215,0,0
486315,0,0
486415,0,0
486515,0,0
486615,0,0
486715,0,0
486815,0,0
486915,0,0
487015,0,0
487115,0,0
487215,0,0
487315,0,0
487415,0,0
487515,0,0
487615,0,0
487715,0,0
487815,0,0
487914,0,0
488014,0,0
488114,0,0
488214,0,0
488314,0,0
488414,0,0
488514,0,0
488614,0,0
488714,0,0
488814,0,0
488914,0,0
489014,0,0
489114,0,0
489214,0,0
489314,0,0
489414,0,0
489514,0,0
489614,0,0
489714,0,0
489814,0,0
489914,0,0
490014,0,0
490114,0,0
490214,0,0
490314,0,0
490414,0,0
490514,0,0
490614,0,0
490714,0,0
490814,0,0
490914,0,0
491014,0,0
491114,0,0
491214,0,0
491314,0,0
491414,0,0
491514,0,0
491614,0,0
491714,0,0
491814,0,0
491897,0,0
491997,0,0
492097,0,0
492197,0,0
492297,0,0
492397,0,0
492497,0,0
492597,0,0
492697,0,0
492797,0,0
492897,0,0
492997,0,0
493097,0,0
493197,0,0
493297,0,0
493397,0,0
493497,0,0
493597,0,0
493697,0,0
493797,0,0
493897,0,0
493997,0,0
494097,0,0
494197,0,0
494297,0,0
494397,0,0
494497,0,0
494597,0,0
494697,0,0
494797,0,0
494897,0,0
494997,0,0
495097,0,0
495197,0,0
495297,0,0
495397,0,0
495497,0,0
495597,0,0
495697,0,0
495797,0,0
495922,0,0
496022,0,0
496122,0,0
496222,0,0
496322,0,0
496422,0,0
496522,0,0
496622,0,0
496722,0,0
496822,0,0
496922,0,0
497022,0,0
497122,0,0
497222,0,0
497322,0,0
497422,0,0
497522,0,0
497622,0,0
497722,0,0
497822,0,0
497922,0,0
498022,0,0
498122,0,0
498222,0,0
498322,0,0
498422,0,0
498522,0,0
498622,0,0
498722,0,0
498822,0,0
498922,0,0
499022,0,0
499122,0,0
499222,0,0
499322,0,0
499422,0,0
499522,0,0
499622,0,0
499722,0,0
499822,0,0
499922,0,0
500022,0,0
500122,0,0
500222,0,0
500322,0,0
500422,0,0
500522,0,0
500622,0,0
500722,0,0
500822,0,0
500922,0,0
501022,0,0
501122,0,0
501222,0,0
501322,0,0
501422,0,0
501522,0,0
501622,0,0
501722,0,0
501822,0,0
501922,0,0
502022,0,0
502122,0,0
502222,0,0
502322,0,0
502422,0,0
502522,0,0
502622,0,0
502722,0,0
502822,0,0
502922,0,0
503022,0,0
503122,0,0
503222,0,0
503322,0,0
503422,0,0
503522,0,0
503622,0,0
503722,0,0
503822,0,0
503921,0,0
504021,0,0
504121,0,0
504221,0,0
504321,0,0
504421,0,0
504521,0,0
504621,0,0
504721,0,0
504821,0,0
504921,0,0
505021,0,0
505121,0,0
505221,0,0
505321,0,0
505421,0,0
505521,0,0
505621,0,0
505721,0,0
505821,0,0
505921,0,0
506021,0,0
506121,0,0
506221,0,0
506321,0,0
506421,0,0
506521,0,0
506621,0,0
506721,0,0
506821,0,0
506921,0,0
507021,0,0
507121,0,0
507221,0,0
507321,0,0
507421,0,0
507521,0,0
507621,0,0
507721,0,0
507821,0,0
507923,0,0
508023,0,0
508123,0,0
508223,0,0
508323,0,0
508423,0,0
508523,0,0
508623,0,0
508723,0,0
508823,0,0
508923,0,0
509023,0,0
509123,0,0
509223,0,0
509323,0,0
509423,0,0
509523,0,0
509623,0,0
509723,0,0
509823,0,0
509924,0,0
510024,0,0
510124,0,0
510224,0,0
510324,0,0
510424,0,0
510524,0,0
510624,0,0
510724,0,0
510824,0,0
510924,0,0
511024,0,0
511124,0,0
511224,0,0
511324,0,0
511424,0,0
511524,0,0
511624,0,0
511724,0,0
511824,0,0
511928,0,0
512028,0,0
512128,0,0
512228,0,0
512328,0,0
512428,0,0
512528,0,0
512628,0,0
512728,0,0
512828,0,0
512928,0,0
513028,0,0
513128,0,0
513228,0,0
513328,0,0
513428,0,0
513528,0,0
513628,0,0
513728,0,0
513828,0,0
513928,0,0
514028,0,0
514128,0,0
514228,0,0
514328,0,0
514428,0,0
514528,0,0
514628,0,0
514728,0,0
514828,0,0
514928,0,0
515028,0,0
515128,0,0
515228,0,0
515328,0,0
515428,0,0
515528,0,0
515628,0,0
515728,0,0
515828,0,0
515928,0,0
516028,0,0
516128,0,0
516228,0,0
516328,0,0
516428,0,0
516528,0,0
516628,0,0
516728,0,0
516828,0,0
516928,0,0
517028,0,0
517128,0,0
517228,0,0
517328,0,0
517428,0,0
517528,0,0
517628,0,0
517728,0,0
517828,0,0
517928,0,0
518028,0,0
518128,0,0
518228,0,0
518328,0,0
518428,0,0
518528,0,0
518628,0,0
518728,0,0
518828,0,0
518928,0,0
519028,0,0
519128,0,0
519228,0,0
519328,0,0
519428,0,0
519528,0,0
519628,0,0
519728,0,0
519828,0,0
519928,0,0
520028,0,0
520128,0,0
520228,0,0
520328,0,0
520428,0,0
520528,0,0
520628,0,0
520728,0,0
520828,0,0
520928,0,0
521028,0,0
521128,0,0
521228,0,0
521328,0,0
521428,0,0
521528,0,0
521628,0,0
521728,0,0
521828,0,0
521928,0,0
522028,0,0
522128,0,0
522228,0,0
522328,0,0
522428,0,0
522528,0,0
522628,0,0
522728,0,0
522828,0,0
522928,0,0
523028,0,0
523128,0,0
523228,0,0
523328,0,0
523428,0,0
523528,0,0
523628,0,0
523728,0,0
523828,0,0
523928,0,0
524028,0,0
524128,0,0
524228,0,0
524328,0,0
524428,0,0
524528,0,0
524628,0,0
524728,0,0
524828,0,0
524928,0,0
525028,0,0
525128,0,0
525228,0,0
525328,0,0
525428,0,0
525528,0,0
525628,0,0
525728,0,0
525828,0,0
525928,0,0
526028,0,0
526128,0,0
526228,0,0
526328,0,0
526428,0,0
526528,0,0
526628,0,0
526728,0,0
526828,0,0
526928,0,0
527028,0,0
527128,0,0
527228,0,0
527328,0,0
527428,0,0
527528,0,0
527628,0,0
527728,0,0
527828,0,0
527928,0,0
528028,0,0
528128,0,0
528228,0,0
528328,0,0
528428,0,0
528528,0,0
528628,0,0
528728,0,0
528828,0,0
528928,0,0
529028,0,0
529128,0,0
529228,0,0
529328,0,0
529428,0,0
529528,0,0
529628,0,0
529728,0,0
529828,0,0
529928,0,0
530028,0,0
530128,0,0
530228,0,0
530328,0,0
530428,0,0
530528,0,0
530628,0,0
530728,0,0
530828,0,0
530928,0,0
531028,0,0
531128,0,0
531228,0,0
531328,0,0
531428,0,0
531528,0,0
531628,0,0
531728,0,0
531828,0,0
531928,0,0
532028,0,0
532128,0,0
532228,0,0
532328,0,0
532428,0,0
532528,0,0
532628,0,0
532728,0,0
532828,0,0
532928,0,0
533028,0,0
533128,0,0
533228,0,0
533340,0,0
533440,0,0
533540,0,0
533640,0,0
533740,0,0
533840,0,0
533940,0,0
534040,0,0
534140,0,0
534240,0,0
534340,0,0
534440,0,0
534540,0,0
534640,0,0
534740,0,0
534841,0,0
534941,0,0
535041,0,0
535141,0,0
535241,0,0
535341,0,0
535441,0,0
535541,0,0
535641,0,0
535741,0,0
535841,0,0
535941,0,0
536041,0,0
536141,0,0
536241,0,0
536341,0,0
536441,0,0
536541,0,0
536641,0,0
536741,0,0
536841,0,0
536941,0,0
537041,0,0
537141,0,0
537241,0,0
537340,0,0
537440,0,0
537540,0,0
537640,0,0
537740,0,0
537840,0,0
537940,0,0
538040,0,0
538140,0,0
538240,0,0
538340,0,0
538440,0,0
538540,0,0
538640,0,0
538740,0,0
538840,0,0
538940,0,0
539040,0,0
539140,0,0
539240,0,0
539340,0,0
539440,0,0
539540,0,0
539640,0,0
539740,0,0
539840,0,0
539940,0,0
540040,0,0
540140,0,0
540240,0,0
540340,0,0
540440,0,0
540540,0,0
540640,0,0
540740,0,0
540840,0,0
540940,0,0
541040,0,0
541140,0,0
541240,0,0
541339,0,0
541439,0,0
541539,0,0
541639,0,0
541739,0,0
541839,0,0
541939,0,0
542039,0,0
542139,0,0
542239,0,0
542339,0,0
542439,0,0
542539,0,0
542639,0,0
542739,0,0
542839,0,0
542939,0,0
543039,0,0
543139,0,0
543239,0,0
543339,0,0
543439,0,0
543539,0,0
543639,0,0
543739,0,0
543839,0,0
543939,0,0
544039,0,0
544139,0,0
544239,0,0
544339,0,0
544439,0,0
544539,0,0
544639,0,0
544739,0,0
544839,0,0
544939,0,0
545039,0,0
545139,0,0
545239,0,0
545339,0,0
545439,0,0
545539,0,0
545639,0,0
545739,0,0
545839,0,0
545939,0,0
546039,0,0
546139,0,0
546239,0,0
546339,0,0
546439,0,0
546539,0,0
546639,0,0
546739,0,0
546839,0,0
546939,0,0
547039,0,0
547139,0,0
547239,0,0
547339,0,0
547439,0,0
547539,0,0
547639,0,0
547739,0,0
547839,0,0
547939,0,0
548039,0,0
548139,0,0
548239,0,0
548339,0,0
548439,0,0
548539,0,0
548639,0,0
548739,0,0
548839,0,0
548939,0,0
549039,0,0
549139,0,0
549239,0,0
549340,0,0
549440,0,0
549540,0,0
549640,0,0
549740,0,0
549840,0,0
549940,0,0
550040,0,0
550140,0,0
550240,0,0
550340,0,0
550440,0,0
550540,0,0
550640,0,0
550740,0,0
550840,0,0
550940,0,0
551040,0,0
551140,0,0
551240,0,0
551340,0,0
551440,0,0
551540,0,0
551640,0,0
551740,0,0
551840,0,0
551940,0,0
552040,0,0
552140,0,0
552240,0,0
552340,0,0
552440,0,0
552540,0,0
552640,0,0
552740,0,0
552840,0,0
552940,0,0
553040,0,0
553140,0,0
553240,0,0
553339,0,0
553439,0,0
553539,0,0
553639,0,0
553739,0,0
553839,0,0
553939,0,0
554039,0,0
554139,0,0
554239,0,0
554339,0,0
554439,0,0
554539,0,0
554639,0,0
554739,0,0
554839,0,0
554939,0,0
555039,0,0
555139,0,0
555239,0,0
555339,0,0
555439,0,0
555539,0,0
555639,0,0
555739,0,0
555839,0,0
555939,0,0
556039,0,0
556139,0,0
556239,0,0
556339,0,0
556439,0,0
556539,0,0
556639,0,0
556739,0,0
556839,0,0
556939,0,0
557039,0,0
557139,0,0
557239,0,0
557339,0,0
557439,0,0
557539,0,0
557639,0,0
557739,0,0
557839,0,0
557939,0,0
558039,0,0
558139,0,0
558239,0,0
558339,0,0
558439,0,0
558539,0,0
558639,0,0
558739,0,0
558839,0,0
558939,0,0
559039,0,0
559139,0,0
559239,0,0
559339,0,0
559439,0,0
559539,0,0
559639,0,0
559739,0,0
559839,0,0
559939,0,0
560039,0,0
560139,0,0
560239,0,0
560339,0,0
560439,0,0
560539,0,0
560639,0,0
560739,0,0
560839,0,0
560939,0,0
561039,0,0
561139,0,0
561239,0,0
561339,0,0
561439,0,0
561539,0,0
561639,0,0
561739,0,0
561839,0,0
561939,0,0
562039,0,0
562139,0,0
562239,0,0
562339,0,0
562439,0,0
562539,0,0
562639,0,0
562739,0,0
562839,0,0
562939,0,0
563039,0,0
563139,0,0
563239,0,0
563339,0,0
563439,0,0
563539,0,0
563639,0,0
563739,0,0
563839,0,0
563939,0,0
564039,0,0
564139,0,0
564239,0,0
564339,0,0
564439,0,0
564539,0,0
564639,0,0
564739,0,0
564839,0,0
564939,0,0
565039,0,0
565139,0,0
565239,0,0
565340,0,0
565440,0,0
565540,0,0
565640,0,0
565740,0,0
565840,0,0
565940,0,0
566040,0,0
566140,0,0
566240,0,0
566340,0,0
566440,0,0
566540,0,0
566640,0,0
566740,0,0
566840,0,0
566940,0,0
567040,0,0
567140,0,0
567240,0,0
567340,0,0
567440,0,0
567540,0,0
567640,0,0
567740,0,0
567840,0,0
567940,0,0
568040,0,0
568270,0,0
568370,0,0
568470,0,0
568570,0,0
568670,0,0
568770,0,0
568870,0,0
568970,0,0
569070,0,0
569170,0,0
569268,0,0
569368,0,0
569468,0,0
569569,0,0
569669,0,0
569769,0,0
569869,0,0
569969,0,0
570069,0,0
570169,0,0
570269,0,0
570369,0,0
570469,0,0
570569,0,0
570669,0,0
570769,0,0
570869,0,0
570969,0,0
571069,0,0
571169,0,0
571269,0,0
571369,0,0
571469,0,0
571569,0,0
571669,0,0
571769,0,0
571869,0,0
571969,0,0
572069,0,0
572169,0,0
572269,0,0
572369,0,0
572470,0,0
572570,0,0
572670,0,0
572770,0,0
572870,0,0
572970,0,0
573070,0,0
573170,0,0
573270,0,0
573370,0,0
573470,0,0
573570,0,0
573670,0,0
573770,0,0
573870,0,0
573970,0,0
574070,0,0
574170,0,0
574270,0,0
574370,0,0
574470,0,0
574570,0,0
574670,0,0
574770,0,0
574870,0,0
574970,0,0
575070,0,0
575170,0,0
575270,0,0
575370,0,0
575470,0,0
575570,0,0
575670,0,0
575770,0,0
575870,0,0
575970,0,0
576070,0,0
576170,0,0
576270,0,0
576370,0,0
576470,0,0
576570,0,0
576670,0,0
576770,0,0
576870,0,0
576970,0,0
577070,0,0
577170,0,0
577270,0,0
577370,0,0
577470,0,0
577570,0,0
577670,0,0
577770,0,0
577870,0,0
577970,0,0
578070,0,0
578170,0,0
578270,0,0
578370,0,0
578470,0,0
578570,0,0
578670,0,0
578770,0,0
578870,0,0
578970,0,0
579070,0,0
579170,0,0
579270,0,0
579370,0,0
579470,0,0
579570,0,0
579670,0,0
579770,0,0
579870,0,0
579970,0,0
580070,0,0
580170,0,0
580270,0,0
580370,0,0
580470,0,0
580570,0,0
580670,0,0
580770,0,0
580870,0,0
580970,0,0
581070,0,0
581170,0,0
581270,0,0
581370,0,0
581470,0,0
581570,0,0
581670,0,0
581770,0,0
581870,0,0
581970,0,0
582070,0,0
582170,0,0
582270,0,0
582370,0,0
582470,0,0
582570,0,0
582670,0,0
582770,0,0
582870,0,0
582970,0,0
583070,0,0
583170,0,0
583270,0,0
583370,0,0
583470,0,0
583570,0,0
583670,0,0
583770,0,0
583870,0,0
583970,0,0
584070,0,0
584170,0,0
584270,0,0
584370,0,0
584470,0,0
584570,0,0
584670,0,0
584770,0,0
584870,0,0
584970,0,0
585070,0,0
585170,0,0
585270,0,0
585370,0,0
585470,0,0
585570,0,0
585670,0,0
585770,0,0
585870,0,0
585970,0,0
586070,0,0
586170,0,0
586270,0,0
586370,0,0
586470,0,0
586570,0,0
586670,0,0
586770,0,0
586870,0,0
586970,0,0
587070,0,0
587170,0,0
587270,0,0
587370,0,0
587470,0,0
587570,0,0
587670,0,0
587770,0,0
587870,0,0
587970,0,0
588070,0,0
588170,0,0
588270,0,0
588370,0,0
588470,0,0
588570,0,0
588670,0,0
588770,0,0
588870,0,0
588970,0,0
589070,0,0
589170,0,0
589270,0,0
589370,0,0
589470,0,0
589570,0,0
589670,0,0
589770,0,0
589870,0,0
589970,0,0
590070,0,0
590170,0,0
590270,0,0
590370,0,0
590470,0,0
590570,0,0
590670,0,0
590770,0,0
590870,0,0
590970,0,0
591070,0,0
591170,0,0
591270,0,0
591370,0,0
591470,0,0
591570,0,0
591670,0,0
591770,0,0
591870,0,0
591970,0,0
592070,0,0
592170,0,0
592270,0,0
592370,0,0
592470,0,0
592570,0,0
592670,0,0
592770,0,0
592870,0,0
592970,0,0
593070,0,0
593170,0,0
593270,0,0
593370,0,0
593470,0,0
593570,0,0
593670,0,0
593770,0,0
593870,0,0
593970,0,0
594070,0,0
594170,0,0
594270,0,0
594370,0,0
594470,0,0
594570,0,0
594670,0,0
594770,0,0
594870,0,0
594970,0,0
595070,0,0
595170,0,0
595270,0,0
595370,0,0
595470,0,0
595570,0,0
595670,0,0
595770,0,0
595870,0,0
595970,0,0
596070,0,0
596170,0,0
596270,0,0
596370,0,0
596470,0,0
596570,0,0
596670,0,0
596770,0,0
596870,0,0
596970,0,0
597070,0,0
597170,0,0
597270,0,0
597370,0,0
597470,0,0
597570,0,0
597670,0,0
597770,0,0
597870,0,0
597970,0,0
598070,0,0
598170,0,0
598270,0,0
598370,0,0
598470,0,0
598570,0,0
598670,0,0
598770,0,0
598870,0,0
598970,0,0
599070,0,0
599170,0,0
599270,0,0
599370,0,0
599470,0,0
599570,0,0
599670,0,0
599770,0,0
599870,0,0
599970,0,0
600070,0,0
600170,0,0
600270,0,0
600370,0,0
600470,0,0
600570,0,0
600670,0,0
600770,0,0
600870,0,0
600970,0,0
601070,0,0
601170,0,0
601270,0,0
601370,0,0
601470,0,0
601570,0,0
601670,0,0
601770,0,0
601870,0,0
601970,0,0
602070,0,0
602170,0,0
602270,0,0
602370,0,0
602470,0,0
602570,0,0
602670,0,0
602770,0,0
602870,0,0
602970,0,0
