p:1000,20000,6000,600,2000,1000,2000,6000,100
1019,packet,1,0,0,0,36,8000
1033,event,0,0
1046,action,0,0
2020,packet,1,0,0,0,35,8000
2034,event,0,1
3021,packet,1,0,0,0,35,8000
3035,event,0,1
4021,packet,1,0,0,0,35,8000
4049,event,0,1
5023,packet,1,0,0,0,35,8000
5036,event,0,1
6023,packet,1,0,0,0,36,8000
6036,event,0,1
7023,packet,1,0,0,0,35,8000
7038,event,0,1
8024,packet,1,0,0,0,35,8000
8037,event,0,1
9023,packet,1,0,0,0,35,8000
9038,event,0,1
10024,packet,1,0,0,0,36,8000
10038,event,0,1
11024,packet,1,0,0,0,35,8000
11039,event,0,1
12024,packet,1,0,0,0,35,8000
12038,event,0,1
13025,packet,1,0,0,0,35,8000
13038,event,0,1
14026,packet,1,0,0,0,35,8000
14039,event,0,1
15025,packet,1,0,0,0,35,8000
15039,event,0,1
16025,packet,1,0,0,0,35,8000
16040,event,0,1
17026,packet,1,0,0,0,35,8000
17039,event,0,1
18026,packet,1,0,0,0,35,8000
18040,event,0,1
19031,packet,1,0,0,0,35,8000
19045,event,0,1
20027,packet,1,0,0,0,35,8000
20042,event,0,1
21028,packet,1,0,0,0,35,8000
21041,event,0,1
22028,packet,1,0,0,0,35,8000
22042,event,0,1
23028,packet,1,0,0,0,35,8000
23055,event,0,1
24028,packet,1,0,0,0,35,8000
24042,event,0,1
25028,packet,1,0,0,0,35,8000
25042,event,0,1
26029,packet,1,0,0,0,35,8000
26042,event,0,1
27029,packet,1,0,0,0,35,8000
27044,event,0,1
28029,packet,1,0,0,0,35,8000
28043,event,0,1
29029,packet,1,0,0,0,35,8000
29044,event,0,1
30030,packet,1,0,0,0,35,8000
30043,event,0,1
31030,packet,1,0,0,0,35,8000
31044,event,0,1
32030,packet,1,0,0,0,35,8000
32044,event,0,1
33042,packet,1,0,0,0,35,8000
33057,event,0,1
34030,packet,1,0,0,0,35,8000
34044,event,0,1
35031,packet,1,0,0,0,35,8000
35045,event,0,1
36044,packet,1,0,0,0,35,8000
36057,event,0,1
37031,packet,1,0,0,0,35,8000
37045,event,0,1
38035,packet,1,0,0,0,35,8000
38050,event,0,1
39043,packet,1,0,0,0,35,8000
39057,event,0,1
40043,packet,1,0,0,0,35,8000
40058,event,0,1
41044,packet,1,0,0,0,36,8000
41057,event,0,1
42044,packet,1,0,0,0,36,8000
42072,event,0,1
43044,packet,1,0,0,0,36,8000
43061,event,0,1
44044,packet,1,0,0,0,36,8000
44058,event,0,1
45044,packet,1,0,0,0,36,8000
45058,event,0,1
46045,packet,1,0,0,0,36,8000
46058,event,0,1
47045,packet,1,0,0,0,35,8000
47060,event,0,1
48045,packet,1,0,0,0,36,8000
48059,event,0,1
49046,packet,1,0,0,0,36,8000
49060,event,0,1
50046,packet,1,0,0,0,36,8000
50059,event,0,1
51046,packet,1,0,0,0,36,8000
51060,event,0,1
52046,packet,1,0,0,0,36,8000
52060,event,0,1
53046,packet,1,0,0,0,36,8000
53060,event,0,1
54047,packet,1,0,0,0,36,8000
54064,event,0,1
55047,packet,1,0,0,0,36,8000
55060,event,0,1
56047,packet,1,0,0,0,36,8000
56062,event,0,1
57051,packet,1,0,0,0,36,8000
57065,event,0,1
58047,packet,1,0,0,0,36,8000
58062,event,0,1
59048,packet,1,0,0,0,36,8000
59061,event,0,1
60048,packet,1,0,0,0,36,8000
60062,event,0,1
61048,packet,1,0,0,0,36,8000
61062,event,0,1
62048,packet,1,0,0,0,36,8000
62062,event,0,1
63050,packet,1,0,0,0,36,8000
63063,event,0,1
64049,packet,1,0,0,0,36,8000
64062,event,0,1
65049,packet,1,0,0,0,36,8000
65067,event,0,1
66049,packet,1,0,0,0,36,8000
66063,event,0,1
67049,packet,1,0,0,0,36,8000
67077,event,0,1
68062,packet,1,0,0,0,36,8000
68075,event,0,1
69050,packet,1,0,0,0,36,8000
69064,event,0,1
70050,packet,1,0,0,0,36,8000
70063,event,0,1
71051,packet,1,0,0,0,36,8000
71064,event,0,1
72052,packet,1,0,0,0,36,8000
72066,event,0,1
73051,packet,1,0,0,0,36,8000
73065,event,0,1
74051,packet,1,0,0,0,36,8000
74066,event,0,1
75052,packet,1,0,0,0,36,8000
75065,event,0,1
76056,packet,1,0,0,0,36,8000
76073,event,0,1
77052,packet,1,0,0,0,36,8000
77065,event,0,1
78052,packet,1,0,0,0,35,8000
78067,event,0,1
79054,packet,1,0,0,0,35,8000
79067,event,0,1
80054,packet,1,0,0,0,35,8000
80067,event,0,1
81055,packet,1,0,0,0,36,8000
81068,event,0,1
82054,packet,1,0,0,0,36,8000
82068,event,0,1
83055,packet,1,0,0,0,35,8000
83069,event,0,1
84055,packet,1,0,0,0,36,8000
84068,event,0,1
85055,packet,1,0,0,0,36,8000
85069,event,0,1
86056,packet,1,0,0,0,36,8000
86070,event,0,1
87057,packet,1,0,0,0,36,8000
87074,event,0,1
88058,packet,1,0,0,0,35,8000
88071,event,0,1
89057,packet,1,0,0,0,35,8000
89070,event,0,1
90058,packet,1,0,0,0,36,8000
90071,event,0,1
91071,packet,1,0,0,0,35,8000
91085,event,0,1
92058,packet,1,0,0,0,36,8000
92086,event,0,1
93058,packet,1,0,0,0,36,8000
93071,event,0,1
94058,packet,1,0,0,0,36,8000
94072,event,0,1
95062,packet,1,0,0,0,36,8000
95075,event,0,1
96059,packet,1,0,0,0,36,8000
96073,event,0,1
97060,packet,1,0,0,0,36,8000
97073,event,0,1
98059,packet,1,0,0,0,36,8000
98077,event,0,1
99060,packet,1,0,0,0,36,8000
99074,event,0,1
100060,packet,1,0,0,0,35,8000
100073,event,0,1
101060,packet,1,0,0,0,36,8000
101074,event,0,1
102060,packet,1,0,0,0,36,8000
102074,event,0,1
103060,packet,1,0,0,0,36,8000
103075,event,0,1
104065,packet,1,0,0,0,36,8000
104079,event,0,1
105060,packet,1,0,0,0,36,8000
105075,event,0,1
106062,packet,1,0,0,0,36,8000
106076,event,0,1
107061,packet,1,0,0,0,36,8000
107075,event,0,1
108062,packet,1,0,0,0,36,8000
108080,event,0,1
109062,packet,1,0,0,0,35,8000
109075,event,0,1
110062,packet,1,0,0,0,36,8000
110077,event,0,1
111076,packet,1,0,0,0,36,8000
111091,event,0,1
112062,packet,1,0,0,0,35,8000
112077,event,0,1
113067,packet,1,0,0,0,35,8000
113081,event,0,1
114063,packet,1,0,0,0,36,8000
114078,event,0,1
115064,packet,1,0,0,0,35,8000
115078,event,0,1
116063,packet,1,0,0,0,35,8000
116077,event,0,1
117064,packet,1,0,0,0,35,8000
117078,event,0,1
118064,packet,1,0,0,0,35,8000
118078,event,0,1
119064,packet,1,0,0,0,35,8000
119082,event,0,1
120065,packet,1,0,0,0,36,8000
120079,event,0,1
121064,packet,1,0,0,0,36,8000
121079,event,0,1
122069,packet,1,0,0,0,35,8000
122083,event,0,1
123065,packet,1,0,0,0,36,8000
123080,event,0,1
124066,packet,1,0,0,0,36,8000
124080,event,0,1
125065,packet,1,0,0,0,36,8000
125079,event,0,1
126066,packet,1,0,0,0,36,8000
126080,event,0,1
127066,packet,1,0,0,0,35,8000
127080,event,0,1
128080,packet,1,0,0,0,36,8000
128094,event,0,1
129067,packet,1,0,0,0,36,8000
129100,event,0,1
130066,packet,1,0,0,0,36,8000
130081,event,0,1
131073,packet,1,0,0,0,36,8000
131086,event,0,1
132074,packet,1,0,0,0,36,8000
132089,event,0,1
133075,packet,1,0,0,0,36,8000
133089,event,0,1
134074,packet,1,0,0,0,36,8000
134089,event,0,1
135076,packet,1,0,0,0,36,8000
135089,event,0,1
136075,packet,1,0,0,0,36,8000
136089,event,0,1
137076,packet,1,0,0,0,36,8000
137090,event,0,1
138076,packet,1,0,0,0,36,8000
138090,event,0,1
139076,packet,1,0,0,0,36,8000
139091,event,0,1
140082,packet,1,0,0,0,35,8000
140095,event,0,1
141077,packet,1,0,0,0,36,8000
141092,event,0,1
142078,packet,1,0,0,0,35,8000
142092,event,0,1
143077,packet,1,0,0,0,36,8000
143092,event,0,1
144079,packet,1,0,0,0,36,8000
144093,event,0,1
145078,packet,1,0,0,0,36,8000
145091,event,0,1
146079,packet,1,0,0,0,36,8000
146093,event,0,1
147079,packet,1,0,0,0,36,8000
147093,event,0,1
148093,packet,1,0,0,0,36,8000
148107,event,0,1
149084,packet,1,0,0,0,36,8000
149097,event,0,1
150079,packet,1,0,0,0,36,8000
150097,event,0,1
151083,packet,1,0,0,0,36,8000
151097,event,0,1
152083,packet,1,0,0,0,36,8000
152097,event,0,1
153084,packet,1,0,0,0,36,8000
153098,event,0,1
154083,packet,1,0,0,0,36,8000
154098,event,0,1
155084,packet,1,0,0,0,36,8000
155098,event,0,1
156084,packet,1,0,0,0,36,8000
156098,event,0,1
157085,packet,1,0,0,0,36,8000
157098,event,0,1
158089,packet,1,0,0,0,36,8000
158102,event,0,1
159084,packet,1,0,0,0,36,8000
159099,event,0,1
160085,packet,1,0,0,0,36,8000
160099,event,0,1
161085,packet,1,0,0,0,36,8000
161099,event,0,1
162086,packet,1,0,0,0,36,8000
162100,event,0,1
163085,packet,1,0,0,0,36,8000
163099,event,0,1
164086,packet,1,0,0,0,36,8000
164100,event,0,1
165087,packet,1,0,0,0,36,8000
165100,event,0,1
166086,packet,1,0,0,0,36,8000
166115,event,0,1
167091,packet,1,0,0,0,36,8000
167105,event,0,1
168101,packet,1,0,0,0,35,8000
168115,event,0,1
169087,packet,1,0,0,0,35,8000
169101,event,0,1
170087,packet,1,0,0,0,35,8000
170102,event,0,1
171088,packet,1,0,0,0,35,8000
171105,event,0,1
172088,packet,1,0,0,0,35,8000
172102,event,0,1
173088,packet,1,0,0,0,35,8000
173102,event,0,1
174089,packet,1,0,0,0,35,8000
174102,event,0,1
175088,packet,1,0,0,0,36,8000
175103,event,0,1
176093,packet,1,0,0,0,36,8000
176107,event,0,1
177088,packet,1,0,0,0,36,8000
177103,event,0,1
178090,packet,1,0,0,0,36,8000
178103,event,0,1
179089,packet,1,0,0,0,36,8000
179103,event,0,1
180090,packet,1,0,0,0,36,8000
180104,event,0,1
181090,packet,1,0,0,0,36,8000
181104,event,0,1
182090,packet,1,0,0,0,35,8000
182114,event,0,1
183091,packet,1,0,0,0,35,8000
183105,event,0,1
184090,packet,1,0,0,0,35,8000
184105,event,0,1
185095,packet,1,0,0,0,36,8000
185109,event,0,1
186090,packet,1,0,0,0,36,8000
186105,event,0,1
187092,packet,1,0,0,0,36,8000
187106,event,0,1
188106,packet,1,0,0,0,36,8000
188120,event,0,1
189092,packet,1,0,0,0,36,8000
189106,event,0,1
190092,packet,1,0,0,0,36,8000
190106,event,0,1
191092,packet,1,0,0,0,36,8000
191106,event,0,1
192093,packet,1,0,0,0,36,8000
192110,event,0,1
193092,packet,1,0,0,0,36,8000
193107,event,0,1
194097,packet,1,0,0,0,36,8000
194111,event,0,1
195092,packet,1,0,0,0,36,8000
195116,event,0,1
196094,packet,1,0,0,0,36,8000
196107,event,0,1
197094,packet,1,0,0,0,36,8000
197109,event,0,1
198094,packet,1,0,0,0,36,8000
198108,event,0,1
199094,packet,1,0,0,0,35,8000
199108,event,0,1
200094,packet,1,0,0,0,36,8000
200108,event,0,1
201095,packet,1,0,0,0,36,8000
201109,event,0,1
202094,packet,1,0,0,0,36,8000
202109,event,0,1
203099,packet,1,0,0,0,36,8000
203113,event,0,1
204096,packet,1,0,0,0,36,8000
204110,event,0,1
205109,packet,1,0,0,0,36,8000
205123,event,0,1
206096,packet,1,0,0,0,36,8000
206111,event,0,1
207096,packet,1,0,0,0,36,8000
207110,event,0,1
208105,packet,1,0,0,0,35,8000
208120,event,0,1
209105,packet,1,0,0,0,36,8000
209119,event,0,1
210105,packet,1,0,0,0,36,8000
210120,event,0,1
211105,packet,1,0,0,0,36,8000
211119,event,0,1
212109,packet,1,0,0,0,36,8000
212123,event,0,1
213106,packet,1,0,0,0,36,8000
213123,event,0,1
214106,packet,1,0,0,0,36,8000
214120,event,0,1
215106,packet,1,0,0,0,36,8000
215121,event,0,1
216106,packet,1,0,0,0,36,8000
216120,event,0,1
217107,packet,1,0,0,0,36,8000
217121,event,0,1
218107,packet,1,0,0,0,36,8000
218137,event,0,1
219107,packet,1,0,0,0,36,8000
219122,event,0,1
220107,packet,1,0,0,0,36,8000
220121,event,0,1
221111,packet,1,0,0,0,36,8000
221152,event,0,1
222122,packet,1,0,0,0,36,8000
222136,event,0,1
223108,packet,1,0,0,0,36,8000
223125,event,0,1
224108,packet,1,0,0,0,36,8000
224139,event,0,1
225113,packet,1,0,0,0,36,8000
225127,event,0,1
226113,packet,1,0,0,0,36,8000
226127,event,0,1
227113,packet,1,0,0,0,36,8000
227127,event,0,1
228113,packet,1,0,0,0,36,8000
228128,event,0,1
229113,packet,1,0,0,0,36,8000
229127,event,0,1
230117,packet,1,0,0,0,36,8000
230132,event,0,1
231114,packet,1,0,0,0,36,8000
231127,event,0,1
232114,packet,1,0,0,0,36,8000
232128,event,0,1
233114,packet,1,0,0,0,36,8000
233129,event,0,1
234115,packet,1,0,0,0,36,8000
234150,event,0,1
235115,packet,1,0,0,0,36,8000
235129,event,0,1
236115,packet,1,0,0,0,36,8000
236129,event,0,1
237115,packet,1,0,0,0,36,8000
237130,event,0,1
238115,packet,1,0,0,0,36,8000
238129,event,0,1
239152,packet,1,0,0,0,36,8000
239165,event,0,1
240117,packet,1,0,0,0,36,8000
240131,event,0,1
241117,packet,1,0,0,0,36,8000
241131,event,0,1
242117,packet,1,0,0,0,36,8000
242132,event,0,1
243118,packet,1,0,0,0,35,8000
243131,event,0,1
244118,packet,1,0,0,0,36,8000
244136,event,0,1
245118,packet,1,0,0,0,36,8000
245132,event,0,1
246118,packet,1,0,0,0,36,8000
246133,event,0,1
247119,packet,1,0,0,0,36,8000
247142,event,0,1
248123,packet,1,0,0,0,36,8000
248137,event,0,1
249120,packet,1,0,0,0,36,8000
249134,event,0,1
250119,packet,1,0,0,0,36,8000
250133,event,0,1
251119,packet,1,0,0,0,36,8000
251134,event,0,1
252120,packet,1,0,0,0,36,8000
252133,event,0,1
253135,packet,1,0,0,0,36,8000
253149,event,0,1
254120,packet,1,0,0,0,36,8000
254134,event,0,1
255120,packet,1,0,0,0,36,8000
255135,event,0,1
256126,packet,1,0,0,0,36,8000
256140,event,0,1
257130,packet,1,0,0,0,36,8000
257144,event,0,1
258126,packet,1,0,0,0,36,8000
258140,event,0,1
259126,packet,1,0,0,0,36,8000
259140,event,0,1
260127,packet,1,0,0,0,36,8000
260151,event,0,1
261127,packet,1,0,0,0,36,8000
261140,event,0,1
262127,packet,1,0,0,0,36,8000
262142,event,0,1
263127,packet,1,0,0,0,36,8000
263141,event,0,1
264127,packet,1,0,0,0,36,8000
264142,event,0,1
265128,packet,1,0,0,0,36,8000
265145,event,0,1
266132,packet,1,0,0,0,36,8000
266146,event,0,1
267129,packet,1,0,0,0,36,8000
267143,event,0,1
268128,packet,1,0,0,0,36,8000
268142,event,0,1
269129,packet,1,0,0,0,36,8000
269143,event,0,1
270135,packet,1,0,0,0,36,8000
270149,event,0,1
271136,packet,1,0,0,0,36,8000
271149,event,0,1
272135,packet,1,0,0,0,36,8000
272149,event,0,1
273135,packet,1,0,0,0,36,8000
273150,event,0,1
274136,packet,1,0,0,0,36,8000
274149,event,0,1
275140,packet,1,0,0,0,36,8000
275154,event,0,1
276136,packet,1,0,0,0,36,8000
276150,event,0,1
277136,packet,1,0,0,0,36,8000
277151,event,0,1
278137,packet,1,0,0,0,36,8000
278151,event,0,1
279137,packet,1,0,0,0,36,8000
279150,event,0,1
280138,packet,1,0,0,0,36,8000
280152,event,0,1
281137,packet,1,0,0,0,36,8000
281151,event,0,1
282137,packet,1,0,0,0,36,8000
282152,event,0,1
283138,packet,1,0,0,0,36,8000
283151,event,0,1
284157,packet,1,0,0,0,36,8000
284171,event,0,1
285139,packet,1,0,0,0,36,8000
285153,event,0,1
286138,packet,1,0,0,0,36,8000
286157,event,0,1
287140,packet,1,0,0,0,36,8000
287153,event,0,1
288139,packet,1,0,0,0,36,8000
288152,event,0,1
289140,packet,1,0,0,0,36,8000
289154,event,0,1
290139,packet,1,0,0,0,36,8000
290153,event,0,1
291139,packet,1,0,0,0,36,8000
291170,event,0,1
292139,packet,1,0,0,0,36,8000
292153,event,0,1
293138,packet,1,0,0,0,36,8000
293152,event,0,1
294141,packet,1,0,0,0,36,8000
294171,event,0,1
295140,packet,1,0,0,0,36,8000
295155,event,0,1
296142,packet,1,0,0,0,36,8000
296155,event,0,1
297140,packet,1,0,0,0,36,8000
297171,event,0,1
298157,packet,1,0,0,0,36,8000
298170,event,0,1
299141,packet,1,0,0,0,36,8000
299155,event,0,1
300142,packet,1,0,0,0,36,8000
300156,event,0,1
301152,packet,1,0,0,0,36,8000
301165,event,0,1
302153,packet,1,0,0,0,36,8000
302167,event,0,1
303152,packet,1,0,0,0,36,8000
303166,event,0,1
304152,packet,1,0,0,0,36,8000
304167,event,0,1
305154,packet,1,0,0,0,36,8000
305167,event,0,1
306153,packet,1,0,0,0,36,8000
306168,event,0,1
307154,packet,1,0,0,0,36,8000
307172,event,0,1
308153,packet,1,0,0,0,36,8000
308168,event,0,1
309155,packet,1,0,0,0,36,8000
309168,event,0,1
310154,packet,1,0,0,0,36,8000
310167,event,0,1
311155,packet,1,0,0,0,36,8000
311169,event,0,1
312154,packet,1,0,0,0,36,8000
312168,event,0,1
313154,packet,1,0,0,0,36,8000
313169,event,0,1
314156,packet,1,0,0,0,36,8000
314169,event,0,1
315170,packet,1,0,0,0,36,8000
315184,event,0,1
316156,packet,1,0,0,0,36,8000
316170,event,0,1
317155,packet,1,0,0,0,36,8000
317174,event,0,1
318157,packet,1,0,0,0,36,8000
318170,event,0,1
319156,packet,1,0,0,0,36,8000
319169,event,0,1
320157,packet,1,0,0,0,36,8000
320171,event,0,1
321157,packet,1,0,0,0,36,8000
321171,event,0,1
322156,packet,1,0,0,0,35,8000
322171,event,0,1
323158,packet,1,0,0,0,36,8000
323171,event,0,1
324157,packet,1,0,0,0,35,8000
324172,event,0,1
325158,packet,1,0,0,0,35,8000
325172,event,0,1
326157,packet,1,0,0,0,36,8000
326171,event,0,1
327159,packet,1,0,0,0,36,8000
327172,event,0,1
328158,packet,1,0,0,0,36,8000
328175,event,0,1
329174,packet,1,0,0,0,36,8000
329187,event,0,1
330159,packet,1,0,0,0,36,8000
330173,event,0,1
331159,packet,1,0,0,0,36,8000
331173,event,0,1
332160,packet,1,0,0,0,36,8000
332173,event,0,1
333159,packet,1,0,0,0,36,8000
333174,event,0,1
334160,packet,1,0,0,0,36,8000
334174,event,0,1
335159,packet,1,0,0,0,36,8000
335173,event,0,1
336161,packet,1,0,0,0,35,8000
336174,event,0,1
337161,packet,1,0,0,0,35,8000
337175,event,0,1
338160,packet,1,0,0,0,36,8000
338179,event,0,1
339162,packet,1,0,0,0,36,8000
339175,event,0,1
340161,packet,1,0,0,0,36,8000
340175,event,0,1
341162,packet,1,0,0,0,36,8000
341175,event,0,1
342161,packet,1,0,0,0,36,8000
342176,event,0,1
343162,packet,1,0,0,0,36,8000
343176,event,0,1
344161,packet,1,0,0,0,36,8000
344175,event,0,1
345163,packet,1,0,0,0,36,8000
345176,event,0,1
346170,packet,1,0,0,0,36,8000
346185,event,0,1
347171,packet,1,0,0,0,35,8000
347185,event,0,1
348171,packet,1,0,0,0,35,8000
348185,event,0,1
349172,packet,1,0,0,0,35,8000
349185,event,0,1
350172,packet,1,0,0,0,36,8000
350185,event,0,1
351171,packet,1,0,0,0,36,8000
351186,event,0,1
352172,packet,1,0,0,0,36,8000
352186,event,0,1
353171,packet,1,0,0,0,36,8000
353186,event,0,1
354173,packet,1,0,0,0,36,8000
354187,event,0,1
355172,packet,1,0,0,0,36,8000
355187,event,0,1
356172,packet,1,0,0,0,36,8000
356186,event,0,1
357173,packet,1,0,0,0,36,8000
357186,event,0,1
358173,packet,1,0,0,0,36,8000
358187,event,0,1
359173,packet,1,0,0,0,36,8000
359190,event,0,1
360188,packet,1,0,0,0,36,8000
360202,event,0,1
361174,packet,1,0,0,0,36,8000
361187,event,0,1
362173,packet,1,0,0,0,36,8000
362188,event,0,1
363174,packet,1,0,0,0,36,8000
363188,event,0,1
364174,packet,1,0,0,0,36,8000
364189,event,0,1
365175,packet,1,0,0,0,35,8000
365188,event,0,1
366175,packet,1,0,0,0,35,8000
366189,event,0,1
367174,packet,1,0,0,0,35,8000
367199,event,0,1
368175,packet,1,0,0,0,36,8000
368189,event,0,1
369174,packet,1,0,0,0,36,8000
369189,event,0,1
370176,packet,1,0,0,0,36,8000
370189,event,0,1
371175,packet,1,0,0,0,36,8000
371189,event,0,1
372176,packet,1,0,0,0,36,8000
372190,event,0,1
373176,packet,1,0,0,0,36,8000
373190,event,0,1
374182,packet,1,0,0,0,36,8000
374196,event,0,1
375183,packet,1,0,0,0,36,8000
375197,event,0,1
376183,packet,1,0,0,0,36,8000
376197,event,0,1
377183,packet,1,0,0,0,36,8000
377197,event,0,1
378182,packet,1,0,0,0,36,8000
378197,event,0,1
379184,packet,1,0,0,0,36,8000
379197,event,0,1
380183,packet,1,0,0,0,35,8000
380212,event,0,1
381184,packet,1,0,0,0,35,8000
381198,event,0,1
382184,packet,1,0,0,0,36,8000
382199,event,0,1
383185,packet,1,0,0,0,36,8000
383198,event,0,1
384185,packet,1,0,0,0,36,8000
384198,event,0,1
385202,packet,1,0,0,0,36,8000
385215,event,0,1
386185,packet,1,0,0,0,36,8000
386199,event,0,1
387186,packet,1,0,0,0,36,8000
387199,event,0,1
388186,packet,1,0,0,0,36,8000
388200,event,0,1
389186,packet,1,0,0,0,36,8000
389200,event,0,1
390187,packet,1,0,0,0,36,8000
390201,event,0,1
391187,packet,1,0,0,0,36,8000
391202,event,0,1
392188,packet,1,0,0,0,36,8000
392202,event,0,1
393188,packet,1,0,0,0,36,8000
393213,event,0,1
394188,packet,1,0,0,0,36,8000
394202,event,0,1
395188,packet,1,0,0,0,36,8000
395202,event,0,1
396197,packet,1,0,0,0,36,8000
396211,event,0,1
397197,packet,1,0,0,0,36,8000
397210,event,0,1
398197,packet,1,0,0,0,36,8000
398211,event,0,1
399197,packet,1,0,0,0,36,8000
399211,event,0,1
400196,packet,1,0,0,0,36,8000
400211,event,0,1
401198,packet,1,0,0,0,36,8000
401215,event,0,1
402198,packet,1,0,0,0,36,8000
402212,event,0,1
403198,packet,1,0,0,0,36,8000
403212,event,0,1
404198,packet,1,0,0,0,36,8000
404213,event,0,1
405199,packet,1,0,0,0,36,8000
405212,event,0,1
406199,packet,1,0,0,0,36,8000
406212,event,0,1
407209,packet,1,0,0,0,36,8000
407223,event,0,1
408209,packet,1,0,0,0,36,8000
408224,event,0,1
409209,packet,1,0,0,0,36,8000
409223,event,0,1
410210,packet,1,0,0,0,36,8000
410223,event,0,1
411210,packet,1,0,0,0,36,8000
411227,event,0,1
412210,packet,1,0,0,0,36,8000
412223,event,0,1
413210,packet,1,0,0,0,36,8000
413224,event,0,1
414211,packet,1,0,0,0,36,8000
414224,event,0,1
415211,packet,1,0,0,0,36,8000
415225,event,0,1
416211,packet,1,0,0,0,36,8000
416224,event,0,1
417211,packet,1,0,0,0,36,8000
417226,event,0,1
418211,packet,1,0,0,0,36,8000
418225,event,0,1
419212,packet,1,0,0,0,36,8000
419225,event,0,1
420212,packet,1,0,0,0,36,8000
420225,event,0,1
421212,packet,1,0,0,0,36,8000
421225,event,0,1
422212,packet,1,0,0,0,36,8000
422230,event,0,1
423213,packet,1,0,0,0,36,8000
423226,event,0,1
424213,packet,1,0,0,0,36,8000
424227,event,0,1
425213,packet,1,0,0,0,36,8000
425226,event,0,1
426230,packet,1,0,0,0,36,8000
426244,event,0,1
427214,packet,1,0,0,0,36,8000
427227,event,0,1
428214,packet,1,0,0,0,36,8000
428227,event,0,1
429215,packet,1,0,0,0,36,8000
429228,event,0,1
430214,packet,1,0,0,0,36,8000
430227,event,0,1
431214,packet,1,0,0,0,36,8000
431229,event,0,1
432215,packet,1,0,0,0,36,8000
432232,event,0,1
433215,packet,1,0,0,0,36,8000
433230,event,0,1
434215,packet,1,0,0,0,36,8000
434229,event,0,1
435215,packet,1,0,0,0,36,8000
435230,event,0,1
436216,packet,1,0,0,0,36,8000
436229,event,0,1
437232,packet,1,0,0,0,36,8000
437247,event,0,1
438217,packet,1,0,0,0,36,8000
438231,event,0,1
439216,packet,1,0,0,0,36,8000
439230,event,0,1
440216,packet,1,0,0,0,36,8000
440231,event,0,1
441217,packet,1,0,0,0,36,8000
441230,event,0,1
442217,packet,1,0,0,0,36,8000
442232,event,0,1
443217,packet,1,0,0,0,36,8000
443231,event,0,1
444217,packet,1,0,0,0,36,8000
444232,event,0,1
445219,packet,1,0,0,0,36,8000
445232,event,0,1
446218,packet,1,0,0,0,35,8000
446232,event,0,1
447219,packet,1,0,0,0,35,8000
447250,event,0,1
448228,packet,1,0,0,0,35,8000
448243,event,0,1
449229,packet,1,0,0,0,36,8000
449243,event,0,1
450228,packet,1,0,0,0,36,8000
450261,event,0,1
451230,packet,1,0,0,0,36,8000
451244,event,0,1
452229,packet,1,0,0,0,36,8000
452243,event,0,1
453229,packet,1,0,0,0,36,8000
453265,event,0,1
454229,packet,1,0,0,0,35,8000
454243,event,0,1
455230,packet,1,0,0,0,36,8000
455245,event,0,1
456231,packet,1,0,0,0,36,8000
456245,event,0,1
457231,packet,1,0,0,0,36,8000
457246,event,0,1
458232,packet,1,0,0,0,35,8000
458246,event,0,1
459241,packet,1,0,0,0,36,8000
459256,event,0,1
460242,packet,1,0,0,0,36,8000
460256,event,0,1
461241,packet,1,0,0,0,36,8000
461256,event,0,1
462242,packet,1,0,0,0,36,8000
462256,event,0,1
463241,packet,1,0,0,0,36,8000
463255,event,0,1
464243,packet,1,0,0,0,36,8000
464256,event,0,1
465242,packet,1,0,0,0,36,8000
465256,event,0,1
466242,packet,1,0,0,0,36,8000
466257,event,0,1
467259,packet,1,0,0,0,36,8000
467274,event,0,1
468243,packet,1,0,0,0,36,8000
468257,event,0,1
469244,packet,1,0,0,0,36,8000
469258,event,0,1
470243,packet,1,0,0,0,36,8000
470258,event,0,1
471244,packet,1,0,0,0,36,8000
471258,event,0,1
472243,packet,1,0,0,0,36,8000
472257,event,0,1
473245,packet,1,0,0,0,36,8000
473259,event,0,1
474244,packet,1,0,0,0,36,8000
474272,event,0,1
475244,packet,1,0,0,0,36,8000
475259,event,0,1
476245,packet,1,0,0,0,36,8000
476259,event,0,1
477245,packet,1,0,0,0,36,8000
477259,event,0,1
478262,packet,1,0,0,0,36,8000
478276,event,0,1
479245,packet,1,0,0,0,36,8000
479259,event,0,1
480246,packet,1,0,0,0,36,8000
480260,event,0,1
481249,packet,1,0,0,0,36,8000
481263,event,0,1
482246,packet,1,0,0,0,36,8000
482260,event,0,1
483246,packet,1,0,0,0,36,8000
483260,event,0,1
484246,packet,1,0,0,0,36,8000
484261,event,0,1
485247,packet,1,0,0,0,36,8000
485261,event,0,1
486247,packet,1,0,0,0,36,8000
486262,event,0,1
487248,packet,1,0,0,0,36,8000
487285,event,0,1
488247,packet,1,0,0,0,36,8000
488261,event,0,1
489265,packet,1,0,0,0,36,8000
489279,event,0,1
490251,packet,1,0,0,0,36,8000
490265,event,0,1
491248,packet,1,0,0,0,36,8000
491263,event,0,1
492249,packet,1,0,0,0,36,8000
492263,event,0,1
493248,packet,1,0,0,0,36,8000
493263,event,0,1
494249,packet,1,0,0,0,36,8000
494263,event,0,1
495249,packet,1,0,0,0,36,8000
495267,event,0,1
496250,packet,1,0,0,0,36,8000
496264,event,0,1
497249,packet,1,0,0,0,36,8000
497263,event,0,1
498250,packet,1,0,0,0,36,8000
498264,event,0,1
499253,packet,1,0,0,0,36,8000
499267,event,0,1
500267,packet,1,0,0,0,36,8000
500291,event,0,1
501251,packet,1,0,0,0,36,8000
501265,event,0,1
502250,packet,1,0,0,0,36,8000
502265,event,0,1
503252,packet,1,0,0,0,36,8000
503265,event,0,1
504251,packet,1,0,0,0,36,8000
504265,event,0,1
505252,packet,1,0,0,0,35,8000
505266,event,0,1
506251,packet,1,0,0,0,36,8000
506265,event,0,1
507252,packet,1,0,0,0,35,8000
507266,event,0,1
508256,packet,1,0,0,0,36,8000
508270,event,0,1
509252,packet,1,0,0,0,36,8000
509266,event,0,1
510253,packet,1,0,0,0,35,8000
510267,event,0,1
511268,packet,1,0,0,0,36,8000
511281,event,0,1
512266,packet,1,0,0,0,36,8000
512280,event,0,1
513268,packet,1,0,0,0,36,8000
513282,event,0,1
514268,packet,1,0,0,0,36,8000
514282,event,0,1
515267,packet,1,0,0,0,36,8000
515282,event,0,1
516268,packet,1,0,0,0,36,8000
516286,event,0,1
517271,packet,1,0,0,0,35,8000
517286,event,0,1
518269,packet,1,0,0,0,36,8000
518301,event,0,1
519268,packet,1,0,0,0,36,8000
519283,event,0,1
520269,packet,1,0,0,0,36,8000
520283,event,0,1
521270,packet,1,0,0,0,36,8000
521302,event,0,1
522278,packet,1,0,0,0,36,8000
522292,event,0,1
523277,packet,1,0,0,0,36,8000
523291,event,0,1
524278,packet,1,0,0,0,36,8000
524309,event,0,1
525278,packet,1,0,0,0,36,8000
525292,event,0,1
526282,packet,1,0,0,0,35,8000
526300,event,0,1
527279,packet,1,0,0,0,35,8000
527293,event,0,1
528278,packet,1,0,0,0,35,8000
528293,event,0,1
529279,packet,1,0,0,0,35,8000
529293,event,0,1
530296,packet,1,0,0,0,36,8000
530310,event,0,1
531280,packet,1,0,0,0,35,8000
531293,event,0,1
532280,packet,1,0,0,0,35,8000
532294,event,0,1
533281,packet,1,0,0,0,35,8000
533295,event,0,1
534281,packet,1,0,0,0,35,8000
534295,event,0,1
535285,packet,1,0,0,0,35,8000
535299,event,0,1
536282,packet,1,0,0,0,35,8000
536295,event,0,1
537281,packet,1,0,0,0,36,8000
537293,event,0,1
538282,packet,1,0,0,0,36,8000
538296,event,0,1
539281,packet,1,0,0,0,36,8000
539296,event,0,1
540282,packet,1,0,0,0,36,8000
540296,event,0,1
541300,packet,1,0,0,0,36,8000
541314,event,0,1
542283,packet,1,0,0,0,36,8000
542297,event,0,1
543283,packet,1,0,0,0,36,8000
543297,event,0,1
544287,packet,1,0,0,0,36,8000
544301,event,0,1
545284,packet,1,0,0,0,36,8000
545297,event,0,1
546283,packet,1,0,0,0,36,8000
546297,event,0,1
547284,packet,1,0,0,0,36,8000
547302,event,0,1
548283,packet,1,0,0,0,36,8000
548298,event,0,1
549285,packet,1,0,0,0,36,8000
549298,event,0,1
550285,packet,1,0,0,0,36,8000
550298,event,0,1
551285,packet,1,0,0,0,35,8000
551299,event,0,1
552301,packet,1,0,0,0,35,8000
552316,event,0,1
553289,packet,1,0,0,0,35,8000
553303,event,0,1
554285,packet,1,0,0,0,35,8000
554299,event,0,1
555285,packet,1,0,0,0,35,8000
555300,event,0,1
556286,packet,1,0,0,0,36,8000
556300,event,0,1
557286,packet,1,0,0,0,35,8000
557301,event,0,1
558286,packet,1,0,0,0,35,8000
558300,event,0,1
559287,packet,1,0,0,0,36,8000
559301,event,0,1
560287,packet,1,0,0,0,36,8000
560300,event,0,1
561287,packet,1,0,0,0,36,8000
561301,event,0,1
562291,packet,1,0,0,0,36,8000
562305,event,0,1
563298,packet,1,0,0,0,36,8000
563311,event,0,1
564298,packet,1,0,0,0,36,8000
564311,event,0,1
565298,packet,1,0,0,0,36,8000
565312,event,0,1
566297,packet,1,0,0,0,36,8000
566312,event,0,1
567298,packet,1,0,0,0,36,8000
567312,event,0,1
568299,packet,1,0,0,0,36,8000
568317,event,0,1
569300,packet,1,0,0,0,36,8000
569314,event,0,1
570300,packet,1,0,0,0,36,8000
570315,event,0,1
571304,packet,1,0,0,0,35,8000
571318,event,0,1
572301,packet,1,0,0,0,36,8000
572315,event,0,1
573301,packet,1,0,0,0,36,8000
573314,event,0,1
574312,packet,1,0,0,0,35,8000
574327,event,0,1
575312,packet,1,0,0,0,36,8000
575326,event,0,1
576312,packet,1,0,0,0,36,8000
576326,event,0,1
577313,packet,1,0,0,0,36,8000
577327,event,0,1
578313,packet,1,0,0,0,36,8000
578327,event,0,1
579312,packet,1,0,0,0,36,8000
579327,event,0,1
580317,packet,1,0,0,0,36,8000
580331,event,0,1
581313,packet,1,0,0,0,36,8000
581328,event,0,1
582330,packet,1,0,0,0,36,8000
582345,event,0,1
583314,packet,1,0,0,0,36,8000
583329,event,0,1
584314,packet,1,0,0,0,36,8000
584328,event,0,1
585315,packet,1,0,0,0,36,8000
585328,event,0,1
586315,packet,1,0,0,0,36,8000
586329,event,0,1
587315,packet,1,0,0,0,36,8000
587329,event,0,1
588314,packet,1,0,0,0,36,8000
588329,event,0,1
589319,packet,1,0,0,0,36,8000
589337,event,0,1
590316,packet,1,0,0,0,36,8000
590331,event,0,1
591316,packet,1,0,0,0,36,8000
591330,event,0,1
592316,packet,1,0,0,0,36,8000
592331,event,0,1
593333,packet,1,0,0,0,36,8000
593347,event,0,1
594317,packet,1,0,0,0,36,8000
594330,event,0,1
595317,packet,1,0,0,0,36,8000
595331,event,0,1
596317,packet,1,0,0,0,36,8000
596331,event,0,1
597317,packet,1,0,0,0,36,8000
597332,event,0,1
598321,packet,1,0,0,0,36,8000
598335,event,0,1
599318,packet,1,0,0,0,36,8000
599333,event,0,1
600318,packet,1,0,0,0,36,8000
600332,event,0,1
601318,packet,1,0,0,0,36,8000
601333,event,0,1
602319,packet,1,0,0,0,36,8000
602332,event,0,1
603319,packet,1,0,0,0,36,8000
603333,event,0,1
604336,packet,1,0,0,0,36,8000
604349,event,0,1
605319,packet,1,0,0,0,36,8000
605333,event,0,1
606319,packet,1,0,0,0,36,8000
606334,event,0,1
607323,packet,1,0,0,0,36,8000
607348,event,0,1
608320,packet,1,0,0,0,36,8000
608334,event,0,1
609320,packet,1,0,0,0,35,8000
609334,event,0,1
610320,packet,1,0,0,0,35,8000
610339,event,0,1
611321,packet,1,0,0,0,36,8000
611334,event,0,1
612321,packet,1,0,0,0,35,8000
612335,event,0,1
613322,packet,1,0,0,0,36,8000
613336,event,0,1
614321,packet,1,0,0,0,36,8000
614335,event,0,1
615339,packet,1,0,0,0,35,8000
615353,event,0,1
616326,packet,1,0,0,0,36,8000
616339,event,0,1
617322,packet,1,0,0,0,36,8000
617337,event,0,1
618322,packet,1,0,0,0,35,8000
618336,event,0,1
619322,packet,1,0,0,0,35,8000
619337,event,0,1
620323,packet,1,0,0,0,36,8000
620350,event,0,1
621323,packet,1,0,0,0,35,8000
621336,event,0,1
622324,packet,1,0,0,0,36,8000
622338,event,0,1
623323,packet,1,0,0,0,35,8000
623337,event,0,1
624324,packet,1,0,0,0,36,8000
624338,event,0,1
625328,packet,1,0,0,0,36,8000
625341,event,0,1
626324,packet,1,0,0,0,37,8000
626339,event,0,1
