p:4000,20000,6000,600,8000,4000,2000,8000,70
16403,packet,1,0,0,1,48,8000
16441,event,0,0
16457,action,0,0
16621,packet,0,0,1,1
16663,packetAck,1
16997,packet,1,0,2,5,48,8000
17013,event,3,1
17027,action,2,1
19040,event,4,2
19054,action,1,2
21097,packet,1,0,0,1,48,8000
21135,event,0,0
21150,action,0,0
21542,packet,0,0,1,1
21584,packetAck,1
25582,event,2,1
25611,action,1,1
25965,packet,1,0,0,1,49,8000
26003,event,0,0
26018,action,0,0
26403,packet,0,0,1,1
26445,packetAck,1
30421,event,2,1
30439,action,1,1
34100,packet,1,0,0,1,47,8000
34138,event,0,0
34152,action,0,0
34485,packet,0,0,1,1
34527,packetAck,1
38527,event,2,1
38541,action,1,1
39053,packet,1,0,0,1,47,8000
39091,event,0,0
39105,action,0,0
39487,packet,0,0,1,1
39073,packetAck,1
39424,packet,1,0,2,5,47,8000
39440,event,3,1
39469,action,2,1
41497,event,4,2
41511,action,1,2
43960,packet,1,0,0,1,47,8000
43998,event,0,0
44012,action,0,0
44521,packet,0,0,1,1
44563,packetAck,1
48549,event,2,1
48563,action,1,1
48577,packet,1,0,0,1,48,8000
48619,event,0,0
48635,action,0,0
48862,packet,0,0,1,1
48904,packetAck,1
52890,event,2,1
52905,action,1,1
73958,packet,1,0,0,1,49,8000
73996,event,0,0
74010,action,0,0
74290,packet,0,0,1,1
74332,packetAck,1
74666,packet,1,0,2,5,48,8000
74681,event,3,1
74696,action,2,1
76710,event,4,2
76724,action,1,2
78766,packet,1,0,0,1,49,8000
78804,event,0,0
78818,action,0,0
78848,packet,0,0,1,1
78899,packetAck,1
82902,event,2,1
82916,action,1,1
86914,packet,1,0,0,1,48,8000
86956,event,0,0
86981,action,0,0
87306,packet,0,0,1,1
87349,packetAck,1
91348,event,2,1
91362,action,1,1
95050,packet,1,0,0,1,48,8000
95087,event,0,0
95102,action,0,0
95332,packet,0,0,1,1
95375,packetAck,1
95853,packet,1,0,2,5,48,8000
95869,event,3,1
95883,action,2,1
97896,event,4,2
97911,action,1,2
99950,packet,1,0,0,1,48,8000
99988,event,0,0
100004,action,0,0
100517,packet,0,0,1,1
100560,packetAck,1
104546,event,2,1
104560,action,1,1
108106,packet,1,0,0,1,48,8000
108159,event,0,0
108178,action,0,0
108262,packet,0,0,1,1
108304,packetAck,1
112288,event,2,1
112302,action,1,1
129674,packet,1,0,0,1,50,8000
129712,event,0,0
129727,action,0,0
129936,packet,0,0,1,1
129831,packetAck,1
133964,event,2,1
133978,action,1,1
186277,packet,1,0,0,1,55,8000
190951,packet,1,0,0,1,56,8000
243121,packet,1,0,0,1,53,8000
243159,event,0,0
243174,action,0,0
243311,packet,0,0,1,1
243354,packetAck,1
243688,packet,1,0,2,5,53,8000
243704,event,3,1
243719,action,2,1
244101,packet,1,0,2,5,53,8000
244132,event,1,2
244173,packet,1,0,2,5,53,8000
244189,event,1,2
248261,packet,1,0,2,5,52,8000
248276,event,1,2
252321,packet,1,0,2,5,52,8000
252337,event,1,2
256593,packet,1,0,2,5,53,8000
256608,event,1,2
260663,packet,1,0,2,5,53,8000
260679,event,1,2
264729,packet,1,0,2,5,53,8000
264745,event,1,2
268795,packet,1,0,2,5,53,8000
268810,event,1,2
272871,packet,1,0,2,5,54,8000
272886,event,1,2
276942,packet,1,0,2,5,53,8000
276957,event,1,2
284970,event,4,2
284984,action,1,2
299809,packet,1,0,0,1,51,8000
299851,event,0,0
299865,action,0,0
300244,packet,0,0,1,1
300286,packetAck,1
304273,event,2,1
304299,action,1,1
304427,packet,1,0,0,1,52,8000
304465,event,0,0
304479,action,0,0
304751,packet,0,0,1,1
304793,packetAck,1
308776,event,2,1
308807,action,1,1
309016,packet,1,0,0,1,51,8000
309053,event,0,0
309068,action,0,0
309192,packet,0,0,1,1
309234,packetAck,1
309596,packet,1,0,2,5,50,8000
309611,event,3,1
309626,action,2,1
310003,packet,1,0,2,5,51,8000
310018,event,1,2
310074,packet,1,0,2,5,50,8000
310090,event,1,2
314155,packet,1,0,2,5,51,8000
314170,event,1,2
318221,packet,1,0,2,5,52,8000
318237,event,1,2
322291,packet,1,0,2,5,53,8000
322306,event,1,2
326362,packet,1,0,2,5,54,8000
326377,event,1,2
330434,packet,1,0,2,5,53,8000
330449,event,1,2
334506,packet,1,0,2,5,53,8000
334521,event,1,2
338578,packet,1,0,2,5,53,8000
338594,event,1,2
346593,event,4,2
346608,action,1,2
358679,packet,1,0,0,1,56,8000
363547,packet,1,0,0,1,56,8000
368208,packet,1,0,0,1,55,8000
372274,packet,1,0,0,1,55,8000
376345,packet,1,0,0,1,56,8000
380428,packet,1,0,0,1,54,8000
380465,event,0,0
380480,action,0,0
380710,packet,0,0,1,1
380752,packetAck,1
381107,packet,1,0,2,5,55,8000
381123,event,3,1
381137,action,2,1
381521,packet,1,0,2,5,55,8000
381536,event,1,2
381601,packet,1,0,2,5,54,8000
381616,event,1,2
385666,packet,1,0,2,5,56,8000
385682,event,1,2
389937,packet,1,0,2,5,55,8000
389953,event,1,2
394018,packet,1,0,2,5,56,8000
394033,event,1,2
402033,event,4,2
402051,action,1,2
416195,packet,1,0,0,1,58,8000
475051,packet,1,0,0,1,55,8000
533722,packet,1,0,0,1,62,8000
