p:4000,20000,6000,600,8000,4000,2000,8000,70
16253,packet,1,0,0,1,50,8000
20318,packet,1,0,0,1,50,8000
24384,packet,1,0,0,1,50,8000
28658,packet,1,0,0,1,50,8000
32734,packet,1,0,0,1,50,8000
36798,packet,1,0,0,1,48,8000
36836,event,0,0
36851,action,0,0
37294,packet,0,0,1,1
37337,packetAck,1
37668,packet,1,0,2,5,48,8000
37683,event,3,1
37698,action,2,1
39703,event,4,2
39717,action,1,2
41756,packet,1,0,0,1,49,8000
41794,event,0,0
41809,action,0,0
42090,packet,0,0,1,1
42132,packetAck,1
46125,event,2,1
46144,action,1,1
49903,packet,1,0,0,1,49,8000
49940,event,0,0
49956,action,0,0
50190,packet,0,0,1,1
50232,packetAck,1
54218,event,2,1
54232,action,1,1
70382,packet,1,0,0,1,52,8000
75416,packet,1,0,0,1,51,8000
79468,packet,1,0,0,1,52,8000
83554,packet,1,0,0,1,52,8000
87617,packet,1,0,0,1,52,8000
91822,packet,1,0,0,1,52,8000
96894,packet,1,0,0,1,51,8000
100960,packet,1,0,0,1,51,8000
105024,packet,1,0,0,1,51,8000
109095,packet,1,0,0,1,51,8000
129874,packet,1,0,0,1,47,8000
129912,event,0,0
129931,action,0,0
130122,packet,0,0,1,1
130164,packetAck,1
130510,packet,1,0,2,5,48,8000
130525,event,3,1
130539,action,2,1
132554,event,4,2
132583,action,1,2
134613,packet,1,0,0,1,46,8000
134651,event,0,0
134665,action,0,0
135113,packet,0,0,1,1
135156,packetAck,1
139136,event,2,1
139150,action,1,1
142738,packet,1,0,0,1,46,8000
142776,event,0,0
142791,action,0,0
143097,packet,0,0,1,1
143140,packetAck,1
147165,event,2,1
147179,action,1,1
150871,packet,1,0,0,1,46,8000
150909,event,0,0
150928,action,0,0
151336,packet,0,0,1,1
151378,packetAck,1
151713,packet,1,0,2,5,46,8000
151728,event,3,1
151742,action,2,1
153759,event,4,2
153773,action,1,2
155812,packet,1,0,0,1,45,8000
155850,event,0,0
155865,action,0,0
156108,packet,0,0,1,1
156151,packetAck,1
160126,event,2,1
160140,action,1,1
164082,packet,1,0,0,1,46,8000
164118,event,0,0
164134,action,0,0
164492,packet,0,0,1,1
164534,packetAck,1
168520,event,2,1
168534,action,1,1
186197,packet,1,0,0,1,59,8000
243267,packet,1,0,0,1,50,8000
247330,packet,1,0,0,1,50,8000
251398,packet,1,0,0,1,50,8000
255468,packet,1,0,0,1,50,8000
259531,packet,1,0,0,1,50,8000
263603,packet,1,0,0,1,50,8000
267666,packet,1,0,0,1,50,8000
271731,packet,1,0,0,1,50,8000
275984,packet,1,0,0,1,50,8000
280052,packet,1,0,0,1,50,8000
296288,packet,1,0,0,1,59,8000
300923,packet,1,0,0,1,60,8000
304995,packet,1,0,0,1,57,8000
309061,packet,1,0,0,1,58,8000
313117,packet,1,0,0,1,58,8000
317307,packet,1,0,0,1,58,8000
322518,packet,1,0,0,1,58,8000
326563,packet,1,0,0,1,58,8000
330628,packet,1,0,0,1,58,8000
334702,packet,1,0,0,1,59,8000
338955,packet,1,0,0,1,59,8000
355701,packet,1,0,0,1,51,8000
359757,packet,1,0,0,1,52,8000
363831,packet,1,0,0,1,70,8000
367900,packet,1,0,0,1,54,8000
371969,packet,1,0,0,1,55,8000
376036,packet,1,0,0,1,62,8000
380108,packet,1,0,0,1,51,8000
384168,packet,1,0,0,1,52,8000
388232,packet,1,0,0,1,50,8000
392309,packet,1,0,0,1,50,8000
397009,packet,1,0,0,1,50,8000
413413,packet,1,0,0,1,52,8000
417481,packet,1,0,0,1,52,8000
421551,packet,1,0,0,1,52,8000
425623,packet,1,0,0,1,52,8000
429685,packet,1,0,0,1,52,8000
433752,packet,1,0,0,1,52,8000
437824,packet,1,0,0,1,52,8000
441889,packet,1,0,0,1,52,8000
445955,packet,1,0,0,1,52,8000
450026,packet,1,0,0,1,52,8000
454277,packet,1,0,0,1,52,8000
474987,packet,1,0,0,1,57,8000
533567,packet,1,0,0,1,64,8000
