DELAY_PING:6000 RSSI_THRESHOLD:70
63872,packet,1,0,0,0,79,8000
69877,packet,1,0,0,0,77,8000
75885,packet,1,0,0,0,79,8000
81891,packet,1,0,0,0,82,8000
87897,packet,1,0,0,0,70,8000
93922,packet,1,0,0,0,63,8000
94132,event,0,0
94341,action,0,0
100054,packet,1,0,0,0,69,8000
100262,event,0,1
106115,packet,1,0,0,0,72,8000
107585,event,1,1
107807,action,1,1
112025,packet,1,0,0,0,70,8000
118109,packet,1,0,0,0,69,8000
118319,event,0,0
118529,action,0,0
125692,event,1,1
125902,action,1,1
143025,packet,1,0,0,0,73,8000
149132,packet,1,0,0,0,71,8000
155115,packet,1,0,0,0,68,8000
155325,event,0,0
155534,action,0,0
161087,packet,1,0,0,0,71,8000
162575,event,1,1
162784,action,1,1
167199,packet,1,0,0,0,73,8000
173088,packet,1,0,0,0,74,8000
179215,packet,1,0,0,0,82,8000
185095,packet,1,0,0,0,85,8000
191075,packet,1,0,0,0,79,8000
197191,packet,1,0,0,0,82,8000
223903,packet,1,0,0,0,66,8000
224113,event,0,0
224332,action,0,0
229896,packet,1,0,0,0,63,8000
230107,event,0,1
235867,packet,1,0,0,0,67,8000
236092,event,0,1
241998,packet,1,0,0,0,67,8000
242209,event,0,1
247889,packet,1,0,0,0,66,8000
248099,event,0,1
254002,packet,1,0,0,0,69,8000
254223,event,0,1
259889,packet,1,0,0,0,64,8000
260100,event,0,1
265864,packet,1,0,0,0,68,8000
266074,event,0,1
271975,packet,1,0,0,0,63,8000
272185,event,0,1
278074,packet,1,0,0,0,64,8000
278284,event,0,1
284068,packet,1,0,0,0,64,8000
284278,event,0,1
289942,packet,1,0,0,0,64,8000
290153,event,0,1
295921,packet,1,0,0,0,63,8000
296131,event,0,1
303505,event,1,1
303714,action,1,1
321479,packet,1,0,0,0,47,8000
321689,event,0,0
321899,action,0,0
327565,packet,1,0,0,0,47,8000
327775,event,0,1
333447,packet,1,0,0,0,47,8000
333666,event,0,1
339555,packet,1,0,0,0,47,8000
339766,event,0,1
345655,packet,1,0,0,0,47,8000
345865,event,0,1
351566,packet,1,0,0,0,47,8000
351776,event,0,1
357648,packet,1,0,0,0,47,8000
357859,event,0,1
363765,packet,1,0,0,0,47,8000
363975,event,0,1
369656,packet,1,0,0,0,47,8000
369867,event,0,1
375543,packet,1,0,0,0,47,8000
375859,event,0,1
381538,packet,1,0,0,0,47,8000
381748,event,0,1
387623,packet,1,0,0,0,47,8000
387833,event,0,1
395079,event,1,1
395289,action,1,1
415428,packet,1,0,0,0,74,8000
421400,packet,1,0,0,0,77,8000
433400,packet,1,0,0,0,73,8000
439522,packet,1,0,0,0,72,8000
451397,packet,1,0,0,0,77,8000
457577,packet,1,0,0,0,76,8000
463550,packet,1,0,0,0,77,8000
469447,packet,1,0,0,0,76,8000
497309,packet,1,0,0,0,51,8000
497530,event,0,0
497740,action,0,0
503212,packet,1,0,0,0,52,8000
503515,event,0,1
509273,packet,1,0,0,0,52,8000
509483,event,0,1
515381,packet,1,0,0,0,52,8000
515591,event,0,1
521261,packet,1,0,0,0,52,8000
521469,event,0,1
527368,packet,1,0,0,0,52,8000
527578,event,0,1
533338,packet,1,0,0,0,52,8000
533548,event,0,1
539228,packet,1,0,0,0,52,8000
539461,event,0,1
545336,packet,1,0,0,0,52,8000
545547,event,0,1
551223,packet,1,0,0,0,52,8000
551434,event,0,1
557329,packet,1,0,0,0,52,8000
557539,event,0,1
563222,packet,1,0,0,0,52,8000
563432,event,0,1
569308,packet,1,0,0,0,52,8000
569518,event,0,1
576861,event,1,1
577071,action,1,1
597150,packet,1,0,0,0,52,8000
597361,event,0,0
597570,action,0,0
603051,packet,1,0,0,0,53,8000
603260,event,0,1
609024,packet,1,0,0,0,54,8000
609234,event,0,1
615222,packet,1,0,0,0,53,8000
615432,event,0,1
621095,packet,1,0,0,0,53,8000
621305,event,0,1
627194,packet,1,0,0,0,53,8000
627403,event,0,1
633092,packet,1,0,0,0,53,8000
633302,event,0,1
639186,packet,1,0,0,0,53,8000
639397,event,0,1
645102,packet,1,0,0,0,53,8000
645315,event,0,1
651187,packet,1,0,0,0,53,8000
651397,event,0,1
657090,packet,1,0,0,0,53,8000
657300,event,0,1
663173,packet,1,0,0,0,53,8000
663383,event,0,1
670744,event,1,1
670952,action,1,1
687866,packet,1,0,0,0,60,8000
688076,event,0,0
688285,action,0,0
693752,packet,1,0,0,0,59,8000
693962,event,0,1
699863,packet,1,0,0,0,60,8000
700071,event,0,1
705947,packet,1,0,0,0,60,8000
706157,event,0,1
711848,packet,1,0,0,0,60,8000
712058,event,0,1
717916,packet,1,0,0,0,60,8000
718139,event,0,1
723914,packet,1,0,0,0,60,8000
724124,event,0,1
729792,packet,1,0,0,0,60,8000
730002,event,0,1
735895,packet,1,0,0,0,59,8000
736116,event,0,1
741807,packet,1,0,0,0,61,8000
742017,event,0,1
747895,packet,1,0,0,0,60,8000
748105,event,0,1
754011,packet,1,0,0,0,60,8000
754221,event,0,1
759906,packet,1,0,0,0,63,8000
760116,event,0,1
767473,event,1,1
767682,action,1,1
787773,packet,1,0,0,0,63,8000
787983,event,0,0
788192,action,0,0
793860,packet,1,0,0,0,65,8000
794070,event,0,1
799861,packet,1,0,0,0,63,8000
800072,event,0,1
805745,packet,1,0,0,0,65,8000
805956,event,0,1
811741,packet,1,0,0,0,64,8000
811951,event,0,1
817726,packet,1,0,0,0,65,8000
817936,event,0,1
823813,packet,1,0,0,0,65,8000
824023,event,0,1
829809,packet,1,0,0,0,64,8000
830018,event,0,1
835897,packet,1,0,0,0,64,8000
836107,event,0,1
841814,packet,1,0,0,0,64,8000
842024,event,0,1
847911,packet,1,0,0,0,64,8000
848122,event,0,1
855502,event,1,1
855711,action,1,1
871993,packet,1,0,0,0,55,8000
872207,event,0,0
872417,action,0,0
877885,packet,1,0,0,0,55,8000
878096,event,0,1
884007,packet,1,0,0,0,55,8000
884218,event,0,1
889887,packet,1,0,0,0,55,8000
890098,event,0,1
896014,packet,1,0,0,0,55,8000
896224,event,0,1
901895,packet,1,0,0,0,55,8000
902106,event,0,1
907998,packet,1,0,0,0,55,8000
908220,event,0,1
913993,packet,1,0,0,0,55,8000
914203,event,0,1
919873,packet,1,0,0,0,55,8000
920084,event,0,1
926000,packet,1,0,0,0,58,8000
926210,event,0,1
931881,packet,1,0,0,0,56,8000
932097,event,0,1
939466,event,1,1
939675,action,1,1
