DELAY_PING:6000 RSSI_THRESHOLD:65
59781,packet,1,0,0,0,63,8000
59809,event,0,0
59823,action,0,0
65787,packet,1,0,0,0,60,8000
65802,event,0,1
71794,packet,1,0,0,0,60,8000
71810,event,0,1
77801,packet,1,0,0,0,63,8000
77815,event,0,1
83807,packet,1,0,0,0,61,8000
83821,event,0,1
89821,packet,1,0,0,0,66,8000
90835,event,1,1
90849,action,1,1
95827,packet,1,0,0,0,59,8000
95843,event,0,0
95856,action,0,0
101834,packet,1,0,0,0,59,8000
101849,event,0,1
107841,packet,1,0,0,0,60,8000
107856,event,0,1
113862,packet,1,0,0,0,60,8000
113876,event,0,1
120891,event,1,1
120904,action,1,1
138903,packet,1,0,0,0,56,8000
138918,event,0,0
138932,action,0,0
144910,packet,1,0,0,0,56,8000
144924,event,0,1
150916,packet,1,0,0,0,56,8000
150931,event,0,1
156923,packet,1,0,0,0,56,8000
156938,event,0,1
162930,packet,1,0,0,0,56,8000
162945,event,0,1
168936,packet,1,0,0,0,56,8000
168951,event,0,1
174953,packet,1,0,0,0,56,8000
174968,event,0,1
180950,packet,1,0,0,0,55,8000
180965,event,0,1
186956,packet,1,0,0,0,55,8000
186976,event,0,1
192963,packet,1,0,0,0,55,8000
192977,event,0,1
199992,event,1,1
200005,action,1,1
219734,packet,1,0,0,0,59,8000
219748,event,0,0
219762,action,0,0
225740,packet,1,0,0,0,59,8000
225755,event,0,1
231737,packet,1,0,0,0,59,8000
231751,event,0,1
237744,packet,1,0,0,0,59,8000
237759,event,0,1
243750,packet,1,0,0,0,59,8000
243765,event,0,1
249756,packet,1,0,0,0,59,8000
249772,event,0,1
255764,packet,1,0,0,0,59,8000
255779,event,0,1
261770,packet,1,0,0,0,59,8000
261789,event,0,1
267787,packet,1,0,0,0,59,8000
267801,event,0,1
273787,packet,1,0,0,0,59,8000
273803,event,0,1
279790,packet,1,0,0,0,59,8000
279805,event,0,1
285798,packet,1,0,0,0,59,8000
285812,event,0,1
291804,packet,1,0,0,0,59,8000
291819,event,0,1
298832,event,1,1
298846,action,1,1
317347,packet,1,0,0,0,48,8000
317363,event,0,0
317376,action,0,0
323354,packet,1,0,0,0,48,8000
323368,event,0,1
329361,packet,1,0,0,0,48,8000
329376,event,0,1
335368,packet,1,0,0,0,49,8000
335382,event,0,1
341384,packet,1,0,0,0,48,8000
341399,event,0,1
347381,packet,1,0,0,0,48,8000
347397,event,0,1
353391,packet,1,0,0,0,48,8000
353406,event,0,1
359410,packet,1,0,0,0,48,8000
359426,event,0,1
365402,packet,1,0,0,0,48,8000
365416,event,0,1
371408,packet,1,0,0,0,48,8000
371423,event,0,1
377432,packet,1,0,0,0,48,8000
377447,event,0,1
383431,packet,1,0,0,0,48,8000
383447,event,0,1
390460,event,1,1
390473,action,1,1
411267,packet,1,0,0,0,50,8000
411281,event,0,0
411295,action,0,0
417264,packet,1,0,0,0,50,8000
417283,event,0,1
423271,packet,1,0,0,0,50,8000
423285,event,0,1
429278,packet,1,0,0,0,50,8000
429293,event,0,1
435305,packet,1,0,0,0,50,8000
435319,event,0,1
441291,packet,1,0,0,0,50,8000
441306,event,0,1
447298,packet,1,0,0,0,50,8000
447313,event,0,1
453314,packet,1,0,0,0,50,8000
453329,event,0,1
459312,packet,1,0,0,0,50,8000
459326,event,0,1
465318,packet,1,0,0,0,50,8000
465334,event,0,1
472347,event,1,1
472360,action,1,1
493062,packet,1,0,0,0,53,8000
493087,event,0,0
493105,action,0,0
499068,packet,1,0,0,0,52,8000
499084,event,0,1
505075,packet,1,0,0,0,53,8000
505091,event,0,1
511082,packet,1,0,0,0,53,8000
511096,event,0,1
517093,packet,1,0,0,0,52,8000
517108,event,0,1
523105,packet,1,0,0,0,52,8000
523120,event,0,1
529102,packet,1,0,0,0,53,8000
529118,event,0,1
535109,packet,1,0,0,0,53,8000
535124,event,0,1
541116,packet,1,0,0,0,53,8000
541130,event,0,1
547124,packet,1,0,0,0,53,8000
547138,event,0,1
553129,packet,1,0,0,0,53,8000
553145,event,0,1
559136,packet,1,0,0,0,53,8000
559151,event,0,1
565153,packet,1,0,0,0,52,8000
565169,event,0,1
572182,event,1,1
572195,action,1,1
592925,packet,1,0,0,0,56,8000
592940,event,0,0
592953,action,0,0
598925,packet,1,0,0,0,56,8000
598939,event,0,1
604925,packet,1,0,0,0,57,8000
604940,event,0,1
610944,packet,1,0,0,0,56,8000
610958,event,0,1
616943,packet,1,0,0,0,56,8000
616957,event,0,1
622946,packet,1,0,0,0,56,8000
622960,event,0,1
628952,packet,1,0,0,0,56,8000
628967,event,0,1
634958,packet,1,0,0,0,56,8000
634977,event,0,1
640979,packet,1,0,0,0,56,8000
640994,event,0,1
646973,packet,1,0,0,0,56,8000
646987,event,0,1
652979,packet,1,0,0,0,57,8000
652994,event,0,1
658987,packet,1,0,0,0,58,8000
659001,event,0,1
666014,event,1,1
666028,action,1,1
683660,packet,1,0,0,0,63,8000
683674,event,0,0
683687,action,0,0
689678,packet,1,0,0,0,63,8000
689692,event,0,1
695668,packet,1,0,0,0,63,8000
695683,event,0,1
701675,packet,1,0,0,0,62,8000
701689,event,0,1
707698,packet,1,0,0,0,62,8000
707717,event,0,1
713689,packet,1,0,0,0,62,8000
713704,event,0,1
719696,packet,1,0,0,0,63,8000
719712,event,0,1
725707,packet,1,0,0,0,63,8000
725723,event,0,1
731713,packet,1,0,0,0,63,8000
731728,event,0,1
737721,packet,1,0,0,0,63,8000
737736,event,0,1
743728,packet,1,0,0,0,63,8000
743753,event,0,1
749734,packet,1,0,0,0,63,8000
749749,event,0,1
755745,packet,1,0,0,0,61,8000
755761,event,0,1
762774,event,1,1
762799,action,1,1
783610,packet,1,0,0,0,58,8000
783626,event,0,0
783640,action,0,0
789618,packet,1,0,0,0,57,8000
789633,event,0,1
795625,packet,1,0,0,0,57,8000
795639,event,0,1
801631,packet,1,0,0,0,58,8000
801646,event,0,1
807639,packet,1,0,0,0,58,8000
807654,event,0,1
813644,packet,1,0,0,0,58,8000
813660,event,0,1
819652,packet,1,0,0,0,57,8000
819667,event,0,1
825659,packet,1,0,0,0,58,8000
825674,event,0,1
831665,packet,1,0,0,0,57,8000
831680,event,0,1
837677,packet,1,0,0,0,58,8000
837692,event,0,1
843679,packet,1,0,0,0,58,8000
843695,event,0,1
850708,event,1,1
850725,action,1,1
867740,packet,1,0,0,0,58,8000
867755,event,0,0
867769,action,0,0
873737,packet,1,0,0,0,56,8000
873752,event,0,1
879745,packet,1,0,0,0,56,8000
879759,event,0,1
885750,packet,1,0,0,0,57,8000
885766,event,0,1
891757,packet,1,0,0,0,57,8000
891772,event,0,1
897764,packet,1,0,0,0,56,8000
897796,event,0,1
903772,packet,1,0,0,0,57,8000
903787,event,0,1
909804,packet,1,0,0,0,56,8000
909819,event,0,1
915788,packet,1,0,0,0,56,8000
915804,event,0,1
921792,packet,1,0,0,0,57,8000
921810,event,0,1
927799,packet,1,0,0,0,57,8000
927814,event,0,1
934827,event,1,1
934840,action,1,1
