p:4000,20000,6000,600,8000,4000,2000,8000,70
15036,0,0
15136,0,0
15236,0,0
15336,0,0
15436,0,0
15536,0,0
15636,0,0
15736,0,0
15836,0,0
15936,0,0
16036,0,0
16136,0,0
16505,0,0
16605,0,1
16705,0,1
16805,0,1
16905,0,1
17005,0,1
17105,0,1
17205,0,1
17305,0,1
17405,0,1
17505,0,1
17605,0,1
17705,0,1
17805,0,1
17905,0,1
18005,0,1
18105,0,1
18205,0,1
18305,0,1
18405,0,1
18505,0,1
18605,0,1
18705,0,1
18805,0,1
18905,0,1
19006,0,1
19105,0,1
19205,0,1
19305,0,1
19405,0,1
19505,0,1
19605,0,1
19705,0,1
19805,0,1
19905,0,1
20005,0,1
20105,0,1
20205,0,1
20305,0,1
20405,0,1
20532,0,0
20632,0,0
20732,0,0
20832,0,0
20932,0,0
21032,0,0
21132,0,0
21232,0,0
21332,0,0
21432,0,0
21532,0,0
21632,0,0
21732,0,0
21832,0,0
21932,0,0
22032,0,0
22132,0,0
22232,0,0
22333,0,0
22433,0,0
22533,0,0
22633,0,0
22733,0,0
22833,0,0
22933,0,0
23033,0,0
23133,0,0
23233,0,0
23333,0,0
23433,0,0
23533,0,0
23633,0,0
23733,0,0
23833,0,0
23933,0,0
24033,0,0
24133,0,0
24233,0,0
24333,0,0
24433,0,0
24533,0,0
24633,0,0
24733,0,0
24833,0,0
24933,0,0
25033,0,0
25133,0,0
25234,0,0
25334,0,0
25434,0,0
25534,0,0
25634,0,0
25734,0,0
25834,0,0
25934,0,0
26034,0,0
26134,0,0
26234,0,0
26334,0,0
26434,0,0
26534,0,0
26634,0,0
26734,0,0
26834,0,0
26934,0,0
27034,0,0
27134,0,0
27234,0,0
27334,0,0
27434,0,0
27534,0,0
27634,0,0
27734,0,0
27834,0,0
27934,0,0
28034,0,0
28135,0,0
28235,0,0
28335,0,0
28435,0,0
28535,0,0
28635,0,0
28735,0,0
28835,0,0
28935,0,0
29035,0,0
29135,0,0
29235,0,0
29335,0,0
29435,0,0
29535,0,0
29635,0,0
29735,0,0
29835,0,0
29935,0,0
30035,0,0
30135,0,0
30235,0,0
30335,0,0
30435,0,0
30535,0,0
30635,0,0
30735,0,0
30835,0,0
30935,0,0
31036,0,0
31136,0,0
31236,0,0
31336,0,0
31436,0,0
31536,0,0
31636,0,0
31736,0,0
31836,0,0
31936,0,0
32036,0,0
32136,0,0
32236,0,0
32336,0,0
32436,0,0
32536,0,0
32636,0,0
32736,0,0
32836,0,0
32936,0,0
33036,0,0
33136,0,0
33236,0,0
33336,0,0
33436,0,0
33536,0,0
33636,0,0
33736,0,0
33836,0,0
33936,0,0
34036,0,0
34136,0,0
34236,0,0
34336,0,0
34436,0,0
34536,0,0
34636,0,0
34736,0,0
34836,0,0
34936,0,0
35036,0,0
35122,0,0
35222,0,0
35322,0,0
35422,0,0
35522,0,0
35622,0,0
35722,0,0
35822,0,0
35922,0,0
36022,0,0
36122,0,0
36222,0,0
36322,0,0
36422,0,0
36522,0,0
36622,0,0
36722,0,0
36822,0,0
36922,0,0
37022,0,0
37122,0,0
37222,0,0
37322,0,0
37422,0,0
37522,0,0
37622,0,0
37722,0,0
37822,0,0
37922,0,0
38022,0,0
38122,0,0
38222,0,0
38322,0,0
38422,0,0
38522,0,0
38622,0,0
38722,0,0
38822,0,0
38922,0,0
39022,0,0
39123,0,0
39223,0,0
39323,0,0
39423,0,0
39523,0,0
39623,0,0
39723,0,0
39823,0,0
39923,0,0
40023,0,0
40123,0,0
40223,0,0
40323,0,0
40423,0,0
40523,0,0
40623,0,0
40723,0,0
40823,0,0
40923,0,0
41023,0,0
41123,0,0
41223,0,0
41323,0,0
41423,0,0
41523,0,0
41623,0,0
41723,0,0
41823,0,0
41923,0,0
42023,0,0
42123,0,0
42223,0,0
42323,0,0
42423,0,0
42523,0,0
42623,0,0
42723,0,0
42823,0,0
42923,0,0
43023,0,0
43123,0,0
43223,0,0
43323,0,0
43423,0,0
43523,0,0
43623,0,0
43723,0,0
43823,0,0
43923,0,0
44023,0,0
44123,0,0
44223,0,0
44323,0,0
44423,0,0
44523,0,0
44623,0,0
44723,0,0
44823,0,0
44923,0,0
45023,0,0
45123,0,0
45223,0,0
45323,0,0
45423,0,0
45523,0,0
45623,0,0
45723,0,0
45823,0,0
45923,0,0
46023,0,0
46123,0,0
46223,0,0
46323,0,0
46423,0,0
46523,0,0
46623,0,0
46723,0,0
46823,0,0
46923,0,0
47023,0,0
47122,0,0
47222,0,0
47322,0,0
47422,0,0
47522,0,0
47622,0,0
47722,0,0
47822,0,0
47922,0,0
48022,0,0
48122,0,0
48222,0,0
48322,0,0
48422,0,0
48522,0,0
48622,0,0
48722,0,0
48822,0,0
48922,0,0
49022,0,0
49122,0,0
49222,0,0
49322,0,0
49422,0,0
49522,0,0
49622,0,0
49722,0,0
49822,0,0
49922,0,0
50022,0,0
50122,0,0
50222,0,0
50322,0,0
50422,0,0
50522,0,0
50622,0,0
50722,0,0
50822,0,0
50922,0,0
51022,0,0
51122,0,0
51222,0,0
51322,0,0
51422,0,0
51522,0,0
51622,0,0
51722,0,0
51822,0,0
51922,0,0
52022,0,0
52122,0,0
52222,0,0
52322,0,0
52422,0,0
52522,0,0
52622,0,0
52722,0,0
52822,0,0
52922,0,0
53022,0,0
53122,0,0
53222,0,0
53322,0,0
53422,0,0
53522,0,0
53622,0,0
53722,0,0
53822,0,0
53922,0,0
54022,0,0
54122,0,0
54222,0,0
54322,0,0
54422,0,0
54522,0,0
54622,0,0
54722,0,0
54822,0,0
54922,0,0
55022,0,0
55122,0,0
55222,0,0
55322,0,0
55422,0,0
55522,0,0
55622,0,0
55722,0,0
55822,0,0
55922,0,0
56022,0,0
56122,0,0
56222,0,0
56322,0,0
56422,0,0
56522,0,0
56622,0,0
56722,0,0
56822,0,0
56922,0,0
57022,0,0
57122,0,0
57222,0,0
57322,0,0
57422,0,0
57522,0,0
57622,0,0
57722,0,0
57822,0,0
57922,0,0
58022,0,0
58122,0,0
58222,0,0
58322,0,0
58422,0,0
58522,0,0
58622,0,0
58722,0,0
58822,0,0
58922,0,0
59022,0,0
59122,0,0
59222,0,0
59322,0,0
59422,0,0
59522,0,0
59622,0,0
59722,0,0
59822,0,0
59922,0,0
60022,0,0
60122,0,0
60222,0,0
60322,0,0
60422,0,0
60522,0,0
60622,0,0
60722,0,0
60822,0,0
60922,0,0
61022,0,0
61122,0,0
61222,0,0
61322,0,0
61422,0,0
61522,0,0
61622,0,0
61722,0,0
61822,0,0
61922,0,0
62022,0,0
62122,0,0
62222,0,0
62322,0,0
62422,0,0
62522,0,0
62622,0,0
62722,0,0
62822,0,0
62922,0,0
63022,0,0
63122,0,0
63222,0,0
63322,0,0
63422,0,0
63522,0,0
63622,0,0
63722,0,0
63822,0,0
63922,0,0
64022,0,0
64122,0,0
64222,0,0
64322,0,0
64422,0,0
64522,0,0
64622,0,0
64722,0,0
64822,0,0
64922,0,0
65022,0,0
65122,0,0
65222,0,0
65322,0,0
65422,0,0
65522,0,0
65622,0,0
65722,0,0
65822,0,0
65922,0,0
66022,0,0
66122,0,0
66222,0,0
66322,0,0
66422,0,0
66522,0,0
66622,0,0
66722,0,0
66822,0,0
66922,0,0
67022,0,0
67122,0,0
67222,0,0
67322,0,0
67422,0,0
67522,0,0
67622,0,0
67722,0,0
67822,0,0
67922,0,0
68022,0,0
68122,0,0
68222,0,0
68322,0,0
68422,0,0
68522,0,0
68622,0,0
68722,0,0
68822,0,0
68922,0,0
69022,0,0
69122,0,0
69222,0,0
69322,0,0
69422,0,0
69522,0,0
69622,0,0
69722,0,0
69822,0,0
69922,0,0
70022,0,0
70122,0,0
70222,0,0
70322,0,0
70422,0,0
70522,0,0
70622,0,0
70722,0,0
70822,0,0
70922,0,0
71022,0,0
71122,0,0
71222,0,0
71322,0,0
71422,0,0
71522,0,0
71622,0,0
71722,0,0
71822,0,0
71922,0,0
72022,0,0
72122,0,0
72222,0,0
72322,0,0
72422,0,0
72522,0,0
72622,0,0
72722,0,0
72822,0,0
72922,0,0
73022,0,0
73122,0,0
73222,0,0
73322,0,0
73422,0,0
73522,0,0
73624,0,0
73724,0,0
73824,0,0
73924,0,0
74024,0,0
74222,0,0
74322,0,1
74422,0,1
74522,0,1
74622,0,1
74722,0,1
74822,0,1
74922,0,1
75022,0,1
75122,0,1
75222,0,1
75322,0,1
75422,0,1
75522,0,1
75622,0,1
75722,0,1
75822,0,1
75922,0,1
76022,0,1
76122,0,1
76222,0,1
76322,0,1
76423,0,1
76523,0,1
76623,0,1
76723,0,1
76823,0,1
76923,0,1
77023,0,1
77123,0,1
77223,0,1
77323,0,1
77423,0,1
77523,0,1
77623,0,1
77723,0,1
77823,0,1
77923,0,1
78023,0,1
78123,0,1
78250,0,0
78350,0,0
78450,0,0
78550,0,0
78650,0,0
78948,0,0
79048,0,1
79148,0,1
79248,0,1
79348,0,1
79448,0,1
79548,0,1
79648,0,1
79748,0,1
79848,0,1
79948,0,1
80048,0,1
80148,0,1
80248,0,1
80348,0,1
80448,0,1
80548,0,1
80648,0,1
80748,0,1
80848,0,1
80948,0,1
81048,0,1
81148,0,1
81248,0,1
81348,0,1
81448,0,1
81559,0,1
81659,0,1
81759,0,1
81859,0,1
81959,0,1
82059,0,1
82159,0,1
82259,0,1
82359,0,1
82459,0,1
82559,0,1
82659,0,1
82759,0,1
82859,0,1
82959,0,1
83059,0,0
83159,0,0
83827,0,0
83926,0,1
84026,0,1
84126,0,1
84234,0,1
84334,1,2
84434,1,2
84534,1,2
84634,1,2
84734,1,2
84834,1,2
84934,1,2
85034,1,2
85134,1,2
85234,1,2
85334,1,2
85434,1,2
85534,1,2
85624,1,2
85725,1,2
85825,1,2
85925,1,2
86025,1,2
86125,1,2
86253,0,0
86353,0,0
86453,0,0
86553,0,0
86653,0,0
86753,0,0
86853,0,0
86953,0,0
87053,0,0
87153,0,0
87253,0,0
87353,0,0
87453,0,0
87553,0,0
87653,0,0
87753,0,0
87853,0,0
87953,0,0
88053,0,0
88153,0,0
88253,0,0
88827,0,0
88927,0,1
89027,0,1
89127,0,1
89227,0,1
89327,0,1
89427,0,1
89527,0,1
89635,0,1
89735,0,1
89835,0,1
89935,0,1
90035,0,1
90135,0,1
90235,0,1
90335,0,1
90435,0,1
90535,0,1
90635,0,1
90735,0,1
90835,0,1
90935,0,1
91035,0,1
91135,0,1
91235,0,1
91335,0,1
91435,0,1
91536,0,1
91636,0,1
91736,0,1
91836,0,1
91936,0,1
92036,0,1
92136,0,1
92236,0,1
92336,0,1
92436,0,1
92536,0,1
92636,0,1
92736,0,1
92864,0,0
92964,0,0
93064,0,0
93164,0,0
93264,0,0
93364,0,0
93464,0,0
93564,0,0
93664,0,0
93764,0,0
93864,0,0
93964,0,0
94064,0,0
94164,0,0
94264,0,0
94364,0,0
94464,0,0
94565,0,0
94665,0,0
94765,0,0
94865,0,0
94965,0,0
95065,0,0
95165,0,0
95265,0,0
95365,0,0
95465,0,0
95565,0,0
95665,0,0
95765,0,0
95865,0,0
95965,0,0
96065,0,0
96165,0,0
96265,0,0
96365,0,0
96578,0,0
96678,0,1
96778,0,1
96878,0,1
96978,0,1
97078,0,1
97178,0,1
97278,0,1
97378,0,1
97478,0,1
97578,0,1
97669,0,1
97769,0,1
97869,0,1
97970,0,1
98070,0,1
98170,0,1
98270,0,1
98370,0,1
98470,0,1
98570,0,1
98670,0,1
98770,0,1
98870,0,1
98970,0,1
99070,0,1
99170,0,1
99270,0,1
99370,0,1
99470,0,1
99570,0,1
99670,0,1
99770,0,1
99870,0,1
99970,0,1
100070,0,1
100170,0,1
100270,0,1
100370,0,1
100470,0,1
100598,0,0
100698,0,0
100798,0,0
100898,0,0
100999,0,0
101099,0,0
101199,0,0
101299,0,0
101399,0,0
101499,0,0
101608,0,0
101708,0,0
101808,0,0
101908,0,0
102008,0,0
102108,0,0
102208,0,0
102308,0,0
102408,0,0
102508,0,0
102608,0,0
102708,0,0
102808,0,0
102908,0,0
103008,0,0
103108,0,0
103208,0,0
103308,0,0
103408,0,0
103508,0,0
103608,0,0
103708,0,0
103808,0,0
103909,0,0
104009,0,0
104109,0,0
104209,0,0
104309,0,0
104409,0,0
104509,0,0
104609,0,0
105158,0,0
105258,0,1
105358,0,1
105458,0,1
105558,0,1
105659,0,1
105729,0,0
105829,0,0
105929,0,0
106029,0,0
106129,0,0
106229,0,0
106329,0,0
106429,0,0
106529,0,0
106629,0,0
106729,0,0
106829,0,0
106929,0,0
107029,0,0
107129,0,0
107229,0,0
107329,0,0
107429,0,0
107529,0,0
107629,0,0
107729,0,0
107829,0,0
107929,0,0
108029,0,0
108129,0,0
108229,0,0
108329,0,0
108429,0,0
108530,0,0
108630,0,0
109129,0,0
109229,0,1
109329,0,1
109429,0,1
109529,0,1
109629,0,1
109759,0,1
109859,0,1
109959,0,1
110059,0,1
110159,0,1
110259,0,1
110359,0,1
110459,0,1
110559,0,1
110659,0,1
110759,0,1
110859,0,1
110959,0,1
111059,0,1
111159,0,1
111259,0,1
111359,0,1
111459,0,1
111559,0,1
111659,0,1
111760,0,1
111860,0,1
111960,0,1
112060,0,1
112160,0,1
112260,0,1
112360,0,1
112460,0,1
112560,0,1
112660,0,1
112760,0,1
112860,0,1
112960,0,1
113060,0,1
113188,0,0
113288,0,0
113388,0,0
113488,0,0
113588,0,0
113688,0,0
113788,0,0
113888,0,0
113988,0,0
114088,0,0
114188,0,0
114288,0,0
114388,0,0
114488,0,0
114588,0,0
114688,0,0
114789,0,0
114889,0,0
114989,0,0
115089,0,0
115189,0,0
115289,0,0
115389,0,0
115489,0,0
115589,0,0
115689,0,0
115789,0,0
115889,0,0
115989,0,0
116089,0,0
116189,0,0
116289,0,0
116389,0,0
116489,0,0
116589,0,0
116689,0,0
116789,0,0
116889,0,0
116989,0,0
117089,0,0
117189,0,0
117289,0,0
117389,0,0
117489,0,0
117589,0,0
117689,0,0
117789,0,0
117889,0,0
117989,0,0
118089,0,0
118189,0,0
118289,0,0
118389,0,0
118489,0,0
118589,0,0
118689,0,0
118789,0,0
118889,0,0
118989,0,0
119089,0,0
119189,0,0
119289,0,0
119389,0,0
119489,0,0
119589,0,0
119689,0,0
119789,0,0
119889,0,0
119989,0,0
120089,0,0
120189,0,0
120289,0,0
120389,0,0
120489,0,0
120589,0,0
120689,0,0
120789,0,0
120889,0,0
120989,0,0
121089,0,0
121189,0,0
121289,0,0
121389,0,0
121489,0,0
121589,0,0
121689,0,0
121789,0,0
121889,0,0
121989,0,0
122089,0,0
122189,0,0
122289,0,0
122389,0,0
122489,0,0
122589,0,0
122689,0,0
122789,0,0
122889,0,0
122989,0,0
123089,0,0
123189,0,0
123289,0,0
123389,0,0
123489,0,0
123589,0,0
123689,0,0
123789,0,0
123889,0,0
123989,0,0
124089,0,0
124189,0,0
124289,0,0
124389,0,0
124489,0,0
124589,0,0
124689,0,0
124789,0,0
124889,0,0
124989,0,0
125089,0,0
125189,0,0
125289,0,0
125389,0,0
125489,0,0
125589,0,0
125689,0,0
125789,0,0
125889,0,0
126212,0,0
126312,0,1
126412,0,1
126512,0,1
126612,1,2
126712,1,2
126812,1,2
126912,1,2
127012,1,2
127112,1,2
127212,1,2
127312,1,2
127412,1,2
127512,1,2
127612,1,2
127712,1,2
127812,1,2
127912,1,2
128012,1,2
128112,1,2
128212,1,2
128312,1,2
128412,1,2
128516,1,2
128635,0,0
128735,0,0
128835,0,0
128935,0,0
129035,0,0
129135,0,0
129235,0,0
129335,0,0
129435,0,0
129535,0,0
129635,0,0
129735,0,0
129889,0,0
129989,0,0
130089,0,0
130189,0,0
130289,0,0
130389,0,0
130489,0,0
130589,0,0
130689,0,0
131187,0,0
131287,0,1
131388,0,1
131488,0,1
131588,0,1
131688,0,1
131788,0,1
131888,0,1
131988,0,1
132088,0,1
132188,0,1
132288,0,1
132388,0,1
132488,0,1
132588,0,1
132688,0,1
132788,0,1
132888,0,1
132988,0,1
133088,0,1
133188,0,1
133288,0,1
133388,0,1
133488,0,1
133588,0,1
133688,0,1
133788,0,1
133887,0,1
133987,0,1
134087,0,1
134187,0,1
134288,0,1
134388,0,1
134488,0,1
134588,0,1
134688,0,1
134788,0,1
134888,0,1
134988,0,1
135088,0,1
135214,0,0
135314,0,0
135414,0,0
135514,0,0
135614,0,0
135714,0,0
135814,0,0
135914,0,0
136014,0,0
136114,0,0
136214,0,0
136314,0,0
136414,0,0
136514,0,0
136614,0,0
136714,0,0
136814,0,0
136914,0,0
137014,0,0
137114,0,0
137214,0,0
137314,0,0
137414,0,0
137514,0,0
137614,0,0
137714,0,0
137814,0,0
137914,0,0
138014,0,0
138114,0,0
138214,0,0
138314,0,0
138414,0,0
138514,0,0
138614,0,0
138714,0,0
138814,0,0
138914,0,0
139014,0,0
139114,0,0
139214,0,0
139314,0,0
139414,0,0
139514,0,0
139614,0,0
139714,0,0
139814,0,0
139914,0,0
140014,0,0
140114,0,0
140214,0,0
140314,0,0
140414,0,0
140514,0,0
140614,0,0
140714,0,0
140815,0,0
140915,0,0
141015,0,0
141115,0,0
141215,0,0
141315,0,0
141415,0,0
141515,0,0
141615,0,0
141715,0,0
141815,0,0
141915,0,0
142015,0,0
142115,0,0
142215,0,0
142315,0,0
142415,0,0
142515,0,0
142615,0,0
142715,0,0
142815,0,0
142915,0,0
143015,0,0
143115,0,0
143215,0,0
143315,0,0
143415,0,0
143515,0,0
143615,0,0
143716,0,0
143816,0,0
143916,0,0
144016,0,0
144116,0,0
144216,0,0
144316,0,0
144416,0,0
144516,0,0
144616,0,0
144716,0,0
144816,0,0
144916,0,0
145016,0,0
145116,0,0
145216,0,0
145316,0,0
145416,0,0
145516,0,0
145616,0,0
145716,0,0
145816,0,0
145916,0,0
146016,0,0
146116,0,0
146216,0,0
146316,0,0
146416,0,0
146516,0,0
146616,0,0
146716,0,0
146816,0,0
146916,0,0
147016,0,0
147116,0,0
147216,0,0
147316,0,0
147416,0,0
147516,0,0
147616,0,0
147716,0,0
147816,0,0
147916,0,0
148016,0,0
148116,0,0
148216,0,0
148316,0,0
148416,0,0
148516,0,0
148616,0,0
148716,0,0
148816,0,0
148916,0,0
149016,0,0
149116,0,0
149216,0,0
149316,0,0
149416,0,0
149516,0,0
149616,0,0
149716,0,0
149816,0,0
149916,0,0
150016,0,0
150116,0,0
150216,0,0
150316,0,0
150416,0,0
150516,0,0
150616,0,0
150716,0,0
150816,0,0
150916,0,0
151016,0,0
151116,0,0
151216,0,0
151316,0,0
151416,0,0
151516,0,0
151616,0,0
151716,0,0
151816,0,0
151916,0,0
152016,0,0
152116,0,0
152216,0,0
152316,0,0
152416,0,0
152516,0,0
152616,0,0
152716,0,0
152816,0,0
152916,0,0
153016,0,0
153116,0,0
153216,0,0
153316,0,0
153416,0,0
153516,0,0
153616,0,0
153716,0,0
153816,0,0
153917,0,0
154017,0,0
154117,0,0
154217,0,0
154317,0,0
154417,0,0
154517,0,0
154617,0,0
154717,0,0
154817,0,0
154917,0,0
155017,0,0
155117,0,0
155217,0,0
155317,0,0
155417,0,0
155517,0,0
155617,0,0
155717,0,0
155817,0,0
155917,0,0
156017,0,0
156117,0,0
156217,0,0
156317,0,0
156417,0,0
156517,0,0
156617,0,0
156717,0,0
156817,0,0
156917,0,0
157017,0,0
157117,0,0
157217,0,0
157317,0,0
157417,0,0
157517,0,0
157617,0,0
157717,0,0
157817,0,0
157915,0,0
158015,0,0
158115,0,0
158215,0,0
158315,0,0
158415,0,0
158515,0,0
158615,0,0
158715,0,0
158815,0,0
158915,0,0
159015,0,0
159115,0,0
159215,0,0
159315,0,0
159415,0,0
159515,0,0
159615,0,0
159715,0,0
159815,0,0
159915,0,0
160015,0,0
160115,0,0
160215,0,0
160315,0,0
160415,0,0
160515,0,0
160615,0,0
160715,0,0
160815,0,0
160915,0,0
161015,0,0
161115,0,0
161215,0,0
161315,0,0
161415,0,0
161515,0,0
161615,0,0
161715,0,0
161815,0,0
161914,0,0
162014,0,0
162114,0,0
162214,0,0
162314,0,0
162414,0,0
162514,0,0
162614,0,0
162714,0,0
162814,0,0
162914,0,0
163014,0,0
163114,0,0
163214,0,0
163314,0,0
163414,0,0
163514,0,0
163614,0,0
163714,0,0
163814,0,0
163914,0,0
164014,0,0
164114,0,0
164214,0,0
164314,0,0
164414,0,0
164514,0,0
164614,0,0
164714,0,0
164814,0,0
164914,0,0
165014,0,0
165114,0,0
165214,0,0
165314,0,0
165414,0,0
165514,0,0
165614,0,0
165714,0,0
165814,0,0
165916,0,0
166016,0,0
166116,0,0
166216,0,0
166316,0,0
166416,0,0
166516,0,0
166616,0,0
166716,0,0
166816,0,0
166916,0,0
167016,0,0
167116,0,0
167216,0,0
167316,0,0
167416,0,0
167516,0,0
167616,0,0
167716,0,0
167816,0,0
167916,0,0
168016,0,0
168116,0,0
168216,0,0
168316,0,0
168416,0,0
168516,0,0
168616,0,0
168716,0,0
168816,0,0
168916,0,0
169016,0,0
169116,0,0
169216,0,0
169316,0,0
169416,0,0
169516,0,0
169616,0,0
169716,0,0
169816,0,0
169916,0,0
170016,0,0
170116,0,0
170216,0,0
170316,0,0
170416,0,0
170516,0,0
170616,0,0
170716,0,0
170816,0,0
170916,0,0
171016,0,0
171116,0,0
171216,0,0
171316,0,0
171416,0,0
171516,0,0
171616,0,0
171716,0,0
171816,0,0
171916,0,0
172016,0,0
172116,0,0
172216,0,0
172316,0,0
172416,0,0
172516,0,0
172616,0,0
172716,0,0
172816,0,0
172916,0,0
173016,0,0
173116,0,0
173216,0,0
173316,0,0
173416,0,0
173516,0,0
173616,0,0
173716,0,0
173816,0,0
173916,0,0
174016,0,0
174116,0,0
174216,0,0
174316,0,0
174416,0,0
174516,0,0
174616,0,0
174716,0,0
174816,0,0
174916,0,0
175016,0,0
175116,0,0
175216,0,0
175316,0,0
175416,0,0
175516,0,0
175616,0,0
175716,0,0
175816,0,0
175916,0,0
176016,0,0
176116,0,0
176216,0,0
176316,0,0
176416,0,0
176516,0,0
176616,0,0
176716,0,0
176816,0,0
176916,0,0
177016,0,0
177116,0,0
177216,0,0
177316,0,0
177416,0,0
177516,0,0
177616,0,0
177716,0,0
177816,0,0
177916,0,0
178016,0,0
178116,0,0
178216,0,0
178316,0,0
178416,0,0
178516,0,0
178616,0,0
178716,0,0
178816,0,0
178916,0,0
179016,0,0
179116,0,0
179216,0,0
179316,0,0
179416,0,0
179516,0,0
179616,0,0
179716,0,0
179816,0,0
179916,0,0
180016,0,0
180116,0,0
180216,0,0
180316,0,0
180416,0,0
180516,0,0
180616,0,0
180716,0,0
180816,0,0
180916,0,0
181016,0,0
181116,0,0
181216,0,0
181316,0,0
181416,0,0
181516,0,0
181616,0,0
181716,0,0
181816,0,0
181916,0,0
182016,0,0
182116,0,0
182216,0,0
182316,0,0
182416,0,0
182516,0,0
182616,0,0
182716,0,0
182816,0,0
182916,0,0
183016,0,0
183116,0,0
183216,0,0
183316,0,0
183416,0,0
183516,0,0
183616,0,0
183716,0,0
183816,0,0
183916,0,0
184016,0,0
184116,0,0
184216,0,0
184316,0,0
184416,0,0
184516,0,0
184616,0,0
184716,0,0
184816,0,0
184916,0,0
185016,0,0
185116,0,0
185216,0,0
185316,0,0
185416,0,0
185516,0,0
185616,0,0
185716,0,0
185816,0,0
185915,0,0
186015,0,0
186115,0,0
186215,0,0
186315,0,0
186415,0,0
186515,0,0
186615,0,0
186715,0,0
186815,0,0
186915,0,0
187015,0,0
187115,0,0
187215,0,0
187315,0,0
187415,0,0
187515,0,0
187615,0,0
187715,0,0
187815,0,0
187915,0,0
188015,0,0
188115,0,0
188215,0,0
188315,0,0
188415,0,0
188515,0,0
188615,0,0
188715,0,0
188815,0,0
188915,0,0
189015,0,0
189115,0,0
189215,0,0
189315,0,0
189415,0,0
189515,0,0
189615,0,0
189715,0,0
189815,0,0
189914,0,0
190014,0,0
190114,0,0
190214,0,0
190314,0,0
190414,0,0
190514,0,0
190614,0,0
190714,0,0
190814,0,0
190914,0,0
191014,0,0
191114,0,0
191214,0,0
191314,0,0
191414,0,0
191514,0,0
191614,0,0
191714,0,0
191814,0,0
191914,0,0
192014,0,0
192114,0,0
192214,0,0
192314,0,0
192414,0,0
192514,0,0
192614,0,0
192714,0,0
192814,0,0
192914,0,0
193014,0,0
193114,0,0
193214,0,0
193314,0,0
193414,0,0
193514,0,0
193614,0,0
193714,0,0
193814,0,0
193914,0,0
194014,0,0
194114,0,0
194214,0,0
194314,0,0
194414,0,0
194514,0,0
194614,0,0
194714,0,0
194814,0,0
194914,0,0
195014,0,0
195114,0,0
195214,0,0
195314,0,0
195414,0,0
195514,0,0
195614,0,0
195714,0,0
195814,0,0
195914,0,0
196014,0,0
196114,0,0
196214,0,0
196314,0,0
196414,0,0
196514,0,0
196614,0,0
196714,0,0
196814,0,0
196914,0,0
197014,0,0
197114,0,0
197214,0,0
197314,0,0
197414,0,0
197514,0,0
197614,0,0
197714,0,0
197814,0,0
197914,0,0
198014,0,0
198114,0,0
198214,0,0
198314,0,0
198414,0,0
198514,0,0
198614,0,0
198714,0,0
198814,0,0
198914,0,0
199014,0,0
199114,0,0
199214,0,0
199314,0,0
199414,0,0
199514,0,0
199614,0,0
199714,0,0
199814,0,0
199914,0,0
200014,0,0
200114,0,0
200214,0,0
200314,0,0
200414,0,0
200514,0,0
200614,0,0
200714,0,0
200814,0,0
200914,0,0
201014,0,0
201114,0,0
201214,0,0
201314,0,0
201414,0,0
201514,0,0
201614,0,0
201714,0,0
201814,0,0
201914,0,0
202015,0,0
202115,0,0
202215,0,0
202315,0,0
202415,0,0
202515,0,0
202615,0,0
202715,0,0
202815,0,0
202915,0,0
203015,0,0
203115,0,0
203215,0,0
203315,0,0
203415,0,0
203515,0,0
203615,0,0
203715,0,0
203815,0,0
203915,0,0
204015,0,0
204115,0,0
204215,0,0
204315,0,0
204415,0,0
204515,0,0
204615,0,0
204715,0,0
204815,0,0
204915,0,0
205015,0,0
205115,0,0
205215,0,0
205315,0,0
205415,0,0
205515,0,0
205615,0,0
205715,0,0
205815,0,0
205915,0,0
206014,0,0
206114,0,0
206214,0,0
206314,0,0
206414,0,0
206514,0,0
206614,0,0
206714,0,0
206814,0,0
206914,0,0
207014,0,0
207114,0,0
207214,0,0
207314,0,0
207414,0,0
207514,0,0
207614,0,0
207714,0,0
207814,0,0
207914,0,0
208014,0,0
208114,0,0
208214,0,0
208314,0,0
208414,0,0
208514,0,0
208614,0,0
208714,0,0
208814,0,0
208914,0,0
209014,0,0
209114,0,0
209214,0,0
209314,0,0
209414,0,0
209514,0,0
209614,0,0
209714,0,0
209814,0,0
209914,0,0
210013,0,0
210113,0,0
210213,0,0
210313,0,0
210413,0,0
210513,0,0
210613,0,0
210713,0,0
210813,0,0
210913,0,0
211013,0,0
211113,0,0
211213,0,0
211313,0,0
211413,0,0
211513,0,0
211613,0,0
211713,0,0
211813,0,0
211913,0,0
212013,0,0
212113,0,0
212213,0,0
212313,0,0
212413,0,0
212513,0,0
212613,0,0
212713,0,0
212813,0,0
212913,0,0
213013,0,0
213113,0,0
213213,0,0
213313,0,0
213413,0,0
213513,0,0
213613,0,0
213713,0,0
213813,0,0
213913,0,0
214013,0,0
214113,0,0
214213,0,0
214313,0,0
214413,0,0
214513,0,0
214613,0,0
214713,0,0
214813,0,0
214913,0,0
215013,0,0
215113,0,0
215213,0,0
215313,0,0
215413,0,0
215513,0,0
215613,0,0
215713,0,0
215813,0,0
215913,0,0
216013,0,0
216113,0,0
216213,0,0
216313,0,0
216413,0,0
216513,0,0
216613,0,0
216713,0,0
216813,0,0
216913,0,0
217013,0,0
217113,0,0
217213,0,0
217313,0,0
217413,0,0
217513,0,0
217613,0,0
217713,0,0
217813,0,0
217913,0,0
218013,0,0
218113,0,0
218213,0,0
218313,0,0
218413,0,0
218513,0,0
218613,0,0
218713,0,0
218813,0,0
218913,0,0
219013,0,0
219113,0,0
219213,0,0
219313,0,0
219413,0,0
219513,0,0
219613,0,0
219713,0,0
219813,0,0
219913,0,0
220013,0,0
220113,0,0
220213,0,0
220313,0,0
220413,0,0
220513,0,0
220613,0,0
220713,0,0
220813,0,0
220913,0,0
221013,0,0
221113,0,0
221213,0,0
221313,0,0
221413,0,0
221513,0,0
221613,0,0
221713,0,0
221813,0,0
221913,0,0
222014,0,0
222114,0,0
222214,0,0
222314,0,0
222414,0,0
222514,0,0
222614,0,0
222714,0,0
222814,0,0
222914,0,0
223014,0,0
223114,0,0
223214,0,0
223314,0,0
223414,0,0
223514,0,0
223614,0,0
223714,0,0
223814,0,0
223914,0,0
224014,0,0
224114,0,0
224214,0,0
224314,0,0
224414,0,0
224514,0,0
224614,0,0
224714,0,0
224814,0,0
224914,0,0
225014,0,0
225114,0,0
225214,0,0
225314,0,0
225414,0,0
225514,0,0
225614,0,0
225714,0,0
225814,0,0
225914,0,0
226014,0,0
226114,0,0
226214,0,0
226314,0,0
226414,0,0
226514,0,0
226614,0,0
226714,0,0
226814,0,0
226914,0,0
227014,0,0
227114,0,0
227214,0,0
227314,0,0
227414,0,0
227514,0,0
227614,0,0
227714,0,0
227814,0,0
227914,0,0
228014,0,0
228114,0,0
228214,0,0
228314,0,0
228414,0,0
228514,0,0
228614,0,0
228714,0,0
228814,0,0
228914,0,0
229014,0,0
229114,0,0
229214,0,0
229314,0,0
229414,0,0
229514,0,0
229614,0,0
229714,0,0
229814,0,0
229914,0,0
230014,0,0
230114,0,0
230214,0,0
230314,0,0
230414,0,0
230514,0,0
230614,0,0
230714,0,0
230814,0,0
230914,0,0
231014,0,0
231114,0,0
231214,0,0
231314,0,0
231414,0,0
231514,0,0
231614,0,0
231714,0,0
231814,0,0
231914,0,0
232014,0,0
232114,0,0
232214,0,0
232314,0,0
232414,0,0
232514,0,0
232614,0,0
232714,0,0
232814,0,0
232914,0,0
233014,0,0
233114,0,0
233214,0,0
233314,0,0
233414,0,0
233514,0,0
233614,0,0
233714,0,0
233814,0,0
233914,0,0
234014,0,0
234114,0,0
234214,0,0
234314,0,0
234414,0,0
234514,0,0
234614,0,0
234714,0,0
234814,0,0
234914,0,0
235014,0,0
235114,0,0
235214,0,0
235314,0,0
235414,0,0
235514,0,0
235614,0,0
235714,0,0
235814,0,0
235914,0,0
236014,0,0
236114,0,0
236214,0,0
236314,0,0
236414,0,0
236514,0,0
236614,0,0
236714,0,0
236814,0,0
236914,0,0
237014,0,0
237114,0,0
237214,0,0
237314,0,0
237414,0,0
237514,0,0
237614,0,0
237714,0,0
237814,0,0
237914,0,0
238014,0,0
238114,0,0
238214,0,0
238314,0,0
238414,0,0
238514,0,0
238614,0,0
238714,0,0
238814,0,0
238914,0,0
239014,0,0
239114,0,0
239214,0,0
239314,0,0
239414,0,0
239514,0,0
239614,0,0
239714,0,0
239814,0,0
239914,0,0
240014,0,0
240114,0,0
240214,0,0
240314,0,0
240414,0,0
240514,0,0
240614,0,0
240714,0,0
240814,0,0
240914,0,0
241014,0,0
241114,0,0
241214,0,0
241314,0,0
241414,0,0
241514,0,0
241614,0,0
241714,0,0
241814,0,0
241914,0,0
242014,0,0
242114,0,0
242214,0,0
242314,0,0
242414,0,0
242514,0,0
242614,0,0
242712,0,0
242812,0,0
242912,0,0
243226,0,0
243326,0,1
243426,0,1
243526,0,1
243626,0,1
243726,0,1
243826,0,1
243926,0,1
244026,0,1
244126,0,1
244226,0,1
244326,0,1
244426,0,1
244526,0,1
244626,0,1
244726,0,1
244826,0,1
244926,0,1
245026,0,1
245126,0,1
245226,0,1
245326,0,1
245426,0,1
245526,0,1
245626,0,1
245726,0,1
245826,0,1
245926,0,1
246027,0,1
246127,0,1
246227,0,1
246327,0,1
246427,0,1
246527,0,1
246627,0,1
246727,0,1
246827,0,1
246927,0,1
247027,0,1
247127,0,1
247254,0,0
247354,0,0
247454,0,0
247554,0,0
247654,0,0
247754,0,0
247854,0,0
247954,0,0
248054,0,0
248154,0,0
248254,0,0
248354,0,0
248454,0,0
248554,0,0
248654,0,0
248754,0,0
248854,0,0
248954,0,0
249054,0,0
249154,0,0
249254,0,0
249355,0,0
249455,0,0
249555,0,0
249655,0,0
249755,0,0
249855,0,0
249955,0,0
250055,0,0
250155,0,0
250255,0,0
250355,0,0
250455,0,0
250555,0,0
250655,0,0
250747,0,0
250847,0,0
250947,0,0
251047,0,0
251147,0,0
251247,0,0
251347,0,0
251447,0,0
251547,0,0
251647,0,0
251747,0,0
251847,0,0
251947,0,0
252047,0,0
252147,0,0
252248,0,0
252348,0,0
252448,0,0
252548,0,0
252648,0,0
252748,0,0
252848,0,0
252948,0,0
253048,0,0
253148,0,0
253248,0,0
253348,0,0
253448,0,0
253548,0,0
253648,0,0
253748,0,0
253848,0,0
253948,0,0
254048,0,0
254148,0,0
254248,0,0
254348,0,0
254448,0,0
254548,0,0
254648,0,0
254756,0,0
254856,0,0
254956,0,0
255056,0,0
255156,0,0
255256,0,0
255356,0,0
255456,0,0
255556,0,0
255656,0,0
255756,0,0
255856,0,0
255956,0,0
256056,0,0
256156,0,0
256256,0,0
256356,0,0
256456,0,0
256556,0,0
256656,0,0
256756,0,0
256856,0,0
256956,0,0
257056,0,0
257156,0,0
257256,0,0
257356,0,0
257456,0,0
257556,0,0
257656,0,0
257756,0,0
257856,0,0
257956,0,0
258056,0,0
258156,0,0
258256,0,0
258356,0,0
258456,0,0
258556,0,0
258656,0,0
258756,0,0
258856,0,0
258956,0,0
259056,0,0
259156,0,0
259256,0,0
259356,0,0
259456,0,0
259556,0,0
259656,0,0
259756,0,0
259856,0,0
259956,0,0
260056,0,0
260156,0,0
260256,0,0
260356,0,0
260456,0,0
260556,0,0
260656,0,0
260756,0,0
260856,0,0
260956,0,0
261056,0,0
261156,0,0
261256,0,0
261356,0,0
261456,0,0
261556,0,0
261656,0,0
261756,0,0
261856,0,0
261956,0,0
262056,0,0
262156,0,0
262256,0,0
262356,0,0
262456,0,0
262556,0,0
262656,0,0
262756,0,0
262856,0,0
262956,0,0
263056,0,0
263156,0,0
263256,0,0
263356,0,0
263456,0,0
263556,0,0
263656,0,0
263756,0,0
263856,0,0
263956,0,0
264056,0,0
264156,0,0
264256,0,0
264356,0,0
264456,0,0
264556,0,0
264656,0,0
264756,0,0
264856,0,0
264956,0,0
265056,0,0
265156,0,0
265256,0,0
265356,0,0
265456,0,0
265556,0,0
265656,0,0
265756,0,0
265856,0,0
265956,0,0
266056,0,0
266156,0,0
266256,0,0
266356,0,0
266456,0,0
266556,0,0
266656,0,0
266754,0,0
266854,0,0
266954,0,0
267054,0,0
267154,0,0
267254,0,0
267354,0,0
267454,0,0
267554,0,0
267654,0,0
267754,0,0
267854,0,0
267954,0,0
268054,0,0
268154,0,0
268254,0,0
268354,0,0
268454,0,0
268554,0,0
268654,0,0
268754,0,0
268854,0,0
268954,0,0
269054,0,0
269154,0,0
269254,0,0
269354,0,0
269454,0,0
269554,0,0
269654,0,0
269754,0,0
269854,0,0
269954,0,0
270054,0,0
270154,0,0
270254,0,0
270354,0,0
270454,0,0
270554,0,0
270654,0,0
270755,0,0
270855,0,0
270955,0,0
271055,0,0
271155,0,0
271255,0,0
271355,0,0
271455,0,0
271555,0,0
271655,0,0
271755,0,0
271855,0,0
271955,0,0
272055,0,0
272155,0,0
272255,0,0
272355,0,0
272455,0,0
272555,0,0
272655,0,0
272755,0,0
272855,0,0
272955,0,0
273055,0,0
273155,0,0
273255,0,0
273355,0,0
273455,0,0
273555,0,0
273655,0,0
273755,0,0
273855,0,0
273955,0,0
274055,0,0
274155,0,0
274255,0,0
274355,0,0
274455,0,0
274555,0,0
274655,0,0
274756,0,0
274856,0,0
274956,0,0
275056,0,0
275156,0,0
275256,0,0
275356,0,0
275456,0,0
275556,0,0
275656,0,0
275756,0,0
275856,0,0
275956,0,0
276056,0,0
276156,0,0
276256,0,0
276356,0,0
276456,0,0
276556,0,0
276656,0,0
276756,0,0
276856,0,0
276956,0,0
277056,0,0
277156,0,0
277256,0,0
277356,0,0
277456,0,0
277556,0,0
277656,0,0
277756,0,0
277856,0,0
277956,0,0
278056,0,0
278156,0,0
278256,0,0
278356,0,0
278456,0,0
278556,0,0
278656,0,0
278755,0,0
278855,0,0
278955,0,0
279055,0,0
279155,0,0
279255,0,0
279355,0,0
279455,0,0
279555,0,0
279655,0,0
279755,0,0
279855,0,0
279955,0,0
280055,0,0
280155,0,0
280255,0,0
280355,0,0
280455,0,0
280555,0,0
280655,0,0
280755,0,0
280855,0,0
280955,0,0
281055,0,0
281155,0,0
281255,0,0
281355,0,0
281455,0,0
281555,0,0
281655,0,0
281755,0,0
281855,0,0
281955,0,0
282055,0,0
282155,0,0
282255,0,0
282355,0,0
282455,0,0
282555,0,0
282655,0,0
282755,0,0
282855,0,0
282955,0,0
283055,0,0
283155,0,0
283255,0,0
283355,0,0
283455,0,0
283555,0,0
283655,0,0
283755,0,0
283855,0,0
283955,0,0
284055,0,0
284155,0,0
284255,0,0
284355,0,0
284455,0,0
284555,0,0
284655,0,0
284755,0,0
284855,0,0
284955,0,0
285055,0,0
285155,0,0
285255,0,0
285355,0,0
285455,0,0
285555,0,0
285655,0,0
285755,0,0
285855,0,0
285955,0,0
286055,0,0
286155,0,0
286255,0,0
286355,0,0
286455,0,0
286555,0,0
286655,0,0
286755,0,0
286855,0,0
286955,0,0
287055,0,0
287155,0,0
287255,0,0
287355,0,0
287455,0,0
287555,0,0
287655,0,0
287755,0,0
287855,0,0
287955,0,0
288055,0,0
288155,0,0
288255,0,0
288355,0,0
288455,0,0
288555,0,0
288655,0,0
288755,0,0
288855,0,0
288955,0,0
289055,0,0
289155,0,0
289255,0,0
289355,0,0
289455,0,0
289555,0,0
289655,0,0
289755,0,0
289855,0,0
289955,0,0
290055,0,0
290155,0,0
290255,0,0
290355,0,0
290455,0,0
290555,0,0
290655,0,0
290755,0,0
290855,0,0
290955,0,0
291055,0,0
291155,0,0
291255,0,0
291355,0,0
291455,0,0
291555,0,0
291655,0,0
291755,0,0
291855,0,0
291955,0,0
292055,0,0
292155,0,0
292255,0,0
292355,0,0
292455,0,0
292555,0,0
292655,0,0
292755,0,0
292855,0,0
292955,0,0
293055,0,0
293155,0,0
293255,0,0
293355,0,0
293455,0,0
293555,0,0
293655,0,0
293755,0,0
293855,0,0
293955,0,0
294055,0,0
294155,0,0
294255,0,0
294355,0,0
294455,0,0
294555,0,0
294655,0,0
294755,0,0
294855,0,0
294955,0,0
295055,0,0
295155,0,0
295255,0,0
295355,0,0
295455,0,0
295555,0,0
295655,0,0
295755,0,0
295855,0,0
295955,0,0
296055,0,0
296155,0,0
296255,0,0
296355,0,0
296455,0,0
296555,0,0
296655,0,0
296755,0,0
296855,0,0
296955,0,0
297055,0,0
297155,0,0
297255,0,0
297355,0,0
297455,0,0
297555,0,0
297655,0,0
297755,0,0
297855,0,0
297955,0,0
298055,0,0
298155,0,0
298255,0,0
298355,0,0
298455,0,0
298555,0,0
298655,0,0
298755,0,0
298855,0,0
298955,0,0
299055,0,0
299155,0,0
299255,0,0
299355,0,0
299456,0,0
299556,0,0
299656,0,0
299975,0,0
300075,0,1
300175,0,1
300275,0,1
300375,0,1
300475,0,1
300575,0,1
300675,0,1
300775,0,1
300875,0,1
300975,0,1
301075,0,1
301175,0,1
301275,0,1
301375,0,1
301475,0,1
301575,0,1
301675,0,1
301775,0,1
301875,0,1
301975,0,1
302075,0,1
302176,0,1
302276,0,1
302376,0,1
302476,0,1
302576,0,1
302676,0,1
302776,0,1
302876,0,1
302976,0,1
303076,0,1
303176,0,1
303276,0,1
303376,0,1
303474,0,1
303574,0,1
303674,0,1
303774,0,1
303874,0,1
304001,0,0
304101,0,0
304201,0,0
304301,0,0
304672,0,0
304772,0,1
304872,0,1
304972,0,1
305072,0,1
305172,0,1
305272,0,1
305372,0,1
305472,0,1
305572,0,1
305673,0,1
305773,0,1
305873,0,1
305973,0,1
306073,0,1
306173,0,1
306273,0,1
306373,0,1
306473,0,1
306573,0,1
306673,0,1
306773,0,1
306873,0,1
306973,0,1
307073,0,1
307173,0,1
307273,0,1
307373,0,1
307472,0,1
307572,0,1
307672,0,1
307772,0,1
307872,0,1
307972,0,1
308072,0,1
308172,0,1
308272,0,1
308372,0,1
308472,0,1
308573,0,1
308699,0,0
308799,0,0
308899,0,0
309000,0,0
309100,0,0
309669,0,0
309769,0,1
309869,0,1
309969,0,1
310069,0,1
310169,0,1
310269,0,1
310369,0,1
310469,0,1
310569,0,1
310669,0,1
310769,0,1
310869,0,1
310969,0,1
311069,0,1
311169,0,1
311269,0,1
311369,0,1
311470,0,1
311570,0,1
311670,0,1
311770,0,1
311870,0,1
311970,0,1
312070,0,1
312170,0,1
312270,0,1
312370,0,1
312470,0,1
312570,0,1
312670,0,1
312770,0,1
312870,0,1
312970,0,1
313070,0,1
313170,0,1
313270,0,1
313370,0,1
313470,0,1
313570,0,1
313670,0,1
313770,0,0
313870,0,0
314183,0,0
314283,0,1
314383,0,1
314483,0,1
314608,0,1
314708,1,2
314808,1,2
314908,1,2
315008,1,2
315108,1,2
315208,1,2
315308,1,2
315408,1,2
315508,1,2
315608,1,2
315708,1,2
315808,1,2
315908,1,2
316008,1,2
316108,1,2
316208,1,2
316308,1,2
316408,1,2
316508,1,2
316608,1,2
316708,1,2
316809,1,2
316909,1,2
317009,1,2
317109,1,2
317209,1,2
317309,1,2
317409,1,2
317509,1,2
317609,1,2
317709,1,2
317809,1,2
317909,1,2
318009,1,2
318109,1,2
318209,1,2
318309,1,2
318409,1,2
318509,1,2
318609,1,2
318709,1,2
318809,1,2
318909,1,2
319009,1,2
319109,1,2
319209,1,2
319309,1,2
319409,1,2
319509,1,2
319609,1,2
319710,1,2
319810,1,2
319910,1,2
320010,1,2
320110,1,2
320210,1,2
320310,1,2
320410,1,2
320510,1,2
320610,1,2
320710,1,2
320810,1,2
320910,1,2
321010,1,2
321110,1,2
321210,1,2
321310,1,2
321410,1,2
321510,1,2
321610,1,2
321710,1,2
321810,1,2
321910,1,2
322010,1,2
322110,1,2
322210,1,2
322310,1,2
322410,1,2
322510,1,2
322610,1,2
322710,1,2
322810,1,2
322910,1,2
323010,1,2
323110,1,2
323213,1,2
323313,1,2
323413,1,2
323513,1,2
323613,1,2
323713,1,2
323813,1,2
323913,1,2
324013,1,2
324113,1,2
324213,1,2
324313,1,2
324413,1,2
324513,1,2
324613,1,2
324713,1,2
324813,1,2
324913,1,2
325013,1,2
325113,1,2
325214,1,2
325314,1,2
325414,1,2
325514,1,2
325614,1,2
325714,1,2
325814,1,2
325914,1,2
326014,1,2
326114,1,2
326214,1,2
326314,1,2
326414,1,2
326514,1,2
326614,1,2
326714,1,2
326814,1,2
326914,1,2
327014,1,2
327114,1,2
327214,1,2
327314,1,2
327414,1,2
327513,1,2
327613,1,2
327713,1,2
327813,1,2
327913,1,2
328013,1,2
328113,1,2
328213,1,2
328313,1,2
328413,1,2
328513,1,2
328613,1,2
328713,1,2
328813,1,2
328913,1,2
329013,1,2
329113,1,2
329213,1,2
329313,1,2
329413,1,2
329513,1,2
329613,1,2
329713,1,2
329813,1,2
329913,1,2
330013,1,2
330113,1,2
330213,1,2
330313,1,2
330413,1,2
330513,1,2
330613,1,2
330713,1,2
330813,1,2
330913,1,2
331013,1,2
331113,1,2
331213,1,2
331313,1,2
331413,1,2
331513,1,2
331613,1,2
331713,1,2
331813,1,2
331913,1,2
332013,1,2
332113,1,2
332213,1,2
332313,1,2
332413,1,2
332513,1,2
332613,1,2
332713,1,2
332813,1,2
332913,1,2
333013,1,2
333113,1,2
333213,1,2
333313,1,2
333413,1,2
333513,1,2
333613,1,2
333713,1,2
333813,1,2
333913,1,2
334013,1,2
334113,1,2
334213,1,2
334313,1,2
334413,1,2
334513,1,2
334613,1,2
334713,1,2
334813,1,2
334913,1,2
335013,1,2
335113,1,2
335213,1,2
335313,1,2
335427,1,2
335528,1,2
335628,1,2
335728,1,2
335828,1,2
335928,1,2
336028,1,2
336128,1,2
336228,1,2
336328,1,2
336428,1,2
336528,1,2
336628,1,2
336728,1,2
336828,1,2
336928,1,2
337028,1,2
337128,1,2
337228,1,2
337328,1,2
337428,1,2
337528,1,2
337628,1,2
337728,1,2
337828,1,2
337929,1,2
338029,1,2
338129,1,2
338229,1,2
338329,1,2
338429,1,2
338529,1,2
338629,1,2
338729,1,2
338829,1,2
338929,1,2
339029,1,2
339129,1,2
339229,1,2
339329,1,2
339429,1,2
339528,1,2
339628,1,2
339728,1,2
339828,1,2
339928,1,2
340028,1,2
340128,1,2
340228,1,2
340328,1,2
340428,1,2
340528,1,2
340628,1,2
340728,1,2
340829,1,2
340929,1,2
341029,1,2
341129,1,2
341229,1,2
341329,1,2
341429,1,2
341529,1,2
341629,1,2
341729,1,2
341829,1,2
341929,1,2
342029,1,2
342129,1,2
342229,1,2
342329,1,2
342429,1,2
342529,1,2
342629,1,2
342729,1,2
342829,1,2
342929,1,2
343029,1,2
343129,1,2
343229,1,2
343329,1,2
343429,1,2
343529,1,2
343629,1,2
343729,1,2
343829,1,2
343929,1,2
344029,1,2
344129,1,2
344229,1,2
344329,1,2
344429,1,2
344529,1,2
344629,1,2
344729,1,2
344829,1,2
344929,1,2
345029,1,2
345129,1,2
345229,1,2
345329,1,2
345429,1,2
345529,1,2
345629,1,2
345729,1,2
345829,1,2
345929,1,2
346029,1,2
346129,1,2
346229,1,2
346329,1,2
346429,1,2
346529,1,2
346629,1,2
346729,1,2
346829,1,2
346929,1,2
347029,1,2
347129,1,2
347229,1,2
347329,1,2
347429,1,2
347529,0,0
347629,0,0
347729,0,0
347829,0,0
347929,0,0
348029,0,0
348129,0,0
348229,0,0
348329,0,0
348429,0,0
348529,0,0
348629,0,0
348729,0,0
348829,0,0
348929,0,0
349029,0,0
349129,0,0
349229,0,0
349329,0,0
349429,0,0
349529,0,0
349629,0,0
349729,0,0
349829,0,0
349929,0,0
350029,0,0
350129,0,0
350229,0,0
350329,0,0
350429,0,0
350529,0,0
350629,0,0
350729,0,0
350829,0,0
350929,0,0
351029,0,0
351129,0,0
351229,0,0
351329,0,0
351429,0,0
351529,0,0
351629,0,0
351729,0,0
351829,0,0
351929,0,0
352029,0,0
352129,0,0
352229,0,0
352329,0,0
352429,0,0
352529,0,0
352629,0,0
352729,0,0
352829,0,0
352929,0,0
353029,0,0
353129,0,0
353229,0,0
353329,0,0
353429,0,0
353529,0,0
353629,0,0
353729,0,0
353829,0,0
353929,0,0
354029,0,0
354129,0,0
354229,0,0
354329,0,0
354429,0,0
354529,0,0
354629,0,0
354729,0,0
354829,0,0
354929,0,0
355029,0,0
355129,0,0
355229,0,0
355329,0,0
355429,0,0
355529,0,0
355629,0,0
355729,0,0
355829,0,0
355929,0,0
356029,0,0
356129,0,0
356229,0,0
356329,0,0
356429,0,0
356529,0,0
356629,0,0
356729,0,0
356829,0,0
356929,0,0
357029,0,0
357129,0,0
357229,0,0
357329,0,0
357429,0,0
357529,0,0
357629,0,0
357729,0,0
357829,0,0
357929,0,0
358029,0,0
358129,0,0
358229,0,0
358329,0,0
358429,0,0
358529,0,0
358629,0,0
359180,0,0
359280,0,1
359380,0,1
359480,0,1
359579,0,1
359679,0,1
359779,0,1
359879,0,1
359979,0,1
360079,0,1
360179,0,1
360279,0,1
360379,0,1
360479,0,1
360579,0,1
360679,0,1
360779,0,1
360879,0,1
360979,0,1
361079,0,1
361180,0,1
361280,0,1
361380,0,1
361480,0,1
361580,0,1
361680,0,1
361780,0,1
361880,0,1
361980,0,1
362080,0,1
362180,0,1
362280,0,1
362380,0,1
362480,0,1
362580,0,1
362680,0,1
362780,0,1
362880,0,1
362980,0,1
363080,0,1
363208,0,0
363444,0,0
363544,0,1
363644,0,1
363744,0,1
363848,0,1
363903,1,2
364003,1,2
364103,1,2
364212,1,2
364312,1,2
364412,1,2
364512,1,2
364612,1,2
364712,1,2
364812,1,2
364912,1,2
365012,1,2
365112,1,2
365212,1,2
365312,1,2
365412,1,2
365512,1,2
365612,1,2
365712,1,2
365812,1,2
365912,1,2
366012,1,2
366112,1,2
366213,1,2
366313,1,2
366413,1,2
366513,1,2
366613,1,2
366713,1,2
366813,1,2
366913,1,2
367013,1,2
367113,1,2
367213,1,2
367313,1,2
367413,1,2
367513,1,2
367613,1,2
367713,1,2
367858,1,2
367958,1,2
368058,1,2
368158,1,2
368258,1,2
368358,1,2
368458,1,2
368558,1,2
368658,1,2
368758,1,2
368858,1,2
368958,1,2
369058,1,2
369159,1,2
369259,1,2
369359,1,2
369459,1,2
369559,1,2
369659,1,2
369759,1,2
369859,1,2
369959,1,2
370059,1,2
370159,1,2
370259,1,2
370359,1,2
370459,1,2
370559,1,2
370659,1,2
370759,1,2
370859,1,2
370959,1,2
371059,1,2
371159,1,2
371259,1,2
371359,1,2
371459,1,2
371559,1,2
371659,1,2
371759,1,2
371859,1,2
371959,1,2
372060,1,2
372160,1,2
372260,1,2
372360,0,0
372460,0,0
372560,0,0
372660,0,0
372760,0,0
372860,0,0
372960,0,0
373060,0,0
373160,0,0
373260,0,0
373360,0,0
373460,0,0
373560,0,0
373660,0,0
373760,0,0
373860,0,0
373960,0,0
374060,0,0
374160,0,0
374260,0,0
374360,0,0
374460,0,0
374560,0,0
374660,0,0
374760,0,0
374860,0,0
374960,0,0
375060,0,0
375160,0,0
375260,0,0
375360,0,0
375460,0,0
375560,0,0
376020,0,0
375898,0,1
375998,0,1
376098,0,1
376198,0,1
376298,0,1
376398,0,1
376498,0,1
376598,0,1
376698,0,1
376798,0,1
376898,0,1
376998,0,1
377098,0,1
377198,0,1
377298,0,1
377398,0,1
377498,0,1
377598,0,1
377698,0,1
377798,0,1
377898,0,1
377998,0,1
378098,0,1
378198,0,1
378298,0,1
378398,0,1
378498,0,1
378598,0,1
378698,0,1
378798,0,1
378898,0,1
378998,0,1
379098,0,1
379198,0,1
379298,0,1
379398,0,1
379498,0,1
379598,0,1
379907,0,1
380007,0,1
380107,0,0
380207,0,0
380307,0,0
380407,0,0
380507,0,0
380607,0,0
380707,0,0
380807,0,0
380907,0,0
381007,0,0
381107,0,0
381207,0,0
381307,0,0
381407,0,0
381507,0,0
381607,0,0
381707,0,0
381807,0,0
381907,0,0
382007,0,0
382107,0,0
382207,0,0
382307,0,0
382407,0,0
382507,0,0
382607,0,0
382707,0,0
382807,0,0
382907,0,0
383007,0,0
383107,0,0
383207,0,0
383307,0,0
383407,0,0
383507,0,0
383607,0,0
383707,0,0
383807,0,0
383907,0,0
384007,0,0
384052,0,0
384152,0,0
384252,0,0
384352,0,0
384452,0,0
384552,0,0
384913,0,0
385013,0,1
385113,0,1
385213,0,1
385323,0,1
385423,1,2
385523,1,2
385623,1,2
385735,1,2
385835,1,2
385935,1,2
386035,1,2
386135,1,2
386235,1,2
386335,1,2
386435,1,2
386535,1,2
386635,1,2
386735,1,2
386835,1,2
386935,1,2
387035,1,2
387135,1,2
387235,1,2
387335,1,2
387435,1,2
387535,1,2
387635,1,2
387736,1,2
387836,1,2
388004,1,2
388104,1,2
388204,1,2
388304,1,2
388404,1,2
388504,1,2
388604,1,2
388704,1,2
388804,1,2
388904,1,2
389004,1,2
389104,1,2
389204,1,2
389304,1,2
389404,1,2
389504,1,2
389604,1,2
389704,1,2
389804,1,2
389904,1,2
390004,1,2
390104,1,2
390204,1,2
390304,1,2
390404,1,2
390504,1,2
390604,1,2
390704,1,2
390804,1,2
390904,1,2
391004,1,2
391104,1,2
391204,1,2
391304,1,2
391404,1,2
391504,1,2
391604,1,2
391704,1,2
391804,1,2
391904,1,2
392003,1,2
392103,1,2
392203,1,2
392303,1,2
392403,1,2
392503,1,2
392603,1,2
392703,1,2
392803,1,2
392903,1,2
393003,1,2
393103,1,2
393203,1,2
393303,1,2
393403,1,2
393503,1,2
393603,1,2
393703,1,2
393803,1,2
393903,0,0
394003,0,0
394103,0,0
394203,0,0
394303,0,0
394403,0,0
394503,0,0
394603,0,0
394703,0,0
394803,0,0
394903,0,0
395003,0,0
395103,0,0
395203,0,0
395303,0,0
395403,0,0
395503,0,0
395603,0,0
395703,0,0
395803,0,0
395903,0,0
396003,0,0
396103,0,0
396203,0,0
396303,0,0
396403,0,0
396503,0,0
396603,0,0
396703,0,0
396803,0,0
397379,0,0
397479,0,1
397579,0,1
397679,0,1
397779,0,1
397879,0,1
397979,0,1
398079,0,1
398179,0,1
398279,0,1
398379,0,1
398479,0,1
398579,0,1
398679,0,1
398779,0,1
398879,0,1
398979,0,1
399079,0,1
399179,0,1
399279,0,1
399379,0,1
399479,0,1
399579,0,1
399679,0,1
399779,0,1
399879,0,1
399979,0,1
400079,0,1
400179,0,1
400279,0,1
400379,0,1
400479,0,1
400579,0,1
400679,0,1
400779,0,1
400879,0,1
400979,0,1
401079,0,1
401179,0,1
401279,0,1
401379,0,1
401479,0,0
401579,0,0
401679,0,0
401779,0,0
401879,0,0
401979,0,0
402079,0,0
402179,0,0
402279,0,0
402379,0,0
402479,0,0
402579,0,0
402679,0,0
402779,0,0
402879,0,0
402979,0,0
403079,0,0
403179,0,0
403279,0,0
403379,0,0
403479,0,0
403579,0,0
403679,0,0
403779,0,0
403879,0,0
403979,0,0
404079,0,0
404179,0,0
404279,0,0
404379,0,0
404479,0,0
404579,0,0
404679,0,0
404779,0,0
404879,0,0
404979,0,0
405079,0,0
405179,0,0
405279,0,0
405379,0,0
405479,0,0
405579,0,0
405679,0,0
405779,0,0
405879,0,0
405979,0,0
406079,0,0
406179,0,0
406279,0,0
406379,0,0
406479,0,0
406579,0,0
406679,0,0
406779,0,0
406879,0,0
406979,0,0
407079,0,0
407179,0,0
407279,0,0
407379,0,0
407479,0,0
407579,0,0
407679,0,0
407779,0,0
407879,0,0
407979,0,0
408079,0,0
408179,0,0
408279,0,0
408379,0,0
408479,0,0
408579,0,0
408679,0,0
408779,0,0
408879,0,0
408979,0,0
409079,0,0
409179,0,0
409279,0,0
409379,0,0
409479,0,0
409579,0,0
409679,0,0
409779,0,0
409879,0,0
409979,0,0
410079,0,0
410179,0,0
410279,0,0
410379,0,0
410479,0,0
410579,0,0
410679,0,0
410779,0,0
410879,0,0
410979,0,0
411079,0,0
411179,0,0
411279,0,0
411379,0,0
411479,0,0
411579,0,0
411679,0,0
411779,0,0
411879,0,0
411979,0,0
412079,0,0
412179,0,0
412279,0,0
412379,0,0
412479,0,0
412579,0,0
412679,0,0
412779,0,0
412879,0,0
412979,0,0
413079,0,0
413389,0,0
413489,0,1
413589,0,1
413689,0,1
413789,1,2
413889,1,2
413989,1,2
414089,1,2
414189,1,2
414289,1,2
414389,1,2
414489,1,2
414589,1,2
414689,1,2
414789,1,2
414889,1,2
414989,1,2
415089,1,2
415189,1,2
415289,1,2
415389,1,2
415489,1,2
415589,1,2
415689,1,2
415813,0,0
415913,0,0
416011,0,0
416111,0,0
416211,0,0
416311,0,0
416411,0,0
416511,0,0
416611,0,0
416711,0,0
416811,0,0
416911,0,0
417011,0,0
417111,0,0
417211,0,0
417311,0,0
417412,0,0
417512,0,0
417612,0,0
417712,0,0
417812,0,0
418213,0,0
418313,0,1
418413,0,1
418513,0,1
418613,0,1
418713,0,1
418813,0,1
418913,0,1
419013,0,1
419113,0,1
419213,0,1
419313,0,1
419413,0,1
419513,0,1
419613,0,1
419713,0,1
419813,0,1
419913,0,1
420014,0,1
420114,0,1
420214,0,1
420314,0,1
420414,0,1
420514,0,1
420614,0,1
420714,0,1
420814,0,1
420914,0,1
421014,0,1
421114,0,1
421214,0,1
421314,0,1
421414,0,1
421514,0,1
421614,0,1
421714,0,1
421814,0,1
421914,0,1
422014,0,1
422114,0,1
422214,0,1
422314,0,0
422414,0,0
422718,0,0
422818,0,1
422918,0,1
423018,0,1
423118,0,1
423218,0,1
423318,0,1
423418,0,1
423518,0,1
423618,0,1
423718,0,1
423818,0,1
423918,0,1
424018,0,1
424118,0,1
424218,0,1
424318,0,1
424418,0,1
424518,0,1
424618,0,1
424718,0,1
424818,0,1
424918,0,1
425018,0,1
425118,0,1
425218,0,1
425318,0,1
425418,0,1
425518,0,1
425618,0,1
425718,0,1
425818,0,1
425918,0,1
426018,0,1
426118,0,1
426218,0,1
426318,0,1
426418,0,1
426518,0,1
426618,0,1
426745,0,0
426845,0,0
426945,0,0
427045,0,0
427145,0,0
427245,0,0
427625,0,0
427725,0,1
427825,0,1
427925,0,1
428025,0,1
428125,0,1
428224,0,1
428324,0,1
428424,0,1
428524,0,1
428624,0,1
428724,0,1
428824,0,1
428924,0,1
429024,0,1
429124,0,1
429224,0,1
429324,0,1
429424,0,1
429524,0,1
429624,0,1
429724,0,1
429824,0,1
429924,0,1
430024,0,1
430124,0,1
430224,0,1
430324,0,1
430425,0,1
430525,0,1
430625,0,1
430725,0,1
430825,0,1
430925,0,1
431025,0,1
431125,0,1
431225,0,1
431325,0,1
431425,0,1
431525,0,1
431656,0,0
431756,0,0
431856,0,0
431956,0,0
432056,0,0
432156,0,0
432257,0,0
432357,0,0
432457,0,0
432557,0,0
432657,0,0
432757,0,0
432858,0,0
432958,0,0
433058,0,0
433158,0,0
433258,0,0
433358,0,0
433458,0,0
433558,0,0
433658,0,0
433758,0,0
433858,0,0
433958,0,0
434058,0,0
434158,0,0
434258,0,0
434358,0,0
434458,0,0
434558,0,0
434658,0,0
434758,0,0
434858,0,0
434958,0,0
435058,0,0
435158,0,0
435258,0,0
435358,0,0
435458,0,0
435969,0,0
436069,0,1
436169,0,1
436269,0,1
436409,0,1
436444,1,2
436544,1,2
436644,1,2
436746,1,2
436847,1,2
436947,1,2
437047,1,2
437147,1,2
437247,1,2
437347,1,2
437447,1,2
437547,1,2
437647,1,2
437747,1,2
437847,1,2
437947,1,2
438047,1,2
438147,1,2
438247,1,2
438347,1,2
438447,1,2
438547,1,2
438647,1,2
438747,1,2
438847,1,2
438947,1,2
439047,1,2
439147,1,2
439247,1,2
439347,1,2
439447,1,2
439547,1,2
439647,1,2
439748,1,2
439848,1,2
439948,1,2
440048,1,2
440148,1,2
440248,1,2
440413,1,2
440513,1,2
440613,1,2
440713,1,2
440813,1,2
440913,1,2
441013,1,2
441113,1,2
441213,1,2
441313,1,2
441413,1,2
441513,1,2
441613,1,2
441713,1,2
441813,1,2
441913,1,2
442013,1,2
442113,1,2
442213,1,2
442313,1,2
442413,1,2
442513,1,2
442613,1,2
442714,1,2
442814,1,2
442914,1,2
443014,1,2
443114,1,2
443214,1,2
443314,1,2
443414,1,2
443514,1,2
443614,1,2
443714,1,2
443814,1,2
443914,1,2
444014,1,2
444114,1,2
444214,1,2
444314,1,2
444414,1,2
444513,1,2
444613,1,2
444713,1,2
444813,1,2
444913,0,0
445013,0,0
445113,0,0
445213,0,0
445313,0,0
445413,0,0
445513,0,0
445613,0,0
445713,0,0
445813,0,0
445913,0,0
446013,0,0
446113,0,0
446213,0,0
446313,0,0
446413,0,0
446513,0,0
446613,0,0
446713,0,0
446813,0,0
446913,0,0
447013,0,0
447113,0,0
447213,0,0
447313,0,0
447413,0,0
447513,0,0
447613,0,0
447713,0,0
447813,0,0
447913,0,0
448013,0,0
448113,0,0
448213,0,0
448313,0,0
448413,0,0
448580,0,0
448601,0,1
448701,0,1
448801,0,1
448901,0,1
449001,0,1
449101,0,1
449201,0,1
449301,0,1
449401,0,1
449501,0,1
449601,0,1
449701,0,1
449802,0,1
449902,0,1
450002,0,1
450102,0,1
450202,0,1
450302,0,1
450402,0,1
450502,0,1
450602,0,1
450702,0,1
450802,0,1
450902,0,1
451002,0,1
451102,0,1
451202,0,1
451302,0,1
451402,0,1
451502,0,1
451602,0,1
451702,0,1
451802,0,1
451902,0,1
452002,0,1
452102,0,1
452202,0,1
452302,0,1
452402,0,1
452608,0,0
452708,0,0
452808,0,0
452908,0,0
453008,0,0
453108,0,0
453209,0,0
453309,0,0
453409,0,0
453509,0,0
453609,0,0
453709,0,0
453809,0,0
453909,0,0
454009,0,0
454109,0,0
454209,0,0
454309,0,0
454409,0,0
454509,0,0
454609,0,0
454709,0,0
454809,0,0
454909,0,0
455009,0,0
455109,0,0
455209,0,0
455309,0,0
455409,0,0
455509,0,0
455609,0,0
455709,0,0
455809,0,0
455909,0,0
456009,0,0
456109,0,0
456209,0,0
456309,0,0
456409,0,0
456509,0,0
456609,0,0
456709,0,0
456809,0,0
456909,0,0
457009,0,0
457109,0,0
457209,0,0
457309,0,0
457409,0,0
457509,0,0
457609,0,0
457709,0,0
457809,0,0
457909,0,0
458009,0,0
458109,0,0
458209,0,0
458309,0,0
458409,0,0
458509,0,0
458609,0,0
458709,0,0
458809,0,0
458909,0,0
459009,0,0
459109,0,0
459209,0,0
459309,0,0
459409,0,0
459509,0,0
459609,0,0
459709,0,0
459809,0,0
459909,0,0
460009,0,0
460109,0,0
460209,0,0
460309,0,0
460409,0,0
460509,0,0
460609,0,0
460709,0,0
460809,0,0
460909,0,0
461009,0,0
461109,0,0
461209,0,0
461309,0,0
461409,0,0
461509,0,0
461609,0,0
461709,0,0
461809,0,0
461909,0,0
462009,0,0
462109,0,0
462209,0,0
462309,0,0
462409,0,0
462509,0,0
462609,0,0
462709,0,0
462809,0,0
462909,0,0
463009,0,0
463109,0,0
463209,0,0
463309,0,0
463409,0,0
463509,0,0
463609,0,0
463709,0,0
463809,0,0
463909,0,0
464009,0,0
464109,0,0
464209,0,0
464309,0,0
464409,0,0
464509,0,0
464609,0,0
464709,0,0
464809,0,0
464909,0,0
465009,0,0
465109,0,0
465209,0,0
465309,0,0
465409,0,0
465509,0,0
465609,0,0
465709,0,0
465809,0,0
465909,0,0
466009,0,0
466109,0,0
466209,0,0
466309,0,0
466409,0,0
466509,0,0
466609,0,0
466709,0,0
466809,0,0
466909,0,0
467009,0,0
467109,0,0
467209,0,0
467309,0,0
467409,0,0
467509,0,0
467609,0,0
467709,0,0
467809,0,0
467909,0,0
468009,0,0
468109,0,0
468209,0,0
468309,0,0
468409,0,0
468509,0,0
468609,0,0
468709,0,0
468809,0,0
468909,0,0
469009,0,0
469109,0,0
469209,0,0
469309,0,0
469409,0,0
469509,0,0
469609,0,0
469709,0,0
469809,0,0
469909,0,0
470009,0,0
470109,0,0
470209,0,0
470309,0,0
470409,0,0
470509,0,0
470609,0,0
470709,0,0
470809,0,0
470909,0,0
471009,0,0
471109,0,0
471209,0,0
471309,0,0
471409,0,0
471509,0,0
471609,0,0
471709,0,0
471809,0,0
471909,0,0
472009,0,0
472109,0,0
472209,0,0
472309,0,0
472409,0,0
472509,0,0
472609,0,0
472709,0,0
472809,0,0
472909,0,0
473009,0,0
473109,0,0
473209,0,0
473309,0,0
473409,0,0
473509,0,0
473609,0,0
473709,0,0
473809,0,0
473909,0,0
474009,0,0
474109,0,0
474209,0,0
474309,0,0
474409,0,0
474509,0,0
474609,0,0
474709,0,0
474809,0,0
474909,0,0
475280,0,0
475380,0,1
475481,0,1
475581,0,1
475682,0,1
475782,1,2
475882,1,2
475982,1,2
476082,1,2
476182,1,2
476282,1,2
476382,1,2
476482,1,2
476582,1,2
476682,1,2
476782,1,2
476882,1,2
476982,1,2
477082,1,2
477182,1,2
477282,1,2
477382,1,2
477482,1,2
477582,1,2
477682,1,2
477782,0,0
477882,0,0
477982,0,0
478082,0,0
478182,0,0
478282,0,0
478383,0,0
478483,0,0
478583,0,0
478683,0,0
478783,0,0
478883,0,0
478983,0,0
479083,0,0
479183,0,0
479283,0,0
479383,0,0
479483,0,0
479583,0,0
479683,0,0
479917,0,0
480017,0,1
480117,0,1
480217,0,1
480317,0,1
480417,0,1
480517,0,1
480617,0,1
480717,0,1
480817,0,1
480917,0,1
481017,0,1
481117,0,1
481217,0,1
481317,0,1
481417,0,1
481517,0,1
481617,0,1
481717,0,1
481817,0,1
481917,0,1
482017,0,1
482117,0,1
482217,0,1
482317,0,1
482417,0,1
482517,0,1
482617,0,1
482716,0,1
482816,0,1
482916,0,1
483016,0,1
483116,0,1
483216,0,1
483316,0,1
483416,0,1
483516,0,1
483616,0,1
483716,0,1
483816,0,1
483945,0,0
484045,0,0
484145,0,0
484245,0,0
484345,0,0
484445,0,0
484545,0,0
484645,0,0
484745,0,0
484845,0,0
484945,0,0
485045,0,0
485145,0,0
485245,0,0
485345,0,0
485445,0,0
485545,0,0
485645,0,0
485745,0,0
485845,0,0
485945,0,0
486045,0,0
486145,0,0
486245,0,0
486345,0,0
486446,0,0
486546,0,0
486646,0,0
486747,0,0
486847,0,0
486947,0,0
487047,0,0
487147,0,0
487247,0,0
487347,0,0
487447,0,0
487547,0,0
487647,0,0
487747,0,0
487847,0,0
487947,0,0
488047,0,0
488147,0,0
488247,0,0
488347,0,0
488447,0,0
488547,0,0
488647,0,0
488747,0,0
488847,0,0
488947,0,0
489047,0,0
489147,0,0
489247,0,0
489348,0,0
489448,0,0
489548,0,0
489648,0,0
489748,0,0
489848,0,0
489948,0,0
490048,0,0
490148,0,0
490248,0,0
490348,0,0
490448,0,0
490548,0,0
490648,0,0
490746,0,0
490846,0,0
490946,0,0
491046,0,0
491146,0,0
491246,0,0
491346,0,0
491446,0,0
491546,0,0
491646,0,0
491746,0,0
491846,0,0
491946,0,0
492046,0,0
492146,0,0
492247,0,0
492347,0,0
492447,0,0
492547,0,0
492647,0,0
492747,0,0
492847,0,0
492947,0,0
493047,0,0
493147,0,0
493247,0,0
493347,0,0
493447,0,0
493547,0,0
493647,0,0
493747,0,0
493847,0,0
493947,0,0
494047,0,0
494147,0,0
494247,0,0
494347,0,0
494447,0,0
494547,0,0
494647,0,0
494748,0,0
494848,0,0
494948,0,0
495048,0,0
495148,0,0
495248,0,0
495348,0,0
495448,0,0
495548,0,0
495648,0,0
495748,0,0
495848,0,0
495948,0,0
496048,0,0
496148,0,0
496248,0,0
496348,0,0
496448,0,0
496548,0,0
496648,0,0
496748,0,0
496848,0,0
496948,0,0
497048,0,0
497148,0,0
497248,0,0
497348,0,0
497448,0,0
497548,0,0
497648,0,0
497748,0,0
497848,0,0
497948,0,0
498048,0,0
498148,0,0
498248,0,0
498348,0,0
498448,0,0
498548,0,0
498648,0,0
498748,0,0
498848,0,0
498948,0,0
499048,0,0
499148,0,0
499248,0,0
499348,0,0
499448,0,0
499548,0,0
499648,0,0
499748,0,0
499848,0,0
499948,0,0
500048,0,0
500148,0,0
500248,0,0
500348,0,0
500448,0,0
500548,0,0
500648,0,0
500748,0,0
500848,0,0
500948,0,0
501048,0,0
501148,0,0
501248,0,0
501348,0,0
501448,0,0
501548,0,0
501648,0,0
501748,0,0
501848,0,0
501948,0,0
502048,0,0
502148,0,0
502248,0,0
502348,0,0
502448,0,0
502548,0,0
502648,0,0
502748,0,0
502848,0,0
502948,0,0
503048,0,0
503148,0,0
503248,0,0
503348,0,0
503448,0,0
503548,0,0
503648,0,0
503748,0,0
503848,0,0
503948,0,0
504048,0,0
504148,0,0
504248,0,0
504348,0,0
504448,0,0
504548,0,0
504648,0,0
504748,0,0
504848,0,0
504948,0,0
505048,0,0
505148,0,0
505248,0,0
505348,0,0
505448,0,0
505548,0,0
505648,0,0
505748,0,0
505848,0,0
505948,0,0
506048,0,0
506148,0,0
506248,0,0
506348,0,0
506448,0,0
506548,0,0
506648,0,0
506748,0,0
506848,0,0
506948,0,0
507048,0,0
507148,0,0
507248,0,0
507348,0,0
507448,0,0
507548,0,0
507648,0,0
507748,0,0
507848,0,0
507948,0,0
508048,0,0
508148,0,0
508248,0,0
508348,0,0
508448,0,0
508548,0,0
508648,0,0
508748,0,0
508848,0,0
508948,0,0
509048,0,0
509148,0,0
509248,0,0
509348,0,0
509448,0,0
509548,0,0
509648,0,0
509748,0,0
509848,0,0
509948,0,0
510048,0,0
510148,0,0
510248,0,0
510348,0,0
510448,0,0
510548,0,0
510648,0,0
510747,0,0
510847,0,0
510947,0,0
511047,0,0
511147,0,0
511247,0,0
511347,0,0
511447,0,0
511547,0,0
511647,0,0
511747,0,0
511847,0,0
511947,0,0
512047,0,0
512147,0,0
512247,0,0
512347,0,0
512447,0,0
512547,0,0
512647,0,0
512747,0,0
512847,0,0
512947,0,0
513047,0,0
513147,0,0
513247,0,0
513347,0,0
513447,0,0
513547,0,0
513647,0,0
513747,0,0
513847,0,0
513947,0,0
514047,0,0
514147,0,0
514247,0,0
514347,0,0
514447,0,0
514547,0,0
514647,0,0
514747,0,0
514847,0,0
514947,0,0
515047,0,0
515147,0,0
515247,0,0
515347,0,0
515447,0,0
515547,0,0
515647,0,0
515747,0,0
515847,0,0
515947,0,0
516047,0,0
516147,0,0
516247,0,0
516347,0,0
516447,0,0
516547,0,0
516647,0,0
516747,0,0
516847,0,0
516947,0,0
517047,0,0
517147,0,0
517247,0,0
517347,0,0
517447,0,0
517547,0,0
517647,0,0
517747,0,0
517847,0,0
517947,0,0
518047,0,0
518147,0,0
518247,0,0
518347,0,0
518447,0,0
518547,0,0
518647,0,0
518747,0,0
518847,0,0
518947,0,0
519047,0,0
519147,0,0
519247,0,0
519347,0,0
519447,0,0
519547,0,0
519647,0,0
519747,0,0
519847,0,0
519947,0,0
520047,0,0
520147,0,0
520247,0,0
520347,0,0
520447,0,0
520547,0,0
520647,0,0
520747,0,0
520847,0,0
520947,0,0
521047,0,0
521147,0,0
521247,0,0
521347,0,0
521447,0,0
521547,0,0
521647,0,0
521747,0,0
521847,0,0
521947,0,0
522047,0,0
522147,0,0
522247,0,0
522347,0,0
522447,0,0
522547,0,0
522647,0,0
522747,0,0
522847,0,0
522947,0,0
523047,0,0
523147,0,0
523247,0,0
523347,0,0
523447,0,0
523547,0,0
523647,0,0
523747,0,0
523847,0,0
523947,0,0
524047,0,0
524147,0,0
524247,0,0
524347,0,0
524447,0,0
524547,0,0
524647,0,0
524747,0,0
524847,0,0
524947,0,0
525047,0,0
525147,0,0
525247,0,0
525347,0,0
525447,0,0
525547,0,0
525647,0,0
525747,0,0
525847,0,0
525947,0,0
526047,0,0
526147,0,0
526247,0,0
526347,0,0
526447,0,0
526547,0,0
526647,0,0
526747,0,0
526847,0,0
526947,0,0
527047,0,0
527147,0,0
527247,0,0
527347,0,0
527447,0,0
527547,0,0
527647,0,0
527747,0,0
527847,0,0
527947,0,0
528047,0,0
528147,0,0
528247,0,0
528347,0,0
528447,0,0
528547,0,0
528647,0,0
528747,0,0
528847,0,0
528947,0,0
529047,0,0
529147,0,0
529247,0,0
529347,0,0
529447,0,0
529547,0,0
529647,0,0
529747,0,0
529847,0,0
529947,0,0
530047,0,0
530147,0,0
530247,0,0
530347,0,0
530447,0,0
530547,0,0
530647,0,0
530747,0,0
530847,0,0
530947,0,0
531047,0,0
531147,0,0
531247,0,0
531347,0,0
531447,0,0
531547,0,0
531647,0,0
531747,0,0
531847,0,0
531947,0,0
532047,0,0
532147,0,0
532247,0,0
532347,0,0
532447,0,0
532547,0,0
532647,0,0
532747,0,0
532847,0,0
532947,0,0
533047,0,0
533147,0,0
533240,0,0
533340,0,0
533440,0,0
533540,0,0
533640,0,0
533740,0,0
533840,0,0
533940,0,0
534040,0,0
534140,0,0
534240,0,0
534340,0,0
534440,0,0
534540,0,0
534640,0,0
534740,0,0
534840,0,0
534940,0,0
535040,0,0
535140,0,0
535240,0,0
535340,0,0
535440,0,0
535540,0,0
535640,0,0
535740,0,0
535840,0,0
535940,0,0
536040,0,0
536140,0,0
536240,0,0
536340,0,0
536440,0,0
536540,0,0
536640,0,0
536740,0,0
536840,0,0
536940,0,0
537040,0,0
537140,0,0
537240,0,0
537340,0,0
537440,0,0
537540,0,0
537640,0,0
537740,0,0
537840,0,0
537940,0,0
538040,0,0
538140,0,0
538240,0,0
538340,0,0
538440,0,0
538540,0,0
538640,0,0
538740,0,0
538840,0,0
538940,0,0
539040,0,0
539140,0,0
539240,0,0
539340,0,0
539440,0,0
539540,0,0
539640,0,0
539740,0,0
539840,0,0
539940,0,0
540040,0,0
540140,0,0
540240,0,0
540340,0,0
540440,0,0
540540,0,0
540640,0,0
540740,0,0
540840,0,0
540940,0,0
541040,0,0
541140,0,0
541240,0,0
541340,0,0
541440,0,0
541540,0,0
541640,0,0
541740,0,0
541840,0,0
541940,0,0
542040,0,0
542140,0,0
542240,0,0
542340,0,0
542440,0,0
542540,0,0
542640,0,0
542740,0,0
542840,0,0
542940,0,0
543040,0,0
543140,0,0
543240,0,0
543340,0,0
543440,0,0
543540,0,0
543640,0,0
543740,0,0
543840,0,0
543940,0,0
544040,0,0
544140,0,0
544240,0,0
544340,0,0
544440,0,0
544540,0,0
544640,0,0
544740,0,0
544840,0,0
544940,0,0
545040,0,0
545140,0,0
545240,0,0
545340,0,0
545440,0,0
545540,0,0
545640,0,0
545740,0,0
545840,0,0
545940,0,0
546040,0,0
546140,0,0
546240,0,0
546340,0,0
546440,0,0
546540,0,0
546640,0,0
546740,0,0
546840,0,0
546940,0,0
547040,0,0
547140,0,0
547240,0,0
547340,0,0
547440,0,0
547540,0,0
547640,0,0
547740,0,0
547840,0,0
547940,0,0
548040,0,0
548140,0,0
548240,0,0
548340,0,0
548440,0,0
548540,0,0
548640,0,0
548740,0,0
548840,0,0
548940,0,0
549040,0,0
549140,0,0
549241,0,0
549341,0,0
549441,0,0
549541,0,0
549641,0,0
549741,0,0
549841,0,0
549941,0,0
550041,0,0
550141,0,0
550241,0,0
550341,0,0
550441,0,0
550541,0,0
550641,0,0
550741,0,0
550841,0,0
550941,0,0
551041,0,0
551141,0,0
551241,0,0
551341,0,0
551441,0,0
551541,0,0
551641,0,0
551741,0,0
551841,0,0
551941,0,0
552041,0,0
552141,0,0
552241,0,0
552341,0,0
552441,0,0
552541,0,0
552641,0,0
552741,0,0
552841,0,0
552941,0,0
553041,0,0
553141,0,0
553241,0,0
553341,0,0
553441,0,0
553541,0,0
553641,0,0
553741,0,0
553841,0,0
553941,0,0
554041,0,0
554141,0,0
554241,0,0
554341,0,0
554441,0,0
554541,0,0
554641,0,0
554741,0,0
554841,0,0
554941,0,0
555041,0,0
555141,0,0
555241,0,0
555341,0,0
555441,0,0
555541,0,0
555641,0,0
555741,0,0
555841,0,0
555941,0,0
556041,0,0
556141,0,0
556241,0,0
556341,0,0
556441,0,0
556541,0,0
556641,0,0
556741,0,0
556841,0,0
556941,0,0
557041,0,0
557141,0,0
557241,0,0
557341,0,0
557441,0,0
557541,0,0
557641,0,0
557741,0,0
557841,0,0
557941,0,0
558041,0,0
558141,0,0
558241,0,0
558341,0,0
558441,0,0
558541,0,0
558641,0,0
558741,0,0
558841,0,0
558941,0,0
559041,0,0
559141,0,0
559241,0,0
559341,0,0
559441,0,0
559541,0,0
559641,0,0
559741,0,0
559841,0,0
559941,0,0
560041,0,0
560141,0,0
560241,0,0
560341,0,0
560441,0,0
560541,0,0
560641,0,0
560741,0,0
560841,0,0
560941,0,0
561041,0,0
561141,0,0
561240,0,0
561340,0,0
561440,0,0
561540,0,0
561640,0,0
561740,0,0
561840,0,0
561940,0,0
562040,0,0
562140,0,0
562240,0,0
562340,0,0
562440,0,0
562540,0,0
562640,0,0
562740,0,0
562840,0,0
562940,0,0
563040,0,0
563140,0,0
563240,0,0
563340,0,0
563440,0,0
563540,0,0
563640,0,0
563740,0,0
563840,0,0
563940,0,0
564040,0,0
564140,0,0
564240,0,0
564340,0,0
564440,0,0
564540,0,0
564640,0,0
564740,0,0
564840,0,0
564940,0,0
565040,0,0
565140,0,0
565241,0,0
565341,0,0
565441,0,0
565541,0,0
565641,0,0
565741,0,0
565841,0,0
565941,0,0
566041,0,0
566141,0,0
566241,0,0
566341,0,0
566441,0,0
566541,0,0
566641,0,0
566741,0,0
566841,0,0
566941,0,0
567041,0,0
567141,0,0
567241,0,0
567341,0,0
567441,0,0
567541,0,0
567641,0,0
567741,0,0
567841,0,0
567941,0,0
568041,0,0
568141,0,0
568241,0,0
568341,0,0
568441,0,0
568541,0,0
568641,0,0
568741,0,0
568841,0,0
568941,0,0
569041,0,0
569141,0,0
569241,0,0
569341,0,0
569441,0,0
569541,0,0
569641,0,0
569741,0,0
569841,0,0
569941,0,0
570041,0,0
570141,0,0
570241,0,0
570341,0,0
570441,0,0
570541,0,0
570641,0,0
570741,0,0
570841,0,0
570941,0,0
571041,0,0
571141,0,0
571241,0,0
571341,0,0
571441,0,0
571541,0,0
571641,0,0
571741,0,0
571841,0,0
571941,0,0
572041,0,0
572141,0,0
572241,0,0
572341,0,0
572441,0,0
572541,0,0
572641,0,0
572741,0,0
572841,0,0
572941,0,0
573041,0,0
573141,0,0
573241,0,0
573341,0,0
573441,0,0
573541,0,0
573641,0,0
573741,0,0
573841,0,0
573941,0,0
574041,0,0
574141,0,0
574241,0,0
574341,0,0
574441,0,0
574541,0,0
574641,0,0
574741,0,0
574841,0,0
574941,0,0
575041,0,0
575141,0,0
575241,0,0
575341,0,0
575441,0,0
575541,0,0
575641,0,0
575741,0,0
575841,0,0
575941,0,0
576041,0,0
576141,0,0
576241,0,0
576341,0,0
576441,0,0
576671,0,0
576771,0,0
576871,0,0
576971,0,0
577071,0,0
577171,0,0
577271,0,0
577371,0,0
577471,0,0
577571,0,0
577671,0,0
577771,0,0
577871,0,0
577971,0,0
578071,0,0
578172,0,0
578272,0,0
578372,0,0
578472,0,0
578572,0,0
578672,0,0
578772,0,0
578872,0,0
578972,0,0
579072,0,0
579172,0,0
579272,0,0
579372,0,0
579472,0,0
579572,0,0
579672,0,0
579772,0,0
579872,0,0
579972,0,0
580072,0,0
580172,0,0
580272,0,0
580372,0,0
580472,0,0
580572,0,0
580672,0,0
580772,0,0
580872,0,0
580972,0,0
581073,0,0
581173,0,0
581273,0,0
581373,0,0
581473,0,0
581573,0,0
581673,0,0
581773,0,0
581873,0,0
581973,0,0
582073,0,0
582173,0,0
582273,0,0
582373,0,0
582473,0,0
582573,0,0
582673,0,0
582773,0,0
582873,0,0
582973,0,0
583073,0,0
583173,0,0
583273,0,0
583373,0,0
583473,0,0
583573,0,0
583673,0,0
583773,0,0
583873,0,0
583973,0,0
584073,0,0
584173,0,0
584273,0,0
584373,0,0
584473,0,0
584573,0,0
584673,0,0
584773,0,0
584873,0,0
584973,0,0
585073,0,0
585173,0,0
585273,0,0
585373,0,0
585473,0,0
585573,0,0
585673,0,0
585773,0,0
585873,0,0
585973,0,0
586073,0,0
586173,0,0
586273,0,0
586373,0,0
586473,0,0
586573,0,0
586673,0,0
586773,0,0
586873,0,0
586973,0,0
587073,0,0
587173,0,0
587273,0,0
587373,0,0
587473,0,0
587573,0,0
587673,0,0
587773,0,0
587873,0,0
587973,0,0
588073,0,0
588173,0,0
588273,0,0
588373,0,0
588473,0,0
588573,0,0
588673,0,0
588773,0,0
588873,0,0
588973,0,0
589073,0,0
589173,0,0
589273,0,0
589373,0,0
589473,0,0
589573,0,0
589673,0,0
589773,0,0
589873,0,0
589973,0,0
590073,0,0
590173,0,0
590273,0,0
590373,0,0
590473,0,0
590573,0,0
590673,0,0
590773,0,0
590873,0,0
590973,0,0
591073,0,0
591173,0,0
591273,0,0
591373,0,0
591473,0,0
591573,0,0
591673,0,0
591773,0,0
591873,0,0
591973,0,0
592073,0,0
592173,0,0
592273,0,0
592373,0,0
592473,0,0
592573,0,0
592673,0,0
592773,0,0
592873,0,0
592973,0,0
593073,0,0
593173,0,0
593273,0,0
593373,0,0
593473,0,0
593573,0,0
593673,0,0
593773,0,0
593873,0,0
593973,0,0
594073,0,0
594173,0,0
594273,0,0
594373,0,0
594473,0,0
594573,0,0
594673,0,0
594773,0,0
594873,0,0
594973,0,0
595073,0,0
595173,0,0
595273,0,0
595373,0,0
595473,0,0
595573,0,0
595673,0,0
595773,0,0
595873,0,0
595973,0,0
596073,0,0
596173,0,0
596273,0,0
596373,0,0
596473,0,0
596573,0,0
596673,0,0
596773,0,0
596873,0,0
596973,0,0
597073,0,0
597173,0,0
597273,0,0
597373,0,0
597473,0,0
597573,0,0
597673,0,0
597773,0,0
597873,0,0
597973,0,0
598073,0,0
598173,0,0
598273,0,0
598373,0,0
598473,0,0
598573,0,0
598673,0,0
598773,0,0
598873,0,0
598973,0,0
599073,0,0
599173,0,0
599273,0,0
599373,0,0
599473,0,0
599573,0,0
599673,0,0
599773,0,0
599873,0,0
599973,0,0
600073,0,0
600173,0,0
600273,0,0
600373,0,0
600473,0,0
600573,0,0
600673,0,0
600773,0,0
600873,0,0
600973,0,0
601073,0,0
601173,0,0
601273,0,0
601373,0,0
601473,0,0
601573,0,0
601673,0,0
601773,0,0
601873,0,0
601973,0,0
602073,0,0
602173,0,0
602273,0,0
602373,0,0
602473,0,0
