p:4000,20000,6000,600,8000,4000,2000,8000,70
15068,0,0
15168,0,0
15268,0,0
15368,0,0
15468,0,0
15568,0,0
15668,0,0
15768,0,0
15868,0,0
15968,0,0
16074,0,0
16174,1,1
16274,1,1
16374,1,1
16474,1,1
16574,1,1
16674,1,1
16774,1,1
16874,1,1
16974,1,1
17074,1,1
17175,1,1
17275,1,1
17375,1,1
17475,1,1
17575,1,1
17675,1,1
17775,1,1
17875,1,1
17975,1,1
18075,1,1
18175,1,1
18275,1,1
18375,1,1
18475,1,1
18575,1,1
18675,1,1
18775,1,1
18875,1,1
18975,1,1
19075,1,1
19175,1,1
19275,1,1
19375,1,1
19475,1,1
19575,1,1
19675,1,1
19775,1,1
19875,1,1
19975,1,1
20076,1,1
20176,1,1
20276,1,1
20376,1,1
20476,1,1
20576,1,1
20676,1,1
20776,1,1
20876,1,1
20976,1,1
21076,1,1
21176,1,1
21276,1,1
21376,1,1
21476,1,1
21576,1,1
21676,1,1
21776,1,1
21876,1,1
21976,1,1
22076,1,1
22176,1,1
22276,1,1
22376,1,1
22476,1,1
22576,1,1
22676,1,1
22776,1,1
22876,1,1
22976,1,1
23076,1,1
23176,1,1
23276,1,1
23376,1,1
23476,1,1
23576,1,1
23676,1,1
23776,1,1
23876,1,1
23976,1,1
24076,1,1
24176,1,1
24276,1,1
24376,1,1
24476,1,1
24576,1,1
24676,1,1
24776,1,1
24876,1,1
24976,1,1
25076,1,1
25176,1,1
25276,1,1
25376,1,1
25476,1,1
25576,1,1
25676,1,1
25776,1,1
25876,1,1
25976,1,1
26076,1,1
26176,1,1
26276,1,1
26376,1,1
26476,1,1
26576,1,1
26676,1,1
26776,1,1
26876,1,1
26976,1,1
27077,1,1
27177,1,1
27277,1,1
27377,1,1
27477,1,1
27577,1,1
27677,1,1
27777,1,1
27877,1,1
27977,1,1
28077,1,1
28177,1,1
28277,1,1
28377,1,1
28477,1,1
28577,1,1
28677,1,1
28777,1,1
28877,1,1
28977,1,1
29077,1,1
29177,1,1
29277,1,1
29377,1,1
29477,1,1
29577,1,1
29677,1,1
29777,1,1
29877,1,1
29977,1,1
30077,1,1
30177,1,1
30277,1,1
30377,1,1
30477,1,1
30577,1,1
30677,1,1
30777,1,1
30877,1,1
30977,1,1
31077,1,1
31177,1,1
31276,1,1
31376,1,1
31476,1,1
31576,1,1
31676,1,1
31776,1,1
31876,1,1
31976,1,1
32076,1,1
32176,1,1
32276,1,1
32376,1,1
32476,1,1
32576,1,1
32676,1,1
32776,1,1
32876,1,1
32976,1,1
33076,1,1
33176,1,1
33276,1,1
33376,1,1
33476,1,1
33576,1,1
33676,1,1
33776,1,1
33876,1,1
33976,1,1
34076,1,1
34176,1,1
34276,1,1
34376,1,1
34476,1,1
34576,1,1
34676,1,1
34776,1,1
34876,1,1
34976,1,1
35076,1,1
35176,1,1
35274,1,1
35374,1,1
35474,1,1
35574,1,1
35674,1,1
35774,1,1
35874,1,1
35974,1,1
36091,1,1
36191,1,1
36291,1,1
36391,1,1
36491,1,1
36591,1,1
36691,1,1
36791,1,1
36891,1,1
36991,1,1
37091,1,1
37191,1,1
37291,1,1
37391,1,1
37491,1,1
37591,1,1
37691,1,1
37791,1,1
37891,1,1
37991,1,1
38091,1,1
38191,1,1
38291,1,1
38391,1,1
38491,1,1
38592,1,1
38692,1,1
38792,1,1
38892,1,1
38992,1,1
39092,1,1
39192,1,1
39284,1,1
39384,1,1
39484,1,1
39584,1,1
39684,1,1
39784,1,1
39884,1,1
39984,1,1
40094,1,1
40194,1,1
40294,1,1
40394,1,1
40494,1,1
40594,1,1
40694,1,1
40794,1,1
40894,1,1
40994,1,1
41094,1,1
41194,1,1
41294,1,1
41394,1,1
41494,1,1
41594,1,1
41694,1,1
41794,1,1
41894,1,1
41994,1,1
42094,1,1
42194,1,1
42294,1,1
42394,1,1
42494,1,1
42594,1,1
42694,1,1
42794,1,1
42894,1,1
42994,1,1
43094,1,1
43204,1,1
43304,1,1
43404,1,1
43504,1,1
43604,1,1
43704,1,1
43804,1,1
43904,1,1
44004,1,1
44112,1,1
44212,1,1
44312,1,1
44412,1,1
44512,1,1
44612,1,1
44712,1,1
44812,1,1
44912,1,1
45012,1,1
45112,1,1
45212,1,1
45312,1,1
45412,1,1
45512,1,1
45612,1,1
45712,1,1
45812,1,1
45912,1,1
46012,1,1
46112,1,1
46212,1,1
46312,1,1
46412,1,1
46512,1,1
46612,1,1
46712,1,1
46812,1,1
46912,1,1
47012,1,1
47112,1,1
47212,1,1
47312,1,1
47412,1,1
47512,1,1
47612,1,1
47712,1,1
47812,1,1
47912,1,1
48012,1,1
48112,1,1
48212,1,1
48312,1,1
48412,1,1
48512,1,1
48612,1,1
48712,1,1
48812,1,1
48912,1,1
49012,1,1
49112,1,1
49212,1,1
49312,1,1
49412,1,1
49512,1,1
49612,1,1
49712,1,1
49812,1,1
49912,1,1
50012,1,1
50112,1,1
50212,1,1
50312,1,1
50412,1,1
50512,1,1
50612,1,1
50712,1,1
50812,1,1
50912,1,1
51012,1,1
51112,1,1
51213,1,1
51313,1,1
51413,1,1
51513,1,1
51613,1,1
51713,1,1
51813,1,1
51913,1,1
52013,1,1
52113,1,1
52213,1,1
52313,1,1
52413,1,1
52513,1,1
52613,1,1
52713,1,1
52813,1,1
52913,1,1
53013,1,1
53113,1,1
53213,1,1
53313,1,1
53413,1,1
53513,1,1
53613,1,1
53713,1,1
53813,1,1
53913,1,1
54013,1,1
54113,1,1
54213,1,1
54313,1,1
54413,1,1
54513,1,1
54613,1,1
54713,1,1
54813,1,1
54913,1,1
55013,1,1
55113,1,1
55213,1,1
55313,1,1
55413,1,1
55513,1,1
55613,1,1
55713,1,1
55813,1,1
55913,1,1
56013,1,1
56113,1,1
56213,1,1
56313,1,1
56413,1,1
56513,1,1
56613,1,1
56713,1,1
56813,1,1
56913,1,1
57013,1,1
57113,1,1
57213,1,1
57313,1,1
57413,1,1
57513,1,1
57613,1,1
57713,1,1
57813,1,1
57913,1,1
58013,1,1
58113,1,1
58213,1,1
58313,1,1
58413,1,1
58513,1,1
58613,1,1
58713,1,1
58813,1,1
58913,1,1
59013,1,1
59113,1,1
59213,1,1
59313,1,1
59413,1,1
59513,1,1
59613,1,1
59713,1,1
59813,1,1
59913,1,1
60013,1,1
60113,1,1
60213,0,0
60313,0,0
60413,0,0
60513,0,0
60613,0,0
60713,0,0
60813,0,0
60913,0,0
61013,0,0
61113,0,0
61213,0,0
61313,0,0
61413,0,0
61513,0,0
61613,0,0
61713,0,0
61813,0,0
61913,0,0
62013,0,0
62113,0,0
62213,0,0
62313,0,0
62413,0,0
62513,0,0
62613,0,0
62713,0,0
62813,0,0
62913,0,0
63013,0,0
63113,0,0
63213,0,0
63313,0,0
63413,0,0
63513,0,0
63613,0,0
63713,0,0
63813,0,0
63913,0,0
64013,0,0
64113,0,0
64213,0,0
64313,0,0
64413,0,0
64513,0,0
64613,0,0
64713,0,0
64813,0,0
64913,0,0
65013,0,0
65113,0,0
65213,0,0
65313,0,0
65413,0,0
65513,0,0
65613,0,0
65713,0,0
65813,0,0
65913,0,0
66013,0,0
66113,0,0
66213,0,0
66313,0,0
66413,0,0
66513,0,0
66613,0,0
66713,0,0
66813,0,0
66913,0,0
67013,0,0
67113,0,0
67213,0,0
67313,0,0
67413,0,0
67513,0,0
67613,0,0
67713,0,0
67813,0,0
67913,0,0
68013,0,0
68113,0,0
68213,0,0
68313,0,0
68413,0,0
68513,0,0
68613,0,0
68713,0,0
68813,0,0
68913,0,0
69013,0,0
69113,0,0
69213,0,0
69313,0,0
69413,0,0
69513,0,0
69613,0,0
69713,0,0
69813,0,0
69913,0,0
70013,0,0
70113,0,0
70213,0,0
70313,0,0
70413,0,0
70513,0,0
70613,0,0
70713,0,0
70813,0,0
70913,0,0
71013,0,0
71113,0,0
71213,0,0
71313,0,0
71413,0,0
71513,0,0
71613,0,0
71713,0,0
71813,0,0
71913,0,0
72013,0,0
72113,0,0
72213,0,0
72313,0,0
72413,0,0
72513,0,0
72613,0,0
72713,0,0
72813,0,0
72913,0,0
73013,0,0
73113,0,0
73213,0,0
73313,0,0
73413,0,0
73513,0,0
73612,0,0
73712,0,0
73837,0,0
73937,1,1
74037,1,1
74137,1,1
74237,1,1
74337,1,1
74437,1,1
74537,1,1
74637,1,1
74737,1,1
74837,1,1
74937,1,1
75037,1,1
75137,1,1
75237,1,1
75337,1,1
75437,1,1
75537,1,1
75637,1,1
75737,1,1
75837,1,1
75937,1,1
76037,1,1
76137,1,1
76237,1,1
76337,1,1
76437,1,1
76537,1,1
76637,1,1
76738,1,1
76838,1,1
76938,1,1
77038,1,1
77138,1,1
77238,1,1
77338,1,1
77438,1,1
77538,1,1
77633,1,1
77733,1,1
77833,1,1
77933,1,1
78033,1,1
78133,1,1
78233,1,1
78333,1,1
78433,1,1
78533,1,1
78633,1,1
78733,1,1
78833,1,1
78933,1,1
79033,1,1
79133,1,1
79233,1,1
79333,1,1
79433,1,1
79533,1,1
79634,1,1
79734,1,1
79834,1,1
79934,1,1
80034,1,1
80134,1,1
80234,1,1
80334,1,1
80434,1,1
80534,1,1
80634,1,1
80734,1,1
80834,1,1
80934,1,1
81034,1,1
81134,1,1
81234,1,1
81334,1,1
81434,1,1
81534,1,1
81638,1,1
81738,1,1
81838,1,1
81938,1,1
82038,1,1
82138,1,1
82238,1,1
82338,1,1
82438,1,1
82539,1,1
82639,1,1
82739,1,1
82839,1,1
82939,1,1
83039,1,1
83139,1,1
83239,1,1
83339,1,1
83439,1,1
83539,1,1
83639,1,1
83739,1,1
83839,1,1
83939,1,1
84039,1,1
84139,1,1
84239,1,1
84339,1,1
84439,1,1
84539,1,1
84639,1,1
84739,1,1
84839,1,1
84939,1,1
85039,1,1
85139,1,1
85239,1,1
85339,1,1
85439,1,1
85539,1,1
85639,1,1
85739,1,1
85839,1,1
85939,1,1
86039,1,1
86139,1,1
86239,1,1
86339,1,1
86439,1,1
86539,1,1
86639,1,1
86739,1,1
86839,1,1
86939,1,1
87039,1,1
87139,1,1
87239,1,1
87339,1,1
87439,1,1
87539,1,1
87639,1,1
87739,1,1
87839,1,1
87939,1,1
88039,1,1
88139,1,1
88239,1,1
88339,1,1
88439,1,1
88539,1,1
88639,1,1
88739,1,1
88839,1,1
88939,1,1
89039,1,1
89139,1,1
89239,1,1
89339,1,1
89439,1,1
89539,1,1
89640,1,1
89740,1,1
89840,1,1
89940,1,1
90040,1,1
90140,1,1
90240,1,1
90340,1,1
90440,1,1
90540,1,1
90640,1,1
90740,1,1
90840,1,1
90940,1,1
91040,1,1
91140,1,1
91240,1,1
91340,1,1
91440,1,1
91540,1,1
91640,1,1
91740,1,1
91840,1,1
91940,1,1
92040,1,1
92140,1,1
92240,1,1
92340,1,1
92440,1,1
92540,1,1
92640,1,1
92740,1,1
92840,1,1
92940,1,1
93040,1,1
93140,1,1
93240,1,1
93340,1,1
93440,1,1
93540,1,1
93641,1,1
93741,1,1
93841,1,1
93941,1,1
94041,1,1
94141,1,1
94241,1,1
94341,1,1
94441,1,1
94541,1,1
94641,1,1
94741,1,1
94841,1,1
94941,1,1
95041,1,1
95141,1,1
95241,1,1
95341,1,1
95441,1,1
95541,1,1
95641,1,1
95741,1,1
95841,1,1
95941,1,1
96041,1,1
96141,1,1
96241,1,1
96341,1,1
96441,1,1
96541,1,1
96641,1,1
96741,1,1
96841,1,1
96941,1,1
97041,1,1
97141,1,1
97241,1,1
97341,1,1
97441,1,1
97541,1,1
97639,1,1
97739,1,1
97844,1,1
97944,1,1
98044,1,1
98144,1,1
98244,1,1
98344,1,1
98444,1,1
98544,1,1
98644,1,1
98744,1,1
98844,1,1
98944,1,1
99044,1,1
99144,1,1
99244,1,1
99344,1,1
99444,1,1
99544,1,1
99644,1,1
99744,1,1
99844,1,1
99944,1,1
100044,1,1
100144,1,1
100244,1,1
100344,1,1
100444,1,1
100545,1,1
100645,1,1
100745,1,1
100845,1,1
100945,1,1
101045,1,1
101145,1,1
101245,1,1
101345,1,1
101445,1,1
101545,1,1
101646,1,1
101746,1,1
101846,1,1
101946,1,1
102046,1,1
102146,1,1
102246,1,1
102346,1,1
102446,1,1
102546,1,1
102646,1,1
102746,1,1
102846,1,1
102946,1,1
103046,1,1
103146,1,1
103246,1,1
103346,1,1
103447,1,1
103547,1,1
103647,1,1
103747,1,1
103847,1,1
103947,1,1
104047,1,1
104147,1,1
104247,1,1
104347,1,1
104447,1,1
104547,1,1
104647,1,1
104747,1,1
104847,1,1
104947,1,1
105047,1,1
105147,1,1
105247,1,1
105347,1,1
105447,1,1
105547,1,1
105647,1,1
105747,1,1
105847,1,1
105947,1,1
106047,1,1
106147,1,1
106247,1,1
106348,1,1
106448,1,1
106548,1,1
106648,1,1
106748,1,1
106848,1,1
106948,1,1
107048,1,1
107148,1,1
107248,1,1
107348,1,1
107448,1,1
107548,1,1
107648,1,1
107748,1,1
107848,1,1
107948,1,1
108048,1,1
108148,1,1
108248,1,1
108348,1,1
108448,1,1
108548,1,1
108648,1,1
108748,1,1
108848,1,1
108948,1,1
109048,1,1
109148,1,1
109248,1,1
109348,1,1
109448,1,1
109548,1,1
109649,1,1
109749,1,1
109849,1,1
109949,1,1
110049,1,1
110149,1,1
110249,1,1
110349,1,1
110449,1,1
110549,1,1
110649,1,1
110749,1,1
110849,1,1
110949,1,1
111049,1,1
111149,1,1
111249,1,1
111349,1,1
111449,1,1
111549,1,1
111649,1,1
111749,1,1
111849,1,1
111949,1,1
112049,1,1
112149,1,1
112249,1,1
112349,1,1
112449,1,1
112549,1,1
112649,1,1
112749,1,1
112849,1,1
112949,1,1
113049,1,1
113149,1,1
113249,1,1
113349,1,1
113449,1,1
113549,1,1
113649,1,1
113749,1,1
113849,1,1
113949,1,1
114049,1,1
114149,1,1
114249,1,1
114349,1,1
114449,1,1
114549,1,1
114649,1,1
114749,1,1
114849,1,1
114949,1,1
115049,1,1
115149,1,1
115249,1,1
115349,1,1
115449,1,1
115549,1,1
115649,1,1
115749,1,1
115849,1,1
115949,1,1
116049,1,1
116149,1,1
116249,1,1
116349,1,1
116449,1,1
116549,1,1
116649,1,1
116749,1,1
116849,1,1
116949,1,1
117049,1,1
117149,1,1
117249,1,1
117349,1,1
117449,1,1
117549,1,1
117649,1,1
117749,1,1
117849,1,1
117962,0,0
118062,0,0
118162,0,0
118262,0,0
118362,0,0
118462,0,0
118562,0,0
118662,0,0
118762,0,0
118862,0,0
118962,0,0
119062,0,0
119162,0,0
119262,0,0
119363,0,0
119463,0,0
119563,0,0
119663,0,0
119763,0,0
119863,0,0
119963,0,0
120063,0,0
120163,0,0
120263,0,0
120363,0,0
120463,0,0
120563,0,0
120663,0,0
120763,0,0
120863,0,0
120963,0,0
121063,0,0
121163,0,0
121263,0,0
121363,0,0
121463,0,0
121563,0,0
121663,0,0
121763,0,0
121863,0,0
121963,0,0
122063,0,0
122163,0,0
122264,0,0
122364,0,0
122464,0,0
122564,0,0
122664,0,0
122764,0,0
122864,0,0
122964,0,0
123064,0,0
123164,0,0
123264,0,0
123364,0,0
123464,0,0
123564,0,0
123664,0,0
123764,0,0
123864,0,0
123964,0,0
124064,0,0
124164,0,0
124264,0,0
124364,0,0
124464,0,0
124564,0,0
124664,0,0
124764,0,0
124864,0,0
124964,0,0
125064,0,0
125165,0,0
125265,0,0
125365,0,0
125465,0,0
125565,0,0
125665,0,0
125765,0,0
125865,0,0
125965,1,1
126065,1,1
126165,1,1
126265,1,1
126365,1,1
126465,1,1
126565,1,1
126665,1,1
126765,1,1
126865,1,1
126965,1,1
127065,1,1
127165,1,1
127265,1,1
127365,1,1
127465,1,1
127565,1,1
127665,1,1
127765,1,1
127865,1,1
127965,1,1
128065,1,1
128165,1,1
128265,1,1
128365,1,1
128465,1,1
128565,1,1
128665,1,1
128765,1,1
128865,1,1
128965,1,1
129065,1,1
129165,1,1
129265,1,1
129365,1,1
129465,1,1
129565,1,1
129665,1,1
129765,1,1
129865,1,1
129965,1,1
130065,1,1
130165,1,1
130265,1,1
130365,1,1
130465,1,1
130565,1,1
130665,1,1
130765,1,1
130865,1,1
130965,1,1
131065,1,1
131165,1,1
131265,1,1
131365,1,1
131465,1,1
131565,1,1
131665,1,1
131765,1,1
131865,1,1
131965,1,1
132065,1,1
132165,1,1
132265,1,1
132365,1,1
132465,1,1
132565,1,1
132665,1,1
132765,1,1
132865,1,1
132965,1,1
133065,1,1
133165,1,1
133265,1,1
133365,1,1
133465,1,1
133565,1,1
133664,1,1
133764,1,1
133864,1,1
133964,1,1
134064,1,1
134164,1,1
134264,1,1
134364,1,1
134464,1,1
134564,1,1
134664,1,1
134764,1,1
134864,1,1
134964,1,1
135064,1,1
135164,1,1
135264,1,1
135364,1,1
135464,1,1
135564,1,1
135664,1,1
135764,1,1
135864,1,1
135964,1,1
136064,1,1
136164,1,1
136264,1,1
136364,1,1
136464,1,1
136564,1,1
136664,1,1
136764,1,1
136864,1,1
136964,1,1
137064,1,1
137164,1,1
137264,1,1
137364,1,1
137464,1,1
137564,1,1
137664,1,1
137764,1,1
137864,1,1
137964,1,1
138064,1,1
138164,1,1
138264,1,1
138364,1,1
138464,1,1
138564,1,1
138664,1,1
138764,1,1
138864,1,1
138964,1,1
139064,1,1
139164,1,1
139264,1,1
139364,1,1
139464,1,1
139564,1,1
139664,1,1
139764,1,1
139864,1,1
139964,1,1
140064,1,1
140164,1,1
140264,1,1
140364,1,1
140464,1,1
140564,1,1
140664,1,1
140764,1,1
140864,1,1
140964,1,1
141064,1,1
141164,1,1
141264,1,1
141364,1,1
141464,1,1
141564,1,1
141665,1,1
141765,1,1
141865,1,1
141965,1,1
142065,1,1
142165,1,1
142265,1,1
142365,1,1
142465,1,1
142565,1,1
142665,1,1
142765,1,1
142865,1,1
142965,1,1
143065,1,1
143165,1,1
143265,1,1
143365,1,1
143465,1,1
143565,1,1
143665,1,1
143765,1,1
143865,1,1
143965,1,1
144065,1,1
144165,1,1
144265,1,1
144365,1,1
144465,1,1
144565,1,1
144665,1,1
144765,1,1
144865,1,1
144965,1,1
145065,1,1
145165,1,1
145265,1,1
145365,1,1
145465,1,1
145565,1,1
145663,1,1
145763,1,1
145863,1,1
145963,1,1
146063,1,1
146163,1,1
146263,1,1
146363,1,1
146463,1,1
146563,1,1
146663,1,1
146763,1,1
146863,1,1
146963,1,1
147063,1,1
147163,1,1
147263,1,1
147363,1,1
147463,1,1
147563,1,1
147663,1,1
147763,1,1
147863,1,1
147963,1,1
148063,1,1
148163,1,1
148263,1,1
148363,1,1
148463,1,1
148563,1,1
148663,1,1
148763,1,1
148863,1,1
148963,1,1
149063,1,1
149163,1,1
149263,1,1
149363,1,1
149463,1,1
149563,1,1
149663,1,1
149751,1,1
149851,1,1
149951,1,1
150051,1,1
150151,1,1
150251,1,1
150351,1,1
150451,1,1
150551,1,1
150651,1,1
150751,1,1
150851,1,1
150951,1,1
151051,1,1
151151,1,1
151251,1,1
151351,1,1
151451,1,1
151551,1,1
151651,1,1
151751,1,1
151851,1,1
151951,1,1
152051,1,1
152151,1,1
152251,1,1
152351,1,1
152451,1,1
152551,1,1
152651,1,1
152751,1,1
152851,1,1
152951,1,1
153051,1,1
153151,1,1
153251,1,1
153351,1,1
153451,1,1
153551,1,1
153651,1,1
153750,1,1
153850,1,1
153950,1,1
154050,1,1
154150,1,1
154250,1,1
154350,1,1
154450,1,1
154550,1,1
154650,1,1
154750,1,1
154850,1,1
154950,1,1
155050,1,1
155150,1,1
155250,1,1
155350,1,1
155450,1,1
155550,1,1
155650,1,1
155750,1,1
155850,1,1
155950,1,1
156050,1,1
156150,1,1
156250,1,1
156350,1,1
156450,1,1
156550,1,1
156650,1,1
156750,1,1
156850,1,1
156950,1,1
157050,1,1
157150,1,1
157250,1,1
157350,1,1
157450,1,1
157550,1,1
157650,1,1
157750,1,1
157850,1,1
157953,1,1
158053,1,1
158153,1,1
158253,1,1
158353,1,1
158453,1,1
158553,1,1
158653,1,1
158753,1,1
158853,1,1
158953,1,1
159053,1,1
159153,1,1
159253,1,1
159353,1,1
159454,1,1
159554,1,1
159654,1,1
159754,1,1
159854,1,1
159954,1,1
160054,1,1
160154,1,1
160254,1,1
160354,1,1
160454,1,1
160554,1,1
160654,1,1
160754,1,1
160854,1,1
160954,1,1
161054,1,1
161154,1,1
161254,1,1
161354,1,1
161454,1,1
161554,1,1
161668,1,1
161768,1,1
161868,1,1
161968,1,1
162068,1,1
162168,1,1
162268,1,1
162368,1,1
162468,1,1
162568,1,1
162668,1,1
162768,1,1
162868,1,1
162968,1,1
163068,1,1
163168,1,1
163268,1,1
163368,1,1
163468,1,1
163568,1,1
163668,1,1
163768,1,1
163868,1,1
163968,1,1
164068,1,1
164168,1,1
164268,1,1
164368,1,1
164468,1,1
164568,1,1
164668,1,1
164768,1,1
164868,1,1
164968,1,1
165068,1,1
165168,1,1
165268,1,1
165368,1,1
165468,1,1
165568,1,1
165667,1,1
165767,1,1
165867,1,1
165967,1,1
166067,1,1
166167,1,1
166267,1,1
166367,1,1
166467,1,1
166567,1,1
166667,1,1
166767,1,1
166867,1,1
166967,1,1
167067,1,1
167167,1,1
167267,1,1
167367,1,1
167467,1,1
167567,1,1
167667,1,1
167767,1,1
167867,1,1
167967,1,1
168067,1,1
168167,1,1
168267,1,1
168367,1,1
168467,1,1
168567,1,1
168667,1,1
168767,1,1
168867,1,1
168967,1,1
169067,1,1
169167,1,1
169267,1,1
169367,1,1
169467,1,1
169567,1,1
169667,1,1
169767,1,1
169867,1,1
169967,1,1
170067,1,1
170167,1,1
170267,1,1
170367,1,1
170467,1,1
170567,1,1
170667,1,1
170767,1,1
170867,1,1
170967,1,1
171067,1,1
171167,1,1
171267,1,1
171367,1,1
171467,1,1
171567,1,1
171667,1,1
171767,1,1
171867,1,1
171967,1,1
172067,1,1
172167,1,1
172267,1,1
172367,1,1
172467,1,1
172567,1,1
172667,1,1
172767,1,1
172867,1,1
172967,1,1
173067,1,1
173167,1,1
173267,1,1
173367,1,1
173467,1,1
173567,1,1
173667,1,1
173767,1,1
173867,1,1
173995,0,0
174095,0,0
174195,0,0
174295,0,0
174395,0,0
174495,0,0
174595,0,0
174695,0,0
174795,0,0
174895,0,0
174995,0,0
175095,0,0
175195,0,0
175295,0,0
175395,0,0
175495,0,0
175595,0,0
175695,0,0
175795,0,0
175895,0,0
175995,0,0
176095,0,0
176195,0,0
176295,0,0
176395,0,0
176495,0,0
176595,0,0
176695,0,0
176795,0,0
176895,0,0
176995,0,0
177095,0,0
177195,0,0
177295,0,0
177395,0,0
177495,0,0
177595,0,0
177695,0,0
177795,0,0
177895,0,0
177995,0,0
178095,0,0
178195,0,0
178295,0,0
178395,0,0
178495,0,0
178595,0,0
178695,0,0
178795,0,0
178895,0,0
178995,0,0
179095,0,0
179195,0,0
179295,0,0
179395,0,0
179495,0,0
179595,0,0
179695,0,0
179795,0,0
179895,0,0
179995,0,0
180095,0,0
180195,0,0
180295,0,0
180395,0,0
180495,0,0
180595,0,0
180695,0,0
180795,0,0
180895,0,0
180995,0,0
181095,0,0
181195,0,0
181295,0,0
181395,0,0
181495,0,0
181595,0,0
181695,0,0
181795,0,0
181895,0,0
181995,0,0
182095,0,0
182195,0,0
182295,0,0
182395,0,0
182495,0,0
182595,0,0
182695,0,0
182795,0,0
182895,0,0
182995,0,0
183095,0,0
183195,0,0
183295,0,0
183395,0,0
183495,0,0
183595,0,0
183695,0,0
183795,0,0
183895,0,0
183995,0,0
184095,0,0
184195,0,0
184295,0,0
184395,0,0
184495,0,0
184595,0,0
184695,0,0
184795,0,0
184895,0,0
184995,0,0
185095,0,0
185195,0,0
185295,0,0
185395,0,0
185495,0,0
185595,0,0
185695,0,0
185795,0,0
185896,0,0
185996,0,0
186096,0,0
186196,0,0
186296,0,0
186396,0,0
186496,0,0
186596,0,0
186696,0,0
186796,0,0
186896,0,0
186996,0,0
187096,0,0
187196,0,0
187296,0,0
187396,0,0
187496,0,0
187596,0,0
187696,0,0
187796,0,0
187896,0,0
187996,0,0
188096,0,0
188196,0,0
188296,0,0
188396,0,0
188496,0,0
188596,0,0
188696,0,0
188796,0,0
188896,0,0
188996,0,0
189096,0,0
189196,0,0
189296,0,0
189396,0,0
189496,0,0
189596,0,0
189696,0,0
189796,0,0
189896,0,0
189996,0,0
190096,0,0
190196,0,0
190296,0,0
190396,0,0
190496,0,0
190596,0,0
190696,0,0
190796,0,0
190896,0,0
190996,0,0
191096,0,0
191196,0,0
191296,0,0
191396,0,0
191496,0,0
191596,0,0
191696,0,0
191796,0,0
191896,0,0
191996,0,0
192096,0,0
192196,0,0
192296,0,0
192396,0,0
192496,0,0
192596,0,0
192696,0,0
192796,0,0
192896,0,0
192996,0,0
193096,0,0
193196,0,0
193296,0,0
193396,0,0
193496,0,0
193596,0,0
193696,0,0
193796,0,0
193895,0,0
193995,0,0
194095,0,0
194195,0,0
194295,0,0
194395,0,0
194495,0,0
194595,0,0
194695,0,0
194795,0,0
194895,0,0
194995,0,0
195095,0,0
195195,0,0
195295,0,0
195395,0,0
195495,0,0
195595,0,0
195695,0,0
195795,0,0
195895,0,0
195995,0,0
196095,0,0
196195,0,0
196295,0,0
196395,0,0
196495,0,0
196595,0,0
196695,0,0
196795,0,0
196895,0,0
196995,0,0
197095,0,0
197195,0,0
197295,0,0
197395,0,0
197495,0,0
197595,0,0
197695,0,0
197795,0,0
197895,0,0
197995,0,0
198095,0,0
198195,0,0
198295,0,0
198395,0,0
198495,0,0
198595,0,0
198695,0,0
198795,0,0
198895,0,0
198995,0,0
199095,0,0
199195,0,0
199295,0,0
199395,0,0
199495,0,0
199595,0,0
199695,0,0
199795,0,0
199895,0,0
199995,0,0
200095,0,0
200195,0,0
200295,0,0
200395,0,0
200495,0,0
200595,0,0
200695,0,0
200795,0,0
200895,0,0
200995,0,0
201095,0,0
201195,0,0
201295,0,0
201395,0,0
201495,0,0
201595,0,0
201695,0,0
201795,0,0
201896,0,0
201996,0,0
202096,0,0
202196,0,0
202296,0,0
202396,0,0
202496,0,0
202596,0,0
202696,0,0
202796,0,0
202896,0,0
202996,0,0
203096,0,0
203196,0,0
203296,0,0
203396,0,0
203496,0,0
203596,0,0
203696,0,0
203796,0,0
203896,0,0
203996,0,0
204096,0,0
204196,0,0
204296,0,0
204396,0,0
204496,0,0
204596,0,0
204696,0,0
204796,0,0
204896,0,0
204996,0,0
205096,0,0
205196,0,0
205296,0,0
205396,0,0
205496,0,0
205596,0,0
205696,0,0
205796,0,0
205896,0,0
205996,0,0
206096,0,0
206196,0,0
206296,0,0
206396,0,0
206496,0,0
206596,0,0
206696,0,0
206796,0,0
206896,0,0
206996,0,0
207096,0,0
207196,0,0
207296,0,0
207396,0,0
207496,0,0
207596,0,0
207696,0,0
207796,0,0
207896,0,0
207996,0,0
208096,0,0
208196,0,0
208296,0,0
208396,0,0
208496,0,0
208596,0,0
208696,0,0
208796,0,0
208896,0,0
208996,0,0
209096,0,0
209196,0,0
209296,0,0
209396,0,0
209496,0,0
209596,0,0
209696,0,0
209796,0,0
209895,0,0
209995,1,1
210095,1,1
210195,1,1
210295,1,1
210395,1,1
210495,1,1
210595,1,1
210695,1,1
210795,1,1
210895,1,1
210995,1,1
211095,1,1
211195,1,1
211295,1,1
211395,1,1
211495,1,1
211595,1,1
211695,1,1
211795,1,1
211895,1,1
211995,1,1
212095,1,1
212195,1,1
212295,1,1
212395,1,1
212495,1,1
212595,1,1
212695,1,1
212795,1,1
212895,1,1
212995,1,1
213095,1,1
213195,1,1
213295,1,1
213395,1,1
213495,1,1
213595,1,1
213695,1,1
213795,1,1
213895,1,1
213995,1,1
214095,1,1
214195,1,1
214295,1,1
214395,1,1
214495,1,1
214595,1,1
214695,1,1
214795,1,1
214895,1,1
214995,1,1
215095,1,1
215195,1,1
215295,1,1
215395,1,1
215495,1,1
215595,1,1
215695,1,1
215795,1,1
215895,1,1
215995,1,1
216095,1,1
216195,1,1
216295,1,1
216395,1,1
216495,1,1
216595,1,1
216695,1,1
216795,1,1
216895,1,1
216995,1,1
217095,1,1
217195,1,1
217295,1,1
217395,1,1
217495,1,1
217595,1,1
217695,1,1
217795,1,1
217894,1,1
217994,1,1
218094,1,1
218194,1,1
218294,1,1
218394,1,1
218494,1,1
218594,1,1
218694,1,1
218794,1,1
218894,1,1
218994,1,1
219094,1,1
219194,1,1
219294,1,1
219394,1,1
219494,1,1
219594,1,1
219694,1,1
219794,1,1
219894,1,1
219994,1,1
220094,1,1
220194,1,1
220294,1,1
220394,1,1
220494,1,1
220594,1,1
220694,1,1
220794,1,1
220894,1,1
220994,1,1
221094,1,1
221194,1,1
221294,1,1
221394,1,1
221494,1,1
221594,1,1
221694,1,1
221794,1,1
221894,1,1
221994,1,1
222094,1,1
222194,1,1
222294,1,1
222394,1,1
222494,1,1
222594,1,1
222694,1,1
222794,1,1
222894,1,1
222994,1,1
223094,1,1
223194,1,1
223294,1,1
223394,1,1
223494,1,1
223594,1,1
223694,1,1
223794,1,1
223894,1,1
223994,1,1
224094,1,1
224194,1,1
224294,1,1
224394,1,1
224494,1,1
224594,1,1
224694,1,1
224794,1,1
224894,1,1
224994,1,1
225094,1,1
225194,1,1
225294,1,1
225394,1,1
225494,1,1
225594,1,1
225694,1,1
225794,1,1
225894,1,1
225994,1,1
226094,1,1
226194,1,1
226294,1,1
226394,1,1
226494,1,1
226594,1,1
226694,1,1
226794,1,1
226894,1,1
226994,1,1
227094,1,1
227194,1,1
227294,1,1
227394,1,1
227494,1,1
227594,1,1
227694,1,1
227794,1,1
227894,1,1
227994,1,1
228094,1,1
228194,1,1
228294,1,1
228394,1,1
228494,1,1
228594,1,1
228694,1,1
228794,1,1
228894,1,1
228994,1,1
229094,1,1
229194,1,1
229294,1,1
229394,1,1
229494,1,1
229594,1,1
229694,1,1
229794,1,1
229894,1,1
230014,0,0
230114,0,0
230214,0,0
230314,0,0
230414,0,0
230514,0,0
230614,0,0
230714,0,0
230814,0,0
230914,0,0
231014,0,0
231114,0,0
231214,0,0
231314,0,0
231414,0,0
231514,0,0
231614,0,0
231714,0,0
231814,0,0
231914,0,0
232014,0,0
232114,0,0
232214,0,0
232314,0,0
232414,0,0
232514,0,0
232614,0,0
232714,0,0
232814,0,0
232914,0,0
233014,0,0
233114,0,0
233214,0,0
233314,0,0
233414,0,0
233514,0,0
233614,0,0
233714,0,0
233814,0,0
233914,0,0
234014,0,0
234114,0,0
234214,0,0
234314,0,0
234414,0,0
234514,0,0
234614,0,0
234714,0,0
234814,0,0
234914,0,0
235014,0,0
235114,0,0
235214,0,0
235314,0,0
235414,0,0
235514,0,0
235614,0,0
235714,0,0
235814,0,0
235914,0,0
236014,0,0
236114,0,0
236214,0,0
236314,0,0
236414,0,0
236514,0,0
236614,0,0
236714,0,0
236814,0,0
236914,0,0
237014,0,0
237114,0,0
237214,0,0
237314,0,0
237414,0,0
237514,0,0
237614,0,0
237714,0,0
237814,0,0
237914,0,0
238014,0,0
238114,0,0
238214,0,0
238314,0,0
238414,0,0
238514,0,0
238614,0,0
238714,0,0
238814,0,0
238914,0,0
239014,0,0
239114,0,0
239214,0,0
239314,0,0
239414,0,0
239514,0,0
239614,0,0
239714,0,0
239814,0,0
239914,0,0
240014,0,0
240114,0,0
240214,0,0
240314,0,0
240414,0,0
240514,0,0
240614,0,0
240714,0,0
240814,0,0
240914,0,0
241014,0,0
241114,0,0
241214,0,0
241314,0,0
241414,0,0
241514,0,0
241614,0,0
241714,0,0
241814,0,0
241914,0,0
242014,0,0
242114,0,0
242214,0,0
242314,0,0
242414,0,0
242514,0,0
242614,0,0
242756,0,0
242856,1,1
242956,1,1
243056,1,1
243156,1,1
243256,1,1
243356,1,1
243456,1,1
243556,1,1
243656,1,1
243756,1,1
243856,1,1
243956,1,1
244056,1,1
244156,1,1
244256,1,1
244356,1,1
244456,1,1
244556,1,1
244656,1,1
244757,1,1
244857,1,1
244957,1,1
245057,1,1
245157,1,1
245257,1,1
245357,1,1
245457,1,1
245557,1,1
245657,1,1
245757,1,1
245857,1,1
245957,1,1
246057,1,1
246157,1,1
246257,1,1
246357,1,1
246457,1,1
246557,1,1
246657,1,1
246760,1,1
246860,1,1
246960,1,1
247061,1,1
247161,1,1
247261,1,1
247361,1,1
247461,1,1
247561,1,1
247661,1,1
247761,1,1
247861,1,1
247961,1,1
248061,1,1
248161,1,1
248261,1,1
248361,1,1
248461,1,1
248561,1,1
248661,1,1
248761,1,1
248861,1,1
248961,1,1
249061,1,1
249161,1,1
249261,1,1
249361,1,1
249461,1,1
249561,1,1
249661,1,1
249761,1,1
249861,1,1
249962,1,1
250062,1,1
250162,1,1
250262,1,1
250362,1,1
250462,1,1
250562,1,1
250661,1,1
250761,1,1
250861,1,1
250961,1,1
251061,1,1
251161,1,1
251261,1,1
251361,1,1
251461,1,1
251561,1,1
251661,1,1
251761,1,1
251861,1,1
251961,1,1
252061,1,1
252161,1,1
252261,1,1
252361,1,1
252461,1,1
252561,1,1
252661,1,1
252761,1,1
252861,1,1
252961,1,1
253061,1,1
253161,1,1
253261,1,1
253361,1,1
253461,1,1
253561,1,1
253661,1,1
253761,1,1
253861,1,1
253961,1,1
254061,1,1
254161,1,1
254261,1,1
254361,1,1
254461,1,1
254561,1,1
254663,1,1
254771,1,1
254871,1,1
254971,1,1
255071,1,1
255171,1,1
255271,1,1
255371,1,1
255471,1,1
255571,1,1
255671,1,1
255771,1,1
255871,1,1
255971,1,1
256071,1,1
256171,1,1
256271,1,1
256371,1,1
256471,1,1
256571,1,1
256671,1,1
256771,1,1
256871,1,1
256971,1,1
257071,1,1
257171,1,1
257271,1,1
257371,1,1
257471,1,1
257571,1,1
257671,1,1
257771,1,1
257871,1,1
257971,1,1
258071,1,1
258171,1,1
258271,1,1
258371,1,1
258471,1,1
258571,1,1
258670,1,1
258770,1,1
258870,1,1
258970,1,1
259070,1,1
259170,1,1
259270,1,1
259370,1,1
259470,1,1
259570,1,1
259670,1,1
259770,1,1
259870,1,1
259970,1,1
260070,1,1
260170,1,1
260270,1,1
260370,1,1
260470,1,1
260570,1,1
260670,1,1
260770,1,1
260870,1,1
260970,1,1
261070,1,1
261170,1,1
261270,1,1
261370,1,1
261470,1,1
261570,1,1
261670,1,1
261770,1,1
261870,1,1
261970,1,1
262070,1,1
262170,1,1
262270,1,1
262370,1,1
262470,1,1
262570,1,1
262670,1,1
262770,1,1
262870,1,1
262970,1,1
263070,1,1
263170,1,1
263270,1,1
263370,1,1
263470,1,1
263570,1,1
263670,1,1
263770,1,1
263870,1,1
263970,1,1
264070,1,1
264170,1,1
264270,1,1
264370,1,1
264470,1,1
264570,1,1
264670,1,1
264770,1,1
264870,1,1
264970,1,1
265070,1,1
265170,1,1
265270,1,1
265370,1,1
265470,1,1
265570,1,1
265670,1,1
265770,1,1
265870,1,1
265970,1,1
266070,1,1
266170,1,1
266270,1,1
266370,1,1
266470,1,1
266570,1,1
266669,1,1
266769,1,1
266869,1,1
266969,1,1
267069,1,1
267169,1,1
267269,1,1
267369,1,1
267469,1,1
267569,1,1
267669,1,1
267769,1,1
267869,1,1
267969,1,1
268069,1,1
268169,1,1
268269,1,1
268369,1,1
268469,1,1
268569,1,1
268669,1,1
268769,1,1
268869,1,1
268969,1,1
269069,1,1
269169,1,1
269269,1,1
269369,1,1
269469,1,1
269569,1,1
269669,1,1
269769,1,1
269869,1,1
269969,1,1
270069,1,1
270169,1,1
270269,1,1
270369,1,1
270469,1,1
270569,1,1
270671,1,1
270771,1,1
270871,1,1
270971,1,1
271071,1,1
271171,1,1
271271,1,1
271371,1,1
271471,1,1
271571,1,1
271671,1,1
271771,1,1
271871,1,1
271971,1,1
272071,1,1
272171,1,1
272271,1,1
272371,1,1
272471,1,1
272571,1,1
272671,1,1
272771,1,1
272871,1,1
272971,1,1
273071,1,1
273171,1,1
273271,1,1
273371,1,1
273471,1,1
273571,1,1
273671,1,1
273771,1,1
273871,1,1
273971,1,1
274071,1,1
274171,1,1
274271,1,1
274371,1,1
274471,1,1
274571,1,1
274669,1,1
274796,1,1
274896,1,1
274996,1,1
275096,1,1
275196,1,1
275296,1,1
275396,1,1
275496,1,1
275596,1,1
275696,1,1
275796,1,1
275896,1,1
275996,1,1
276096,1,1
276196,1,1
276296,1,1
276396,1,1
276496,1,1
276596,1,1
276696,1,1
276796,1,1
276896,1,1
276996,1,1
277097,1,1
277197,1,1
277297,1,1
277397,1,1
277497,1,1
277597,1,1
277697,1,1
277797,1,1
277897,1,1
277997,1,1
278097,1,1
278197,1,1
278297,1,1
278397,1,1
278497,1,1
278597,1,1
278698,1,1
278798,1,1
278898,1,1
278998,1,1
279098,1,1
279198,1,1
279298,1,1
279398,1,1
279498,1,1
279598,1,1
279698,1,1
279798,1,1
279898,1,1
279998,1,1
280098,1,1
280198,1,1
280298,1,1
280398,1,1
280498,1,1
280598,1,1
280698,1,1
280798,1,1
280898,1,1
280998,1,1
281098,1,1
281198,1,1
281298,1,1
281398,1,1
281498,1,1
281598,1,1
281698,1,1
281798,1,1
281898,1,1
281998,1,1
282098,1,1
282198,1,1
282298,1,1
282398,1,1
282498,1,1
282598,1,1
282698,1,1
282798,1,1
282898,1,1
282998,1,1
283098,1,1
283198,1,1
283298,1,1
283398,1,1
283498,1,1
283598,1,1
283698,1,1
283798,1,1
283898,1,1
283998,1,1
284098,1,1
284198,1,1
284298,1,1
284398,1,1
284498,1,1
284598,1,1
284698,1,1
284798,1,1
284898,1,1
284998,1,1
285098,1,1
285198,1,1
285298,1,1
285398,1,1
285498,1,1
285598,1,1
285698,1,1
285798,1,1
285898,1,1
285998,1,1
286098,1,1
286198,1,1
286298,1,1
286398,1,1
286498,1,1
286598,1,1
286698,1,1
286812,0,0
286912,0,0
287012,0,0
287112,0,0
287212,0,0
287312,0,0
287412,0,0
287512,0,0
287612,0,0
287712,0,0
287812,0,0
287912,0,0
288012,0,0
288112,0,0
288212,0,0
288312,0,0
288412,0,0
288512,0,0
288612,0,0
288712,0,0
288812,0,0
288912,0,0
289012,0,0
289112,0,0
289212,0,0
289312,0,0
289412,0,0
289512,0,0
289612,0,0
289712,0,0
289813,0,0
289913,0,0
290013,0,0
290113,0,0
290213,0,0
290313,0,0
290413,0,0
290513,0,0
290613,0,0
290713,0,0
290813,0,0
290913,0,0
291013,0,0
291113,0,0
291213,0,0
291313,0,0
291413,0,0
291513,0,0
291613,0,0
291713,0,0
291813,0,0
291913,0,0
292013,0,0
292113,0,0
292213,0,0
292313,0,0
292413,0,0
292513,0,0
292613,0,0
292714,0,0
292814,0,0
292914,0,0
293014,0,0
293114,0,0
293214,0,0
293314,0,0
293414,0,0
293514,0,0
293614,0,0
293714,0,0
293814,0,0
293914,0,0
294014,0,0
294114,0,0
294214,0,0
294314,0,0
294414,0,0
294514,0,0
294614,0,0
294714,0,0
294814,0,0
294914,0,0
295014,0,0
295114,0,0
295214,0,0
295314,0,0
295414,0,0
295514,0,0
295614,0,0
295714,0,0
295814,0,0
295914,0,0
296014,0,0
296114,0,0
296214,0,0
296314,0,0
296414,0,0
296514,0,0
296614,0,0
296714,0,0
296814,0,0
296914,0,0
297014,0,0
297114,0,0
297214,0,0
297314,0,0
297414,0,0
297514,0,0
297614,0,0
297714,0,0
297814,0,0
297914,0,0
298014,0,0
298114,0,0
298214,0,0
298314,0,0
298414,0,0
298514,0,0
298614,0,0
298714,0,0
298814,0,0
298914,0,0
299014,0,0
299114,0,0
299214,0,0
299314,0,0
299413,0,0
299513,1,1
299613,1,1
299713,1,1
299813,1,1
299913,1,1
300013,1,1
300113,1,1
300213,1,1
300313,1,1
300413,1,1
300513,1,1
300613,1,1
300713,1,1
300813,1,1
300913,1,1
301013,1,1
301113,1,1
301213,1,1
301313,1,1
301413,1,1
301513,1,1
301613,1,1
301713,1,1
301813,1,1
301913,1,1
302013,1,1
302113,1,1
302213,1,1
302313,1,1
302413,1,1
302513,1,1
302613,1,1
302713,1,1
302813,1,1
302913,1,1
303013,1,1
303113,1,1
303213,1,1
303313,1,1
303414,1,1
303514,1,1
303614,1,1
303714,1,1
303814,1,1
303914,1,1
304014,1,1
304114,1,1
304214,1,1
304314,1,1
304414,1,1
304514,1,1
304614,1,1
304714,1,1
304814,1,1
304914,1,1
305014,1,1
305114,1,1
305214,1,1
305314,1,1
305414,1,1
305514,1,1
305614,1,1
305714,1,1
305814,1,1
305914,1,1
306014,1,1
306114,1,1
306214,1,1
306314,1,1
306414,1,1
306514,1,1
306614,1,1
306714,1,1
306814,1,1
306914,1,1
307014,1,1
307114,1,1
307214,1,1
307314,1,1
307414,1,1
307514,1,1
307614,1,1
307714,1,1
307814,1,1
307914,1,1
308014,1,1
308114,1,1
308214,1,1
308314,1,1
308414,1,1
308514,1,1
308614,1,1
308714,1,1
308814,1,1
308914,1,1
309014,1,1
309114,1,1
309214,1,1
309314,1,1
309414,1,1
309514,1,1
309614,1,1
309714,1,1
309814,1,1
309914,1,1
310014,1,1
310114,1,1
310214,1,1
310314,1,1
310414,1,1
310514,1,1
310614,1,1
310714,1,1
310814,1,1
310914,1,1
311014,1,1
311114,1,1
311214,1,1
311314,1,1
311413,1,1
311513,1,1
311613,1,1
311713,1,1
311813,1,1
311913,1,1
312013,1,1
312113,1,1
312213,1,1
312313,1,1
312413,1,1
312513,1,1
312613,1,1
312713,1,1
312813,1,1
312913,1,1
313013,1,1
313113,1,1
313213,1,1
313313,1,1
313413,1,1
313513,1,1
313613,1,1
313713,1,1
313813,1,1
313913,1,1
314013,1,1
314113,1,1
314213,1,1
314313,1,1
314413,1,1
314513,1,1
314613,1,1
314713,1,1
314813,1,1
314913,1,1
315013,1,1
315113,1,1
315213,1,1
315313,1,1
315413,1,1
315513,1,1
315613,1,1
315713,1,1
315813,1,1
315913,1,1
316013,1,1
316113,1,1
316213,1,1
316313,1,1
316413,1,1
316513,1,1
316613,1,1
316713,1,1
316813,1,1
316913,1,1
317013,1,1
317113,1,1
317213,1,1
317313,1,1
317413,1,1
317513,1,1
317613,1,1
317713,1,1
317813,1,1
317913,1,1
318013,1,1
318113,1,1
318213,1,1
318313,1,1
318413,1,1
318513,1,1
318613,1,1
318713,1,1
318813,1,1
318913,1,1
319013,1,1
319113,1,1
319213,1,1
319313,1,1
319414,1,1
319514,1,1
319614,1,1
319714,1,1
319814,1,1
319914,1,1
320014,1,1
320114,1,1
320214,1,1
320314,1,1
320414,1,1
320514,1,1
320614,1,1
320714,1,1
320814,1,1
320914,1,1
321014,1,1
321114,1,1
321214,1,1
321314,1,1
321414,1,1
321514,1,1
321614,1,1
321714,1,1
321814,1,1
321914,1,1
322014,1,1
322114,1,1
322214,1,1
322314,1,1
322414,1,1
322514,1,1
322614,1,1
322714,1,1
322814,1,1
322914,1,1
323014,1,1
323114,1,1
323214,1,1
323314,1,1
323414,1,1
323514,1,1
323614,1,1
323714,1,1
323814,1,1
323914,1,1
324014,1,1
324114,1,1
324214,1,1
324314,1,1
324414,1,1
324514,1,1
324614,1,1
324714,1,1
324814,1,1
324914,1,1
325014,1,1
325114,1,1
325214,1,1
325314,1,1
325414,1,1
325514,1,1
325614,1,1
325714,1,1
325814,1,1
325914,1,1
326014,1,1
326114,1,1
326214,1,1
326314,1,1
326414,1,1
326514,1,1
326614,1,1
326714,1,1
326814,1,1
326914,1,1
327014,1,1
327114,1,1
327214,1,1
327314,1,1
327413,1,1
327513,1,1
327613,1,1
327713,1,1
327813,1,1
327913,1,1
328013,1,1
328113,1,1
328213,1,1
328313,1,1
328413,1,1
328513,1,1
328613,1,1
328713,1,1
328813,1,1
328913,1,1
329013,1,1
329113,1,1
329213,1,1
329313,1,1
329413,1,1
329513,1,1
329613,1,1
329713,1,1
329813,1,1
329913,1,1
330013,1,1
330113,1,1
330213,1,1
330313,1,1
330413,1,1
330513,1,1
330613,1,1
330713,1,1
330813,1,1
330913,1,1
331013,1,1
331113,1,1
331213,1,1
331313,1,1
331412,1,1
331512,1,1
331612,1,1
331712,1,1
331812,1,1
331912,1,1
332012,1,1
332112,1,1
332212,1,1
332312,1,1
332412,1,1
332512,1,1
332612,1,1
332712,1,1
332812,1,1
332912,1,1
333012,1,1
333112,1,1
333212,1,1
333312,1,1
333412,1,1
333512,1,1
333612,1,1
333712,1,1
333812,1,1
333912,1,1
334012,1,1
334112,1,1
334212,1,1
334312,1,1
334412,1,1
334512,1,1
334612,1,1
334712,1,1
334812,1,1
334912,1,1
335012,1,1
335112,1,1
335212,1,1
335312,1,1
335413,1,1
335517,1,1
335617,1,1
335717,1,1
335817,1,1
335917,1,1
336017,1,1
336117,1,1
336217,1,1
336317,1,1
336417,1,1
336517,1,1
336617,1,1
336717,1,1
336817,1,1
336917,1,1
337017,1,1
337117,1,1
337217,1,1
337317,1,1
337417,1,1
337517,1,1
337617,1,1
337717,1,1
337817,1,1
337917,1,1
338017,1,1
338117,1,1
338217,1,1
338317,1,1
338417,1,1
338517,1,1
338617,1,1
338717,1,1
338817,1,1
338917,1,1
339017,1,1
339117,1,1
339217,1,1
339317,1,1
339417,1,1
339519,1,1
339619,1,1
339719,1,1
339819,1,1
339919,1,1
340019,1,1
340119,1,1
340219,1,1
340319,1,1
340419,1,1
340519,1,1
340619,1,1
340719,1,1
340819,1,1
340919,1,1
341019,1,1
341119,1,1
341219,1,1
341319,1,1
341419,1,1
341519,1,1
341619,1,1
341719,1,1
341819,1,1
341919,1,1
342019,1,1
342119,1,1
342219,1,1
342319,1,1
342420,1,1
342520,1,1
342620,1,1
342720,1,1
342820,1,1
342920,1,1
343020,1,1
343120,1,1
343220,1,1
343320,1,1
343420,1,1
343520,1,1
343620,1,1
343720,1,1
343820,1,1
343920,1,1
344020,1,1
344120,1,1
344220,1,1
344320,1,1
344420,1,1
344520,1,1
344620,1,1
344720,1,1
344820,1,1
344920,1,1
345020,1,1
345120,1,1
345220,1,1
345321,1,1
345421,1,1
345521,1,1
345621,1,1
345721,1,1
345821,1,1
345921,1,1
346021,1,1
346121,1,1
346221,1,1
346321,1,1
346421,1,1
346521,1,1
346621,1,1
346721,1,1
346821,1,1
346921,1,1
347021,1,1
347121,1,1
347221,1,1
347321,1,1
347421,1,1
347548,0,0
347648,0,0
347748,0,0
347848,0,0
347948,0,0
348048,0,0
348148,0,0
348248,0,0
348348,0,0
348448,0,0
348548,0,0
348649,0,0
348749,0,0
348849,0,0
348949,0,0
349049,0,0
349149,0,0
349249,0,0
349349,0,0
349449,0,0
349549,0,0
349649,0,0
349749,0,0
349849,0,0
349949,0,0
350049,0,0
350149,0,0
350249,0,0
350349,0,0
350449,0,0
350549,0,0
350649,0,0
350749,0,0
350849,0,0
350949,0,0
351049,0,0
351149,0,0
351249,0,0
351349,0,0
351449,0,0
351549,0,0
351649,0,0
351749,0,0
351849,0,0
351949,0,0
352049,0,0
352149,0,0
352249,0,0
352349,0,0
352449,0,0
352549,0,0
352649,0,0
352749,0,0
352849,0,0
352949,0,0
353049,0,0
353149,0,0
353249,0,0
353349,0,0
353449,0,0
353549,0,0
353649,0,0
353749,0,0
353849,0,0
353949,0,0
354049,0,0
354149,0,0
354249,0,0
354349,0,0
354449,0,0
354549,0,0
354649,0,0
354749,0,0
354849,0,0
354949,0,0
355049,0,0
355149,0,0
355249,0,0
355349,0,0
355449,0,0
355549,1,1
355649,1,1
355749,1,1
355849,1,1
355949,1,1
356049,1,1
356149,1,1
356249,1,1
356349,1,1
356449,1,1
356549,1,1
356649,1,1
356749,1,1
356849,1,1
356949,1,1
357049,1,1
357149,1,1
357249,1,1
357349,1,1
357449,1,1
357549,1,1
357649,1,1
357749,1,1
357849,1,1
357949,1,1
358049,1,1
358149,1,1
358249,1,1
358349,1,1
358449,1,1
358549,1,1
358649,1,1
358749,1,1
358849,1,1
358949,1,1
359049,1,1
359149,1,1
359249,1,1
359349,1,1
359448,1,1
359548,1,1
359648,1,1
359748,1,1
359848,1,1
359948,1,1
360048,1,1
360148,1,1
360248,1,1
360348,1,1
360448,1,1
360548,1,1
360648,1,1
360748,1,1
360848,1,1
360948,1,1
361048,1,1
361148,1,1
361248,1,1
361348,1,1
361448,1,1
361548,1,1
361648,1,1
361748,1,1
361848,1,1
361948,1,1
362048,1,1
362148,1,1
362248,1,1
362348,1,1
362448,1,1
362548,1,1
362648,1,1
362748,1,1
362848,1,1
362948,1,1
363048,1,1
363148,1,1
363248,1,1
363348,1,1
363448,1,1
363548,1,1
363648,1,1
363748,1,1
363848,1,1
363948,1,1
364048,1,1
364148,1,1
364248,1,1
364348,1,1
364448,1,1
364548,1,1
364648,1,1
364748,1,1
364848,1,1
364948,1,1
365048,1,1
365148,1,1
365248,1,1
365348,1,1
365448,1,1
365548,1,1
365648,1,1
365748,1,1
365848,1,1
365948,1,1
366048,1,1
366148,1,1
366248,1,1
366348,1,1
366448,1,1
366548,1,1
366648,1,1
366748,1,1
366848,1,1
366948,1,1
367048,1,1
367148,1,1
367248,1,1
367348,1,1
367449,1,1
367549,1,1
367649,1,1
367749,1,1
367849,1,1
367949,1,1
368049,1,1
368149,1,1
368249,1,1
368349,1,1
368449,1,1
368549,1,1
368649,1,1
368749,1,1
368849,1,1
368949,1,1
369049,1,1
369149,1,1
369249,1,1
369349,1,1
369449,1,1
369549,1,1
369649,1,1
369749,1,1
369849,1,1
369949,1,1
370049,1,1
370149,1,1
370249,1,1
370349,1,1
370449,1,1
370549,1,1
370649,1,1
370749,1,1
370849,1,1
370949,1,1
371049,1,1
371149,1,1
371249,1,1
371349,1,1
371449,1,1
371549,1,1
371649,1,1
371749,1,1
371849,1,1
371949,1,1
372049,1,1
372149,1,1
372249,1,1
372349,1,1
372449,1,1
372549,1,1
372649,1,1
372749,1,1
372849,1,1
372949,1,1
373049,1,1
373149,1,1
373249,1,1
373349,1,1
373449,1,1
373549,1,1
373649,1,1
373749,1,1
373849,1,1
373949,1,1
374049,1,1
374149,1,1
374249,1,1
374349,1,1
374449,1,1
374549,1,1
374649,1,1
374749,1,1
374849,1,1
374949,1,1
375049,1,1
375149,1,1
375249,1,1
375349,1,1
375447,1,1
375547,1,1
375647,1,1
375747,1,1
375847,1,1
375947,1,1
376047,1,1
376147,1,1
376247,1,1
376347,1,1
376447,1,1
376547,1,1
376647,1,1
376747,1,1
376847,1,1
376947,1,1
377047,1,1
377147,1,1
377247,1,1
377347,1,1
377447,1,1
377547,1,1
377647,1,1
377747,1,1
377847,1,1
377947,1,1
378047,1,1
378147,1,1
378247,1,1
378347,1,1
378447,1,1
378547,1,1
378647,1,1
378747,1,1
378847,1,1
378947,1,1
379047,1,1
379147,1,1
379247,1,1
379347,1,1
379447,1,1
379547,1,1
379647,1,1
379747,1,1
379847,1,1
379947,1,1
380047,1,1
380147,1,1
380247,1,1
380347,1,1
380447,1,1
380547,1,1
380647,1,1
380747,1,1
380847,1,1
380947,1,1
381047,1,1
381147,1,1
381247,1,1
381347,1,1
381447,1,1
381547,1,1
381647,1,1
381747,1,1
381847,1,1
381947,1,1
382047,1,1
382147,1,1
382247,1,1
382347,1,1
382447,1,1
382547,1,1
382647,1,1
382747,1,1
382847,1,1
382947,1,1
383047,1,1
383147,1,1
383247,1,1
383347,1,1
383448,1,1
383548,1,1
383648,1,1
383748,1,1
383848,1,1
383948,1,1
384048,1,1
384148,1,1
384248,1,1
384348,1,1
384448,1,1
384548,1,1
384648,1,1
384748,1,1
384848,1,1
384948,1,1
385048,1,1
385148,1,1
385248,1,1
385348,1,1
385448,1,1
385548,1,1
385648,1,1
385748,1,1
385848,1,1
385948,1,1
386048,1,1
386148,1,1
386248,1,1
386348,1,1
386448,1,1
386548,1,1
386648,1,1
386748,1,1
386848,1,1
386948,1,1
387048,1,1
387148,1,1
387248,1,1
387348,1,1
387448,1,1
387548,1,1
387648,1,1
387748,1,1
387848,1,1
387948,1,1
388048,1,1
388148,1,1
388248,1,1
388348,1,1
388448,1,1
388548,1,1
388648,1,1
388748,1,1
388848,1,1
388948,1,1
389048,1,1
389148,1,1
389248,1,1
389348,1,1
389448,1,1
389548,1,1
389648,1,1
389748,1,1
389848,1,1
389948,1,1
390048,1,1
390148,1,1
390248,1,1
390348,1,1
390448,1,1
390548,1,1
390648,1,1
390748,1,1
390848,1,1
390948,1,1
391048,1,1
391148,1,1
391248,1,1
391348,1,1
391447,1,1
391547,1,1
391647,1,1
391747,1,1
391847,1,1
391947,1,1
392047,1,1
392147,1,1
392247,1,1
392347,1,1
392447,1,1
392547,1,1
392647,1,1
392747,1,1
392847,1,1
392947,1,1
393047,1,1
393147,1,1
393247,1,1
393347,1,1
393447,1,1
393547,1,1
393647,1,1
393747,1,1
393847,1,1
393947,1,1
394047,1,1
394147,1,1
394247,1,1
394347,1,1
394447,1,1
394547,1,1
394647,1,1
394747,1,1
394847,1,1
394947,1,1
395047,1,1
395147,1,1
395247,1,1
395347,1,1
395447,1,1
395547,1,1
395647,1,1
395747,1,1
395847,1,1
395947,1,1
396047,1,1
396147,1,1
396247,1,1
396347,1,1
396447,1,1
396547,1,1
396647,1,1
396747,1,1
396847,1,1
396947,1,1
397047,1,1
397147,1,1
397247,1,1
397347,1,1
397447,1,1
397547,1,1
397647,1,1
397747,1,1
397847,1,1
397947,1,1
398047,1,1
398147,1,1
398247,1,1
398347,1,1
398447,1,1
398547,1,1
398647,1,1
398747,1,1
398847,1,1
398947,1,1
399047,1,1
399147,1,1
399247,1,1
399347,1,1
399447,1,1
399547,1,1
399647,1,1
399747,1,1
399847,1,1
399947,1,1
400047,1,1
400147,1,1
400247,1,1
400347,1,1
400447,1,1
400547,1,1
400647,1,1
400747,1,1
400847,1,1
400947,1,1
401047,1,1
401147,1,1
401247,1,1
401347,1,1
401447,1,1
401547,1,1
401647,1,1
401747,1,1
401847,1,1
401947,1,1
402047,1,1
402147,1,1
402247,1,1
402347,1,1
402447,1,1
402547,1,1
402647,1,1
402747,1,1
402847,1,1
402947,1,1
403047,1,1
403147,1,1
403247,1,1
403347,1,1
403447,1,1
403547,1,1
403647,1,1
403747,1,1
403847,0,0
403947,0,0
404047,0,0
404147,0,0
404247,0,0
404347,0,0
404447,0,0
404547,0,0
404647,0,0
404747,0,0
404847,0,0
404947,0,0
405047,0,0
405147,0,0
405247,0,0
405347,0,0
405447,0,0
405547,0,0
405647,0,0
405747,0,0
405847,0,0
405947,0,0
406047,0,0
406147,0,0
406247,0,0
406347,0,0
406447,0,0
406547,0,0
406647,0,0
406747,0,0
406847,0,0
406947,0,0
407047,0,0
407147,0,0
407247,0,0
407347,0,0
407447,0,0
407547,0,0
407647,0,0
407747,0,0
407847,0,0
407947,0,0
408047,0,0
408147,0,0
408247,0,0
408347,0,0
408447,0,0
408547,0,0
408647,0,0
408747,0,0
408847,0,0
408947,0,0
409047,0,0
409147,0,0
409247,0,0
409347,0,0
409447,0,0
409547,0,0
409647,0,0
409747,0,0
409847,0,0
409947,0,0
410047,0,0
410147,0,0
410247,0,0
410347,0,0
410447,0,0
410547,0,0
410647,0,0
410747,0,0
410847,0,0
410947,0,0
411047,0,0
411147,0,0
411247,0,0
411347,0,0
411447,0,0
411547,0,0
411647,0,0
411747,0,0
411847,0,0
411947,0,0
412047,0,0
412147,0,0
412247,0,0
412347,0,0
412447,0,0
412547,0,0
412647,0,0
412747,0,0
412847,0,0
412947,0,0
413047,0,0
413147,0,0
413247,0,0
413347,0,0
413447,0,0
413547,0,0
413647,0,0
413747,0,0
413847,0,0
413947,0,0
414047,0,0
414147,0,0
414247,0,0
414347,0,0
414447,0,0
414547,0,0
414647,0,0
414747,0,0
414847,0,0
414947,0,0
415047,0,0
415147,0,0
415247,0,0
415347,0,0
415447,0,0
415547,0,0
415647,0,0
415747,0,0
415847,0,0
415946,0,0
416046,1,1
416146,1,1
416246,1,1
416346,1,1
416446,1,1
416546,1,1
416646,1,1
416746,1,1
416846,1,1
416946,1,1
417046,1,1
417146,1,1
417246,1,1
417346,1,1
417446,1,1
417546,1,1
417646,1,1
417746,1,1
417846,1,1
417946,1,1
418046,1,1
418146,1,1
418246,1,1
418346,1,1
418446,1,1
418546,1,1
418647,1,1
418747,1,1
418847,1,1
418947,1,1
419047,1,1
419147,1,1
419247,1,1
419347,1,1
419447,1,1
419547,1,1
419647,1,1
419747,1,1
419863,1,1
419963,1,1
420063,1,1
420163,1,1
420263,1,1
420363,1,1
420463,1,1
420563,1,1
420663,1,1
420763,1,1
420863,1,1
420963,1,1
421063,1,1
421163,1,1
421263,1,1
421363,1,1
421463,1,1
421563,1,1
421663,1,1
421763,1,1
421863,1,1
421963,1,1
422063,1,1
422163,1,1
422263,1,1
422363,1,1
422463,1,1
422563,1,1
422663,1,1
422763,1,1
422863,1,1
422963,1,1
423063,1,1
423163,1,1
423263,1,1
423363,1,1
423463,1,1
423563,1,1
423663,1,1
423763,1,1
423863,1,1
423976,1,1
424076,1,1
424176,1,1
424276,1,1
424376,1,1
424476,1,1
424576,1,1
424676,1,1
424776,1,1
424876,1,1
424976,1,1
425076,1,1
425176,1,1
425277,1,1
425377,1,1
425477,1,1
425577,1,1
425677,1,1
425777,1,1
425877,1,1
425977,1,1
426077,1,1
426177,1,1
426277,1,1
426377,1,1
426477,1,1
426577,1,1
426677,1,1
426777,1,1
426877,1,1
426977,1,1
427077,1,1
427177,1,1
427277,1,1
427377,1,1
427477,1,1
427577,1,1
427677,1,1
427777,1,1
427876,1,1
427976,1,1
428076,1,1
428177,1,1
428277,1,1
428377,1,1
428477,1,1
428577,1,1
428677,1,1
428777,1,1
428877,1,1
428977,1,1
429077,1,1
429177,1,1
429277,1,1
429377,1,1
429477,1,1
429577,1,1
429677,1,1
429777,1,1
429877,1,1
429977,1,1
430077,1,1
430177,1,1
430277,1,1
430377,1,1
430477,1,1
430577,1,1
430677,1,1
430777,1,1
430877,1,1
430977,1,1
431078,1,1
431178,1,1
431278,1,1
431378,1,1
431478,1,1
431578,1,1
431678,1,1
431778,1,1
431878,1,1
431987,1,1
432087,1,1
432188,1,1
432288,1,1
432388,1,1
432488,1,1
432588,1,1
432688,1,1
432788,1,1
432888,1,1
432988,1,1
433088,1,1
433188,1,1
433288,1,1
433388,1,1
433488,1,1
433588,1,1
433688,1,1
433788,1,1
433888,1,1
433988,1,1
434088,1,1
434188,1,1
434288,1,1
434388,1,1
434488,1,1
434588,1,1
434688,1,1
434788,1,1
434888,1,1
434988,1,1
435089,1,1
435189,1,1
435289,1,1
435389,1,1
435489,1,1
435589,1,1
435689,1,1
435789,1,1
435890,1,1
435993,1,1
436093,1,1
436193,1,1
436293,1,1
436393,1,1
436493,1,1
436593,1,1
436693,1,1
436793,1,1
436893,1,1
436993,1,1
437093,1,1
437193,1,1
437293,1,1
437394,1,1
437494,1,1
437594,1,1
437694,1,1
437794,1,1
437894,1,1
437994,1,1
438094,1,1
438194,1,1
438294,1,1
438394,1,1
438494,1,1
438594,1,1
438694,1,1
438794,1,1
438894,1,1
438994,1,1
439094,1,1
439194,1,1
439294,1,1
439394,1,1
439494,1,1
439594,1,1
439694,1,1
439794,1,1
439894,1,1
440007,1,1
440107,1,1
440208,1,1
440308,1,1
440408,1,1
440508,1,1
440608,1,1
440708,1,1
440808,1,1
440908,1,1
441008,1,1
441108,1,1
441208,1,1
441308,1,1
441408,1,1
441508,1,1
441608,1,1
441708,1,1
441808,1,1
441908,1,1
442008,1,1
442108,1,1
442208,1,1
442308,1,1
442408,1,1
442508,1,1
442608,1,1
442708,1,1
442808,1,1
442908,1,1
443008,1,1
443109,1,1
443209,1,1
443309,1,1
443409,1,1
443509,1,1
443609,1,1
443709,1,1
443809,1,1
443909,1,1
443999,1,1
444099,1,1
444199,1,1
444299,1,1
444399,1,1
444499,1,1
444599,1,1
444699,1,1
444799,1,1
444899,1,1
444999,1,1
445099,1,1
445199,1,1
445299,1,1
445399,1,1
445499,1,1
445600,1,1
445700,1,1
445800,1,1
445900,1,1
446000,1,1
446100,1,1
446200,1,1
446300,1,1
446400,1,1
446500,1,1
446600,1,1
446700,1,1
446800,1,1
446900,1,1
447000,1,1
447100,1,1
447200,1,1
447300,1,1
447400,1,1
447500,1,1
447600,1,1
447700,1,1
447800,1,1
447929,1,1
448037,1,1
448137,1,1
448237,1,1
448337,1,1
448437,1,1
448537,1,1
448637,1,1
448737,1,1
448837,1,1
448937,1,1
449037,1,1
449137,1,1
449237,1,1
449337,1,1
449437,1,1
449537,1,1
449637,1,1
449737,1,1
449837,1,1
449938,1,1
450038,1,1
450138,1,1
450238,1,1
450338,1,1
450438,1,1
450538,1,1
450638,1,1
450738,1,1
450838,1,1
450938,1,1
451038,1,1
451138,1,1
451238,1,1
451338,1,1
451438,1,1
451538,1,1
451638,1,1
451738,1,1
451838,1,1
451936,1,1
452047,1,1
452147,1,1
452247,1,1
452347,1,1
452447,1,1
452547,1,1
452647,1,1
452747,1,1
452847,1,1
452947,1,1
453047,1,1
453147,1,1
453247,1,1
453347,1,1
453447,1,1
453547,1,1
453648,1,1
453748,1,1
453848,1,1
453948,1,1
454048,1,1
454148,1,1
454248,1,1
454348,1,1
454448,1,1
454548,1,1
454648,1,1
454748,1,1
454848,1,1
454948,1,1
455048,1,1
455148,1,1
455248,1,1
455348,1,1
455448,1,1
455548,1,1
455648,1,1
455748,1,1
455848,1,1
455948,1,1
456052,1,1
456152,1,1
456252,1,1
456352,1,1
456452,1,1
456552,1,1
456652,1,1
456752,1,1
456852,1,1
456952,1,1
457052,1,1
457152,1,1
457252,1,1
457352,1,1
457452,1,1
457552,1,1
457652,1,1
457752,1,1
457852,1,1
457952,1,1
458052,1,1
458152,1,1
458252,1,1
458352,1,1
458452,1,1
458552,1,1
458652,1,1
458752,1,1
458853,1,1
458953,1,1
459053,1,1
459153,1,1
459253,1,1
459353,1,1
459453,1,1
459553,1,1
459653,1,1
459753,1,1
459853,1,1
459953,1,1
460053,1,1
460153,1,1
460253,1,1
460353,1,1
460453,1,1
460553,1,1
460653,1,1
460753,1,1
460853,1,1
460953,1,1
461053,1,1
461153,1,1
461253,1,1
461353,1,1
461453,1,1
461553,1,1
461653,1,1
461753,1,1
461853,1,1
461953,1,1
462053,1,1
462153,1,1
462253,1,1
462353,1,1
462453,1,1
462553,1,1
462653,1,1
462753,1,1
462853,1,1
462953,1,1
463053,1,1
463153,1,1
463253,1,1
463353,1,1
463453,1,1
463553,1,1
463653,1,1
463753,1,1
463853,1,1
463953,1,1
464080,0,0
464180,0,0
464280,0,0
464380,0,0
464480,0,0
464580,0,0
464680,0,0
464780,0,0
464880,0,0
464980,0,0
465080,0,0
465180,0,0
465280,0,0
465381,0,0
465481,0,0
465581,0,0
465681,0,0
465781,0,0
465881,0,0
465981,0,0
466081,0,0
466181,0,0
466281,0,0
466381,0,0
466481,0,0
466581,0,0
466681,0,0
466781,0,0
466881,0,0
466981,0,0
467081,0,0
467181,0,0
467281,0,0
467381,0,0
467481,0,0
467581,0,0
467681,0,0
467781,0,0
467881,0,0
467981,0,0
468081,0,0
468181,0,0
468281,0,0
468381,0,0
468481,0,0
468581,0,0
468681,0,0
468781,0,0
468881,0,0
468981,0,0
469081,0,0
469181,0,0
469281,0,0
469381,0,0
469481,0,0
469581,0,0
469681,0,0
469781,0,0
469881,0,0
469981,0,0
470081,0,0
470181,0,0
470281,0,0
470381,0,0
470481,0,0
470581,0,0
470681,0,0
470781,0,0
470881,0,0
470981,0,0
471081,0,0
471181,0,0
471281,0,0
471381,0,0
471481,0,0
471581,0,0
471681,0,0
471781,0,0
471881,0,0
471981,0,0
472081,1,1
472181,1,1
472281,1,1
472381,1,1
472481,1,1
472581,1,1
472681,1,1
472781,1,1
472881,1,1
472981,1,1
473081,1,1
473181,1,1
473281,1,1
473381,1,1
473481,1,1
473581,1,1
473681,1,1
473781,1,1
473881,1,1
473981,1,1
474081,1,1
474181,1,1
474281,1,1
474381,1,1
474481,1,1
474581,1,1
474681,1,1
474781,1,1
474881,1,1
474981,1,1
475081,1,1
475181,1,1
475281,1,1
475381,1,1
475481,1,1
475581,1,1
475681,1,1
475781,1,1
475881,1,1
475981,1,1
476081,1,1
476181,1,1
476281,1,1
476381,1,1
476481,1,1
476581,1,1
476681,1,1
476781,1,1
476881,1,1
476981,1,1
477081,1,1
477181,1,1
477281,1,1
477381,1,1
477481,1,1
477581,1,1
477681,1,1
477781,1,1
477881,1,1
477981,1,1
478081,1,1
478181,1,1
478281,1,1
478381,1,1
478481,1,1
478581,1,1
478681,1,1
478781,1,1
478881,1,1
478981,1,1
479081,1,1
479181,1,1
479281,1,1
479381,1,1
479481,1,1
479581,1,1
479681,1,1
479781,1,1
479881,1,1
479982,1,1
480082,1,1
480182,1,1
480282,1,1
480382,1,1
480482,1,1
480582,1,1
480682,1,1
480782,1,1
480882,1,1
480982,1,1
481082,1,1
481182,1,1
481282,1,1
481382,1,1
481482,1,1
481582,1,1
481682,1,1
481782,1,1
481882,1,1
481982,1,1
482082,1,1
482182,1,1
482282,1,1
482382,1,1
482482,1,1
482582,1,1
482682,1,1
482782,1,1
482882,1,1
482982,1,1
483082,1,1
483182,1,1
483282,1,1
483382,1,1
483482,1,1
483582,1,1
483682,1,1
483782,1,1
483882,1,1
483982,1,1
484082,1,1
484182,1,1
484282,1,1
484382,1,1
484482,1,1
484582,1,1
484682,1,1
484782,1,1
484882,1,1
484982,1,1
485082,1,1
485182,1,1
485282,1,1
485382,1,1
485482,1,1
485582,1,1
485682,1,1
485782,1,1
485882,1,1
485982,1,1
486082,1,1
486182,1,1
486282,1,1
486382,1,1
486482,1,1
486582,1,1
486682,1,1
486782,1,1
486882,1,1
486982,1,1
487082,1,1
487182,1,1
487282,1,1
487382,1,1
487482,1,1
487582,1,1
487682,1,1
487782,1,1
487882,1,1
487981,1,1
488081,1,1
488181,1,1
488281,1,1
488381,1,1
488481,1,1
488581,1,1
488681,1,1
488781,1,1
488881,1,1
488981,1,1
489081,1,1
489181,1,1
489281,1,1
489381,1,1
489481,1,1
489581,1,1
489681,1,1
489781,1,1
489881,1,1
489981,1,1
490081,1,1
490181,1,1
490281,1,1
490381,1,1
490481,1,1
490581,1,1
490681,1,1
490781,1,1
490881,1,1
490981,1,1
491081,1,1
491181,1,1
491281,1,1
491381,1,1
491481,1,1
491581,1,1
491681,1,1
491781,1,1
491881,1,1
491981,1,1
492081,1,1
492181,1,1
492281,1,1
492381,1,1
492481,1,1
492581,1,1
492681,1,1
492781,1,1
492881,1,1
492981,1,1
493081,1,1
493181,1,1
493281,1,1
493381,1,1
493481,1,1
493581,1,1
493681,1,1
493781,1,1
493881,1,1
493981,1,1
494081,1,1
494181,1,1
494281,1,1
494381,1,1
494481,1,1
494581,1,1
494681,1,1
494781,1,1
494881,1,1
494981,1,1
495081,1,1
495181,1,1
495281,1,1
495381,1,1
495481,1,1
495581,1,1
495681,1,1
495781,1,1
495881,1,1
495981,1,1
496081,1,1
496181,1,1
496281,1,1
496381,1,1
496481,1,1
496581,1,1
496681,1,1
496781,1,1
496881,1,1
496981,1,1
497081,1,1
497181,1,1
497281,1,1
497381,1,1
497481,1,1
497581,1,1
497681,1,1
497781,1,1
497881,1,1
497981,1,1
498081,1,1
498181,1,1
498281,1,1
498381,1,1
498481,1,1
498581,1,1
498681,1,1
498781,1,1
498881,1,1
498981,1,1
499081,1,1
499181,1,1
499281,1,1
499381,1,1
499481,1,1
499581,1,1
499681,1,1
499781,1,1
499881,1,1
499982,1,1
500082,1,1
500182,1,1
500282,1,1
500382,1,1
500482,1,1
500582,1,1
500682,1,1
500782,1,1
500882,1,1
500982,1,1
501082,1,1
501182,1,1
501282,1,1
501382,1,1
501482,1,1
501582,1,1
501682,1,1
501782,1,1
501882,1,1
501982,1,1
502082,1,1
502182,1,1
502282,1,1
502382,1,1
502482,1,1
502582,1,1
502682,1,1
502782,1,1
502882,1,1
502982,1,1
503082,1,1
503182,1,1
503282,1,1
503382,1,1
503482,1,1
503582,1,1
503682,1,1
503782,1,1
503882,1,1
503980,1,1
504080,1,1
504180,1,1
504280,1,1
504380,1,1
504480,1,1
504580,1,1
504680,1,1
504780,1,1
504880,1,1
504980,1,1
505080,1,1
505180,1,1
505280,1,1
505380,1,1
505480,1,1
505580,1,1
505680,1,1
505780,1,1
505880,1,1
505980,1,1
506080,1,1
506180,1,1
506280,1,1
506380,1,1
506480,1,1
506580,1,1
506680,1,1
506780,1,1
506880,1,1
506980,1,1
507080,1,1
507180,1,1
507280,1,1
507380,1,1
507480,1,1
507580,1,1
507680,1,1
507780,1,1
507880,1,1
507980,1,1
508080,1,1
508180,1,1
508280,1,1
508380,1,1
508480,1,1
508580,1,1
508680,1,1
508780,1,1
508880,1,1
508980,1,1
509080,1,1
509180,1,1
509280,1,1
509380,1,1
509480,1,1
509580,1,1
509680,1,1
509780,1,1
509880,1,1
509980,1,1
510080,1,1
510180,1,1
510280,1,1
510380,1,1
510480,1,1
510580,1,1
510680,1,1
510780,1,1
510880,1,1
510980,1,1
511080,1,1
511180,1,1
511280,1,1
511380,1,1
511480,1,1
511580,1,1
511680,1,1
511780,1,1
511880,1,1
511981,1,1
512081,1,1
512181,1,1
512281,1,1
512381,1,1
512481,1,1
512581,1,1
512681,1,1
512781,1,1
512881,1,1
512981,1,1
513081,1,1
513181,1,1
513281,1,1
513381,1,1
513481,1,1
513581,1,1
513681,1,1
513781,1,1
513881,1,1
513981,1,1
514081,1,1
514181,1,1
514281,1,1
514381,1,1
514481,1,1
514581,1,1
514681,1,1
514781,1,1
514881,1,1
514981,1,1
515081,1,1
515181,1,1
515281,1,1
515381,1,1
515481,1,1
515581,1,1
515681,1,1
515781,1,1
515881,1,1
515981,1,1
516081,1,1
516181,1,1
516281,1,1
516381,1,1
516481,1,1
516581,1,1
516681,1,1
516781,1,1
516881,1,1
516981,1,1
517081,1,1
517181,1,1
517281,1,1
517381,1,1
517481,1,1
517581,1,1
517681,1,1
517781,1,1
517881,1,1
517981,1,1
518081,1,1
518181,1,1
518281,1,1
518381,1,1
518481,1,1
518581,1,1
518681,1,1
518781,1,1
518881,1,1
518981,1,1
519081,1,1
519181,1,1
519281,1,1
519381,1,1
519481,1,1
519581,1,1
519681,1,1
519781,1,1
519881,1,1
519981,1,1
520127,0,0
520227,0,0
520327,0,0
520427,0,0
520527,0,0
520627,0,0
520727,0,0
520827,0,0
520927,0,0
521027,0,0
521127,0,0
521227,0,0
521327,0,0
521427,0,0
521527,0,0
521627,0,0
521727,0,0
521827,0,0
521927,0,0
522027,0,0
522128,0,0
522228,0,0
522328,0,0
522428,0,0
522528,0,0
522628,0,0
522728,0,0
522828,0,0
522928,0,0
523028,0,0
523128,0,0
523228,0,0
523328,0,0
523428,0,0
523528,0,0
523628,0,0
523728,0,0
523828,0,0
523928,0,0
524028,0,0
524128,0,0
524228,0,0
524328,0,0
524428,0,0
524528,0,0
524628,0,0
524728,0,0
524828,0,0
524928,0,0
525029,0,0
525129,0,0
525229,0,0
525329,0,0
525429,0,0
525529,0,0
525629,0,0
525729,0,0
525829,0,0
525929,0,0
526029,0,0
526129,0,0
526229,0,0
526329,0,0
526429,0,0
526529,0,0
526629,0,0
526729,0,0
526829,0,0
526929,0,0
527029,0,0
527129,0,0
527229,0,0
527329,0,0
527429,0,0
527529,0,0
527629,0,0
527729,0,0
527829,0,0
527929,0,0
528029,0,0
528129,0,0
528229,0,0
528329,0,0
528429,0,0
528529,0,0
528629,0,0
528729,0,0
528829,0,0
528929,0,0
529029,0,0
529129,0,0
529229,0,0
529329,0,0
529429,0,0
529529,0,0
529629,0,0
529729,0,0
529829,0,0
529929,0,0
530029,0,0
530129,0,0
530229,0,0
530329,0,0
530429,0,0
530529,0,0
530629,0,0
530729,0,0
530829,0,0
530929,0,0
531029,0,0
531129,0,0
531229,0,0
531329,0,0
531429,0,0
531529,0,0
531629,0,0
531729,0,0
531829,0,0
531929,0,0
532029,0,0
532129,0,0
532229,0,0
532329,0,0
532429,0,0
532529,0,0
532629,0,0
532729,0,0
532829,0,0
532929,0,0
533029,0,0
533129,0,0
533229,0,0
533329,0,0
533428,0,0
533528,1,1
533628,1,1
533728,1,1
533828,1,1
533928,1,1
534028,1,1
534128,1,1
534228,1,1
534328,1,1
534428,1,1
534528,1,1
534628,1,1
534728,1,1
534828,1,1
534928,1,1
535028,1,1
535128,1,1
535228,1,1
535328,1,1
535428,1,1
535528,1,1
535628,1,1
535728,1,1
535828,1,1
535928,1,1
536028,1,1
536128,1,1
536228,1,1
536328,1,1
536428,1,1
536528,1,1
536628,1,1
536728,1,1
536828,1,1
536928,1,1
537028,1,1
537128,1,1
537228,1,1
537328,1,1
537429,1,1
537539,1,1
537639,1,1
537739,1,1
537839,1,1
537939,1,1
538039,1,1
538139,1,1
538239,1,1
538339,1,1
538439,1,1
538539,1,1
538640,1,1
538740,1,1
538840,1,1
538940,1,1
539040,1,1
539140,1,1
539240,1,1
539340,1,1
539440,1,1
539540,1,1
539640,1,1
539740,1,1
539840,1,1
539940,1,1
540040,1,1
540140,1,1
540240,1,1
540340,1,1
540440,1,1
540540,1,1
540640,1,1
540740,1,1
540840,1,1
540940,1,1
541040,1,1
541140,1,1
541240,1,1
541340,1,1
541439,1,1
541540,1,1
541640,1,1
541740,1,1
541840,1,1
541940,1,1
542040,1,1
542140,1,1
542240,1,1
542340,1,1
542440,1,1
542540,1,1
542640,1,1
542740,1,1
542840,1,1
542940,1,1
543040,1,1
543140,1,1
543240,1,1
543340,1,1
543440,1,1
543540,1,1
543640,1,1
543740,1,1
543840,1,1
543940,1,1
544040,1,1
544140,1,1
544240,1,1
544340,1,1
544440,1,1
544540,1,1
544640,1,1
544740,1,1
544840,1,1
544940,1,1
545040,1,1
545140,1,1
545240,1,1
545340,1,1
545440,1,1
545540,1,1
545640,1,1
545740,1,1
545840,1,1
545940,1,1
546040,1,1
546140,1,1
546240,1,1
546340,1,1
546440,1,1
546540,1,1
546640,1,1
546740,1,1
546840,1,1
546940,1,1
547040,1,1
547140,1,1
547240,1,1
547340,1,1
547440,1,1
547540,1,1
547640,1,1
547740,1,1
547840,1,1
547940,1,1
548040,1,1
548140,1,1
548240,1,1
548340,1,1
548440,1,1
548540,1,1
548640,1,1
548740,1,1
548840,1,1
548940,1,1
549040,1,1
549140,1,1
549240,1,1
549340,1,1
549439,1,1
549539,1,1
549639,1,1
549739,1,1
549839,1,1
549939,1,1
550039,1,1
550139,1,1
550239,1,1
550339,1,1
550439,1,1
550539,1,1
550639,1,1
550739,1,1
550839,1,1
550939,1,1
551039,1,1
551139,1,1
551239,1,1
551339,1,1
551439,1,1
551539,1,1
551639,1,1
551739,1,1
551839,1,1
551939,1,1
552039,1,1
552139,1,1
552239,1,1
552339,1,1
552439,1,1
552539,1,1
552639,1,1
552739,1,1
552839,1,1
552939,1,1
553039,1,1
553139,1,1
553239,1,1
553339,1,1
553440,1,1
553540,1,1
553640,1,1
553740,1,1
553840,1,1
553940,1,1
554040,1,1
554140,1,1
554240,1,1
554340,1,1
554440,1,1
554540,1,1
554640,1,1
554740,1,1
554840,1,1
554940,1,1
555040,1,1
555140,1,1
555240,1,1
555340,1,1
555440,1,1
555540,1,1
555640,1,1
555740,1,1
555840,1,1
555940,1,1
556040,1,1
556140,1,1
556240,1,1
556340,1,1
556440,1,1
556540,1,1
556640,1,1
556740,1,1
556840,1,1
556940,1,1
557040,1,1
557140,1,1
557240,1,1
557340,1,1
557439,1,1
557539,1,1
557639,1,1
557739,1,1
557839,1,1
557939,1,1
558039,1,1
558139,1,1
558239,1,1
558339,1,1
558439,1,1
558539,1,1
558639,1,1
558739,1,1
558839,1,1
558939,1,1
559039,1,1
559139,1,1
559239,1,1
559339,1,1
559439,1,1
559539,1,1
559639,1,1
559739,1,1
559839,1,1
559939,1,1
560039,1,1
560139,1,1
560239,1,1
560339,1,1
560439,1,1
560539,1,1
560639,1,1
560739,1,1
560839,1,1
560939,1,1
561039,1,1
561139,1,1
561239,1,1
561339,1,1
561439,1,1
561565,1,1
561665,1,1
561765,1,1
561865,1,1
561965,1,1
562065,1,1
562165,1,1
562265,1,1
562365,1,1
562465,1,1
562565,1,1
562665,1,1
562765,1,1
562865,1,1
562965,1,1
563065,1,1
563165,1,1
563265,1,1
563365,1,1
563465,1,1
563565,1,1
563665,1,1
563765,1,1
563865,1,1
563965,1,1
564065,1,1
564165,1,1
564265,1,1
564366,1,1
564466,1,1
564566,1,1
564666,1,1
564766,1,1
564866,1,1
564966,1,1
565066,1,1
565166,1,1
565266,1,1
565366,1,1
565466,1,1
565566,1,1
565666,1,1
565766,1,1
565866,1,1
565966,1,1
566066,1,1
566166,1,1
566266,1,1
566366,1,1
566466,1,1
566566,1,1
566666,1,1
566766,1,1
566866,1,1
566966,1,1
567066,1,1
567166,1,1
567267,1,1
567367,1,1
567467,1,1
567567,1,1
567667,1,1
567767,1,1
567867,1,1
567967,1,1
568067,1,1
568167,1,1
568267,1,1
568367,1,1
568597,1,1
568697,1,1
568797,1,1
568897,1,1
568997,1,1
569097,1,1
569197,1,1
569297,1,1
569397,1,1
569496,1,1
569596,1,1
569696,1,1
569796,1,1
569896,1,1
569997,1,1
570097,1,1
570197,1,1
570297,1,1
570397,1,1
570497,1,1
570597,1,1
570697,1,1
570797,1,1
570897,1,1
570997,1,1
571097,1,1
571197,1,1
571297,1,1
571397,1,1
571497,1,1
571597,1,1
571697,1,1
571797,1,1
571897,1,1
571997,1,1
572097,1,1
572197,1,1
572297,1,1
572397,1,1
572497,1,1
572597,1,1
572697,1,1
572797,1,1
572898,1,1
572998,1,1
573098,1,1
573198,1,1
573298,1,1
573398,1,1
573499,1,1
573599,1,1
573699,1,1
573799,1,1
573899,1,1
573999,1,1
574099,1,1
574199,1,1
574299,1,1
574399,1,1
574499,1,1
574599,1,1
574699,1,1
574799,1,1
574899,1,1
574999,1,1
575099,1,1
575199,1,1
575299,1,1
575399,1,1
575499,1,1
575599,1,1
575699,1,1
575799,1,1
575899,1,1
575999,1,1
576099,1,1
576199,1,1
576299,1,1
576399,1,1
576499,1,1
576599,1,1
576699,1,1
576799,1,1
576899,1,1
576999,1,1
577099,1,1
577199,1,1
577299,1,1
577399,1,1
577499,1,1
577599,1,1
577699,1,1
577799,1,1
577899,1,1
577999,1,1
578099,1,1
578199,1,1
578299,1,1
578399,1,1
578499,1,1
578599,1,1
578699,1,1
578799,1,1
578899,1,1
578999,1,1
579099,1,1
579199,1,1
579299,1,1
579399,1,1
579499,1,1
579599,1,1
579699,1,1
579799,1,1
579899,1,1
579999,1,1
580099,1,1
580199,1,1
580299,1,1
580399,1,1
580499,1,1
580599,1,1
580699,1,1
580799,1,1
580899,1,1
580999,1,1
581099,1,1
581199,1,1
581299,1,1
581399,1,1
581499,1,1
581618,0,0
581718,0,0
581818,0,0
581918,0,0
582018,0,0
582118,0,0
582218,0,0
582318,0,0
582418,0,0
582518,0,0
582618,0,0
582718,0,0
582818,0,0
582918,0,0
583018,0,0
583118,0,0
583218,0,0
583318,0,0
583418,0,0
583518,0,0
583618,0,0
583718,0,0
583818,0,0
583918,0,0
584018,0,0
584118,0,0
584218,0,0
584318,0,0
584419,0,0
584519,0,0
584619,0,0
584719,0,0
584819,0,0
584919,0,0
585019,0,0
585119,0,0
585219,0,0
585319,0,0
585419,0,0
585519,0,0
585619,0,0
585719,0,0
585819,0,0
585919,0,0
586019,0,0
586119,0,0
586219,0,0
586319,0,0
586419,0,0
586519,0,0
586619,0,0
586719,0,0
586819,0,0
586919,0,0
587019,0,0
587119,0,0
587219,0,0
587319,0,0
587419,0,0
587519,0,0
587619,0,0
587719,0,0
587819,0,0
587919,0,0
588019,0,0
588119,0,0
588219,0,0
588319,0,0
588419,0,0
588519,0,0
588619,0,0
588719,0,0
588819,0,0
588919,0,0
589019,0,0
589119,0,0
589219,0,0
589319,0,0
589419,0,0
589519,0,0
589619,0,0
589719,0,0
589819,0,0
589919,0,0
590019,0,0
590119,0,0
590219,0,0
590319,0,0
590419,0,0
590519,0,0
590619,0,0
590719,0,0
590819,0,0
590919,0,0
591019,0,0
591119,0,0
591219,0,0
591319,0,0
591419,0,0
591519,0,0
591619,0,0
591719,0,0
591819,0,0
591919,0,0
592019,0,0
592119,0,0
592219,0,0
592319,0,0
592419,0,0
592519,0,0
592619,0,0
592719,0,0
592819,0,0
592919,0,0
593019,0,0
593119,0,0
593219,0,0
593319,0,0
593419,0,0
593519,0,0
593619,0,0
593719,0,0
593819,0,0
593919,0,0
594019,0,0
594119,0,0
594219,0,0
594319,0,0
594419,0,0
594519,0,0
594619,0,0
594719,0,0
594819,0,0
594919,0,0
595019,0,0
595119,0,0
595219,0,0
595319,0,0
595419,0,0
595519,0,0
595619,0,0
595719,0,0
595819,0,0
595919,0,0
596019,0,0
596119,0,0
596219,0,0
596319,0,0
596419,0,0
596519,0,0
596619,0,0
596719,0,0
596819,0,0
596919,0,0
597019,0,0
597119,0,0
597219,0,0
597319,0,0
597419,0,0
597519,0,0
597619,0,0
597719,0,0
597819,0,0
597919,0,0
598019,0,0
598119,0,0
598219,0,0
598319,0,0
598419,0,0
598519,0,0
598619,0,0
598719,0,0
598819,0,0
598919,0,0
599019,0,0
599119,0,0
599219,0,0
599319,0,0
599419,0,0
599519,0,0
599619,0,0
599719,0,0
599819,0,0
599919,0,0
600019,0,0
600119,0,0
600219,0,0
600319,0,0
600419,0,0
600519,0,0
600619,0,0
